-10.16 -58.97 17.54 -10.16 -58.61 17.09 1.82
-10.16 -58.61 17.09 -10.89 -58.79 16.03 1.82
-10.89 -58.79 16.03 -11.8 -59.15 14.97 1.82
-11.8 -59.15 14.97 -12.89 -59.34 14.29 1.82
-12.89 -59.34 14.29 -13.44 -59.52 13.76 1.82
-13.44 -59.52 13.76 -14.9 -60.61 12.24 1.82
-14.9 -60.61 12.24 -16.54 -60.98 11.94 1.82
-16.54 -60.98 11.94 -20.01 -61.34 11.64 1.82
-20.01 -61.34 11.64 -21.1 -61.89 11.03 1.64
-21.1 -61.89 11.03 -21.65 -62.07 10.8 1.64
-21.65 -62.07 10.8 -23.11 -62.43 10.5 1.64
-23.11 -62.43 10.5 -23.84 -62.62 11.56 1.64
-23.84 -62.62 11.56 -27.67 -63.71 11.56 1.64
-27.67 -63.71 11.56 -28.22 -64.26 11.41 1.64
-28.22 -64.26 11.41 -28.95 -64.62 11.26 1.64
-28.95 -64.62 11.26 -29.86 -65.17 10.8 1.64
-29.86 -65.17 10.8 -30.77 -65.9 10.57 1.64
-30.77 -65.9 10.57 -31.5 -66.26 10.57 1.64
-31.5 -66.26 10.57 -32.6 -66.99 10.27 1.64
-32.6 -66.99 10.27 -33.33 -67.72 10.04 1.64
-33.33 -67.72 10.04 -34.06 -68.99 11.64 1.46
-34.06 -68.99 11.64 -33.88 -69.72 11.71 1.46
-33.88 -69.72 11.71 -33.69 -70.45 11.71 1.46
-33.69 -70.45 11.71 -33.88 -73.0 11.94 1.46
-33.88 -73.0 11.94 -33.88 -73.37 12.09 1.28
-33.88 -73.37 12.09 -34.06 -74.82 12.54 1.28
-34.06 -74.82 12.54 -34.06 -75.73 12.7 1.09
-34.06 -75.73 12.7 -34.61 -77.01 12.85 1.09
-34.61 -77.01 12.85 -34.79 -79.38 13.23 1.09
-34.79 -79.38 13.23 -35.15 -80.29 13.45 0.91
-35.15 -80.29 13.45 -35.52 -82.11 13.6 0.91
-35.52 -82.11 13.6 -35.88 -83.02 13.6 0.91
-33.33 -67.72 10.04 -34.79 -68.45 12.62 0.91
-34.79 -68.45 12.62 -36.06 -68.81 13.15 0.91
-36.06 -68.81 13.15 -36.98 -69.18 13.38 0.91
-36.98 -69.18 13.38 -37.89 -69.36 14.21 0.91
-37.89 -69.36 14.21 -39.53 -69.9 14.59 0.91
-39.53 -69.9 14.59 -40.63 -70.09 14.97 0.91
-40.63 -70.09 14.97 -42.63 -71.0 15.04 0.91
-42.63 -71.0 15.04 -44.09 -71.36 15.57 0.91
-44.09 -71.36 15.57 -45.73 -71.91 16.1 0.91
-45.73 -71.91 16.1 -47.56 -72.09 16.41 0.91
-47.56 -72.09 16.41 -49.02 -72.64 17.01 0.91
-49.02 -72.64 17.01 -50.3 -72.82 17.62 0.91
-50.3 -72.82 17.62 -51.94 -73.37 17.92 0.91
-51.94 -73.37 17.92 -52.85 -73.55 18.15 0.91
-52.85 -73.55 18.15 -54.68 -73.91 18.6 0.91
-54.68 -73.91 18.6 -56.68 -74.64 19.36 0.91
-56.68 -74.64 19.36 -58.51 -74.82 20.12 0.91
-58.51 -74.82 20.12 -60.51 -75.37 20.19 0.91
-60.51 -75.37 20.19 -64.71 -76.28 20.57 0.91
-64.71 -76.28 20.57 -67.26 -77.92 21.26 0.91
-67.26 -77.92 21.26 -69.45 -79.56 21.33 0.91
-69.45 -79.56 21.33 -70.91 -83.21 22.16 0.91
-70.91 -83.21 22.16 -75.47 -86.85 23.38 0.91
-75.47 -86.85 23.38 -76.02 -88.85 24.06 0.91
-76.02 -88.85 24.06 -76.93 -90.13 24.44 0.91
-76.93 -90.13 24.44 -78.94 -92.86 24.74 0.91
-78.94 -92.86 24.74 -81.13 -95.59 24.89 0.91
-81.13 -95.59 24.89 -83.14 -97.78 25.19 0.91
-83.14 -97.78 25.19 -86.06 -100.7 25.65 0.91
-86.06 -100.7 25.65 -91.35 -107.62 26.18 0.91
-91.35 -107.62 26.18 -93.9 -110.17 26.41 0.91
-93.9 -110.17 26.41 -96.46 -113.09 26.79 0.91
-96.46 -113.09 26.79 -99.19 -115.27 27.16 0.91
-99.19 -115.27 27.16 -102.48 -117.46 27.54 0.91
-102.48 -117.46 27.54 -106.49 -120.92 28.0 0.91
-106.49 -120.92 28.0 -109.05 -126.02 28.15 0.91
-109.05 -126.02 28.15 -111.42 -129.12 28.45 0.91
-111.42 -129.12 28.45 -116.71 -130.94 29.36 0.91
-116.71 -130.94 29.36 -121.64 -132.95 29.51 0.91
-121.64 -132.95 29.51 -122.55 -133.49 29.66 0.91
-122.55 -133.49 29.66 -123.82 -134.22 29.82 0.91
-123.82 -134.22 29.82 -125.1 -134.77 30.12 0.91
-125.1 -134.77 30.12 -126.56 -135.31 30.19 0.91
-126.56 -135.31 30.19 -129.48 -136.23 30.5 0.91
-129.48 -136.23 30.5 -130.94 -137.5 31.1 0.91
-130.94 -137.5 31.1 -132.76 -139.14 31.48 0.91
-132.76 -139.14 31.48 -134.95 -141.33 31.78 0.91
-134.95 -141.33 31.78 -137.14 -143.7 31.86 0.91
-137.14 -143.7 31.86 -139.15 -146.06 32.16 0.91
-139.15 -146.06 32.16 -140.25 -148.43 32.31 0.91
-140.25 -148.43 32.31 -142.07 -152.62 32.31 0.91
-142.07 -152.62 32.31 -144.44 -153.72 32.85 0.91
-144.44 -153.72 32.85 -145.72 -153.72 32.85 0.91
-145.72 -153.72 32.85 -147.54 -154.26 33.45 0.91
-147.54 -154.26 33.45 -148.82 -155.36 33.68 0.91
-148.82 -155.36 33.68 -152.83 -158.09 34.13 0.91
-152.83 -158.09 34.13 -154.11 -159.18 34.44 0.91
-154.11 -159.18 34.44 -155.57 -160.09 34.74 0.91
-155.57 -160.09 34.74 -157.03 -160.82 34.97 0.91
-157.03 -160.82 34.97 -159.04 -161.55 35.42 0.91
-159.04 -161.55 35.42 -161.05 -161.73 35.8 0.91
-161.05 -161.73 35.8 -163.05 -162.28 36.03 0.91
-163.05 -162.28 36.03 -164.88 -162.83 36.03 0.91
-164.88 -162.83 36.03 -166.7 -163.19 35.12 0.91
-166.7 -163.19 35.12 -167.43 -163.74 34.59 0.91
-167.43 -163.74 34.59 -168.53 -164.47 35.57 0.91
-168.53 -164.47 35.57 -169.07 -164.83 37.01 0.91
-169.07 -164.83 37.01 -170.17 -165.38 37.54 0.91
-170.17 -165.38 37.54 -171.63 -166.11 38.0 0.91
-171.63 -166.11 38.0 -172.72 -167.02 38.68 0.91
-172.72 -167.02 38.68 -173.82 -167.93 39.28 0.91
-173.82 -167.93 39.28 -175.09 -169.02 39.97 0.91
-175.09 -169.02 39.97 -176.92 -170.48 40.19 0.91
-176.92 -170.48 40.19 -179.29 -171.75 40.72 0.91
-179.29 -171.75 40.72 -180.93 -172.67 41.18 0.91
-180.93 -172.67 41.18 -188.78 -176.67 41.63 0.91
-188.78 -176.67 41.63 -190.6 -177.95 41.78 0.91
-190.6 -177.95 41.78 -192.97 -179.59 42.54 0.91
-192.97 -179.59 42.54 -195.71 -180.68 43.15 0.91
-195.71 -180.68 43.15 -198.63 -182.5 43.68 0.91
-198.63 -182.5 43.68 -202.1 -184.51 43.98 0.91
-202.1 -184.51 43.98 -205.56 -187.24 44.06 0.91
-205.56 -187.24 44.06 -207.02 -189.06 43.37 0.91
-207.02 -189.06 43.37 -207.75 -190.16 43.07 0.91
-207.75 -190.16 43.07 -209.03 -191.43 42.54 0.91
-209.03 -191.43 42.54 -211.4 -193.62 42.24 0.91
-211.4 -193.62 42.24 -213.41 -195.26 41.71 0.91
-213.41 -195.26 41.71 -214.69 -195.99 41.4 0.91
-214.69 -195.99 41.4 -215.96 -196.9 40.95 0.91
-215.96 -196.9 40.95 -217.5 -195.68 40.87 0.91
-217.5 -195.68 40.87 -218.96 -195.13 40.95 0.91
-218.96 -195.13 40.95 -222.25 -194.4 41.25 0.91
-222.25 -194.4 41.25 -225.53 -193.86 41.56 0.91
-225.53 -193.86 41.56 -226.81 -194.22 41.63 0.73
-226.81 -194.22 41.63 -228.09 -194.59 41.86 0.73
-228.09 -194.59 41.86 -229.36 -194.95 41.94 0.73
-229.36 -194.95 41.94 -230.46 -195.13 42.31 0.73
-230.46 -195.13 42.31 -231.55 -195.32 42.47 0.73
-231.55 -195.32 42.47 -233.74 -195.32 42.69 0.73
-233.74 -195.32 42.69 -235.57 -194.4 43.07 0.73
-235.57 -194.4 43.07 -236.48 -192.95 42.31 0.73
-236.48 -192.95 42.31 -237.21 -192.22 42.01 0.55
-237.21 -192.22 42.01 -238.3 -191.31 41.71 0.55
-238.3 -191.31 41.71 -238.3 -190.4 41.71 0.55
-215.96 -196.9 40.95 -216.04 -197.5 41.03 0.91
-216.04 -197.5 41.03 -216.59 -198.05 39.66 0.91
-216.59 -198.05 39.66 -217.14 -198.6 39.21 0.91
-217.14 -198.6 39.21 -218.23 -199.69 38.37 0.91
-218.23 -199.69 38.37 -220.24 -201.33 37.92 0.91
-220.24 -201.33 37.92 -222.06 -203.15 37.62 0.91
-222.06 -203.15 37.62 -225.71 -208.07 37.24 0.91
-225.71 -208.07 37.24 -229.55 -211.9 36.94 0.91
-229.55 -211.9 36.94 -231.92 -213.35 36.63 0.91
-231.92 -213.35 36.63 -234.47 -214.81 36.1 0.91
-234.47 -214.81 36.1 -236.3 -216.09 35.72 0.91
-236.3 -216.09 35.72 -238.49 -217.36 35.04 0.91
-238.49 -217.36 35.04 -240.49 -219.37 34.28 0.91
-240.49 -219.37 34.28 -243.05 -222.28 33.6 0.91
-243.05 -222.28 33.6 -245.42 -224.29 33.3 0.91
-245.42 -224.29 33.3 -248.7 -227.2 33.07 0.91
-248.7 -227.2 33.07 -253.81 -232.67 32.69 0.91
-253.81 -232.67 32.69 -258.37 -237.22 32.09 0.91
-258.37 -237.22 32.09 -262.93 -241.23 31.86 0.91
-262.93 -241.23 31.86 -266.22 -243.96 31.41 0.91
-266.22 -243.96 31.41 -268.59 -245.78 31.25 0.91
-268.59 -245.78 31.25 -272.97 -249.25 30.65 0.91
-272.97 -249.25 30.65 -282.82 -258.17 29.89 0.91
-282.82 -258.17 29.89 -288.66 -262.0 29.89 0.91
-288.66 -262.0 29.89 -294.68 -268.56 29.06 0.91
-294.68 -268.56 29.06 -298.88 -272.75 28.38 0.91
-298.88 -272.75 28.38 -303.62 -277.31 27.85 0.91
-303.62 -277.31 27.85 -309.46 -281.13 27.24 0.91
-309.46 -281.13 27.24 -313.29 -285.14 26.71 0.91
-313.29 -285.14 26.71 -314.39 -285.87 26.41 0.91
-314.39 -285.87 26.41 -327.95 -298.96 25.72 0.91
-327.95 -298.96 25.72 -331.96 -303.15 24.66 0.91
-331.96 -303.15 24.66 -334.88 -304.79 24.36 0.91
-334.88 -304.79 24.36 -342.18 -309.34 23.83 0.91
-342.18 -309.34 23.83 -347.83 -313.35 23.45 0.91
-347.83 -313.35 23.45 -355.5 -318.82 22.62 0.91
-355.5 -318.82 22.62 -362.25 -322.64 21.48 0.91
-362.25 -322.64 21.48 -365.17 -324.28 21.18 0.91
-365.17 -324.28 21.18 -367.72 -325.92 20.57 0.91
-367.72 -325.92 20.57 -369.91 -327.01 20.04 0.91
-369.91 -327.01 20.04 -372.1 -327.74 19.59 0.91
-372.1 -327.74 19.59 -375.75 -329.38 18.83 0.91
-375.75 -329.38 18.83 -378.85 -332.3 18.53 0.91
-378.85 -332.3 18.53 -381.95 -333.94 18.3 0.91
-381.95 -333.94 18.3 -384.32 -335.76 18.0 0.91
-384.32 -335.76 18.0 -387.06 -337.04 17.62 0.91
-387.06 -337.04 17.62 -388.52 -338.31 17.01 0.91
-388.52 -338.31 17.01 -389.98 -339.04 16.56 0.91
-389.98 -339.04 16.56 -391.44 -339.95 15.95 0.91
-391.44 -339.95 15.95 -401.84 -345.05 15.27 0.91
-401.84 -345.05 15.27 -407.13 -347.06 14.82 0.91
-407.13 -347.06 14.82 -411.33 -348.7 13.98 0.91
-411.33 -348.7 13.98 -414.98 -349.97 13.45 0.91
-414.98 -349.97 13.45 -418.62 -351.07 12.85 0.91
-418.62 -351.07 12.85 -422.46 -353.25 12.47 0.91
-422.46 -353.25 12.47 -425.56 -357.81 11.86 0.91
-425.56 -357.81 11.86 -426.83 -360.18 11.64 0.91
-426.83 -360.18 11.64 -428.11 -362.54 11.03 0.91
-428.11 -362.54 11.03 -429.75 -364.18 10.73 0.91
-429.75 -364.18 10.73 -431.21 -365.28 11.41 0.91
-431.21 -365.28 11.41 -433.04 -366.55 11.79 0.91
-433.04 -366.55 11.79 -434.68 -367.65 12.01 0.91
-434.68 -367.65 12.01 -436.87 -369.29 12.24 0.91
-436.87 -369.29 12.24 -438.88 -371.29 12.47 0.91
-438.88 -371.29 12.47 -440.15 -372.56 12.7 0.91
-440.15 -372.56 12.7 -440.7 -373.11 13.07 0.91
-440.7 -373.11 13.07 -444.92 -376.1 13.53 0.91
-444.92 -376.1 13.53 -446.75 -377.56 13.91 0.73
-446.75 -377.56 13.91 -448.94 -378.65 14.13 0.73
-448.94 -378.65 14.13 -450.94 -379.2 13.45 0.73
-450.94 -379.2 13.45 -453.86 -380.29 12.01 0.73
-453.86 -380.29 12.01 -456.78 -382.29 11.48 0.73
-456.78 -382.29 11.48 -460.8 -385.03 10.2 0.73
-460.8 -385.03 10.2 -463.17 -386.85 10.2 0.73
-463.17 -386.85 10.2 -466.45 -388.67 9.44 0.73
-466.45 -388.67 9.44 -471.2 -391.04 8.91 0.73
-471.2 -391.04 8.91 -478.13 -395.96 10.73 0.73
-478.13 -395.96 10.73 -479.77 -393.95 10.8 0.73
-479.77 -393.95 10.8 -481.41 -393.41 11.03 0.73
-481.41 -393.41 11.03 -482.69 -392.68 11.48 0.73
-482.69 -392.68 11.48 -485.24 -391.95 11.79 0.73
-485.24 -391.95 11.79 -486.52 -391.77 12.01 0.73
-486.52 -391.77 12.01 -488.53 -391.59 11.1 0.73
-488.53 -391.59 11.1 -489.81 -391.59 10.88 0.73
-489.81 -391.59 10.88 -491.27 -391.04 10.2 0.73
-491.27 -391.04 10.2 -492.0 -390.49 9.59 0.73
-492.0 -390.49 9.59 -493.46 -389.95 9.67 0.73
-493.46 -389.95 9.67 -494.73 -389.04 10.35 0.73
-478.13 -395.96 10.73 -479.04 -396.87 10.57 0.73
-479.04 -396.87 10.57 -479.41 -398.15 10.2 0.73
-479.41 -398.15 10.2 -479.95 -399.06 9.06 0.73
-479.95 -399.06 9.06 -480.14 -399.97 8.07 0.73
-480.14 -399.97 8.07 -480.5 -401.43 7.32 0.73
-480.5 -401.43 7.32 -480.87 -403.61 6.33 0.73
-480.87 -403.61 6.33 -481.96 -406.34 5.88 0.73
-481.96 -406.34 5.88 -482.87 -407.98 5.27 0.73
-482.87 -407.98 5.27 -483.6 -409.44 4.82 0.73
-483.6 -409.44 4.82 -484.7 -411.81 4.36 0.73
-484.7 -411.81 4.36 -485.97 -413.81 4.29 0.73
-485.97 -413.81 4.29 -486.52 -414.73 3.0 0.73
-486.52 -414.73 3.0 -487.07 -416.18 2.39 0.73
-487.07 -416.18 2.39 -487.98 -417.46 1.86 0.73
-487.98 -417.46 1.86 -489.99 -419.28 1.48 0.73
-489.99 -419.28 1.48 -492.0 -420.92 0.95 0.73
-492.0 -420.92 0.95 -493.46 -421.65 0.73 0.73
-493.46 -421.65 0.73 -494.73 -422.56 0.2 0.73
-494.73 -422.56 0.2 -495.64 -423.29 -0.79 0.73
-495.64 -423.29 -0.79 -496.74 -424.56 -1.24 0.73
-496.74 -424.56 -1.24 -497.29 -425.29 -1.7 0.73
-497.29 -425.29 -1.7 -497.83 -426.2 -2.15 0.73
-497.83 -426.2 -2.15 -498.56 -427.48 -2.61 0.73
-498.56 -427.48 -2.61 -499.66 -428.57 -3.06 0.73
-499.66 -428.57 -3.06 -500.39 -429.48 -3.29 0.73
-500.39 -429.48 -3.29 -500.94 -430.21 -3.89 0.73
-500.94 -430.21 -3.89 -503.49 -434.77 -4.05 0.73
-503.49 -434.77 -4.05 -504.58 -436.04 -4.65 0.73
-504.58 -436.04 -4.65 -505.13 -436.41 -5.03 0.73
-505.13 -436.41 -5.03 -505.31 -437.68 -5.48 0.73
-505.31 -437.68 -5.48 -505.68 -438.41 -5.94 0.73
-505.68 -438.41 -5.94 -506.04 -438.96 -6.32 0.73
-506.04 -438.96 -6.32 -506.59 -439.69 -6.77 0.73
-506.59 -439.69 -6.77 -508.23 -440.42 -7.61 0.73
-508.23 -440.42 -7.61 -508.96 -441.14 -8.59 0.73
-508.96 -441.14 -8.59 -510.24 -442.06 -9.2 0.73
-510.24 -442.06 -9.2 -510.97 -444.61 -10.64 0.73
-510.97 -444.61 -10.64 -511.7 -446.25 -11.77 0.73
-511.7 -446.25 -11.77 -512.25 -447.16 -12.76 0.73
-512.25 -447.16 -12.76 -512.61 -447.52 -13.36 0.73
-512.61 -447.52 -13.36 -513.34 -448.25 -13.97 0.73
-513.34 -448.25 -13.97 -513.71 -448.98 -14.27 0.73
-513.71 -448.98 -14.27 -514.44 -449.89 -14.88 0.73
-514.44 -449.89 -14.88 -515.35 -450.98 -15.63 0.73
-515.35 -450.98 -15.63 -516.26 -452.44 -16.17 0.73
-516.26 -452.44 -16.17 -517.36 -453.72 -16.77 0.73
-517.36 -453.72 -16.77 -518.45 -455.17 -17.07 0.73
-518.45 -455.17 -17.07 -519.55 -456.63 -17.83 0.73
-519.55 -456.63 -17.83 -520.82 -458.27 -18.29 0.73
-520.82 -458.27 -18.29 -521.55 -459.91 -18.74 0.73
-521.55 -459.91 -18.74 -521.92 -461.37 -19.2 0.73
-521.92 -461.37 -19.2 -522.65 -462.97 -19.2 0.73
-522.65 -462.97 -19.2 -522.65 -463.15 -19.5 0.73
-522.65 -463.15 -19.5 -522.83 -463.52 -20.26 0.73
-522.83 -463.52 -20.26 -523.38 -464.61 -20.94 0.73
-523.38 -464.61 -20.94 -523.93 -465.34 -21.69 0.73
-523.93 -465.34 -21.69 -524.29 -465.89 -22.6 0.73
-524.29 -465.89 -22.6 -525.21 -466.43 -23.59 0.73
-525.21 -466.43 -23.59 -526.12 -467.34 -24.27 0.73
-526.12 -467.34 -24.27 -526.67 -468.25 -24.42 0.73
-526.67 -468.25 -24.42 -527.21 -469.17 -22.98 0.73
-527.21 -469.17 -22.98 -528.67 -470.44 -22.0 0.73
-528.67 -470.44 -22.0 -529.04 -470.99 -21.69 0.73
-529.04 -470.99 -21.69 -529.4 -471.72 -21.47 0.73
-529.4 -471.72 -21.47 -529.77 -472.45 -21.16 0.73
-529.77 -472.45 -21.16 -530.32 -473.36 -20.94 0.73
-530.32 -473.36 -20.94 -530.5 -474.08 -20.71 0.73
-530.5 -474.08 -20.71 -530.86 -474.63 -20.41 0.73
-530.86 -474.63 -20.41 -531.04 -475.0 -19.95 0.73
-531.04 -475.0 -19.95 -531.59 -475.72 -19.42 0.73
-531.59 -475.72 -19.42 -531.96 -476.45 -19.42 0.73
8.89 -10.16 -13.36 7.43 -11.8 -13.36 2.01
7.43 -11.8 -13.36 3.97 -14.16 -13.51 2.01
3.97 -14.16 -13.51 2.32 -14.89 -13.67 2.01
2.32 -14.89 -13.67 0.86 -16.71 -13.59 2.01
0.86 -16.71 -13.59 1.05 -17.81 -13.36 1.09
1.05 -17.81 -13.36 1.59 -19.45 -12.98 1.09
1.59 -19.45 -12.98 1.59 -20.36 -13.44 1.09
1.59 -20.36 -13.44 1.78 -27.1 -9.04 1.09
1.78 -27.1 -9.04 1.05 -32.2 -8.21 1.09
1.05 -32.2 -8.21 1.05 -34.39 -7.45 1.09
1.05 -34.39 -7.45 1.05 -36.94 -6.62 1.09
1.05 -36.94 -6.62 -0.05 -40.4 -4.88 1.09
-0.05 -40.4 -4.88 -0.23 -42.04 -3.97 0.91
-0.23 -42.04 -3.97 -0.78 -44.77 -3.14 0.91
-0.78 -44.77 -3.14 -1.14 -46.78 -1.85 0.91
-1.14 -46.78 -1.85 -2.42 -50.24 -0.26 0.91
-2.42 -50.24 -0.26 -3.52 -54.61 0.65 0.91
-3.52 -54.61 0.65 -6.25 -58.99 1.94 0.91
-6.25 -58.99 1.94 -8.26 -62.26 2.62 0.73
-8.26 -62.26 2.62 -9.35 -63.9 3.3 0.73
-9.35 -63.9 3.3 -11.0 -66.09 4.51 0.73
-11.0 -66.09 4.51 -14.28 -70.28 5.65 0.73
-14.28 -70.28 5.65 -18.48 -77.21 5.73 0.73
-18.48 -77.21 5.73 -21.58 -82.31 5.88 0.73
-21.58 -82.31 5.88 -21.69 -83.41 6.86 0.73
-21.69 -83.41 6.86 -21.87 -83.96 6.86 0.73
-21.87 -83.96 6.86 -22.06 -87.06 6.94 0.73
-22.06 -87.06 6.94 -22.06 -89.24 6.94 0.73
-22.06 -89.24 6.94 -21.14 -93.25 7.62 0.73
-21.14 -93.25 7.62 -20.96 -95.99 8.3 0.73
-20.96 -95.99 8.3 -20.6 -100.18 8.53 0.73
-20.6 -100.18 8.53 -20.41 -103.82 9.29 0.73
-20.41 -103.82 9.29 -20.23 -107.1 10.27 0.73
-20.23 -107.1 10.27 -19.87 -111.84 11.1 0.73
-19.87 -111.84 11.1 -19.5 -116.76 12.09 0.73
-19.5 -116.76 12.09 -18.95 -121.68 12.39 0.73
-18.95 -121.68 12.39 -18.41 -125.5 13.23 0.73
-18.41 -125.5 13.23 -18.41 -127.87 14.59 0.73
-18.41 -127.87 14.59 -18.41 -128.23 15.8 0.73
-18.41 -128.23 15.8 -18.95 -130.79 16.26 0.73
-18.95 -130.79 16.26 -19.5 -132.43 17.62 0.73
-19.5 -132.43 17.62 -20.05 -133.7 18.6 0.73
-20.05 -133.7 18.6 -20.23 -134.79 19.89 0.73
-20.23 -134.79 19.89 -20.6 -135.71 20.95 0.73
-20.6 -135.71 20.95 -20.78 -136.62 25.57 0.73
-20.78 -136.62 25.57 -20.96 -138.26 27.09 0.73
-20.96 -138.26 27.09 -20.96 -138.26 29.06 0.73
-21.58 -82.31 5.88 -19.87 -85.42 7.85 0.73
-19.87 -85.42 7.85 -19.14 -86.88 8.3 0.73
-19.14 -86.88 8.3 -18.41 -88.88 7.39 0.73
-18.41 -88.88 7.39 -18.04 -91.79 6.11 0.73
-18.04 -91.79 6.11 -16.58 -95.99 5.04 0.73
-16.58 -95.99 5.04 -15.85 -97.99 3.98 0.73
-15.85 -97.99 3.98 -15.31 -100.18 3.0 0.73
-15.31 -100.18 3.0 -14.21 -104.55 1.71 0.73
-14.21 -104.55 1.71 -13.66 -107.83 0.35 0.73
-13.66 -107.83 0.35 -13.3 -109.65 -0.86 0.73
-13.3 -109.65 -0.86 -12.93 -111.84 -1.24 0.73
-12.93 -111.84 -1.24 -12.75 -115.48 -3.29 0.73
-12.75 -115.48 -3.29 -12.75 -116.76 -4.42 0.73
-12.75 -116.76 -4.42 -12.75 -120.04 -6.01 0.73
-12.75 -120.04 -6.01 -12.2 -123.13 -7.45 0.73
-12.2 -123.13 -7.45 -11.47 -125.14 -9.35 0.73
-11.47 -125.14 -9.35 -7.46 -130.79 -11.01 0.73
2.32 -14.89 -13.67 0.93 -15.82 -12.83 2.01
0.93 -15.82 -12.83 -0.53 -16.36 -12.6 1.28
-0.53 -16.36 -12.6 -0.89 -16.55 -14.27 1.28
-0.89 -16.55 -14.27 -4.36 -19.64 -14.5 1.28
-4.36 -19.64 -14.5 -6.18 -21.83 -13.89 0.91
-6.18 -21.83 -13.89 -6.55 -22.56 -14.04 0.73
-6.55 -22.56 -14.04 -6.91 -23.47 -14.42 0.73
-6.91 -23.47 -14.42 -7.09 -24.2 -16.09 0.73
-7.09 -24.2 -16.09 -7.82 -25.66 -17.07 0.73
-7.82 -25.66 -17.07 -8.37 -27.66 -17.53 0.73
-0.89 -16.55 -14.27 -2.9 -16.73 -13.59 1.28
-2.9 -16.73 -13.59 -5.64 -16.55 -13.14 0.91
-5.64 -16.55 -13.14 -6.36 -17.09 -14.04 0.91
-6.36 -17.09 -14.04 -8.01 -17.28 -14.2 0.91
-8.01 -17.28 -14.2 -13.3 -16.91 -16.17 0.91
-13.3 -16.91 -16.17 -15.67 -17.09 -17.76 0.91
-15.67 -17.09 -17.76 -19.5 -17.09 -19.04 0.91
-19.5 -17.09 -19.04 -25.16 -16.0 -20.71 0.91
-25.16 -16.0 -20.71 -31.91 -13.81 -21.69 0.91
-31.91 -13.81 -21.69 -39.75 -10.35 -23.13 0.91
-39.75 -10.35 -23.13 -52.53 -7.07 -23.97 0.73
-52.53 -7.07 -23.97 -64.2 -4.16 -24.88 0.73
-64.2 -4.16 -24.88 -69.86 -1.79 -26.47 0.73
-69.86 -1.79 -26.47 -94.49 1.31 -28.82 0.73
-94.49 1.31 -28.82 -97.96 0.76 -30.03 0.73
-97.96 0.76 -30.03 -101.24 0.76 -30.71 0.73
17.4147 -2.57057 -15.3802 8.41 -7.98 -17.68 1.64
8.41 -7.98 -17.68 7.68 -8.35 -19.12 1.64
7.68 -8.35 -19.12 7.32 -8.35 -21.01 1.64
7.32 -8.35 -21.01 5.68 -9.44 -24.35 1.64
5.68 -9.44 -24.35 1.66 -8.71 -24.42 1.64
1.66 -8.71 -24.42 -1.8 -7.8 -24.65 1.09
-1.8 -7.8 -24.65 -6.18 -6.89 -24.95 1.09
-6.18 -6.89 -24.95 -8.92 -6.34 -25.18 1.09
-8.92 -6.34 -25.18 -11.29 -5.61 -25.63 1.09
-11.29 -5.61 -25.63 -13.66 -4.7 -26.24 1.09
-13.66 -4.7 -26.24 -16.58 -3.43 -26.47 1.09
-16.58 -3.43 -26.47 -17.86 -2.88 -24.95 1.09
-17.86 -2.88 -24.95 -19.68 -1.97 -25.56 1.09
-19.68 -1.97 -25.56 -23.15 -1.42 -27.68 1.09
-23.15 -1.42 -27.68 -24.06 -1.42 -30.78 1.09
-24.06 -1.42 -30.78 -30.45 -1.79 -31.69 1.09
-30.45 -1.79 -31.69 -31.73 -2.15 -32.53 1.09
-31.73 -2.15 -32.53 -33.37 -2.52 -33.44 1.09
-33.37 -2.52 -33.44 -36.47 -2.33 -34.8 1.09
-36.47 -2.33 -34.8 -37.93 -2.33 -35.94 1.09
-37.93 -2.33 -35.94 -42.86 -1.42 -36.92 1.09
-42.86 -1.42 -36.92 -45.59 -0.88 -38.44 1.09
-45.59 -0.88 -38.44 -46.32 -0.88 -39.65 1.09
-46.32 -0.88 -39.65 -47.96 -0.51 -40.25 1.09
-47.96 -0.51 -40.25 -50.34 0.22 -42.3 1.09
-50.34 0.22 -42.3 -51.43 0.58 -43.66 1.09
-51.43 0.58 -43.66 -53.99 0.22 -44.95 1.09
-53.99 0.22 -44.95 -57.82 0.58 -46.24 1.09
-57.82 0.58 -46.24 -62.01 0.58 -47.3 1.09
-62.01 0.58 -47.3 -65.84 -0.15 -47.83 1.09
-65.84 -0.15 -47.83 -68.58 -0.33 -48.74 1.09
-68.58 -0.33 -48.74 -72.23 0.22 -49.8 1.09
-72.23 0.22 -49.8 -73.51 0.58 -50.93 1.09
-73.51 0.58 -50.93 -75.15 0.94 -51.99 1.09
-75.15 0.94 -51.99 -77.7 1.67 -54.34 1.09
-77.7 1.67 -54.34 -79.71 2.04 -55.71 0.91
-79.71 2.04 -55.71 -81.17 2.4 -56.69 0.91
-81.17 2.4 -56.69 -84.09 2.22 -58.66 0.91
-84.09 2.22 -58.66 -86.83 2.22 -59.72 0.73
-86.83 2.22 -59.72 -89.93 2.58 -61.16 0.73
-89.93 2.58 -61.16 -94.67 2.4 -62.83 0.73
-94.67 2.4 -62.83 -98.14 1.49 -64.27 0.73
-98.14 1.49 -64.27 -102.52 -1.24 -64.87 0.73
-102.52 -1.24 -64.87 -107.63 -5.8 -65.4 0.73
-107.63 -5.8 -65.4 -113.65 -13.81 -66.31 0.73
-113.65 -13.81 -66.31 -118.57 -19.1 -66.92 0.73
-118.57 -19.1 -66.92 -132.8 -22.74 -67.75 0.73
5.68 -9.44 -24.35 0.93 -12.9 -23.44 1.64
0.93 -12.9 -23.44 -5.82 -17.46 -23.13 0.91
-5.82 -17.46 -23.13 -11.66 -20.55 -23.66 0.91
-11.66 -20.55 -23.66 -16.4 -25.29 -23.97 0.73
-16.4 -25.29 -23.97 -19.68 -30.39 -24.72 0.73
-19.68 -30.39 -24.72 -22.42 -35.5 -25.63 0.73
-22.42 -35.5 -25.63 -26.8 -40.23 -26.54 0.73
-26.8 -40.23 -26.54 -32.27 -46.06 -27.15 0.73
-32.27 -46.06 -27.15 -44.5 -53.9 -27.53 0.73
-44.5 -53.9 -27.53 -51.43 -64.65 -28.06 0.73
-51.43 -64.65 -28.06 -58.73 -74.12 -28.51 0.73
-58.73 -74.12 -28.51 -61.47 -80.86 -28.97 0.73
17.4147 -2.57057 -15.3802 26.66 -7.44 -12.23 2.01
26.66 -7.44 -12.23 28.48 -9.08 -11.54 2.01
28.48 -9.08 -11.54 31.59 -11.08 -10.41 2.01
31.59 -11.08 -10.41 32.32 -11.26 -9.27 2.01
32.32 -11.26 -9.27 33.77 -11.81 -10.79 2.01
33.77 -11.81 -10.79 35.23 -12.9 -12.0 2.01
35.23 -12.9 -12.0 36.69 -14.36 -12.98 2.01
36.69 -14.36 -12.98 38.52 -15.82 -14.27 2.01
38.52 -15.82 -14.27 43.81 -20.19 -14.5 2.01
43.81 -20.19 -14.5 45.45 -20.74 -14.73 2.01
45.45 -20.74 -14.73 48.37 -21.83 -15.63 1.28
48.37 -21.83 -15.63 49.65 -22.38 -16.24 1.09
49.65 -22.38 -16.24 50.38 -22.38 -17.53 1.09
50.38 -22.38 -17.53 53.66 -22.74 -18.51 1.09
53.66 -22.74 -18.51 54.94 -24.2 -18.89 1.09
54.94 -24.2 -18.89 56.4 -25.11 -19.5 1.09
56.4 -25.11 -19.5 57.86 -26.39 -20.63 1.09
57.86 -26.39 -20.63 59.87 -27.3 -21.39 1.09
59.87 -27.3 -21.39 61.51 -28.21 -23.06 1.09
61.51 -28.21 -23.06 63.33 -29.66 -23.59 1.09
63.33 -29.66 -23.59 65.16 -31.67 -24.5 1.09
65.16 -31.67 -24.5 66.25 -32.03 -25.48 1.09
66.25 -32.03 -25.48 76.1 -38.77 -26.24 1.09
76.1 -38.77 -26.24 85.04 -43.15 -26.47 0.91
85.04 -43.15 -26.47 93.8 -46.79 -27.07 0.91
93.8 -46.79 -27.07 99.28 -48.61 -27.98 0.91
99.28 -48.61 -27.98 104.02 -50.44 -29.19 0.91
104.02 -50.44 -29.19 106.21 -51.35 -29.42 0.91
106.21 -51.35 -29.42 109.46 -52.48 -30.03 0.91
109.46 -52.48 -30.03 112.75 -53.58 -31.09 0.73
112.75 -53.58 -31.09 115.3 -55.03 -31.85 0.73
115.3 -55.03 -31.85 116.4 -56.13 -33.44 0.73
116.4 -56.13 -33.44 120.41 -57.95 -35.03 0.55
66.25 -32.03 -25.48 71.51 -31.53 -25.18 1.09
71.51 -31.53 -25.18 76.44 -30.98 -25.03 0.73
76.44 -30.98 -25.03 84.28 -31.35 -24.57 0.73
84.28 -31.35 -24.57 103.08 -35.36 -24.35 0.73
103.08 -35.36 -24.35 113.29 -38.09 -24.12 0.73
113.29 -38.09 -24.12 124.97 -39.91 -23.89 0.73
124.97 -39.91 -23.89 136.65 -42.1 -23.74 0.73
136.65 -42.1 -23.74 143.4 -43.92 -23.36 0.73
143.4 -43.92 -23.36 146.32 -44.83 -21.47 0.73
146.32 -44.83 -21.47 148.14 -45.19 -19.04 0.73
148.14 -45.19 -19.04 150.88 -45.56 -18.59 0.73
150.88 -45.56 -18.59 158.54 -45.38 -4.73 0.73
43.81 -20.19 -14.5 46.52 -23.51 -14.2 2.01
46.52 -23.51 -14.2 51.44 -26.25 -14.57 0.73
51.44 -26.25 -14.57 56.92 -29.16 -15.03 0.73
56.92 -29.16 -15.03 61.11 -32.08 -15.71 0.73
61.11 -32.08 -15.71 63.67 -34.81 -15.94 0.73
63.67 -34.81 -15.94 64.76 -35.9 -15.71 0.73
64.76 -35.9 -15.71 67.86 -38.27 -14.5 0.73
67.86 -38.27 -14.5 71.88 -40.64 -12.53 0.73
71.88 -40.64 -12.53 75.71 -43.19 -10.86 0.73
75.71 -43.19 -10.86 79.91 -45.74 -9.42 0.73
79.91 -45.74 -9.42 83.92 -48.84 -8.06 0.73
83.92 -48.84 -8.06 97.42 -56.13 -6.32 0.73
97.42 -56.13 -6.32 111.29 -61.59 -5.94 0.73
111.29 -61.59 -5.94 125.7 -67.6 -5.64 0.73
125.7 -67.6 -5.64 140.12 -74.89 -5.33 0.73
140.12 -74.89 -5.33 141.76 -76.17 -5.33 0.73
141.76 -76.17 -5.33 143.4 -78.72 -5.33 0.73
143.4 -78.72 -5.33 144.86 -82.18 -5.03 0.73
144.86 -82.18 -5.03 145.59 -84.91 -5.03 0.73
145.59 -84.91 -5.03 147.05 -89.83 -4.73 0.73
147.05 -89.83 -4.73 148.33 -94.02 -4.5 0.73
17.4147 -2.57057 -15.3802 27.18 -4.02 -11.92 1.28
27.18 -4.02 -11.92 29.18 -4.93 -11.09 1.28
29.18 -4.93 -11.09 29.91 -5.47 -10.41 1.28
29.91 -5.47 -10.41 31.01 -6.2 -9.04 1.28
31.01 -6.2 -9.04 31.19 -6.2 -7.3 1.28
31.19 -6.2 -7.3 34.11 -6.93 -3.67 1.28
34.11 -6.93 -3.67 36.12 -7.48 -2.91 1.28
36.12 -7.48 -2.91 43.6 -6.75 -2.23 1.28
43.6 -6.75 -2.23 48.16 -7.3 -1.55 1.09
48.16 -7.3 -1.55 54.55 -8.39 -0.94 1.09
54.55 -8.39 -0.94 60.02 -9.48 -0.26 1.09
60.02 -9.48 -0.26 66.22 -10.39 0.58 1.09
66.22 -10.39 0.58 73.52 -12.4 0.65 0.73
73.52 -12.4 0.65 76.99 -13.86 1.18 0.73
76.99 -13.86 1.18 84.47 -16.77 2.24 0.73
84.47 -16.77 2.24 89.76 -18.96 2.39 0.73
89.76 -18.96 2.39 97.42 -20.78 3.08 0.73
97.42 -20.78 3.08 115.12 -23.69 3.68 0.73
115.12 -23.69 3.68 121.51 -24.06 3.83 0.55
121.51 -24.06 3.83 128.44 -24.42 3.98 0.55
36.12 -7.48 -2.91 41.04 -9.3 -2.61 1.28
41.04 -9.3 -2.61 42.87 -10.58 -3.29 0.73
42.87 -10.58 -3.29 45.24 -12.4 -3.97 0.73
45.24 -12.4 -3.97 47.43 -14.95 -4.95 0.73
47.43 -14.95 -4.95 48.34 -16.22 -6.24 0.73
48.34 -16.22 -6.24 49.62 -17.14 -5.71 0.73
49.62 -17.14 -5.71 51.08 -18.41 -4.95 0.73
51.08 -18.41 -4.95 52.54 -19.14 -3.21 0.73
52.54 -19.14 -3.21 53.63 -19.87 -1.09 0.73
53.63 -19.87 -1.09 54.91 -20.42 0.8 0.73
54.91 -20.42 0.8 56.19 -20.78 2.09 0.73
56.19 -20.78 2.09 57.46 -21.14 3.61 0.73
57.46 -21.14 3.61 58.19 -21.33 5.58 0.73
58.19 -21.33 5.58 59.84 -21.51 8.0 0.73
59.84 -21.51 8.0 63.49 -21.51 18.45 0.73
63.49 -21.51 18.45 67.86 -21.87 18.98 0.55
17.4147 -2.57057 -15.3802 16.59 -11.31 -19.35 1.28
16.59 -11.31 -19.35 17.87 -13.67 -19.35 1.28
17.87 -13.67 -19.35 19.33 -14.95 -19.35 1.28
19.33 -14.95 -19.35 21.52 -18.05 -19.95 1.28
21.52 -18.05 -19.95 23.53 -20.96 -20.33 1.28
23.53 -20.96 -20.33 24.62 -22.97 -20.79 1.28
24.62 -22.97 -20.79 24.81 -25.33 -21.39 1.28
24.81 -25.33 -21.39 25.72 -29.71 -22.0 1.28
25.72 -29.71 -22.0 26.63 -33.72 -22.68 1.28
26.63 -33.72 -22.68 28.45 -41.91 -23.59 1.28
28.45 -41.91 -23.59 30.83 -44.47 -24.27 1.09
30.83 -44.47 -24.27 34.66 -49.02 -25.41 1.09
34.66 -49.02 -25.41 37.21 -52.3 -26.69 1.09
37.21 -52.3 -26.69 39.77 -55.22 -27.68 1.09
39.77 -55.22 -27.68 42.14 -57.95 -28.89 1.09
42.14 -57.95 -28.89 43.05 -59.04 -29.65 1.09
43.05 -59.04 -29.65 43.6 -59.77 -30.94 1.09
43.6 -59.77 -30.94 44.69 -61.96 -32.83 1.09
44.69 -61.96 -32.83 45.6 -66.51 -34.35 1.09
45.6 -66.51 -34.35 46.15 -69.97 -36.31 1.09
46.15 -69.97 -36.31 46.52 -72.89 -38.06 1.09
46.52 -72.89 -38.06 47.06 -75.62 -39.19 1.09
47.06 -75.62 -39.19 48.34 -81.45 -40.71 1.09
48.34 -81.45 -40.71 48.89 -82.91 -42.3 0.91
48.89 -82.91 -42.3 49.62 -85.28 -43.51 0.91
49.62 -85.28 -43.51 50.53 -87.65 -44.19 0.91
50.53 -87.65 -44.19 51.26 -91.11 -45.71 0.91
51.26 -91.11 -45.71 51.63 -94.93 -47.6 0.91
51.63 -94.93 -47.6 51.26 -100.22 -49.04 0.91
51.26 -100.22 -49.04 51.26 -101.68 -50.33 0.91
51.26 -101.68 -50.33 51.26 -103.68 -51.46 0.91
51.26 -103.68 -51.46 51.63 -105.32 -52.15 0.91
51.63 -105.32 -52.15 51.81 -106.78 -53.81 0.91
51.81 -106.78 -53.81 52.36 -108.42 -55.48 0.91
52.36 -108.42 -55.48 52.9 -110.24 -60.63 0.91
52.9 -110.24 -60.63 53.27 -111.7 -60.63 0.73
17.4147 -2.57057 -15.3802 8.18 5.33 -10.41 6.57
8.18 5.33 -10.41 7.45 6.97 -10.71 6.57
7.45 6.97 -10.71 6.9 9.52 -10.79 6.57
6.9 9.52 -10.79 6.72 10.06 -9.65 5.84
6.72 10.06 -9.65 6.54 10.97 -8.29 5.84
6.54 10.97 -8.29 6.54 16.8 -7.38 5.84
6.54 16.8 -7.38 6.35 18.44 -6.77 5.11
6.35 18.44 -6.77 5.99 25.91 -5.56 5.11
5.99 25.91 -5.56 4.89 29.38 -4.88 4.93
4.89 29.38 -4.88 3.07 35.57 -4.5 4.93
3.07 35.57 -4.5 1.79 38.85 -3.82 4.38
1.79 38.85 -3.82 1.06 41.4 -2.91 4.38
1.06 41.4 -2.91 0.15 44.68 -2.23 4.38
0.15 44.68 -2.23 -1.31 51.42 -0.86 4.38
-1.31 51.42 -0.86 -4.59 61.26 0.42 4.38
-4.59 61.26 0.42 -5.87 64.36 1.48 4.38
-5.87 64.36 1.48 -7.33 66.54 2.24 3.83
-7.33 66.54 2.24 -9.16 70.55 4.06 3.83
-9.16 70.55 4.06 -12.44 72.37 7.32 3.65
-12.44 72.37 7.32 -15.18 73.83 7.85 0.91
-15.18 73.83 7.85 -20.29 76.2 8.61 0.91
-20.29 76.2 8.61 -26.49 79.66 9.06 0.91
-26.49 79.66 9.06 -29.23 80.94 10.27 0.91
-29.23 80.94 10.27 -30.32 81.67 11.18 0.55
-30.32 81.67 11.18 -31.42 82.4 11.71 0.55
-31.42 82.4 11.71 -34.33 83.67 13.23 0.55
-34.33 83.67 13.23 -36.34 84.4 14.67 0.55
-36.34 84.4 14.67 -38.17 85.13 16.33 0.55
-38.17 85.13 16.33 -41.27 86.95 17.62 0.55
-41.27 86.95 17.62 -45.65 89.87 18.91 0.55
-45.65 89.87 18.91 -50.21 92.23 20.19 0.55
-50.21 92.23 20.19 -56.05 93.87 21.63 0.55
-56.05 93.87 21.63 -59.51 94.97 22.24 0.55
-59.51 94.97 22.24 -64.26 96.43 23.3 0.55
-64.26 96.43 23.3 -68.64 98.07 24.06 0.55
-68.64 98.07 24.06 -73.93 100.25 24.66 0.55
-9.16 70.55 4.06 -11.35 76.38 5.58 3.65
-11.35 76.38 5.58 -12.99 81.48 6.11 2.19
-12.99 81.48 6.11 -14.08 87.32 6.56 2.19
-14.08 87.32 6.56 -19.74 96.24 7.24 2.19
-19.74 96.24 7.24 -22.66 103.17 8.23 2.19
-22.66 103.17 8.23 -25.03 106.63 8.45 2.19
-25.03 106.63 8.45 -25.58 108.09 9.06 2.19
-25.58 108.09 9.06 -26.12 109.36 9.67 2.19
-26.12 109.36 9.67 -29.75 118.05 11.33 2.19
-29.75 118.05 11.33 -31.94 121.87 9.67 2.19
-31.94 121.87 9.67 -33.22 123.69 7.39 2.19
-33.22 123.69 7.39 -31.76 126.06 6.79 2.19
-31.76 126.06 6.79 -27.93 128.43 6.48 0.91
-27.93 128.43 6.48 -25.74 132.26 5.8 0.91
-25.74 132.26 5.8 -24.46 138.45 5.2 0.91
-24.46 138.45 5.2 -24.1 144.28 4.74 0.91
-24.1 144.28 4.74 -22.27 151.75 4.36 0.91
-22.27 151.75 4.36 -21.54 157.22 3.98 0.91
-21.54 157.22 3.98 -21.18 159.22 3.53 0.91
-21.18 159.22 3.53 -23.0 166.51 3.15 0.91
-23.0 166.51 3.15 -26.29 173.8 2.77 0.91
-26.29 173.8 2.77 -29.39 182.18 2.62 0.91
-29.39 182.18 2.62 -29.2 191.84 2.47 0.91
-29.2 191.84 2.47 -29.39 194.75 2.09 0.91
-29.39 194.75 2.09 -29.75 196.94 1.94 0.91
-29.75 196.94 1.94 -29.74 201.48 6.33 0.91
-29.74 201.48 6.33 -31.56 203.48 7.39 0.91
-31.56 203.48 7.39 -31.93 204.58 8.0 0.55
-31.93 204.58 8.0 -32.11 204.76 4.44 0.55
-32.11 204.76 4.44 -32.84 205.85 2.39 0.55
-32.84 205.85 2.39 -32.84 206.4 1.18 0.55
-32.84 206.4 1.18 -35.76 211.68 -0.03 0.55
-29.74 201.48 6.33 -28.96 203.02 6.26 0.91
-28.96 203.02 6.26 -28.96 204.48 6.94 0.91
-28.96 204.48 6.94 -28.23 205.39 7.77 0.91
-28.23 205.39 7.77 -27.5 206.3 7.77 0.91
-27.5 206.3 7.77 -26.95 206.85 6.26 0.91
-26.95 206.85 6.26 -26.4 207.39 4.82 0.91
-26.4 207.39 4.82 -25.85 207.58 4.29 0.91
-25.85 207.58 4.29 -24.76 207.58 3.45 0.55
-24.76 207.58 3.45 -23.66 207.76 2.09 0.55
-23.66 207.76 2.09 -22.75 208.12 1.56 0.55
-22.75 208.12 1.56 -20.75 209.03 1.41 0.55
-20.75 209.03 1.41 -18.56 209.58 2.62 0.55
-18.56 209.58 2.62 -16.0 209.58 2.92 0.55
-16.0 209.58 2.92 -12.53 211.22 3.08 0.55
-33.22 123.69 7.39 -39.04 129.51 7.62 2.19
-39.04 129.51 7.62 -43.42 131.15 8.0 2.37
-43.42 131.15 8.0 -49.63 133.52 8.23 0.91
-49.63 133.52 8.23 -55.65 135.16 8.3 0.91
-55.65 135.16 8.3 -63.49 138.44 8.38 0.91
-63.49 138.44 8.38 -70.79 142.26 7.54 0.91
-70.79 142.26 7.54 -73.53 144.08 6.71 0.91
-73.53 144.08 6.71 -75.17 145.36 6.03 0.91
-75.17 145.36 6.03 -77.36 147.36 5.35 0.91
-77.36 147.36 5.35 -79.37 150.28 4.82 0.91
-79.37 150.28 4.82 -81.19 153.38 4.44 0.91
-81.19 153.38 4.44 -82.1 158.66 4.36 0.91
-82.1 158.66 4.36 -81.55 162.49 3.45 0.91
-81.55 162.49 3.45 -80.83 164.49 3.0 0.91
-80.83 164.49 3.0 -79.0 168.32 3.0 0.91
-79.0 168.32 3.0 -78.82 171.05 3.45 0.55
-78.82 171.05 3.45 -78.09 175.24 3.76 0.55
-78.09 175.24 3.76 -78.27 178.7 4.14 0.55
-78.27 178.7 4.14 -79.18 180.71 4.36 0.55
-39.04 129.51 7.62 -39.41 132.61 7.62 2.37
-39.41 132.61 7.62 -41.05 136.98 7.85 1.28
-41.05 136.98 7.85 -41.96 140.44 8.15 1.28
-41.96 140.44 8.15 -42.87 143.17 8.61 1.28
-42.87 143.17 8.61 -43.42 145.18 9.14 1.28
-43.42 145.18 9.14 -45.25 149.0 9.97 1.28
-45.25 149.0 9.97 -46.16 153.92 12.01 1.28
-46.16 153.92 12.01 -46.52 156.11 12.39 1.28
-46.52 156.11 12.39 -47.07 163.03 13.23 1.28
-47.07 163.03 13.23 -46.89 166.13 14.51 1.28
-46.89 166.13 14.51 -47.25 167.77 15.2 1.28
-47.25 167.77 15.2 -48.35 170.69 16.03 1.28
-48.35 170.69 16.03 -51.09 174.51 16.79 1.28
-51.09 174.51 16.79 -52.0 178.89 17.24 1.28
-52.0 178.89 17.24 -52.18 183.8 17.7 1.28
-52.18 183.8 17.7 -52.36 187.45 19.29 1.28
-52.36 187.45 19.29 -52.36 192.55 20.8 1.28
-52.36 192.55 20.8 -52.54 197.47 22.01 1.28
-52.54 197.47 22.01 -51.82 200.38 22.69 0.91
-51.82 200.38 22.69 -48.53 211.86 23.07 0.91
-48.53 211.86 23.07 -50.54 220.97 23.6 0.91
-50.54 220.97 23.6 -53.46 225.35 23.98 0.91
-53.46 225.35 23.98 -58.2 235.73 24.44 0.91
-58.2 235.73 24.44 -62.03 251.22 25.42 0.91
-62.03 251.22 25.42 -71.7 269.26 25.8 0.91
-71.7 269.26 25.8 -72.98 277.82 26.71 0.91
-72.98 277.82 26.71 -78.45 291.67 27.39 0.91
-78.45 291.67 27.39 -79.91 296.59 27.92 0.91
-79.91 296.59 27.92 -80.1 298.04 28.15 0.91
-80.1 298.04 28.15 -85.03 315.56 29.36 0.91
-85.03 315.56 29.36 -88.31 327.03 29.59 0.91
-88.31 327.03 29.59 -88.5 330.31 28.6 0.91
-88.5 330.31 28.6 -88.5 331.77 27.47 0.91
-88.5 331.77 27.47 -88.5 333.59 26.48 0.91
-88.5 333.59 26.48 -89.04 335.6 25.88 0.91
-89.04 335.6 25.88 -90.5 337.6 25.35 0.91
-90.5 337.6 25.35 -91.96 339.61 24.82 0.91
-91.96 339.61 24.82 -95.98 340.88 25.19 0.91
-95.98 340.88 25.19 -98.35 343.98 26.18 0.91
-98.35 343.98 26.18 -103.46 347.08 27.09 0.91
-103.46 347.08 27.09 -120.97 361.29 27.62 0.91
-120.97 361.29 27.62 -137.76 382.06 28.07 0.91
-137.76 382.06 28.07 -141.04 387.71 28.98 0.91
-141.04 387.71 28.98 -143.41 389.71 29.44 0.73
-143.41 389.71 29.44 -145.79 392.44 30.04 0.73
-145.79 392.44 30.04 -148.54 393.51 30.88 0.73
-91.96 339.61 24.82 -92.34 341.95 24.82 0.91
-92.34 341.95 24.82 -91.8 343.95 24.36 0.91
-91.8 343.95 24.36 -90.88 347.23 23.6 0.91
-90.88 347.23 23.6 -88.88 349.6 22.54 0.91
-88.88 349.6 22.54 -86.14 351.79 21.86 0.91
-86.14 351.79 21.86 -84.5 353.24 20.65 0.91
-84.5 353.24 20.65 -83.59 354.34 20.5 0.91
-83.59 354.34 20.5 -82.31 355.8 19.51 0.91
-82.31 355.8 19.51 -80.85 357.62 18.45 0.91
-80.85 357.62 18.45 -78.66 360.9 17.47 0.91
-78.66 360.9 17.47 -73.92 368.37 16.71 0.91
-73.92 368.37 16.71 -69.54 373.65 16.03 0.91
-69.54 373.65 16.03 -60.6 384.77 16.03 0.91
-60.6 384.77 16.03 -59.14 388.77 16.86 0.91
-59.14 388.77 16.86 -58.41 398.07 17.32 0.91
-58.41 398.07 17.32 -59.5 408.63 17.85 0.91
-59.5 408.63 17.85 -63.7 419.93 18.3 0.91
-63.7 419.93 18.3 -65.71 426.67 18.76 0.91
-65.71 426.67 18.76 -64.98 428.31 18.98 0.73
