-10.16 -58.97 17.54 -10.16 -58.61 17.09 1.82
-10.16 -58.61 17.09 -10.89 -58.79 16.03 1.82
-10.89 -58.79 16.03 -11.8 -59.15 14.97 1.82
-11.8 -59.15 14.97 -12.89 -59.34 14.29 1.82
-12.89 -59.34 14.29 -13.44 -59.52 13.76 1.82
-13.44 -59.52 13.76 -14.9 -60.61 12.24 1.82
-14.9 -60.61 12.24 -16.54 -60.98 11.94 1.82
-16.54 -60.98 11.94 -20.01 -61.34 11.64 1.82
-20.01 -61.34 11.64 -21.1 -61.89 11.03 1.64
-21.1 -61.89 11.03 -21.65 -62.07 10.8 1.64
-21.65 -62.07 10.8 -23.11 -62.43 10.5 1.64
-23.11 -62.43 10.5 -23.84 -62.62 11.56 1.64
-23.84 -62.62 11.56 -27.67 -63.71 11.56 1.64
-27.67 -63.71 11.56 -28.22 -64.26 11.41 1.64
-28.22 -64.26 11.41 -28.95 -64.62 11.26 1.64
-28.95 -64.62 11.26 -29.86 -65.17 10.8 1.64
-29.86 -65.17 10.8 -30.77 -65.9 10.57 1.64
-30.77 -65.9 10.57 -31.5 -66.26 10.57 1.64
-31.5 -66.26 10.57 -32.6 -66.99 10.27 1.64
-32.6 -66.99 10.27 -33.33 -67.72 10.04 1.64
-33.33 -67.72 10.04 -34.06 -68.99 11.64 1.46
-34.06 -68.99 11.64 -33.88 -69.72 11.71 1.46
-33.88 -69.72 11.71 -33.69 -70.45 11.71 1.46
-33.69 -70.45 11.71 -33.88 -73.0 11.94 1.46
-33.88 -73.0 11.94 -33.88 -73.37 12.09 1.28
-33.88 -73.37 12.09 -34.06 -74.82 12.54 1.28
-34.06 -74.82 12.54 -34.06 -75.73 12.7 1.09
-34.06 -75.73 12.7 -34.61 -77.01 12.85 1.09
-34.61 -77.01 12.85 -34.79 -79.38 13.23 1.09
-34.79 -79.38 13.23 -35.15 -80.29 13.45 0.91
-35.15 -80.29 13.45 -35.52 -82.11 13.6 0.91
-35.52 -82.11 13.6 -35.88 -83.02 13.6 0.91
-33.33 -67.72 10.04 -34.79 -68.45 12.62 0.91
-34.79 -68.45 12.62 -36.06 -68.81 13.15 0.91
-36.06 -68.81 13.15 -36.98 -69.18 13.38 0.91
-36.98 -69.18 13.38 -37.89 -69.36 14.21 0.91
-37.89 -69.36 14.21 -39.53 -69.9 14.59 0.91
-39.53 -69.9 14.59 -40.63 -70.09 14.97 0.91
-40.63 -70.09 14.97 -42.63 -71.0 15.04 0.91
-42.63 -71.0 15.04 -44.09 -71.36 15.57 0.91
-44.09 -71.36 15.57 -45.73 -71.91 16.1 0.91
-45.73 -71.91 16.1 -47.56 -72.09 16.41 0.91
-47.56 -72.09 16.41 -49.02 -72.64 17.01 0.91
-49.02 -72.64 17.01 -50.3 -72.82 17.62 0.91
-50.3 -72.82 17.62 -51.94 -73.37 17.92 0.91
-51.94 -73.37 17.92 -52.85 -73.55 18.15 0.91
-52.85 -73.55 18.15 -54.68 -73.91 18.6 0.91
-54.68 -73.91 18.6 -56.68 -74.64 19.36 0.91
-56.68 -74.64 19.36 -58.51 -74.82 20.12 0.91
-58.51 -74.82 20.12 -60.51 -75.37 20.19 0.91
-60.51 -75.37 20.19 -64.71 -76.28 20.57 0.91
-64.71 -76.28 20.57 -67.26 -77.92 21.26 0.91
-67.26 -77.92 21.26 -69.45 -79.56 21.33 0.91
-69.45 -79.56 21.33 -70.91 -83.21 22.16 0.91
-70.91 -83.21 22.16 -75.47 -86.85 23.38 0.91
-75.47 -86.85 23.38 -76.02 -88.85 24.06 0.91
-76.02 -88.85 24.06 -76.93 -90.13 24.44 0.91
-76.93 -90.13 24.44 -78.94 -92.86 24.74 0.91
-78.94 -92.86 24.74 -81.13 -95.59 24.89 0.91
-81.13 -95.59 24.89 -83.14 -97.78 25.19 0.91
-83.14 -97.78 25.19 -86.06 -100.7 25.65 0.91
-86.06 -100.7 25.65 -91.35 -107.62 26.18 0.91
-91.35 -107.62 26.18 -93.9 -110.17 26.41 0.91
-93.9 -110.17 26.41 -96.46 -113.09 26.79 0.91
-96.46 -113.09 26.79 -99.19 -115.27 27.16 0.91
-99.19 -115.27 27.16 -102.48 -117.46 27.54 0.91
-102.48 -117.46 27.54 -106.49 -120.92 28.0 0.91
-106.49 -120.92 28.0 -109.05 -126.02 28.15 0.91
-109.05 -126.02 28.15 -111.42 -129.12 28.45 0.91
-111.42 -129.12 28.45 -116.71 -130.94 29.36 0.91
-116.71 -130.94 29.36 -121.64 -132.95 29.51 0.91
-121.64 -132.95 29.51 -122.55 -133.49 29.66 0.91
-122.55 -133.49 29.66 -123.82 -134.22 29.82 0.91
-123.82 -134.22 29.82 -125.1 -134.77 30.12 0.91
-125.1 -134.77 30.12 -126.56 -135.31 30.19 0.91
-126.56 -135.31 30.19 -129.48 -136.23 30.5 0.91
-129.48 -136.23 30.5 -130.94 -137.5 31.1 0.91
-130.94 -137.5 31.1 -132.76 -139.14 31.48 0.91
-132.76 -139.14 31.48 -134.95 -141.33 31.78 0.91
-134.95 -141.33 31.78 -137.14 -143.7 31.86 0.91
-137.14 -143.7 31.86 -139.15 -146.06 32.16 0.91
-139.15 -146.06 32.16 -140.25 -148.43 32.31 0.91
-140.25 -148.43 32.31 -142.07 -152.62 32.31 0.91
-142.07 -152.62 32.31 -144.44 -153.72 32.85 0.91
-144.44 -153.72 32.85 -145.72 -153.72 32.85 0.91
-145.72 -153.72 32.85 -147.54 -154.26 33.45 0.91
-147.54 -154.26 33.45 -148.82 -155.36 33.68 0.91
-148.82 -155.36 33.68 -152.83 -158.09 34.13 0.91
-152.83 -158.09 34.13 -154.11 -159.18 34.44 0.91
-154.11 -159.18 34.44 -155.57 -160.09 34.74 0.91
-155.57 -160.09 34.74 -157.03 -160.82 34.97 0.91
-157.03 -160.82 34.97 -159.04 -161.55 35.42 0.91
-159.04 -161.55 35.42 -161.05 -161.73 35.8 0.91
-161.05 -161.73 35.8 -163.05 -162.28 36.03 0.91
-163.05 -162.28 36.03 -164.88 -162.83 36.03 0.91
-164.88 -162.83 36.03 -166.7 -163.19 35.12 0.91
-166.7 -163.19 35.12 -167.43 -163.74 34.59 0.91
-167.43 -163.74 34.59 -168.53 -164.47 35.57 0.91
-168.53 -164.47 35.57 -169.07 -164.83 37.01 0.91
-169.07 -164.83 37.01 -170.17 -165.38 37.54 0.91
-170.17 -165.38 37.54 -171.63 -166.11 38.0 0.91
-171.63 -166.11 38.0 -172.72 -167.02 38.68 0.91
-172.72 -167.02 38.68 -173.82 -167.93 39.28 0.91
-173.82 -167.93 39.28 -175.09 -169.02 39.97 0.91
-175.09 -169.02 39.97 -176.92 -170.48 40.19 0.91
-176.92 -170.48 40.19 -179.29 -171.75 40.72 0.91
-179.29 -171.75 40.72 -180.93 -172.67 41.18 0.91
-180.93 -172.67 41.18 -188.78 -176.67 41.63 0.91
-188.78 -176.67 41.63 -190.6 -177.95 41.78 0.91
-190.6 -177.95 41.78 -192.97 -179.59 42.54 0.91
-192.97 -179.59 42.54 -195.71 -180.68 43.15 0.91
-195.71 -180.68 43.15 -198.63 -182.5 43.68 0.91
-198.63 -182.5 43.68 -202.1 -184.51 43.98 0.91
-202.1 -184.51 43.98 -205.56 -187.24 44.06 0.91
-205.56 -187.24 44.06 -207.02 -189.06 43.37 0.91
-207.02 -189.06 43.37 -207.75 -190.16 43.07 0.91
-207.75 -190.16 43.07 -209.03 -191.43 42.54 0.91
-209.03 -191.43 42.54 -211.4 -193.62 42.24 0.91
-211.4 -193.62 42.24 -213.41 -195.26 41.71 0.91
-213.41 -195.26 41.71 -214.69 -195.99 41.4 0.91
-214.69 -195.99 41.4 -215.96 -196.9 40.95 0.91
-215.96 -196.9 40.95 -217.5 -195.68 40.87 0.91
-217.5 -195.68 40.87 -218.96 -195.13 40.95 0.91
-218.96 -195.13 40.95 -222.25 -194.4 41.25 0.91
-222.25 -194.4 41.25 -225.53 -193.86 41.56 0.91
-225.53 -193.86 41.56 -226.81 -194.22 41.63 0.73
-226.81 -194.22 41.63 -228.09 -194.59 41.86 0.73
-228.09 -194.59 41.86 -229.36 -194.95 41.94 0.73
-229.36 -194.95 41.94 -230.46 -195.13 42.31 0.73
-230.46 -195.13 42.31 -231.55 -195.32 42.47 0.73
-231.55 -195.32 42.47 -233.74 -195.32 42.69 0.73
-233.74 -195.32 42.69 -235.57 -194.4 43.07 0.73
-235.57 -194.4 43.07 -236.48 -192.95 42.31 0.73
-236.48 -192.95 42.31 -237.21 -192.22 42.01 0.55
-237.21 -192.22 42.01 -238.3 -191.31 41.71 0.55
-238.3 -191.31 41.71 -238.3 -190.4 41.71 0.55
-215.96 -196.9 40.95 -216.04 -197.5 41.03 0.91
-216.04 -197.5 41.03 -216.59 -198.05 39.66 0.91
-216.59 -198.05 39.66 -217.14 -198.6 39.21 0.91
-217.14 -198.6 39.21 -218.23 -199.69 38.37 0.91
-218.23 -199.69 38.37 -220.24 -201.33 37.92 0.91
-220.24 -201.33 37.92 -222.06 -203.15 37.62 0.91
-222.06 -203.15 37.62 -225.71 -208.07 37.24 0.91
-225.71 -208.07 37.24 -229.55 -211.9 36.94 0.91
-229.55 -211.9 36.94 -231.92 -213.35 36.63 0.91
-231.92 -213.35 36.63 -234.47 -214.81 36.1 0.91
-234.47 -214.81 36.1 -236.3 -216.09 35.72 0.91
-236.3 -216.09 35.72 -238.49 -217.36 35.04 0.91
-238.49 -217.36 35.04 -240.49 -219.37 34.28 0.91
-240.49 -219.37 34.28 -243.05 -222.28 33.6 0.91
-243.05 -222.28 33.6 -245.42 -224.29 33.3 0.91
-245.42 -224.29 33.3 -248.7 -227.2 33.07 0.91
-248.7 -227.2 33.07 -253.81 -232.67 32.69 0.91
-253.81 -232.67 32.69 -258.37 -237.22 32.09 0.91
-258.37 -237.22 32.09 -262.93 -241.23 31.86 0.91
-262.93 -241.23 31.86 -266.22 -243.96 31.41 0.91
-266.22 -243.96 31.41 -268.59 -245.78 31.25 0.91
-268.59 -245.78 31.25 -272.97 -249.25 30.65 0.91
-272.97 -249.25 30.65 -282.82 -258.17 29.89 0.91
-282.82 -258.17 29.89 -288.66 -262.0 29.89 0.91
-288.66 -262.0 29.89 -294.68 -268.56 29.06 0.91
-294.68 -268.56 29.06 -298.88 -272.75 28.38 0.91
-298.88 -272.75 28.38 -303.62 -277.31 27.85 0.91
-303.62 -277.31 27.85 -309.46 -281.13 27.24 0.91
-309.46 -281.13 27.24 -313.29 -285.14 26.71 0.91
-313.29 -285.14 26.71 -314.39 -285.87 26.41 0.91
-314.39 -285.87 26.41 -327.95 -298.96 25.72 0.91
-327.95 -298.96 25.72 -331.96 -303.15 24.66 0.91
-331.96 -303.15 24.66 -334.88 -304.79 24.36 0.91
-334.88 -304.79 24.36 -342.18 -309.34 23.83 0.91
-342.18 -309.34 23.83 -347.83 -313.35 23.45 0.91
-347.83 -313.35 23.45 -355.5 -318.82 22.62 0.91
-355.5 -318.82 22.62 -362.25 -322.64 21.48 0.91
-362.25 -322.64 21.48 -365.17 -324.28 21.18 0.91
-365.17 -324.28 21.18 -367.72 -325.92 20.57 0.91
-367.72 -325.92 20.57 -369.91 -327.01 20.04 0.91
-369.91 -327.01 20.04 -372.1 -327.74 19.59 0.91
-372.1 -327.74 19.59 -375.75 -329.38 18.83 0.91
-375.75 -329.38 18.83 -378.85 -332.3 18.53 0.91
-378.85 -332.3 18.53 -381.95 -333.94 18.3 0.91
-381.95 -333.94 18.3 -384.32 -335.76 18.0 0.91
-384.32 -335.76 18.0 -387.06 -337.04 17.62 0.91
-387.06 -337.04 17.62 -388.52 -338.31 17.01 0.91
-388.52 -338.31 17.01 -389.98 -339.04 16.56 0.91
-389.98 -339.04 16.56 -391.44 -339.95 15.95 0.91
-391.44 -339.95 15.95 -401.84 -345.05 15.27 0.91
-401.84 -345.05 15.27 -407.13 -347.06 14.82 0.91
-407.13 -347.06 14.82 -411.33 -348.7 13.98 0.91
-411.33 -348.7 13.98 -414.98 -349.97 13.45 0.91
-414.98 -349.97 13.45 -418.62 -351.07 12.85 0.91
-418.62 -351.07 12.85 -422.46 -353.25 12.47 0.91
-422.46 -353.25 12.47 -425.56 -357.81 11.86 0.91
-425.56 -357.81 11.86 -426.83 -360.18 11.64 0.91
-426.83 -360.18 11.64 -428.11 -362.54 11.03 0.91
-428.11 -362.54 11.03 -429.75 -364.18 10.73 0.91
-429.75 -364.18 10.73 -431.21 -365.28 11.41 0.91
-431.21 -365.28 11.41 -433.04 -366.55 11.79 0.91
-433.04 -366.55 11.79 -434.68 -367.65 12.01 0.91
-434.68 -367.65 12.01 -436.87 -369.29 12.24 0.91
-436.87 -369.29 12.24 -438.88 -371.29 12.47 0.91
-438.88 -371.29 12.47 -440.15 -372.56 12.7 0.91
-440.15 -372.56 12.7 -440.7 -373.11 13.07 0.91
-440.7 -373.11 13.07 -444.92 -376.1 13.53 0.91
-444.92 -376.1 13.53 -446.75 -377.56 13.91 0.73
-446.75 -377.56 13.91 -448.94 -378.65 14.13 0.73
-448.94 -378.65 14.13 -450.94 -379.2 13.45 0.73
-450.94 -379.2 13.45 -453.86 -380.29 12.01 0.73
-453.86 -380.29 12.01 -456.78 -382.29 11.48 0.73
-456.78 -382.29 11.48 -460.8 -385.03 10.2 0.73
-460.8 -385.03 10.2 -463.17 -386.85 10.2 0.73
-463.17 -386.85 10.2 -466.45 -388.67 9.44 0.73
-466.45 -388.67 9.44 -471.2 -391.04 8.91 0.73
-471.2 -391.04 8.91 -478.13 -395.96 10.73 0.73
-478.13 -395.96 10.73 -479.77 -393.95 10.8 0.73
-479.77 -393.95 10.8 -481.41 -393.41 11.03 0.73
-481.41 -393.41 11.03 -482.69 -392.68 11.48 0.73
-482.69 -392.68 11.48 -485.24 -391.95 11.79 0.73
-485.24 -391.95 11.79 -486.52 -391.77 12.01 0.73
-486.52 -391.77 12.01 -488.53 -391.59 11.1 0.73
-488.53 -391.59 11.1 -489.81 -391.59 10.88 0.73
-489.81 -391.59 10.88 -491.27 -391.04 10.2 0.73
-491.27 -391.04 10.2 -492.0 -390.49 9.59 0.73
-492.0 -390.49 9.59 -493.46 -389.95 9.67 0.73
-493.46 -389.95 9.67 -494.73 -389.04 10.35 0.73
-478.13 -395.96 10.73 -479.04 -396.87 10.57 0.73
-479.04 -396.87 10.57 -479.41 -398.15 10.2 0.73
-479.41 -398.15 10.2 -479.95 -399.06 9.06 0.73
-479.95 -399.06 9.06 -480.14 -399.97 8.07 0.73
-480.14 -399.97 8.07 -480.5 -401.43 7.32 0.73
-480.5 -401.43 7.32 -480.87 -403.61 6.33 0.73
-480.87 -403.61 6.33 -481.96 -406.34 5.88 0.73
-481.96 -406.34 5.88 -482.87 -407.98 5.27 0.73
-482.87 -407.98 5.27 -483.6 -409.44 4.82 0.73
-483.6 -409.44 4.82 -484.7 -411.81 4.36 0.73
-484.7 -411.81 4.36 -485.97 -413.81 4.29 0.73
-485.97 -413.81 4.29 -486.52 -414.73 3.0 0.73
-486.52 -414.73 3.0 -487.07 -416.18 2.39 0.73
-487.07 -416.18 2.39 -487.98 -417.46 1.86 0.73
-487.98 -417.46 1.86 -489.99 -419.28 1.48 0.73
-489.99 -419.28 1.48 -492.0 -420.92 0.95 0.73
-492.0 -420.92 0.95 -493.46 -421.65 0.73 0.73
-493.46 -421.65 0.73 -494.73 -422.56 0.2 0.73
-494.73 -422.56 0.2 -495.64 -423.29 -0.79 0.73
-495.64 -423.29 -0.79 -496.74 -424.56 -1.24 0.73
-496.74 -424.56 -1.24 -497.29 -425.29 -1.7 0.73
-497.29 -425.29 -1.7 -497.83 -426.2 -2.15 0.73
-497.83 -426.2 -2.15 -498.56 -427.48 -2.61 0.73
-498.56 -427.48 -2.61 -499.66 -428.57 -3.06 0.73
-499.66 -428.57 -3.06 -500.39 -429.48 -3.29 0.73
-500.39 -429.48 -3.29 -500.94 -430.21 -3.89 0.73
-500.94 -430.21 -3.89 -503.49 -434.77 -4.05 0.73
-503.49 -434.77 -4.05 -504.58 -436.04 -4.65 0.73
-504.58 -436.04 -4.65 -505.13 -436.41 -5.03 0.73
-505.13 -436.41 -5.03 -505.31 -437.68 -5.48 0.73
-505.31 -437.68 -5.48 -505.68 -438.41 -5.94 0.73
-505.68 -438.41 -5.94 -506.04 -438.96 -6.32 0.73
-506.04 -438.96 -6.32 -506.59 -439.69 -6.77 0.73
-506.59 -439.69 -6.77 -508.23 -440.42 -7.61 0.73
-508.23 -440.42 -7.61 -508.96 -441.14 -8.59 0.73
-508.96 -441.14 -8.59 -510.24 -442.06 -9.2 0.73
-510.24 -442.06 -9.2 -510.97 -444.61 -10.64 0.73
-510.97 -444.61 -10.64 -511.7 -446.25 -11.77 0.73
-511.7 -446.25 -11.77 -512.25 -447.16 -12.76 0.73
-512.25 -447.16 -12.76 -512.61 -447.52 -13.36 0.73
-512.61 -447.52 -13.36 -513.34 -448.25 -13.97 0.73
-513.34 -448.25 -13.97 -513.71 -448.98 -14.27 0.73
-513.71 -448.98 -14.27 -514.44 -449.89 -14.88 0.73
-514.44 -449.89 -14.88 -515.35 -450.98 -15.63 0.73
-515.35 -450.98 -15.63 -516.26 -452.44 -16.17 0.73
-516.26 -452.44 -16.17 -517.36 -453.72 -16.77 0.73
-517.36 -453.72 -16.77 -518.45 -455.17 -17.07 0.73
-518.45 -455.17 -17.07 -519.55 -456.63 -17.83 0.73
-519.55 -456.63 -17.83 -520.82 -458.27 -18.29 0.73
-520.82 -458.27 -18.29 -521.55 -459.91 -18.74 0.73
-521.55 -459.91 -18.74 -521.92 -461.37 -19.2 0.73
-521.92 -461.37 -19.2 -522.65 -462.97 -19.2 0.73
-522.65 -462.97 -19.2 -522.65 -463.15 -19.5 0.73
-522.65 -463.15 -19.5 -522.83 -463.52 -20.26 0.73
-522.83 -463.52 -20.26 -523.38 -464.61 -20.94 0.73
-523.38 -464.61 -20.94 -523.93 -465.34 -21.69 0.73
-523.93 -465.34 -21.69 -524.29 -465.89 -22.6 0.73
-524.29 -465.89 -22.6 -525.21 -466.43 -23.59 0.73
-525.21 -466.43 -23.59 -526.12 -467.34 -24.27 0.73
-526.12 -467.34 -24.27 -526.67 -468.25 -24.42 0.73
-526.67 -468.25 -24.42 -527.21 -469.17 -22.98 0.73
-527.21 -469.17 -22.98 -528.67 -470.44 -22.0 0.73
-528.67 -470.44 -22.0 -529.04 -470.99 -21.69 0.73
-529.04 -470.99 -21.69 -529.4 -471.72 -21.47 0.73
-529.4 -471.72 -21.47 -529.77 -472.45 -21.16 0.73
-529.77 -472.45 -21.16 -530.32 -473.36 -20.94 0.73
-530.32 -473.36 -20.94 -530.5 -474.08 -20.71 0.73
-530.5 -474.08 -20.71 -530.86 -474.63 -20.41 0.73
-530.86 -474.63 -20.41 -531.04 -475.0 -19.95 0.73
-531.04 -475.0 -19.95 -531.59 -475.72 -19.42 0.73
-531.59 -475.72 -19.42 -531.96 -476.45 -19.42 0.73
-83.1 -3.59 -1.77 -82.37 -3.95 -1.39 2.37
-82.37 -3.95 -1.39 -81.82 -3.95 -1.17 2.37
-81.82 -3.95 -1.17 -80.36 -5.23 -1.02 2.37
-80.36 -5.23 -1.02 -77.99 -6.69 -0.86 2.37
-77.99 -6.69 -0.86 -76.7 -6.13 0.2 2.37
-76.7 -6.13 0.2 -75.6 -5.95 0.42 2.19
-75.6 -5.95 0.42 -74.14 -5.95 0.5 2.01
-74.14 -5.95 0.5 -71.95 -5.95 0.65 2.01
-71.95 -5.95 0.65 -69.58 -6.86 0.8 2.01
-69.58 -6.86 0.8 -67.76 -7.59 0.95 1.82
-67.76 -7.59 0.95 -67.21 -7.77 1.26 1.64
-67.21 -7.77 1.26 -66.11 -7.96 1.41 1.64
-66.11 -7.96 1.41 -64.65 -7.77 1.64 1.64
-64.65 -7.77 1.64 -63.01 -7.41 1.94 1.64
-63.01 -7.41 1.94 -61.37 -6.13 2.01 1.64
-61.37 -6.13 2.01 -60.82 -5.95 2.01 1.64
-60.82 -5.95 2.01 -59.0 -4.53 1.56 1.64
-59.0 -4.53 1.56 -58.64 -3.44 1.64 0.91
-58.64 -3.44 1.64 -58.09 -1.07 1.79 0.91
-58.09 -1.07 1.79 -57.72 1.84 1.94 0.91
-57.72 1.84 1.94 -57.72 2.75 1.94 0.91
-57.72 2.75 1.94 -57.54 4.03 1.64 0.91
-57.54 4.03 1.64 -57.36 5.31 0.73 0.91
-57.36 5.31 0.73 -57.36 6.95 0.65 0.91
-57.36 6.95 0.65 -57.36 8.77 0.12 0.91
-57.36 8.77 0.12 -57.36 9.31 -0.33 0.91
-57.36 9.31 -0.33 -56.99 10.59 -0.71 0.91
-56.99 10.59 -0.71 -56.63 11.5 -1.32 0.91
-56.63 11.5 -1.32 -56.26 11.86 -1.55 0.91
-56.26 11.86 -1.55 -56.08 12.41 -1.92 0.91
-56.08 12.41 -1.92 -56.08 13.14 -2.15 0.91
-56.08 13.14 -2.15 -55.72 13.87 -2.3 0.91
-55.72 13.87 -2.3 -55.72 14.42 -2.68 0.91
-55.72 14.42 -2.68 -55.35 15.33 -3.14 0.91
-55.35 15.33 -3.14 -54.99 15.87 -3.36 0.91
-54.99 15.87 -3.36 -54.07 16.78 -3.59 0.91
-54.07 16.78 -3.59 -52.98 17.69 -3.97 0.91
-52.98 17.69 -3.97 -51.7 18.79 -4.27 0.91
-51.7 18.79 -4.27 -50.97 19.15 -4.58 0.91
-50.97 19.15 -4.58 -49.33 20.61 -5.03 0.91
-49.33 20.61 -5.03 -48.05 21.89 -5.26 0.91
-48.05 21.89 -5.26 -46.23 23.34 -5.56 0.91
-46.23 23.34 -5.56 -45.13 24.25 -5.86 0.91
-45.13 24.25 -5.86 -44.22 24.98 -6.24 0.91
-44.22 24.98 -6.24 -43.13 26.44 -6.7 0.91
-43.13 26.44 -6.7 -42.76 26.8 -6.7 0.91
-42.76 26.8 -6.7 -41.49 28.99 -7.3 0.91
-41.49 28.99 -7.3 -41.49 29.72 -7.53 0.91
-41.49 29.72 -7.53 -40.94 30.63 -8.51 0.91
-40.94 30.63 -8.51 -40.57 31.72 -9.27 0.91
-40.57 31.72 -9.27 -40.21 32.45 -9.88 0.91
-40.21 32.45 -9.88 -40.21 33.18 -10.41 0.91
-40.21 33.18 -10.41 -40.21 33.91 -10.94 0.91
-40.21 33.91 -10.94 -40.21 34.64 -11.17 0.91
-40.21 34.64 -11.17 -40.57 36.64 -12.07 0.91
-40.57 36.64 -12.07 -40.94 38.65 -12.68 0.91
-40.94 38.65 -12.68 -40.76 39.56 -13.29 0.91
-40.76 39.56 -13.29 -39.3 40.47 -13.36 0.91
-39.3 40.47 -13.36 -38.57 41.02 -14.04 0.91
-38.57 41.02 -14.04 -37.47 41.38 -14.73 0.91
-37.47 41.38 -14.73 -36.38 41.56 -15.18 0.91
-36.38 41.56 -15.18 -34.37 43.02 -15.94 0.91
-34.37 43.02 -15.94 -33.64 43.2 -16.09 0.91
-33.64 43.2 -16.09 -32.73 43.75 -16.39 0.91
-32.73 43.75 -16.39 -30.72 44.3 -17.0 0.91
-30.72 44.3 -17.0 -29.44 44.66 -17.45 0.91
-29.44 44.66 -17.45 -28.53 45.02 -17.91 0.91
-28.53 45.02 -17.91 -27.44 45.21 -17.98 0.91
-27.44 45.21 -17.98 -26.89 45.39 -18.44 0.91
-26.89 45.39 -18.44 -25.98 45.57 -19.04 0.91
-25.98 45.57 -19.04 -24.7 45.75 -19.73 0.91
-24.7 45.75 -19.73 -23.06 46.3 -20.48 0.91
-23.06 46.3 -20.48 -21.23 46.66 -20.56 0.91
-21.23 46.66 -20.56 -17.22 48.67 -21.54 0.91
-17.22 48.67 -21.54 -16.67 49.4 -22.3 0.73
-16.67 49.4 -22.3 -15.39 50.13 -22.83 0.73
-15.39 50.13 -22.83 -13.57 51.22 -23.51 0.73
-13.57 51.22 -23.51 -12.66 51.4 -23.97 0.73
-12.66 51.4 -23.97 -11.2 51.95 -24.8 0.73
-11.2 51.95 -24.8 -10.1 52.31 -24.95 0.73
-10.1 52.31 -24.95 -8.64 53.04 -25.48 0.73
-8.64 53.04 -25.48 -7.37 53.95 -26.32 0.73
-7.37 53.95 -26.32 -7.0 54.32 -26.69 0.73
-7.0 54.32 -26.69 -5.91 55.59 -27.22 0.73
-5.91 55.59 -27.22 -4.63 59.6 -27.98 0.73
-4.63 59.6 -27.98 -4.08 62.33 -28.44 0.73
-4.08 62.33 -28.44 -4.08 65.07 -28.51 0.73
-4.08 65.07 -28.51 -4.99 69.08 -28.89 0.73
-4.99 69.08 -28.89 -4.99 70.9 -29.42 0.73
-4.99 70.9 -29.42 -4.26 71.99 -29.88 0.73
-4.26 71.99 -29.88 -2.44 73.99 -30.25 0.73
-2.44 73.99 -30.25 -0.62 76.73 -30.41 0.73
-0.62 76.73 -30.41 0.3 79.64 -31.32 0.73
0.3 79.64 -31.32 1.03 82.19 -31.85 0.73
1.03 82.19 -31.85 2.67 83.65 -32.0 0.73
2.67 83.65 -32.0 3.76 84.56 -32.45 0.73
3.76 84.56 -32.45 5.23 87.84 -32.45 0.73
5.23 87.84 -32.45 5.6 89.3 -32.07 0.73
5.6 89.3 -32.07 5.96 90.76 -31.77 0.73
5.96 90.76 -31.77 5.96 93.49 -31.47 0.73
5.96 93.49 -31.47 6.33 95.49 -31.24 0.73
6.33 95.49 -31.24 6.88 97.13 -31.01 0.73
6.88 97.13 -31.01 7.42 98.77 -30.78 0.73
7.42 98.77 -30.78 7.79 100.41 -30.63 0.73
7.79 100.41 -30.63 7.61 100.78 -30.18 0.73
7.61 100.78 -30.18 7.61 101.69 -29.72 0.73
7.61 101.69 -29.72 6.88 103.51 -27.15 0.73
6.88 103.51 -27.15 6.69 103.88 -26.92 0.73
6.69 103.88 -26.92 6.51 104.42 -26.39 0.73
6.51 104.42 -26.39 6.51 105.15 -25.86 0.73
6.51 105.15 -25.86 6.51 106.24 -25.48 0.73
6.51 106.24 -25.48 6.88 107.34 -24.8 0.73
6.88 107.34 -24.8 7.24 107.7 -24.27 0.73
7.24 107.7 -24.27 8.52 109.34 -23.89 0.73
8.52 109.34 -23.89 9.06 110.25 -23.89 0.73
9.06 110.25 -23.89 9.25 110.8 -23.66 0.73
-60.82 -5.95 2.01 -59.36 -6.32 2.09 1.64
-59.36 -6.32 2.09 -58.45 -6.13 2.17 1.09
-58.45 -6.13 2.17 -57.9 -6.13 2.24 1.09
-57.9 -6.13 2.24 -57.17 -6.68 2.39 1.09
-57.17 -6.68 2.39 -56.44 -7.23 2.55 1.09
-56.44 -7.23 2.55 -55.53 -7.59 2.7 1.09
-55.53 -7.59 2.7 -54.07 -7.96 2.85 1.09
-54.07 -7.96 2.85 -51.7 -7.96 2.85 1.09
-51.7 -7.96 2.85 -50.97 -7.77 3.08 1.09
-50.97 -7.77 3.08 -49.33 -7.23 3.3 1.09
-49.33 -7.23 3.3 -48.42 -7.04 3.45 1.09
-48.42 -7.04 3.45 -47.69 -6.86 3.45 1.09
-47.69 -6.86 3.45 -46.23 -6.86 4.06 1.09
-46.23 -6.86 4.06 -45.13 -6.86 4.29 0.91
-45.13 -6.86 4.29 -43.67 -7.23 4.36 0.91
-43.67 -7.23 4.36 -42.03 -7.59 4.67 0.91
-42.03 -7.59 4.67 -40.75 -7.77 4.89 0.91
-40.75 -7.77 4.89 -39.48 -7.96 5.12 0.91
-39.48 -7.96 5.12 -37.83 -8.32 5.35 0.91
-37.83 -8.32 5.35 -37.1 -8.68 5.8 0.91
-37.1 -8.68 5.8 -36.19 -8.87 6.03 0.91
-36.19 -8.87 6.03 -34.73 -9.41 6.33 0.91
-34.73 -9.41 6.33 -33.27 -9.96 6.33 0.91
-33.27 -9.96 6.33 -32.54 -10.32 6.41 0.91
-32.54 -10.32 6.41 -30.9 -10.87 6.56 0.91
-30.9 -10.87 6.56 -28.89 -11.6 6.64 0.91
-28.89 -11.6 6.64 -27.43 -11.96 6.64 0.91
-27.43 -11.96 6.64 -26.15 -12.1 7.09 0.91
-26.15 -12.1 7.09 -25.05 -12.64 7.17 0.91
-25.05 -12.64 7.17 -22.68 -13.55 7.32 0.91
-22.68 -13.55 7.32 -21.22 -14.28 7.62 0.91
-21.22 -14.28 7.62 -20.49 -14.47 7.77 0.91
-20.49 -14.47 7.77 -19.58 -14.47 8.07 0.91
-19.58 -14.47 8.07 -18.67 -14.65 8.38 0.91
-18.67 -14.65 8.38 -16.66 -15.01 8.61 0.91
-16.66 -15.01 8.61 -15.38 -15.38 8.68 0.91
-15.38 -15.38 8.68 -13.38 -15.92 8.76 0.91
-13.38 -15.92 8.76 -11.37 -16.29 8.91 0.91
-11.37 -16.29 8.91 -10.09 -16.65 8.91 0.91
-10.09 -16.65 8.91 -9.18 -16.65 8.98 0.91
-9.18 -16.65 8.98 -7.9 -16.83 8.98 0.91
-7.9 -16.83 8.98 -5.71 -17.75 8.98 0.91
-5.71 -17.75 8.98 -3.34 -17.93 9.21 0.73
-3.34 -17.93 9.21 -1.88 -18.29 9.29 0.73
-1.88 -18.29 9.29 -0.79 -18.66 9.51 0.73
-0.79 -18.66 9.51 -0.24 -19.02 9.82 0.73
-0.24 -19.02 9.82 -0.06 -19.02 9.44 0.73
-0.06 -19.02 9.44 0.31 -19.2 9.67 0.73
0.31 -19.2 9.67 1.22 -19.57 9.97 0.73
1.22 -19.57 9.97 2.68 -19.93 10.27 0.73
2.68 -19.93 10.27 3.04 -19.93 10.5 0.73
3.04 -19.93 10.5 3.41 -20.11 10.27 0.73
3.41 -20.11 10.27 3.77 -20.3 9.67 0.73
3.77 -20.3 9.67 4.32 -20.3 8.91 0.73
4.32 -20.3 8.91 5.23 -20.48 8.3 0.73
5.23 -20.48 8.3 6.51 -20.48 7.7 0.73
6.51 -20.48 7.7 7.97 -20.84 7.62 0.73
7.97 -20.84 7.62 9.61 -20.84 7.24 0.73
9.61 -20.84 7.24 12.71 -20.66 6.94 0.73
12.71 -20.66 6.94 15.45 -20.66 6.71 0.73
15.45 -20.66 6.71 16.55 -20.84 6.48 0.73
16.55 -20.84 6.48 18.74 -21.39 6.18 0.73
18.74 -21.39 6.18 19.65 -21.75 5.88 0.73
19.65 -21.75 5.88 22.93 -22.48 5.65 0.73
22.93 -22.48 5.65 25.49 -23.03 5.27 0.73
25.49 -23.03 5.27 28.22 -23.58 4.89 0.73
28.22 -23.58 4.89 29.14 -23.58 4.59 0.73
29.14 -23.58 4.59 31.14 -24.12 4.44 0.73
31.14 -24.12 4.44 32.42 -24.3 4.06 0.73
32.42 -24.3 4.06 33.15 -24.49 3.53 0.73
33.15 -24.49 3.53 34.61 -24.49 3.08 0.73
34.61 -24.49 3.08 35.52 -24.49 2.7 0.73
35.52 -24.49 2.7 36.43 -24.49 2.55 0.73
36.43 -24.49 2.55 37.35 -24.49 2.32 0.73
37.35 -24.49 2.32 38.81 -24.49 1.94 0.73
38.81 -24.49 1.94 39.54 -24.49 1.48 0.73
39.54 -24.49 1.48 40.81 -24.3 0.95 0.73
40.81 -24.3 0.95 42.45 -24.12 0.5 0.73
42.45 -24.12 0.5 43.18 -23.76 0.05 0.73
43.18 -23.76 0.05 44.83 -23.76 -0.11 0.73
44.83 -23.76 -0.11 45.74 -23.58 -0.48 0.73
45.74 -23.58 -0.48 47.56 -23.76 -0.71 0.73
47.56 -23.76 -0.71 50.85 -24.12 -1.09 0.73
50.85 -24.12 -1.09 54.31 -23.94 -1.62 0.73
54.31 -23.94 -1.62 56.69 -23.94 -2.08 0.55
56.69 -23.94 -2.08 59.24 -23.94 -2.83 0.55
59.24 -23.94 -2.83 64.53 -24.12 -3.21 0.55
64.53 -24.12 -3.21 66.36 -24.49 -3.51 0.55
66.36 -24.49 -3.51 69.28 -23.76 -3.97 0.55
69.28 -23.76 -3.97 70.37 -23.76 -4.2 0.55
-27.43 -11.96 6.64 -25.97 -13.97 6.79 0.91
-25.97 -13.97 6.79 -24.7 -14.51 6.79 0.91
-24.7 -14.51 6.79 -23.97 -15.06 6.86 0.91
-23.97 -15.06 6.86 -23.42 -15.61 7.24 0.91
-23.42 -15.61 7.24 -22.87 -16.52 7.39 0.91
-22.87 -16.52 7.39 -22.14 -17.61 7.54 0.91
-22.14 -17.61 7.54 -21.96 -18.34 7.7 0.91
-21.96 -18.34 7.7 -21.6 -19.25 8.0 0.91
-21.6 -19.25 8.0 -21.05 -20.53 8.23 0.91
-21.05 -20.53 8.23 -20.87 -21.44 8.45 0.91
-20.87 -21.44 8.45 -20.68 -21.8 8.76 0.91
-20.68 -21.8 8.76 -20.5 -22.53 8.98 0.91
-20.5 -22.53 8.98 -19.22 -24.54 9.21 0.91
-19.22 -24.54 9.21 -18.31 -25.81 9.59 0.91
-18.31 -25.81 9.59 -16.49 -27.45 10.04 0.91
-16.49 -27.45 10.04 -15.94 -28.0 10.42 0.91
-15.94 -28.0 10.42 -14.84 -29.09 10.8 0.91
-14.84 -29.09 10.8 -13.57 -30.55 11.18 0.91
-13.57 -30.55 11.18 -11.56 -32.92 11.48 0.91
-11.56 -32.92 11.48 -9.92 -34.56 11.79 0.91
-9.92 -34.56 11.79 -9.01 -35.83 11.94 0.91
-9.01 -35.83 11.94 -7.36 -38.38 12.24 0.91
-7.36 -38.38 12.24 -6.27 -40.02 12.62 0.91
-6.27 -40.02 12.62 -4.45 -42.57 12.77 0.91
-4.45 -42.57 12.77 -3.17 -44.76 13.0 0.91
-3.17 -44.76 13.0 -1.53 -47.31 13.15 0.91
-1.53 -47.31 13.15 -0.43 -48.95 13.6 0.91
-0.43 -48.95 13.6 -0.25 -49.5 13.68 0.73
-0.25 -49.5 13.68 -0.07 -50.23 14.06 0.73
-0.07 -50.23 14.06 0.12 -50.59 14.21 0.73
0.12 -50.59 14.21 0.48 -51.5 14.59 0.73
0.48 -51.5 14.59 0.66 -52.23 14.82 0.73
0.66 -52.23 14.82 1.03 -53.14 14.97 0.73
1.03 -53.14 14.97 1.21 -53.87 15.5 0.73
1.21 -53.87 15.5 1.21 -54.42 15.88 0.73
1.21 -54.42 15.88 1.39 -55.15 16.1 0.73
1.39 -55.15 16.1 1.76 -56.06 16.26 0.73
1.76 -56.06 16.26 1.94 -56.78 16.56 0.73
1.94 -56.78 16.56 2.12 -57.7 16.79 0.73
2.12 -57.7 16.79 2.31 -58.42 17.09 0.73
2.31 -58.42 17.09 2.49 -58.97 17.32 0.73
2.49 -58.97 17.32 2.85 -60.06 17.54 0.73
2.85 -60.06 17.54 3.4 -60.79 17.77 0.73
3.4 -60.79 17.77 3.95 -61.34 18.23 0.73
3.95 -61.34 18.23 5.04 -62.25 18.53 0.73
5.04 -62.25 18.53 5.95 -62.98 18.83 0.73
5.95 -62.98 18.83 7.23 -63.71 19.21 0.73
7.23 -63.71 19.21 8.51 -64.26 19.82 0.73
8.51 -64.26 19.82 8.87 -64.8 20.12 0.73
8.87 -64.8 20.12 9.97 -65.89 20.5 0.73
9.97 -65.89 20.5 11.06 -67.53 20.8 0.73
11.06 -67.53 20.8 11.79 -68.81 21.18 0.73
11.79 -68.81 21.18 12.52 -69.72 21.41 0.73
12.52 -69.72 21.41 13.44 -70.45 22.01 0.73
13.44 -70.45 22.01 15.08 -70.81 22.39 0.73
15.08 -70.81 22.39 17.63 -71.18 22.54 0.73
17.63 -71.18 22.54 19.64 -71.18 22.77 0.73
19.64 -71.18 22.77 21.65 -71.18 22.92 0.73
21.65 -71.18 22.92 23.84 -71.54 23.07 0.73
23.84 -71.54 23.07 24.93 -71.91 23.38 0.73
24.93 -71.91 23.38 25.66 -72.27 23.38 0.73
25.66 -72.27 23.38 26.02 -72.45 23.91 0.73
26.02 -72.45 23.91 28.4 -73.18 24.36 0.73
28.4 -73.18 24.36 28.76 -73.18 23.6 0.73
28.76 -73.18 23.6 30.4 -75.19 20.19 0.73
30.4 -75.19 20.19 31.32 -76.28 19.82 0.73
31.32 -76.28 19.82 32.05 -77.19 19.74 0.73
32.05 -77.19 19.74 33.69 -79.01 19.59 0.73
33.69 -79.01 19.59 36.24 -80.84 19.36 0.73
36.24 -80.84 19.36 37.88 -82.48 19.21 0.73
37.88 -82.48 19.21 40.26 -85.75 19.13 0.73
40.26 -85.75 19.13 43.18 -90.49 19.06 0.73
43.18 -90.49 19.06 44.45 -93.41 19.06 0.73
44.45 -93.41 19.06 45.18 -95.41 19.06 0.73
45.18 -95.41 19.06 46.09 -97.23 18.98 0.73
46.09 -97.23 18.98 46.65 -98.82 17.54 0.73
46.65 -98.82 17.54 46.83 -99.19 17.47 0.73
46.83 -99.19 17.47 46.83 -100.1 17.09 0.73
46.83 -100.1 17.09 46.83 -100.65 16.71 0.73
46.83 -100.65 16.71 47.02 -101.74 16.26 0.73
47.02 -101.74 16.26 47.56 -102.83 15.88 0.73
47.56 -102.83 15.88 48.11 -104.11 15.42 0.73
48.11 -104.11 15.42 48.84 -106.29 15.04 0.73
48.84 -106.29 15.04 49.75 -108.12 14.59 0.73
49.75 -108.12 14.59 50.48 -109.76 14.59 0.73
-77.99 -6.69 -0.86 -76.35 -8.14 -0.71 2.37
-76.35 -8.14 -0.71 -75.44 -9.05 -0.48 1.09
-75.44 -9.05 -0.48 -73.25 -10.69 -0.33 1.09
-73.25 -10.69 -0.33 -71.24 -12.88 -0.26 1.09
-71.24 -12.88 -0.26 -69.6 -14.52 -0.18 1.09
-69.6 -14.52 -0.18 -67.95 -15.98 -0.03 1.09
-67.95 -15.98 -0.03 -66.68 -17.25 0.35 1.09
-66.68 -17.25 0.35 -65.4 -18.53 0.73 1.09
-65.4 -18.53 0.73 -63.76 -20.53 1.03 1.09
-63.76 -20.53 1.03 -62.66 -22.54 1.18 1.09
-62.66 -22.54 1.18 -62.12 -24.0 1.33 1.09
-62.12 -24.0 1.33 -61.39 -25.82 1.64 1.09
-61.39 -25.82 1.64 -60.66 -27.46 1.79 1.09
-60.66 -27.46 1.79 -59.74 -29.64 1.86 1.09
-59.74 -29.64 1.86 -59.01 -30.37 1.86 1.09
-59.01 -30.37 1.86 -57.19 -31.65 1.94 1.09
-57.19 -31.65 1.94 -55.55 -32.74 2.01 1.09
-55.55 -32.74 2.01 -54.45 -33.47 2.55 1.09
-54.45 -33.47 2.55 -53.36 -34.38 2.7 1.09
-53.36 -34.38 2.7 -49.71 -36.2 3.23 1.09
-49.71 -36.2 3.23 -46.97 -38.02 3.53 1.09
-46.97 -38.02 3.53 -46.06 -39.66 4.06 1.09
-46.06 -39.66 4.06 -45.7 -40.94 4.06 1.09
-45.7 -40.94 4.06 -45.15 -42.4 4.44 1.09
-45.15 -42.4 4.44 -44.24 -46.41 4.59 1.09
-44.24 -46.41 4.59 -43.14 -48.05 4.97 1.09
-43.14 -48.05 4.97 -41.5 -49.87 5.04 1.09
-41.5 -49.87 5.04 -38.94 -52.05 5.2 1.09
-38.94 -52.05 5.2 -36.94 -53.51 5.2 1.09
-36.94 -53.51 5.2 -34.93 -54.6 5.35 1.09
-34.93 -54.6 5.35 -32.71 -57.31 5.58 1.09
-32.71 -57.31 5.58 -28.87 -60.4 5.73 1.09
-28.87 -60.4 5.73 -26.32 -62.41 5.95 1.09
-26.32 -62.41 5.95 -23.58 -65.14 6.03 1.09
-23.58 -65.14 6.03 -20.66 -68.42 6.26 1.09
-20.66 -68.42 6.26 -19.39 -70.24 6.33 1.09
-19.39 -70.24 6.33 -18.48 -72.25 6.03 1.09
-18.48 -72.25 6.03 -17.56 -74.62 5.65 1.09
-17.56 -74.62 5.65 -16.83 -76.44 5.5 1.09
-16.83 -76.44 5.5 -15.74 -78.08 5.2 1.09
-15.74 -78.08 5.2 -13.73 -80.45 4.82 1.09
-13.73 -80.45 4.82 -9.17 -83.91 4.51 1.09
-9.17 -83.91 4.51 -6.62 -87.37 4.06 1.09
-6.62 -87.37 4.06 -3.33 -93.2 3.91 1.09
-3.33 -93.2 3.91 3.78 -107.96 3.68 1.09
3.78 -107.96 3.68 5.79 -112.51 3.45 1.09
5.79 -112.51 3.45 12.91 -121.99 3.23 1.09
12.91 -121.99 3.23 14.55 -126.36 3.08 1.09
14.55 -126.36 3.08 16.37 -129.46 2.85 1.09
16.37 -129.46 2.85 18.2 -133.65 2.77 1.09
18.2 -133.65 2.77 23.31 -139.66 2.7 1.09
23.31 -139.66 2.7 25.31 -140.94 2.55 1.09
25.31 -140.94 2.55 26.59 -141.67 2.47 1.09
26.59 -141.67 2.47 30.06 -143.12 2.32 1.09
30.06 -143.12 2.32 30.6 -143.67 2.32 0.73
30.6 -143.67 2.32 31.7 -144.94 2.17 0.73
31.7 -144.94 2.17 33.16 -146.4 2.17 0.73
33.16 -146.4 2.17 33.34 -146.95 2.01 0.73
33.34 -146.95 2.01 33.71 -147.68 1.64 0.73
33.71 -147.68 1.64 33.89 -148.04 1.18 0.73
33.89 -148.04 1.18 34.07 -148.77 1.18 0.73
34.07 -148.77 1.18 34.25 -149.5 0.88 0.73
34.25 -149.5 0.88 34.62 -150.23 0.73 0.73
34.62 -150.23 0.73 34.98 -151.14 0.65 0.73
34.98 -151.14 0.65 35.17 -151.69 0.58 0.73
35.17 -151.69 0.58 35.53 -152.23 0.42 0.73
35.53 -152.23 0.42 35.9 -152.78 0.42 0.73
35.9 -152.78 0.42 36.44 -153.69 0.2 0.73
36.44 -153.69 0.2 37.72 -155.33 0.05 0.73
37.72 -155.33 0.05 38.45 -156.42 -0.26 0.73
38.45 -156.42 -0.26 39.36 -157.15 -0.41 0.73
39.36 -157.15 -0.41 40.46 -158.06 -0.79 0.73
40.46 -158.06 -0.79 41.37 -158.79 -1.09 0.73
41.37 -158.79 -1.09 41.73 -158.97 -1.62 0.73
41.73 -158.97 -1.62 42.28 -159.52 -2.45 0.73
42.28 -159.52 -2.45 43.19 -160.07 -3.29 0.73
43.19 -160.07 -3.29 43.74 -160.61 -3.82 0.73
43.74 -160.61 -3.82 44.47 -161.89 -4.27 0.73
44.47 -161.89 -4.27 45.2 -162.8 -4.65 0.73
45.2 -162.8 -4.65 46.3 -164.26 -4.73 0.73
46.3 -164.26 -4.73 47.76 -165.17 -5.18 0.73
47.76 -165.17 -5.18 48.38 -166.14 -6.24 0.73
48.38 -166.14 -6.24 49.11 -166.51 -6.32 0.73
49.11 -166.51 -6.32 49.66 -166.87 -6.92 0.73
49.66 -166.87 -6.92 50.39 -167.42 -7.68 0.73
50.39 -167.42 -7.68 50.93 -167.6 -7.83 0.73
50.93 -167.6 -7.83 52.03 -168.33 -8.21 0.73
52.03 -168.33 -8.21 52.76 -169.06 -8.51 0.73
52.76 -169.06 -8.51 53.49 -169.97 -8.59 0.73
53.49 -169.97 -8.59 54.4 -170.7 -9.04 0.73
54.4 -170.7 -9.04 54.77 -171.06 -9.5 0.73
54.77 -171.06 -9.5 55.68 -171.97 -9.57 0.73
55.68 -171.97 -9.57 56.04 -172.7 -9.95 0.73
56.04 -172.7 -9.95 56.41 -173.43 -10.03 0.73
56.41 -173.43 -10.03 56.41 -173.79 -10.48 0.73
56.41 -173.79 -10.48 56.41 -174.16 -11.39 0.73
56.41 -174.16 -11.39 56.41 -174.89 -11.85 0.73
56.41 -174.89 -11.85 56.04 -175.62 -12.0 0.73
56.04 -175.62 -12.0 56.04 -175.98 -12.53 0.73
56.04 -175.98 -12.53 55.86 -176.71 -13.44 0.73
55.86 -176.71 -13.44 55.5 -177.07 -13.89 0.73
55.5 -177.07 -13.89 55.31 -177.26 -14.5 0.73
55.31 -177.26 -14.5 54.77 -177.62 -15.18 0.73
54.77 -177.62 -15.18 53.85 -177.99 -15.94 0.73
53.85 -177.99 -15.94 53.31 -178.17 -16.17 0.73
53.31 -178.17 -16.17 52.58 -178.35 -16.77 0.73
52.58 -178.35 -16.77 50.39 -179.62 -17.38 0.73
50.39 -179.62 -17.38 49.84 -179.81 -17.91 0.55
49.84 -179.81 -17.91 48.93 -180.35 -18.13 0.55
48.93 -180.35 -18.13 48.02 -181.26 -18.44 0.55
48.02 -181.26 -18.44 47.29 -182.54 -18.74 0.55
47.29 -182.54 -18.74 46.56 -184.36 -18.97 0.55
46.56 -184.36 -18.97 46.37 -186.37 -19.12 0.55
46.37 -186.37 -19.12 46.37 -188.19 -19.2 0.55
46.37 -188.19 -19.2 46.56 -189.1 -19.2 0.55
-34.93 -54.6 5.35 -30.55 -56.06 5.42 1.09
-30.55 -56.06 5.42 -29.09 -57.34 5.58 1.09
-29.09 -57.34 5.58 -24.17 -60.44 5.8 1.09
-24.17 -60.44 5.8 -22.34 -61.89 5.88 0.91
-22.34 -61.89 5.88 -20.33 -63.53 6.11 0.91
-20.33 -63.53 6.11 -17.23 -65.72 6.26 0.91
-17.23 -65.72 6.26 -15.23 -66.99 6.41 0.91
-15.23 -66.99 6.41 -11.94 -69.55 6.71 0.91
-11.94 -69.55 6.71 -9.2 -71.37 6.71 0.91
-9.2 -71.37 6.71 -6.29 -73.55 6.94 0.73
-6.29 -73.55 6.94 -5.01 -74.83 7.09 0.73
-5.01 -74.83 7.09 -3.37 -76.47 7.24 0.73
-3.37 -76.47 7.24 0.68 -79.72 7.47 0.73
0.68 -79.72 7.47 2.32 -80.81 7.62 0.73
-89.9 -0.709 3.0155 -82.71 -6.24 9.89 1.46
-82.71 -6.24 9.89 -82.53 -6.78 10.12 1.46
-82.53 -6.78 10.12 -81.98 -7.33 10.27 1.46
-81.98 -7.33 10.27 -81.8 -7.88 10.73 1.46
-81.8 -7.88 10.73 -81.8 -8.24 11.1 1.46
-81.8 -8.24 11.1 -81.61 -8.6 11.26 1.46
-81.61 -8.6 11.26 -81.98 -8.97 11.41 1.46
-81.98 -8.97 11.41 -82.53 -9.33 11.71 1.46
-82.53 -9.33 11.71 -82.53 -9.7 12.01 1.46
-82.53 -9.7 12.01 -82.53 -10.43 12.24 1.46
-82.53 -10.43 12.24 -82.53 -10.79 12.39 1.46
-82.53 -10.79 12.39 -82.53 -11.15 12.62 1.46
-82.53 -11.15 12.62 -82.16 -11.88 12.92 1.46
-82.16 -11.88 12.92 -81.98 -12.25 13.0 1.46
-81.98 -12.25 13.0 -81.43 -12.79 13.15 1.46
-81.43 -12.79 13.15 -81.25 -13.16 13.38 1.46
-81.25 -13.16 13.38 -80.34 -14.07 13.38 1.46
-80.34 -14.07 13.38 -79.97 -14.25 13.53 1.46
-79.97 -14.25 13.53 -79.24 -14.98 13.6 1.46
-79.24 -14.98 13.6 -79.06 -15.35 13.83 1.46
-79.06 -15.35 13.83 -78.69 -15.71 14.21 1.46
-78.69 -15.71 14.21 -77.97 -16.26 14.51 1.46
-77.97 -16.26 14.51 -77.6 -16.8 14.89 1.46
-77.6 -16.8 14.89 -77.42 -16.99 15.35 1.46
-77.42 -16.99 15.35 -77.05 -17.71 15.8 1.46
-77.05 -17.71 15.8 -76.32 -18.44 16.18 1.46
-76.32 -18.44 16.18 -75.96 -18.81 16.86 1.46
-75.96 -18.81 16.86 -75.41 -19.54 17.54 1.46
-75.41 -19.54 17.54 -74.68 -19.9 18.0 1.46
-74.68 -19.9 18.0 -73.95 -20.08 18.23 1.46
-73.95 -20.08 18.23 -73.59 -20.45 18.45 1.46
-73.59 -20.45 18.45 -73.04 -20.81 18.98 1.46
-73.04 -20.81 18.98 -72.86 -21.36 19.82 1.46
-72.86 -21.36 19.82 -72.31 -22.27 19.89 1.46
-72.31 -22.27 19.89 -72.13 -22.63 20.73 1.46
-72.13 -22.63 20.73 -72.13 -23.18 21.41 1.46
-72.13 -23.18 21.41 -71.94 -23.54 21.79 1.46
-71.94 -23.54 21.79 -71.76 -23.91 22.16 1.46
-71.76 -23.91 22.16 -71.76 -24.46 22.47 1.46
-71.76 -24.46 22.47 -71.58 -24.82 22.54 1.46
-71.58 -24.82 22.54 -71.58 -25.18 23.15 1.46
-71.58 -25.18 23.15 -71.21 -25.73 23.68 1.46
-71.21 -25.73 23.68 -71.03 -26.28 24.13 1.46
-71.03 -26.28 24.13 -70.85 -27.01 24.82 1.46
-70.85 -27.01 24.82 -70.67 -27.55 25.42 1.46
-70.67 -27.55 25.42 -70.48 -27.92 26.1 1.46
-70.48 -27.92 26.1 -70.3 -28.28 26.79 1.46
-70.3 -28.28 26.79 -70.3 -29.01 27.24 1.46
-70.3 -29.01 27.24 -70.3 -29.56 28.0 1.46
-70.3 -29.56 28.0 -70.3 -30.1 28.53 1.46
-70.3 -30.1 28.53 -70.3 -30.83 29.44 1.46
-70.3 -30.83 29.44 -70.48 -32.65 30.04 1.46
-70.48 -32.65 30.04 -70.3 -34.66 30.5 1.46
-70.3 -34.66 30.5 -70.12 -35.57 30.8 1.28
-70.12 -35.57 30.8 -69.02 -36.12 31.25 1.28
-69.02 -36.12 31.25 -68.11 -36.48 31.63 1.28
-68.11 -36.48 31.63 -67.93 -37.03 32.16 1.28
-67.93 -37.03 32.16 -67.38 -37.57 32.47 1.28
-67.38 -37.57 32.47 -67.02 -38.3 32.77 1.28
-67.02 -38.3 32.77 -66.84 -38.85 33.0 1.28
-66.84 -38.85 33.0 -66.65 -39.21 33.22 1.28
-66.65 -39.21 33.22 -66.29 -40.49 34.06 1.28
-66.29 -40.49 34.06 -66.47 -45.23 34.59 1.28
-66.47 -45.23 34.59 -66.84 -46.32 34.81 1.09
-66.84 -46.32 34.81 -67.2 -47.23 35.27 1.09
-67.2 -47.23 35.27 -67.57 -48.14 35.72 1.09
-67.57 -48.14 35.72 -67.38 -49.42 36.18 1.09
-67.38 -49.42 36.18 -66.65 -50.51 36.56 1.09
-89.9 -0.709 3.0155 -90.01 -7.88 7.54 2.01
-90.01 -7.88 7.54 -89.46 -9.33 7.77 2.01
-89.46 -9.33 7.77 -89.09 -10.61 7.77 1.64
-89.09 -10.61 7.77 -88.55 -11.7 7.77 1.64
-88.55 -11.7 7.77 -88.18 -12.61 7.39 1.64
-88.18 -12.61 7.39 -87.82 -13.52 7.17 1.64
-87.82 -13.52 7.17 -87.45 -14.62 6.79 1.64
-87.45 -14.62 6.79 -87.09 -15.53 6.33 1.64
-87.09 -15.53 6.33 -86.54 -16.99 5.73 1.64
-86.54 -16.99 5.73 -86.18 -17.53 5.2 1.46
-86.18 -17.53 5.2 -86.18 -17.9 4.51 1.46
-86.18 -17.9 4.51 -85.81 -18.81 4.29 1.46
-85.81 -18.81 4.29 -85.63 -19.72 3.83 1.46
-85.63 -19.72 3.83 -85.45 -20.45 3.3 1.46
-85.45 -20.45 3.3 -85.45 -21.18 2.77 1.46
-85.45 -21.18 2.77 -85.63 -21.9 2.55 1.46
-85.63 -21.9 2.55 -85.63 -22.63 2.01 1.46
-85.63 -22.63 2.01 -85.81 -24.09 1.94 1.46
-85.81 -24.09 1.94 -85.81 -24.82 1.41 1.28
-85.81 -24.82 1.41 -86.18 -25.73 0.65 1.28
-86.18 -25.73 0.65 -87.09 -27.01 0.27 1.09
-89.9 -0.709 3.0155 -89.09 -8.42 1.64 2.55
-89.09 -8.42 1.64 -90.01 -11.88 1.41 2.55
-90.01 -11.88 1.41 -92.2 -18.26 1.71 2.55
-92.2 -18.26 1.71 -92.56 -18.99 2.17 2.19
-92.56 -18.99 2.17 -93.84 -21.18 2.85 2.19
-93.84 -21.18 2.85 -94.2 -21.9 3.08 2.01
-94.2 -21.9 3.08 -94.93 -22.82 3.38 2.01
-94.93 -22.82 3.38 -95.85 -24.46 3.53 2.01
-95.85 -24.46 3.53 -96.58 -25.73 3.68 2.01
-96.58 -25.73 3.68 -97.31 -27.01 3.91 2.01
-97.31 -27.01 3.91 -97.67 -28.1 3.91 2.01
-97.67 -28.1 3.91 -98.22 -28.83 3.98 2.01
-98.22 -28.83 3.98 -98.95 -30.1 4.29 2.01
-98.95 -30.1 4.29 -99.68 -31.2 4.51 2.01
-99.68 -31.2 4.51 -100.22 -32.84 4.67 2.01
-100.22 -32.84 4.67 -100.59 -34.11 4.89 2.01
-100.59 -34.11 4.89 -100.59 -34.66 4.97 2.01
-100.59 -34.66 4.97 -100.77 -35.75 5.04 2.01
-100.77 -35.75 5.04 -101.14 -37.21 5.2 2.01
-101.14 -37.21 5.2 -101.5 -37.76 5.27 2.01
-101.5 -37.76 5.27 -103.33 -40.31 5.95 2.01
-103.33 -40.31 5.95 -103.69 -41.22 5.8 1.28
-103.69 -41.22 5.8 -104.24 -42.68 5.42 1.28
-104.24 -42.68 5.42 -104.97 -44.86 5.04 1.28
-104.97 -44.86 5.04 -105.33 -46.5 4.89 1.28
-105.33 -46.5 4.89 -106.06 -48.51 4.59 1.28
-106.06 -48.51 4.59 -106.79 -49.96 4.36 1.28
-106.79 -49.96 4.36 -107.89 -52.15 4.21 1.28
-107.89 -52.15 4.21 -108.98 -53.42 3.91 1.28
-108.98 -53.42 3.91 -110.08 -54.15 3.68 1.28
-110.08 -54.15 3.68 -112.08 -55.43 3.45 1.28
-112.08 -55.43 3.45 -113.54 -56.52 3.38 1.28
-113.54 -56.52 3.38 -116.1 -59.07 3.15 1.28
-116.1 -59.07 3.15 -118.83 -62.72 3.15 1.28
-118.83 -62.72 3.15 -119.75 -68.37 2.92 1.28
-119.75 -68.37 2.92 -120.48 -72.37 2.7 1.28
-120.48 -72.37 2.7 -121.75 -75.84 2.39 1.28
-121.75 -75.84 2.39 -122.48 -78.39 2.09 1.28
-122.48 -78.39 2.09 -123.24 -81.91 1.86 1.28
-123.24 -81.91 1.86 -123.6 -84.64 1.71 1.28
-123.6 -84.64 1.71 -123.24 -87.74 1.41 1.28
-123.24 -87.74 1.41 -123.42 -89.01 1.41 1.28
-123.42 -89.01 1.41 -123.6 -91.75 1.18 1.28
-123.6 -91.75 1.18 -124.52 -93.57 1.48 1.46
-124.52 -93.57 1.48 -125.61 -96.66 1.64 1.46
-125.61 -96.66 1.64 -127.07 -100.67 1.86 1.46
-127.07 -100.67 1.86 -129.44 -105.23 2.17 1.46
-129.44 -105.23 2.17 -129.99 -106.69 2.39 1.28
-129.99 -106.69 2.39 -130.35 -107.96 2.17 1.28
-130.35 -107.96 2.17 -131.08 -111.97 1.64 1.28
-131.08 -111.97 1.64 -132.36 -115.8 1.26 1.28
-132.36 -115.8 1.26 -133.82 -120.53 1.03 1.28
-133.82 -120.53 1.03 -134.92 -127.27 0.5 1.28
-134.92 -127.27 0.5 -135.46 -129.64 -0.11 1.28
-135.46 -129.64 -0.11 -136.19 -134.38 -0.33 1.28
-136.19 -134.38 -0.33 -137.29 -139.48 -0.86 1.28
-137.29 -139.48 -0.86 -137.65 -142.94 -1.09 1.28
-137.65 -142.94 -1.09 -137.47 -146.22 -1.47 1.09
-137.47 -146.22 -1.47 -139.48 -154.79 -2.08 1.09
-139.48 -154.79 -2.08 -140.21 -155.88 -2.15 1.09
-140.21 -155.88 -2.15 -140.39 -156.24 -2.3 0.91
-140.39 -156.24 -2.3 -141.12 -156.61 -2.61 0.91
-141.12 -156.61 -2.61 -142.21 -156.61 -2.76 0.91
-142.21 -156.61 -2.76 -145.32 -155.33 -2.83 0.91
-145.32 -155.33 -2.83 -147.87 -153.88 -3.06 0.91
-147.87 -153.88 -3.06 -149.88 -152.05 -3.36 0.91
-149.88 -152.05 -3.36 -150.42 -151.14 -2.98 0.73
-150.42 -151.14 -2.98 -151.15 -149.87 -2.53 0.73
-151.15 -149.87 -2.53 -151.34 -149.14 -2.0 0.73
-151.34 -149.14 -2.0 -150.97 -147.5 -1.32 0.73
-150.97 -147.5 -1.32 -150.61 -144.95 -1.02 0.73
-150.61 -144.95 -1.02 -150.06 -143.49 -0.64 0.73
-150.06 -143.49 -0.64 -149.51 -141.85 -0.33 0.73
-149.51 -141.85 -0.33 -148.96 -140.39 -0.18 0.73
-148.96 -140.39 -0.18 -148.6 -139.48 0.05 0.73
-148.6 -139.48 0.05 -148.78 -137.84 0.5 0.73
-148.78 -137.84 0.5 -148.96 -136.57 0.73 0.55
-148.96 -136.57 0.73 -149.51 -134.38 1.03 0.55
-149.51 -134.38 1.03 -150.24 -133.1 1.26 0.55
-150.24 -133.1 1.26 -152.25 -131.65 1.64 0.55
-123.42 -89.01 1.41 -124.88 -90.11 1.18 1.28
-124.88 -90.11 1.18 -125.43 -90.47 1.64 1.28
-125.43 -90.47 1.64 -126.34 -90.83 2.01 1.28
-126.34 -90.83 2.01 -127.8 -91.2 2.77 1.28
-127.8 -91.2 2.77 -129.44 -91.56 2.85 1.28
-129.44 -91.56 2.85 -133.64 -91.38 3.08 1.28
-133.64 -91.38 3.08 -135.65 -90.83 3.45 1.09
-135.65 -90.83 3.45 -141.48 -88.83 3.68 1.09
-141.48 -88.83 3.68 -143.31 -87.55 3.91 0.91
-143.31 -87.55 3.91 -146.23 -85.73 4.21 0.91
-146.23 -85.73 4.21 -146.59 -84.09 3.98 0.73
-146.59 -84.09 3.98 -146.59 -83.0 3.76 0.73
-146.59 -83.0 3.76 -146.96 -81.54 3.68 0.73
-146.96 -81.54 3.68 -147.87 -79.9 3.53 0.73
-147.87 -79.9 3.53 -148.78 -78.26 3.53 0.73
-148.78 -78.26 3.53 -149.51 -73.89 3.53 0.73
-149.51 -73.89 3.53 -148.23 -70.79 3.45 0.73
-146.23 -85.73 4.21 -147.69 -84.82 4.59 0.73
-147.69 -84.82 4.59 -148.78 -84.09 4.59 0.73
-148.78 -84.09 4.59 -150.79 -83.0 4.82 0.73
-150.79 -83.0 4.82 -152.61 -81.54 5.04 0.73
-152.61 -81.54 5.04 -154.44 -80.27 5.2 0.73
-154.44 -80.27 5.2 -155.72 -79.36 5.35 0.73
-155.72 -79.36 5.35 -158.45 -77.9 5.73 0.73
-158.45 -77.9 5.73 -161.55 -76.99 6.11 0.55
-101.5 -37.76 5.27 -101.14 -39.03 5.12 2.01
-101.14 -39.03 5.12 -101.14 -39.94 5.27 1.64
-101.14 -39.94 5.27 -100.95 -40.49 5.65 1.64
-100.95 -40.49 5.65 -100.41 -41.04 5.65 1.64
-100.41 -41.04 5.65 -100.41 -43.4 7.24 1.64
-100.41 -43.4 7.24 -100.04 -45.41 7.47 1.09
-100.04 -45.41 7.47 -99.68 -46.68 7.39 1.09
-99.68 -46.68 7.39 -99.68 -48.87 7.54 1.09
-99.68 -48.87 7.54 -99.49 -51.42 7.77 1.09
-99.49 -51.42 7.77 -99.49 -51.97 7.77 1.09
-99.49 -51.97 7.77 -99.31 -52.88 7.54 1.09
-99.31 -52.88 7.54 -99.13 -53.24 7.17 1.09
-99.13 -53.24 7.17 -98.76 -54.15 6.79 1.09
-98.76 -54.15 6.79 -98.04 -56.7 6.64 1.09
-98.04 -56.7 6.64 -97.85 -57.43 6.18 1.09
-97.85 -57.43 6.18 -97.49 -57.8 6.03 1.09
-97.49 -57.8 6.03 -97.49 -58.16 5.95 1.09
-97.49 -58.16 5.95 -97.31 -58.89 5.88 1.09
-97.31 -58.89 5.88 -97.12 -59.62 5.5 1.09
-97.12 -59.62 5.5 -96.94 -60.35 5.35 1.09
-96.94 -60.35 5.35 -96.39 -61.62 5.2 1.09
-96.39 -61.62 5.2 -95.66 -62.9 5.2 1.09
-95.66 -62.9 5.2 -95.48 -63.26 5.04 1.09
-95.48 -63.26 5.04 -94.93 -63.99 4.82 1.09
-94.93 -63.99 4.82 -94.39 -64.72 4.67 1.09
-94.39 -64.72 4.67 -93.11 -65.45 4.36 1.09
-93.11 -65.45 4.36 -92.56 -65.63 4.29 1.09
-92.56 -65.63 4.29 -92.01 -65.81 4.14 1.09
-92.01 -65.81 4.14 -91.28 -66.18 3.98 0.91
-91.28 -66.18 3.98 -90.92 -66.36 3.91 0.91
-90.92 -66.36 3.91 -90.01 -66.91 3.61 0.91
-90.01 -66.91 3.61 -89.64 -67.27 3.53 0.91
-89.64 -67.27 3.53 -89.09 -67.45 3.53 0.91
-89.09 -67.45 3.53 -88.18 -68.18 3.15 0.91
-88.18 -68.18 3.15 -87.45 -68.73 3.08 0.91
-87.45 -68.73 3.08 -86.18 -69.46 2.92 0.91
-86.18 -69.46 2.92 -84.9 -70.19 2.47 0.91
-84.9 -70.19 2.47 -84.53 -70.37 2.01 0.91
-84.53 -70.37 2.01 -84.17 -71.1 1.86 0.91
-84.17 -71.1 1.86 -83.8 -71.46 1.03 0.91
-83.8 -71.46 1.03 -83.26 -72.01 0.88 0.91
-83.26 -72.01 0.88 -82.16 -73.47 0.65 0.91
-82.16 -73.47 0.65 -81.8 -73.83 0.58 0.91
-81.8 -73.83 0.58 -81.8 -74.2 0.27 0.91
-81.8 -74.2 0.27 -80.34 -76.02 0.12 0.91
-80.34 -76.02 0.12 -79.97 -76.93 -0.48 0.73
-79.97 -76.93 -0.48 -79.06 -78.2 -1.17 0.73
-79.06 -78.2 -1.17 -79.06 -79.3 -1.55 0.73
-79.06 -79.3 -1.55 -79.06 -80.75 -1.55 0.73
-79.06 -80.75 -1.55 -79.24 -82.39 -1.85 0.73
-79.24 -82.39 -1.85 -79.61 -83.49 -2.15 0.73
-79.61 -83.49 -2.15 -80.7 -86.4 -2.38 0.73
-100.41 -41.04 5.65 -99.68 -42.31 5.65 1.64
-99.68 -42.31 5.65 -99.13 -43.04 5.65 1.28
-99.13 -43.04 5.65 -98.95 -43.59 5.5 1.28
-98.95 -43.59 5.5 -97.85 -45.04 5.2 1.28
-97.85 -45.04 5.2 -97.67 -45.59 4.67 1.28
-97.67 -45.59 4.67 -96.94 -47.41 4.59 1.28
-96.94 -47.41 4.59 -96.76 -48.14 4.44 1.28
-96.76 -48.14 4.44 -96.21 -49.42 4.36 1.28
-96.21 -49.42 4.36 -95.3 -50.87 4.14 1.28
-95.3 -50.87 4.14 -94.02 -52.88 4.14 1.28
-94.02 -52.88 4.14 -93.47 -54.34 3.98 1.28
-93.47 -54.34 3.98 -92.38 -56.34 3.83 1.28
-92.38 -56.34 3.83 -90.37 -57.62 3.61 1.09
-90.37 -57.62 3.61 -88.73 -58.34 3.08 1.09
-88.73 -58.34 3.08 -87.27 -59.44 3.0 1.09
-87.27 -59.44 3.0 -85.08 -60.71 2.7 1.09
-85.08 -60.71 2.7 -83.26 -62.9 2.39 1.09
-83.26 -62.9 2.39 -81.25 -65.09 2.39 1.09
-81.25 -65.09 2.39 -80.34 -67.27 2.17 1.09
-80.34 -67.27 2.17 -78.51 -69.28 1.94 1.09
-78.51 -69.28 1.94 -75.78 -70.73 1.79 1.09
-75.78 -70.73 1.79 -74.32 -72.19 1.56 1.09
-74.32 -72.19 1.56 -72.67 -74.92 1.33 1.09
-72.67 -74.92 1.33 -71.58 -78.02 1.18 1.09
-71.58 -78.02 1.18 -70.67 -80.21 0.65 1.09
-70.67 -80.21 0.65 -65.38 -86.95 -0.26 1.09
-65.38 -86.95 -0.26 -65.01 -87.86 -0.64 1.09
-65.01 -87.86 -0.64 -63.92 -89.68 -0.79 1.09
-63.92 -89.68 -0.79 -63.0 -92.78 -1.17 1.09
-63.0 -92.78 -1.17 -62.09 -96.61 -1.24 1.09
-62.09 -96.61 -1.24 -61.36 -101.71 -1.47 1.09
-61.36 -101.71 -1.47 -58.99 -107.54 -1.62 1.09
-58.99 -107.54 -1.62 -56.07 -111.73 -1.92 1.09
-56.07 -111.73 -1.92 -53.88 -116.1 -2.08 1.09
-53.88 -116.1 -2.08 -53.15 -118.47 -2.38 1.09
-53.15 -118.47 -2.38 -52.42 -121.57 -2.38 1.09
-52.42 -121.57 -2.38 -52.24 -123.21 -2.53 1.09
-52.24 -123.21 -2.53 -52.24 -125.94 -2.83 1.09
-52.24 -125.94 -2.83 -52.6 -128.86 -3.21 1.09
-52.6 -128.86 -3.21 -52.97 -131.04 -3.59 1.09
-52.97 -131.04 -3.59 -52.97 -134.14 -3.97 1.09
-52.97 -134.14 -3.97 -52.42 -135.96 -4.12 1.09
-52.42 -135.96 -4.12 -52.24 -138.51 -4.5 1.09
-52.24 -138.51 -4.5 -51.87 -141.06 -4.88 1.09
-51.87 -141.06 -4.88 -51.14 -143.25 -5.11 1.09
-51.14 -143.25 -5.11 -49.87 -145.98 -5.18 1.09
-49.87 -145.98 -5.18 -48.77 -147.62 -5.48 1.09
-48.77 -147.62 -5.48 -47.13 -150.17 -5.71 1.09
-47.13 -150.17 -5.71 -45.49 -152.54 -5.94 1.09
-45.49 -152.54 -5.94 -44.03 -154.55 -6.01 1.09
-44.03 -154.55 -6.01 -42.57 -156.37 -6.32 1.09
-42.57 -156.37 -6.32 -40.93 -158.01 -6.62 1.09
-40.93 -158.01 -6.62 -40.74 -158.37 -6.62 1.09
-40.74 -158.37 -6.62 -40.56 -158.74 -6.92 1.09
-40.56 -158.74 -6.92 -39.83 -160.01 -7.38 1.09
-39.83 -160.01 -7.38 -38.92 -160.92 -7.76 1.09
-38.92 -160.92 -7.76 -38.19 -162.2 -7.91 1.09
-38.19 -162.2 -7.91 -37.46 -163.11 -8.29 1.09
-37.46 -163.11 -8.29 -36.37 -164.2 -8.67 1.09
-36.37 -164.2 -8.67 -35.64 -164.93 -9.27 1.09
-35.64 -164.93 -9.27 -34.72 -165.48 -9.42 1.09
-34.72 -165.48 -9.42 -33.81 -166.21 -9.73 1.09
-33.81 -166.21 -9.73 -30.16 -168.21 -10.41 1.09
-30.16 -168.21 -10.41 -29.8 -168.39 -11.47 0.91
-29.8 -168.39 -11.47 -28.34 -168.94 -12.0 0.91
-28.34 -168.94 -12.0 -27.43 -169.49 -12.45 0.91
-27.43 -169.49 -12.45 -26.51 -170.03 -12.83 0.91
-26.51 -170.03 -12.83 -23.96 -170.76 -13.21 0.91
-23.96 -170.76 -13.21 -21.22 -172.4 -13.29 0.91
-21.22 -172.4 -13.29 -19.95 -173.13 -13.97 0.73
-19.95 -173.13 -13.97 -18.12 -173.31 -14.2 0.73
-89.9 -0.709 3.0155 -95.32 -6.11 5.5 2.74
-95.32 -6.11 5.5 -96.24 -7.02 6.33 2.74
-96.24 -7.02 6.33 -97.51 -7.75 6.48 2.74
-97.51 -7.75 6.48 -98.61 -8.48 6.79 2.74
-98.61 -8.48 6.79 -99.88 -9.39 6.94 2.74
-99.88 -9.39 6.94 -101.34 -10.3 7.24 2.74
-101.34 -10.3 7.24 -102.44 -11.21 7.47 2.74
-102.44 -11.21 7.47 -103.9 -11.94 7.85 2.74
-103.9 -11.94 7.85 -104.63 -12.31 7.92 2.74
-104.63 -12.31 7.92 -104.99 -12.67 8.53 2.74
-104.99 -12.67 8.53 -105.72 -12.85 8.83 2.74
-105.72 -12.85 8.83 -106.45 -13.4 9.44 2.74
-106.45 -13.4 9.44 -108.09 -13.95 8.07 2.74
-108.09 -13.95 8.07 -108.82 -14.13 7.85 1.28
-108.82 -14.13 7.85 -111.01 -15.04 8.53 1.09
-111.01 -15.04 8.53 -112.84 -15.59 8.61 1.09
-112.84 -15.59 8.61 -114.3 -15.59 8.0 1.09
-114.3 -15.59 8.0 -115.76 -15.77 7.7 1.09
-115.76 -15.77 7.7 -119.41 -16.13 7.17 1.09
-119.41 -16.13 7.17 -120.32 -16.31 6.41 1.09
-120.32 -16.31 6.41 -121.23 -16.5 5.88 1.09
-121.23 -16.5 5.88 -122.14 -17.04 5.42 1.09
-122.14 -17.04 5.42 -122.69 -17.77 4.82 1.09
-122.69 -17.77 4.82 -123.79 -18.68 4.14 1.09
-123.79 -18.68 4.14 -126.16 -21.23 3.23 1.09
-126.16 -21.23 3.23 -129.26 -22.33 2.77 1.09
-129.26 -22.33 2.77 -131.81 -24.51 2.32 1.09
-131.81 -24.51 2.32 -133.09 -28.34 1.71 1.09
-133.09 -28.34 1.71 -133.64 -32.35 1.11 1.09
-133.64 -32.35 1.11 -134.55 -35.26 0.2 1.09
-134.55 -35.26 0.2 -136.56 -38.54 -0.41 1.09
-136.56 -38.54 -0.41 -139.11 -42.19 -1.09 1.09
-139.11 -42.19 -1.09 -140.39 -45.65 -1.62 1.09
-140.39 -45.65 -1.62 -142.94 -49.29 -2.15 1.09
-142.94 -49.29 -2.15 -144.59 -51.66 -2.45 1.09
-144.59 -51.66 -2.45 -147.32 -53.3 -2.83 1.09
-147.32 -53.3 -2.83 -149.69 -56.4 -3.21 1.09
-149.69 -56.4 -3.21 -151.34 -59.68 -3.59 1.09
-151.34 -59.68 -3.59 -152.61 -62.41 -4.42 1.09
-152.61 -62.41 -4.42 -153.71 -65.87 -5.03 1.09
-153.71 -65.87 -5.03 -155.17 -69.52 -5.71 1.09
-155.17 -69.52 -5.71 -156.26 -72.07 -6.54 1.09
-156.26 -72.07 -6.54 -157.72 -75.53 -7.38 1.09
-157.72 -75.53 -7.38 -161.01 -81.72 -8.59 1.09
-161.01 -81.72 -8.59 -162.28 -83.36 -9.42 1.09
-162.28 -83.36 -9.42 -164.11 -84.82 -10.41 0.91
-164.11 -84.82 -10.41 -166.84 -86.46 -11.01 0.91
-166.84 -86.46 -11.01 -168.3 -88.65 -11.54 0.91
-168.3 -88.65 -11.54 -168.49 -91.2 -11.92 0.91
-168.49 -91.2 -11.92 -168.49 -93.57 -12.38 0.91
-168.49 -93.57 -12.38 -169.58 -98.49 -12.83 0.91
-169.58 -98.49 -12.83 -171.59 -105.59 -13.29 0.91
-171.59 -105.59 -13.29 -171.22 -107.23 -13.51 0.91
-171.22 -107.23 -13.51 -170.68 -108.69 -13.74 0.91
-170.68 -108.69 -13.74 -169.4 -111.6 -14.04 0.91
-169.4 -111.6 -14.04 -167.03 -114.52 -14.27 0.91
-167.03 -114.52 -14.27 -164.84 -116.34 -14.65 0.91
-164.84 -116.34 -14.65 -162.1 -119.07 -14.73 0.91
-162.1 -119.07 -14.73 -160.09 -122.72 -15.1 0.91
-160.09 -122.72 -15.1 -158.45 -125.63 -15.41 0.91
-158.45 -125.63 -15.41 -157.36 -128.91 -16.24 0.91
-157.36 -128.91 -16.24 -156.08 -132.19 -17.0 0.91
-156.08 -132.19 -17.0 -154.99 -135.47 -17.6 0.91
-154.99 -135.47 -17.6 -154.44 -137.11 -18.21 0.91
-154.44 -137.11 -18.21 -154.26 -139.48 -18.59 0.73
-154.26 -139.48 -18.59 -154.44 -140.39 -19.2 0.73
-154.44 -140.39 -19.2 -155.17 -141.3 -19.8 0.73
-155.17 -141.3 -19.8 -155.9 -141.49 -20.79 0.73
-155.9 -141.49 -20.79 -156.99 -141.85 -21.01 0.73
-156.99 -141.85 -21.01 -159.0 -142.03 -22.23 0.73
-159.0 -142.03 -22.23 -160.82 -142.03 -22.76 0.73
-160.82 -142.03 -22.76 -161.74 -142.03 -23.13 0.73
-161.74 -142.03 -23.13 -162.28 -141.85 -23.59 0.73
-162.28 -141.85 -23.59 -163.01 -141.67 -24.19 0.73
-163.01 -141.67 -24.19 -164.29 -140.39 -24.35 0.73
-164.29 -140.39 -24.35 -164.84 -140.03 -24.57 0.55
-164.84 -140.03 -24.57 -165.39 -139.85 -24.88 0.55
-108.09 -13.95 8.07 -109.74 -13.03 8.0 1.28
-109.74 -13.03 8.0 -111.2 -12.67 7.39 0.55
-111.2 -12.67 7.39 -112.66 -12.49 7.92 0.55
-112.66 -12.49 7.92 -113.39 -12.49 8.38 0.55
-113.39 -12.49 8.38 -115.21 -12.49 8.91 0.55
-115.21 -12.49 8.91 -116.67 -12.85 9.14 0.55
-116.67 -12.85 9.14 -117.22 -13.03 9.51 0.55
-117.22 -13.03 9.51 -118.31 -13.4 9.97 0.55
-118.31 -13.4 9.97 -118.86 -14.13 10.5 0.55
-118.86 -14.13 10.5 -119.41 -14.67 10.88 0.55
-119.41 -14.67 10.88 -120.5 -15.22 10.88 0.55
-120.5 -15.22 10.88 -121.05 -15.59 11.03 0.55
-121.05 -15.59 11.03 -122.87 -16.13 11.33 0.55
-122.87 -16.13 11.33 -124.15 -16.68 11.41 0.55
-106.45 -13.4 9.44 -107.55 -15.4 10.04 2.74
-107.55 -15.4 10.04 -107.73 -15.95 10.57 1.64
-107.73 -15.95 10.57 -107.73 -16.68 11.1 1.64
-107.73 -16.68 11.1 -107.55 -17.59 11.18 1.46
-107.55 -17.59 11.18 -107.18 -17.95 11.33 1.46
-107.18 -17.95 11.33 -107.0 -18.5 12.01 1.46
-107.0 -18.5 12.01 -106.64 -18.87 12.47 1.46
-106.64 -18.87 12.47 -106.27 -19.23 12.85 1.46
-106.27 -19.23 12.85 -105.91 -19.96 13.0 1.46
-105.91 -19.96 13.0 -105.54 -22.14 13.45 1.46
-105.54 -22.14 13.45 -105.36 -23.24 13.6 1.28
-105.36 -23.24 13.6 -104.81 -25.79 13.91 1.28
-104.81 -25.79 13.91 -104.63 -27.25 14.13 1.28
-104.63 -27.25 14.13 -104.63 -28.34 14.44 1.28
-104.63 -28.34 14.44 -104.63 -29.61 14.82 1.28
-104.63 -29.61 14.82 -104.63 -30.16 14.36 1.28
-104.63 -30.16 14.36 -104.45 -31.25 13.76 1.28
-104.45 -31.25 13.76 -104.26 -31.98 13.45 1.28
-104.26 -31.98 13.45 -103.9 -39.09 12.47 1.28
-103.9 -39.09 12.47 -103.72 -39.82 12.17 1.09
-103.72 -39.82 12.17 -103.35 -40.36 12.01 1.09
-103.35 -40.36 12.01 -102.62 -40.91 11.71 1.09
-102.62 -40.91 11.71 -102.07 -41.46 11.33 1.09
-102.07 -41.46 11.33 -101.53 -42.37 11.03 1.09
-101.53 -42.37 11.03 -100.98 -43.1 10.65 1.09
-100.98 -43.1 10.65 -100.61 -43.83 10.27 1.09
-100.61 -43.83 10.27 -100.43 -44.56 9.89 1.09
-100.43 -44.56 9.89 -100.07 -45.83 8.98 1.09
-100.07 -45.83 8.98 -100.07 -46.56 8.61 1.09
-100.07 -46.56 8.61 -99.7 -47.83 10.04 1.09
-99.7 -47.83 10.04 -99.7 -48.93 8.83 1.09
-99.7 -48.93 8.83 -99.34 -49.66 8.61 1.09
-99.34 -49.66 8.61 -98.97 -51.11 8.07 1.09
-98.97 -51.11 8.07 -98.79 -52.57 7.85 1.09
-98.79 -52.57 7.85 -98.97 -53.67 7.7 1.09
-98.97 -53.67 7.7 -98.42 -55.49 7.54 1.09
-98.42 -55.49 7.54 -98.24 -56.76 7.24 1.09
-98.24 -56.76 7.24 -97.33 -58.22 5.04 1.09
-97.33 -58.22 5.04 -96.78 -59.86 5.2 0.91
-96.78 -59.86 5.2 -96.24 -61.32 5.27 0.73
-89.9 -0.709 3.0155 -91.41 11.11 -2.98 3.65
-91.41 11.11 -2.98 -92.32 14.39 -3.06 3.65
-92.32 14.39 -3.06 -92.87 17.86 -3.29 3.65
-92.87 17.86 -3.29 -93.23 21.32 -3.36 3.65
-93.23 21.32 -3.36 -93.6 24.23 -3.51 3.47
-93.6 24.23 -3.51 -93.42 26.42 -3.59 3.47
-93.42 26.42 -3.59 -93.6 28.79 -3.67 3.47
-93.6 28.79 -3.67 -93.42 31.7 -3.74 3.47
-93.42 31.7 -3.74 -93.42 32.8 -3.74 3.47
-93.42 32.8 -3.74 -93.86 34.98 -3.67 3.47
-93.86 34.98 -3.67 -92.77 37.16 -3.21 2.74
-92.77 37.16 -3.21 -92.59 37.89 -2.98 2.74
-92.59 37.89 -2.98 -92.4 38.44 -2.53 2.74
-92.4 38.44 -2.53 -92.22 39.17 -3.06 2.74
-92.22 39.17 -3.06 -92.22 39.89 -3.74 2.74
-92.22 39.89 -3.74 -91.86 41.9 -4.2 2.74
-91.86 41.9 -4.2 -91.67 43.72 -4.35 2.74
-91.67 43.72 -4.35 -91.67 45.18 -4.12 2.74
-91.67 45.18 -4.12 -91.86 46.64 -3.82 2.74
-91.86 46.64 -3.82 -92.22 47.91 -3.36 2.74
-92.22 47.91 -3.36 -92.59 49.55 -3.06 2.74
-92.59 49.55 -3.06 -92.95 51.92 -2.91 2.74
-92.95 51.92 -2.91 -93.32 53.38 -2.38 2.74
-93.32 53.38 -2.38 -93.86 54.65 -2.15 2.74
-93.86 54.65 -2.15 -94.23 57.2 -1.77 2.74
-94.23 57.2 -1.77 -94.41 59.57 -1.55 2.74
-94.41 59.57 -1.55 -94.96 61.94 -1.09 2.74
-94.96 61.94 -1.09 -95.32 63.94 -0.79 2.74
-95.32 63.94 -0.79 -96.05 66.5 -0.11 2.74
-96.05 66.5 -0.11 -97.33 69.05 0.2 2.74
-97.33 69.05 0.2 -98.42 73.24 1.03 2.74
-98.42 73.24 1.03 -99.52 75.79 1.33 2.74
-99.52 75.79 1.33 -101.89 79.98 1.48 2.74
-101.89 79.98 1.48 -104.63 84.17 1.71 2.74
-104.63 84.17 1.71 -105.18 85.81 2.09 2.55
-105.18 85.81 2.09 -106.45 87.81 2.39 2.55
-106.45 87.81 2.39 -108.64 91.09 2.77 2.55
-108.64 91.09 2.77 -109.01 92.55 3.3 2.55
-109.01 92.55 3.3 -109.74 95.1 3.68 2.55
-109.74 95.1 3.68 -111.01 99.11 3.91 2.55
-111.01 99.11 3.91 -111.38 100.75 4.06 2.55
-111.38 100.75 4.06 -111.56 102.57 4.51 2.55
-111.56 102.57 4.51 -111.93 104.03 4.74 2.55
-111.93 104.03 4.74 -112.29 106.03 5.2 2.55
-112.29 106.03 5.2 -112.29 106.76 5.42 2.55
-112.29 106.76 5.42 -112.11 107.85 5.73 2.55
-112.11 107.85 5.73 -111.56 109.13 6.03 2.55
-111.56 109.13 6.03 -111.38 109.86 6.64 2.55
-111.38 109.86 6.64 -110.47 114.05 6.94 2.55
-110.47 114.05 6.94 -110.47 116.6 7.24 2.55
-110.47 116.6 7.24 -111.38 119.7 7.47 2.55
-111.38 119.7 7.47 -112.11 122.07 7.7 2.55
-112.11 122.07 7.7 -111.37 123.12 8.07 2.55
-111.37 123.12 8.07 -111.18 124.03 8.15 1.64
-111.18 124.03 8.15 -111.18 125.3 8.3 1.64
-111.18 125.3 8.3 -111.18 126.58 8.91 1.64
-111.18 126.58 8.91 -111.0 126.94 9.44 1.64
-111.0 126.94 9.44 -110.82 129.31 9.51 1.64
-110.82 129.31 9.51 -110.64 131.86 9.59 1.64
-110.64 131.86 9.59 -110.27 133.32 9.82 1.64
-110.27 133.32 9.82 -109.54 135.14 9.89 1.64
-109.54 135.14 9.89 -108.81 136.96 10.04 1.64
-108.81 136.96 10.04 -106.81 142.06 10.27 1.64
-106.81 142.06 10.27 -106.26 145.71 10.42 1.64
-106.26 145.71 10.42 -105.71 150.81 10.57 1.64
-105.71 150.81 10.57 -105.35 154.82 10.65 1.64
-105.35 154.82 10.65 -105.16 158.1 10.95 1.64
-105.16 158.1 10.95 -105.16 160.47 11.18 1.64
-105.16 160.47 11.18 -105.16 163.2 11.33 1.64
-105.16 163.2 11.33 -105.71 166.11 11.33 1.64
-105.71 166.11 11.33 -105.89 167.57 11.71 1.64
-105.89 167.57 11.71 -105.89 168.85 12.17 1.64
-105.89 168.85 12.17 -106.26 169.58 12.39 1.64
-106.26 169.58 12.39 -106.26 170.49 12.62 1.64
-106.26 170.49 12.62 -105.53 175.77 12.85 1.64
-105.53 175.77 12.85 -105.35 176.68 12.85 1.64
-105.35 176.68 12.85 -104.98 178.32 12.92 1.64
-104.98 178.32 12.92 -104.8 179.23 12.92 1.64
-104.8 179.23 12.92 -104.62 180.51 13.07 1.64
-104.62 180.51 13.07 -104.25 181.42 13.07 1.64
-104.25 181.42 13.07 -104.07 182.15 13.15 1.64
-104.07 182.15 13.15 -103.89 183.42 13.3 1.64
-103.89 183.42 13.3 -103.89 185.97 13.3 1.64
-103.89 185.97 13.3 -103.89 186.89 13.45 1.64
-103.89 186.89 13.45 -103.89 188.16 13.53 1.64
-103.89 188.16 13.53 -103.89 188.71 13.91 1.64
-103.89 188.71 13.91 -103.89 189.44 14.06 1.64
-103.89 189.44 14.06 -103.7 190.71 14.29 1.64
-103.7 190.71 14.29 -103.16 194.17 14.59 1.64
-103.16 194.17 14.59 -103.34 195.63 14.74 1.64
-103.34 195.63 14.74 -103.52 196.54 15.04 1.64
-103.52 196.54 15.04 -103.52 199.82 15.5 1.64
-103.52 199.82 15.5 -103.52 201.83 15.73 1.64
-103.52 201.83 15.73 -102.79 204.19 15.88 1.64
-102.79 204.19 15.88 -102.43 208.57 16.26 1.64
-102.43 208.57 16.26 -102.24 209.3 16.33 1.64
-102.24 209.3 16.33 -102.24 211.48 16.48 1.64
-102.24 211.48 16.48 -102.06 213.12 16.94 1.64
-102.06 213.12 16.94 -101.88 214.4 17.16 1.64
-101.88 214.4 17.16 -101.88 215.49 17.54 1.64
-101.88 215.49 17.54 -102.33 220.36 17.92 1.64
-102.33 220.36 17.92 -101.6 226.37 18.3 1.64
-101.6 226.37 18.3 -101.23 230.74 18.53 1.64
-101.23 230.74 18.53 -100.5 235.3 18.68 1.64
-100.5 235.3 18.68 -100.14 240.22 19.13 1.64
-100.14 240.22 19.13 -100.14 243.68 19.36 1.64
-100.14 243.68 19.36 -99.77 246.59 19.66 1.64
-99.77 246.59 19.66 -99.04 249.51 19.97 1.64
-99.04 249.51 19.97 -98.49 253.34 20.12 1.64
-98.49 253.34 20.12 -97.04 256.43 20.42 1.64
-97.04 256.43 20.42 -96.85 260.26 20.73 1.64
-96.85 260.26 20.73 -96.49 264.45 20.8 1.64
-96.49 264.45 20.8 -95.94 267.36 21.1 1.64
-95.94 267.36 21.1 -95.21 269.92 21.26 1.64
-95.21 269.92 21.26 -93.75 276.29 21.63 1.64
-93.75 276.29 21.63 -93.93 279.75 21.79 1.64
-93.93 279.75 21.79 -94.12 282.85 21.94 1.64
-94.12 282.85 21.94 -94.3 285.4 22.09 1.64
-94.3 285.4 22.09 -94.3 289.23 22.32 1.64
-94.3 289.23 22.32 -93.57 292.14 22.47 1.64
-93.57 292.14 22.47 -93.39 295.06 22.69 1.64
-93.39 295.06 22.69 -92.84 298.34 22.92 1.64
-92.84 298.34 22.92 -92.29 300.34 23.0 1.64
-92.29 300.34 23.0 -91.56 303.08 23.07 1.64
-91.56 303.08 23.07 -91.38 305.08 23.22 1.64
-91.38 305.08 23.22 -91.56 305.99 23.45 1.64
-91.56 305.99 23.45 -89.88 313.08 23.76 1.64
-89.88 313.08 23.76 -88.79 318.36 23.91 1.64
-88.79 318.36 23.91 -88.42 325.1 24.13 1.64
-88.42 325.1 24.13 -88.06 331.12 24.29 1.64
-88.06 331.12 24.29 -87.15 337.31 24.66 1.64
-87.15 337.31 24.66 -85.87 344.96 24.89 1.64
-85.87 344.96 24.89 -84.41 353.53 25.12 1.64
-84.41 353.53 25.12 -84.23 362.09 25.35 1.64
-84.23 362.09 25.35 -84.23 365.19 25.57 1.64
-84.23 365.19 25.57 -82.59 367.33 25.27 1.64
-82.59 367.33 25.27 -81.13 369.7 25.42 1.46
-81.13 369.7 25.42 -79.85 371.88 25.65 1.46
-79.85 371.88 25.65 -79.67 373.34 25.8 1.46
-79.67 373.34 25.8 -78.76 376.07 26.03 1.46
-78.76 376.07 26.03 -77.84 378.81 26.1 1.46
-77.84 378.81 26.1 -77.3 378.9 25.12 1.46
-77.3 378.9 25.12 -77.3 378.9 24.29 0.91
-77.3 378.9 24.29 -76.57 379.26 23.91 0.91
-76.57 379.26 23.91 -75.29 379.99 23.76 0.91
-75.29 379.99 23.76 -74.74 379.99 23.68 0.91
-74.74 379.99 23.68 -71.64 379.99 23.38 0.91
-71.64 379.99 23.38 -70.55 381.08 23.15 0.73
-70.55 381.08 23.15 -69.45 382.0 22.92 0.73
-69.45 382.0 22.92 -68.17 382.36 22.92 0.73
-68.17 382.36 22.92 -66.35 383.27 22.62 0.73
-66.35 383.27 22.62 -64.34 383.82 22.24 0.73
-64.34 383.82 22.24 -63.07 384.0 22.01 0.73
-63.07 384.0 22.01 -60.33 384.0 22.01 0.73
-60.33 384.0 22.01 -59.23 384.18 22.01 0.73
-59.23 384.18 22.01 -57.23 385.27 21.94 0.73
-57.23 385.27 21.94 -55.77 386.37 21.33 0.73
-55.77 386.37 21.33 -54.12 387.83 21.1 0.73
-54.12 387.83 21.1 -52.48 389.1 20.88 0.73
-52.48 389.1 20.88 -50.29 390.56 21.71 0.73
-50.29 390.56 21.71 -48.65 391.47 22.16 0.73
-48.65 391.47 22.16 -47.19 392.2 22.32 0.73
-47.19 392.2 22.32 -46.28 392.93 22.32 0.73
-46.28 392.93 22.32 -45.0 394.02 22.54 0.73
-45.0 394.02 22.54 -43.73 394.57 22.77 0.73
-43.73 394.57 22.77 -42.08 395.48 23.0 0.73
-42.08 395.48 23.0 -40.44 396.39 23.22 0.73
-40.44 396.39 23.22 -39.53 397.12 23.45 0.73
-39.53 397.12 23.45 -38.25 397.85 23.68 0.73
-38.25 397.85 23.68 -37.52 398.58 24.06 0.73
-37.52 398.58 24.06 -35.51 399.85 24.59 0.73
-35.51 399.85 24.59 -32.96 400.76 24.89 0.73
-32.96 400.76 24.89 -31.32 401.49 25.27 0.73
-31.32 401.49 25.27 -28.95 402.58 25.5 0.73
-28.95 402.58 25.5 -27.67 403.49 25.88 0.73
-27.67 403.49 25.88 -27.12 403.86 26.25 0.73
-27.12 403.86 26.25 -25.11 405.32 26.86 0.73
-25.11 405.32 26.86 -23.47 407.5 27.24 0.55
-23.47 407.5 27.24 -23.11 409.69 27.54 0.55
-23.11 409.69 27.54 -22.74 411.15 27.92 0.55
-22.74 411.15 27.92 -22.38 412.42 28.3 0.55
-22.38 412.42 28.3 -22.01 413.33 28.38 0.55
-22.01 413.33 28.38 -21.28 414.43 28.75 0.55
-21.28 414.43 28.75 -20.74 414.79 29.06 0.55
-20.74 414.79 29.06 -18.55 416.43 29.59 0.55
-18.55 416.43 29.59 -13.99 420.62 29.74 0.55
-13.99 420.62 29.74 -11.98 422.44 29.97 0.55
-11.98 422.44 29.97 -9.24 425.18 30.04 0.55
-9.24 425.18 30.04 -5.77 430.64 30.19 0.55
-5.77 430.64 30.19 0.43 432.65 30.5 0.55
0.43 432.65 30.5 4.44 433.56 30.72 0.55
4.44 433.56 30.72 5.72 434.1 30.8 0.55
5.72 434.1 30.8 9.0 434.83 31.1 0.55
-77.84 378.81 26.1 -77.84 383.73 26.18 1.46
-77.84 383.73 26.18 -79.3 392.47 26.48 1.46
-79.3 392.47 26.48 -82.77 398.48 26.48 1.46
-82.77 398.48 26.48 -86.05 404.5 26.63 1.28
-86.05 404.5 26.63 -91.53 413.97 26.71 1.28
-91.53 413.97 26.71 -92.44 415.43 26.86 1.28
-92.44 415.43 26.86 -92.44 416.16 27.16 1.09
-92.44 416.16 27.16 -92.62 416.89 27.16 1.09
-92.62 416.89 27.16 -92.62 417.25 27.47 1.09
-92.62 417.25 27.47 -92.62 418.16 27.24 1.09
-92.62 418.16 27.24 -92.81 419.07 27.01 1.09
-92.81 419.07 27.01 -92.81 419.8 26.79 1.09
-92.81 419.8 26.79 -92.81 420.53 26.63 1.09
-92.81 420.53 26.63 -92.44 421.26 26.56 1.09
-92.44 421.26 26.56 -92.08 422.35 26.41 1.09
-92.08 422.35 26.41 -91.71 422.9 26.03 1.09
-91.71 422.9 26.03 -91.16 423.45 25.8 1.09
-91.16 423.45 25.8 -90.62 423.99 25.65 1.09
-90.62 423.99 25.65 -90.07 424.36 25.42 1.09
-90.07 424.36 25.42 -89.52 425.09 25.35 1.09
-89.52 425.09 25.35 -88.97 425.45 25.04 1.09
-88.97 425.45 25.04 -88.43 426.0 24.89 1.09
-88.43 426.0 24.89 -88.24 426.54 24.74 1.09
-88.24 426.54 24.74 -88.24 427.45 24.59 1.09
-88.24 427.45 24.59 -88.79 430.55 24.21 1.09
-88.79 430.55 24.21 -88.79 431.46 23.98 0.91
-88.79 431.46 23.98 -88.43 432.19 23.91 0.91
-88.43 432.19 23.91 -88.43 433.1 23.53 0.91
-88.43 433.1 23.53 -88.43 433.65 23.3 0.91
-88.43 433.65 23.3 -88.43 435.11 23.22 0.91
-88.43 435.11 23.22 -88.43 436.02 22.85 0.91
-88.43 436.02 22.85 -88.97 437.48 20.42 0.91
-88.97 437.48 20.42 -89.16 438.39 20.42 0.91
-89.16 438.39 20.42 -89.16 439.48 20.42 0.91
-89.16 439.48 20.42 -89.34 440.39 20.27 0.91
-89.34 440.39 20.27 -89.34 440.94 20.19 0.91
-89.34 440.94 20.19 -89.34 441.85 20.12 0.91
-89.34 441.85 20.12 -89.34 442.03 19.59 0.91
-89.34 442.03 19.59 -89.34 442.58 19.29 0.91
-89.34 442.58 19.29 -89.34 442.76 18.83 0.91
-89.34 442.76 18.83 -89.34 443.31 18.68 0.91
-89.34 443.31 18.68 -89.16 444.22 17.92 0.91
-89.16 444.22 17.92 -88.79 445.13 17.62 0.91
-88.79 445.13 17.62 -88.43 446.04 17.32 0.91
-88.43 446.04 17.32 -88.06 446.77 16.71 0.91
-88.06 446.77 16.71 -87.7 447.68 16.33 0.73
-87.7 447.68 16.33 -86.97 449.14 15.95 0.73
-86.97 449.14 15.95 -86.05 450.59 15.65 0.73
-86.05 450.59 15.65 -85.87 451.14 15.27 0.73
-85.87 451.14 15.27 -85.69 451.87 14.97 0.73
-85.69 451.87 14.97 -85.32 452.78 14.67 0.73
-85.32 452.78 14.67 -84.78 454.78 14.21 0.73
-84.78 454.78 14.21 -84.05 459.52 13.91 0.73
-84.05 459.52 13.91 -85.14 465.35 13.53 0.73
-85.14 465.35 13.53 -85.51 467.36 13.3 0.55
-85.51 467.36 13.3 -85.51 470.64 13.15 0.55
-85.51 470.64 13.15 -84.96 473.37 12.92 0.55
-84.96 473.37 12.92 -84.41 474.64 12.77 0.55
-84.41 474.64 12.77 -83.32 476.1 12.54 0.55
-83.32 476.1 12.54 -80.95 477.92 12.17 0.55
-80.95 477.92 12.17 -78.21 479.2 11.94 0.55
-78.21 479.2 11.94 -77.66 480.66 11.79 0.55
-77.66 480.66 11.79 -77.48 483.21 11.79 0.55
-77.48 483.21 11.79 -77.84 486.85 11.56 0.55
-77.84 486.85 11.56 -77.48 488.31 11.56 0.55
-77.48 488.31 11.56 -71.92 497.62 11.26 0.55
-84.23 365.19 25.57 -85.14 365.73 25.8 1.64
-85.14 365.73 25.8 -86.24 369.93 25.95 1.28
-86.24 369.93 25.95 -86.78 373.02 26.18 1.28
-86.78 373.02 26.18 -89.88 376.85 26.41 1.28
-89.88 376.85 26.41 -91.89 378.85 26.56 1.28
-91.89 378.85 26.56 -93.9 380.31 26.63 1.28
-93.9 380.31 26.63 -95.91 382.31 26.86 1.28
-95.91 382.31 26.86 -97.91 384.14 27.01 1.28
-97.91 384.14 27.01 -100.47 386.51 27.09 1.28
-100.47 386.51 27.09 -102.66 388.15 27.32 1.28
-102.66 388.15 27.32 -105.03 389.97 27.47 1.28
-105.03 389.97 27.47 -106.49 391.24 27.54 1.28
-106.49 391.24 27.54 -109.59 397.44 27.77 1.28
-109.59 397.44 27.77 -112.15 399.76 28.15 1.28
-112.15 399.76 28.15 -113.06 400.49 28.22 1.09
-113.06 400.49 28.22 -113.79 401.76 28.53 1.09
-113.79 401.76 28.53 -114.33 402.49 28.75 1.09
-114.33 402.49 28.75 -115.06 403.59 29.06 1.09
-115.06 403.59 29.06 -115.98 404.5 29.36 1.09
-115.98 404.5 29.36 -117.07 405.41 29.44 1.09
-117.07 405.41 29.44 -119.08 406.87 29.82 1.09
-119.08 406.87 29.82 -120.36 408.69 30.04 0.91
-120.36 408.69 30.04 -122.0 410.69 30.27 0.91
-122.0 410.69 30.27 -124.37 411.24 30.42 0.55
-112.11 122.07 7.7 -113.02 122.98 8.0 2.55
-113.02 122.98 8.0 -113.2 123.52 8.23 2.01
-113.2 123.52 8.23 -113.93 125.89 8.45 2.01
-113.93 125.89 8.45 -114.48 128.44 8.61 2.01
-114.48 128.44 8.61 -115.21 131.72 8.76 2.01
-115.21 131.72 8.76 -115.76 135.55 8.91 2.01
-115.76 135.55 8.91 -116.12 140.83 9.29 2.01
-116.12 140.83 9.29 -116.85 147.21 9.44 2.01
-116.85 147.21 9.44 -117.95 158.51 9.67 2.01
-117.95 158.51 9.67 -118.31 161.97 9.82 2.01
-118.31 161.97 9.82 -119.41 165.79 9.97 2.01
-119.41 165.79 9.97 -120.32 169.99 10.12 2.01
-120.32 169.99 10.12 -120.14 181.46 10.27 2.01
-120.14 181.46 10.27 -121.96 195.68 10.57 2.01
-121.96 195.68 10.57 -123.42 204.24 10.8 2.01
-123.42 204.24 10.8 -123.97 209.34 10.88 2.01
-123.97 209.34 10.88 -124.15 212.26 11.03 2.01
-124.15 212.26 11.03 -125.67 227.43 11.41 2.01
-125.67 227.43 11.41 -125.67 232.53 11.64 2.01
-125.67 232.53 11.64 -125.86 233.63 11.71 2.01
-125.86 233.63 11.71 -125.67 236.72 11.94 2.01
-125.67 236.72 11.94 -126.04 240.19 12.24 2.01
-126.04 240.19 12.24 -126.04 243.47 12.39 2.01
-126.04 243.47 12.39 -125.49 247.66 12.7 2.01
-125.49 247.66 12.7 -125.31 253.12 13.0 2.01
-125.31 253.12 13.0 -125.13 257.86 13.07 2.01
-125.13 257.86 13.07 -125.13 262.41 13.53 2.01
-125.13 262.41 13.53 -125.13 264.96 13.6 2.01
-125.13 264.96 13.6 -124.94 268.79 14.06 2.01
-124.94 268.79 14.06 -124.03 272.43 14.51 1.82
-124.03 272.43 14.51 -123.67 274.26 14.74 1.82
-123.67 274.26 14.74 -123.12 278.45 15.04 1.82
-123.12 278.45 15.04 -123.12 281.91 15.12 1.82
-123.12 281.91 15.12 -123.85 284.82 15.35 1.82
-123.85 284.82 15.35 -124.4 289.2 15.42 1.82
-124.4 289.2 15.42 -124.21 292.66 15.57 1.64
-124.21 292.66 15.57 -123.12 297.4 15.73 1.64
-123.12 297.4 15.73 -122.57 301.04 15.88 1.64
-122.57 301.04 15.88 -122.39 302.13 16.03 1.64
-122.39 302.13 16.03 -122.21 303.04 16.41 1.64
-122.21 303.04 16.41 -122.21 303.23 16.79 1.64
-122.21 303.23 16.79 -122.06 308.74 17.47 1.64
-122.06 308.74 17.47 -121.33 312.93 17.7 1.64
-121.33 312.93 17.7 -119.87 323.32 17.92 1.64
-119.87 323.32 17.92 -118.78 327.87 18.07 1.46
-118.78 327.87 18.07 -117.32 332.61 18.38 1.46
-117.32 332.61 18.38 -116.04 336.8 18.38 1.46
-116.04 336.8 18.38 -115.49 342.26 18.45 1.46
-115.49 342.26 18.45 -115.68 347.91 18.6 1.46
-115.68 347.91 18.6 -116.04 351.92 18.91 1.46
-116.04 351.92 18.91 -116.59 353.38 19.13 1.46
-116.59 353.38 19.13 -117.86 356.48 19.74 1.46
-117.86 356.48 19.74 -117.86 357.57 19.89 1.46
-117.86 357.57 19.89 -117.86 359.39 20.19 1.46
-117.86 359.39 20.19 -117.86 361.03 20.5 1.46
-117.86 361.03 20.5 -117.86 362.12 20.04 1.46
-117.86 362.12 20.04 -117.86 362.67 19.74 1.46
-117.86 362.67 19.74 -117.68 363.58 19.29 1.46
-117.68 363.58 19.29 -117.5 365.77 18.76 1.46
-117.5 365.77 18.76 -117.32 366.86 18.3 1.46
-117.32 366.86 18.3 -116.95 368.68 17.77 1.46
-116.95 368.68 17.77 -116.22 371.78 17.39 1.46
-116.22 371.78 17.39 -116.04 374.88 17.09 1.46
-116.04 374.88 17.09 -116.04 376.34 16.71 1.46
-116.04 376.34 16.71 -116.04 377.98 16.18 1.46
-116.04 377.98 16.18 -115.31 380.34 15.88 1.46
-115.31 380.34 15.88 -114.95 385.26 15.57 1.46
-114.95 385.26 15.57 -115.49 390.0 15.35 1.46
-115.49 390.0 15.35 -116.77 393.1 14.97 1.46
-116.77 393.1 14.97 -117.86 394.19 14.74 1.46
-117.86 394.19 14.74 -118.74 395.91 14.13 1.46
-118.74 395.91 14.13 -119.29 397.01 13.6 1.46
-119.29 397.01 13.6 -120.38 399.56 13.15 1.46
-120.38 399.56 13.15 -121.11 402.47 13.07 1.46
-121.11 402.47 13.07 -120.5 403.95 12.54 1.46
-120.5 403.95 12.54 -123.79 408.5 12.17 1.28
-123.79 408.5 12.17 -124.33 411.05 12.24 1.28
-124.33 411.05 12.24 -124.7 412.51 12.32 1.28
-124.7 412.51 12.32 -124.88 412.69 12.47 1.28
-124.88 412.69 12.47 -125.25 413.97 11.64 1.28
-125.25 413.97 11.64 -125.43 414.52 11.41 1.28
-125.43 414.52 11.41 -125.79 415.97 11.1 1.28
-125.79 415.97 11.1 -126.52 416.7 10.27 1.28
-126.52 416.7 10.27 -127.07 417.61 10.42 0.91
-127.07 417.61 10.42 -127.98 418.16 10.8 0.91
-127.98 418.16 10.8 -128.71 418.34 11.1 0.91
-128.71 418.34 11.1 -129.44 418.52 11.41 0.91
-129.44 418.52 11.41 -130.17 418.89 11.1 0.91
-130.17 418.89 11.1 -130.54 419.07 10.5 0.91
-130.54 419.07 10.5 -131.45 419.62 10.2 0.91
-131.45 419.62 10.2 -133.46 420.16 10.04 0.91
-133.46 420.16 10.04 -134.73 420.89 9.74 0.91
-134.73 420.89 9.74 -134.92 420.89 9.36 0.91
-134.92 420.89 9.36 -135.1 420.89 9.06 0.91
-135.1 420.89 9.06 -135.28 421.26 8.38 0.91
-135.28 421.26 8.38 -136.38 422.17 7.47 0.91
-136.38 422.17 7.47 -137.29 423.08 6.41 0.91
-137.29 423.08 6.41 -138.02 423.81 5.73 0.91
-138.02 423.81 5.73 -138.57 424.35 5.27 0.91
-138.57 424.35 5.27 -138.75 424.9 4.51 0.91
-138.75 424.9 4.51 -139.29 425.81 3.83 0.91
-139.29 425.81 3.83 -139.29 426.54 3.3 0.91
-139.29 426.54 3.3 -139.48 427.27 2.7 0.91
-139.48 427.27 2.7 -139.66 428.18 2.24 0.91
-139.66 428.18 2.24 -140.21 430.37 1.94 0.91
-140.21 430.37 1.94 -140.39 430.91 1.64 0.91
-140.39 430.91 1.64 -140.94 432.19 1.41 0.91
-140.94 432.19 1.41 -141.3 433.46 0.8 0.91
-141.3 433.46 0.8 -141.67 434.19 0.65 0.91
-141.67 434.19 0.65 -142.4 435.47 0.12 0.91
-142.4 435.47 0.12 -143.67 437.11 -0.26 0.91
-143.67 437.11 -0.26 -144.77 438.2 -0.48 0.91
-144.77 438.2 -0.48 -145.68 438.93 -0.79 0.91
-145.68 438.93 -0.79 -146.41 439.48 -1.39 0.91
-146.41 439.48 -1.39 -146.78 439.66 -3.14 0.91
-146.78 439.66 -3.14 -148.05 441.12 -3.14 0.91
-148.05 441.12 -3.14 -149.15 443.49 -3.74 0.91
-149.15 443.49 -3.74 -154.26 450.04 -4.42 0.91
-154.26 450.04 -4.42 -159.73 455.51 -5.03 0.91
-159.73 455.51 -5.03 -164.66 461.52 -5.41 0.91
-164.66 461.52 -5.41 -166.12 462.07 -5.86 0.73
-166.12 462.07 -5.86 -167.03 462.62 -6.17 0.73
-167.03 462.62 -6.17 -169.4 464.07 -6.54 0.73
-169.4 464.07 -6.54 -173.6 468.45 -6.77 0.73
-173.6 468.45 -6.77 -177.25 473.0 -6.92 0.73
-177.25 473.0 -6.92 -179.8 475.92 -7.23 0.73
-179.8 475.92 -7.23 -181.08 477.37 -7.45 0.73
-181.08 477.37 -7.45 -193.3 490.49 -7.76 0.73
-193.3 490.49 -7.76 -194.58 492.31 -8.06 0.73
-194.58 492.31 -8.06 -196.04 493.59 -8.21 0.73
-196.04 493.59 -8.21 -199.69 495.96 -8.29 0.73
-199.69 495.96 -8.29 -221.03 509.99 -8.89 0.73
-221.03 509.99 -8.89 -224.32 512.9 -9.12 0.73
-224.32 512.9 -9.12 -225.05 513.81 -8.59 0.73
-225.05 513.81 -8.59 -226.14 514.91 -8.29 0.73
-226.14 514.91 -8.29 -228.51 517.09 -7.98 0.73
-228.51 517.09 -7.98 -230.16 518.92 -7.83 0.73
-230.16 518.92 -7.83 -233.62 521.28 -7.68 0.73
-233.62 521.28 -7.68 -235.63 522.56 -7.38 0.55
-235.63 522.56 -7.38 -238.18 524.02 -7.0 0.55
-238.18 524.02 -7.0 -241.65 526.2 -6.77 0.55
-125.79 415.97 11.1 -124.52 418.89 11.1 1.28
-124.52 418.89 11.1 -123.6 421.26 11.03 1.09
-123.6 421.26 11.03 -122.14 423.63 10.73 1.09
-122.14 423.63 10.73 -120.32 425.81 10.42 1.09
-120.32 425.81 10.42 -116.31 429.46 9.97 1.09
-116.31 429.46 9.97 -113.2 434.92 9.82 1.09
-113.2 434.92 9.82 -111.74 437.29 9.44 1.09
-111.74 437.29 9.44 -110.1 443.3 9.06 1.09
-110.1 443.3 9.06 -109.01 446.58 8.3 1.09
-109.01 446.58 8.3 -107.91 450.59 8.07 1.09
-107.91 450.59 8.07 -105.54 455.33 7.62 1.09
-105.54 455.33 7.62 -103.35 458.79 7.01 1.09
-103.35 458.79 7.01 -98.97 468.08 6.56 1.09
-98.97 468.08 6.56 -97.15 472.64 6.18 1.09
-97.15 472.64 6.18 -96.24 475.19 5.58 1.09
-96.24 475.19 5.58 -95.69 479.2 5.27 1.09
-95.69 479.2 5.27 -95.14 482.66 4.67 1.09
-95.14 482.66 4.67 -95.32 485.21 4.29 1.09
-95.32 485.21 4.29 -96.05 491.4 3.68 1.09
-96.05 491.4 3.68 -96.05 494.68 3.38 0.91
-96.05 494.68 3.38 -95.87 495.78 3.15 0.73
-95.87 495.78 3.15 -95.32 496.87 2.92 0.73
-95.32 496.87 2.92 -94.78 497.6 2.7 0.73
-94.78 497.6 2.7 -93.68 498.33 2.62 0.73
-93.68 498.33 2.62 -92.77 499.06 2.62 0.73
-92.77 499.06 2.62 -92.04 499.6 2.32 0.73
-92.04 499.6 2.32 -91.49 500.15 2.32 0.73
-91.49 500.15 2.32 -90.58 501.61 2.09 0.73
-90.58 501.61 2.09 -90.22 502.7 1.79 0.55
-90.22 502.7 1.79 -90.03 503.43 1.48 0.55
-90.03 503.43 1.48 -89.67 504.89 1.26 0.55
-89.67 504.89 1.26 -89.3 506.16 1.26 0.55
-89.3 506.16 1.26 -88.76 506.89 1.18 0.55
-88.76 506.89 1.18 -87.3 508.17 1.11 0.55
-87.3 508.17 1.11 -86.02 508.71 0.95 0.55
-120.5 403.95 12.54 -119.59 405.59 12.77 1.28
-119.59 405.59 12.77 -119.41 406.5 12.7 1.28
-119.41 406.5 12.7 -118.86 407.59 12.54 1.28
-118.86 407.59 12.54 -118.5 408.69 12.39 1.28
-118.5 408.69 12.39 -117.95 409.96 12.09 1.28
-117.95 409.96 12.09 -117.04 411.05 11.86 1.28
-117.04 411.05 11.86 -115.76 413.24 11.56 1.28
-115.76 413.24 11.56 -115.21 414.33 11.26 1.28
-115.21 414.33 11.26 -114.66 415.06 11.18 1.28
-114.66 415.06 11.18 -113.2 417.25 10.8 1.28
-113.2 417.25 10.8 -111.93 419.25 10.35 1.28
-111.93 419.25 10.35 -110.1 421.8 10.2 1.28
-110.1 421.8 10.2 -108.83 423.44 10.04 1.28
-108.83 423.44 10.04 -107.18 425.81 9.82 1.28
-107.18 425.81 9.82 -106.45 427.09 9.67 1.28
-106.45 427.09 9.67 -106.09 428.54 9.29 1.28
-106.09 428.54 9.29 -106.45 430.0 8.91 1.28
-106.45 430.0 8.91 -106.64 431.46 8.61 1.28
-106.64 431.46 8.61 -107.0 438.2 8.23 1.28
-107.0 438.2 8.23 -106.64 440.57 7.7 1.28
-106.64 440.57 7.7 -106.82 442.39 7.24 1.09
-106.82 442.39 7.24 -106.82 444.94 7.01 1.09
-106.82 444.94 7.01 -106.64 448.77 6.79 1.09
-106.64 448.77 6.79 -105.72 454.05 6.48 1.09
-105.72 454.05 6.48 -105.54 456.42 6.18 1.09
-105.54 456.42 6.18 -104.99 459.52 5.8 1.09
-104.99 459.52 5.8 -103.53 466.81 5.5 1.09
-103.53 466.81 5.5 -103.53 469.36 5.5 1.09
-103.53 469.36 5.5 -103.53 471.18 5.35 1.09
-103.53 471.18 5.35 -102.07 475.37 5.27 1.09
-102.07 475.37 5.27 -101.16 478.83 5.04 0.91
-101.16 478.83 5.04 -100.8 481.93 4.97 0.91
-100.8 481.93 4.97 -101.16 485.03 4.97 0.91
-101.16 485.03 4.97 -101.34 487.58 4.89 0.91
-101.34 487.58 4.89 -100.8 491.95 4.82 0.91
-100.8 491.95 4.82 -100.98 494.14 4.59 0.73
-121.11 402.47 13.07 -122.75 403.57 13.0 1.46
-122.75 403.57 13.0 -123.3 404.11 12.92 1.09
-123.3 404.11 12.92 -123.66 404.48 12.62 1.09
-123.66 404.48 12.62 -124.21 405.02 12.39 1.09
-124.21 405.02 12.39 -125.12 405.57 12.24 1.09
-125.12 405.57 12.24 -126.4 407.03 12.09 1.09
-126.4 407.03 12.09 -127.86 408.48 11.94 1.09
-127.86 408.48 11.94 -129.69 410.67 11.86 1.09
-129.69 410.67 11.86 -130.78 411.4 11.48 1.09
-130.78 411.4 11.48 -131.88 412.13 11.1 1.09
-131.88 412.13 11.1 -132.97 412.68 10.73 1.09
-132.97 412.68 10.73 -133.88 413.22 10.42 1.09
-133.88 413.22 10.42 -135.52 414.13 10.12 1.09
-135.52 414.13 10.12 -137.35 415.23 9.51 1.09
-137.35 415.23 9.51 -139.54 416.5 9.14 1.09
-139.54 416.5 9.14 -141.55 417.96 8.76 1.09
-141.55 417.96 8.76 -142.82 419.23 8.45 1.09
-142.82 419.23 8.45 -143.92 420.51 8.07 1.09
-143.92 420.51 8.07 -145.74 424.52 7.62 1.09
-145.74 424.52 7.62 -148.3 429.62 7.32 1.09
-148.3 429.62 7.32 -148.48 431.44 7.09 1.09
-148.48 431.44 7.09 -149.03 433.63 6.71 1.09
-149.03 433.63 6.71 -149.39 435.27 6.48 1.09
-149.39 435.27 6.48 -149.76 438.91 6.33 1.09
-149.76 438.91 6.33 -149.94 441.1 6.03 1.09
-149.94 441.1 6.03 -150.3 442.92 5.95 1.09
-150.3 442.92 5.95 -150.49 444.38 5.73 1.09
-150.49 444.38 5.73 -152.67 448.75 5.42 1.09
-152.67 448.75 5.42 -153.04 449.48 5.12 1.09
-153.04 449.48 5.12 -154.13 451.3 4.89 1.09
-154.13 451.3 4.89 -155.41 453.49 4.59 1.09
-155.41 453.49 4.59 -156.51 455.86 4.44 1.09
-156.51 455.86 4.44 -157.6 458.41 4.14 1.09
-157.6 458.41 4.14 -158.33 460.05 3.91 1.09
-158.33 460.05 3.91 -159.06 461.51 3.61 1.09
-159.06 461.51 3.61 -159.79 462.6 3.23 1.09
-159.79 462.6 3.23 -160.52 463.87 3.08 1.09
-160.52 463.87 3.08 -161.61 465.7 2.77 1.09
-161.61 465.7 2.77 -161.61 466.61 2.7 1.09
-161.61 466.61 2.7 -161.61 467.15 2.7 1.09
-161.61 467.15 2.7 -161.61 468.79 2.62 1.09
-161.61 468.79 2.62 -161.61 470.25 2.47 1.09
-161.61 470.25 2.47 -161.25 471.89 2.39 1.09
-161.25 471.89 2.39 -160.34 474.44 2.24 1.09
-160.34 474.44 2.24 -159.61 476.45 2.24 1.09
-159.61 476.45 2.24 -158.88 478.45 2.24 1.09
-158.88 478.45 2.24 -157.97 480.27 2.24 1.09
-157.97 480.27 2.24 -157.42 481.55 2.24 1.09
-157.42 481.55 2.24 -157.05 482.46 2.24 1.09
-157.05 482.46 2.24 -156.81 484.12 2.09 1.09
-157.05 482.46 2.24 -154.86 483.73 2.24 1.09
-154.86 483.73 2.24 -154.32 484.46 2.09 0.91
-154.32 484.46 2.09 -153.77 485.19 2.01 0.91
-93.42 32.8 -3.74 -95.24 33.52 -3.74 3.47
-95.24 33.52 -3.74 -96.15 34.07 -3.74 1.28
-96.15 34.07 -3.74 -96.88 34.8 -3.67 1.28
-96.88 34.8 -3.67 -97.61 36.08 -3.59 1.28
-97.61 36.08 -3.59 -97.98 36.62 -3.51 1.28
-97.98 36.62 -3.51 -97.98 37.17 -3.29 1.28
-97.98 37.17 -3.29 -98.16 38.08 -2.76 1.28
-98.16 38.08 -2.76 -98.34 38.26 -2.3 1.28
-98.34 38.26 -2.3 -98.52 38.81 -2.08 1.28
-98.52 38.81 -2.08 -98.71 38.99 -1.47 1.28
-98.71 38.99 -1.47 -99.25 39.54 -1.24 1.28
-99.25 39.54 -1.24 -99.98 40.08 -0.94 1.28
-99.98 40.08 -0.94 -100.53 40.08 -0.86 1.28
-100.53 40.08 -0.86 -102.17 40.45 -0.56 1.28
-102.17 40.45 -0.56 -102.72 40.45 -0.26 1.28
-102.72 40.45 -0.26 -103.82 40.81 -0.18 1.28
-103.82 40.81 -0.18 -105.28 40.99 0.12 1.28
-105.28 40.99 0.12 -107.28 41.91 0.8 1.28
-107.28 41.91 0.8 -109.11 42.63 1.64 1.28
-109.11 42.63 1.64 -110.93 43.36 1.64 1.28
-110.93 43.36 1.64 -112.39 43.91 1.94 1.28
-112.39 43.91 1.94 -114.4 44.46 2.09 1.28
-114.4 44.46 2.09 -115.31 45.19 2.17 1.28
-115.31 45.19 2.17 -116.22 45.37 2.32 1.28
-116.22 45.37 2.32 -117.5 46.1 2.39 1.28
-117.5 46.1 2.39 -118.59 46.46 2.55 1.28
-118.59 46.46 2.55 -118.96 46.64 3.08 1.28
-118.96 46.64 3.08 -119.87 47.74 3.38 1.28
-119.87 47.74 3.38 -121.15 49.01 3.61 1.28
-121.15 49.01 3.61 -121.7 49.92 3.91 1.28
-121.7 49.92 3.91 -122.24 51.02 3.98 1.28
-122.24 51.02 3.98 -123.7 52.66 4.59 1.28
-123.7 52.66 4.59 -124.25 53.02 4.89 1.28
-124.25 53.02 4.89 -124.98 53.38 4.89 1.28
-124.98 53.38 4.89 -125.89 53.57 5.12 1.28
-125.89 53.57 5.12 -126.44 53.93 5.35 1.28
-126.44 53.93 5.35 -128.45 54.66 5.5 1.28
-128.45 54.66 5.5 -129.36 54.66 5.8 1.28
-129.36 54.66 5.8 -130.45 55.02 6.03 1.28
-130.45 55.02 6.03 -131.73 55.57 6.18 1.28
-131.73 55.57 6.18 -132.28 55.57 6.64 1.09
-132.28 55.57 6.64 -133.19 56.12 6.94 1.09
-133.19 56.12 6.94 -134.29 56.66 7.32 1.09
-134.29 56.66 7.32 -135.75 57.21 7.62 1.09
-135.75 57.21 7.62 -137.02 57.39 7.92 1.09
-137.02 57.39 7.92 -137.57 57.58 7.92 1.09
-137.57 57.58 7.92 -138.48 57.76 8.15 1.09
-138.48 57.76 8.15 -139.76 57.94 8.3 1.09
-139.76 57.94 8.3 -141.58 57.76 8.38 1.09
-141.58 57.76 8.38 -142.86 57.76 8.61 1.09
-142.86 57.76 8.61 -143.77 57.76 8.76 1.09
-143.77 57.76 8.76 -145.42 57.76 8.83 1.09
-145.42 57.76 8.83 -146.51 57.58 8.98 1.09
-146.51 57.58 8.98 -148.88 57.76 9.29 1.09
-148.88 57.76 9.29 -150.34 58.12 9.36 1.09
-150.34 58.12 9.36 -151.62 58.49 9.59 1.09
-151.62 58.49 9.59 -152.35 58.67 9.97 1.09
-152.35 58.67 9.97 -153.44 59.4 10.12 1.09
-153.44 59.4 10.12 -154.72 60.13 10.27 1.09
-154.72 60.13 10.27 -156.91 61.04 10.35 1.09
-156.91 61.04 10.35 -159.65 61.95 10.5 1.09
-159.65 61.95 10.5 -162.38 62.68 10.73 1.09
-162.38 62.68 10.73 -165.48 63.41 10.95 1.09
-165.48 63.41 10.95 -168.77 64.68 10.95 1.09
-168.77 64.68 10.95 -173.51 66.69 11.18 1.09
-173.51 66.69 11.18 -177.16 69.96 11.41 1.09
-177.16 69.96 11.41 -179.72 73.24 11.71 1.09
-179.72 73.24 11.71 -181.18 76.16 11.86 1.09
-181.18 76.16 11.86 -182.82 80.17 11.94 1.09
-182.82 80.17 11.94 -183.55 83.99 12.01 1.09
-183.55 83.99 12.01 -184.28 87.46 12.09 1.09
-184.28 87.46 12.09 -184.82 89.28 12.09 1.09
-184.82 89.28 12.09 -185.01 90.37 12.09 1.09
-185.01 90.37 12.09 -185.01 92.01 12.09 1.09
-185.01 92.01 12.09 -185.19 93.65 12.24 1.09
-185.19 93.65 12.24 -185.19 94.38 12.32 1.09
-185.19 94.38 12.32 -185.92 95.65 12.47 1.09
-185.92 95.65 12.47 -186.28 97.84 12.77 1.09
-186.28 97.84 12.77 -186.47 98.39 12.77 1.09
-186.47 98.39 12.77 -186.65 98.93 12.39 1.09
-186.65 98.93 12.39 -187.56 101.3 11.79 1.09
-187.56 101.3 11.79 -188.47 102.94 11.1 1.09
-188.47 102.94 11.1 -191.03 104.76 10.5 1.09
-191.03 104.76 10.5 -192.85 106.95 9.97 1.09
-192.85 106.95 9.97 -195.59 110.23 9.29 1.09
-195.59 110.23 9.29 -197.6 112.78 7.92 1.09
-197.6 112.78 7.92 -201.79 118.07 7.32 1.09
-201.79 118.07 7.32 -206.54 121.71 6.94 1.09
-206.54 121.71 6.94 -207.71 124.62 6.48 1.09
-207.71 124.62 6.48 -208.08 125.35 6.26 1.09
-208.08 125.35 6.26 -208.81 126.62 5.65 1.09
-208.81 126.62 5.65 -210.82 128.63 5.27 1.09
-210.82 128.63 5.27 -212.82 130.45 5.12 1.09
-212.82 130.45 5.12 -214.1 131.72 4.74 0.91
-214.1 131.72 4.74 -215.19 132.82 4.29 0.91
-215.19 132.82 4.29 -216.47 133.91 4.06 0.91
-216.47 133.91 4.06 -218.66 135.73 3.76 0.91
-218.66 135.73 3.76 -219.76 136.64 3.61 0.91
-219.76 136.64 3.61 -220.67 137.37 3.45 0.91
-220.67 137.37 3.45 -222.13 138.1 2.92 0.91
-222.13 138.1 2.92 -223.22 138.83 2.62 0.91
-223.22 138.83 2.62 -224.5 139.74 2.55 0.91
-224.5 139.74 2.55 -226.14 140.65 2.24 0.91
-226.14 140.65 2.24 -227.24 141.2 1.64 0.91
-227.24 141.2 1.64 -231.43 142.29 0.88 0.91
-231.43 142.29 0.88 -233.99 143.02 0.2 0.91
-233.99 143.02 0.2 -238.18 144.29 -0.41 0.91
-238.18 144.29 -0.41 -239.64 145.02 -0.71 0.73
-239.64 145.02 -0.71 -241.83 146.48 -1.55 0.73
-241.83 146.48 -1.55 -244.02 147.76 -1.92 0.73
-244.02 147.76 -1.92 -249.5 151.58 -2.61 0.73
-249.5 151.58 -2.61 -253.14 155.23 -2.91 0.73
