-10.16 -58.97 17.54 -10.16 -58.61 17.09 1.82
-10.16 -58.61 17.09 -10.89 -58.79 16.03 1.82
-10.89 -58.79 16.03 -11.8 -59.15 14.97 1.82
-11.8 -59.15 14.97 -12.89 -59.34 14.29 1.82
-12.89 -59.34 14.29 -13.44 -59.52 13.76 1.82
-13.44 -59.52 13.76 -14.9 -60.61 12.24 1.82
-14.9 -60.61 12.24 -16.54 -60.98 11.94 1.82
-16.54 -60.98 11.94 -20.01 -61.34 11.64 1.82
-20.01 -61.34 11.64 -21.1 -61.89 11.03 1.64
-21.1 -61.89 11.03 -21.65 -62.07 10.8 1.64
-21.65 -62.07 10.8 -23.11 -62.43 10.5 1.64
-23.11 -62.43 10.5 -23.84 -62.62 11.56 1.64
-23.84 -62.62 11.56 -27.67 -63.71 11.56 1.64
-27.67 -63.71 11.56 -28.22 -64.26 11.41 1.64
-28.22 -64.26 11.41 -28.95 -64.62 11.26 1.64
-28.95 -64.62 11.26 -29.86 -65.17 10.8 1.64
-29.86 -65.17 10.8 -30.77 -65.9 10.57 1.64
-30.77 -65.9 10.57 -31.5 -66.26 10.57 1.64
-31.5 -66.26 10.57 -32.6 -66.99 10.27 1.64
-32.6 -66.99 10.27 -33.33 -67.72 10.04 1.64
-33.33 -67.72 10.04 -34.06 -68.99 11.64 1.46
-34.06 -68.99 11.64 -33.88 -69.72 11.71 1.46
-33.88 -69.72 11.71 -33.69 -70.45 11.71 1.46
-33.69 -70.45 11.71 -33.88 -73.0 11.94 1.46
-33.88 -73.0 11.94 -33.88 -73.37 12.09 1.28
-33.88 -73.37 12.09 -34.06 -74.82 12.54 1.28
-34.06 -74.82 12.54 -34.06 -75.73 12.7 1.09
-34.06 -75.73 12.7 -34.61 -77.01 12.85 1.09
-34.61 -77.01 12.85 -34.79 -79.38 13.23 1.09
-34.79 -79.38 13.23 -35.15 -80.29 13.45 0.91
-35.15 -80.29 13.45 -35.52 -82.11 13.6 0.91
-35.52 -82.11 13.6 -35.88 -83.02 13.6 0.91
-33.33 -67.72 10.04 -34.79 -68.45 12.62 0.91
-34.79 -68.45 12.62 -36.06 -68.81 13.15 0.91
-36.06 -68.81 13.15 -36.98 -69.18 13.38 0.91
-36.98 -69.18 13.38 -37.89 -69.36 14.21 0.91
-37.89 -69.36 14.21 -39.53 -69.9 14.59 0.91
-39.53 -69.9 14.59 -40.63 -70.09 14.97 0.91
-40.63 -70.09 14.97 -42.63 -71.0 15.04 0.91
-42.63 -71.0 15.04 -44.09 -71.36 15.57 0.91
-44.09 -71.36 15.57 -45.73 -71.91 16.1 0.91
-45.73 -71.91 16.1 -47.56 -72.09 16.41 0.91
-47.56 -72.09 16.41 -49.02 -72.64 17.01 0.91
-49.02 -72.64 17.01 -50.3 -72.82 17.62 0.91
-50.3 -72.82 17.62 -51.94 -73.37 17.92 0.91
-51.94 -73.37 17.92 -52.85 -73.55 18.15 0.91
-52.85 -73.55 18.15 -54.68 -73.91 18.6 0.91
-54.68 -73.91 18.6 -56.68 -74.64 19.36 0.91
-56.68 -74.64 19.36 -58.51 -74.82 20.12 0.91
-58.51 -74.82 20.12 -60.51 -75.37 20.19 0.91
-60.51 -75.37 20.19 -64.71 -76.28 20.57 0.91
-64.71 -76.28 20.57 -67.26 -77.92 21.26 0.91
-67.26 -77.92 21.26 -69.45 -79.56 21.33 0.91
-69.45 -79.56 21.33 -70.91 -83.21 22.16 0.91
-70.91 -83.21 22.16 -75.47 -86.85 23.38 0.91
-75.47 -86.85 23.38 -76.02 -88.85 24.06 0.91
-76.02 -88.85 24.06 -76.93 -90.13 24.44 0.91
-76.93 -90.13 24.44 -78.94 -92.86 24.74 0.91
-78.94 -92.86 24.74 -81.13 -95.59 24.89 0.91
-81.13 -95.59 24.89 -83.14 -97.78 25.19 0.91
-83.14 -97.78 25.19 -86.06 -100.7 25.65 0.91
-86.06 -100.7 25.65 -91.35 -107.62 26.18 0.91
-91.35 -107.62 26.18 -93.9 -110.17 26.41 0.91
-93.9 -110.17 26.41 -96.46 -113.09 26.79 0.91
-96.46 -113.09 26.79 -99.19 -115.27 27.16 0.91
-99.19 -115.27 27.16 -102.48 -117.46 27.54 0.91
-102.48 -117.46 27.54 -106.49 -120.92 28.0 0.91
-106.49 -120.92 28.0 -109.05 -126.02 28.15 0.91
-109.05 -126.02 28.15 -111.42 -129.12 28.45 0.91
-111.42 -129.12 28.45 -116.71 -130.94 29.36 0.91
-116.71 -130.94 29.36 -121.64 -132.95 29.51 0.91
-121.64 -132.95 29.51 -122.55 -133.49 29.66 0.91
-122.55 -133.49 29.66 -123.82 -134.22 29.82 0.91
-123.82 -134.22 29.82 -125.1 -134.77 30.12 0.91
-125.1 -134.77 30.12 -126.56 -135.31 30.19 0.91
-126.56 -135.31 30.19 -129.48 -136.23 30.5 0.91
-129.48 -136.23 30.5 -130.94 -137.5 31.1 0.91
-130.94 -137.5 31.1 -132.76 -139.14 31.48 0.91
-132.76 -139.14 31.48 -134.95 -141.33 31.78 0.91
-134.95 -141.33 31.78 -137.14 -143.7 31.86 0.91
-137.14 -143.7 31.86 -139.15 -146.06 32.16 0.91
-139.15 -146.06 32.16 -140.25 -148.43 32.31 0.91
-140.25 -148.43 32.31 -142.07 -152.62 32.31 0.91
-142.07 -152.62 32.31 -144.44 -153.72 32.85 0.91
-144.44 -153.72 32.85 -145.72 -153.72 32.85 0.91
-145.72 -153.72 32.85 -147.54 -154.26 33.45 0.91
-147.54 -154.26 33.45 -148.82 -155.36 33.68 0.91
-148.82 -155.36 33.68 -152.83 -158.09 34.13 0.91
-152.83 -158.09 34.13 -154.11 -159.18 34.44 0.91
-154.11 -159.18 34.44 -155.57 -160.09 34.74 0.91
-155.57 -160.09 34.74 -157.03 -160.82 34.97 0.91
-157.03 -160.82 34.97 -159.04 -161.55 35.42 0.91
-159.04 -161.55 35.42 -161.05 -161.73 35.8 0.91
-161.05 -161.73 35.8 -163.05 -162.28 36.03 0.91
-163.05 -162.28 36.03 -164.88 -162.83 36.03 0.91
-164.88 -162.83 36.03 -166.7 -163.19 35.12 0.91
-166.7 -163.19 35.12 -167.43 -163.74 34.59 0.91
-167.43 -163.74 34.59 -168.53 -164.47 35.57 0.91
-168.53 -164.47 35.57 -169.07 -164.83 37.01 0.91
-169.07 -164.83 37.01 -170.17 -165.38 37.54 0.91
-170.17 -165.38 37.54 -171.63 -166.11 38.0 0.91
-171.63 -166.11 38.0 -172.72 -167.02 38.68 0.91
-172.72 -167.02 38.68 -173.82 -167.93 39.28 0.91
-173.82 -167.93 39.28 -175.09 -169.02 39.97 0.91
-175.09 -169.02 39.97 -176.92 -170.48 40.19 0.91
-176.92 -170.48 40.19 -179.29 -171.75 40.72 0.91
-179.29 -171.75 40.72 -180.93 -172.67 41.18 0.91
-180.93 -172.67 41.18 -188.78 -176.67 41.63 0.91
-188.78 -176.67 41.63 -190.6 -177.95 41.78 0.91
-190.6 -177.95 41.78 -192.97 -179.59 42.54 0.91
-192.97 -179.59 42.54 -195.71 -180.68 43.15 0.91
-195.71 -180.68 43.15 -198.63 -182.5 43.68 0.91
-198.63 -182.5 43.68 -202.1 -184.51 43.98 0.91
-202.1 -184.51 43.98 -205.56 -187.24 44.06 0.91
-205.56 -187.24 44.06 -207.02 -189.06 43.37 0.91
-207.02 -189.06 43.37 -207.75 -190.16 43.07 0.91
-207.75 -190.16 43.07 -209.03 -191.43 42.54 0.91
-209.03 -191.43 42.54 -211.4 -193.62 42.24 0.91
-211.4 -193.62 42.24 -213.41 -195.26 41.71 0.91
-213.41 -195.26 41.71 -214.69 -195.99 41.4 0.91
-214.69 -195.99 41.4 -215.96 -196.9 40.95 0.91
-215.96 -196.9 40.95 -217.5 -195.68 40.87 0.91
-217.5 -195.68 40.87 -218.96 -195.13 40.95 0.91
-218.96 -195.13 40.95 -222.25 -194.4 41.25 0.91
-222.25 -194.4 41.25 -225.53 -193.86 41.56 0.91
-225.53 -193.86 41.56 -226.81 -194.22 41.63 0.73
-226.81 -194.22 41.63 -228.09 -194.59 41.86 0.73
-228.09 -194.59 41.86 -229.36 -194.95 41.94 0.73
-229.36 -194.95 41.94 -230.46 -195.13 42.31 0.73
-230.46 -195.13 42.31 -231.55 -195.32 42.47 0.73
-231.55 -195.32 42.47 -233.74 -195.32 42.69 0.73
-233.74 -195.32 42.69 -235.57 -194.4 43.07 0.73
-235.57 -194.4 43.07 -236.48 -192.95 42.31 0.73
-236.48 -192.95 42.31 -237.21 -192.22 42.01 0.55
-237.21 -192.22 42.01 -238.3 -191.31 41.71 0.55
-238.3 -191.31 41.71 -238.3 -190.4 41.71 0.55
-215.96 -196.9 40.95 -216.04 -197.5 41.03 0.91
-216.04 -197.5 41.03 -216.59 -198.05 39.66 0.91
-216.59 -198.05 39.66 -217.14 -198.6 39.21 0.91
-217.14 -198.6 39.21 -218.23 -199.69 38.37 0.91
-218.23 -199.69 38.37 -220.24 -201.33 37.92 0.91
-220.24 -201.33 37.92 -222.06 -203.15 37.62 0.91
-222.06 -203.15 37.62 -225.71 -208.07 37.24 0.91
-225.71 -208.07 37.24 -229.55 -211.9 36.94 0.91
-229.55 -211.9 36.94 -231.92 -213.35 36.63 0.91
-231.92 -213.35 36.63 -234.47 -214.81 36.1 0.91
-234.47 -214.81 36.1 -236.3 -216.09 35.72 0.91
-236.3 -216.09 35.72 -238.49 -217.36 35.04 0.91
-238.49 -217.36 35.04 -240.49 -219.37 34.28 0.91
-240.49 -219.37 34.28 -243.05 -222.28 33.6 0.91
-243.05 -222.28 33.6 -245.42 -224.29 33.3 0.91
-245.42 -224.29 33.3 -248.7 -227.2 33.07 0.91
-248.7 -227.2 33.07 -253.81 -232.67 32.69 0.91
-253.81 -232.67 32.69 -258.37 -237.22 32.09 0.91
-258.37 -237.22 32.09 -262.93 -241.23 31.86 0.91
-262.93 -241.23 31.86 -266.22 -243.96 31.41 0.91
-266.22 -243.96 31.41 -268.59 -245.78 31.25 0.91
-268.59 -245.78 31.25 -272.97 -249.25 30.65 0.91
-272.97 -249.25 30.65 -282.82 -258.17 29.89 0.91
-282.82 -258.17 29.89 -288.66 -262.0 29.89 0.91
-288.66 -262.0 29.89 -294.68 -268.56 29.06 0.91
-294.68 -268.56 29.06 -298.88 -272.75 28.38 0.91
-298.88 -272.75 28.38 -303.62 -277.31 27.85 0.91
-303.62 -277.31 27.85 -309.46 -281.13 27.24 0.91
-309.46 -281.13 27.24 -313.29 -285.14 26.71 0.91
-313.29 -285.14 26.71 -314.39 -285.87 26.41 0.91
-314.39 -285.87 26.41 -327.95 -298.96 25.72 0.91
-327.95 -298.96 25.72 -331.96 -303.15 24.66 0.91
-331.96 -303.15 24.66 -334.88 -304.79 24.36 0.91
-334.88 -304.79 24.36 -342.18 -309.34 23.83 0.91
-342.18 -309.34 23.83 -347.83 -313.35 23.45 0.91
-347.83 -313.35 23.45 -355.5 -318.82 22.62 0.91
-355.5 -318.82 22.62 -362.25 -322.64 21.48 0.91
-362.25 -322.64 21.48 -365.17 -324.28 21.18 0.91
-365.17 -324.28 21.18 -367.72 -325.92 20.57 0.91
-367.72 -325.92 20.57 -369.91 -327.01 20.04 0.91
-369.91 -327.01 20.04 -372.1 -327.74 19.59 0.91
-372.1 -327.74 19.59 -375.75 -329.38 18.83 0.91
-375.75 -329.38 18.83 -378.85 -332.3 18.53 0.91
-378.85 -332.3 18.53 -381.95 -333.94 18.3 0.91
-381.95 -333.94 18.3 -384.32 -335.76 18.0 0.91
-384.32 -335.76 18.0 -387.06 -337.04 17.62 0.91
-387.06 -337.04 17.62 -388.52 -338.31 17.01 0.91
-388.52 -338.31 17.01 -389.98 -339.04 16.56 0.91
-389.98 -339.04 16.56 -391.44 -339.95 15.95 0.91
-391.44 -339.95 15.95 -401.84 -345.05 15.27 0.91
-401.84 -345.05 15.27 -407.13 -347.06 14.82 0.91
-407.13 -347.06 14.82 -411.33 -348.7 13.98 0.91
-411.33 -348.7 13.98 -414.98 -349.97 13.45 0.91
-414.98 -349.97 13.45 -418.62 -351.07 12.85 0.91
-418.62 -351.07 12.85 -422.46 -353.25 12.47 0.91
-422.46 -353.25 12.47 -425.56 -357.81 11.86 0.91
-425.56 -357.81 11.86 -426.83 -360.18 11.64 0.91
-426.83 -360.18 11.64 -428.11 -362.54 11.03 0.91
-428.11 -362.54 11.03 -429.75 -364.18 10.73 0.91
-429.75 -364.18 10.73 -431.21 -365.28 11.41 0.91
-431.21 -365.28 11.41 -433.04 -366.55 11.79 0.91
-433.04 -366.55 11.79 -434.68 -367.65 12.01 0.91
-434.68 -367.65 12.01 -436.87 -369.29 12.24 0.91
-436.87 -369.29 12.24 -438.88 -371.29 12.47 0.91
-438.88 -371.29 12.47 -440.15 -372.56 12.7 0.91
-440.15 -372.56 12.7 -440.7 -373.11 13.07 0.91
-440.7 -373.11 13.07 -444.92 -376.1 13.53 0.91
-444.92 -376.1 13.53 -446.75 -377.56 13.91 0.73
-446.75 -377.56 13.91 -448.94 -378.65 14.13 0.73
-448.94 -378.65 14.13 -450.94 -379.2 13.45 0.73
-450.94 -379.2 13.45 -453.86 -380.29 12.01 0.73
-453.86 -380.29 12.01 -456.78 -382.29 11.48 0.73
-456.78 -382.29 11.48 -460.8 -385.03 10.2 0.73
-460.8 -385.03 10.2 -463.17 -386.85 10.2 0.73
-463.17 -386.85 10.2 -466.45 -388.67 9.44 0.73
-466.45 -388.67 9.44 -471.2 -391.04 8.91 0.73
-471.2 -391.04 8.91 -478.13 -395.96 10.73 0.73
-478.13 -395.96 10.73 -479.77 -393.95 10.8 0.73
-479.77 -393.95 10.8 -481.41 -393.41 11.03 0.73
-481.41 -393.41 11.03 -482.69 -392.68 11.48 0.73
-482.69 -392.68 11.48 -485.24 -391.95 11.79 0.73
-485.24 -391.95 11.79 -486.52 -391.77 12.01 0.73
-486.52 -391.77 12.01 -488.53 -391.59 11.1 0.73
-488.53 -391.59 11.1 -489.81 -391.59 10.88 0.73
-489.81 -391.59 10.88 -491.27 -391.04 10.2 0.73
-491.27 -391.04 10.2 -492.0 -390.49 9.59 0.73
-492.0 -390.49 9.59 -493.46 -389.95 9.67 0.73
-493.46 -389.95 9.67 -494.73 -389.04 10.35 0.73
-478.13 -395.96 10.73 -479.04 -396.87 10.57 0.73
-479.04 -396.87 10.57 -479.41 -398.15 10.2 0.73
-479.41 -398.15 10.2 -479.95 -399.06 9.06 0.73
-479.95 -399.06 9.06 -480.14 -399.97 8.07 0.73
-480.14 -399.97 8.07 -480.5 -401.43 7.32 0.73
-480.5 -401.43 7.32 -480.87 -403.61 6.33 0.73
-480.87 -403.61 6.33 -481.96 -406.34 5.88 0.73
-481.96 -406.34 5.88 -482.87 -407.98 5.27 0.73
-482.87 -407.98 5.27 -483.6 -409.44 4.82 0.73
-483.6 -409.44 4.82 -484.7 -411.81 4.36 0.73
-484.7 -411.81 4.36 -485.97 -413.81 4.29 0.73
-485.97 -413.81 4.29 -486.52 -414.73 3.0 0.73
-486.52 -414.73 3.0 -487.07 -416.18 2.39 0.73
-487.07 -416.18 2.39 -487.98 -417.46 1.86 0.73
-487.98 -417.46 1.86 -489.99 -419.28 1.48 0.73
-489.99 -419.28 1.48 -492.0 -420.92 0.95 0.73
-492.0 -420.92 0.95 -493.46 -421.65 0.73 0.73
-493.46 -421.65 0.73 -494.73 -422.56 0.2 0.73
-494.73 -422.56 0.2 -495.64 -423.29 -0.79 0.73
-495.64 -423.29 -0.79 -496.74 -424.56 -1.24 0.73
-496.74 -424.56 -1.24 -497.29 -425.29 -1.7 0.73
-497.29 -425.29 -1.7 -497.83 -426.2 -2.15 0.73
-497.83 -426.2 -2.15 -498.56 -427.48 -2.61 0.73
-498.56 -427.48 -2.61 -499.66 -428.57 -3.06 0.73
-499.66 -428.57 -3.06 -500.39 -429.48 -3.29 0.73
-500.39 -429.48 -3.29 -500.94 -430.21 -3.89 0.73
-500.94 -430.21 -3.89 -503.49 -434.77 -4.05 0.73
-503.49 -434.77 -4.05 -504.58 -436.04 -4.65 0.73
-504.58 -436.04 -4.65 -505.13 -436.41 -5.03 0.73
-505.13 -436.41 -5.03 -505.31 -437.68 -5.48 0.73
-505.31 -437.68 -5.48 -505.68 -438.41 -5.94 0.73
-505.68 -438.41 -5.94 -506.04 -438.96 -6.32 0.73
-506.04 -438.96 -6.32 -506.59 -439.69 -6.77 0.73
-506.59 -439.69 -6.77 -508.23 -440.42 -7.61 0.73
-508.23 -440.42 -7.61 -508.96 -441.14 -8.59 0.73
-508.96 -441.14 -8.59 -510.24 -442.06 -9.2 0.73
-510.24 -442.06 -9.2 -510.97 -444.61 -10.64 0.73
-510.97 -444.61 -10.64 -511.7 -446.25 -11.77 0.73
-511.7 -446.25 -11.77 -512.25 -447.16 -12.76 0.73
-512.25 -447.16 -12.76 -512.61 -447.52 -13.36 0.73
-512.61 -447.52 -13.36 -513.34 -448.25 -13.97 0.73
-513.34 -448.25 -13.97 -513.71 -448.98 -14.27 0.73
-513.71 -448.98 -14.27 -514.44 -449.89 -14.88 0.73
-514.44 -449.89 -14.88 -515.35 -450.98 -15.63 0.73
-515.35 -450.98 -15.63 -516.26 -452.44 -16.17 0.73
-516.26 -452.44 -16.17 -517.36 -453.72 -16.77 0.73
-517.36 -453.72 -16.77 -518.45 -455.17 -17.07 0.73
-518.45 -455.17 -17.07 -519.55 -456.63 -17.83 0.73
-519.55 -456.63 -17.83 -520.82 -458.27 -18.29 0.73
-520.82 -458.27 -18.29 -521.55 -459.91 -18.74 0.73
-521.55 -459.91 -18.74 -521.92 -461.37 -19.2 0.73
-521.92 -461.37 -19.2 -522.65 -462.97 -19.2 0.73
-522.65 -462.97 -19.2 -522.65 -463.15 -19.5 0.73
-522.65 -463.15 -19.5 -522.83 -463.52 -20.26 0.73
-522.83 -463.52 -20.26 -523.38 -464.61 -20.94 0.73
-523.38 -464.61 -20.94 -523.93 -465.34 -21.69 0.73
-523.93 -465.34 -21.69 -524.29 -465.89 -22.6 0.73
-524.29 -465.89 -22.6 -525.21 -466.43 -23.59 0.73
-525.21 -466.43 -23.59 -526.12 -467.34 -24.27 0.73
-526.12 -467.34 -24.27 -526.67 -468.25 -24.42 0.73
-526.67 -468.25 -24.42 -527.21 -469.17 -22.98 0.73
-527.21 -469.17 -22.98 -528.67 -470.44 -22.0 0.73
-528.67 -470.44 -22.0 -529.04 -470.99 -21.69 0.73
-529.04 -470.99 -21.69 -529.4 -471.72 -21.47 0.73
-529.4 -471.72 -21.47 -529.77 -472.45 -21.16 0.73
-529.77 -472.45 -21.16 -530.32 -473.36 -20.94 0.73
-530.32 -473.36 -20.94 -530.5 -474.08 -20.71 0.73
-530.5 -474.08 -20.71 -530.86 -474.63 -20.41 0.73
-530.86 -474.63 -20.41 -531.04 -475.0 -19.95 0.73
-531.04 -475.0 -19.95 -531.59 -475.72 -19.42 0.73
-531.59 -475.72 -19.42 -531.96 -476.45 -19.42 0.73
130.9 -15.09 64.21 129.56 -14.97 64.21 1.47
129.56 -14.97 64.21 129.19 -14.97 64.21 1.47
129.19 -14.97 64.21 128.33 -15.09 64.28 1.47
128.33 -15.09 64.28 127.96 -15.09 64.36 1.47
127.96 -15.09 64.36 127.59 -15.09 64.43 1.47
127.59 -15.09 64.43 126.73 -14.97 64.58 1.47
126.73 -14.97 64.58 126.0 -14.97 64.74 1.47
126.0 -14.97 64.74 125.38 -14.72 65.04 1.47
125.38 -14.72 65.04 124.4 -14.11 65.04 1.47
124.4 -14.11 65.04 124.03 -13.98 65.04 1.47
124.03 -13.98 65.04 123.3 -13.62 65.11 1.47
123.3 -13.62 65.11 122.44 -13.13 65.19 1.47
122.44 -13.13 65.19 121.83 -13.0 65.19 1.23
121.83 -13.0 65.19 121.7 -13.0 65.19 1.23
121.7 -13.0 65.19 121.7 -11.9 65.19 0.98
121.7 -11.9 65.19 121.7 -11.53 65.34 0.98
121.7 -11.53 65.34 121.7 -11.16 65.49 0.98
121.7 -11.16 65.49 121.7 -10.92 65.8 0.98
121.7 -10.92 65.8 121.58 -10.18 65.27 0.98
121.58 -10.18 65.27 121.46 -9.81 65.11 0.98
121.46 -9.81 65.11 121.34 -9.44 65.04 0.98
121.34 -9.44 65.04 121.09 -9.07 64.96 0.98
121.09 -9.07 64.96 120.72 -8.58 64.96 0.98
120.72 -8.58 64.96 120.6 -7.97 64.58 0.98
120.6 -7.97 64.58 120.11 -7.11 64.36 0.98
120.11 -7.11 64.36 119.62 -6.62 64.28 0.98
119.62 -6.62 64.28 119.25 -6.25 64.28 0.98
119.25 -6.25 64.28 118.88 -5.76 64.28 0.98
118.88 -5.76 64.28 118.39 -5.02 64.36 0.98
118.39 -5.02 64.36 118.02 -4.53 64.74 0.98
118.02 -4.53 64.74 117.17 -3.55 65.42 0.98
117.17 -3.55 65.42 116.8 -3.31 65.49 0.61
116.8 -3.31 65.49 116.43 -2.81 65.64 0.61
116.43 -2.81 65.64 116.06 -2.45 65.87 0.61
116.06 -2.45 65.87 115.69 -1.83 66.02 0.61
115.69 -1.83 66.02 115.45 -1.34 66.33 0.61
115.45 -1.34 66.33 115.08 -0.85 66.33 0.61
115.08 -0.85 66.33 114.83 -0.48 66.48 0.61
114.83 -0.48 66.48 114.59 0.01 66.48 0.61
114.59 0.01 66.48 114.1 0.75 66.71 0.61
114.1 0.75 66.71 113.73 1.24 66.93 0.61
113.73 1.24 66.93 113.36 1.6 67.08 0.61
113.36 1.6 67.08 112.75 2.22 67.16 0.61
112.75 2.22 67.16 112.38 2.83 67.31 0.61
112.38 2.83 67.31 111.89 3.57 67.31 0.61
111.89 3.57 67.31 111.28 4.55 67.31 0.61
111.28 4.55 67.31 110.54 5.53 67.31 0.61
110.54 5.53 67.31 109.93 7.01 67.39 0.61
109.93 7.01 67.39 109.07 9.34 67.39 0.61
109.07 9.34 67.39 108.46 9.95 67.46 0.61
108.46 9.95 67.46 107.23 10.69 67.54 0.61
107.23 10.69 67.54 106.13 11.55 67.69 0.61
106.13 11.55 67.69 105.14 13.14 67.77 0.61
105.14 13.14 67.77 103.18 14.37 68.14 0.61
103.18 14.37 68.14 102.32 14.86 68.22 0.61
102.32 14.86 68.22 101.71 15.35 68.22 0.61
101.71 15.35 68.22 98.27 18.18 68.67 0.61
98.27 18.18 68.67 95.94 19.53 68.75 0.61
95.94 19.53 68.75 92.39 22.47 68.83 0.61
92.39 22.47 68.83 89.07 24.07 69.28 0.61
89.07 24.07 69.28 87.36 25.29 69.66 0.61
87.36 25.29 69.66 86.5 25.66 69.74 0.61
86.5 25.66 69.74 85.88 26.52 70.87 0.61
85.88 26.52 70.87 85.03 26.89 71.4 0.61
85.03 26.89 71.4 84.04 27.5 71.63 0.61
84.04 27.5 71.63 82.2 28.36 71.93 0.61
82.2 28.36 71.93 80.86 28.61 72.54 0.61
80.86 28.61 72.54 79.75 29.22 72.61 0.61
79.75 29.22 72.61 77.79 29.84 72.77 0.61
77.79 29.84 72.77 77.3 30.45 73.45 0.61
77.3 30.45 73.45 75.58 33.03 70.87 0.61
75.58 33.03 70.87 75.09 35.48 70.8 0.61
75.09 35.48 70.8 74.35 37.2 70.72 0.61
74.35 37.2 70.72 71.04 40.27 70.42 0.61
71.04 40.27 70.42 69.45 42.36 70.27 0.61
69.45 42.36 70.27 69.2 43.22 70.42 0.61
69.2 43.22 70.42 69.08 43.95 71.33 0.61
69.08 43.95 71.33 69.08 44.44 71.48 0.61
69.08 44.44 71.48 68.59 46.04 71.63 0.61
68.59 46.04 71.63 67.61 46.9 71.93 0.61
67.61 46.9 71.93 66.63 49.35 72.39 0.61
66.63 49.35 72.39 66.01 51.07 72.54 0.61
121.7 -13.0 65.19 120.17 -12.1 65.19 0.98
120.17 -12.1 65.19 118.33 -11.24 65.19 0.61
118.33 -11.24 65.19 116.74 -10.26 64.28 0.61
116.74 -10.26 64.28 116.12 -9.52 63.68 0.61
116.12 -9.52 63.68 115.76 -8.79 63.52 0.61
115.76 -8.79 63.52 115.39 -7.56 63.52 0.61
115.39 -7.56 63.52 114.9 -6.7 63.22 0.61
114.9 -6.7 63.22 113.91 -5.47 63.15 0.61
113.91 -5.47 63.15 112.81 -4.49 63.22 0.61
112.81 -4.49 63.22 111.58 -3.88 63.22 0.61
111.58 -3.88 63.22 110.85 -3.51 63.22 0.61
110.85 -3.51 63.22 110.36 -3.51 63.07 0.61
110.36 -3.51 63.07 109.25 -3.26 62.77 0.61
109.25 -3.26 62.77 108.64 -3.14 62.69 0.61
108.64 -3.14 62.69 105.08 -0.56 62.61 0.61
105.08 -0.56 62.61 104.1 0.66 62.46 0.61
104.1 0.66 62.46 102.38 2.5 62.46 0.61
102.38 2.5 62.46 100.67 3.36 62.31 0.61
100.67 3.36 62.31 98.58 4.1 62.54 0.61
98.58 4.1 62.54 98.09 4.35 63.52 0.61
98.09 4.35 63.52 95.88 4.59 63.68 0.61
95.88 4.59 63.68 94.66 4.59 63.75 0.61
94.66 4.59 63.75 91.96 6.31 64.28 0.61
91.96 6.31 64.28 89.99 7.05 64.66 0.61
89.99 7.05 64.66 87.54 7.17 64.74 0.61
87.54 7.17 64.74 85.58 7.91 64.74 0.61
85.58 7.91 64.74 83.86 8.64 64.74 0.61
83.86 8.64 64.74 79.81 10.61 64.74 0.61
79.81 10.61 64.74 77.97 11.47 65.11 0.61
133.058 -25.4049 47.1786 143.48 -29.9 59.58 1.47
143.48 -29.9 59.58 145.32 -29.41 59.58 1.47
145.32 -29.41 59.58 146.91 -29.04 59.74 1.47
146.91 -29.04 59.74 147.16 -28.55 59.74 1.47
147.16 -28.55 59.74 147.65 -28.67 59.96 1.47
147.65 -28.67 59.96 149.24 -28.55 60.12 1.47
149.24 -28.55 60.12 150.59 -28.43 60.27 1.35
150.59 -28.43 60.27 151.82 -28.43 60.34 1.35
151.82 -28.43 60.34 152.68 -28.55 60.49 1.1
152.68 -28.55 60.49 154.03 -28.67 60.49 1.1
154.03 -28.67 60.49 155.87 -28.8 60.57 0.98
155.87 -28.8 60.57 156.97 -29.78 60.34 0.98
156.97 -29.78 60.34 159.79 -31.62 60.12 0.86
159.79 -31.62 60.12 163.47 -34.07 59.74 0.86
163.47 -34.07 59.74 165.07 -34.93 59.51 0.86
165.07 -34.93 59.51 167.03 -35.18 59.28 0.86
167.03 -35.18 59.28 169.85 -35.42 59.13 0.61
169.85 -35.42 59.13 171.32 -35.67 59.05 0.61
171.32 -35.67 59.05 172.43 -36.28 59.05 0.61
172.43 -36.28 59.05 173.16 -36.65 59.51 0.61
173.16 -36.65 59.51 175.37 -37.14 59.74 0.61
175.37 -37.14 59.74 177.09 -37.63 59.81 0.61
177.09 -37.63 59.81 178.44 -38.0 59.81 0.61
178.44 -38.0 59.81 180.16 -39.11 59.89 0.61
180.16 -39.11 59.89 182.12 -41.44 59.89 0.61
182.12 -41.44 59.89 184.08 -44.26 60.19 0.61
184.08 -44.26 60.19 184.94 -45.24 60.27 0.61
184.94 -45.24 60.27 186.04 -46.23 60.27 0.61
186.04 -46.23 60.27 187.15 -47.21 60.34 0.61
187.15 -47.21 60.34 188.74 -47.58 60.42 0.49
155.87 -28.8 60.57 156.24 -28.3 60.49 0.98
156.24 -28.3 60.49 157.71 -27.81 60.49 0.98
157.71 -27.81 60.49 158.57 -27.32 61.1 0.98
158.57 -27.32 61.1 160.16 -26.83 61.1 0.98
160.16 -26.83 61.1 162.98 -25.85 61.55 0.98
162.98 -25.85 61.55 164.09 -25.48 61.71 0.74
164.09 -25.48 61.71 164.82 -25.11 62.46 0.74
164.82 -25.11 62.46 165.44 -24.99 62.84 0.74
165.44 -24.99 62.84 166.54 -24.5 64.36 0.74
166.54 -24.5 64.36 166.66 -24.5 63.15 0.74
166.66 -24.5 63.15 167.64 -24.13 62.24 0.74
167.64 -24.13 62.24 168.01 -24.13 62.84 0.74
168.01 -24.13 62.84 168.26 -24.01 63.37 0.74
168.26 -24.01 63.37 168.75 -23.76 63.9 0.74
168.75 -23.76 63.9 168.87 -23.76 64.51 0.74
168.87 -23.76 64.51 169.24 -23.52 63.07 0.74
169.24 -23.52 63.07 170.22 -22.78 62.46 0.74
170.22 -22.78 62.46 170.71 -22.41 62.39 0.74
170.71 -22.41 62.39 171.32 -22.04 61.63 0.74
171.32 -22.04 61.63 172.43 -21.19 61.25 0.74
172.43 -21.19 61.25 174.27 -20.08 61.18 0.74
174.27 -20.08 61.18 175.86 -18.98 60.65 0.74
175.86 -18.98 60.65 177.21 -17.87 60.19 0.74
177.21 -17.87 60.19 178.56 -16.77 60.12 0.74
178.56 -16.77 60.12 179.79 -16.15 60.04 0.61
179.79 -16.15 60.04 180.65 -15.66 60.04 0.61
180.65 -15.66 60.04 182.12 -14.56 59.96 0.25
147.16 -28.55 59.74 147.65 -28.92 60.19 1.47
147.65 -28.92 60.19 148.26 -29.29 63.68 1.1
148.26 -29.29 63.68 148.26 -29.29 62.69 1.1
148.26 -29.29 62.69 148.26 -29.29 62.46 1.1
148.26 -29.29 62.46 148.39 -29.29 62.16 1.1
148.39 -29.29 62.16 148.39 -29.29 61.55 1.1
148.39 -29.29 61.55 148.39 -29.29 61.18 1.1
148.39 -29.29 61.18 148.51 -29.65 60.42 1.1
148.51 -29.65 60.42 148.63 -29.78 60.27 1.1
148.63 -29.78 60.27 148.63 -29.78 60.04 1.1
148.63 -29.78 60.04 148.63 -29.78 59.36 1.1
148.63 -29.78 59.36 148.63 -29.78 58.75 1.1
148.63 -29.78 58.75 148.75 -30.02 58.22 1.1
148.75 -30.02 58.22 149.0 -30.39 58.07 1.1
149.0 -30.39 58.07 149.24 -30.51 57.99 1.1
149.24 -30.51 57.99 149.49 -30.76 57.84 1.1
149.49 -30.76 57.84 149.61 -30.88 57.39 1.1
149.61 -30.88 57.39 149.86 -31.01 57.01 1.1
149.86 -31.01 57.01 150.1 -31.37 56.93 1.1
150.1 -31.37 56.93 150.59 -31.86 56.71 1.1
150.59 -31.86 56.71 150.59 -31.86 56.25 0.86
150.59 -31.86 56.25 150.72 -32.11 56.02 0.86
150.72 -32.11 56.02 151.08 -32.48 55.87 0.86
151.08 -32.48 55.87 151.21 -32.6 55.65 0.86
151.21 -32.6 55.65 151.33 -32.85 55.12 0.86
151.33 -32.85 55.12 151.57 -32.97 54.74 0.86
151.57 -32.97 54.74 152.07 -33.34 54.66 0.86
152.07 -33.34 54.66 152.31 -33.46 54.59 0.61
152.31 -33.46 54.59 152.8 -33.83 54.43 0.61
152.8 -33.83 54.43 153.17 -34.07 54.28 0.61
153.17 -34.07 54.28 153.17 -34.32 54.21 0.61
153.17 -34.32 54.21 153.54 -34.56 53.9 0.61
153.54 -34.56 53.9 153.78 -34.93 53.75 0.61
153.78 -34.93 53.75 154.03 -35.3 53.75 0.61
154.03 -35.3 53.75 154.52 -35.91 53.75 0.61
154.52 -35.91 53.75 154.76 -36.41 53.6 0.61
154.76 -36.41 53.6 155.01 -36.9 53.6 0.61
155.01 -36.9 53.6 155.62 -38.0 53.45 0.61
155.62 -38.0 53.45 155.87 -38.37 53.37 0.49
155.87 -38.37 53.37 156.24 -38.74 53.15 0.49
156.24 -38.74 53.15 156.6 -39.11 52.99 0.49
156.6 -39.11 52.99 157.22 -39.6 52.99 0.49
157.22 -39.6 52.99 157.59 -39.97 52.99 0.49
157.59 -39.97 52.99 158.2 -40.33 52.92 0.49
158.2 -40.33 52.92 158.44 -40.82 52.77 0.49
158.44 -40.82 52.77 158.93 -41.81 52.69 0.49
133.058 -25.4049 47.1786 138.82 -31.5 67.01 1.84
138.82 -31.5 67.01 138.94 -31.99 67.01 1.84
138.94 -31.99 67.01 138.94 -32.48 67.01 1.84
138.94 -32.48 67.01 139.06 -32.85 67.01 1.84
139.06 -32.85 67.01 139.19 -33.21 67.01 1.84
139.19 -33.21 67.01 139.19 -33.58 67.01 1.84
139.19 -33.58 67.01 139.31 -34.07 67.24 1.84
139.31 -34.07 67.24 139.43 -34.44 67.31 1.84
139.43 -34.44 67.31 139.68 -35.18 67.39 1.84
139.68 -35.18 67.39 139.92 -35.91 67.46 1.84
139.92 -35.91 67.46 140.04 -36.16 67.54 1.84
140.04 -36.16 67.54 140.17 -36.9 67.54 1.84
140.17 -36.9 67.54 140.41 -37.27 67.61 1.84
140.41 -37.27 67.61 140.66 -37.76 67.69 1.84
140.66 -37.76 67.69 141.15 -38.12 67.69 1.84
141.15 -38.12 67.69 141.39 -38.62 67.69 1.84
141.39 -38.62 67.69 140.53 -39.6 67.77 1.84
140.53 -39.6 67.77 139.92 -40.09 67.77 1.1
139.92 -40.09 67.77 139.43 -40.58 67.99 1.1
139.43 -40.58 67.99 139.31 -40.82 68.22 1.1
139.31 -40.82 68.22 139.19 -41.07 68.45 1.1
139.19 -41.07 68.45 138.94 -41.68 68.75 1.1
138.94 -41.68 68.75 138.69 -42.3 68.9 1.1
138.69 -42.3 68.9 136.73 -43.89 68.9 1.1
136.73 -43.89 68.9 136.12 -44.63 68.9 0.74
136.12 -44.63 68.9 135.87 -44.88 69.05 0.74
135.87 -44.88 69.05 135.14 -45.49 69.05 0.74
135.14 -45.49 69.05 134.65 -45.73 69.13 0.74
134.65 -45.73 69.13 133.66 -45.73 69.21 0.74
133.66 -45.73 69.21 133.3 -45.98 69.58 0.74
133.3 -45.98 69.58 133.17 -46.1 69.58 0.74
133.17 -46.1 69.58 133.05 -46.1 70.57 0.74
133.05 -46.1 70.57 132.68 -46.1 70.8 0.74
132.68 -46.1 70.8 132.19 -46.1 70.95 0.74
132.19 -46.1 70.95 131.46 -45.98 71.25 0.74
131.46 -45.98 71.25 130.97 -46.1 71.48 0.74
130.97 -46.1 71.48 130.48 -46.1 71.86 0.74
130.48 -46.1 71.86 129.98 -46.1 72.31 0.74
129.98 -46.1 72.31 129.86 -45.98 72.84 0.74
129.86 -45.98 72.84 129.13 -45.86 73.83 0.74
129.13 -45.86 73.83 128.76 -45.73 74.73 0.74
128.76 -45.73 74.73 127.9 -45.98 75.27 0.74
127.9 -45.98 75.27 127.78 -45.98 76.1 0.74
127.78 -45.98 76.1 127.16 -45.98 76.78 0.74
127.16 -45.98 76.78 126.92 -46.23 77.31 0.74
126.92 -46.23 77.31 126.43 -46.35 77.61 0.74
126.43 -46.35 77.61 126.3 -46.47 78.22 0.74
126.3 -46.47 78.22 126.18 -46.47 78.98 0.74
126.18 -46.47 78.98 125.81 -46.72 79.2 0.74
125.81 -46.72 79.2 125.69 -46.84 79.73 0.74
125.69 -46.84 79.73 125.32 -46.96 80.04 0.74
125.32 -46.96 80.04 125.2 -47.21 80.57 0.74
125.2 -47.21 80.57 125.2 -47.45 80.57 0.74
125.2 -47.45 80.57 125.08 -47.7 80.95 0.74
125.08 -47.7 80.95 124.96 -47.94 81.78 0.74
124.96 -47.94 81.78 124.96 -48.19 81.93 0.74
124.96 -48.19 81.93 124.83 -48.56 82.08 0.74
124.83 -48.56 82.08 124.83 -48.8 82.46 0.74
124.83 -48.8 82.46 124.71 -49.05 82.69 0.74
124.71 -49.05 82.69 124.46 -49.29 82.84 0.74
124.46 -49.29 82.84 124.46 -49.54 83.37 0.74
124.46 -49.54 83.37 124.34 -50.03 84.05 0.74
124.34 -50.03 84.05 124.22 -50.52 84.13 0.74
124.22 -50.52 84.13 124.22 -50.89 84.28 0.74
124.22 -50.89 84.28 124.22 -51.63 84.73 0.74
124.22 -51.63 84.73 124.34 -51.87 84.81 0.74
124.34 -51.87 84.81 124.46 -51.87 85.87 0.74
124.46 -51.87 85.87 124.71 -51.99 86.4 0.74
124.71 -51.99 86.4 124.71 -52.24 86.93 0.74
124.71 -52.24 86.93 124.83 -52.61 87.23 0.74
124.83 -52.61 87.23 125.32 -53.22 87.54 0.74
125.32 -53.22 87.54 125.32 -53.35 88.22 0.74
141.39 -38.62 67.69 142.74 -38.98 67.54 1.84
142.74 -38.98 67.54 143.11 -39.35 67.46 0.86
143.11 -39.35 67.46 143.48 -39.72 67.08 0.86
143.48 -39.72 67.08 143.72 -40.09 66.93 0.86
143.72 -40.09 66.93 143.97 -40.58 66.78 0.86
143.97 -40.58 66.78 144.34 -40.95 66.63 0.86
144.34 -40.95 66.63 144.83 -41.44 66.48 0.86
144.83 -41.44 66.48 145.2 -42.05 66.48 0.86
145.2 -42.05 66.48 145.32 -42.42 66.48 0.86
145.32 -42.42 66.48 145.56 -43.03 66.48 0.86
145.56 -43.03 66.48 145.81 -43.89 66.18 0.86
145.81 -43.89 66.18 145.81 -44.51 66.1 0.86
145.81 -44.51 66.1 145.81 -45.12 66.02 0.86
145.81 -45.12 66.02 145.81 -45.61 65.95 0.86
145.81 -45.61 65.95 145.81 -46.35 65.95 0.86
145.81 -46.35 65.95 145.69 -46.72 65.87 0.86
145.69 -46.72 65.87 145.44 -47.08 65.87 0.86
145.44 -47.08 65.87 145.32 -47.58 66.48 0.86
145.32 -47.58 66.48 145.2 -48.07 66.93 0.86
145.2 -48.07 66.93 144.95 -48.68 67.08 0.86
144.95 -48.68 67.08 144.71 -49.17 67.24 0.86
144.71 -49.17 67.24 144.46 -50.15 67.24 0.86
144.46 -50.15 67.24 144.21 -51.14 67.39 0.86
144.21 -51.14 67.39 143.97 -52.12 67.39 0.86
143.97 -52.12 67.39 143.85 -52.98 67.46 0.86
143.85 -52.98 67.46 143.85 -53.22 67.46 0.86
143.85 -53.22 67.46 143.72 -53.47 67.69 0.86
143.72 -53.47 67.69 143.72 -53.71 67.92 0.86
143.72 -53.71 67.92 143.48 -53.96 68.07 0.86
143.48 -53.96 68.07 143.48 -54.33 68.22 0.86
143.48 -54.33 68.22 143.36 -54.57 68.3 0.86
143.36 -54.57 68.3 143.36 -54.82 68.45 0.86
143.36 -54.82 68.45 143.23 -55.06 68.52 0.86
143.23 -55.06 68.52 143.23 -55.68 68.6 0.86
143.23 -55.68 68.6 142.99 -56.29 68.75 0.86
142.99 -56.29 68.75 142.87 -56.78 68.9 0.86
142.87 -56.78 68.9 142.74 -57.27 68.9 0.86
142.74 -57.27 68.9 142.74 -57.64 68.98 0.86
142.74 -57.64 68.98 142.74 -58.13 68.98 0.86
142.74 -58.13 68.98 142.87 -59.36 69.05 0.86
142.87 -59.36 69.05 142.99 -59.85 69.13 0.86
142.99 -59.85 69.13 143.11 -60.1 69.21 0.86
143.11 -60.1 69.21 143.23 -60.34 69.36 0.86
143.23 -60.34 69.36 143.72 -61.57 70.04 0.86
143.72 -61.57 70.04 143.72 -61.81 70.19 0.86
143.72 -61.81 70.19 143.97 -62.31 70.34 0.86
143.97 -62.31 70.34 144.09 -62.8 70.72 0.86
144.09 -62.8 70.72 144.09 -62.92 71.25 0.86
144.09 -62.92 71.25 143.97 -63.16 71.48 0.86
143.97 -63.16 71.48 143.97 -63.29 71.78 0.86
143.97 -63.29 71.78 143.97 -63.41 72.39 0.86
143.97 -63.41 72.39 143.97 -63.78 72.92 0.86
143.97 -63.78 72.92 143.97 -64.02 73.14 0.86
143.97 -64.02 73.14 143.97 -64.52 73.52 0.86
143.97 -64.52 73.52 143.85 -65.01 73.52 0.86
143.85 -65.01 73.52 143.72 -65.5 73.52 0.86
143.72 -65.5 73.52 143.6 -66.36 73.52 0.86
143.6 -66.36 73.52 143.6 -66.85 73.67 0.86
143.6 -66.85 73.67 143.6 -67.46 74.28 0.86
143.6 -67.46 74.28 143.48 -68.07 74.58 0.86
143.48 -68.07 74.58 143.48 -68.69 74.66 0.86
143.48 -68.69 74.66 143.48 -69.3 74.89 0.86
143.48 -69.3 74.89 143.6 -69.79 74.96 0.86
143.6 -69.79 74.96 143.48 -70.41 75.04 0.86
143.48 -70.41 75.04 143.23 -71.27 75.04 0.86
143.23 -71.27 75.04 143.11 -71.63 75.11 0.86
143.11 -71.63 75.11 142.99 -72.0 75.11 0.86
142.99 -72.0 75.11 142.74 -72.37 75.11 0.86
142.74 -72.37 75.11 141.69 -73.48 75.95 0.86
141.69 -73.48 75.95 141.57 -73.84 76.02 0.61
141.57 -73.84 76.02 141.33 -74.21 76.1 0.61
141.33 -74.21 76.1 141.08 -74.46 76.33 0.61
141.08 -74.46 76.33 140.71 -74.7 76.48 0.61
140.71 -74.7 76.48 140.47 -74.95 76.7 0.61
140.47 -74.95 76.7 139.98 -75.07 76.78 0.61
139.98 -75.07 76.78 139.49 -75.56 76.93 0.61
139.49 -75.56 76.93 139.0 -75.93 77.01 0.61
139.0 -75.93 77.01 138.38 -76.18 77.16 0.61
138.38 -76.18 77.16 138.01 -76.3 77.31 0.61
138.01 -76.3 77.31 137.65 -76.42 77.61 0.61
137.65 -76.42 77.61 137.16 -76.54 78.14 0.61
137.16 -76.54 78.14 136.66 -76.54 78.14 0.61
136.66 -76.54 78.14 136.3 -76.67 78.22 0.61
136.3 -76.67 78.22 135.93 -76.79 78.75 0.61
135.93 -76.79 78.75 135.68 -76.79 79.05 0.61
135.68 -76.79 79.05 135.68 -76.79 79.58 0.61
135.68 -76.79 79.58 135.68 -76.91 80.34 0.61
135.68 -76.91 80.34 135.68 -76.91 81.02 0.61
135.68 -76.91 81.02 135.56 -77.03 81.4 0.61
135.56 -77.03 81.4 135.44 -77.03 82.76 0.61
135.44 -77.03 82.76 134.7 -77.28 83.07 0.61
134.7 -77.28 83.07 134.21 -77.4 83.22 0.61
134.21 -77.4 83.22 133.11 -77.65 83.52 0.61
133.11 -77.65 83.52 132.74 -77.89 84.36 0.61
132.74 -77.89 84.36 131.88 -78.14 85.42 0.61
131.88 -78.14 85.42 131.39 -78.38 85.57 0.61
131.39 -78.38 85.57 130.65 -79.12 85.87 0.61
130.65 -79.12 85.87 130.16 -79.61 85.87 0.61
130.16 -79.61 85.87 129.79 -80.23 85.87 0.61
129.79 -80.23 85.87 129.67 -80.59 86.4 0.61
129.67 -80.59 86.4 129.55 -80.84 86.7 0.61
129.55 -80.84 86.7 129.18 -81.21 87.08 0.61
129.18 -81.21 87.08 129.06 -81.7 87.39 0.61
129.06 -81.7 87.39 128.69 -82.44 87.61 0.61
128.69 -82.44 87.61 128.45 -83.05 87.69 0.61
128.45 -83.05 87.69 128.2 -83.54 87.69 0.61
128.2 -83.54 87.69 127.71 -84.03 87.69 0.61
127.71 -84.03 87.69 127.34 -84.52 87.99 0.61
127.34 -84.52 87.99 127.22 -84.77 88.29 0.61
127.22 -84.77 88.29 126.97 -85.01 88.6 0.61
126.97 -85.01 88.6 126.48 -85.5 88.98 0.61
126.48 -85.5 88.98 125.87 -85.75 89.05 0.61
125.87 -85.75 89.05 125.5 -86.0 89.28 0.61
125.5 -86.0 89.28 124.89 -86.36 89.51 0.61
133.058 -25.4049 47.1786 123.05 -23.03 40.42 3.07
123.05 -23.03 40.42 122.56 -22.78 40.42 3.07
122.56 -22.78 40.42 121.82 -22.41 40.42 3.07
121.82 -22.41 40.42 120.35 -21.92 40.42 3.07
120.35 -21.92 40.42 119.98 -21.8 40.57 2.45
119.98 -21.8 40.57 118.02 -21.31 41.48 2.45
118.02 -21.31 41.48 115.69 -20.57 42.24 1.96
115.69 -20.57 42.24 112.87 -20.2 42.24 1.96
112.87 -20.2 42.24 109.92 -19.34 42.77 1.96
109.92 -19.34 42.77 107.71 -19.1 43.22 1.96
107.71 -19.1 43.22 104.89 -18.98 43.53 1.96
104.89 -18.98 43.53 104.52 -18.98 43.83 1.96
104.52 -18.98 43.83 104.16 -18.98 44.06 1.96
104.16 -18.98 44.06 102.93 -18.85 44.28 1.96
102.93 -18.85 44.28 102.32 -18.85 44.66 1.96
102.32 -18.85 44.66 100.72 -19.1 44.97 1.96
100.72 -19.1 44.97 99.99 -19.1 45.27 1.96
99.99 -19.1 45.27 99.62 -19.1 45.72 1.96
99.62 -19.1 45.72 99.0 -19.1 45.87 1.96
99.0 -19.1 45.87 98.51 -19.1 45.95 1.96
98.51 -19.1 45.95 98.15 -19.1 46.03 1.96
98.15 -19.1 46.03 97.41 -19.1 46.93 1.96
97.41 -19.1 46.93 96.18 -19.34 47.39 1.96
96.18 -19.34 47.39 94.83 -19.47 47.77 1.59
94.83 -19.47 47.77 94.59 -19.59 48.3 1.59
94.59 -19.59 48.3 94.22 -19.59 48.68 1.59
94.22 -19.59 48.68 93.85 -19.71 49.43 1.59
93.85 -19.71 49.43 92.99 -19.96 49.89 1.59
92.99 -19.96 49.89 92.26 -20.2 50.19 1.59
92.26 -20.2 50.19 91.64 -20.45 50.57 1.59
91.64 -20.45 50.57 90.91 -20.82 50.95 1.59
90.91 -20.82 50.95 90.17 -21.31 50.95 1.59
90.17 -21.31 50.95 89.07 -22.29 51.03 1.59
89.07 -22.29 51.03 88.33 -22.78 51.33 1.35
88.33 -22.78 51.33 87.96 -22.9 52.09 1.35
87.96 -22.9 52.09 87.47 -22.9 52.46 1.35
87.47 -22.9 52.46 87.11 -22.9 52.77 1.35
87.11 -22.9 52.77 86.98 -22.9 53.45 1.35
86.98 -22.9 53.45 86.74 -22.9 53.98 1.35
86.74 -22.9 53.98 86.12 -22.9 54.51 1.35
86.12 -22.9 54.51 85.63 -22.66 54.89 1.35
85.63 -22.66 54.89 85.39 -22.29 55.19 1.35
85.39 -22.29 55.19 85.14 -22.04 55.87 1.35
85.14 -22.04 55.87 85.02 -21.8 56.25 1.35
85.02 -21.8 56.25 84.9 -21.55 56.63 1.35
84.9 -21.55 56.63 84.77 -21.06 56.71 1.35
84.77 -21.06 56.71 84.53 -20.94 57.24 1.35
84.53 -20.94 57.24 84.53 -20.94 57.62 1.1
84.53 -20.94 57.62 84.41 -20.69 58.22 1.1
84.41 -20.69 58.22 84.28 -20.33 58.6 1.1
84.28 -20.33 58.6 84.16 -19.96 58.83 1.1
84.16 -19.96 58.83 84.04 -19.83 59.66 1.1
84.04 -19.83 59.66 83.55 -19.47 60.34 1.1
83.55 -19.47 60.34 82.93 -19.1 60.65 1.1
82.93 -19.1 60.65 82.44 -18.85 60.65 1.1
82.44 -18.85 60.65 82.08 -18.73 61.18 1.1
82.08 -18.73 61.18 81.95 -18.61 62.08 1.1
81.95 -18.61 62.08 81.46 -18.48 62.16 1.1
81.46 -18.48 62.16 80.97 -18.36 62.77 1.1
80.97 -18.36 62.77 80.97 -18.36 64.66 1.1
80.97 -18.36 64.66 80.11 -18.12 64.81 1.1
80.11 -18.12 64.81 79.25 -17.99 64.89 1.1
79.25 -17.99 64.89 78.15 -17.99 64.89 1.1
78.15 -17.99 64.89 77.41 -18.12 64.89 1.1
77.41 -18.12 64.89 77.05 -18.12 65.19 1.1
77.05 -18.12 65.19 76.19 -18.48 66.02 1.1
76.19 -18.48 66.02 75.82 -18.48 66.18 1.1
75.82 -18.48 66.18 74.96 -18.61 66.48 1.1
74.96 -18.61 66.48 74.1 -18.73 66.63 1.1
74.1 -18.73 66.63 73.49 -18.61 67.46 1.1
73.49 -18.61 67.46 72.63 -18.48 67.99 0.74
72.63 -18.48 67.99 72.51 -18.36 68.14 0.74
72.51 -18.36 68.14 72.26 -17.75 68.52 0.74
72.26 -17.75 68.52 72.26 -17.38 68.52 0.74
72.26 -17.38 68.52 72.26 -17.01 68.6 0.74
133.058 -25.4049 47.1786 135.49 -13.02 42.62 8.59
135.49 -13.02 42.62 135.49 -13.15 42.62 8.59
135.49 -13.15 42.62 135.73 -13.02 42.62 8.59
135.73 -13.02 42.62 135.73 -12.65 42.62 8.59
135.73 -12.65 42.62 136.23 -11.55 42.77 8.59
136.23 -11.55 42.77 136.23 -11.18 43.07 8.22
136.23 -11.18 43.07 136.23 -10.81 43.15 8.22
136.23 -10.81 43.15 136.23 -10.44 43.22 8.22
136.23 -10.44 43.22 136.23 -10.08 43.53 8.22
136.23 -10.08 43.53 136.35 -9.46 43.75 8.22
136.35 -9.46 43.75 136.35 -9.09 43.83 8.22
136.35 -9.09 43.83 136.84 -8.11 44.06 8.22
136.84 -8.11 44.06 136.96 -7.87 44.21 7.48
136.96 -7.87 44.21 136.96 -7.38 44.28 7.48
136.96 -7.38 44.28 136.96 -6.15 44.36 7.11
136.96 -6.15 44.36 137.21 -5.53 44.59 6.62
137.21 -5.53 44.59 137.33 -5.04 44.66 6.5
137.33 -5.04 44.66 137.21 -4.43 45.12 6.5
137.21 -4.43 45.12 137.21 -3.69 45.34 6.26
137.21 -3.69 45.34 137.21 -3.57 45.95 6.26
137.21 -3.57 45.95 137.33 -2.47 46.25 6.26
137.33 -2.47 46.25 137.08 -2.1 46.33 5.03
137.08 -2.1 46.33 136.96 -1.61 46.48 5.03
136.96 -1.61 46.48 136.96 -1.48 46.56 5.03
136.96 -1.48 46.56 136.96 -1.24 46.78 5.03
136.96 -1.24 46.78 136.96 -1.12 46.93 4.66
136.96 -1.12 46.93 137.08 -0.87 47.01 4.66
137.08 -0.87 47.01 137.21 -0.75 47.09 4.66
137.21 -0.75 47.09 137.33 -0.26 47.16 4.66
137.33 -0.26 47.16 136.72 0.23 47.09 4.66
136.72 0.23 47.09 136.59 0.23 46.93 0.98
136.59 0.23 46.93 136.35 0.36 46.63 0.98
136.35 0.36 46.63 136.35 0.48 46.25 0.98
136.35 0.48 46.25 136.1 0.6 45.95 0.98
136.1 0.6 45.95 135.86 0.85 45.8 0.98
135.86 0.85 45.8 135.73 1.09 45.27 0.98
135.73 1.09 45.27 135.37 1.34 45.12 0.98
135.37 1.34 45.12 135.37 1.34 44.97 0.98
135.37 1.34 44.97 135.37 1.34 44.36 0.98
135.37 1.34 44.36 135.12 1.46 44.06 0.98
135.12 1.46 44.06 134.26 1.71 43.9 0.98
134.26 1.71 43.9 134.14 1.71 43.53 0.98
134.14 1.71 43.53 134.02 1.71 43.15 0.98
134.02 1.71 43.15 134.02 1.71 42.77 0.98
134.02 1.71 42.77 134.02 1.71 42.24 0.98
134.02 1.71 42.24 133.53 1.58 42.01 0.98
133.53 1.58 42.01 133.28 1.58 41.78 0.98
133.28 1.58 41.78 132.55 1.58 41.63 0.98
132.55 1.58 41.63 132.55 1.58 41.25 0.74
132.55 1.58 41.25 132.3 1.58 41.03 0.74
132.3 1.58 41.03 131.56 1.58 40.42 0.74
131.56 1.58 40.42 131.44 1.58 40.19 0.74
131.44 1.58 40.19 131.07 1.58 39.44 0.74
131.07 1.58 39.44 130.58 1.46 39.21 0.74
130.58 1.46 39.21 130.21 1.58 39.21 0.74
130.21 1.58 39.21 129.48 1.71 38.91 0.74
129.48 1.71 38.91 129.11 1.83 38.83 0.74
129.11 1.83 38.83 128.62 2.2 38.6 0.74
128.62 2.2 38.6 128.01 2.57 38.37 0.74
128.01 2.57 38.37 127.64 2.69 37.84 0.74
127.64 2.69 37.84 127.27 2.93 37.09 0.74
127.27 2.93 37.09 126.66 3.3 36.71 0.74
126.66 3.3 36.71 126.17 3.67 36.18 0.74
126.17 3.67 36.18 125.55 3.79 35.88 0.74
125.55 3.79 35.88 125.19 3.92 35.65 0.74
125.19 3.92 35.65 124.69 4.04 35.65 0.74
124.69 4.04 35.65 124.08 4.16 35.04 0.74
124.08 4.16 35.04 123.59 4.29 34.59 0.74
123.59 4.29 34.59 123.1 4.41 33.98 0.74
123.1 4.41 33.98 122.73 4.65 33.83 0.74
122.73 4.65 33.83 122.36 4.9 33.68 0.74
122.36 4.9 33.68 121.75 5.14 33.53 0.74
121.75 5.14 33.53 121.38 5.27 33.15 0.74
121.38 5.27 33.15 121.01 5.39 32.85 0.74
121.01 5.39 32.85 120.65 5.76 32.62 0.74
120.65 5.76 32.62 120.4 6.13 32.31 0.74
120.4 6.13 32.31 120.03 6.25 32.31 0.74
120.03 6.25 32.31 119.17 6.99 32.01 0.74
119.17 6.99 32.01 118.68 7.35 31.71 0.74
118.68 7.35 31.71 118.44 7.48 31.41 0.74
118.44 7.48 31.41 118.07 7.72 31.33 0.74
118.07 7.72 31.33 117.46 8.34 31.25 0.74
117.46 8.34 31.25 117.33 8.46 31.25 0.74
137.33 -0.26 47.16 137.57 0.85 46.86 4.66
137.57 0.85 46.86 137.57 1.22 46.86 3.8
137.57 1.22 46.86 137.57 1.34 46.86 3.8
137.57 1.34 46.86 137.7 1.46 46.78 3.8
137.7 1.46 46.78 137.7 1.58 46.93 3.56
137.7 1.58 46.93 137.82 1.71 47.24 3.56
137.82 1.71 47.24 137.94 2.81 47.39 3.56
137.94 2.81 47.39 138.43 3.3 47.54 3.56
138.43 3.3 47.54 138.56 3.67 47.84 3.56
138.56 3.67 47.84 138.8 4.16 48.0 3.56
138.8 4.16 48.0 138.92 4.53 48.0 3.56
138.92 4.53 48.0 139.17 5.14 48.45 3.56
139.17 5.14 48.45 140.03 6.25 48.53 3.56
140.03 6.25 48.53 140.15 6.86 48.68 3.31
140.15 6.86 48.68 140.27 7.6 48.75 3.31
140.27 7.6 48.75 140.4 8.09 48.75 3.31
140.4 8.09 48.75 140.64 8.34 48.83 3.31
140.64 8.34 48.83 140.89 8.83 49.13 3.31
140.89 8.83 49.13 141.13 9.44 49.36 3.31
141.13 9.44 49.36 141.25 10.05 49.43 3.31
141.25 10.05 49.43 141.5 10.42 49.51 3.31
141.5 10.42 49.51 141.62 11.04 49.51 3.31
141.62 11.04 49.51 141.62 11.65 49.59 3.31
141.62 11.65 49.59 141.62 12.02 49.66 3.31
141.62 12.02 49.66 141.75 12.51 49.74 3.31
141.75 12.51 49.74 141.87 13.12 49.81 3.31
141.87 13.12 49.81 141.99 13.74 49.89 3.31
141.99 13.74 49.89 141.99 14.1 49.89 3.31
141.99 14.1 49.89 142.24 14.72 49.96 3.31
142.24 14.72 49.96 142.24 15.33 50.04 3.31
142.24 15.33 50.04 142.24 15.82 50.12 3.31
142.24 15.82 50.12 142.24 16.19 50.19 3.31
142.24 16.19 50.19 142.24 16.56 50.27 3.31
142.24 16.56 50.27 142.36 18.4 50.65 3.31
142.36 18.4 50.65 142.36 18.77 50.72 3.07
142.36 18.77 50.72 142.48 19.38 50.8 3.07
142.48 19.38 50.8 142.48 20.12 50.87 3.07
142.48 20.12 50.87 142.6 20.73 50.87 3.07
142.6 20.73 50.87 142.73 21.35 50.95 3.07
142.73 21.35 50.95 142.73 21.72 50.95 3.07
142.73 21.72 50.95 142.85 22.33 51.03 3.07
142.85 22.33 51.03 142.85 22.7 50.95 3.07
142.85 22.7 50.95 142.97 23.07 50.8 3.07
142.97 23.07 50.8 142.97 23.31 50.8 3.07
142.97 23.31 50.8 142.85 23.68 51.03 3.07
142.85 23.68 51.03 142.85 23.8 51.1 3.07
142.85 23.8 51.1 142.85 24.17 51.1 3.56
142.85 24.17 51.1 142.85 24.54 51.1 3.56
142.85 24.54 51.1 142.85 25.15 51.18 3.56
142.85 25.15 51.18 142.85 25.77 51.25 3.56
142.85 25.77 51.25 142.85 26.13 51.25 3.68
142.85 26.13 51.25 142.73 26.5 51.25 3.68
142.73 26.5 51.25 142.6 26.63 51.33 3.68
142.6 26.63 51.33 142.24 27.36 52.99 3.68
142.24 27.36 52.99 141.75 27.48 52.99 0.98
141.75 27.48 52.99 141.38 27.48 53.07 0.98
141.38 27.48 53.07 140.76 27.73 53.07 0.98
140.76 27.73 53.07 140.52 27.85 53.07 0.98
140.52 27.85 53.07 139.54 28.1 53.52 0.98
139.54 28.1 53.52 139.05 28.47 53.9 0.98
139.05 28.47 53.9 138.56 28.83 53.98 0.98
138.56 28.83 53.98 137.82 29.08 54.13 0.98
137.82 29.08 54.13 137.45 28.71 54.81 0.98
137.45 28.71 54.81 137.45 28.71 54.13 0.98
137.45 28.71 54.13 137.33 28.59 53.83 0.98
137.33 28.59 53.83 136.96 28.59 53.68 0.98
136.96 28.59 53.68 136.35 28.59 52.62 0.98
136.35 28.59 52.62 136.23 28.59 52.16 0.86
136.23 28.59 52.16 135.24 28.71 52.01 0.86
135.24 28.71 52.01 134.88 28.71 51.93 0.86
134.88 28.71 51.93 134.02 28.71 51.71 0.86
134.02 28.71 51.71 133.04 28.83 51.25 0.86
133.04 28.83 51.25 132.67 28.83 51.18 0.86
132.67 28.83 51.18 132.18 28.83 51.18 0.86
132.18 28.83 51.18 131.69 28.83 51.1 0.86
131.69 28.83 51.1 130.95 29.08 50.87 0.86
130.95 29.08 50.87 130.34 29.33 50.72 0.86
130.34 29.33 50.72 129.36 29.69 50.49 0.86
129.36 29.69 50.49 128.25 29.94 50.49 0.86
128.25 29.94 50.49 127.64 29.94 50.42 0.86
127.64 29.94 50.42 127.15 30.06 50.42 0.86
127.15 30.06 50.42 126.29 30.06 50.34 0.86
126.29 30.06 50.34 125.19 30.06 50.19 0.86
125.19 30.06 50.19 124.2 30.18 50.04 0.86
124.2 30.18 50.04 123.71 30.31 49.89 0.86
123.71 30.31 49.89 123.22 30.31 49.74 0.86
123.22 30.31 49.74 122.85 30.43 49.59 0.86
122.85 30.43 49.59 122.12 30.68 49.43 0.86
122.12 30.68 49.43 121.63 30.8 49.36 0.86
121.63 30.8 49.36 120.89 31.17 48.83 0.86
120.89 31.17 48.83 120.65 31.53 48.6 0.86
120.65 31.53 48.6 120.28 31.78 48.45 0.86
120.28 31.78 48.45 119.91 32.15 48.45 0.86
119.91 32.15 48.45 119.42 32.52 48.22 0.86
119.42 32.52 48.22 119.42 32.64 47.92 0.86
119.42 32.64 47.92 119.3 32.64 47.62 0.86
119.3 32.64 47.62 118.56 33.13 47.54 0.86
118.56 33.13 47.54 117.95 33.5 47.46 0.86
117.95 33.5 47.46 117.21 34.11 47.24 0.86
117.21 34.11 47.24 115.74 34.73 47.16 0.86
115.74 34.73 47.16 114.02 35.46 47.01 0.86
114.02 35.46 47.01 112.3 36.2 46.93 0.86
112.3 36.2 46.93 111.69 36.44 46.86 0.86
111.69 36.44 46.86 110.83 36.69 46.78 0.86
110.83 36.69 46.78 108.99 37.06 46.4 0.86
108.99 37.06 46.4 108.01 37.06 46.33 0.86
108.01 37.06 46.33 107.4 37.06 46.25 0.86
107.4 37.06 46.25 106.42 36.94 46.18 0.86
106.42 36.94 46.18 106.29 36.94 46.1 0.86
142.6 26.63 51.33 142.6 26.75 53.22 3.68
142.6 26.75 53.22 142.85 27.12 53.3 3.31
142.85 27.12 53.3 142.97 27.24 53.45 3.56
142.97 27.24 53.45 142.97 27.24 53.75 3.56
142.97 27.24 53.75 143.09 27.24 53.98 3.56
143.09 27.24 53.98 143.22 27.36 54.28 3.56
143.22 27.36 54.28 143.34 27.36 54.59 3.56
143.34 27.36 54.59 143.46 27.73 54.66 3.56
143.46 27.73 54.66 143.46 27.85 54.66 3.56
143.46 27.85 54.66 143.59 28.71 54.74 3.56
143.59 28.71 54.74 143.59 28.96 54.74 3.56
143.59 28.96 54.74 143.83 30.43 52.31 3.56
143.83 30.43 52.31 143.83 30.43 52.62 3.56
143.83 30.43 52.62 143.83 30.92 52.99 3.56
143.83 30.92 52.99 143.83 31.53 53.15 3.56
143.83 31.53 53.15 143.83 32.89 53.22 3.56
143.83 32.89 53.22 143.71 33.38 53.22 3.56
143.71 33.38 53.22 143.71 34.24 53.22 3.56
143.71 34.24 53.22 143.59 35.34 53.3 3.56
143.59 35.34 53.3 143.46 35.71 53.3 3.56
143.46 35.71 53.3 143.46 36.08 53.3 3.19
143.46 36.08 53.3 143.59 36.57 53.45 3.19
143.59 36.57 53.45 143.34 38.29 53.68 3.19
143.34 38.29 53.68 143.22 39.39 53.9 2.94
143.22 39.39 53.9 143.09 39.88 53.98 2.94
143.09 39.88 53.98 143.09 40.62 54.13 2.94
143.09 40.62 54.13 143.09 41.6 54.43 2.94
143.09 41.6 54.43 142.85 42.21 54.51 2.7
142.85 42.21 54.51 142.85 43.07 54.66 2.7
142.85 43.07 54.66 142.73 43.93 54.74 2.21
142.73 43.93 54.74 142.36 45.16 54.81 2.21
142.36 45.16 54.81 142.48 45.9 54.74 2.21
142.48 45.9 54.74 141.99 47.12 54.66 2.21
141.99 47.12 54.66 141.5 47.86 54.43 2.21
141.5 47.86 54.43 141.38 48.11 53.98 2.21
141.38 48.11 53.98 141.25 48.6 53.52 2.21
141.25 48.6 53.52 141.25 48.97 53.45 2.21
141.25 48.97 53.45 141.25 49.09 54.43 2.21
141.25 49.09 54.43 141.25 49.46 54.51 2.21
141.25 49.46 54.51 141.25 50.07 54.81 2.21
141.25 50.07 54.81 141.25 50.93 55.04 2.21
141.25 50.93 55.04 141.13 51.05 55.87 2.21
141.13 51.05 55.87 141.13 51.54 55.87 2.21
141.13 51.54 55.87 140.89 52.77 56.55 2.21
140.89 52.77 56.55 140.89 53.14 56.86 2.21
140.89 53.14 56.86 140.89 53.87 57.24 2.21
140.89 53.87 57.24 141.13 54.86 57.62 2.21
141.13 54.86 57.62 141.13 55.1 57.99 2.21
141.13 55.1 57.99 141.38 55.96 58.45 2.21
141.38 55.96 58.45 141.75 57.07 58.75 2.21
141.75 57.07 58.75 141.75 59.15 58.98 2.21
141.75 59.15 58.98 141.75 59.64 59.05 2.09
141.75 59.64 59.05 141.5 60.01 59.13 2.09
141.5 60.01 59.13 141.25 60.63 59.28 2.09
141.25 60.63 59.28 141.25 60.75 59.28 2.09
141.25 60.75 59.28 140.87 63.35 59.74 2.09
140.87 63.35 59.74 140.5 63.84 59.74 2.09
140.5 63.84 59.74 140.14 64.58 59.81 2.09
140.14 64.58 59.81 139.77 65.81 59.89 2.09
139.77 65.81 59.89 139.4 67.16 59.89 2.09
139.4 67.16 59.89 139.28 67.77 60.04 2.09
139.28 67.77 60.04 139.03 68.75 60.27 2.09
139.03 68.75 60.27 138.79 69.74 60.42 2.09
138.79 69.74 60.42 138.79 70.6 60.57 2.09
138.79 70.6 60.57 138.79 71.58 60.57 2.09
138.79 71.58 60.57 138.79 72.31 60.72 2.09
138.79 72.31 60.72 138.79 73.17 60.72 2.09
138.79 73.17 60.72 138.66 74.03 60.72 2.09
138.66 74.03 60.72 138.66 74.89 60.72 2.09
138.66 74.89 60.72 138.91 75.63 60.8 2.09
138.91 75.63 60.8 139.28 76.36 60.8 2.09
139.28 76.36 60.8 139.52 76.61 60.95 2.09
139.52 76.61 60.95 139.89 77.35 61.33 2.09
139.89 77.35 61.33 140.5 79.06 61.4 2.09
140.5 79.06 61.4 141.24 81.03 61.4 2.09
141.24 81.03 61.4 142.59 84.71 61.48 2.09
142.59 84.71 61.48 143.2 87.04 61.71 2.09
143.2 87.04 61.71 143.94 89.01 61.78 2.09
143.94 89.01 61.78 145.66 93.92 62.08 2.09
145.66 93.92 62.08 146.39 95.14 62.16 1.96
146.39 95.14 62.16 147.62 97.11 62.46 1.96
147.62 97.11 62.46 148.72 98.95 62.84 1.96
148.72 98.95 62.84 150.44 102.63 63.22 1.72
150.44 102.63 63.22 151.79 106.31 63.3 1.72
151.79 106.31 63.3 152.4 110.0 63.45 1.72
152.4 110.0 63.45 153.26 112.94 63.68 1.72
153.26 112.94 63.68 153.51 116.26 63.98 1.72
153.51 116.26 63.98 153.75 118.83 64.28 1.72
153.75 118.83 64.28 153.38 121.04 64.58 1.72
153.38 121.04 64.58 153.38 122.15 64.74 1.72
153.38 122.15 64.74 154.15 125.13 65.34 1.72
154.15 125.13 65.34 154.02 125.75 65.49 1.72
154.02 125.75 65.49 154.39 127.1 65.8 1.72
154.39 127.1 65.8 154.52 127.59 65.95 1.72
154.52 127.59 65.95 154.64 128.2 66.25 1.72
154.64 128.2 66.25 154.76 129.43 66.33 1.72
154.76 129.43 66.33 154.88 130.54 66.4 1.72
154.88 130.54 66.4 154.88 131.4 66.48 1.72
154.88 131.4 66.48 155.25 133.6 66.55 1.72
155.25 133.6 66.55 155.86 136.67 66.78 1.72
155.86 136.67 66.78 156.36 139.37 67.16 1.72
156.36 139.37 67.16 156.11 141.83 67.31 1.84
156.11 141.83 67.31 156.6 146.0 67.46 1.84
156.6 146.0 67.46 157.09 149.56 67.61 1.84
157.09 149.56 67.61 157.21 153.49 67.92 1.96
157.21 153.49 67.92 157.09 158.28 68.22 1.96
157.09 158.28 68.22 155.5 164.41 68.67 1.96
155.5 164.41 68.67 154.39 168.46 69.05 1.96
154.39 168.46 69.05 151.69 174.23 69.51 1.96
151.69 174.23 69.51 151.57 178.78 69.74 1.96
151.57 178.78 69.74 151.2 181.23 69.89 1.96
151.2 181.23 69.89 150.84 182.58 69.89 1.96
150.84 182.58 69.89 150.84 182.95 69.96 1.96
150.84 182.95 69.96 151.15 197.6 70.42 1.96
151.15 197.6 70.42 151.64 203.01 70.72 1.96
151.64 203.01 70.72 152.99 210.0 71.02 1.96
152.99 210.0 71.02 155.69 222.15 71.1 1.96
155.69 222.15 71.1 156.43 229.4 71.17 1.96
156.43 229.4 71.17 157.65 236.52 71.33 1.96
157.65 236.52 71.33 158.14 240.93 71.4 1.96
158.14 240.93 71.4 158.88 243.27 71.55 1.96
158.88 243.27 71.55 159.37 244.37 71.63 1.96
159.37 244.37 71.63 160.75 248.84 71.93 1.96
160.75 248.84 71.93 160.13 253.75 72.01 1.84
160.13 253.75 72.01 159.77 255.59 72.01 1.84
159.77 255.59 72.01 159.4 257.43 72.08 1.84
159.4 257.43 72.08 158.91 259.15 72.16 1.84
158.91 259.15 72.16 158.42 261.24 72.31 1.84
158.42 261.24 72.31 158.42 263.2 72.31 1.84
158.42 263.2 72.31 158.66 264.92 72.39 1.84
158.66 264.92 72.39 158.78 281.24 72.46 1.84
158.78 281.24 72.46 158.91 285.42 72.46 1.84
158.91 285.42 72.46 160.38 295.12 72.54 1.59
160.38 295.12 72.54 160.62 298.8 72.54 1.59
160.62 298.8 72.54 159.77 302.6 72.61 1.59
159.77 302.6 72.61 158.42 305.3 72.61 1.59
158.42 305.3 72.61 158.17 305.67 72.61 1.59
158.17 305.67 72.61 158.21 344.26 73.14 1.59
158.21 344.26 73.14 159.43 346.35 73.3 1.59
159.43 346.35 73.3 160.05 347.21 73.75 1.35
160.05 347.21 73.75 160.29 347.45 73.98 0.98
160.29 347.45 73.98 160.66 347.95 74.2 0.98
160.66 347.95 74.2 160.91 348.31 74.36 0.98
160.91 348.31 74.36 161.27 348.68 74.43 0.98
161.27 348.68 74.43 161.64 349.3 74.81 0.98
161.64 349.3 74.81 161.89 349.79 74.96 0.98
161.89 349.79 74.96 162.01 350.28 74.96 0.98
162.01 350.28 74.96 162.13 350.65 75.04 0.98
162.13 350.65 75.04 162.13 351.01 75.27 0.98
162.13 351.01 75.27 162.13 351.01 76.1 0.98
162.13 351.01 76.1 162.13 351.01 76.4 0.98
162.13 351.01 76.4 162.75 351.38 76.48 0.98
162.75 351.38 76.48 163.11 351.51 76.55 0.98
163.11 351.51 76.55 163.73 352.0 76.63 0.98
163.73 352.0 76.63 164.34 352.24 76.7 0.98
164.34 352.24 76.7 164.95 352.73 76.78 0.98
164.95 352.73 76.78 165.32 352.98 76.78 0.98
165.32 352.98 76.78 165.57 353.22 76.78 0.98
165.57 353.22 76.78 165.94 353.47 77.23 0.98
165.94 353.47 77.23 166.18 353.84 77.31 0.98
166.18 353.84 77.31 166.43 354.33 77.46 0.98
166.43 354.33 77.46 166.55 354.82 77.61 0.98
166.55 354.82 77.61 167.16 357.52 77.99 0.98
167.16 357.52 77.99 167.04 358.13 78.07 0.98
167.04 358.13 78.07 167.04 358.87 78.14 0.98
167.04 358.87 78.14 167.04 359.48 78.22 0.98
167.04 359.48 78.22 167.16 359.97 78.3 0.98
167.16 359.97 78.3 167.28 360.34 78.6 0.98
167.28 360.34 78.6 167.53 360.83 78.98 0.98
167.53 360.83 78.98 167.78 361.2 79.13 0.98
167.78 361.2 79.13 168.51 361.57 79.43 0.98
168.51 361.57 79.43 169.0 361.82 79.73 0.98
169.0 361.82 79.73 169.0 361.82 80.04 0.98
169.0 361.82 80.04 169.37 361.94 80.19 0.98
169.37 361.94 80.19 169.37 361.94 80.42 0.98
169.37 361.94 80.42 169.86 362.06 80.72 0.98
169.86 362.06 80.72 169.98 362.31 81.02 0.98
169.98 362.31 81.02 170.47 362.8 81.1 0.98
170.47 362.8 81.1 170.72 363.04 81.17 0.98
170.72 363.04 81.17 170.96 363.53 81.17 0.98
170.96 363.53 81.17 170.96 364.03 81.7 0.98
170.96 364.03 81.7 171.21 364.64 81.86 0.98
171.21 364.64 81.86 171.21 365.01 81.86 0.98
171.21 365.01 81.86 171.33 365.38 82.16 0.98
171.33 365.38 82.16 171.46 365.87 82.61 0.98
171.46 365.87 82.61 171.58 366.36 82.69 0.98
171.58 366.36 82.69 171.95 366.6 82.69 0.98
171.95 366.6 82.69 172.19 367.09 82.69 0.98
172.19 367.09 82.69 172.85 369.35 82.84 0.98
172.85 369.35 82.84 173.58 370.21 82.99 0.98
173.58 370.21 82.99 174.07 370.7 82.99 0.98
174.07 370.7 82.99 174.69 371.56 82.99 0.98
174.69 371.56 82.99 175.18 372.42 83.07 0.98
175.18 372.42 83.07 175.55 373.16 83.07 0.98
175.55 373.16 83.07 175.91 374.02 83.14 0.98
175.91 374.02 83.14 176.16 374.63 83.22 0.98
176.16 374.63 83.22 176.65 376.1 83.45 0.98
176.65 376.1 83.45 176.9 376.72 83.37 0.98
176.9 376.72 83.37 177.02 377.45 83.14 0.98
177.02 377.45 83.14 177.14 377.7 82.92 0.98
177.14 377.7 82.92 177.26 378.19 82.54 0.98
177.26 378.19 82.54 177.39 378.56 82.39 0.98
177.39 378.56 82.39 177.51 379.05 82.23 0.98
177.51 379.05 82.23 177.63 379.54 81.93 0.98
177.63 379.54 81.93 178.0 380.15 81.78 0.98
178.0 380.15 81.78 178.24 381.5 81.78 0.98
178.24 381.5 81.78 178.74 382.36 81.63 0.86
178.74 382.36 81.63 179.35 382.98 81.48 0.86
179.35 382.98 81.48 179.47 383.35 81.4 0.86
179.47 383.35 81.4 179.96 383.96 81.25 0.86
179.96 383.96 81.25 180.33 384.57 81.17 0.86
180.33 384.57 81.17 180.82 385.06 81.1 0.86
180.82 385.06 81.1 181.43 385.92 80.95 0.86
181.43 385.92 80.95 182.17 386.78 80.95 0.86
182.17 386.78 80.95 184.99 390.59 80.79 0.86
184.99 390.59 80.79 185.24 391.32 80.72 0.86
185.24 391.32 80.72 185.6 392.43 80.57 0.86
185.6 392.43 80.57 186.22 393.29 80.42 0.86
186.22 393.29 80.42 187.2 394.27 80.34 0.86
187.2 394.27 80.34 187.81 394.76 80.19 0.86
187.81 394.76 80.19 188.06 395.38 80.19 0.86
188.06 395.38 80.19 188.3 395.99 80.11 0.86
188.3 395.99 80.11 188.79 396.73 80.04 0.86
188.79 396.73 80.04 189.04 397.09 80.04 0.86
189.04 397.09 80.04 189.9 398.44 79.51 0.86
189.9 398.44 79.51 190.51 399.43 79.51 0.86
190.51 399.43 79.51 191.13 400.41 79.51 0.86
191.13 400.41 79.51 191.62 401.14 79.43 0.86
191.62 401.14 79.43 192.11 401.76 79.13 0.86
192.11 401.76 79.13 193.09 402.37 79.13 0.86
193.09 402.37 79.13 193.95 402.74 78.98 0.86
158.21 344.26 73.14 157.76 345.54 72.99 1.59
157.76 345.54 72.99 157.64 346.03 73.22 1.23
157.64 346.03 73.22 157.51 346.52 73.37 1.23
157.51 346.52 73.37 157.51 347.26 73.6 1.23
157.51 347.26 73.6 157.27 347.75 73.67 1.23
157.27 347.75 73.67 157.02 348.24 73.75 1.23
157.02 348.24 73.75 156.53 349.59 73.9 1.23
156.53 349.59 73.9 156.04 350.2 73.98 1.23
156.04 350.2 73.98 155.55 350.94 74.05 1.23
155.55 350.94 74.05 154.45 352.17 74.05 1.23
154.45 352.17 74.05 153.96 353.03 74.2 1.23
153.96 353.03 74.2 153.47 354.01 74.36 1.23
153.47 354.01 74.36 153.34 354.5 74.43 1.23
153.34 354.5 74.43 153.1 354.99 74.51 1.23
153.1 354.99 74.51 152.85 355.48 74.58 1.23
152.85 355.48 74.58 152.61 355.97 73.98 1.23
152.61 355.97 73.98 152.36 356.34 73.83 1.23
152.36 356.34 73.83 152.12 356.71 73.67 1.23
152.12 356.71 73.67 151.87 357.32 73.52 1.23
151.87 357.32 73.52 151.63 358.06 73.52 1.23
151.63 358.06 73.52 151.5 358.67 73.52 1.23
151.5 358.67 73.52 150.15 361.37 73.45 1.23
150.15 361.37 73.45 150.03 362.23 73.37 1.23
150.03 362.23 73.37 149.54 364.07 73.37 1.23
149.54 364.07 73.37 149.29 365.18 73.3 1.23
149.29 365.18 73.3 149.17 365.79 73.22 1.23
149.17 365.79 73.22 149.05 366.28 73.14 1.23
149.05 366.28 73.14 149.05 366.41 72.92 1.23
149.05 366.41 72.92 148.93 367.14 72.46 1.23
148.93 367.14 72.46 148.68 367.63 72.16 1.23
148.68 367.63 72.16 148.56 368.25 72.08 1.23
148.56 368.25 72.08 148.31 368.86 72.08 1.23
148.31 368.86 72.08 148.19 369.35 71.86 1.23
148.19 369.35 71.86 148.07 370.21 71.63 1.23
148.07 370.21 71.63 147.95 370.7 71.4 1.23
147.95 370.7 71.4 147.95 371.07 71.4 1.23
147.95 371.07 71.4 147.82 371.69 71.1 1.23
147.82 371.69 71.1 147.82 372.91 70.95 1.23
147.82 372.91 70.95 147.7 374.14 70.95 1.23
147.7 374.14 70.95 147.7 375.0 70.72 1.23
147.7 375.0 70.72 147.7 375.37 70.49 1.23
147.7 375.37 70.49 147.7 377.7 70.42 1.23
147.7 377.7 70.42 147.7 378.68 70.27 1.23
147.7 378.68 70.27 147.82 380.65 70.11 1.23
147.82 380.65 70.11 147.7 382.12 71.02 1.23
147.7 382.12 71.02 147.7 382.36 71.33 1.23
147.7 382.36 71.33 147.7 382.49 70.27 1.23
147.7 382.49 70.27 147.7 382.86 69.96 1.23
147.7 382.86 69.96 147.82 383.47 69.28 1.23
147.82 383.47 69.28 147.95 383.84 69.21 1.23
147.95 383.84 69.21 148.44 384.45 68.83 1.23
148.44 384.45 68.83 148.56 384.82 68.75 1.23
148.56 384.82 68.75 148.93 385.06 68.3 1.23
148.93 385.06 68.3 149.54 386.17 68.14 1.23
149.54 386.17 68.14 149.79 387.03 67.99 1.23
149.79 387.03 67.99 149.91 387.52 67.99 1.23
149.91 387.52 67.99 149.91 387.89 67.77 1.23
149.91 387.89 67.77 150.03 388.38 67.31 1.23
150.03 388.38 67.31 149.91 389.36 67.16 1.23
149.91 389.36 67.16 149.79 389.85 66.78 1.23
149.79 389.85 66.78 149.54 391.57 66.33 1.23
149.54 391.57 66.33 149.29 392.06 66.1 1.23
149.29 392.06 66.1 148.93 392.8 65.95 1.23
148.93 392.8 65.95 148.56 393.04 65.8 1.23
148.56 393.04 65.8 146.23 397.71 65.64 1.23
146.23 397.71 65.64 145.98 398.44 65.64 0.86
145.98 398.44 65.64 145.61 399.18 65.49 0.86
145.61 399.18 65.49 145.37 399.43 66.93 0.86
145.37 399.43 66.93 145.25 400.16 67.01 0.86
145.25 400.16 67.01 144.88 400.9 67.39 0.86
144.88 400.9 67.39 144.88 401.27 68.07 0.86
144.88 401.27 68.07 144.76 401.76 68.75 0.86
144.76 401.76 68.75 144.76 402.25 68.9 0.86
144.76 402.25 68.9 144.63 402.99 69.13 0.86
144.63 402.99 69.13 144.63 403.35 69.36 0.86
144.63 403.35 69.36 144.63 403.97 69.51 0.86
144.63 403.97 69.51 144.63 404.83 69.81 0.86
144.63 404.83 69.81 144.51 405.2 70.19 0.86
144.51 405.2 70.19 144.39 406.05 70.57 0.86
144.39 406.05 70.57 144.39 406.91 70.64 0.86
144.39 406.91 70.64 144.27 407.9 70.8 0.86
144.27 407.9 70.8 144.02 408.75 70.95 0.86
144.02 408.75 70.95 143.77 409.49 71.02 0.86
143.77 409.49 71.02 143.41 410.35 71.1 0.86
143.41 410.35 71.1 142.92 411.09 71.1 0.86
142.92 411.09 71.1 142.18 412.19 71.17 0.86
142.18 412.19 71.17 141.44 413.3 71.4 0.86
141.44 413.3 71.4 140.83 413.79 71.48 0.86
140.83 413.79 71.48 139.97 414.28 71.55 0.86
139.97 414.28 71.55 139.24 414.89 71.63 0.86
139.24 414.89 71.63 138.5 415.51 71.7 0.86
138.5 415.51 71.7 138.13 415.75 71.78 0.86
138.13 415.75 71.78 137.52 416.12 71.86 0.86
137.52 416.12 71.86 136.78 416.37 72.01 0.86
136.78 416.37 72.01 135.92 416.61 72.24 0.86
135.92 416.61 72.24 135.68 416.73 72.54 0.86
135.68 416.73 72.54 135.43 416.86 73.3 0.86
135.43 416.86 73.3 134.57 418.21 74.2 0.86
134.57 418.21 74.2 134.08 418.82 74.51 0.86
134.08 418.82 74.51 133.96 419.43 74.73 0.86
133.96 419.43 74.73 133.72 419.8 74.89 0.86
133.72 419.8 74.89 132.98 421.27 75.8 0.86
132.98 421.27 75.8 132.37 421.52 76.17 0.86
132.37 421.52 76.17 131.63 422.01 76.33 0.86
131.63 422.01 76.33 131.02 422.63 76.7 0.74
131.02 422.63 76.7 130.65 423.12 77.01 0.74
130.65 423.12 77.01 130.28 423.61 77.31 0.74
130.28 423.61 77.31 129.79 423.98 77.84 0.74
129.79 423.98 77.84 129.42 424.47 78.14 0.74
129.42 424.47 78.14 129.18 424.96 78.22 0.74
129.18 424.96 78.22 128.81 425.33 78.37 0.74
128.81 425.33 78.37 128.32 425.94 78.37 0.74
128.32 425.94 78.37 127.46 426.55 78.45 0.74
127.46 426.55 78.45 126.85 426.68 78.52 0.74
126.85 426.68 78.52 125.5 426.68 78.52 0.74
125.5 426.68 78.52 125.25 427.04 78.52 0.49
125.25 427.04 78.52 124.88 427.54 78.67 0.49
124.88 427.54 78.67 124.64 428.03 78.75 0.49
124.64 428.03 78.75 124.39 428.52 78.75 0.49
124.39 428.52 78.75 123.24 429.73 79.51 0.49
