/home/bozelosp/Dropbox/remod
c11563.CNG.swc
# SWC to SWC conversion from L-Measure. Sridevi Polavaram: spolavar@gmu.edu
# Original fileName:/cng_repository/Soumya/LM_Automated_Testing_Enviornment/Test_Lm3.7.2_10062011_SG_Linux_NMOConv6/TestResults/LoadTest/test_20/c11563.CNG.swc
#
# Original file C11563.txt.swc edited by Duncan Donohue using StdSwc version 1.21 on 1/3/06.
# Irregularities and fixes documented in C11563.txt.swc.std.  See StdSwc1.21.doc for more information.
#
# Amaral to SWC conversion from L-Measure. R. Scorcioni: rscorcio@gmu.edu
# Original fileName:C:\\cells\\ca1\\Amaral\\C11563.txt
#
# ORIGINAL_SOURCE 
# CREATURE 
# REGION 
# FIELD/LAYER 
# TYPE 
# CONTRIBUTOR 
# REFERENCE 
# RAW 
# EXTRAS 
# SOMA_AREA 
# SHRINKAGE_CORRECTION 
# VERSION_NUMBER 
# VERSION_DATE 
# ********************************************* 
# SCALE 1.0 1.0 1.0 
 1 1 -1.93 0.87 0.50 3.06 -1
 2 1 -1.93 3.93 0.50 3.06 1
 2 1 -1.93 3.93 0.50 3.06 1
 3 1 -1.93 -2.18 0.50 3.06 1
 4 2 -1.50 3.50 5.50 0.15 1
 5 2 -1.50 11.00 8.00 0.15 4
 6 2 -8.00 20.00 10.00 0.15 5
 7 2 -10.00 27.00 11.00 0.15 6
 8 2 -6.00 41.50 11.50 0.15 7
 9 2 -6.00 52.50 8.50 0.15 8
 10 2 -13.00 47.00 6.50 0.15 9
 11 2 -17.00 41.00 2.00 0.15 10
 12 2 -16.50 36.00 3.00 0.15 11
 13 2 -15.00 34.00 0.50 0.15 12
 14 2 -9.00 30.50 -1.50 0.15 13
 15 2 -1.00 25.50 4.50 0.15 14
 16 2 -19.50 33.50 1.50 0.15 12
 17 2 -29.50 40.50 5.50 0.15 16
 18 2 -35.00 42.50 8.50 0.15 17
 19 2 -42.00 43.00 8.50 0.15 18
 20 2 -56.00 39.00 7.50 0.15 19
 21 2 -73.50 44.00 9.50 0.15 20
 22 2 -84.00 46.50 10.00 0.15 21
 23 2 -105.50 52.50 12.00 0.15 22
 24 2 4.50 59.50 13.00 0.15 9
 25 2 16.50 71.50 21.00 0.15 24
 26 2 23.50 80.00 25.00 0.15 25
 27 2 29.00 95.00 31.50 0.15 26
 28 2 31.50 108.50 36.50 0.15 27
 29 2 33.50 127.00 43.00 0.15 28
 30 2 33.50 142.50 46.00 0.15 29
 31 2 33.50 165.00 46.50 0.15 30
 32 2 33.00 172.50 45.00 0.15 31
 33 2 20.00 174.00 44.50 0.15 32
 34 2 13.00 177.00 43.00 0.15 33
 34 2 13.00 177.00 43.00 0.15 33
 35 2 8.00 176.00 45.50 0.15 34
 35 2 8.00 176.00 45.50 0.15 34
 36 2 1.00 178.00 48.00 0.15 35
 37 2 -0.50 177.50 48.00 0.15 36
 38 2 -1.00 179.00 51.00 0.15 37
 39 2 -4.50 182.00 54.00 0.15 38
 40 2 -5.00 181.00 55.00 0.15 39
 41 2 -6.00 178.50 57.00 0.15 40
 42 2 -8.50 176.50 59.50 0.15 41
 43 2 -8.50 174.00 61.00 0.15 42
 44 2 -9.50 174.00 61.00 0.15 43
 45 2 -10.50 170.00 62.50 0.15 44
 46 2 -12.00 165.50 65.50 0.15 45
 47 2 -16.50 161.50 68.50 0.15 46
 48 2 -20.00 161.00 68.50 0.15 47
 49 2 -23.00 161.50 69.00 0.15 48
 50 2 -32.50 160.50 73.00 0.15 49
 51 2 -31.50 162.50 73.00 0.15 50
 52 2 -32.00 164.00 74.00 0.15 51
 53 2 -31.50 168.00 72.50 0.15 52
 54 2 -29.00 168.50 70.00 0.15 53
 55 2 -33.50 167.50 70.00 0.15 53
 56 2 -0.50 175.50 50.50 0.15 37
 57 2 -1.50 173.00 53.50 0.15 56
 58 2 6.00 174.50 44.00 0.15 35
 59 2 4.00 172.50 45.50 0.15 58
 60 2 22.50 192.00 43.50 0.15 33
 61 2 21.50 200.00 39.50 0.15 60
 62 2 22.00 203.00 39.00 0.15 61
 63 2 22.00 206.00 36.00 0.15 62
 64 2 21.50 208.00 34.00 0.15 63
 65 2 21.00 210.50 33.50 0.15 64
 66 2 20.00 211.00 34.50 0.15 65
 67 2 19.50 213.50 33.50 0.15 66
 68 2 19.50 215.50 36.00 0.15 67
 69 2 17.00 220.00 34.50 0.15 68
 70 2 10.00 228.50 32.50 0.15 69
 71 2 6.50 237.00 31.00 0.15 70
 72 2 8.00 239.50 30.00 0.15 71
 73 2 23.00 211.00 32.50 0.15 65
 74 2 25.50 214.00 30.00 0.15 73
 75 2 25.00 215.00 29.00 0.15 74
 76 2 26.00 215.50 30.50 0.15 75
 77 2 25.50 218.00 30.00 0.15 76
 78 2 28.00 214.00 27.50 0.15 75
 79 2 29.00 216.50 27.50 0.15 78
 80 2 29.50 217.00 27.50 0.15 79
 81 2 29.00 217.00 27.50 0.15 80
 82 2 31.00 216.00 26.00 0.15 81
 83 2 33.00 218.00 24.00 0.15 82
 84 2 34.50 220.50 20.50 0.15 83
 85 2 39.50 220.50 16.50 0.15 84
 86 2 42.50 222.00 15.50 0.15 85
 87 2 41.00 220.50 18.00 0.15 86
 88 2 46.50 219.00 13.00 0.15 87
 89 2 46.50 222.50 11.50 0.15 88
 90 2 49.50 224.00 10.00 0.15 89
 91 2 51.50 223.50 9.00 0.15 90
 92 2 51.50 225.50 8.50 0.15 91
 93 2 56.00 224.50 6.50 0.15 92
 94 2 63.50 221.00 3.50 0.15 93
 95 2 64.50 223.00 2.50 0.15 94
 95 2 64.50 223.00 2.50 0.15 94
 96 2 66.50 222.50 2.00 0.15 95
 96 2 66.50 222.50 2.00 0.15 95
 97 2 68.50 222.50 -0.50 0.15 96
 97 2 68.50 222.50 -0.50 0.15 96
 98 2 68.00 223.00 -0.50 0.15 97
 98 2 68.00 223.00 -0.50 0.15 97
 99 2 65.00 216.00 4.00 0.15 94
 100 2 66.50 215.50 2.50 0.15 99
 101 2 55.50 222.50 6.50 0.15 93
 102 2 55.50 220.00 6.50 0.15 101
 103 2 27.50 220.50 27.50 0.15 81
 104 2 25.50 202.50 39.00 0.15 62
 105 2 42.50 177.00 37.50 0.15 32
 106 2 52.00 184.00 29.50 0.15 105
 107 2 57.50 186.00 25.50 0.15 106
 108 2 61.00 184.50 26.00 0.15 107
 109 2 49.00 182.50 26.00 0.15 108
 110 2 44.00 190.00 25.00 0.15 109
 111 2 35.50 191.50 26.00 0.15 110
 112 2 33.00 191.50 26.00 0.15 111
 113 2 18.00 190.50 33.00 0.15 112
 114 2 10.50 192.50 37.00 0.15 113
 115 2 7.00 189.50 39.50 0.15 114
 116 2 4.00 189.50 40.00 0.15 115
 117 2 2.50 189.50 40.50 0.15 116
 118 2 0.00 192.50 41.00 0.15 117
 118 2 0.00 192.50 41.00 0.15 117
 119 2 -4.50 197.50 41.00 0.15 118
 119 2 -4.50 197.50 41.00 0.15 118
 120 2 -6.50 201.00 42.00 0.15 119
 121 2 -12.50 201.50 42.00 0.15 120
 121 2 -12.50 201.50 42.00 0.15 120
 122 2 -15.50 204.50 42.50 0.15 121
 122 2 -15.50 204.50 42.50 0.15 121
 123 2 -16.00 207.50 42.50 0.15 122
 123 2 -16.00 207.50 42.50 0.15 122
 124 2 -18.00 209.00 42.50 0.15 123
 124 2 -18.00 209.00 42.50 0.15 123
 125 2 -19.50 210.50 42.50 0.15 124
 125 2 -19.50 210.50 42.50 0.15 124
 126 2 -20.50 211.00 42.50 0.15 125
 126 2 -20.50 211.00 42.50 0.15 125
 127 2 -22.50 213.00 42.50 0.15 126
 127 2 -22.50 213.00 42.50 0.15 126
 128 2 -23.00 213.00 42.50 0.15 127
 128 2 -23.00 213.00 42.50 0.15 127
 129 2 -27.00 214.50 42.50 0.15 128
 129 2 -27.00 214.50 42.50 0.15 128
 130 2 -33.00 213.00 42.50 0.15 129
 130 2 -33.00 213.00 42.50 0.15 129
 131 2 -33.50 212.50 42.50 0.15 130
 131 2 -33.50 212.50 42.50 0.15 130
 132 2 -35.50 211.50 41.50 0.15 131
 132 2 -35.50 211.50 41.50 0.15 131
 133 2 -37.00 210.50 41.50 0.15 132
 133 2 -37.00 210.50 41.50 0.15 132
 134 2 -38.00 211.00 45.00 0.15 133
 134 2 -38.00 211.00 45.00 0.15 133
 135 2 -40.50 208.50 43.50 0.15 134
 136 2 -49.50 206.50 46.00 0.15 135
 137 2 -53.50 207.00 46.00 0.15 136
 138 2 -54.50 207.50 46.00 0.15 137
 139 2 -52.50 205.00 45.50 0.15 136
 140 2 -53.00 206.00 46.00 0.15 139
 141 2 -54.50 205.50 46.00 0.15 140
 142 2 -36.50 214.00 44.00 0.15 134
 143 2 -13.50 200.00 45.00 0.15 121
 144 2 -17.00 200.50 42.00 0.15 143
 145 2 -19.00 203.00 47.50 0.15 144
 146 2 -15.50 203.50 51.00 0.15 145
 147 2 -8.50 213.00 56.00 0.15 146
 148 2 -5.00 202.50 39.00 0.15 120
 149 2 -3.00 199.00 41.50 0.15 119
 150 2 -8.00 187.00 40.00 0.15 117
 151 2 -16.50 185.50 38.00 0.15 150
 152 2 -19.00 184.50 38.00 0.15 151
 153 2 -26.00 181.00 38.00 0.15 152
 154 2 -36.00 181.00 38.50 0.15 153
 155 2 -39.00 181.00 37.50 0.15 154
 156 2 -39.50 181.50 37.50 0.15 155
 157 2 1.00 186.00 40.50 0.15 116
 158 2 -1.00 185.00 39.00 0.15 157
 159 2 -0.50 182.50 39.50 0.15 158
 160 2 -3.00 180.50 38.00 0.15 159
 161 2 -9.50 176.00 37.50 0.15 160
 162 2 -10.00 175.50 38.00 0.15 161
 163 2 -13.00 172.00 37.50 0.15 162
 164 2 78.50 184.50 18.50 0.15 108
 165 2 89.00 189.00 13.50 0.15 164
 166 2 99.00 193.00 9.00 0.15 165
 167 2 112.50 197.00 1.50 0.15 166
 168 2 125.50 200.00 -4.50 0.15 167
 169 2 135.00 204.00 -8.00 0.15 168
 170 2 140.00 204.50 -7.50 0.15 169
 171 2 145.50 209.50 -6.50 0.15 170
 172 2 136.00 211.00 -4.50 0.15 171
 173 2 125.50 211.50 -6.50 0.15 172
 174 2 120.50 212.00 -7.00 0.15 173
 175 2 117.00 211.50 -7.00 0.15 174
 176 2 108.00 213.50 -7.00 0.15 175
 177 2 103.50 214.00 -7.00 0.15 176
 178 2 100.50 214.50 -7.00 0.15 177
 179 2 96.00 215.50 -7.00 0.15 178
 180 2 94.00 215.50 -7.00 0.15 179
 181 2 91.00 216.00 -7.00 0.15 180
 182 2 87.50 218.00 -7.00 0.15 181
 183 2 82.00 221.00 -7.50 0.15 182
 184 2 78.50 220.00 -7.50 0.15 183
 185 2 72.00 219.00 -8.00 0.15 184
 186 2 62.00 219.00 -8.00 0.15 185
 187 2 58.00 219.50 -9.00 0.15 186
 188 2 48.50 221.50 -11.00 0.15 187
 189 2 43.00 224.00 -11.00 0.15 188
 190 2 41.50 224.00 -11.00 0.15 189
 191 2 40.00 223.50 -12.50 0.15 190
 192 2 34.50 224.00 -13.50 0.15 191
 193 2 32.50 223.00 -13.50 0.15 192
 194 2 29.50 223.50 -13.50 0.15 193
 195 2 24.00 223.00 -16.00 0.15 194
 196 2 20.00 221.50 -16.50 0.15 195
 197 2 18.00 220.50 -17.50 0.15 196
 198 2 14.50 219.50 -19.00 0.15 197
 199 2 12.50 219.50 -20.00 0.15 198
 200 2 6.50 220.00 -21.00 0.15 199
 201 2 1.50 221.50 -22.00 0.15 200
 202 2 0.00 221.50 -21.00 0.15 201
 203 2 -8.00 225.00 -22.00 0.15 202
 204 2 -11.50 226.50 -23.50 0.15 203
 205 2 -14.50 229.00 -23.50 0.15 204
 206 2 -20.00 231.00 -23.50 0.15 205
 207 2 -22.00 231.00 -23.50 0.15 206
 208 2 -28.00 233.50 -24.00 0.15 207
 209 2 -30.50 233.50 -25.00 0.15 208
 210 2 -33.00 233.50 -25.00 0.15 209
 211 2 -39.00 235.00 -25.00 0.15 210
 212 2 -45.50 235.50 -27.50 0.15 211
 213 2 -48.50 235.50 -28.50 0.15 212
 214 2 -54.50 236.50 -28.50 0.15 213
 215 2 -62.50 237.00 -29.00 0.15 214
 216 2 -68.50 238.50 -30.00 0.15 215
 217 2 -70.50 238.00 -29.00 0.15 216
 218 2 -74.00 239.50 -29.00 0.15 217
 219 2 -80.50 239.50 -27.50 0.15 218
 220 2 -90.50 241.50 -26.00 0.15 219
 221 2 -94.50 242.50 -26.00 0.15 220
 222 2 -100.00 242.50 -26.00 0.15 221
 223 2 -106.50 242.00 -26.00 0.15 222
 224 2 -114.00 240.50 -26.50 0.15 223
 225 2 -120.00 239.50 -27.00 0.15 224
 226 2 -123.00 239.00 -26.50 0.15 225
 227 2 -127.00 240.50 -25.50 0.15 226
 228 2 -129.50 241.50 -25.50 0.15 227
 229 2 -133.50 241.50 -25.00 0.15 228
 230 2 -137.00 240.00 -26.50 0.15 229
 231 2 -140.00 240.00 -26.50 0.15 230
 232 2 -143.50 240.00 -26.50 0.15 231
 233 2 -150.00 238.00 -26.00 0.15 232
 234 2 -153.00 237.50 -26.00 0.15 233
 235 2 -157.50 238.00 -26.00 0.15 234
 236 2 -165.00 238.00 -24.50 0.15 235
 237 2 -175.00 237.00 -24.00 0.15 236
 238 2 -180.00 236.00 -26.50 0.15 237
 239 2 -184.00 236.50 -25.00 0.15 238
 240 2 -187.00 235.00 -23.50 0.15 239
 241 2 -190.50 234.00 -23.00 0.15 240
 242 2 -198.00 235.50 -22.50 0.15 241
 243 2 -199.50 237.00 -22.50 0.15 242
 244 2 -201.50 236.50 -21.50 0.15 243
 245 2 -206.00 238.00 -22.00 0.15 244
 246 2 -210.50 240.00 -21.50 0.15 245
 247 2 -216.00 240.00 -22.50 0.15 246
 248 2 -227.50 240.50 -23.00 0.15 247
 249 2 -230.00 240.50 -21.00 0.15 248
 250 2 -235.50 241.00 -20.00 0.15 249
 251 2 -239.00 241.00 -20.00 0.15 250
 252 2 -243.00 240.50 -19.00 0.15 251
 253 2 -247.50 238.00 -18.00 0.15 252
 254 2 -249.00 236.00 -15.00 0.15 253
 255 2 -258.50 234.50 -13.00 0.15 254
 256 2 -265.50 230.00 -13.50 0.15 255
 257 2 -273.00 226.50 -14.50 0.15 256
 258 2 -276.50 223.00 -14.50 0.15 257
 259 2 -279.50 220.00 -16.00 0.15 258
 260 2 -281.00 219.50 -16.00 0.15 259
 261 2 -287.50 217.00 -16.00 0.15 260
 262 2 -294.00 209.50 -17.50 0.15 261
 263 2 -295.50 206.50 -19.00 0.15 262
 264 2 -299.50 201.00 -19.00 0.15 263
 265 2 -302.50 197.00 -19.00 0.15 264
 266 2 -307.00 194.00 -20.50 0.15 265
 267 2 -308.00 190.00 -21.50 0.15 266
 268 2 -311.50 181.00 -19.50 0.15 267
 269 2 -317.50 173.50 -19.50 0.15 268
 270 2 -319.00 173.50 -17.00 0.15 269
 271 2 -325.00 171.00 -18.00 0.15 270
 272 2 -328.50 167.50 -17.00 0.15 271
 273 2 -338.50 153.00 -15.00 0.15 272
 274 2 -319.00 171.50 -19.50 0.15 270
 275 2 -308.50 173.50 -18.50 0.15 274
 276 2 -1.50 224.00 -21.00 0.15 202
 277 2 87.50 225.50 -6.50 0.15 182
 278 2 89.50 233.50 -9.00 0.15 277
 279 2 85.50 229.00 -3.50 0.15 278
 280 2 84.00 227.00 -3.50 0.15 279
 281 2 75.00 227.00 1.00 0.15 280
 282 2 68.50 226.50 4.50 0.15 281
 283 2 64.50 226.50 6.50 0.15 282
 284 2 62.50 225.00 7.50 0.15 283
 285 2 62.00 225.00 7.50 0.15 284
 286 2 59.50 227.00 8.50 0.15 285
 287 2 55.50 228.00 8.50 0.15 286
 288 2 52.50 228.00 11.50 0.15 287
 289 2 51.50 229.50 10.50 0.15 288
 290 2 51.00 227.50 10.50 0.15 289
 291 2 50.50 226.50 10.50 0.15 290
 292 2 56.00 227.00 8.50 0.15 287
 293 2 55.50 224.00 11.00 0.15 292
 294 2 63.50 220.50 7.00 0.15 285
 295 2 66.50 219.50 7.00 0.15 294
 296 2 154.00 211.50 -12.00 0.15 171
 297 2 163.50 216.00 -18.00 0.15 296
 298 2 176.00 225.00 -25.50 0.15 297
 299 2 184.00 228.00 -32.00 0.15 298
 300 2 180.50 225.00 -32.00 0.15 299
 301 2 174.50 230.00 -32.00 0.15 300
 302 2 168.00 235.50 -32.50 0.15 301
 303 2 160.50 241.00 -36.50 0.15 302
 304 2 160.50 241.50 -36.50 0.15 303
 305 2 153.50 244.50 -37.00 0.15 304
 306 2 153.50 245.00 -37.50 0.15 305
 307 2 155.50 244.50 -37.00 0.15 306
 308 2 156.00 246.50 -36.50 0.15 304
 309 2 201.50 228.00 -35.50 0.15 299
 310 2 217.50 232.00 -39.50 0.15 309
 311 2 230.50 234.50 -48.50 0.15 310
 312 2 239.00 232.50 -54.50 0.15 311
 313 2 246.00 236.50 -57.50 0.15 312
 314 2 244.50 242.50 -57.50 0.15 313
 315 2 247.50 244.00 -61.50 0.15 314
 316 2 250.00 247.50 -68.50 0.15 315
 317 2 256.50 252.00 -76.00 0.15 316
 318 2 256.50 254.50 -82.00 0.15 317
 319 2 -1.50 3.50 6.50 0.15 1
 320 2 -2.00 12.00 9.00 0.15 319
 321 2 -7.50 20.00 9.00 0.15 320
 322 2 -10.00 27.00 12.00 0.15 321
 323 2 -7.50 43.50 11.50 0.15 322
 324 2 -7.00 54.00 10.00 0.15 323
 325 2 -13.00 52.50 10.00 0.15 324
 326 2 -16.50 46.00 8.00 0.15 325
 327 2 -16.00 40.00 10.50 0.15 326
 328 2 -20.50 39.50 8.50 0.15 327
 329 2 -26.50 45.50 11.00 0.15 328
 330 2 -30.00 47.50 12.00 0.15 329
 331 2 -41.50 49.50 12.00 0.15 330
 332 2 -54.00 46.00 11.50 0.15 331
 333 2 -70.00 50.50 13.50 0.15 332
 334 2 -77.50 52.00 15.50 0.15 333
 335 2 -82.00 52.50 17.50 0.15 334
 336 2 -91.50 58.50 21.00 0.15 335
 337 2 -95.00 59.00 21.00 0.15 336
 338 2 -101.50 62.50 23.00 0.15 337
 339 2 -107.00 66.00 24.50 0.15 338
 340 2 -118.00 71.50 25.50 0.15 339
 341 2 -124.50 75.50 28.50 0.15 340
 342 2 -126.00 77.50 27.50 0.15 341
 343 2 -128.00 82.00 28.50 0.15 342
 344 2 -130.00 84.00 28.00 0.15 343
 345 2 -130.50 86.00 28.00 0.15 344
 346 2 -137.00 92.50 29.50 0.15 345
 347 2 -140.50 96.00 30.00 0.15 346
 348 2 -142.50 98.00 30.00 0.15 347
 349 2 -152.50 108.50 32.00 0.15 348
 350 2 -153.00 109.00 32.00 0.15 349
 351 2 -155.00 110.00 32.00 0.15 350
 352 2 -155.50 111.00 33.00 0.15 351
 352 2 -155.50 111.00 33.00 0.15 351
 353 2 -156.00 113.00 33.00 0.15 352
 353 2 -156.00 113.00 33.00 0.15 352
 354 2 -156.00 113.50 33.00 0.15 353
 354 2 -156.00 113.50 33.00 0.15 353
 355 2 -158.00 117.00 32.50 0.15 354
 356 2 -164.00 122.00 33.00 0.15 355
 357 2 -165.00 123.00 34.00 0.15 356
 358 2 -166.00 125.00 34.50 0.15 357
 359 2 -166.50 126.50 35.00 0.15 358
 360 2 -169.00 126.50 36.50 0.15 359
 361 2 -168.50 128.00 37.00 0.15 360
 362 2 -169.50 127.00 36.00 0.15 361
 362 2 -169.50 127.00 36.00 0.15 361
 363 2 -171.00 128.00 35.50 0.15 362
 363 2 -171.00 128.00 35.50 0.15 362
 364 2 -167.50 128.00 36.50 0.15 361
 365 2 -166.50 129.00 43.00 0.15 364
 366 2 -166.50 131.00 43.00 0.15 365
 367 2 -170.50 135.00 46.50 0.15 366
 368 2 -178.00 140.50 49.50 0.15 367
 369 2 -182.00 145.00 50.50 0.15 368
 370 2 -184.00 150.50 51.50 0.15 369
 371 2 -185.00 153.00 52.00 0.15 370
 372 2 -186.00 154.50 51.00 0.15 371
 373 2 -190.00 165.50 54.00 0.15 372
 374 2 -197.00 172.50 55.00 0.15 373
 375 2 -204.50 179.00 56.00 0.15 374
 376 2 -205.50 182.00 56.50 0.15 375
 377 2 -215.50 185.50 56.00 0.15 376
 378 2 -228.50 193.00 58.00 0.15 377
 379 2 -229.50 193.00 57.50 0.15 378
 380 2 -234.50 195.50 60.00 0.15 379
 381 2 -230.50 190.50 57.50 0.15 379
 382 2 -169.50 127.50 36.50 0.15 360
 383 2 -173.00 129.50 37.00 0.15 382
 384 2 -165.00 120.50 33.00 0.15 356
 385 2 -164.50 118.50 33.00 0.15 384
 386 2 -165.00 118.00 32.00 0.15 385
 387 2 -165.50 116.50 32.00 0.15 386
 388 2 -153.50 113.00 33.00 0.15 354
 389 2 -156.50 109.50 32.00 0.15 351
 390 2 -157.00 110.00 32.00 0.15 389
 391 2 -159.50 110.50 32.00 0.15 390
 392 2 -161.50 110.50 31.50 0.15 391
 393 2 -164.50 112.50 32.00 0.15 392
 394 2 -152.50 110.50 32.50 0.15 350
 395 2 -153.50 111.50 32.50 0.15 394
 396 2 -154.00 111.50 32.50 0.15 395
 397 3 6.50 5.00 2.00 0.60 1
 398 3 17.50 19.00 2.50 0.30 397
 399 3 17.50 21.50 3.00 0.15 398
 400 3 17.00 24.50 5.50 0.15 399
 400 3 17.00 24.50 5.50 0.15 399
 401 3 16.50 39.00 8.50 0.15 400
 401 3 16.50 39.00 8.50 0.15 400
 402 3 17.00 67.00 13.50 0.15 401
 402 3 17.00 67.00 13.50 0.15 401
 403 3 14.00 93.50 13.50 0.15 402
 403 3 14.00 93.50 13.50 0.15 402
 404 3 10.00 110.50 12.00 0.15 403
 404 3 10.00 110.50 12.00 0.15 403
 405 3 5.00 130.50 14.50 0.15 404
 406 3 1.50 145.00 16.50 0.15 405
 407 3 0.50 158.00 18.00 0.15 406
 408 3 -3.50 174.00 21.00 0.15 407
 409 3 -9.00 184.50 22.00 0.15 408
 410 3 -13.50 192.50 21.50 0.15 409
 411 3 -13.00 203.50 26.50 0.15 410
 412 3 -15.50 213.00 30.00 0.15 411
 413 3 -16.50 222.00 34.50 0.15 412
 414 3 -15.50 234.00 39.00 0.15 413
 415 3 -18.00 244.00 41.50 0.15 414
 416 3 10.00 124.50 12.50 0.15 404
 417 3 7.50 137.50 13.50 0.15 416
 418 3 12.00 159.50 16.50 0.15 417
 419 3 20.00 181.00 15.00 0.15 418
 420 3 22.00 197.50 13.00 0.15 419
 421 3 29.00 206.50 12.00 0.15 420
 422 3 34.50 215.50 15.50 0.15 421
 423 3 25.00 26.00 7.50 0.15 400
 424 3 29.50 26.00 13.00 0.15 423
 425 3 34.00 30.50 18.50 0.15 424
 426 3 40.00 40.50 22.50 0.15 425
 427 3 50.00 54.00 27.50 0.15 426
 428 3 58.50 69.00 31.00 0.15 427
 429 3 68.50 91.50 35.00 0.15 428
 430 3 78.00 105.50 39.00 0.15 429
 431 3 85.50 117.50 42.50 0.15 430
 432 3 94.50 128.00 49.00 0.15 431
 433 3 103.50 139.00 56.00 0.15 432
 434 3 113.00 146.50 60.00 0.15 433
 435 3 124.50 153.00 64.50 0.15 434
 436 3 33.00 37.00 1.50 0.15 399
 437 3 35.50 50.50 0.00 0.15 436
 437 3 35.50 50.50 0.00 0.15 436
 438 3 33.00 73.00 -6.50 0.15 437
 438 3 33.00 73.00 -6.50 0.15 437
 439 3 32.00 96.50 -12.50 0.15 438
 439 3 32.00 96.50 -12.50 0.15 438
 440 3 31.00 121.00 -18.00 0.15 439
 440 3 31.00 121.00 -18.00 0.15 439
 441 3 35.50 136.00 -19.50 0.15 440
 441 3 35.50 136.00 -19.50 0.15 440
 442 3 42.00 154.00 -22.00 0.15 441
 442 3 42.00 154.00 -22.00 0.15 441
 443 3 47.00 170.00 -27.50 0.15 442
 443 3 47.00 170.00 -27.50 0.15 442
 444 3 44.50 175.50 -30.50 0.15 443
 444 3 44.50 175.50 -30.50 0.15 443
 445 3 43.00 174.00 -37.50 0.15 444
 445 3 43.00 174.00 -37.50 0.15 444
 446 3 44.50 178.50 -43.50 0.15 445
 446 3 44.50 178.50 -43.50 0.15 445
 447 3 52.50 182.50 -46.50 0.15 446
 447 3 52.50 182.50 -46.50 0.15 446
 448 3 61.00 183.00 -49.50 0.15 447
 448 3 61.00 183.00 -49.50 0.15 447
 449 3 57.00 62.00 3.00 0.15 436
 450 3 67.00 76.50 1.50 0.15 449
 450 3 67.00 76.50 1.50 0.15 449
 451 3 82.50 99.00 0.00 0.15 450
 451 3 82.50 99.00 0.00 0.15 450
 452 3 96.00 110.50 3.00 0.15 451
 452 3 96.00 110.50 3.00 0.15 451
 453 3 101.50 113.50 4.50 0.15 452
 453 3 101.50 113.50 4.50 0.15 452
 454 3 104.50 123.00 5.50 0.15 453
 455 3 118.50 141.50 6.00 0.15 454
 456 3 125.50 144.50 10.00 0.15 455
 457 3 129.50 143.00 13.00 0.15 456
 458 3 137.00 153.00 17.00 0.15 457
 459 3 143.50 166.50 20.50 0.15 458
 460 3 148.50 184.00 24.00 0.15 459
 461 3 152.50 202.00 29.00 0.15 460
 462 3 115.00 118.00 2.50 0.15 453
 463 3 133.00 122.00 1.50 0.15 462
 464 3 147.50 118.00 -2.50 0.15 463
 465 3 151.50 125.00 -5.00 0.15 464
 466 3 155.50 132.00 -7.50 0.15 465
 467 3 157.00 137.50 -8.50 0.15 466
 468 3 67.00 71.50 7.00 0.15 449
 469 3 73.00 75.00 12.00 0.15 468
 470 3 77.00 81.00 15.00 0.15 469
 471 3 82.00 89.50 18.50 0.15 470
 472 3 87.50 94.00 19.50 0.15 471
 473 3 90.00 101.00 21.00 0.15 472
 474 3 100.50 110.00 25.50 0.15 473
 475 3 113.00 116.00 30.00 0.15 474
 476 3 128.00 132.50 35.00 0.15 475
 477 3 131.00 141.50 36.00 0.15 476
 478 3 140.00 163.50 39.00 0.15 477
 479 3 27.00 15.50 2.50 0.15 398
 480 3 41.00 14.00 5.50 0.15 479
 481 3 45.50 15.00 6.00 0.15 480
 482 3 70.00 23.50 6.50 0.15 481
 483 3 91.00 34.50 5.50 0.15 482
 484 3 106.00 46.50 7.00 0.15 483
 485 3 119.00 57.50 7.50 0.15 484
 486 3 130.00 76.00 9.00 0.15 485
 487 3 142.50 87.00 10.50 0.15 486
 488 3 153.50 116.00 11.50 0.15 487
 489 3 159.00 140.00 12.50 0.15 488
 490 3 162.50 155.00 13.50 0.15 489
 491 3 164.50 165.00 14.50 0.15 490
 492 3 132.00 73.00 10.00 0.15 485
 493 3 139.00 85.50 11.50 0.15 492
 494 3 145.00 95.50 13.00 0.15 493
 495 3 59.50 14.00 11.00 0.15 481
 496 3 69.00 15.00 13.50 0.15 495
 497 3 81.00 10.00 16.50 0.15 496
 498 3 93.00 4.50 22.00 0.15 497
 499 3 108.00 4.50 25.50 0.15 498
 500 3 113.50 3.50 30.50 0.15 499
 501 3 119.00 8.00 35.00 0.15 500
 502 3 120.00 10.00 36.50 0.15 501
 503 4 -0.50 -10.00 2.00 1.45 1
 504 4 0.50 -32.00 2.00 0.85 503
 505 4 3.00 -55.50 1.00 0.50 504
 506 4 -3.00 -58.00 -7.50 0.15 505
 507 4 -9.00 -53.50 -17.00 0.15 506
 508 4 -14.50 -54.50 -24.50 0.15 507
 509 4 -11.50 -51.50 -31.50 0.15 508
 510 4 -9.00 -42.00 -38.00 0.15 509
 511 4 -13.00 -36.50 -42.00 0.15 510
 512 4 -18.50 -36.00 -45.50 0.15 511
 513 4 -28.00 -34.50 -51.00 0.15 512
 514 4 -40.00 -28.50 -53.50 0.15 513
 515 4 -55.00 -27.50 -58.00 0.15 514
 516 4 -56.00 -29.50 -65.00 0.15 515
 517 4 5.50 -71.50 1.00 0.50 505
 518 4 13.50 -85.50 2.50 0.25 517
 518 4 13.50 -85.50 2.50 0.25 517
 519 4 16.50 -89.00 10.00 0.15 518
 519 4 16.50 -89.00 10.00 0.15 518
 520 4 20.50 -94.50 19.00 0.15 519
 520 4 20.50 -94.50 19.00 0.15 519
 521 4 24.50 -101.50 23.00 0.15 520
 521 4 24.50 -101.50 23.00 0.15 520
 522 4 25.00 -109.00 28.00 0.15 521
 522 4 25.00 -109.00 28.00 0.15 521
 523 4 27.50 -115.50 32.00 0.15 522
 523 4 27.50 -115.50 32.00 0.15 522
 524 4 31.00 -117.50 36.00 0.15 523
 524 4 31.00 -117.50 36.00 0.15 523
 525 4 32.50 -129.00 35.50 0.15 524
 526 4 34.00 -153.50 36.50 0.15 525
 527 4 33.00 -163.00 35.50 0.15 526
 528 4 35.50 -123.50 40.00 0.15 524
 529 4 40.00 -129.00 43.00 0.15 528
 530 4 43.00 -133.00 49.00 0.15 529
 531 4 47.50 -139.50 56.00 0.15 530
 532 4 53.00 -150.00 62.50 0.15 531
 533 4 26.50 -103.00 3.50 0.25 518
 534 4 38.00 -121.00 1.00 0.25 533
 535 4 52.00 -114.50 1.50 0.15 534
 536 4 61.50 -107.50 2.00 0.15 535
 536 4 61.50 -107.50 2.00 0.15 535
 537 4 75.00 -101.50 -0.50 0.15 536
 537 4 75.00 -101.50 -0.50 0.15 536
 538 4 89.50 -99.50 -3.00 0.15 537
 538 4 89.50 -99.50 -3.00 0.15 537
 539 4 95.00 -101.00 -5.50 0.15 538
 539 4 95.00 -101.00 -5.50 0.15 538
 540 4 106.50 -105.00 -8.50 0.15 539
 540 4 106.50 -105.00 -8.50 0.15 539
 541 4 119.00 -111.00 -12.00 0.15 540
 541 4 119.00 -111.00 -12.00 0.15 540
 542 4 128.00 -117.50 -15.50 0.15 541
 542 4 128.00 -117.50 -15.50 0.15 541
 543 4 135.00 -126.00 -17.00 0.15 542
 543 4 135.00 -126.00 -17.00 0.15 542
 544 4 144.50 -129.50 -21.50 0.15 543
 544 4 144.50 -129.50 -21.50 0.15 543
 545 4 68.00 -114.50 -0.50 0.15 535
 546 4 76.50 -117.00 -1.00 0.15 545
 547 4 93.00 -115.00 -2.50 0.15 546
 548 4 114.50 -123.00 -7.50 0.15 547
 549 4 123.50 -133.00 -12.00 0.15 548
 550 4 127.00 -135.00 -17.00 0.15 549
 551 4 44.50 -137.50 0.00 0.20 534
 552 4 58.50 -125.50 0.00 0.15 551
 552 4 58.50 -125.50 0.00 0.15 551
 553 4 71.00 -116.00 4.00 0.15 552
 553 4 71.00 -116.00 4.00 0.15 552
 554 4 79.50 -106.50 6.50 0.15 553
 554 4 79.50 -106.50 6.50 0.15 553
 555 4 87.00 -84.00 6.50 0.15 554
 555 4 87.00 -84.00 6.50 0.15 554
 556 4 97.00 -74.00 6.50 0.15 555
 556 4 97.00 -74.00 6.50 0.15 555
 557 4 105.50 -59.50 6.00 0.15 556
 557 4 105.50 -59.50 6.00 0.15 556
 558 4 113.50 -51.50 5.00 0.15 557
 558 4 113.50 -51.50 5.00 0.15 557
 559 4 49.00 -153.50 -2.00 0.25 551
 560 4 49.00 -155.50 -11.50 0.15 559
 560 4 49.00 -155.50 -11.50 0.15 559
 561 4 52.50 -161.00 -15.50 0.15 560
 561 4 52.50 -161.00 -15.50 0.15 560
 562 4 55.00 -168.50 -22.50 0.15 561
 562 4 55.00 -168.50 -22.50 0.15 561
 563 4 59.50 -177.00 -27.00 0.15 562
 563 4 59.50 -177.00 -27.00 0.15 562
 564 4 59.00 -187.50 -33.00 0.15 563
 564 4 59.00 -187.50 -33.00 0.15 563
 565 4 60.50 -198.00 -38.00 0.15 564
 565 4 60.50 -198.00 -38.00 0.15 564
 566 4 64.50 -214.00 -40.50 0.15 565
 566 4 64.50 -214.00 -40.50 0.15 565
 567 4 66.50 -229.50 -45.00 0.15 566
 567 4 66.50 -229.50 -45.00 0.15 566
 568 4 64.50 -240.50 -48.50 0.15 567
 568 4 64.50 -240.50 -48.50 0.15 567
 569 4 60.00 -249.50 -50.50 0.15 568
 569 4 60.00 -249.50 -50.50 0.15 568
 570 4 55.50 -178.00 -2.50 0.25 559
 571 4 59.00 -186.00 0.50 0.15 570
 571 4 59.00 -186.00 0.50 0.15 570
 572 4 65.00 -191.50 4.50 0.15 571
 572 4 65.00 -191.50 4.50 0.15 571
 573 4 75.00 -201.00 9.00 0.15 572
 574 4 83.50 -203.50 12.00 0.15 573
 575 4 87.50 -201.50 15.50 0.15 574
 576 4 93.50 -204.50 19.50 0.15 575
 577 4 96.50 -209.50 23.50 0.15 576
 578 4 93.00 -213.50 29.00 0.15 577
 579 4 93.00 -213.00 37.00 0.15 578
 580 4 95.50 -208.00 41.00 0.15 579
 581 4 96.00 -206.50 43.50 0.15 580
 582 4 66.00 -207.00 10.00 0.15 572
 583 4 65.00 -219.00 16.50 0.15 582
 584 4 63.00 -241.00 20.50 0.15 583
 585 4 65.00 -258.50 22.50 0.15 584
 586 4 68.50 -271.50 26.00 0.15 585
 587 4 71.00 -282.50 24.50 0.15 586
 588 4 71.00 -293.50 24.00 0.15 587
 589 4 59.50 -196.50 -4.50 0.25 570
 590 4 64.50 -200.00 -0.50 0.15 589
 590 4 64.50 -200.00 -0.50 0.15 589
 591 4 67.50 -204.50 0.00 0.15 590
 591 4 67.50 -204.50 0.00 0.15 590
 592 4 68.00 -215.00 4.00 0.15 591
 592 4 68.00 -215.00 4.00 0.15 591
 593 4 69.50 -241.50 8.50 0.15 592
 593 4 69.50 -241.50 8.50 0.15 592
 594 4 72.50 -270.00 10.00 0.15 593
 594 4 72.50 -270.00 10.00 0.15 593
 595 4 76.00 -289.00 14.00 0.15 594
 595 4 76.00 -289.00 14.00 0.15 594
 596 4 87.00 -314.00 13.00 0.15 595
 596 4 87.00 -314.00 13.00 0.15 595
 597 4 66.50 -228.50 -8.50 0.20 589
 598 4 68.50 -240.00 -9.50 0.20 597
 599 4 61.50 -260.50 -10.00 0.15 598
 600 4 57.00 -269.50 -8.50 0.15 599
 601 4 54.50 -272.00 -10.50 0.15 600
 602 4 55.00 -281.00 -12.50 0.15 601
 603 4 48.50 -310.00 -14.00 0.15 602
 604 4 48.50 -334.00 -13.00 0.15 603
 605 4 41.50 -361.50 -13.50 0.15 604
 606 4 36.00 -380.50 -10.50 0.15 605
 607 4 32.50 -392.00 -10.00 0.15 606
 608 4 40.50 -416.50 -7.50 0.15 607
 609 4 36.00 -430.00 -8.00 0.15 608
 610 4 54.50 -275.00 -9.50 0.15 600
 611 4 54.50 -284.00 -8.00 0.15 610
 612 4 52.00 -300.00 -4.50 0.15 611
 613 4 49.00 -324.50 -2.00 0.15 612
 614 4 44.50 -336.00 -0.50 0.15 613
 615 4 43.00 -346.00 1.00 0.15 614
 616 4 47.50 -355.00 3.50 0.15 615
 617 4 51.50 -356.50 5.50 0.15 616
 618 4 75.00 -272.00 -13.00 0.20 598
 619 4 72.00 -285.00 -15.00 0.15 618
 619 4 72.00 -285.00 -15.00 0.15 618
 620 4 68.00 -305.50 -20.50 0.15 619
 620 4 68.00 -305.50 -20.50 0.15 619
 621 4 63.00 -318.50 -26.00 0.15 620
 621 4 63.00 -318.50 -26.00 0.15 620
 622 4 64.50 -329.50 -31.50 0.15 621
 622 4 64.50 -329.50 -31.50 0.15 621
 623 4 68.50 -347.00 -37.50 0.15 622
 623 4 68.50 -347.00 -37.50 0.15 622
 624 4 68.50 -360.50 -42.50 0.15 623
 624 4 68.50 -360.50 -42.50 0.15 623
 625 4 62.50 -379.00 -46.50 0.15 624
 625 4 62.50 -379.00 -46.50 0.15 624
 626 4 58.00 -396.00 -50.50 0.15 625
 626 4 58.00 -396.00 -50.50 0.15 625
 627 4 59.50 -402.50 -55.00 0.15 626
 627 4 59.50 -402.50 -55.00 0.15 626
 628 4 82.50 -304.00 -15.50 0.20 618
 629 4 86.00 -338.00 -18.50 0.20 628
 630 4 86.50 -359.50 -19.50 0.20 629
 631 4 95.50 -373.00 -14.00 0.15 630
 632 4 105.00 -383.50 -11.50 0.15 631
 633 4 113.00 -388.50 -9.50 0.15 632
 634 4 126.00 -411.50 -8.50 0.15 633
 635 4 139.00 -434.50 -9.50 0.15 634
 636 4 145.50 -446.00 -8.00 0.15 635
 637 4 158.00 -455.00 -8.50 0.15 636
 638 4 87.00 -381.00 -21.00 0.20 630
 639 4 94.00 -390.00 -26.00 0.15 638
 639 4 94.00 -390.00 -26.00 0.15 638
 640 4 100.50 -404.50 -30.50 0.15 639
 640 4 100.50 -404.50 -30.50 0.15 639
 641 4 106.50 -430.00 -36.50 0.15 640
 641 4 106.50 -430.00 -36.50 0.15 640
 642 4 106.50 -446.00 -41.00 0.15 641
 642 4 106.50 -446.00 -41.00 0.15 641
 643 4 106.50 -453.50 -42.50 0.15 642
 643 4 106.50 -453.50 -42.50 0.15 642
 644 4 115.50 -466.00 -45.00 0.15 643
 644 4 115.50 -466.00 -45.00 0.15 643
 645 4 120.50 -471.50 -46.50 0.15 644
 645 4 120.50 -471.50 -46.50 0.15 644
 646 4 89.50 -406.00 -22.00 0.20 638
 647 4 96.50 -431.00 -24.00 0.20 646
 648 4 110.50 -453.00 -25.00 0.20 647
 649 4 122.00 -475.50 -25.00 0.20 648
 650 4 126.50 -501.50 -25.50 0.20 649
 651 4 131.50 -521.00 -28.50 0.20 650
 652 4 136.00 -538.00 -22.50 0.15 651
 653 4 137.00 -554.00 -15.00 0.15 652
 654 4 133.00 -568.50 -8.50 0.15 653
 655 4 126.50 -581.00 -4.50 0.15 654
 656 4 120.50 -595.50 -2.00 0.15 655
 657 4 112.00 -608.00 2.00 0.15 656
 658 4 101.50 -623.50 5.00 0.15 657
 659 4 96.00 -630.00 6.00 0.15 658
 660 4 146.00 -541.00 -36.50 0.20 651
 661 4 155.50 -555.00 -43.00 0.20 660
 662 4 170.00 -568.00 -47.00 0.20 661
 663 4 181.50 -581.00 -52.50 0.20 662
 664 4 185.50 -587.00 -57.00 0.20 663
 665 4 194.00 -599.00 -60.50 0.15 664
 666 4 197.00 -607.50 -59.50 0.15 665
 667 4 212.00 -618.50 -59.00 0.15 666
 668 4 236.00 -638.00 -55.50 0.15 667
 669 4 252.00 -651.50 -49.50 0.15 668
 670 4 264.00 -652.50 -44.00 0.15 669
 671 4 278.50 -650.50 -40.00 0.15 670
 672 4 194.00 -620.00 -57.00 0.15 666
 673 4 195.50 -628.00 -55.50 0.15 672
 674 4 203.50 -637.50 -52.50 0.15 673
 675 4 210.50 -648.50 -48.50 0.15 674
 676 4 212.50 -654.50 -45.00 0.15 675
 677 4 224.00 -662.50 -44.00 0.15 676
 678 4 232.00 -675.50 -40.00 0.15 677
 679 4 244.50 -689.00 -39.00 0.15 678
 680 4 255.00 -696.00 -47.00 0.15 679
 681 4 268.50 -709.50 -53.50 0.15 680
 682 4 283.50 -723.50 -60.50 0.15 681
 683 4 210.50 -663.50 -40.50 0.15 676
 684 4 206.00 -668.50 -36.00 0.15 683
 685 4 197.00 -675.00 -28.00 0.15 684
 686 4 187.00 -679.50 -21.00 0.15 685
 687 4 171.00 -676.50 -22.50 0.15 686
 688 4 153.00 -672.50 -19.00 0.15 687
 689 4 130.00 -663.50 -14.50 0.15 688
 690 4 106.00 -644.00 -6.50 0.15 689
 691 4 174.00 -592.00 -68.50 0.15 664
 692 4 168.50 -596.50 -73.50 0.15 691
 693 4 162.50 -603.00 -80.50 0.15 692
 694 4 157.00 -606.50 -88.00 0.15 693
 695 4 155.00 -609.50 -90.00 0.15 694
 696 4 157.00 -620.00 -92.50 0.15 695
 697 4 156.50 -633.50 -96.00 0.15 696
 698 4 154.50 -647.50 -100.00 0.15 697
 699 4 154.50 -656.50 -100.50 0.15 698
 700 4 148.00 -664.00 -102.50 0.15 699
 701 4 147.50 -670.00 -109.50 0.15 700
 702 4 144.50 -615.00 -93.00 0.15 695
 703 4 124.50 -624.50 -95.50 0.15 702
 704 4 104.00 -633.50 -100.00 0.15 703
 705 4 85.00 -641.00 -100.50 0.15 704
 706 4 79.50 -641.50 -100.00 0.15 705
 707 4 66.00 -635.50 -100.50 0.15 706
 708 4 55.50 -632.00 -105.50 0.15 707
 709 4 3.00 -84.00 0.50 0.30 517
 710 4 0.50 -94.00 -1.00 0.30 709
 711 4 -12.50 -106.50 -5.00 0.15 710
 712 4 -24.00 -120.50 -8.00 0.15 711
 713 4 -38.00 -134.00 -11.00 0.15 712
 714 4 -48.00 -148.00 -13.50 0.15 713
 715 4 -57.00 -161.50 -13.00 0.15 714
 716 4 -72.50 -185.50 -14.50 0.15 715
 717 4 -78.50 -212.00 -17.00 0.15 716
 718 4 -87.50 -238.00 -20.50 0.15 717
 719 4 -94.50 -261.00 -24.00 0.15 718
 720 4 -1.50 -103.00 -2.00 0.30 710
 721 4 -3.50 -108.00 -2.50 0.15 720
 721 4 -3.50 -108.00 -2.50 0.15 720
 722 4 -7.50 -109.50 -2.50 0.15 721
 722 4 -7.50 -109.50 -2.50 0.15 721
 723 4 -16.00 -111.00 0.50 0.15 722
 723 4 -16.00 -111.00 0.50 0.15 722
 724 4 -18.00 -111.50 2.00 0.15 723
 724 4 -18.00 -111.50 2.00 0.15 723
 725 4 -26.50 -120.00 2.50 0.15 724
 726 4 -29.00 -129.00 6.50 0.15 725
 727 4 -33.50 -138.50 10.50 0.15 726
 728 4 -36.00 -148.50 13.00 0.15 727
 729 4 -40.50 -165.50 17.00 0.15 728
 730 4 -54.50 -175.50 18.00 0.15 729
 731 4 -59.50 -191.50 14.50 0.15 730
 732 4 -58.50 -208.50 11.00 0.15 731
 733 4 -20.00 -117.50 5.50 0.15 724
 734 4 -17.50 -129.00 10.00 0.15 733
 735 4 -18.50 -143.00 15.00 0.15 734
 736 4 -19.00 -157.50 19.50 0.15 735
 737 4 -19.00 -170.00 27.00 0.15 736
 738 4 -20.00 -190.00 33.00 0.15 737
 739 4 -19.50 -219.50 37.00 0.15 738
 740 4 -20.00 -245.00 44.00 0.15 739
 741 4 -24.50 -267.00 43.50 0.15 740
 742 4 -19.50 -115.50 -3.50 0.15 722
 743 4 -30.00 -115.50 -2.50 0.15 742
 744 4 -43.00 -111.00 -2.00 0.15 743
 745 4 -57.00 -100.50 -1.00 0.15 744
 745 4 -57.00 -100.50 -1.00 0.15 744
 746 4 -78.00 -94.00 -2.50 0.15 745
 746 4 -78.00 -94.00 -2.50 0.15 745
 747 4 -92.00 -92.00 -3.50 0.15 746
 747 4 -92.00 -92.00 -3.50 0.15 746
 748 4 -103.00 -82.00 -8.00 0.15 747
 748 4 -103.00 -82.00 -8.00 0.15 747
 749 4 -99.00 -75.50 -10.50 0.15 748
 749 4 -99.00 -75.50 -10.50 0.15 748
 750 4 -58.00 -111.50 0.50 0.15 744
 751 4 -69.50 -113.50 2.50 0.15 750
 752 4 -74.00 -114.00 2.50 0.15 751
 753 4 -43.50 -116.50 -1.50 0.15 743
 754 4 -59.50 -125.50 -0.50 0.15 753
 755 4 -72.00 -134.50 4.50 0.15 754
 756 4 -79.50 -144.00 5.50 0.15 755
 757 4 -82.50 -151.00 8.00 0.15 756
 758 4 -80.00 -157.50 9.00 0.15 757
 759 4 -6.00 -123.50 -1.50 0.15 721
 760 4 -3.00 -138.00 0.00 0.15 759
 761 4 1.50 -162.00 2.00 0.15 760
 762 4 4.50 -178.50 3.00 0.15 761
 763 4 4.50 -188.00 4.00 0.15 762
 764 4 1.50 -198.00 5.50 0.15 763
 765 4 2.00 -208.00 8.50 0.15 764
 766 4 2.50 -225.00 13.50 0.15 765
 767 4 3.00 -245.50 16.50 0.15 766
 768 4 3.00 -261.50 18.00 0.15 767
 769 4 0.00 -277.50 20.50 0.15 768
 770 4 -6.00 -307.00 23.50 0.15 769
 771 4 -9.00 -324.50 29.50 0.15 770
 772 4 6.00 -212.50 4.50 0.15 763
 773 4 4.50 -238.00 3.50 0.15 772
 774 4 4.50 -256.00 4.00 0.15 773
 775 4 -1.50 -119.00 -3.50 0.20 720
 776 4 -3.00 -140.50 -4.50 0.20 775
 777 4 -14.50 -158.50 -7.00 0.15 776
 778 4 -26.00 -180.00 -11.00 0.15 777
 779 4 -42.50 -206.50 -15.00 0.15 778
 780 4 -52.50 -225.50 -20.00 0.15 779
 781 4 -62.50 -250.50 -27.50 0.15 780
 782 4 -65.50 -269.00 -34.00 0.15 781
 783 4 -67.50 -276.00 -38.00 0.15 782
 784 4 -71.00 -279.00 -44.50 0.15 783
 785 4 -76.50 -281.50 -49.00 0.15 784
 786 4 -83.50 -291.00 -54.50 0.15 785
 787 4 -92.00 -300.00 -60.00 0.15 786
 788 4 -96.00 -316.00 -64.00 0.15 787
 789 4 -5.50 -179.50 -3.50 0.20 776
 790 4 0.00 -184.00 2.00 0.15 789
 790 4 0.00 -184.00 2.00 0.15 789
 791 4 10.00 -186.50 7.50 0.15 790
 791 4 10.00 -186.50 7.50 0.15 790
 792 4 19.00 -177.50 13.00 0.15 791
 792 4 19.00 -177.50 13.00 0.15 791
 793 4 27.50 -172.00 17.50 0.15 792
 793 4 27.50 -172.00 17.50 0.15 792
 794 4 33.50 -161.50 23.00 0.15 793
 794 4 33.50 -161.50 23.00 0.15 793
 795 4 37.00 -141.00 26.50 0.15 794
 795 4 37.00 -141.00 26.50 0.15 794
 796 4 -6.50 -193.00 -3.50 0.20 789
 797 4 -18.50 -202.50 -4.00 0.15 796
 797 4 -18.50 -202.50 -4.00 0.15 796
 798 4 -34.00 -222.50 -10.00 0.15 797
 798 4 -34.00 -222.50 -10.00 0.15 797
 799 4 -49.50 -245.00 -16.50 0.15 798
 799 4 -49.50 -245.00 -16.50 0.15 798
 800 4 -59.00 -261.50 -17.50 0.15 799
 800 4 -59.00 -261.50 -17.50 0.15 799
 801 4 -64.50 -286.00 -17.50 0.15 800
 801 4 -64.50 -286.00 -17.50 0.15 800
 802 4 -72.00 -309.50 -19.50 0.15 801
 802 4 -72.00 -309.50 -19.50 0.15 801
 803 4 -78.50 -318.00 -23.00 0.15 802
 803 4 -78.50 -318.00 -23.00 0.15 802
 804 4 -93.50 -319.50 -26.00 0.15 803
 804 4 -93.50 -319.50 -26.00 0.15 803
 805 4 -6.50 -201.00 -4.50 0.20 796
 806 4 -1.50 -219.50 -6.50 0.15 805
 806 4 -1.50 -219.50 -6.50 0.15 805
 807 4 1.00 -235.50 -8.50 0.15 806
 807 4 1.00 -235.50 -8.50 0.15 806
 808 4 0.00 -246.00 -12.00 0.15 807
 809 4 -3.00 -263.50 -18.50 0.15 808
 810 4 -4.50 -283.50 -23.50 0.15 809
 811 4 -4.50 -306.00 -26.50 0.15 810
 812 4 -3.50 -329.50 -24.50 0.15 811
 813 4 0.00 -354.50 -26.50 0.15 812
 814 4 3.00 -373.00 -28.00 0.15 813
 815 4 11.00 -388.50 -30.50 0.15 814
 816 4 14.00 -406.50 -30.00 0.15 815
 817 4 2.00 -238.50 -8.50 0.15 807
 818 4 1.50 -247.00 -9.00 0.15 817
 818 4 1.50 -247.00 -9.00 0.15 817
 819 4 6.50 -263.00 -12.00 0.15 818
 819 4 6.50 -263.00 -12.00 0.15 818
 820 4 9.50 -289.00 -14.00 0.15 819
 820 4 9.50 -289.00 -14.00 0.15 819
 821 4 12.50 -310.00 -16.50 0.15 820
 821 4 12.50 -310.00 -16.50 0.15 820
 822 4 17.00 -331.50 -19.50 0.15 821
 822 4 17.00 -331.50 -19.50 0.15 821
 823 4 17.50 -351.50 -24.00 0.15 822
 823 4 17.50 -351.50 -24.00 0.15 822
 824 4 20.00 -375.00 -30.50 0.15 823
 824 4 20.00 -375.00 -30.50 0.15 823
 825 4 20.50 -390.50 -34.00 0.15 824
 825 4 20.50 -390.50 -34.00 0.15 824
 826 4 19.50 -409.50 -36.50 0.15 825
 826 4 19.50 -409.50 -36.50 0.15 825
 827 4 21.00 -425.50 -41.50 0.15 826
 827 4 21.00 -425.50 -41.50 0.15 826
 828 4 23.50 -436.00 -43.00 0.15 827
 828 4 23.50 -436.00 -43.00 0.15 827
 829 4 5.50 -251.00 -8.00 0.15 817
 830 4 12.50 -262.50 -5.50 0.15 829
 831 4 23.00 -284.00 -5.50 0.15 830
 832 4 31.00 -312.00 -9.50 0.15 831
 833 4 41.00 -343.50 -12.00 0.15 832
 834 4 52.00 -376.50 -14.00 0.15 833
 835 4 55.50 -398.50 -17.50 0.15 834
 836 4 -7.50 -220.00 -5.00 0.20 805
 837 4 -11.50 -229.00 -9.00 0.15 836
 837 4 -11.50 -229.00 -9.00 0.15 836
 838 4 -15.00 -246.50 -14.00 0.15 837
 838 4 -15.00 -246.50 -14.00 0.15 837
 839 4 -19.00 -264.50 -19.00 0.15 838
 839 4 -19.00 -264.50 -19.00 0.15 838
 840 4 -22.50 -285.00 -27.00 0.15 839
 840 4 -22.50 -285.00 -27.00 0.15 839
 841 4 -24.00 -290.00 -30.00 0.15 840
 841 4 -24.00 -290.00 -30.00 0.15 840
 842 4 -18.50 -303.00 -34.50 0.15 841
 842 4 -18.50 -303.00 -34.50 0.15 841
 843 4 -18.50 -324.00 -41.50 0.15 842
 843 4 -18.50 -324.00 -41.50 0.15 842
 844 4 -21.50 -335.00 -47.50 0.15 843
 844 4 -21.50 -335.00 -47.50 0.15 843
 845 4 -24.00 -347.00 -53.00 0.15 844
 845 4 -24.00 -347.00 -53.00 0.15 844
 846 4 -24.50 -358.00 -59.00 0.15 845
 846 4 -24.50 -358.00 -59.00 0.15 845
 847 4 -27.50 -369.50 -65.00 0.15 846
 847 4 -27.50 -369.50 -65.00 0.15 846
 848 4 -29.00 -381.00 -68.50 0.15 847
 848 4 -29.00 -381.00 -68.50 0.15 847
 849 4 -8.50 -235.00 -5.00 0.20 836
 850 4 -8.00 -236.00 -5.00 0.15 849
 850 4 -8.00 -236.00 -5.00 0.15 849
 851 4 1.50 -226.50 -5.00 0.15 850
 851 4 1.50 -226.50 -5.00 0.15 850
 852 4 6.50 -217.50 -7.50 0.15 851
 852 4 6.50 -217.50 -7.50 0.15 851
 853 4 12.50 -207.00 -9.00 0.15 852
 853 4 12.50 -207.00 -9.00 0.15 852
 854 4 15.50 -198.00 -12.50 0.15 853
 854 4 15.50 -198.00 -12.50 0.15 853
 855 4 21.00 -189.00 -16.00 0.15 854
 855 4 21.00 -189.00 -16.00 0.15 854
 856 4 32.50 -183.50 -21.50 0.15 855
 856 4 32.50 -183.50 -21.50 0.15 855
 857 4 -5.00 -239.00 -9.50 0.15 850
 858 4 -6.00 -240.00 -19.50 0.15 857
 859 4 -4.50 -241.00 -29.00 0.15 858
 860 4 -3.00 -244.50 -34.50 0.15 859
 861 4 -1.00 -253.00 -39.50 0.15 860
 862 4 4.00 -257.00 -47.50 0.15 861
 863 4 1.00 -264.50 -55.50 0.15 862
 864 4 -1.00 -280.50 -63.00 0.15 863
 865 4 -2.50 -292.00 -69.50 0.15 864
 866 4 -6.50 -309.50 -77.00 0.15 865
 867 4 -10.50 -323.50 -85.50 0.15 866
 868 4 -14.00 -331.00 -94.50 0.15 867
 869 4 -12.50 -269.00 -6.00 0.20 849
 870 4 -6.50 -277.50 -7.50 0.15 869
 870 4 -6.50 -277.50 -7.50 0.15 869
 871 4 -2.50 -287.00 -10.50 0.15 870
 871 4 -2.50 -287.00 -10.50 0.15 870
 872 4 -6.00 -295.50 -15.50 0.15 871
 873 4 -7.00 -312.00 -21.50 0.15 872
 874 4 -10.50 -330.00 -28.00 0.15 873
 875 4 -13.00 -351.50 -35.00 0.15 874
 876 4 -13.00 -361.50 -40.00 0.15 875
 877 4 -7.50 -364.00 -43.00 0.15 876
 878 4 -7.50 -364.00 -45.00 0.15 877
 879 4 1.00 -302.00 -14.50 0.15 871
 880 4 5.50 -314.50 -19.00 0.15 879
 881 4 12.00 -327.00 -23.00 0.15 880
 882 4 18.00 -337.00 -26.50 0.15 881
 883 4 25.00 -353.50 -32.00 0.15 882
 884 4 33.00 -363.00 -35.50 0.15 883
 885 4 35.00 -374.00 -39.00 0.15 884
 886 4 26.50 -389.50 -37.00 0.15 885
 887 4 24.00 -403.50 -34.00 0.15 886
 888 4 -14.50 -286.00 -6.50 0.20 869
 889 4 -17.00 -296.00 -10.50 0.15 888
 889 4 -17.00 -296.00 -10.50 0.15 888
 890 4 -22.50 -308.50 -13.00 0.15 889
 890 4 -22.50 -308.50 -13.00 0.15 889
 891 4 -32.50 -331.00 -20.50 0.15 890
 891 4 -32.50 -331.00 -20.50 0.15 890
 892 4 -38.00 -339.00 -28.50 0.15 891
 892 4 -38.00 -339.00 -28.50 0.15 891
 893 4 -38.00 -352.00 -35.50 0.15 892
 893 4 -38.00 -352.00 -35.50 0.15 892
 894 4 -42.00 -355.00 -40.00 0.15 893
 894 4 -42.00 -355.00 -40.00 0.15 893
 895 4 -53.00 -369.00 -45.50 0.15 894
 895 4 -53.00 -369.00 -45.50 0.15 894
 896 4 -59.50 -378.50 -51.00 0.15 895
 896 4 -59.50 -378.50 -51.00 0.15 895
 897 4 -66.00 -393.50 -57.50 0.15 896
 897 4 -66.00 -393.50 -57.50 0.15 896
 898 4 -66.00 -409.50 -62.00 0.15 897
 898 4 -66.00 -409.50 -62.00 0.15 897
 899 4 -62.50 -419.50 -67.50 0.15 898
 899 4 -62.50 -419.50 -67.50 0.15 898
 900 4 -12.00 -302.00 -14.00 0.15 889
 901 4 -9.00 -313.50 -18.00 0.15 900
 902 4 -4.50 -320.50 -23.00 0.15 901
 903 4 0.50 -334.00 -29.50 0.15 902
 904 4 2.50 -347.00 -35.00 0.15 903
 905 4 2.00 -373.50 -41.50 0.15 904
 906 4 7.00 -384.00 -47.50 0.15 905
 907 4 9.50 -392.50 -52.50 0.15 906
 908 4 11.50 -398.50 -56.50 0.15 907
 909 4 12.00 -404.50 -61.50 0.15 908
 910 4 -21.00 -328.00 -5.50 0.20 888
 911 4 -26.00 -337.50 -7.50 0.15 910
 911 4 -26.00 -337.50 -7.50 0.15 910
 912 4 -33.50 -350.00 -12.00 0.15 911
 912 4 -33.50 -350.00 -12.00 0.15 911
 913 4 -40.50 -362.50 -17.50 0.15 912
 913 4 -40.50 -362.50 -17.50 0.15 912
 914 4 -47.00 -376.00 -21.50 0.15 913
 914 4 -47.00 -376.00 -21.50 0.15 913
 915 4 -57.50 -390.50 -26.00 0.15 914
 915 4 -57.50 -390.50 -26.00 0.15 914
 916 4 -68.00 -402.00 -31.00 0.15 915
 916 4 -68.00 -402.00 -31.00 0.15 915
 917 4 -82.50 -415.50 -32.50 0.15 916
 917 4 -82.50 -415.50 -32.50 0.15 916
 918 4 -93.00 -425.50 -37.00 0.15 917
 918 4 -93.00 -425.50 -37.00 0.15 917
 919 4 -97.50 -432.00 -41.50 0.15 918
 919 4 -97.50 -432.00 -41.50 0.15 918
 920 4 -101.50 -439.00 -45.50 0.15 919
 920 4 -101.50 -439.00 -45.50 0.15 919
 921 4 -105.50 -450.50 -51.50 0.15 920
 921 4 -105.50 -450.50 -51.50 0.15 920
 922 4 -108.50 -460.50 -58.00 0.15 921
 922 4 -108.50 -460.50 -58.00 0.15 921
 923 4 -111.50 -460.00 -63.00 0.15 922
 923 4 -111.50 -460.00 -63.00 0.15 922
 924 4 -19.50 -356.50 -5.00 0.20 910
 925 4 -22.50 -360.50 -0.50 0.15 924
 925 4 -22.50 -360.50 -0.50 0.15 924
 926 4 -28.00 -357.50 -1.50 0.15 925
 926 4 -28.00 -357.50 -1.50 0.15 925
 927 4 -36.00 -354.50 -3.00 0.15 926
 927 4 -36.00 -354.50 -3.00 0.15 926
 928 4 -47.00 -359.50 -1.00 0.15 927
 928 4 -47.00 -359.50 -1.00 0.15 927
 929 4 -61.50 -367.00 2.50 0.15 928
 929 4 -61.50 -367.00 2.50 0.15 928
 930 4 -76.00 -379.00 5.50 0.15 929
 930 4 -76.00 -379.00 5.50 0.15 929
 931 4 -86.00 -385.50 4.00 0.15 930
 931 4 -86.00 -385.50 4.00 0.15 930
 932 4 -95.50 -401.00 4.00 0.15 931
 932 4 -95.50 -401.00 4.00 0.15 931
 933 4 -104.00 -406.00 5.00 0.15 932
 933 4 -104.00 -406.00 5.00 0.15 932
 934 4 -117.50 -412.00 7.00 0.15 933
 934 4 -117.50 -412.00 7.00 0.15 933
 935 4 -130.50 -422.50 9.50 0.15 934
 935 4 -130.50 -422.50 9.50 0.15 934
 936 4 -20.50 -361.50 -6.50 0.20 924
 937 4 -26.50 -368.50 -7.00 0.15 936
 937 4 -26.50 -368.50 -7.00 0.15 936
 938 4 -33.00 -378.50 -9.50 0.15 937
 938 4 -33.00 -378.50 -9.50 0.15 937
 939 4 -42.00 -382.50 -11.00 0.15 938
 939 4 -42.00 -382.50 -11.00 0.15 938
 940 4 -53.00 -387.50 -16.00 0.15 939
 940 4 -53.00 -387.50 -16.00 0.15 939
 941 4 -60.50 -400.50 -19.50 0.15 940
 941 4 -60.50 -400.50 -19.50 0.15 940
 942 4 -70.00 -418.50 -21.50 0.15 941
 942 4 -70.00 -418.50 -21.50 0.15 941
 943 4 -81.00 -431.00 -21.50 0.15 942
 943 4 -81.00 -431.00 -21.50 0.15 942
 944 4 -92.50 -432.00 -25.50 0.15 943
 944 4 -92.50 -432.00 -25.50 0.15 943
 945 4 -107.00 -438.00 -30.50 0.15 944
 945 4 -107.00 -438.00 -30.50 0.15 944
 946 4 -119.50 -442.00 -35.50 0.15 945
 946 4 -119.50 -442.00 -35.50 0.15 945
 947 4 -21.50 -376.00 -2.50 0.20 936
 948 4 -24.00 -395.00 -1.50 0.20 947
 949 4 -25.00 -408.00 -3.00 0.20 948
 950 4 -24.50 -418.50 -4.50 0.15 949
 951 4 -22.00 -432.50 -8.50 0.15 950
 952 4 -17.00 -446.50 -12.00 0.15 951
 953 4 -12.50 -458.50 -14.00 0.15 952
 954 4 -9.00 -477.50 -14.50 0.15 953
 955 4 -11.50 -497.50 -15.50 0.15 954
 956 4 -11.50 -515.00 -15.00 0.15 955
 957 4 -15.00 -529.50 -14.00 0.15 956
 958 4 -27.50 -423.50 1.00 0.20 949
 959 4 -32.50 -443.00 6.50 0.20 958
 960 4 -33.00 -457.00 13.50 0.20 959
 961 4 -34.00 -465.00 20.50 0.20 960
 962 4 -40.50 -478.00 29.00 0.20 961
 963 4 -46.50 -485.50 34.00 0.20 962
 964 4 -53.50 -496.00 40.00 0.20 963
 965 4 -58.00 -499.00 42.50 0.20 964
 966 4 -71.50 -510.50 44.50 0.15 965
 967 4 -77.50 -519.00 40.50 0.15 966
 968 4 -83.50 -530.50 36.00 0.15 967
 969 4 -93.00 -537.00 33.00 0.15 968
 970 4 -110.00 -546.00 31.00 0.15 969
 971 4 -129.50 -553.50 28.00 0.15 970
 972 4 -150.50 -562.50 24.50 0.15 971
 973 4 -167.50 -574.50 21.00 0.15 972
 974 4 -179.50 -578.50 18.00 0.15 973
 975 4 -56.00 -504.50 50.00 0.20 965
 976 4 -51.50 -509.50 57.00 0.20 975
 977 4 -48.50 -511.00 60.00 0.20 976
 978 4 -49.00 -514.00 60.00 0.15 977
 979 4 -51.00 -517.50 64.50 0.15 978
 980 4 -53.00 -523.50 68.00 0.15 979
 981 4 -45.00 -544.00 68.00 0.15 980
 982 4 -38.50 -555.50 64.00 0.15 981
 983 4 -32.00 -570.50 65.50 0.15 982
 984 4 -15.00 -587.50 67.50 0.15 983
 985 4 -5.00 -606.00 69.50 0.15 984
 986 4 0.00 -615.50 74.00 0.15 985
 987 4 3.00 -624.00 81.50 0.15 986
 988 4 9.50 -632.50 84.00 0.15 987
 989 4 33.00 -637.00 83.00 0.15 988
 990 4 -28.50 -513.00 65.00 0.20 977
 991 4 -13.50 -521.00 69.50 0.20 990
 992 4 12.00 -541.00 68.00 0.20 991
 993 4 10.50 -546.50 73.00 0.15 992
 994 4 13.00 -556.00 78.50 0.15 993
 995 4 15.50 -563.50 87.00 0.15 994
 996 4 17.00 -569.00 93.50 0.15 995
 997 4 22.50 -574.00 102.50 0.15 996
 998 4 31.50 -580.00 110.00 0.15 997
 999 4 35.00 -586.50 122.00 0.15 998
 1000 4 35.50 -596.00 127.00 0.15 999
 1001 4 34.50 -609.00 131.00 0.15 1000
 1002 4 24.50 -552.50 65.50 0.20 992
 1003 4 27.50 -561.50 65.00 0.20 1002
 1004 4 33.50 -569.50 67.00 0.15 1003
 1005 4 40.50 -577.00 75.00 0.15 1004
 1006 4 45.50 -583.50 78.50 0.15 1005
 1007 4 41.50 -588.00 75.00 0.15 1006
 1008 4 29.00 -592.50 74.00 0.15 1007
 1009 4 20.00 -597.00 69.00 0.15 1008
 1010 4 14.50 -602.00 62.50 0.15 1009
 1011 4 7.50 -611.50 58.50 0.15 1010
 1012 4 5.00 -622.00 59.00 0.15 1011
 1013 4 2.50 -632.50 59.50 0.15 1012
 1014 4 52.50 -588.00 78.50 0.15 1006
 1015 4 56.00 -589.50 83.00 0.15 1014
 1015 4 56.00 -589.50 83.00 0.15 1014
 1016 4 55.00 -588.00 90.50 0.15 1015
 1016 4 55.00 -588.00 90.50 0.15 1015
 1017 4 58.50 -586.00 100.00 0.15 1016
 1017 4 58.50 -586.00 100.00 0.15 1016
 1018 4 63.50 -589.50 109.00 0.15 1017
 1018 4 63.50 -589.50 109.00 0.15 1017
 1019 4 68.50 -589.50 117.00 0.15 1018
 1019 4 68.50 -589.50 117.00 0.15 1018
 1020 4 76.50 -593.50 124.00 0.15 1019
 1020 4 76.50 -593.50 124.00 0.15 1019
 1021 4 84.50 -598.50 129.50 0.15 1020
 1021 4 84.50 -598.50 129.50 0.15 1020
 1022 4 94.50 -600.50 137.50 0.15 1021
 1022 4 94.50 -600.50 137.50 0.15 1021
 1023 4 63.00 -595.00 78.00 0.15 1014
 1024 4 80.00 -595.50 74.00 0.15 1023
 1025 4 113.00 -591.50 74.00 0.15 1024
 1026 4 135.00 -589.50 76.50 0.15 1025
 1027 4 142.50 -592.50 77.50 0.15 1026
 1028 4 41.00 -573.50 63.50 0.15 1004
 1029 4 46.00 -580.50 61.50 0.15 1028
 1030 4 52.00 -585.00 61.00 0.15 1029
 1031 4 61.50 -589.50 56.00 0.15 1030
 1032 4 70.00 -598.50 52.00 0.15 1031
 1033 4 77.50 -605.00 47.00 0.15 1032
 1034 4 81.50 -610.50 42.00 0.15 1033
 1035 4 85.00 -615.00 37.00 0.15 1034
 1036 4 91.50 -620.50 30.50 0.15 1035
 1037 4 100.00 -627.00 23.50 0.15 1036
 1038 4 108.00 -635.00 19.00 0.15 1037
 1039 4 114.50 -638.50 15.50 0.15 1038
 1040 4 85.00 -609.00 44.50 0.15 1033
 1041 4 95.00 -615.50 42.00 0.15 1040
 1042 4 102.00 -623.50 39.00 0.15 1041
 1043 4 109.50 -630.00 35.00 0.15 1042
 1044 4 117.00 -633.50 28.50 0.15 1043
 1045 4 135.00 -641.00 23.00 0.15 1044
 1046 4 145.50 -645.00 18.50 0.15 1045
 1047 4 48.00 -588.00 60.00 0.15 1029
 1048 4 52.00 -598.50 55.00 0.15 1047
 1049 4 53.00 -608.00 51.00 0.15 1048
 1050 4 53.50 -614.00 48.00 0.15 1049
 1051 4 58.50 -622.00 45.50 0.15 1050
 1052 3 -6.00 3.50 0.00 0.30 1
 1053 3 -15.50 16.50 -2.00 0.20 1052
 1054 3 -20.50 21.50 -4.00 0.20 1053
 1055 3 -22.00 22.00 -4.50 0.15 1054
 1056 3 -25.50 35.50 -5.50 0.15 1055
 1056 3 -25.50 35.50 -5.50 0.15 1055
 1057 3 -33.00 57.00 -8.00 0.15 1056
 1057 3 -33.00 57.00 -8.00 0.15 1056
 1058 3 -31.00 69.00 -8.50 0.15 1057
 1059 3 -32.00 87.50 -6.50 0.15 1058
 1060 3 -37.50 106.00 -6.00 0.15 1059
 1061 3 -47.50 119.50 -4.50 0.15 1060
 1062 3 -50.00 130.00 -3.50 0.15 1061
 1063 3 -53.00 149.00 -3.00 0.15 1062
 1064 3 -54.50 154.50 -1.50 0.15 1063
 1065 3 -54.00 164.50 -1.50 0.15 1064
 1066 3 -57.50 176.50 1.50 0.15 1065
 1067 3 -66.00 184.50 7.50 0.15 1066
 1068 3 -74.50 192.00 11.50 0.15 1067
 1069 3 -79.00 195.50 14.00 0.15 1068
 1070 3 -40.00 67.00 -11.50 0.15 1057
 1071 3 -44.50 80.50 -15.50 0.15 1070
 1072 3 -49.50 96.00 -21.00 0.15 1071
 1073 3 -50.50 112.50 -25.00 0.15 1072
 1074 3 -55.00 126.00 -30.50 0.15 1073
 1075 3 -57.00 145.50 -35.00 0.15 1074
 1076 3 -59.50 165.50 -37.50 0.15 1075
 1077 3 -58.00 182.00 -40.50 0.15 1076
 1078 3 -61.50 194.00 -42.50 0.15 1077
 1079 3 -76.50 210.50 -46.00 0.15 1078
 1080 3 -28.50 29.00 -7.00 0.15 1055
 1081 3 -37.50 40.00 -12.00 0.15 1080
 1082 3 -46.00 55.00 -15.50 0.15 1081
 1083 3 -53.00 67.50 -18.00 0.15 1082
 1084 3 -56.00 74.50 -20.00 0.15 1083
 1085 3 -58.00 90.00 -20.00 0.15 1084
 1086 3 -61.00 118.50 -19.50 0.15 1085
 1087 3 -62.00 133.50 -19.00 0.15 1086
 1088 3 -65.00 151.00 -19.00 0.15 1087
 1089 3 -69.00 166.00 -17.00 0.15 1088
 1090 3 -72.50 182.50 -13.50 0.15 1089
 1091 3 -78.00 198.50 -13.50 0.15 1090
 1092 3 -63.50 89.50 -22.50 0.15 1084
 1093 3 -74.00 110.50 -27.00 0.15 1092
 1094 3 -82.00 127.00 -30.00 0.15 1093
 1095 3 -82.50 131.00 -31.50 0.15 1094
 1096 3 -87.50 136.50 -31.50 0.15 1095
 1097 3 -91.00 147.00 -34.00 0.15 1096
 1098 3 -37.50 23.50 -8.50 0.15 1054
 1099 3 -58.50 25.50 -11.50 0.15 1098
 1100 3 -63.50 27.00 -14.00 0.15 1099
 1101 3 -69.00 28.50 -17.50 0.15 1100
 1102 3 -71.00 31.50 -22.50 0.15 1101
 1103 3 -75.50 35.00 -26.00 0.15 1102
 1104 3 -80.50 40.50 -29.50 0.15 1103
 1105 3 -84.00 55.00 -33.00 0.15 1104
 1106 3 -91.00 63.00 -37.50 0.15 1105
 1107 3 -98.00 74.00 -41.50 0.15 1106
 1108 3 -105.00 88.00 -45.50 0.15 1107
 1109 3 -114.00 97.00 -49.00 0.15 1108
 1110 3 -75.00 25.50 -14.00 0.15 1099
 1111 3 -79.50 26.00 -13.50 0.15 1110
 1112 3 -99.00 37.00 -16.00 0.15 1111
 1113 3 -114.00 48.00 -19.00 0.15 1112
 1114 3 -128.00 61.50 -19.50 0.15 1113
 1115 3 -137.00 72.00 -21.50 0.15 1114
 1116 3 -147.00 79.00 -23.50 0.15 1115
 1117 3 -5.00 4.50 8.50 0.30 1
 1118 3 -7.50 8.00 9.00 0.30 1117
 1119 3 -11.00 20.00 10.50 0.15 1118
 1120 3 -9.00 22.50 11.00 0.15 1119
 1120 3 -9.00 22.50 11.00 0.15 1119
 1121 3 -7.50 30.50 14.00 0.15 1120
 1121 3 -7.50 30.50 14.00 0.15 1120
 1122 3 -7.50 34.00 15.50 0.15 1121
 1122 3 -7.50 34.00 15.50 0.15 1121
 1123 3 -4.50 41.00 18.00 0.15 1122
 1124 3 2.00 47.00 22.00 0.15 1123
 1125 3 7.00 54.00 24.00 0.15 1124
 1126 3 9.50 56.00 27.50 0.15 1125
 1127 3 15.50 70.50 29.50 0.15 1126
 1128 3 18.50 69.00 33.00 0.15 1127
 1129 3 25.00 64.50 39.50 0.15 1128
 1130 3 33.00 61.50 42.00 0.15 1129
 1131 3 42.00 65.50 45.50 0.15 1130
 1132 3 49.00 69.50 49.00 0.15 1131
 1133 3 57.00 74.50 54.00 0.15 1132
 1134 3 61.50 72.50 61.00 0.15 1133
 1135 3 66.00 67.50 65.00 0.15 1134
 1136 3 67.00 64.50 68.00 0.15 1135
 1137 3 17.00 76.50 32.00 0.15 1127
 1138 3 19.50 80.50 33.00 0.15 1137
 1139 3 23.50 86.00 34.50 0.15 1138
 1140 3 28.50 95.00 35.50 0.15 1139
 1141 3 31.00 100.50 38.00 0.15 1140
 1142 3 35.00 106.00 41.50 0.15 1141
 1143 3 39.50 115.50 43.00 0.15 1142
 1144 3 41.00 122.50 45.00 0.15 1143
 1145 3 48.50 139.00 46.00 0.15 1144
 1146 3 57.50 143.00 49.00 0.15 1145
 1147 3 60.00 147.50 49.50 0.15 1146
 1148 3 69.00 150.50 49.00 0.15 1147
 1149 3 72.50 163.00 51.00 0.15 1148
 1150 3 80.50 177.50 52.00 0.15 1149
 1151 3 92.50 189.50 54.00 0.15 1150
 1152 3 99.50 197.00 56.50 0.15 1151
 1153 3 -9.50 43.00 15.50 0.15 1122
 1154 3 -7.00 49.50 15.50 0.15 1153
 1155 3 -6.00 60.50 17.00 0.15 1154
 1156 3 -2.00 71.00 19.00 0.15 1155
 1157 3 -1.00 78.50 21.00 0.15 1156
 1158 3 1.00 89.00 21.50 0.15 1157
 1159 3 4.50 100.00 22.50 0.15 1158
 1160 3 5.00 108.00 24.50 0.15 1159
 1161 3 10.00 116.00 26.50 0.15 1160
 1162 3 9.50 127.00 28.50 0.15 1161
 1163 3 13.00 147.50 30.00 0.15 1162
 1164 3 12.00 161.00 32.00 0.15 1163
 1165 3 12.50 181.00 33.00 0.15 1164
 1166 3 13.00 196.00 35.00 0.15 1165
 1167 3 15.50 211.00 36.00 0.15 1166
 1168 3 18.50 221.00 36.50 0.15 1167
 1169 3 23.50 230.00 32.50 0.15 1168
 1170 3 -17.00 38.50 10.50 0.15 1119
 1171 3 -19.00 46.00 11.50 0.15 1170
 1172 3 -22.00 60.50 12.00 0.15 1171
 1173 3 -24.50 82.50 11.50 0.15 1172
 1174 3 -29.00 105.00 13.00 0.15 1173
 1175 3 -30.50 116.00 13.50 0.15 1174
 1176 3 -27.00 128.00 12.00 0.15 1175
 1177 3 -25.50 159.50 11.00 0.15 1176
 1178 3 -28.00 171.00 10.00 0.15 1177
 1179 3 -25.50 185.50 10.00 0.15 1178
 1180 3 -22.50 197.00 10.00 0.15 1179
 1181 3 -19.00 207.00 11.00 0.15 1180
 1182 3 -14.00 214.00 11.50 0.15 1181
 1183 3 -11.50 222.50 10.00 0.15 1182
 1184 3 -35.50 143.00 14.00 0.15 1175
 1185 3 -41.50 155.00 14.50 0.15 1184
 1186 3 -45.00 179.50 15.00 0.15 1185
 1187 3 -46.50 190.50 16.50 0.15 1186
 1188 3 -49.00 201.00 18.00 0.15 1187
 1189 3 -52.00 214.50 19.00 0.15 1188
 1190 3 -57.50 220.50 20.50 0.15 1189
 1191 3 -58.50 226.50 22.00 0.15 1190
 1192 3 -21.50 50.00 13.50 0.15 1171
 1193 3 -29.00 60.50 15.50 0.15 1192
 1194 3 -32.50 72.50 16.00 0.15 1193
 1195 3 -35.50 80.50 17.00 0.15 1194
 1196 3 -35.00 91.50 21.00 0.15 1195
 1197 3 -35.00 95.50 22.50 0.15 1196
 1198 3 -11.00 6.00 12.00 0.15 1118
 1199 3 -15.00 8.50 15.00 0.15 1198
 1200 3 -18.50 9.50 15.00 0.15 1199
 1201 3 -24.50 13.00 14.00 0.15 1200
 1202 3 -43.50 27.00 19.00 0.15 1201
 1203 3 -52.50 32.50 19.00 0.15 1202
 1204 3 -67.00 43.00 18.50 0.15 1203
 1205 3 -76.00 55.00 15.50 0.15 1204
 1206 3 -84.50 63.00 14.50 0.15 1205
 1207 3 -93.50 76.00 15.50 0.15 1206
 1208 3 -102.50 83.50 16.50 0.15 1207
 1209 3 -111.50 95.00 18.50 0.15 1208
 1210 3 -119.00 100.00 21.00 0.15 1209
 1211 3 -125.00 107.50 22.50 0.15 1210
 1212 3 -50.50 31.00 23.50 0.15 1202
 1213 3 -57.00 35.00 26.50 0.15 1212
 1214 3 -60.50 37.50 29.50 0.15 1213
 1215 3 -68.50 40.50 33.00 0.15 1214
 1216 3 -73.00 48.00 35.50 0.15 1215
 1217 3 -82.50 55.00 41.00 0.15 1216
 1218 3 -90.00 70.50 45.50 0.15 1217
 1219 3 -98.00 88.00 49.50 0.15 1218
 1220 3 -102.50 101.50 54.00 0.15 1219
 1221 3 -103.50 105.50 55.00 0.15 1220
 1222 3 -104.00 111.00 56.50 0.15 1221
 1223 3 -107.00 117.50 60.50 0.15 1222
 1224 3 -110.50 122.00 64.00 0.15 1223
 1225 3 -111.50 125.50 69.50 0.15 1224
 1226 3 -116.00 129.50 73.00 0.15 1225
 1227 3 -118.00 138.00 78.00 0.15 1226
 1228 3 -121.50 145.00 80.00 0.15 1227
 1229 3 -18.00 8.00 22.50 0.15 1200
 1230 3 -14.00 7.50 27.50 0.15 1229
 1231 3 -14.00 12.50 32.00 0.15 1230
 1232 3 -14.50 11.50 44.00 0.15 1231
 1233 3 -23.00 14.00 49.00 0.15 1232
 1234 3 -25.50 25.00 54.50 0.15 1233
 1235 3 -25.50 31.00 60.00 0.15 1234
 1236 3 -33.50 40.00 65.00 0.15 1235
 1237 3 4.50 4.00 -3.50 0.40 1
 1238 3 5.50 5.50 -3.00 0.30 1237
 1239 3 11.00 0.50 -4.50 0.15 1238
 1240 3 28.00 -0.50 -8.50 0.15 1239
 1241 3 45.00 2.00 -13.00 0.15 1240
 1242 3 56.00 4.50 -17.00 0.15 1241
 1243 3 63.00 6.50 -22.00 0.15 1242
 1244 3 72.00 7.00 -23.00 0.15 1243
 1245 3 89.50 19.50 -24.00 0.15 1244
 1246 3 94.50 30.50 -25.50 0.15 1245
 1247 3 104.00 37.50 -28.00 0.15 1246
 1248 3 111.00 48.50 -30.00 0.15 1247
 1249 3 115.00 62.00 -32.00 0.15 1248
 1250 3 120.00 74.00 -38.00 0.15 1249
 1251 3 6.50 12.50 -4.50 0.30 1238
 1252 3 8.00 15.50 -10.00 0.15 1251
 1252 3 8.00 15.50 -10.00 0.15 1251
 1253 3 11.00 18.00 -13.50 0.15 1252
 1253 3 11.00 18.00 -13.50 0.15 1252
 1254 3 11.50 20.00 -14.50 0.15 1253
 1254 3 11.50 20.00 -14.50 0.15 1253
 1255 3 3.50 22.50 -17.00 0.15 1254
 1256 3 -16.50 31.50 -20.00 0.15 1255
 1257 3 -24.50 40.50 -25.00 0.15 1256
 1258 3 -35.50 49.00 -28.50 0.15 1257
 1259 3 -47.50 59.00 -33.50 0.15 1258
 1260 3 -55.00 68.50 -37.00 0.15 1259
 1261 3 15.00 22.50 -15.50 0.15 1254
 1262 3 18.00 25.50 -19.00 0.15 1261
 1263 3 14.00 28.00 -21.50 0.15 1262
 1264 3 10.50 36.00 -26.50 0.15 1263
 1265 3 11.00 39.50 -32.50 0.15 1264
 1266 3 14.00 43.00 -38.00 0.15 1265
 1267 3 14.00 45.50 -46.00 0.15 1266
 1268 3 14.50 52.50 -52.00 0.15 1267
 1269 3 16.50 58.50 -55.00 0.15 1268
 1270 3 15.00 63.50 -59.50 0.15 1269
 1271 3 19.50 69.00 -64.50 0.15 1270
 1272 3 28.00 30.50 -19.50 0.15 1262
 1273 3 37.00 35.50 -22.00 0.15 1272
 1274 3 45.00 44.50 -25.00 0.15 1273
 1275 3 52.00 56.00 -27.00 0.15 1274
 1276 3 59.50 78.00 -30.00 0.15 1275
 1277 3 70.00 110.00 -31.50 0.15 1276
 1278 3 78.50 127.00 -33.00 0.15 1277
 1279 3 83.50 141.00 -33.00 0.15 1278
 1280 3 92.50 164.50 -33.00 0.15 1279
 1281 3 86.00 189.50 -33.00 0.15 1280
 1282 3 86.00 201.00 -33.50 0.15 1281
 1283 3 88.50 213.50 -36.50 0.15 1282
 1284 3 92.50 230.50 -39.50 0.15 1283
 1285 3 12.00 21.50 -6.00 0.15 1251
 1286 3 17.00 33.00 -6.00 0.15 1285
 1287 3 26.50 50.00 -5.50 0.15 1286
 1288 3 29.50 57.50 -4.50 0.15 1287
 1289 3 35.00 88.00 -2.00 0.15 1288
 1290 3 38.50 114.50 0.50 0.15 1289
 1291 3 40.50 135.00 2.50 0.15 1290
 1292 3 43.50 146.50 2.50 0.15 1291
 1293 3 45.50 157.50 3.50 0.15 1292
 1294 3 47.00 166.00 4.50 0.15 1293
 1295 3 49.50 186.50 7.50 0.15 1294
 1296 3 53.50 192.50 9.00 0.15 1295
 1297 3 56.50 204.00 10.00 0.15 1296
 1298 3 59.00 206.00 11.00 0.15 1297
 1299 3 59.50 215.50 14.00 0.15 1298
 1300 3 60.00 223.00 12.50 0.15 1299
 1301 3 51.00 228.50 14.00 0.15 1300
 1302 3 46.50 236.00 18.00 0.15 1301
 1303 3 22.00 47.00 -9.50 0.15 1286
 1304 3 24.50 71.50 -11.00 0.15 1303
 1305 3 28.00 103.50 -11.50 0.15 1304
 1306 3 29.00 118.00 -12.00 0.15 1305
 1307 3 49.00 137.50 -12.50 0.15 1306
 1308 3 64.00 157.50 -13.50 0.15 1307
 1309 3 70.50 170.00 -13.50 0.15 1308
 1310 3 76.50 185.00 -13.50 0.15 1309
 1311 3 77.00 197.50 -11.50 0.15 1310
 1312 3 75.00 212.50 -10.50 0.15 1311
 1313 3 75.50 236.00 -11.00 0.15 1312
 1314 3 29.50 141.00 -11.00 0.15 1306
 1315 3 29.50 147.00 -14.00 0.15 1314
 1316 3 28.50 167.00 -16.00 0.15 1315
 1317 3 27.00 176.00 -17.50 0.15 1316
 1318 3 29.00 184.00 -18.00 0.15 1317
 1319 3 33.50 192.50 -18.00 0.15 1318
 1320 3 32.00 207.00 -17.50 0.15 1319
 1321 3 32.00 215.50 -17.50 0.15 1320
 1322 3 27.00 226.00 -17.00 0.15 1321
 1323 3 25.50 228.00 -17.50 0.15 1322
 1324 3 30.00 157.00 -12.50 0.15 1315
 1325 3 24.00 173.50 -13.50 0.15 1324
 1326 3 21.50 183.50 -13.50 0.15 1325
 1327 3 14.50 202.50 -16.00 0.15 1326
 1328 3 8.50 214.50 -16.00 0.15 1327
 1329 3 5.00 226.50 -17.00 0.15 1328
 1330 10 0.00 0.00 0.00 0.50 1
 1331 10 -283.00 -598.00 0.00 0.15 1330
 1331 10 -283.00 -598.00 0.00 0.15 1330
 1332 10 60.50 -650.50 0.00 0.15 1331
 1332 10 60.50 -650.50 0.00 0.15 1331
 1333 10 176.00 -699.50 0.00 0.15 1332
 1333 10 176.00 -699.50 0.00 0.15 1332
 1334 10 449.00 -865.00 0.00 0.15 1333
 1334 10 449.00 -865.00 0.00 0.15 1333
 1335 10 -325.00 317.50 -43.50 0.15 1330
 1336 10 -208.00 300.50 -43.50 0.15 1335
 1337 10 65.50 302.00 -43.50 0.15 1336
 1338 10 244.50 272.50 -43.50 0.15 1337
 1339 10 329.00 247.50 -57.50 0.15 1338
 1340 3 111.68 145.58 59.46 0.15 434
 1341 3 107.74 142.99 58.32 0.15 1340
 1342 3 107.59 142.90 58.29 0.15 1341
 1343 3 107.44 142.83 58.25 0.15 1342
 1344 3 106.81 142.48 58.03 0.15 1343
 1345 3 105.11 141.39 57.28 0.15 1344
 1346 3 104.67 141.06 57.04 0.15 1345
 1347 3 104.64 141.03 57.02 0.15 1346
 1348 3 103.22 139.67 56.16 0.15 1347
 1349 3 87.60 126.41 48.77 0.15 1348
 1350 3 87.03 126.01 48.50 0.15 1349
 1351 3 85.75 124.95 47.80 0.15 1350
 1352 3 85.12 124.46 47.38 0.15 1351
 1353 3 84.92 124.33 47.26 0.15 1352
 1354 3 78.47 120.80 44.29 0.15 1353
 1355 3 78.01 120.52 44.03 0.15 1354
 1356 3 77.70 120.32 43.88 0.15 1355
 1357 3 77.40 120.12 43.70 0.15 1356
 1358 3 77.36 120.09 43.68 0.15 1357
 1359 3 77.24 119.99 43.62 0.15 1358
 1360 3 -15.36 233.53 38.92 0.15 414
 1360 3 75.51 118.49 42.63 0.15 1359
 1361 3 -15.06 232.70 38.72 0.15 1360
 1362 3 -11.84 220.52 35.72 0.15 1361
 1362 3 28.85 206.20 11.89 0.15 421
 1363 3 28.79 206.05 11.82 0.15 1362
 1364 3 27.86 204.30 10.99 0.15 1363
 1365 3 27.56 203.66 10.75 0.15 1364
 1366 3 27.45 203.47 10.68 0.15 1365
 1367 3 26.46 201.80 9.90 0.15 1366
 1368 3 22.07 194.67 5.67 0.15 1367
 1368 3 52.34 182.50 -46.43 0.15 447
 1369 3 41.65 181.75 -42.41 0.15 1368
 1370 3 40.07 181.69 -41.66 0.15 1369
 1371 3 39.72 181.70 -41.46 0.15 1370
 1372 3 31.94 181.45 -37.82 0.15 1371
 1372 3 128.58 136.49 35.65 0.15 477
 1373 3 128.45 136.17 35.60 0.15 1372
 1374 3 128.24 135.71 35.58 0.15 1373
 1375 3 126.06 129.70 35.34 0.15 1374
 1376 3 125.90 129.12 35.31 0.15 1375
 1377 3 125.77 128.75 35.31 0.15 1376
 1378 3 125.63 128.42 35.33 0.15 1377
 1379 3 125.62 128.38 35.33 0.15 1378
 1380 3 125.60 128.33 35.33 0.15 1379
 1381 3 125.51 128.18 35.33 0.15 1380
 1382 3 125.00 127.32 35.28 0.15 1381
 1383 3 123.51 124.75 35.37 0.15 1382
 1384 3 120.94 119.38 35.30 0.15 1383
 1385 3 120.52 118.48 35.20 0.15 1384
 1386 3 118.32 114.30 35.09 0.15 1385
 1387 3 148.15 181.92 23.59 0.15 460
 1387 3 114.61 108.53 34.84 0.15 1386
 1388 3 148.11 181.75 23.55 0.15 1387
 1389 3 147.86 180.68 23.21 0.15 1388
 1390 3 147.79 180.30 23.12 0.15 1389
 1391 3 147.75 180.13 23.09 0.15 1390
 1392 3 147.75 180.08 23.08 0.15 1391
 1393 3 147.71 179.92 23.05 0.15 1392
 1394 3 147.65 179.75 23.02 0.15 1393
 1395 3 147.59 179.59 23.01 0.15 1394
 1396 3 147.43 179.23 22.93 0.15 1395
 1397 3 146.95 177.98 22.77 0.15 1396
 1398 3 146.84 177.65 22.71 0.15 1397
 1399 3 146.13 175.69 22.19 0.15 1398
 1400 3 145.51 174.30 21.91 0.15 1399
 1401 3 139.36 161.96 20.37 0.15 1400
 1401 3 155.34 131.13 -7.31 0.15 466
 1402 3 153.52 124.70 -5.84 0.15 1401
 1403 3 153.49 124.53 -5.79 0.15 1402
 1404 3 153.44 124.37 -5.75 0.15 1403
 1405 3 152.94 122.02 -5.15 0.15 1404
 1406 3 152.59 120.06 -4.47 0.15 1405
 1407 3 151.78 115.47 -3.32 0.15 1406
 1408 3 151.10 112.96 -2.72 0.15 1407
 1409 3 151.00 112.62 -2.67 0.15 1408
 1410 3 150.81 112.12 -2.58 0.15 1409
 1411 3 150.73 111.87 -2.55 0.15 1410
 1411 3 118.93 7.86 34.92 0.15 501
 1412 3 117.99 6.14 34.04 0.15 1411
 1413 3 117.96 6.10 34.02 0.15 1412
 1414 3 116.97 4.86 33.43 0.15 1413
 1415 3 115.35 2.56 32.18 0.15 1414
 1416 3 114.10 0.96 31.10 0.15 1415
 1417 3 112.06 -2.24 29.08 0.15 1416
 1418 3 112.03 -2.28 29.06 0.15 1417
 1419 3 110.16 -4.49 27.23 0.15 1418
 1420 3 110.06 -4.60 27.14 0.15 1419
 1421 3 109.32 -5.34 26.46 0.15 1420
 1422 3 107.35 -7.53 24.82 0.15 1421
 1423 3 103.14 -12.16 22.03 0.15 1422
 1424 3 102.38 -12.86 21.52 0.15 1423
 1425 3 161.02 149.94 13.01 0.15 490
 1425 3 102.02 -13.26 21.24 0.15 1424
 1426 3 160.76 148.99 12.83 0.15 1425
 1427 3 160.59 148.48 12.70 0.15 1426
 1428 3 160.30 147.64 12.55 0.15 1427
 1429 3 160.18 147.22 12.44 0.15 1428
 1430 3 159.37 144.92 12.02 0.15 1429
 1431 3 158.82 143.32 11.58 0.15 1430
 1432 3 157.88 139.55 10.71 0.15 1431
 1433 3 157.71 139.05 10.58 0.15 1432
 1434 3 157.48 138.54 10.45 0.15 1433
 1434 3 138.91 85.35 11.49 0.15 493
 1435 3 138.39 84.22 11.38 0.15 1434
 1436 3 138.19 83.82 11.30 0.15 1435
 1437 3 138.17 83.78 11.30 0.15 1436
 1438 3 137.87 82.93 11.25 0.15 1437
 1439 3 137.31 80.86 11.06 0.15 1438
 1440 3 -74.24 191.83 11.35 0.15 1068
 1440 3 136.81 79.36 10.82 0.15 1439
 1441 3 -73.94 191.61 11.19 0.15 1440
 1442 3 -71.88 189.90 9.79 0.15 1441
 1443 3 -67.38 186.86 7.06 0.15 1442
 1444 3 -67.25 186.78 6.97 0.15 1443
 1445 3 -58.98 181.86 -0.12 0.15 1444
 1446 3 -58.86 181.78 -0.21 0.15 1445
 1447 3 -59.26 191.07 -41.99 0.15 1078
 1447 3 -56.44 179.93 -1.83 0.15 1446
 1448 3 -58.36 189.79 -41.64 0.15 1447
 1449 3 -58.27 189.65 -41.59 0.15 1448
 1450 3 -56.46 187.01 -40.89 0.15 1449
 1451 3 -54.51 184.23 -40.44 0.15 1450
 1452 3 -54.11 183.73 -40.32 0.15 1451
 1453 3 -53.67 183.10 -40.13 0.15 1452
 1454 3 -52.43 181.19 -39.76 0.15 1453
 1455 3 -50.11 177.35 -38.66 0.15 1454
 1455 3 -72.45 182.33 -13.51 0.15 1090
 1456 3 -71.03 177.82 -14.33 0.15 1455
 1457 3 -87.32 135.88 -31.41 0.15 1096
 1457 3 -69.48 172.49 -14.81 0.15 1456
 1458 3 -86.86 134.39 -31.04 0.15 1457
 1459 3 -85.65 130.44 -30.46 0.15 1458
 1460 3 -82.75 123.27 -29.38 0.15 1459
 1460 3 -101.60 85.13 -44.42 0.15 1108
 1461 3 -101.47 85.02 -44.39 0.15 1460
 1462 3 -136.50 71.70 -21.37 0.15 1115
 1462 3 -86.30 70.62 -42.83 0.15 1461
 1463 3 -135.88 71.38 -21.26 0.15 1462
 1464 3 -125.39 64.75 -19.76 0.15 1463
 1465 3 -125.01 64.52 -19.74 0.15 1464
 1466 3 -124.22 64.09 -19.65 0.15 1465
 1467 3 -124.07 64.01 -19.64 0.15 1466
 1468 3 -123.91 63.94 -19.64 0.15 1467
 1469 3 -123.86 63.92 -19.64 0.15 1468
 1470 3 -118.65 61.23 -19.97 0.15 1469
 1471 3 -118.29 61.06 -19.96 0.15 1470
 1472 3 -118.12 61.00 -19.96 0.15 1471
 1473 3 -113.77 58.99 -19.75 0.15 1472
 1474 3 -113.25 58.80 -19.72 0.15 1473
 1475 3 -112.06 58.31 -19.56 0.15 1474
 1476 3 -105.42 54.90 -18.74 0.15 1475
 1476 3 18.38 220.78 36.62 0.15 1168
 1477 3 17.66 219.61 37.43 0.15 1476
 1478 3 17.50 219.37 37.63 0.15 1477
 1479 3 17.34 219.11 37.80 0.15 1478
 1480 3 17.08 218.74 38.12 0.15 1479
 1481 3 16.64 218.15 38.55 0.15 1480
 1482 3 16.46 217.87 38.77 0.15 1481
 1483 3 15.92 217.18 39.35 0.15 1482
 1484 3 15.05 215.80 40.50 0.15 1483
 1485 3 14.84 215.55 40.73 0.15 1484
 1486 3 12.23 212.78 43.74 0.15 1485
 1487 3 9.60 209.29 47.20 0.15 1486
 1488 3 9.53 209.17 47.31 0.15 1487
 1489 3 9.51 209.14 47.34 0.15 1488
 1490 3 9.45 209.01 47.45 0.15 1489
 1491 3 9.31 208.74 47.71 0.15 1490
 1492 3 8.98 208.21 48.20 0.15 1491
 1493 3 65.94 67.77 64.71 0.15 1135
 1493 3 8.70 207.78 48.68 0.15 1492
 1494 3 65.85 68.25 64.29 0.15 1493
 1495 3 65.05 76.42 56.30 0.15 1494
 1496 3 65.04 76.45 56.26 0.15 1495
 1497 3 65.03 76.49 56.23 0.15 1496
 1498 3 64.99 76.62 56.12 0.15 1497
 1499 3 64.93 76.75 56.02 0.15 1498
 1500 3 62.00 82.47 51.00 0.15 1499
 1501 3 61.09 84.61 48.92 0.15 1500
 1502 3 60.97 84.99 48.61 0.15 1501
 1502 3 92.47 189.47 53.99 0.15 1151
 1503 3 92.33 189.35 53.97 0.15 1502
 1504 3 92.19 189.25 53.94 0.15 1503
 1505 3 91.85 189.05 53.89 0.15 1504
 1506 3 90.43 188.36 53.66 0.15 1505
 1507 3 89.69 188.05 53.60 0.15 1506
 1508 3 89.03 187.71 53.55 0.15 1507
 1509 3 88.63 187.50 53.56 0.15 1508
 1510 3 86.16 185.94 53.70 0.15 1509
 1511 3 85.88 185.73 53.74 0.15 1510
 1512 3 77.23 178.50 54.01 0.15 1511
 1513 3 76.97 178.27 53.99 0.15 1512
 1514 3 75.24 176.76 54.07 0.15 1513
 1515 3 62.48 163.71 54.05 0.15 1514
 1516 3 62.37 163.57 54.04 0.15 1515
 1517 3 61.97 163.19 54.03 0.15 1516
 1518 3 61.85 163.07 54.01 0.15 1517
 1519 3 61.73 162.94 53.98 0.15 1518
 1520 3 60.95 162.02 53.72 0.15 1519
 1520 3 -35.36 85.38 19.16 0.15 1196
 1521 3 -14.51 211.55 11.83 0.15 1182
 1521 3 -35.60 83.61 18.71 0.15 1520
 1522 3 -16.03 203.52 13.63 0.15 1521
 1522 3 -57.46 220.33 20.46 0.15 1190
 1523 3 -57.43 220.16 20.43 0.15 1522
 1524 3 -57.35 219.78 20.33 0.15 1523
 1525 3 -57.26 219.15 20.21 0.15 1524
 1526 3 -57.24 218.98 20.19 0.15 1525
 1527 3 -57.23 218.81 20.19 0.15 1526
 1528 3 -57.22 218.76 20.18 0.15 1527
 1529 3 -56.56 215.49 19.66 0.15 1528
 1530 3 -56.52 215.22 19.60 0.15 1529
 1531 3 -55.64 208.82 18.57 0.15 1530
 1532 3 -16.68 22.00 55.83 0.15 1235
 1532 3 -113.15 93.62 20.14 0.15 1210
 1532 3 -55.63 208.63 18.53 0.15 1531
 1533 3 -113.04 93.48 20.14 0.15 1532
 1534 3 -111.10 91.57 20.13 0.15 1533
 1535 3 -110.83 91.28 20.10 0.15 1534
 1536 3 -109.19 89.82 19.93 0.15 1535
 1537 3 -108.38 89.17 19.77 0.15 1536
 1538 3 -108.23 89.08 19.75 0.15 1537
 1539 3 -108.04 88.97 19.70 0.15 1538
 1540 3 -107.69 88.80 19.59 0.15 1539
 1541 3 -103.59 86.53 17.99 0.15 1540
 1542 3 -101.57 85.26 17.35 0.15 1541
 1543 3 -101.42 85.18 17.30 0.15 1542
 1544 3 -100.55 84.80 16.99 0.15 1543
 1545 3 -99.52 84.24 16.57 0.15 1544
 1546 3 -98.82 83.91 16.35 0.15 1545
 1547 3 -95.97 82.86 15.63 0.15 1546
 1548 3 -90.87 81.21 13.90 0.15 1547
 1549 3 -89.98 80.85 13.53 0.15 1548
 1549 3 -117.71 137.29 77.77 0.15 1227
 1550 3 -117.70 137.25 77.75 0.15 1549
 1551 3 -116.58 133.67 76.75 0.15 1550
 1552 3 -116.45 133.30 76.68 0.15 1551
 1553 3 -116.38 133.09 76.65 0.15 1552
 1554 3 -116.23 132.67 76.58 0.15 1553
 1555 3 -116.18 132.51 76.56 0.15 1554
 1556 3 -116.12 132.34 76.54 0.15 1555
 1557 3 -115.89 131.84 76.52 0.15 1556
 1558 3 -115.81 131.69 76.51 0.15 1557
 1559 3 -114.31 129.48 76.42 0.15 1558
 1560 3 -114.06 129.04 76.41 0.15 1559
 1561 3 -113.99 128.88 76.42 0.15 1560
 1562 3 -104.94 103.74 77.38 0.15 1561
 1562 3 112.01 52.96 -28.21 0.15 1249
 1563 3 111.94 52.81 -28.15 0.15 1562
 1564 3 111.85 52.49 -28.05 0.15 1563
 1565 3 111.78 52.33 -28.00 0.15 1564
 1566 3 106.80 37.67 -22.16 0.15 1565
 1567 3 106.67 37.37 -22.03 0.15 1566
 1568 3 106.49 36.91 -21.80 0.15 1567
 1569 3 106.38 36.52 -21.60 0.15 1568
 1570 3 101.90 24.54 -14.77 0.15 1569
 1571 3 99.08 18.05 -10.29 0.15 1570
 1572 3 -45.71 56.27 -32.63 0.15 1259
 1572 3 97.84 15.58 -8.81 0.15 1571
 1573 3 -44.98 54.90 -32.24 0.15 1572
 1574 3 -44.70 54.36 -32.04 0.15 1573
 1575 3 -41.90 47.54 -29.90 0.15 1574
 1576 3 -41.59 46.66 -29.70 0.15 1575
 1577 3 -41.49 46.23 -29.61 0.15 1576
 1578 3 -41.44 46.06 -29.59 0.15 1577
 1579 3 -41.40 45.90 -29.56 0.15 1578
 1580 3 -41.01 43.01 -28.96 0.15 1579
 1581 3 -40.97 42.84 -28.91 0.15 1580
 1582 3 -40.89 42.22 -28.76 0.15 1581
 1583 3 -40.86 41.49 -28.57 0.15 1582
 1584 3 -40.85 41.33 -28.52 0.15 1583
 1585 3 -40.17 36.52 -26.53 0.15 1584
 1586 3 -39.96 32.56 -24.73 0.15 1585
 1586 3 14.91 63.38 -59.41 0.15 1270
 1587 3 14.82 63.27 -59.31 0.15 1586
 1588 3 13.55 61.98 -58.24 0.15 1587
 1589 3 13.34 61.72 -58.03 0.15 1588
 1590 3 9.78 57.81 -54.25 0.15 1589
 1590 3 84.90 202.48 -34.19 0.15 1283
 1591 3 84.36 200.22 -33.82 0.15 1590
 1592 3 84.33 200.05 -33.80 0.15 1591
 1593 3 83.66 196.90 -33.53 0.15 1592
 1594 3 83.64 196.73 -33.52 0.15 1593
 1595 3 83.38 195.52 -33.38 0.15 1594
 1596 3 83.25 195.09 -33.35 0.15 1595
 1597 3 80.82 188.82 -33.10 0.15 1596
 1598 3 80.33 187.24 -33.13 0.15 1597
 1599 3 80.11 186.37 -33.20 0.15 1598
 1600 3 80.04 186.16 -33.23 0.15 1599
 1601 3 79.90 185.79 -33.25 0.15 1600
 1602 3 79.85 185.62 -33.26 0.15 1601
 1603 3 77.07 178.26 -32.98 0.15 1602
 1604 3 76.18 176.41 -32.93 0.15 1603
 1605 3 51.17 228.17 13.86 0.15 1301
 1605 3 76.06 176.19 -32.95 0.15 1604
 1606 3 51.26 228.03 13.81 0.15 1605
 1607 3 53.27 225.28 12.90 0.15 1606
 1608 3 53.37 225.14 12.84 0.15 1607
 1609 3 56.01 220.86 11.35 0.15 1608
 1610 3 56.11 220.72 11.31 0.15 1609
 1611 3 56.30 220.39 11.21 0.15 1610
 1612 3 56.38 220.23 11.16 0.15 1611
 1613 3 57.52 217.78 10.20 0.15 1612
 1614 3 57.63 217.55 10.09 0.15 1613
 1615 3 59.45 214.59 8.27 0.15 1614
 1616 3 59.54 214.46 8.18 0.15 1615
 1617 3 63.84 209.08 4.80 0.15 1616
 1617 3 74.84 210.03 -10.64 0.15 1312
 1618 3 74.81 209.69 -10.63 0.15 1617
 1619 3 74.79 208.04 -10.55 0.15 1618
 1620 3 27.46 225.39 -16.78 0.15 1322
 1620 3 75.61 196.49 -9.68 0.15 1619
 1621 3 29.99 221.77 -15.10 0.15 1620
 1622 3 30.10 221.64 -15.04 0.15 1621
 1623 3 30.54 221.05 -14.73 0.15 1622
 1624 3 30.62 220.91 -14.66 0.15 1623
 1625 3 31.92 218.92 -13.88 0.15 1624
 1625 3 10.24 208.39 -16.05 0.15 1328
 1626 3 10.47 207.79 -16.05 0.15 1625
 1627 3 10.68 207.33 -16.08 0.15 1626
 1628 3 11.01 206.50 -16.20 0.15 1627
 1629 3 11.89 204.38 -16.31 0.15 1628
 1630 3 12.66 202.45 -16.23 0.15 1629
