[-1.93, 0.87, 0.5, 3.056, 1, -1, 1]
[-1.93, 3.93, 0.5, 3.056, 2, 1, 1]
[-1.93, 3.93, 0.5, 3.056, 2, 1, 1]
[-1.93, -2.18, 0.5, 3.056, 3, 1, 1]
[-1.5, 3.5, 5.5, 0.15, 4, 1, 2]
[-1.5, 11.0, 8.0, 0.15, 5, 4, 2]
[-8.0, 20.0, 10.0, 0.15, 6, 5, 2]
[-10.0, 27.0, 11.0, 0.15, 7, 6, 2]
[-6.0, 41.5, 11.5, 0.15, 8, 7, 2]
[-6.0, 52.5, 8.5, 0.15, 9, 8, 2]
[5.5, -71.5, 1.0, 0.5, 517, 505, 4]
[13.5, -85.5, 2.5, 0.25, 518, 517, 4]
[13.5, -85.5, 2.5, 0.25, 518, 517, 4]
[16.5, -89.0, 10.0, 0.15, 519, 518, 4]
[20.5, -94.5, 19.0, 0.15, 520, 519, 4]
[24.5, -101.5, 23.0, 0.15, 521, 520, 4]
[25.0, -109.0, 28.0, 0.15, 522, 521, 4]
[27.5, -115.5, 32.0, 0.15, 523, 522, 4]
[31.0, -117.5, 36.0, 0.15, 524, 523, 4]
[16.5, -89.0, 10.0, 0.15, 519, 518, 4]
[20.5, -94.5, 19.0, 0.15, 520, 519, 4]
[24.5, -101.5, 23.0, 0.15, 521, 520, 4]
[25.0, -109.0, 28.0, 0.15, 522, 521, 4]
[27.5, -115.5, 32.0, 0.15, 523, 522, 4]
[31.0, -117.5, 36.0, 0.15, 524, 523, 4]
[-13.0, 47.0, 6.5, 0.15, 10, 9, 2]
[-17.0, 41.0, 2.0, 0.15, 11, 10, 2]
[-16.5, 36.0, 3.0, 0.15, 12, 11, 2]
[-15.0, 34.0, 0.5, 0.15, 13, 12, 2]
[-9.0, 30.5, -1.5, 0.15, 14, 13, 2]
[-1.0, 25.5, 4.5, 0.15, 15, 14, 2]
[-19.5, 33.5, 1.5, 0.15, 16, 12, 2]
[-29.5, 40.5, 5.5, 0.15, 17, 16, 2]
[-35.0, 42.5, 8.5, 0.15, 18, 17, 2]
[-42.0, 43.0, 8.5, 0.15, 19, 18, 2]
[-56.0, 39.0, 7.5, 0.15, 20, 19, 2]
[-73.5, 44.0, 9.5, 0.15, 21, 20, 2]
[-84.0, 46.5, 10.0, 0.15, 22, 21, 2]
[-105.5, 52.5, 12.0, 0.15, 23, 22, 2]
[26.5, -103.0, 3.5, 0.25, 533, 518, 4]
[38.0, -121.0, 1.0, 0.25, 534, 533, 4]
[52.0, -114.5, 1.5, 0.15, 535, 534, 4]
[61.5, -107.5, 2.0, 0.15, 536, 535, 4]
[75.0, -101.5, -0.5, 0.15, 537, 536, 4]
[89.5, -99.5, -3.0, 0.15, 538, 537, 4]
[95.0, -101.0, -5.5, 0.15, 539, 538, 4]
[106.5, -105.0, -8.5, 0.15, 540, 539, 4]
[119.0, -111.0, -12.0, 0.15, 541, 540, 4]
[128.0, -117.5, -15.5, 0.15, 542, 541, 4]
[135.0, -126.0, -17.0, 0.15, 543, 542, 4]
[144.5, -129.5, -21.5, 0.15, 544, 543, 4]
[4.5, 59.5, 13.0, 0.15, 24, 9, 2]
[16.5, 71.5, 21.0, 0.15, 25, 24, 2]
[23.5, 80.0, 25.0, 0.15, 26, 25, 2]
[29.0, 95.0, 31.5, 0.15, 27, 26, 2]
[31.5, 108.5, 36.5, 0.15, 28, 27, 2]
[33.5, 127.0, 43.0, 0.15, 29, 28, 2]
[33.5, 142.5, 46.0, 0.15, 30, 29, 2]
[33.5, 165.0, 46.5, 0.15, 31, 30, 2]
[33.0, 172.5, 45.0, 0.15, 32, 31, 2]
[41.0, -573.5, 63.5, 0.15, 1028, 1004, 4]
[46.0, -580.5, 61.5, 0.15, 1029, 1028, 4]
[-6.0, 3.5, 0.0, 0.3, 1052, 1, 3]
[-15.5, 16.5, -2.0, 0.2, 1053, 1052, 3]
[-20.5, 21.5, -4.0, 0.2, 1054, 1053, 3]
[-22.0, 22.0, -4.5, 0.15, 1055, 1054, 3]
[-25.5, 35.5, -5.5, 0.15, 1056, 1055, 3]
[-33.0, 57.0, -8.0, 0.15, 1057, 1056, 3]
[85.0, -609.0, 44.5, 0.15, 1040, 1033, 4]
[95.0, -615.5, 42.0, 0.15, 1041, 1040, 4]
[102.0, -623.5, 39.0, 0.15, 1042, 1041, 4]
[109.5, -630.0, 35.0, 0.15, 1043, 1042, 4]
[117.0, -633.5, 28.5, 0.15, 1044, 1043, 4]
[135.0, -641.0, 23.0, 0.15, 1045, 1044, 4]
[145.5, -645.0, 18.5, 0.15, 1046, 1045, 4]
[20.0, 174.0, 44.5, 0.15, 33, 32, 2]
[13.0, 177.0, 43.0, 0.15, 34, 33, 2]
[8.0, 176.0, 45.5, 0.15, 35, 34, 2]
[13.0, 177.0, 43.0, 0.15, 34, 33, 2]
[8.0, 176.0, 45.5, 0.15, 35, 34, 2]
[1.0, 178.0, 48.0, 0.15, 36, 35, 2]
[-0.5, 177.5, 48.0, 0.15, 37, 36, 2]
[52.0, -585.0, 61.0, 0.15, 1030, 1029, 4]
[61.5, -589.5, 56.0, 0.15, 1031, 1030, 4]
[70.0, -598.5, 52.0, 0.15, 1032, 1031, 4]
[77.5, -605.0, 47.0, 0.15, 1033, 1032, 4]
[-1.0, 179.0, 51.0, 0.15, 38, 37, 2]
[-4.5, 182.0, 54.0, 0.15, 39, 38, 2]
[-5.0, 181.0, 55.0, 0.15, 40, 39, 2]
[-6.0, 178.5, 57.0, 0.15, 41, 40, 2]
[-8.5, 176.5, 59.5, 0.15, 42, 41, 2]
[-8.5, 174.0, 61.0, 0.15, 43, 42, 2]
[-9.5, 174.0, 61.0, 0.15, 44, 43, 2]
[-10.5, 170.0, 62.5, 0.15, 45, 44, 2]
[-12.0, 165.5, 65.5, 0.15, 46, 45, 2]
[-16.5, 161.5, 68.5, 0.15, 47, 46, 2]
[-20.0, 161.0, 68.5, 0.15, 48, 47, 2]
[-23.0, 161.5, 69.0, 0.15, 49, 48, 2]
[-32.5, 160.5, 73.0, 0.15, 50, 49, 2]
[-31.5, 162.5, 73.0, 0.15, 51, 50, 2]
[-32.0, 164.0, 74.0, 0.15, 52, 51, 2]
[-31.5, 168.0, 72.5, 0.15, 53, 52, 2]
[44.5, -137.5, 0.0, 0.2, 551, 534, 4]
[58.5, -125.5, 0.0, 0.15, 552, 551, 4]
[71.0, -116.0, 4.0, 0.15, 553, 552, 4]
[79.5, -106.5, 6.5, 0.15, 554, 553, 4]
[87.0, -84.0, 6.5, 0.15, 555, 554, 4]
[97.0, -74.0, 6.5, 0.15, 556, 555, 4]
[105.5, -59.5, 6.0, 0.15, 557, 556, 4]
[113.5, -51.5, 5.0, 0.15, 558, 557, 4]
[58.5, -125.5, 0.0, 0.15, 552, 551, 4]
[71.0, -116.0, 4.0, 0.15, 553, 552, 4]
[79.5, -106.5, 6.5, 0.15, 554, 553, 4]
[87.0, -84.0, 6.5, 0.15, 555, 554, 4]
[97.0, -74.0, 6.5, 0.15, 556, 555, 4]
[105.5, -59.5, 6.0, 0.15, 557, 556, 4]
[113.5, -51.5, 5.0, 0.15, 558, 557, 4]
1287 3 26.50 50.00 -5.50 0.15 1286
1288 3 29.50 57.50 -4.50 0.15 1287
1289 3 35.00 88.00 -2.00 0.15 1288
1290 3 38.50 114.50 0.50 0.15 1289
1291 3 40.50 135.00 2.50 0.15 1290
1292 3 43.74 147.81 2.62 0.15 1291
1070 3 -40.00 67.00 -11.50 0.15 1057
1071 3 -44.50 80.50 -15.50 0.15 1070
1072 3 -49.50 96.00 -21.00 0.15 1071
1073 3 -50.50 112.50 -25.00 0.15 1072
1074 3 -56.40 139.70 -33.66 0.15 1073
[49.0, -153.5, -2.0, 0.25, 559, 551, 4]
[49.0, -155.5, -11.5, 0.15, 560, 559, 4]
[52.5, -161.0, -15.5, 0.15, 561, 560, 4]
[55.0, -168.5, -22.5, 0.15, 562, 561, 4]
[59.5, -177.0, -27.0, 0.15, 563, 562, 4]
[59.0, -187.5, -33.0, 0.15, 564, 563, 4]
[60.5, -198.0, -38.0, 0.15, 565, 564, 4]
[64.5, -214.0, -40.5, 0.15, 566, 565, 4]
[66.5, -229.5, -45.0, 0.15, 567, 566, 4]
[64.5, -240.5, -48.5, 0.15, 568, 567, 4]
[60.0, -249.5, -50.5, 0.15, 569, 568, 4]
[49.0, -155.5, -11.5, 0.15, 560, 559, 4]
[52.5, -161.0, -15.5, 0.15, 561, 560, 4]
[55.0, -168.5, -22.5, 0.15, 562, 561, 4]
[59.5, -177.0, -27.0, 0.15, 563, 562, 4]
[59.0, -187.5, -33.0, 0.15, 564, 563, 4]
[60.5, -198.0, -38.0, 0.15, 565, 564, 4]
[64.5, -214.0, -40.5, 0.15, 566, 565, 4]
[66.5, -229.5, -45.0, 0.15, 567, 566, 4]
[64.5, -240.5, -48.5, 0.15, 568, 567, 4]
[60.0, -249.5, -50.5, 0.15, 569, 568, 4]
1229 3 -18.00 8.00 22.50 0.15 1200
1230 3 -14.00 7.50 27.50 0.15 1229
1231 3 -14.00 12.50 32.00 0.15 1230
1232 3 -22.31 13.80 48.60 0.15 1231
1203 3 -52.50 32.50 19.00 0.15 1202
1204 3 -67.00 43.00 18.50 0.15 1203
1205 3 -76.00 55.00 15.50 0.15 1204
1206 3 -89.18 69.77 15.02 0.15 1205
[-29.0, 168.5, 70.0, 0.15, 54, 53, 2]
[-33.5, 167.5, 70.0, 0.15, 55, 53, 2]
[-0.5, 175.5, 50.5, 0.15, 56, 37, 2]
[-1.5, 173.0, 53.5, 0.15, 57, 56, 2]
[6.0, 174.5, 44.0, 0.15, 58, 35, 2]
[4.0, 172.5, 45.5, 0.15, 59, 58, 2]
[59.0, -186.0, 0.5, 0.15, 571, 570, 4]
[65.0, -191.5, 4.5, 0.15, 572, 571, 4]
[22.5, 192.0, 43.5, 0.15, 60, 33, 2]
[21.5, 200.0, 39.5, 0.15, 61, 60, 2]
[22.0, 203.0, 39.0, 0.15, 62, 61, 2]
[75.0, -201.0, 9.0, 0.15, 573, 572, 4]
[83.5, -203.5, 12.0, 0.15, 574, 573, 4]
[87.5, -201.5, 15.5, 0.15, 575, 574, 4]
[93.5, -204.5, 19.5, 0.15, 576, 575, 4]
[96.5, -209.5, 23.5, 0.15, 577, 576, 4]
[93.0, -213.5, 29.0, 0.15, 578, 577, 4]
[93.0, -213.0, 37.0, 0.15, 579, 578, 4]
[95.5, -208.0, 41.0, 0.15, 580, 579, 4]
[96.0, -206.5, 43.5, 0.15, 581, 580, 4]
[22.0, 206.0, 36.0, 0.15, 63, 62, 2]
[21.5, 208.0, 34.0, 0.15, 64, 63, 2]
[21.0, 210.5, 33.5, 0.15, 65, 64, 2]
[20.0, 211.0, 34.5, 0.15, 66, 65, 2]
[19.5, 213.5, 33.5, 0.15, 67, 66, 2]
[19.5, 215.5, 36.0, 0.15, 68, 67, 2]
[17.0, 220.0, 34.5, 0.15, 69, 68, 2]
[10.0, 228.5, 32.5, 0.15, 70, 69, 2]
[6.5, 237.0, 31.0, 0.15, 71, 70, 2]
[8.0, 239.5, 30.0, 0.15, 72, 71, 2]
1092 3 -63.50 89.50 -22.50 0.15 1084
1093 3 -77.82 118.38 -28.43 0.15 1092
[66.0, -207.0, 10.0, 0.15, 582, 572, 4]
[65.0, -219.0, 16.5, 0.15, 583, 582, 4]
[63.0, -241.0, 20.5, 0.15, 584, 583, 4]
[65.0, -258.5, 22.5, 0.15, 585, 584, 4]
[68.5, -271.5, 26.0, 0.15, 586, 585, 4]
[71.0, -282.5, 24.5, 0.15, 587, 586, 4]
[71.0, -293.5, 24.0, 0.15, 588, 587, 4]
[23.0, 211.0, 32.5, 0.15, 73, 65, 2]
[25.5, 214.0, 30.0, 0.15, 74, 73, 2]
[25.0, 215.0, 29.0, 0.15, 75, 74, 2]
[-37.5, 23.5, -8.5, 0.15, 1098, 1054, 3]
[-58.5, 25.5, -11.5, 0.15, 1099, 1098, 3]
[26.0, 215.5, 30.5, 0.15, 76, 75, 2]
[25.5, 218.0, 30.0, 0.15, 77, 76, 2]
[59.5, -196.5, -4.5, 0.25, 589, 570, 4]
[64.5, -200.0, -0.5, 0.15, 590, 589, 4]
[67.5, -204.5, 0.0, 0.15, 591, 590, 4]
[68.0, -215.0, 4.0, 0.15, 592, 591, 4]
[69.5, -241.5, 8.5, 0.15, 593, 592, 4]
[72.5, -270.0, 10.0, 0.15, 594, 593, 4]
[76.0, -289.0, 14.0, 0.15, 595, 594, 4]
[87.0, -314.0, 13.0, 0.15, 596, 595, 4]
[28.0, 214.0, 27.5, 0.15, 78, 75, 2]
[29.0, 216.5, 27.5, 0.15, 79, 78, 2]
[29.5, 217.0, 27.5, 0.15, 80, 79, 2]
[29.0, 217.0, 27.5, 0.15, 81, 80, 2]
[32.5, -129.0, 35.5, 0.15, 525, 524, 4]
[34.0, -153.5, 36.5, 0.15, 526, 525, 4]
[33.0, -163.0, 35.5, 0.15, 527, 526, 4]
[31.0, 216.0, 26.0, 0.15, 82, 81, 2]
[33.0, 218.0, 24.0, 0.15, 83, 82, 2]
[34.5, 220.5, 20.5, 0.15, 84, 83, 2]
[39.5, 220.5, 16.5, 0.15, 85, 84, 2]
[42.5, 222.0, 15.5, 0.15, 86, 85, 2]
[41.0, 220.5, 18.0, 0.15, 87, 86, 2]
[46.5, 219.0, 13.0, 0.15, 88, 87, 2]
[46.5, 222.5, 11.5, 0.15, 89, 88, 2]
[49.5, 224.0, 10.0, 0.15, 90, 89, 2]
[51.5, 223.5, 9.0, 0.15, 91, 90, 2]
[51.5, 225.5, 8.5, 0.15, 92, 91, 2]
[56.0, 224.5, 6.5, 0.15, 93, 92, 2]
[-4.5, 41.0, 18.0, 0.15, 1123, 1122, 3]
[2.0, 47.0, 22.0, 0.15, 1124, 1123, 3]
[7.0, 54.0, 24.0, 0.15, 1125, 1124, 3]
[9.5, 56.0, 27.5, 0.15, 1126, 1125, 3]
[15.5, 70.5, 29.5, 0.15, 1127, 1126, 3]
[66.5, -228.5, -8.5, 0.2, 597, 589, 4]
[68.5, -240.0, -9.5, 0.2, 598, 597, 4]
1110 3 -75.00 25.50 -14.00 0.15 1099
1111 3 -79.50 26.00 -13.50 0.15 1110
1112 3 -113.95 47.96 -18.99 0.15 1111
[61.5, -260.5, -10.0, 0.15, 599, 598, 4]
[57.0, -269.5, -8.5, 0.15, 600, 599, 4]
[54.5, -272.0, -10.5, 0.15, 601, 600, 4]
[55.0, -281.0, -12.5, 0.15, 602, 601, 4]
[48.5, -310.0, -14.0, 0.15, 603, 602, 4]
[48.5, -334.0, -13.0, 0.15, 604, 603, 4]
[41.5, -361.5, -13.5, 0.15, 605, 604, 4]
[36.0, -380.5, -10.5, 0.15, 606, 605, 4]
[32.5, -392.0, -10.0, 0.15, 607, 606, 4]
[40.5, -416.5, -7.5, 0.15, 608, 607, 4]
[36.0, -430.0, -8.0, 0.15, 609, 608, 4]
[-5.0, 4.5, 8.5, 0.3, 1117, 1, 3]
[-7.5, 8.0, 9.0, 0.3, 1118, 1117, 3]
[63.5, 221.0, 3.5, 0.15, 94, 93, 2]
[64.5, 223.0, 2.5, 0.15, 95, 94, 2]
[66.5, 222.5, 2.0, 0.15, 96, 95, 2]
[68.5, 222.5, -0.5, 0.15, 97, 96, 2]
[68.0, 223.0, -0.5, 0.15, 98, 97, 2]
[64.5, 223.0, 2.5, 0.15, 95, 94, 2]
[66.5, 222.5, 2.0, 0.15, 96, 95, 2]
[68.5, 222.5, -0.5, 0.15, 97, 96, 2]
[68.0, 223.0, -0.5, 0.15, 98, 97, 2]
[-9.0, 22.5, 11.0, 0.15, 1120, 1119, 3]
[-7.5, 30.5, 14.0, 0.15, 1121, 1120, 3]
[-7.5, 34.0, 15.5, 0.15, 1122, 1121, 3]
[35.5, -123.5, 40.0, 0.15, 528, 524, 4]
[40.0, -129.0, 43.0, 0.15, 529, 528, 4]
[43.0, -133.0, 49.0, 0.15, 530, 529, 4]
[47.5, -139.5, 56.0, 0.15, 531, 530, 4]
[53.0, -150.0, 62.5, 0.15, 532, 531, 4]
[54.5, -275.0, -9.5, 0.15, 610, 600, 4]
[54.5, -284.0, -8.0, 0.15, 611, 610, 4]
[52.0, -300.0, -4.5, 0.15, 612, 611, 4]
[49.0, -324.5, -2.0, 0.15, 613, 612, 4]
[44.5, -336.0, -0.5, 0.15, 614, 613, 4]
[43.0, -346.0, 1.0, 0.15, 615, 614, 4]
[47.5, -355.0, 3.5, 0.15, 616, 615, 4]
[51.5, -356.5, 5.5, 0.15, 617, 616, 4]
[65.0, 216.0, 4.0, 0.15, 99, 94, 2]
[66.5, 215.5, 2.5, 0.15, 100, 99, 2]
[55.5, 222.5, 6.5, 0.15, 101, 93, 2]
[55.5, 220.0, 6.5, 0.15, 102, 101, 2]
[27.5, 220.5, 27.5, 0.15, 103, 81, 2]
[25.5, 202.5, 39.0, 0.15, 104, 62, 2]
[42.5, 177.0, 37.5, 0.15, 105, 32, 2]
[52.0, 184.0, 29.5, 0.15, 106, 105, 2]
[57.5, 186.0, 25.5, 0.15, 107, 106, 2]
[61.0, 184.5, 26.0, 0.15, 108, 107, 2]
[75.0, -272.0, -13.0, 0.2, 618, 598, 4]
[72.0, -285.0, -15.0, 0.15, 619, 618, 4]
[68.0, -305.5, -20.5, 0.15, 620, 619, 4]
[63.0, -318.5, -26.0, 0.15, 621, 620, 4]
[64.5, -329.5, -31.5, 0.15, 622, 621, 4]
[68.5, -347.0, -37.5, 0.15, 623, 622, 4]
[68.5, -360.5, -42.5, 0.15, 624, 623, 4]
[62.5, -379.0, -46.5, 0.15, 625, 624, 4]
[58.0, -396.0, -50.5, 0.15, 626, 625, 4]
[59.5, -402.5, -55.0, 0.15, 627, 626, 4]
[72.0, -285.0, -15.0, 0.15, 619, 618, 4]
[68.0, -305.5, -20.5, 0.15, 620, 619, 4]
[63.0, -318.5, -26.0, 0.15, 621, 620, 4]
[64.5, -329.5, -31.5, 0.15, 622, 621, 4]
[68.5, -347.0, -37.5, 0.15, 623, 622, 4]
[68.5, -360.5, -42.5, 0.15, 624, 623, 4]
[62.5, -379.0, -46.5, 0.15, 625, 624, 4]
[58.0, -396.0, -50.5, 0.15, 626, 625, 4]
[59.5, -402.5, -55.0, 0.15, 627, 626, 4]
[49.0, 182.5, 26.0, 0.15, 109, 108, 2]
[44.0, 190.0, 25.0, 0.15, 110, 109, 2]
[35.5, 191.5, 26.0, 0.15, 111, 110, 2]
[33.0, 191.5, 26.0, 0.15, 112, 111, 2]
[18.0, 190.5, 33.0, 0.15, 113, 112, 2]
[10.5, 192.5, 37.0, 0.15, 114, 113, 2]
[7.0, 189.5, 39.5, 0.15, 115, 114, 2]
[4.0, 189.5, 40.0, 0.15, 116, 115, 2]
1128 3 18.50 69.00 33.00 0.15 1127
1129 3 25.00 64.50 39.50 0.15 1128
1130 3 33.00 61.50 42.00 0.15 1129
1131 3 46.23 67.92 47.61 0.15 1130
[82.5, -304.0, -15.5, 0.2, 628, 618, 4]
[86.0, -338.0, -18.5, 0.2, 629, 628, 4]
[86.5, -359.5, -19.5, 0.2, 630, 629, 4]
[2.5, 189.5, 40.5, 0.15, 117, 116, 2]
[0.0, 192.5, 41.0, 0.15, 118, 117, 2]
[-4.5, 197.5, 41.0, 0.15, 119, 118, 2]
[0.0, 192.5, 41.0, 0.15, 118, 117, 2]
[-4.5, 197.5, 41.0, 0.15, 119, 118, 2]
[95.5, -373.0, -14.0, 0.15, 631, 630, 4]
[105.0, -383.5, -11.5, 0.15, 632, 631, 4]
[113.0, -388.5, -9.5, 0.15, 633, 632, 4]
[126.0, -411.5, -8.5, 0.15, 634, 633, 4]
[139.0, -434.5, -9.5, 0.15, 635, 634, 4]
[145.5, -446.0, -8.0, 0.15, 636, 635, 4]
[158.0, -455.0, -8.5, 0.15, 637, 636, 4]
[-6.5, 201.0, 42.0, 0.15, 120, 119, 2]
[-12.5, 201.5, 42.0, 0.15, 121, 120, 2]
[-12.5, 201.5, 42.0, 0.15, 121, 120, 2]
[-15.5, 204.5, 42.5, 0.15, 122, 121, 2]
[-16.0, 207.5, 42.5, 0.15, 123, 122, 2]
[-18.0, 209.0, 42.5, 0.15, 124, 123, 2]
[-19.5, 210.5, 42.5, 0.15, 125, 124, 2]
[-20.5, 211.0, 42.5, 0.15, 126, 125, 2]
[-22.5, 213.0, 42.5, 0.15, 127, 126, 2]
[-23.0, 213.0, 42.5, 0.15, 128, 127, 2]
[-27.0, 214.5, 42.5, 0.15, 129, 128, 2]
[-33.0, 213.0, 42.5, 0.15, 130, 129, 2]
[-33.5, 212.5, 42.5, 0.15, 131, 130, 2]
[-35.5, 211.5, 41.5, 0.15, 132, 131, 2]
[-37.0, 210.5, 41.5, 0.15, 133, 132, 2]
[-38.0, 211.0, 45.0, 0.15, 134, 133, 2]
[-15.5, 204.5, 42.5, 0.15, 122, 121, 2]
[-16.0, 207.5, 42.5, 0.15, 123, 122, 2]
[-18.0, 209.0, 42.5, 0.15, 124, 123, 2]
[-19.5, 210.5, 42.5, 0.15, 125, 124, 2]
[-20.5, 211.0, 42.5, 0.15, 126, 125, 2]
[-22.5, 213.0, 42.5, 0.15, 127, 126, 2]
[-23.0, 213.0, 42.5, 0.15, 128, 127, 2]
[-27.0, 214.5, 42.5, 0.15, 129, 128, 2]
[-33.0, 213.0, 42.5, 0.15, 130, 129, 2]
[-33.5, 212.5, 42.5, 0.15, 131, 130, 2]
[-35.5, 211.5, 41.5, 0.15, 132, 131, 2]
[-37.0, 210.5, 41.5, 0.15, 133, 132, 2]
[-38.0, 211.0, 45.0, 0.15, 134, 133, 2]
[87.0, -381.0, -21.0, 0.2, 638, 630, 4]
[94.0, -390.0, -26.0, 0.15, 639, 638, 4]
[100.5, -404.5, -30.5, 0.15, 640, 639, 4]
[106.5, -430.0, -36.5, 0.15, 641, 640, 4]
[106.5, -446.0, -41.0, 0.15, 642, 641, 4]
[106.5, -453.5, -42.5, 0.15, 643, 642, 4]
[115.5, -466.0, -45.0, 0.15, 644, 643, 4]
[120.5, -471.5, -46.5, 0.15, 645, 644, 4]
[94.0, -390.0, -26.0, 0.15, 639, 638, 4]
[100.5, -404.5, -30.5, 0.15, 640, 639, 4]
[106.5, -430.0, -36.5, 0.15, 641, 640, 4]
[106.5, -446.0, -41.0, 0.15, 642, 641, 4]
[106.5, -453.5, -42.5, 0.15, 643, 642, 4]
[115.5, -466.0, -45.0, 0.15, 644, 643, 4]
[120.5, -471.5, -46.5, 0.15, 645, 644, 4]
1153 3 -9.50 43.00 15.50 0.15 1122
1154 3 -7.00 49.50 15.50 0.15 1153
1155 3 -6.00 60.50 17.00 0.15 1154
1156 3 -2.00 71.00 19.00 0.15 1155
1157 3 -1.00 78.50 21.00 0.15 1156
1158 3 1.00 89.00 21.50 0.15 1157
1159 3 4.50 100.00 22.50 0.15 1158
1160 3 5.00 108.00 24.50 0.15 1159
1161 3 10.00 116.00 26.50 0.15 1160
1162 3 10.99 135.71 29.14 0.15 1161
[89.5, -406.0, -22.0, 0.2, 646, 638, 4]
[96.5, -431.0, -24.0, 0.2, 647, 646, 4]
[110.5, -453.0, -25.0, 0.2, 648, 647, 4]
[122.0, -475.5, -25.0, 0.2, 649, 648, 4]
[126.5, -501.5, -25.5, 0.2, 650, 649, 4]
[131.5, -521.0, -28.5, 0.2, 651, 650, 4]
[-40.5, 208.5, 43.5, 0.15, 135, 134, 2]
[-49.5, 206.5, 46.0, 0.15, 136, 135, 2]
[-53.5, 207.0, 46.0, 0.15, 137, 136, 2]
[-54.5, 207.5, 46.0, 0.15, 138, 137, 2]
[-52.5, 205.0, 45.5, 0.15, 139, 136, 2]
[-53.0, 206.0, 46.0, 0.15, 140, 139, 2]
[-54.5, 205.5, 46.0, 0.15, 141, 140, 2]
[136.0, -538.0, -22.5, 0.15, 652, 651, 4]
[137.0, -554.0, -15.0, 0.15, 653, 652, 4]
[133.0, -568.5, -8.5, 0.15, 654, 653, 4]
[126.5, -581.0, -4.5, 0.15, 655, 654, 4]
[120.5, -595.5, -2.0, 0.15, 656, 655, 4]
[112.0, -608.0, 2.0, 0.15, 657, 656, 4]
[101.5, -623.5, 5.0, 0.15, 658, 657, 4]
[96.0, -630.0, 6.0, 0.15, 659, 658, 4]
[-36.5, 214.0, 44.0, 0.15, 142, 134, 2]
[-13.5, 200.0, 45.0, 0.15, 143, 121, 2]
[-17.0, 200.5, 42.0, 0.15, 144, 143, 2]
[-19.0, 203.0, 47.5, 0.15, 145, 144, 2]
[-15.5, 203.5, 51.0, 0.15, 146, 145, 2]
[-8.5, 213.0, 56.0, 0.15, 147, 146, 2]
[61.5, -107.5, 2.0, 0.15, 536, 535, 4]
[75.0, -101.5, -0.5, 0.15, 537, 536, 4]
[89.5, -99.5, -3.0, 0.15, 538, 537, 4]
[95.0, -101.0, -5.5, 0.15, 539, 538, 4]
[106.5, -105.0, -8.5, 0.15, 540, 539, 4]
[119.0, -111.0, -12.0, 0.15, 541, 540, 4]
[128.0, -117.5, -15.5, 0.15, 542, 541, 4]
[135.0, -126.0, -17.0, 0.15, 543, 542, 4]
[144.5, -129.5, -21.5, 0.15, 544, 543, 4]
[-17.0, 38.5, 10.5, 0.15, 1170, 1119, 3]
[-19.0, 46.0, 11.5, 0.15, 1171, 1170, 3]
[-1.5, -219.5, -6.5, 0.15, 806, 805, 4]
[1.0, -235.5, -8.5, 0.15, 807, 806, 4]
[-5.0, 202.5, 39.0, 0.15, 148, 120, 2]
[-3.0, 199.0, 41.5, 0.15, 149, 119, 2]
[-8.0, 187.0, 40.0, 0.15, 150, 117, 2]
[-16.5, 185.5, 38.0, 0.15, 151, 150, 2]
[-19.0, 184.5, 38.0, 0.15, 152, 151, 2]
[-26.0, 181.0, 38.0, 0.15, 153, 152, 2]
[-36.0, 181.0, 38.5, 0.15, 154, 153, 2]
[-39.0, 181.0, 37.5, 0.15, 155, 154, 2]
[-39.5, 181.5, 37.5, 0.15, 156, 155, 2]
1176 3 -27.00 128.00 12.00 0.15 1175
1177 3 -25.50 159.50 11.00 0.15 1176
1178 3 -27.02 176.66 10.00 0.15 1177
[194.0, -599.0, -60.5, 0.15, 665, 664, 4]
[197.0, -607.5, -59.5, 0.15, 666, 665, 4]
[212.0, -618.5, -59.0, 0.15, 667, 666, 4]
[236.0, -638.0, -55.5, 0.15, 668, 667, 4]
[252.0, -651.5, -49.5, 0.15, 669, 668, 4]
[264.0, -652.5, -44.0, 0.15, 670, 669, 4]
[278.5, -650.5, -40.0, 0.15, 671, 670, 4]
[81.5, -610.5, 42.0, 0.15, 1034, 1033, 4]
[85.0, -615.0, 37.0, 0.15, 1035, 1034, 4]
[91.5, -620.5, 30.5, 0.15, 1036, 1035, 4]
[100.0, -627.0, 23.5, 0.15, 1037, 1036, 4]
[108.0, -635.0, 19.0, 0.15, 1038, 1037, 4]
[114.5, -638.5, 15.5, 0.15, 1039, 1038, 4]
[1.0, 186.0, 40.5, 0.15, 157, 116, 2]
[-1.0, 185.0, 39.0, 0.15, 158, 157, 2]
[-0.5, 182.5, 39.5, 0.15, 159, 158, 2]
[-3.0, 180.5, 38.0, 0.15, 160, 159, 2]
[-9.5, 176.0, 37.5, 0.15, 161, 160, 2]
[-10.0, 175.5, 38.0, 0.15, 162, 161, 2]
[-13.0, 172.0, 37.5, 0.15, 163, 162, 2]
[194.0, -620.0, -57.0, 0.15, 672, 666, 4]
[195.5, -628.0, -55.5, 0.15, 673, 672, 4]
[203.5, -637.5, -52.5, 0.15, 674, 673, 4]
[210.5, -648.5, -48.5, 0.15, 675, 674, 4]
[212.5, -654.5, -45.0, 0.15, 676, 675, 4]
[78.5, 184.5, 18.5, 0.15, 164, 108, 2]
[89.0, 189.0, 13.5, 0.15, 165, 164, 2]
[99.0, 193.0, 9.0, 0.15, 166, 165, 2]
[112.5, 197.0, 1.5, 0.15, 167, 166, 2]
[125.5, 200.0, -4.5, 0.15, 168, 167, 2]
[135.0, 204.0, -8.0, 0.15, 169, 168, 2]
[140.0, 204.5, -7.5, 0.15, 170, 169, 2]
[145.5, 209.5, -6.5, 0.15, 171, 170, 2]
[224.0, -662.5, -44.0, 0.15, 677, 676, 4]
[232.0, -675.5, -40.0, 0.15, 678, 677, 4]
[244.5, -689.0, -39.0, 0.15, 679, 678, 4]
[255.0, -696.0, -47.0, 0.15, 680, 679, 4]
[268.5, -709.5, -53.5, 0.15, 681, 680, 4]
[283.5, -723.5, -60.5, 0.15, 682, 681, 4]
1137 3 17.00 76.50 32.00 0.15 1127
1138 3 19.50 80.50 33.00 0.15 1137
1139 3 23.50 86.00 34.50 0.15 1138
1140 3 28.50 95.00 35.50 0.15 1139
1141 3 31.00 100.50 38.00 0.15 1140
1142 3 35.00 106.00 41.50 0.15 1141
1143 3 39.50 115.50 43.00 0.15 1142
1144 3 41.00 122.50 45.00 0.15 1143
1145 3 52.79 140.91 47.43 0.15 1144
1192 3 -21.50 50.00 13.50 0.15 1171
1193 3 -32.36 72.03 15.98 0.15 1192
[210.5, -663.5, -40.5, 0.15, 683, 676, 4]
[206.0, -668.5, -36.0, 0.15, 684, 683, 4]
[197.0, -675.0, -28.0, 0.15, 685, 684, 4]
[187.0, -679.5, -21.0, 0.15, 686, 685, 4]
[171.0, -676.5, -22.5, 0.15, 687, 686, 4]
[153.0, -672.5, -19.0, 0.15, 688, 687, 4]
[130.0, -663.5, -14.5, 0.15, 689, 688, 4]
[106.0, -644.0, -6.5, 0.15, 690, 689, 4]
[136.0, 211.0, -4.5, 0.15, 172, 171, 2]
[125.5, 211.5, -6.5, 0.15, 173, 172, 2]
[120.5, 212.0, -7.0, 0.15, 174, 173, 2]
[117.0, 211.5, -7.0, 0.15, 175, 174, 2]
[108.0, 213.5, -7.0, 0.15, 176, 175, 2]
[103.5, 214.0, -7.0, 0.15, 177, 176, 2]
[100.5, 214.5, -7.0, 0.15, 178, 177, 2]
[96.0, 215.5, -7.0, 0.15, 179, 178, 2]
[94.0, 215.5, -7.0, 0.15, 180, 179, 2]
[91.0, 216.0, -7.0, 0.15, 181, 180, 2]
[87.5, 218.0, -7.0, 0.15, 182, 181, 2]
[-11.0, 6.0, 12.0, 0.15, 1198, 1118, 3]
[-15.0, 8.5, 15.0, 0.15, 1199, 1198, 3]
[-18.5, 9.5, 15.0, 0.15, 1200, 1199, 3]
[-24.5, 13.0, 14.0, 0.15, 1201, 1200, 3]
[-43.5, 27.0, 19.0, 0.15, 1202, 1201, 3]
[174.0, -592.0, -68.5, 0.15, 691, 664, 4]
[168.5, -596.5, -73.5, 0.15, 692, 691, 4]
[162.5, -603.0, -80.5, 0.15, 693, 692, 4]
[157.0, -606.5, -88.0, 0.15, 694, 693, 4]
[155.0, -609.5, -90.0, 0.15, 695, 694, 4]
[82.0, 221.0, -7.5, 0.15, 183, 182, 2]
[78.5, 220.0, -7.5, 0.15, 184, 183, 2]
[72.0, 219.0, -8.0, 0.15, 185, 184, 2]
[62.0, 219.0, -8.0, 0.15, 186, 185, 2]
[58.0, 219.5, -9.0, 0.15, 187, 186, 2]
[48.5, 221.5, -11.0, 0.15, 188, 187, 2]
[43.0, 224.0, -11.0, 0.15, 189, 188, 2]
[41.5, 224.0, -11.0, 0.15, 190, 189, 2]
[40.0, 223.5, -12.5, 0.15, 191, 190, 2]
[34.5, 224.0, -13.5, 0.15, 192, 191, 2]
[32.5, 223.0, -13.5, 0.15, 193, 192, 2]
[29.5, 223.5, -13.5, 0.15, 194, 193, 2]
[24.0, 223.0, -16.0, 0.15, 195, 194, 2]
[20.0, 221.5, -16.5, 0.15, 196, 195, 2]
[18.0, 220.5, -17.5, 0.15, 197, 196, 2]
[14.5, 219.5, -19.0, 0.15, 198, 197, 2]
[12.5, 219.5, -20.0, 0.15, 199, 198, 2]
[6.5, 220.0, -21.0, 0.15, 200, 199, 2]
[1.5, 221.5, -22.0, 0.15, 201, 200, 2]
[0.0, 221.5, -21.0, 0.15, 202, 201, 2]
[157.0, -620.0, -92.5, 0.15, 696, 695, 4]
[156.5, -633.5, -96.0, 0.15, 697, 696, 4]
[154.5, -647.5, -100.0, 0.15, 698, 697, 4]
[154.5, -656.5, -100.5, 0.15, 699, 698, 4]
[148.0, -664.0, -102.5, 0.15, 700, 699, 4]
[147.5, -670.0, -109.5, 0.15, 701, 700, 4]
1212 3 -50.50 31.00 23.50 0.15 1202
1213 3 -57.00 35.00 26.50 0.15 1212
1214 3 -60.50 37.50 29.50 0.15 1213
1215 3 -68.50 40.50 33.00 0.15 1214
1216 3 -73.00 48.00 35.50 0.15 1215
1217 3 -82.50 55.00 41.00 0.15 1216
1218 3 -95.81 83.21 48.40 0.15 1217
[144.5, -615.0, -93.0, 0.15, 702, 695, 4]
[124.5, -624.5, -95.5, 0.15, 703, 702, 4]
[104.0, -633.5, -100.0, 0.15, 704, 703, 4]
[85.0, -641.0, -100.5, 0.15, 705, 704, 4]
[79.5, -641.5, -100.0, 0.15, 706, 705, 4]
[66.0, -635.5, -100.5, 0.15, 707, 706, 4]
[55.5, -632.0, -105.5, 0.15, 708, 707, 4]
[-25.5, 35.5, -5.5, 0.15, 1056, 1055, 3]
[-33.0, 57.0, -8.0, 0.15, 1057, 1056, 3]
[3.0, -84.0, 0.5, 0.3, 709, 517, 4]
[0.5, -94.0, -1.0, 0.3, 710, 709, 4]
[68.0, -114.5, -0.5, 0.15, 545, 535, 4]
[76.5, -117.0, -1.0, 0.15, 546, 545, 4]
[93.0, -115.0, -2.5, 0.15, 547, 546, 4]
[114.5, -123.0, -7.5, 0.15, 548, 547, 4]
[123.5, -133.0, -12.0, 0.15, 549, 548, 4]
[127.0, -135.0, -17.0, 0.15, 550, 549, 4]
[-8.0, 225.0, -22.0, 0.15, 203, 202, 2]
[-11.5, 226.5, -23.5, 0.15, 204, 203, 2]
[-14.5, 229.0, -23.5, 0.15, 205, 204, 2]
[-20.0, 231.0, -23.5, 0.15, 206, 205, 2]
[-22.0, 231.0, -23.5, 0.15, 207, 206, 2]
[-28.0, 233.5, -24.0, 0.15, 208, 207, 2]
[-30.5, 233.5, -25.0, 0.15, 209, 208, 2]
[-33.0, 233.5, -25.0, 0.15, 210, 209, 2]
[-39.0, 235.0, -25.0, 0.15, 211, 210, 2]
[-45.5, 235.5, -27.5, 0.15, 212, 211, 2]
[-48.5, 235.5, -28.5, 0.15, 213, 212, 2]
[-54.5, 236.5, -28.5, 0.15, 214, 213, 2]
[-62.5, 237.0, -29.0, 0.15, 215, 214, 2]
[-68.5, 238.5, -30.0, 0.15, 216, 215, 2]
[-70.5, 238.0, -29.0, 0.15, 217, 216, 2]
[-74.0, 239.5, -29.0, 0.15, 218, 217, 2]
[-80.5, 239.5, -27.5, 0.15, 219, 218, 2]
[-90.5, 241.5, -26.0, 0.15, 220, 219, 2]
[-94.5, 242.5, -26.0, 0.15, 221, 220, 2]
[-100.0, 242.5, -26.0, 0.15, 222, 221, 2]
[-106.5, 242.0, -26.0, 0.15, 223, 222, 2]
[-114.0, 240.5, -26.5, 0.15, 224, 223, 2]
[-120.0, 239.5, -27.0, 0.15, 225, 224, 2]
[-123.0, 239.0, -26.5, 0.15, 226, 225, 2]
[-127.0, 240.5, -25.5, 0.15, 227, 226, 2]
[-129.5, 241.5, -25.5, 0.15, 228, 227, 2]
[-133.5, 241.5, -25.0, 0.15, 229, 228, 2]
[-137.0, 240.0, -26.5, 0.15, 230, 229, 2]
[-140.0, 240.0, -26.5, 0.15, 231, 230, 2]
[-143.5, 240.0, -26.5, 0.15, 232, 231, 2]
[-150.0, 238.0, -26.0, 0.15, 233, 232, 2]
[-153.0, 237.5, -26.0, 0.15, 234, 233, 2]
[-157.5, 238.0, -26.0, 0.15, 235, 234, 2]
[-165.0, 238.0, -24.5, 0.15, 236, 235, 2]
[-175.0, 237.0, -24.0, 0.15, 237, 236, 2]
[-180.0, 236.0, -26.5, 0.15, 238, 237, 2]
[-184.0, 236.5, -25.0, 0.15, 239, 238, 2]
[-187.0, 235.0, -23.5, 0.15, 240, 239, 2]
[-190.5, 234.0, -23.0, 0.15, 241, 240, 2]
[-198.0, 235.5, -22.5, 0.15, 242, 241, 2]
[-199.5, 237.0, -22.5, 0.15, 243, 242, 2]
[-201.5, 236.5, -21.5, 0.15, 244, 243, 2]
[-206.0, 238.0, -22.0, 0.15, 245, 244, 2]
[-210.5, 240.0, -21.5, 0.15, 246, 245, 2]
[-216.0, 240.0, -22.5, 0.15, 247, 246, 2]
[-227.5, 240.5, -23.0, 0.15, 248, 247, 2]
[-230.0, 240.5, -21.0, 0.15, 249, 248, 2]
[-235.5, 241.0, -20.0, 0.15, 250, 249, 2]
[-239.0, 241.0, -20.0, 0.15, 251, 250, 2]
[-243.0, 240.5, -19.0, 0.15, 252, 251, 2]
[-247.5, 238.0, -18.0, 0.15, 253, 252, 2]
[-249.0, 236.0, -15.0, 0.15, 254, 253, 2]
[-258.5, 234.5, -13.0, 0.15, 255, 254, 2]
[-265.5, 230.0, -13.5, 0.15, 256, 255, 2]
[-273.0, 226.5, -14.5, 0.15, 257, 256, 2]
[-276.5, 223.0, -14.5, 0.15, 258, 257, 2]
[-279.5, 220.0, -16.0, 0.15, 259, 258, 2]
[-281.0, 219.5, -16.0, 0.15, 260, 259, 2]
[-287.5, 217.0, -16.0, 0.15, 261, 260, 2]
[-294.0, 209.5, -17.5, 0.15, 262, 261, 2]
[-295.5, 206.5, -19.0, 0.15, 263, 262, 2]
[-299.5, 201.0, -19.0, 0.15, 264, 263, 2]
[-302.5, 197.0, -19.0, 0.15, 265, 264, 2]
[-307.0, 194.0, -20.5, 0.15, 266, 265, 2]
[-308.0, 190.0, -21.5, 0.15, 267, 266, 2]
[-311.5, 181.0, -19.5, 0.15, 268, 267, 2]
[-317.5, 173.5, -19.5, 0.15, 269, 268, 2]
[-319.0, 173.5, -17.0, 0.15, 270, 269, 2]
1058 3 -31.00 69.00 -8.50 0.15 1057
1059 3 -32.00 87.50 -6.50 0.15 1058
1060 3 -37.50 106.00 -6.00 0.15 1059
1061 3 -47.50 119.50 -4.50 0.15 1060
1062 3 -51.07 136.78 -3.32 0.15 1061
[0.0, -246.0, -12.0, 0.15, 808, 807, 4]
[-3.0, -263.5, -18.5, 0.15, 809, 808, 4]
[-4.5, -283.5, -23.5, 0.15, 810, 809, 4]
[-4.5, -306.0, -26.5, 0.15, 811, 810, 4]
[-3.5, -329.5, -24.5, 0.15, 812, 811, 4]
[0.0, -354.5, -26.5, 0.15, 813, 812, 4]
[3.0, -373.0, -28.0, 0.15, 814, 813, 4]
[11.0, -388.5, -30.5, 0.15, 815, 814, 4]
[14.0, -406.5, -30.0, 0.15, 816, 815, 4]
[-1.5, -103.0, -2.0, 0.3, 720, 710, 4]
[-3.5, -108.0, -2.5, 0.15, 721, 720, 4]
[-3.5, -108.0, -2.5, 0.15, 721, 720, 4]
[-7.5, -109.5, -2.5, 0.15, 722, 721, 4]
[-7.5, -109.5, -2.5, 0.15, 722, 721, 4]
[-16.0, -111.0, 0.5, 0.15, 723, 722, 4]
[-18.0, -111.5, 2.0, 0.15, 724, 723, 4]
[-16.0, -111.0, 0.5, 0.15, 723, 722, 4]
[-18.0, -111.5, 2.0, 0.15, 724, 723, 4]
[4.5, 4.0, -3.5, 0.4, 1237, 1, 3]
[5.5, 5.5, -3.0, 0.3, 1238, 1237, 3]
[-17.0, -296.0, -10.5, 0.15, 889, 888, 4]
[-22.5, -308.5, -13.0, 0.15, 890, 889, 4]
[-32.5, -331.0, -20.5, 0.15, 891, 890, 4]
[-38.0, -339.0, -28.5, 0.15, 892, 891, 4]
[-38.0, -352.0, -35.5, 0.15, 893, 892, 4]
[-42.0, -355.0, -40.0, 0.15, 894, 893, 4]
[-53.0, -369.0, -45.5, 0.15, 895, 894, 4]
[-59.5, -378.5, -51.0, 0.15, 896, 895, 4]
[-66.0, -393.5, -57.5, 0.15, 897, 896, 4]
[-66.0, -409.5, -62.0, 0.15, 898, 897, 4]
[-62.5, -419.5, -67.5, 0.15, 899, 898, 4]
[48.0, -588.0, 60.0, 0.15, 1047, 1029, 4]
[52.0, -598.5, 55.0, 0.15, 1048, 1047, 4]
[53.0, -608.0, 51.0, 0.15, 1049, 1048, 4]
[53.5, -614.0, 48.0, 0.15, 1050, 1049, 4]
[58.5, -622.0, 45.5, 0.15, 1051, 1050, 4]
1316 3 28.50 167.00 -16.00 0.15 1315
1317 3 27.00 176.00 -17.50 0.15 1316
1318 3 29.00 184.00 -18.00 0.15 1317
1319 3 32.98 197.55 -17.83 0.15 1318
[-20.0, -117.5, 5.5, 0.15, 733, 724, 4]
[-17.5, -129.0, 10.0, 0.15, 734, 733, 4]
[-18.5, -143.0, 15.0, 0.15, 735, 734, 4]
[-19.0, -157.5, 19.5, 0.15, 736, 735, 4]
[-19.0, -170.0, 27.0, 0.15, 737, 736, 4]
[-20.0, -190.0, 33.0, 0.15, 738, 737, 4]
[-19.5, -219.5, 37.0, 0.15, 739, 738, 4]
[-20.0, -245.0, 44.0, 0.15, 740, 739, 4]
[-24.5, -267.0, 43.5, 0.15, 741, 740, 4]
[6.5, 12.5, -4.5, 0.3, 1251, 1238, 3]
[8.0, 15.5, -10.0, 0.15, 1252, 1251, 3]
[11.0, 18.0, -13.5, 0.15, 1253, 1252, 3]
[11.5, 20.0, -14.5, 0.15, 1254, 1253, 3]
[8.0, 15.5, -10.0, 0.15, 1252, 1251, 3]
[11.0, 18.0, -13.5, 0.15, 1253, 1252, 3]
[11.5, 20.0, -14.5, 0.15, 1254, 1253, 3]
[-5.5, -179.5, -3.5, 0.2, 789, 776, 4]
[0.0, -184.0, 2.0, 0.15, 790, 789, 4]
[10.0, -186.5, 7.5, 0.15, 791, 790, 4]
[19.0, -177.5, 13.0, 0.15, 792, 791, 4]
[27.5, -172.0, 17.5, 0.15, 793, 792, 4]
[33.5, -161.5, 23.0, 0.15, 794, 793, 4]
[37.0, -141.0, 26.5, 0.15, 795, 794, 4]
[-19.5, -115.5, -3.5, 0.15, 742, 722, 4]
[-30.0, -115.5, -2.5, 0.15, 743, 742, 4]
1255 3 3.50 22.50 -17.00 0.15 1254
1256 3 -16.50 31.50 -20.00 0.15 1255
1257 3 -27.63 42.92 -26.00 0.15 1256
[-43.0, -111.0, -2.0, 0.15, 744, 743, 4]
[-57.0, -100.5, -1.0, 0.15, 745, 744, 4]
[-78.0, -94.0, -2.5, 0.15, 746, 745, 4]
[-92.0, -92.0, -3.5, 0.15, 747, 746, 4]
[-103.0, -82.0, -8.0, 0.15, 748, 747, 4]
[-99.0, -75.5, -10.5, 0.15, 749, 748, 4]
[-57.0, -100.5, -1.0, 0.15, 745, 744, 4]
[-78.0, -94.0, -2.5, 0.15, 746, 745, 4]
[-92.0, -92.0, -3.5, 0.15, 747, 746, 4]
[-103.0, -82.0, -8.0, 0.15, 748, 747, 4]
[-99.0, -75.5, -10.5, 0.15, 749, 748, 4]
1184 3 -35.50 143.00 14.00 0.15 1175
1185 3 -41.50 155.00 14.50 0.15 1184
1186 3 -45.83 185.55 15.83 0.15 1185
[15.0, 22.5, -15.5, 0.15, 1261, 1254, 3]
[18.0, 25.5, -19.0, 0.15, 1262, 1261, 3]
[-58.0, -111.5, 0.5, 0.15, 750, 744, 4]
[-69.5, -113.5, 2.5, 0.15, 751, 750, 4]
[-74.0, -114.0, 2.5, 0.15, 752, 751, 4]
1263 3 14.00 28.00 -21.50 0.15 1262
1264 3 10.50 36.00 -26.50 0.15 1263
1265 3 11.00 39.50 -32.50 0.15 1264
1266 3 14.00 45.39 -45.63 0.15 1265
[-43.5, -116.5, -1.5, 0.15, 753, 743, 4]
[-59.5, -125.5, -0.5, 0.15, 754, 753, 4]
[-72.0, -134.5, 4.5, 0.15, 755, 754, 4]
[-79.5, -144.0, 5.5, 0.15, 756, 755, 4]
[-82.5, -151.0, 8.0, 0.15, 757, 756, 4]
[-80.0, -157.5, 9.0, 0.15, 758, 757, 4]
[-6.0, -123.5, -1.5, 0.15, 759, 721, 4]
[-3.0, -138.0, 0.0, 0.15, 760, 759, 4]
[1.5, -162.0, 2.0, 0.15, 761, 760, 4]
[4.5, -178.5, 3.0, 0.15, 762, 761, 4]
[4.5, -188.0, 4.0, 0.15, 763, 762, 4]
1272 3 28.00 30.50 -19.50 0.15 1262
1273 3 37.00 35.50 -22.00 0.15 1272
1274 3 45.00 44.50 -25.00 0.15 1273
1275 3 52.00 56.00 -27.00 0.15 1274
1276 3 59.50 78.00 -30.00 0.15 1275
1277 3 77.47 124.93 -32.82 0.15 1276
[1.5, -198.0, 5.5, 0.15, 764, 763, 4]
[2.0, -208.0, 8.5, 0.15, 765, 764, 4]
[2.5, -225.0, 13.5, 0.15, 766, 765, 4]
[3.0, -245.5, 16.5, 0.15, 767, 766, 4]
[3.0, -261.5, 18.0, 0.15, 768, 767, 4]
[0.0, -277.5, 20.5, 0.15, 769, 768, 4]
[-6.0, -307.0, 23.5, 0.15, 770, 769, 4]
[-9.0, -324.5, 29.5, 0.15, 771, 770, 4]
[-26.5, -120.0, 2.5, 0.15, 725, 724, 4]
[-29.0, -129.0, 6.5, 0.15, 726, 725, 4]
[-33.5, -138.5, 10.5, 0.15, 727, 726, 4]
[-36.0, -148.5, 13.0, 0.15, 728, 727, 4]
[-40.5, -165.5, 17.0, 0.15, 729, 728, 4]
[-54.5, -175.5, 18.0, 0.15, 730, 729, 4]
[-59.5, -191.5, 14.5, 0.15, 731, 730, 4]
[-58.5, -208.5, 11.0, 0.15, 732, 731, 4]
[6.0, -212.5, 4.5, 0.15, 772, 763, 4]
[4.5, -238.0, 3.5, 0.15, 773, 772, 4]
[4.5, -256.0, 4.0, 0.15, 774, 773, 4]
[12.0, 21.5, -6.0, 0.15, 1285, 1251, 3]
[17.0, 33.0, -6.0, 0.15, 1286, 1285, 3]
[-1.5, -119.0, -3.5, 0.2, 775, 720, 4]
[-3.0, -140.5, -4.5, 0.2, 776, 775, 4]
[-14.5, -158.5, -7.0, 0.15, 777, 776, 4]
[-26.0, -180.0, -11.0, 0.15, 778, 777, 4]
[-42.5, -206.5, -15.0, 0.15, 779, 778, 4]
[-52.5, -225.5, -20.0, 0.15, 780, 779, 4]
[-62.5, -250.5, -27.5, 0.15, 781, 780, 4]
[-65.5, -269.0, -34.0, 0.15, 782, 781, 4]
[-67.5, -276.0, -38.0, 0.15, 783, 782, 4]
[-71.0, -279.0, -44.5, 0.15, 784, 783, 4]
[-76.5, -281.5, -49.0, 0.15, 785, 784, 4]
[-83.5, -291.0, -54.5, 0.15, 786, 785, 4]
[-92.0, -300.0, -60.0, 0.15, 787, 786, 4]
[-96.0, -316.0, -64.0, 0.15, 788, 787, 4]
1239 3 11.00 0.50 -4.50 0.15 1238
1240 3 28.00 -0.50 -8.50 0.15 1239
1241 3 45.00 2.00 -13.00 0.15 1240
1242 3 56.00 4.50 -17.00 0.15 1241
1243 3 63.00 6.50 -22.00 0.15 1242
1244 3 81.09 13.49 -23.52 0.15 1243
[-325.0, 171.0, -18.0, 0.15, 271, 270, 2]
[-328.5, 167.5, -17.0, 0.15, 272, 271, 2]
[-338.5, 153.0, -15.0, 0.15, 273, 272, 2]
[-319.0, 171.5, -19.5, 0.15, 274, 270, 2]
[-308.5, 173.5, -18.5, 0.15, 275, 274, 2]
[-1.5, 224.0, -21.0, 0.15, 276, 202, 2]
[87.5, 225.5, -6.5, 0.15, 277, 182, 2]
[89.5, 233.5, -9.0, 0.15, 278, 277, 2]
[85.5, 229.0, -3.5, 0.15, 279, 278, 2]
[84.0, 227.0, -3.5, 0.15, 280, 279, 2]
[75.0, 227.0, 1.0, 0.15, 281, 280, 2]
[68.5, 226.5, 4.5, 0.15, 282, 281, 2]
[64.5, 226.5, 6.5, 0.15, 283, 282, 2]
[62.5, 225.0, 7.5, 0.15, 284, 283, 2]
[62.0, 225.0, 7.5, 0.15, 285, 284, 2]
[0.0, -184.0, 2.0, 0.15, 790, 789, 4]
[10.0, -186.5, 7.5, 0.15, 791, 790, 4]
[19.0, -177.5, 13.0, 0.15, 792, 791, 4]
[27.5, -172.0, 17.5, 0.15, 793, 792, 4]
[33.5, -161.5, 23.0, 0.15, 794, 793, 4]
[37.0, -141.0, 26.5, 0.15, 795, 794, 4]
[22.0, 47.0, -9.5, 0.15, 1303, 1286, 3]
[24.5, 71.5, -11.0, 0.15, 1304, 1303, 3]
[28.0, 103.5, -11.5, 0.15, 1305, 1304, 3]
[29.0, 118.0, -12.0, 0.15, 1306, 1305, 3]
[-12.0, -302.0, -14.0, 0.15, 900, 889, 4]
[-9.0, -313.5, -18.0, 0.15, 901, 900, 4]
[-4.5, -320.5, -23.0, 0.15, 902, 901, 4]
[0.5, -334.0, -29.5, 0.15, 903, 902, 4]
[2.5, -347.0, -35.0, 0.15, 904, 903, 4]
[2.0, -373.5, -41.5, 0.15, 905, 904, 4]
[7.0, -384.0, -47.5, 0.15, 906, 905, 4]
[9.5, -392.5, -52.5, 0.15, 907, 906, 4]
[11.5, -398.5, -56.5, 0.15, 908, 907, 4]
[12.0, -404.5, -61.5, 0.15, 909, 908, 4]
1307 3 49.00 137.50 -12.50 0.15 1306
1308 3 64.00 157.50 -13.50 0.15 1307
1309 3 75.77 183.18 -13.50 0.15 1308
[-6.5, -193.0, -3.5, 0.2, 796, 789, 4]
[-18.5, -202.5, -4.0, 0.15, 797, 796, 4]
[-34.0, -222.5, -10.0, 0.15, 798, 797, 4]
[-49.5, -245.0, -16.5, 0.15, 799, 798, 4]
[-59.0, -261.5, -17.5, 0.15, 800, 799, 4]
[-64.5, -286.0, -17.5, 0.15, 801, 800, 4]
[-72.0, -309.5, -19.5, 0.15, 802, 801, 4]
[-78.5, -318.0, -23.0, 0.15, 803, 802, 4]
[-93.5, -319.5, -26.0, 0.15, 804, 803, 4]
[-18.5, -202.5, -4.0, 0.15, 797, 796, 4]
[-34.0, -222.5, -10.0, 0.15, 798, 797, 4]
[-49.5, -245.0, -16.5, 0.15, 799, 798, 4]
[-59.0, -261.5, -17.5, 0.15, 800, 799, 4]
[-64.5, -286.0, -17.5, 0.15, 801, 800, 4]
[-72.0, -309.5, -19.5, 0.15, 802, 801, 4]
[-78.5, -318.0, -23.0, 0.15, 803, 802, 4]
[-93.5, -319.5, -26.0, 0.15, 804, 803, 4]
[59.5, 227.0, 8.5, 0.15, 286, 285, 2]
[55.5, 228.0, 8.5, 0.15, 287, 286, 2]
[52.5, 228.0, 11.5, 0.15, 288, 287, 2]
[51.5, 229.5, 10.5, 0.15, 289, 288, 2]
[51.0, 227.5, 10.5, 0.15, 290, 289, 2]
[50.5, 226.5, 10.5, 0.15, 291, 290, 2]
[29.5, 141.0, -11.0, 0.15, 1314, 1306, 3]
[29.5, 147.0, -14.0, 0.15, 1315, 1314, 3]
[56.0, 227.0, 8.5, 0.15, 292, 287, 2]
[55.5, 224.0, 11.0, 0.15, 293, 292, 2]
[-6.5, -201.0, -4.5, 0.2, 805, 796, 4]
[-1.5, -219.5, -6.5, 0.15, 806, 805, 4]
[1.0, -235.5, -8.5, 0.15, 807, 806, 4]
[63.5, 220.5, 7.0, 0.15, 294, 285, 2]
[66.5, 219.5, 7.0, 0.15, 295, 294, 2]
[2.0, -238.5, -8.5, 0.15, 817, 807, 4]
[1.5, -247.0, -9.0, 0.15, 818, 817, 4]
[6.5, -263.0, -12.0, 0.15, 819, 818, 4]
[9.5, -289.0, -14.0, 0.15, 820, 819, 4]
[12.5, -310.0, -16.5, 0.15, 821, 820, 4]
[17.0, -331.5, -19.5, 0.15, 822, 821, 4]
[17.5, -351.5, -24.0, 0.15, 823, 822, 4]
[20.0, -375.0, -30.5, 0.15, 824, 823, 4]
[20.5, -390.5, -34.0, 0.15, 825, 824, 4]
[19.5, -409.5, -36.5, 0.15, 826, 825, 4]
[21.0, -425.5, -41.5, 0.15, 827, 826, 4]
[23.5, -436.0, -43.0, 0.15, 828, 827, 4]
[154.0, 211.5, -12.0, 0.15, 296, 171, 2]
[163.5, 216.0, -18.0, 0.15, 297, 296, 2]
[176.0, 225.0, -25.5, 0.15, 298, 297, 2]
[184.0, 228.0, -32.0, 0.15, 299, 298, 2]
[180.5, 225.0, -32.0, 0.15, 300, 299, 2]
[174.5, 230.0, -32.0, 0.15, 301, 300, 2]
[168.0, 235.5, -32.5, 0.15, 302, 301, 2]
[160.5, 241.0, -36.5, 0.15, 303, 302, 2]
[160.5, 241.5, -36.5, 0.15, 304, 303, 2]
[1.5, -247.0, -9.0, 0.15, 818, 817, 4]
[6.5, -263.0, -12.0, 0.15, 819, 818, 4]
[9.5, -289.0, -14.0, 0.15, 820, 819, 4]
[12.5, -310.0, -16.5, 0.15, 821, 820, 4]
[17.0, -331.5, -19.5, 0.15, 822, 821, 4]
[17.5, -351.5, -24.0, 0.15, 823, 822, 4]
[20.0, -375.0, -30.5, 0.15, 824, 823, 4]
[20.5, -390.5, -34.0, 0.15, 825, 824, 4]
[19.5, -409.5, -36.5, 0.15, 826, 825, 4]
[21.0, -425.5, -41.5, 0.15, 827, 826, 4]
[23.5, -436.0, -43.0, 0.15, 828, 827, 4]
[153.5, 244.5, -37.0, 0.15, 305, 304, 2]
[153.5, 245.0, -37.5, 0.15, 306, 305, 2]
[155.5, 244.5, -37.0, 0.15, 307, 306, 2]
[0.0, 0.0, 0.0, 0.5, 1330, 1, 10]
[-283.0, -598.0, 0.0, 0.15, 1331, 1330, 10]
[60.5, -650.5, 0.0, 0.15, 1332, 1331, 10]
[176.0, -699.5, 0.0, 0.15, 1333, 1332, 10]
[449.0, -865.0, 0.0, 0.15, 1334, 1333, 10]
[-283.0, -598.0, 0.0, 0.15, 1331, 1330, 10]
[60.5, -650.5, 0.0, 0.15, 1332, 1331, 10]
[176.0, -699.5, 0.0, 0.15, 1333, 1332, 10]
[449.0, -865.0, 0.0, 0.15, 1334, 1333, 10]
[156.0, 246.5, -36.5, 0.15, 308, 304, 2]
[201.5, 228.0, -35.5, 0.15, 309, 299, 2]
[217.5, 232.0, -39.5, 0.15, 310, 309, 2]
[230.5, 234.5, -48.5, 0.15, 311, 310, 2]
[239.0, 232.5, -54.5, 0.15, 312, 311, 2]
[246.0, 236.5, -57.5, 0.15, 313, 312, 2]
[244.5, 242.5, -57.5, 0.15, 314, 313, 2]
[247.5, 244.0, -61.5, 0.15, 315, 314, 2]
[250.0, 247.5, -68.5, 0.15, 316, 315, 2]
[256.5, 252.0, -76.0, 0.15, 317, 316, 2]
[256.5, 254.5, -82.0, 0.15, 318, 317, 2]
[-325.0, 317.5, -43.5, 0.15, 1335, 1330, 10]
[-208.0, 300.5, -43.5, 0.15, 1336, 1335, 10]
[65.5, 302.0, -43.5, 0.15, 1337, 1336, 10]
[244.5, 272.5, -43.5, 0.15, 1338, 1337, 10]
[329.0, 247.5, -57.5, 0.15, 1339, 1338, 10]
[5.5, -251.0, -8.0, 0.15, 829, 817, 4]
[12.5, -262.5, -5.5, 0.15, 830, 829, 4]
[23.0, -284.0, -5.5, 0.15, 831, 830, 4]
[31.0, -312.0, -9.5, 0.15, 832, 831, 4]
[41.0, -343.5, -12.0, 0.15, 833, 832, 4]
[52.0, -376.5, -14.0, 0.15, 834, 833, 4]
[55.5, -398.5, -17.5, 0.15, 835, 834, 4]
[-1.5, 3.5, 6.5, 0.15, 319, 1, 2]
[-2.0, 12.0, 9.0, 0.15, 320, 319, 2]
[-7.5, 20.0, 9.0, 0.15, 321, 320, 2]
[-10.0, 27.0, 12.0, 0.15, 322, 321, 2]
[-7.5, 43.5, 11.5, 0.15, 323, 322, 2]
[-7.0, 54.0, 10.0, 0.15, 324, 323, 2]
[-13.0, 52.5, 10.0, 0.15, 325, 324, 2]
[-16.5, 46.0, 8.0, 0.15, 326, 325, 2]
[-16.0, 40.0, 10.5, 0.15, 327, 326, 2]
[-20.5, 39.5, 8.5, 0.15, 328, 327, 2]
[-26.5, 45.5, 11.0, 0.15, 329, 328, 2]
[-30.0, 47.5, 12.0, 0.15, 330, 329, 2]
[-41.5, 49.5, 12.0, 0.15, 331, 330, 2]
[-54.0, 46.0, 11.5, 0.15, 332, 331, 2]
[-70.0, 50.5, 13.5, 0.15, 333, 332, 2]
[-77.5, 52.0, 15.5, 0.15, 334, 333, 2]
[-82.0, 52.5, 17.5, 0.15, 335, 334, 2]
[-91.5, 58.5, 21.0, 0.15, 336, 335, 2]
[-95.0, 59.0, 21.0, 0.15, 337, 336, 2]
[-101.5, 62.5, 23.0, 0.15, 338, 337, 2]
[-107.0, 66.0, 24.5, 0.15, 339, 338, 2]
[-118.0, 71.5, 25.5, 0.15, 340, 339, 2]
[-124.5, 75.5, 28.5, 0.15, 341, 340, 2]
[-126.0, 77.5, 27.5, 0.15, 342, 341, 2]
[-128.0, 82.0, 28.5, 0.15, 343, 342, 2]
[-130.0, 84.0, 28.0, 0.15, 344, 343, 2]
[-130.5, 86.0, 28.0, 0.15, 345, 344, 2]
[-137.0, 92.5, 29.5, 0.15, 346, 345, 2]
[-140.5, 96.0, 30.0, 0.15, 347, 346, 2]
[-142.5, 98.0, 30.0, 0.15, 348, 347, 2]
[-152.5, 108.5, 32.0, 0.15, 349, 348, 2]
[-153.0, 109.0, 32.0, 0.15, 350, 349, 2]
[-7.5, -220.0, -5.0, 0.2, 836, 805, 4]
[-11.5, -229.0, -9.0, 0.15, 837, 836, 4]
[-15.0, -246.5, -14.0, 0.15, 838, 837, 4]
[-19.0, -264.5, -19.0, 0.15, 839, 838, 4]
[-22.5, -285.0, -27.0, 0.15, 840, 839, 4]
[-24.0, -290.0, -30.0, 0.15, 841, 840, 4]
[-18.5, -303.0, -34.5, 0.15, 842, 841, 4]
[-18.5, -324.0, -41.5, 0.15, 843, 842, 4]
[-21.5, -335.0, -47.5, 0.15, 844, 843, 4]
[-24.0, -347.0, -53.0, 0.15, 845, 844, 4]
[-24.5, -358.0, -59.0, 0.15, 846, 845, 4]
[-27.5, -369.5, -65.0, 0.15, 847, 846, 4]
[-29.0, -381.0, -68.5, 0.15, 848, 847, 4]
[-11.5, -229.0, -9.0, 0.15, 837, 836, 4]
[-15.0, -246.5, -14.0, 0.15, 838, 837, 4]
[-19.0, -264.5, -19.0, 0.15, 839, 838, 4]
[-22.5, -285.0, -27.0, 0.15, 840, 839, 4]
[-24.0, -290.0, -30.0, 0.15, 841, 840, 4]
[-18.5, -303.0, -34.5, 0.15, 842, 841, 4]
[-18.5, -324.0, -41.5, 0.15, 843, 842, 4]
[-21.5, -335.0, -47.5, 0.15, 844, 843, 4]
[-24.0, -347.0, -53.0, 0.15, 845, 844, 4]
[-24.5, -358.0, -59.0, 0.15, 846, 845, 4]
[-27.5, -369.5, -65.0, 0.15, 847, 846, 4]
[-29.0, -381.0, -68.5, 0.15, 848, 847, 4]
[-11.0, 20.0, 10.5, 0.15, 1119, 1118, 3]
[-9.0, 22.5, 11.0, 0.15, 1120, 1119, 3]
[-7.5, 30.5, 14.0, 0.15, 1121, 1120, 3]
[-7.5, 34.0, 15.5, 0.15, 1122, 1121, 3]
1085 3 -58.00 90.00 -20.00 0.15 1084
1086 3 -61.00 118.50 -19.50 0.15 1085
1087 3 -64.01 145.25 -19.00 0.15 1086
[-8.5, -235.0, -5.0, 0.2, 849, 836, 4]
[-8.0, -236.0, -5.0, 0.15, 850, 849, 4]
[-8.0, -236.0, -5.0, 0.15, 850, 849, 4]
[1.5, -226.5, -5.0, 0.15, 851, 850, 4]
[6.5, -217.5, -7.5, 0.15, 852, 851, 4]
[12.5, -207.0, -9.0, 0.15, 853, 852, 4]
[15.5, -198.0, -12.5, 0.15, 854, 853, 4]
[21.0, -189.0, -16.0, 0.15, 855, 854, 4]
[32.5, -183.5, -21.5, 0.15, 856, 855, 4]
[1.5, -226.5, -5.0, 0.15, 851, 850, 4]
[6.5, -217.5, -7.5, 0.15, 852, 851, 4]
[12.5, -207.0, -9.0, 0.15, 853, 852, 4]
[15.5, -198.0, -12.5, 0.15, 854, 853, 4]
[21.0, -189.0, -16.0, 0.15, 855, 854, 4]
[32.5, -183.5, -21.5, 0.15, 856, 855, 4]
1324 3 30.00 157.00 -12.50 0.15 1315
1325 3 24.00 173.50 -13.50 0.15 1324
1326 3 18.33 192.10 -14.63 0.15 1325
[-71.5, -510.5, 44.5, 0.15, 966, 965, 4]
[-77.5, -519.0, 40.5, 0.15, 967, 966, 4]
[-83.5, -530.5, 36.0, 0.15, 968, 967, 4]
[-93.0, -537.0, 33.0, 0.15, 969, 968, 4]
[-110.0, -546.0, 31.0, 0.15, 970, 969, 4]
[-129.5, -553.5, 28.0, 0.15, 971, 970, 4]
[-150.5, -562.5, 24.5, 0.15, 972, 971, 4]
[-167.5, -574.5, 21.0, 0.15, 973, 972, 4]
[-179.5, -578.5, 18.0, 0.15, 974, 973, 4]
[-5.0, -239.0, -9.5, 0.15, 857, 850, 4]
[-6.0, -240.0, -19.5, 0.15, 858, 857, 4]
[-4.5, -241.0, -29.0, 0.15, 859, 858, 4]
[-3.0, -244.5, -34.5, 0.15, 860, 859, 4]
[-1.0, -253.0, -39.5, 0.15, 861, 860, 4]
[4.0, -257.0, -47.5, 0.15, 862, 861, 4]
[1.0, -264.5, -55.5, 0.15, 863, 862, 4]
[-1.0, -280.5, -63.0, 0.15, 864, 863, 4]
[-2.5, -292.0, -69.5, 0.15, 865, 864, 4]
[-6.5, -309.5, -77.0, 0.15, 866, 865, 4]
[-10.5, -323.5, -85.5, 0.15, 867, 866, 4]
[-14.0, -331.0, -94.5, 0.15, 868, 867, 4]
[-26.0, -337.5, -7.5, 0.15, 911, 910, 4]
[-33.5, -350.0, -12.0, 0.15, 912, 911, 4]
[-40.5, -362.5, -17.5, 0.15, 913, 912, 4]
[-47.0, -376.0, -21.5, 0.15, 914, 913, 4]
[-57.5, -390.5, -26.0, 0.15, 915, 914, 4]
[-68.0, -402.0, -31.0, 0.15, 916, 915, 4]
[-82.5, -415.5, -32.5, 0.15, 917, 916, 4]
[-93.0, -425.5, -37.0, 0.15, 918, 917, 4]
[-97.5, -432.0, -41.5, 0.15, 919, 918, 4]
[-101.5, -439.0, -45.5, 0.15, 920, 919, 4]
[-105.5, -450.5, -51.5, 0.15, 921, 920, 4]
[-108.5, -460.5, -58.0, 0.15, 922, 921, 4]
[-111.5, -460.0, -63.0, 0.15, 923, 922, 4]
[55.5, -178.0, -2.5, 0.25, 570, 559, 4]
[59.0, -186.0, 0.5, 0.15, 571, 570, 4]
[65.0, -191.5, 4.5, 0.15, 572, 571, 4]
[-155.0, 110.0, 32.0, 0.15, 351, 350, 2]
[-155.5, 111.0, 33.0, 0.15, 352, 351, 2]
[-156.0, 113.0, 33.0, 0.15, 353, 352, 2]
[-156.0, 113.5, 33.0, 0.15, 354, 353, 2]
[-155.5, 111.0, 33.0, 0.15, 352, 351, 2]
[-156.0, 113.0, 33.0, 0.15, 353, 352, 2]
[-156.0, 113.5, 33.0, 0.15, 354, 353, 2]
[-158.0, 117.0, 32.5, 0.15, 355, 354, 2]
[-164.0, 122.0, 33.0, 0.15, 356, 355, 2]
[-165.0, 123.0, 34.0, 0.15, 357, 356, 2]
[-166.0, 125.0, 34.5, 0.15, 358, 357, 2]
[-166.5, 126.5, 35.0, 0.15, 359, 358, 2]
[-169.0, 126.5, 36.5, 0.15, 360, 359, 2]
[-6.5, -277.5, -7.5, 0.15, 870, 869, 4]
[-2.5, -287.0, -10.5, 0.15, 871, 870, 4]
[-6.0, -295.5, -15.5, 0.15, 872, 871, 4]
[-7.0, -312.0, -21.5, 0.15, 873, 872, 4]
[-10.5, -330.0, -28.0, 0.15, 874, 873, 4]
[-13.0, -351.5, -35.0, 0.15, 875, 874, 4]
[-13.0, -361.5, -40.0, 0.15, 876, 875, 4]
[-7.5, -364.0, -43.0, 0.15, 877, 876, 4]
[-7.5, -364.0, -45.0, 0.15, 878, 877, 4]
[-168.5, 128.0, 37.0, 0.15, 361, 360, 2]
[-169.5, 127.0, 36.0, 0.15, 362, 361, 2]
[-171.0, 128.0, 35.5, 0.15, 363, 362, 2]
[-169.5, 127.0, 36.0, 0.15, 362, 361, 2]
[-171.0, 128.0, 35.5, 0.15, 363, 362, 2]
[-167.5, 128.0, 36.5, 0.15, 364, 361, 2]
[-166.5, 129.0, 43.0, 0.15, 365, 364, 2]
[-166.5, 131.0, 43.0, 0.15, 366, 365, 2]
[-170.5, 135.0, 46.5, 0.15, 367, 366, 2]
[-178.0, 140.5, 49.5, 0.15, 368, 367, 2]
[-182.0, 145.0, 50.5, 0.15, 369, 368, 2]
[-184.0, 150.5, 51.5, 0.15, 370, 369, 2]
[-185.0, 153.0, 52.0, 0.15, 371, 370, 2]
[-186.0, 154.5, 51.0, 0.15, 372, 371, 2]
[-190.0, 165.5, 54.0, 0.15, 373, 372, 2]
[-197.0, 172.5, 55.0, 0.15, 374, 373, 2]
[-204.5, 179.0, 56.0, 0.15, 375, 374, 2]
[-205.5, 182.0, 56.5, 0.15, 376, 375, 2]
[-215.5, 185.5, 56.0, 0.15, 377, 376, 2]
[-228.5, 193.0, 58.0, 0.15, 378, 377, 2]
[-229.5, 193.0, 57.5, 0.15, 379, 378, 2]
[-12.5, -106.5, -5.0, 0.15, 711, 710, 4]
[-24.0, -120.5, -8.0, 0.15, 712, 711, 4]
[-38.0, -134.0, -11.0, 0.15, 713, 712, 4]
[-48.0, -148.0, -13.5, 0.15, 714, 713, 4]
[-57.0, -161.5, -13.0, 0.15, 715, 714, 4]
[-72.5, -185.5, -14.5, 0.15, 716, 715, 4]
[-78.5, -212.0, -17.0, 0.15, 717, 716, 4]
[-87.5, -238.0, -20.5, 0.15, 718, 717, 4]
[-94.5, -261.0, -24.0, 0.15, 719, 718, 4]
[1.0, -302.0, -14.5, 0.15, 879, 871, 4]
[5.5, -314.5, -19.0, 0.15, 880, 879, 4]
[12.0, -327.0, -23.0, 0.15, 881, 880, 4]
[18.0, -337.0, -26.5, 0.15, 882, 881, 4]
[25.0, -353.5, -32.0, 0.15, 883, 882, 4]
[33.0, -363.0, -35.5, 0.15, 884, 883, 4]
[35.0, -374.0, -39.0, 0.15, 885, 884, 4]
[26.5, -389.5, -37.0, 0.15, 886, 885, 4]
[24.0, -403.5, -34.0, 0.15, 887, 886, 4]
[-14.5, -286.0, -6.5, 0.2, 888, 869, 4]
[-17.0, -296.0, -10.5, 0.15, 889, 888, 4]
[146.0, -541.0, -36.5, 0.2, 660, 651, 4]
[155.5, -555.0, -43.0, 0.2, 661, 660, 4]
[170.0, -568.0, -47.0, 0.2, 662, 661, 4]
[181.5, -581.0, -52.5, 0.2, 663, 662, 4]
[185.5, -587.0, -57.0, 0.2, 664, 663, 4]
[-22.5, -308.5, -13.0, 0.15, 890, 889, 4]
[-32.5, -331.0, -20.5, 0.15, 891, 890, 4]
[-38.0, -339.0, -28.5, 0.15, 892, 891, 4]
[-38.0, -352.0, -35.5, 0.15, 893, 892, 4]
[-42.0, -355.0, -40.0, 0.15, 894, 893, 4]
[-53.0, -369.0, -45.5, 0.15, 895, 894, 4]
[-59.5, -378.5, -51.0, 0.15, 896, 895, 4]
[-66.0, -393.5, -57.5, 0.15, 897, 896, 4]
[-66.0, -409.5, -62.0, 0.15, 898, 897, 4]
[-62.5, -419.5, -67.5, 0.15, 899, 898, 4]
[-234.5, 195.5, 60.0, 0.15, 380, 379, 2]
[-230.5, 190.5, 57.5, 0.15, 381, 379, 2]
[-169.5, 127.5, 36.5, 0.15, 382, 360, 2]
[-173.0, 129.5, 37.0, 0.15, 383, 382, 2]
[-165.0, 120.5, 33.0, 0.15, 384, 356, 2]
[-164.5, 118.5, 33.0, 0.15, 385, 384, 2]
[-165.0, 118.0, 32.0, 0.15, 386, 385, 2]
[-165.5, 116.5, 32.0, 0.15, 387, 386, 2]
[-22.0, 60.5, 12.0, 0.15, 1172, 1171, 3]
[-24.5, 82.5, 11.5, 0.15, 1173, 1172, 3]
[-29.0, 105.0, 13.0, 0.15, 1174, 1173, 3]
[-30.5, 116.0, 13.5, 0.15, 1175, 1174, 3]
[-153.5, 113.0, 33.0, 0.15, 388, 354, 2]
[-156.5, 109.5, 32.0, 0.15, 389, 351, 2]
[-157.0, 110.0, 32.0, 0.15, 390, 389, 2]
[-159.5, 110.5, 32.0, 0.15, 391, 390, 2]
[-161.5, 110.5, 31.5, 0.15, 392, 391, 2]
[-164.5, 112.5, 32.0, 0.15, 393, 392, 2]
[-152.5, 110.5, 32.5, 0.15, 394, 350, 2]
[-153.5, 111.5, 32.5, 0.15, 395, 394, 2]
[-154.0, 111.5, 32.5, 0.15, 396, 395, 2]
[6.5, 5.0, 2.0, 0.6, 397, 1, 3]
[17.5, 19.0, 2.5, 0.3, 398, 397, 3]
[-21.0, -328.0, -5.5, 0.2, 910, 888, 4]
[-26.0, -337.5, -7.5, 0.15, 911, 910, 4]
[-33.5, -350.0, -12.0, 0.15, 912, 911, 4]
[-40.5, -362.5, -17.5, 0.15, 913, 912, 4]
[-47.0, -376.0, -21.5, 0.15, 914, 913, 4]
[-57.5, -390.5, -26.0, 0.15, 915, 914, 4]
[-68.0, -402.0, -31.0, 0.15, 916, 915, 4]
[-82.5, -415.5, -32.5, 0.15, 917, 916, 4]
[-93.0, -425.5, -37.0, 0.15, 918, 917, 4]
[-97.5, -432.0, -41.5, 0.15, 919, 918, 4]
[-101.5, -439.0, -45.5, 0.15, 920, 919, 4]
[-105.5, -450.5, -51.5, 0.15, 921, 920, 4]
[-108.5, -460.5, -58.0, 0.15, 922, 921, 4]
[-111.5, -460.0, -63.0, 0.15, 923, 922, 4]
[17.5, 21.5, 3.0, 0.15, 399, 398, 3]
[17.0, 24.5, 5.5, 0.15, 400, 399, 3]
[17.0, 24.5, 5.5, 0.15, 400, 399, 3]
[16.5, 39.0, 8.5, 0.15, 401, 400, 3]
[17.0, 67.0, 13.5, 0.15, 402, 401, 3]
[14.0, 93.5, 13.5, 0.15, 403, 402, 3]
[10.0, 110.5, 12.0, 0.15, 404, 403, 3]
[16.5, 39.0, 8.5, 0.15, 401, 400, 3]
[17.0, 67.0, 13.5, 0.15, 402, 401, 3]
[14.0, 93.5, 13.5, 0.15, 403, 402, 3]
[10.0, 110.5, 12.0, 0.15, 404, 403, 3]
[-28.5, 29.0, -7.0, 0.15, 1080, 1055, 3]
[-37.5, 40.0, -12.0, 0.15, 1081, 1080, 3]
[-46.0, 55.0, -15.5, 0.15, 1082, 1081, 3]
[-53.0, 67.5, -18.0, 0.15, 1083, 1082, 3]
[-56.0, 74.5, -20.0, 0.15, 1084, 1083, 3]
405 3 5.00 130.50 14.50 0.15 404
406 3 1.50 145.00 16.50 0.15 405
407 3 0.50 158.00 18.00 0.15 406
408 3 -3.50 174.00 21.00 0.15 407
409 3 -11.07 188.18 21.77 0.15 408
[41.5, -588.0, 75.0, 0.15, 1007, 1006, 4]
[29.0, -592.5, 74.0, 0.15, 1008, 1007, 4]
[20.0, -597.0, 69.0, 0.15, 1009, 1008, 4]
[14.5, -602.0, 62.5, 0.15, 1010, 1009, 4]
[7.5, -611.5, 58.5, 0.15, 1011, 1010, 4]
[5.0, -622.0, 59.0, 0.15, 1012, 1011, 4]
[2.5, -632.5, 59.5, 0.15, 1013, 1012, 4]
[-19.5, -356.5, -5.0, 0.2, 924, 910, 4]
[-22.5, -360.5, -0.5, 0.15, 925, 924, 4]
[-28.0, -357.5, -1.5, 0.15, 926, 925, 4]
[-36.0, -354.5, -3.0, 0.15, 927, 926, 4]
[-47.0, -359.5, -1.0, 0.15, 928, 927, 4]
[-61.5, -367.0, 2.5, 0.15, 929, 928, 4]
[-76.0, -379.0, 5.5, 0.15, 930, 929, 4]
[-86.0, -385.5, 4.0, 0.15, 931, 930, 4]
[-95.5, -401.0, 4.0, 0.15, 932, 931, 4]
[-104.0, -406.0, 5.0, 0.15, 933, 932, 4]
[-117.5, -412.0, 7.0, 0.15, 934, 933, 4]
[-130.5, -422.5, 9.5, 0.15, 935, 934, 4]
[-22.5, -360.5, -0.5, 0.15, 925, 924, 4]
[-28.0, -357.5, -1.5, 0.15, 926, 925, 4]
[-36.0, -354.5, -3.0, 0.15, 927, 926, 4]
[-47.0, -359.5, -1.0, 0.15, 928, 927, 4]
[-61.5, -367.0, 2.5, 0.15, 929, 928, 4]
[-76.0, -379.0, 5.5, 0.15, 930, 929, 4]
[-86.0, -385.5, 4.0, 0.15, 931, 930, 4]
[-95.5, -401.0, 4.0, 0.15, 932, 931, 4]
[-104.0, -406.0, 5.0, 0.15, 933, 932, 4]
[-117.5, -412.0, 7.0, 0.15, 934, 933, 4]
[-130.5, -422.5, 9.5, 0.15, 935, 934, 4]
416 3 10.00 124.50 12.50 0.15 404
417 3 7.50 137.50 13.50 0.15 416
418 3 16.59 171.83 15.64 0.15 417
423 3 25.00 26.00 7.50 0.15 400
424 3 29.50 26.00 13.00 0.15 423
425 3 34.00 30.50 18.50 0.15 424
426 3 40.00 40.50 22.50 0.15 425
427 3 50.00 54.00 27.50 0.15 426
428 3 58.50 69.00 31.00 0.15 427
429 3 69.01 92.26 35.22 0.15 428
[-20.5, -361.5, -6.5, 0.2, 936, 924, 4]
[-26.5, -368.5, -7.0, 0.15, 937, 936, 4]
[-33.0, -378.5, -9.5, 0.15, 938, 937, 4]
[-42.0, -382.5, -11.0, 0.15, 939, 938, 4]
[-53.0, -387.5, -16.0, 0.15, 940, 939, 4]
[-60.5, -400.5, -19.5, 0.15, 941, 940, 4]
[-70.0, -418.5, -21.5, 0.15, 942, 941, 4]
[-81.0, -431.0, -21.5, 0.15, 943, 942, 4]
[-92.5, -432.0, -25.5, 0.15, 944, 943, 4]
[-107.0, -438.0, -30.5, 0.15, 945, 944, 4]
[-119.5, -442.0, -35.5, 0.15, 946, 945, 4]
[-26.5, -368.5, -7.0, 0.15, 937, 936, 4]
[-33.0, -378.5, -9.5, 0.15, 938, 937, 4]
[-42.0, -382.5, -11.0, 0.15, 939, 938, 4]
[-53.0, -387.5, -16.0, 0.15, 940, 939, 4]
[-60.5, -400.5, -19.5, 0.15, 941, 940, 4]
[-70.0, -418.5, -21.5, 0.15, 942, 941, 4]
[-81.0, -431.0, -21.5, 0.15, 943, 942, 4]
[-92.5, -432.0, -25.5, 0.15, 944, 943, 4]
[-107.0, -438.0, -30.5, 0.15, 945, 944, 4]
[-119.5, -442.0, -35.5, 0.15, 946, 945, 4]
[-21.5, -376.0, -2.5, 0.2, 947, 936, 4]
[-24.0, -395.0, -1.5, 0.2, 948, 947, 4]
[-25.0, -408.0, -3.0, 0.2, 949, 948, 4]
[33.0, 37.0, 1.5, 0.15, 436, 399, 3]
[35.5, 50.5, 0.0, 0.15, 437, 436, 3]
[33.0, 73.0, -6.5, 0.15, 438, 437, 3]
[32.0, 96.5, -12.5, 0.15, 439, 438, 3]
[31.0, 121.0, -18.0, 0.15, 440, 439, 3]
[35.5, 136.0, -19.5, 0.15, 441, 440, 3]
[42.0, 154.0, -22.0, 0.15, 442, 441, 3]
[47.0, 170.0, -27.5, 0.15, 443, 442, 3]
[44.5, 175.5, -30.5, 0.15, 444, 443, 3]
[43.0, 174.0, -37.5, 0.15, 445, 444, 3]
[44.5, 178.5, -43.5, 0.15, 446, 445, 3]
[52.5, 182.5, -46.5, 0.15, 447, 446, 3]
[61.0, 183.0, -49.5, 0.15, 448, 447, 3]
437 3 35.50 50.50 0.00 0.15 436
438 3 33.00 73.00 -6.50 0.15 437
439 3 32.00 96.50 -12.50 0.15 438
440 3 33.84 130.48 -18.95 0.15 439
[-24.5, -418.5, -4.5, 0.15, 950, 949, 4]
[-22.0, -432.5, -8.5, 0.15, 951, 950, 4]
[-17.0, -446.5, -12.0, 0.15, 952, 951, 4]
[-12.5, -458.5, -14.0, 0.15, 953, 952, 4]
[-9.0, -477.5, -14.5, 0.15, 954, 953, 4]
[-11.5, -497.5, -15.5, 0.15, 955, 954, 4]
[-11.5, -515.0, -15.0, 0.15, 956, 955, 4]
[-15.0, -529.5, -14.0, 0.15, 957, 956, 4]
[-12.5, -269.0, -6.0, 0.2, 869, 849, 4]
[-6.5, -277.5, -7.5, 0.15, 870, 869, 4]
[-2.5, -287.0, -10.5, 0.15, 871, 870, 4]
[-27.5, -423.5, 1.0, 0.2, 958, 949, 4]
[-32.5, -443.0, 6.5, 0.2, 959, 958, 4]
[-33.0, -457.0, 13.5, 0.2, 960, 959, 4]
[-34.0, -465.0, 20.5, 0.2, 961, 960, 4]
[-40.5, -478.0, 29.0, 0.2, 962, 961, 4]
[-46.5, -485.5, 34.0, 0.2, 963, 962, 4]
[-53.5, -496.0, 40.0, 0.2, 964, 963, 4]
[-58.0, -499.0, 42.5, 0.2, 965, 964, 4]
[57.0, 62.0, 3.0, 0.15, 449, 436, 3]
[67.0, 76.5, 1.5, 0.15, 450, 449, 3]
[82.5, 99.0, 0.0, 0.15, 451, 450, 3]
[96.0, 110.5, 3.0, 0.15, 452, 451, 3]
[101.5, 113.5, 4.5, 0.15, 453, 452, 3]
[67.0, 76.5, 1.5, 0.15, 450, 449, 3]
[82.5, 99.0, 0.0, 0.15, 451, 450, 3]
[96.0, 110.5, 3.0, 0.15, 452, 451, 3]
[101.5, 113.5, 4.5, 0.15, 453, 452, 3]
454 3 104.50 123.00 5.50 0.15 453
455 3 118.50 141.50 6.00 0.15 454
456 3 125.50 144.50 10.00 0.15 455
457 3 129.50 143.00 13.00 0.15 456
458 3 137.61 154.26 17.33 0.15 457
1100 3 -63.50 27.00 -14.00 0.15 1099
1101 3 -69.00 28.50 -17.50 0.15 1100
1102 3 -71.00 31.50 -22.50 0.15 1101
1103 3 -75.50 35.00 -26.00 0.15 1102
1104 3 -80.50 40.50 -29.50 0.15 1103
1105 3 -87.47 58.97 -35.23 0.15 1104
[56.0, -589.5, 83.0, 0.15, 1015, 1014, 4]
[55.0, -588.0, 90.5, 0.15, 1016, 1015, 4]
[58.5, -586.0, 100.0, 0.15, 1017, 1016, 4]
[63.5, -589.5, 109.0, 0.15, 1018, 1017, 4]
[68.5, -589.5, 117.0, 0.15, 1019, 1018, 4]
[76.5, -593.5, 124.0, 0.15, 1020, 1019, 4]
[84.5, -598.5, 129.5, 0.15, 1021, 1020, 4]
[94.5, -600.5, 137.5, 0.15, 1022, 1021, 4]
462 3 115.00 118.00 2.50 0.15 453
463 3 142.21 119.46 -1.04 0.15 462
[-56.0, -504.5, 50.0, 0.2, 975, 965, 4]
[-51.5, -509.5, 57.0, 0.2, 976, 975, 4]
[-48.5, -511.0, 60.0, 0.2, 977, 976, 4]
[-49.0, -514.0, 60.0, 0.15, 978, 977, 4]
[-51.0, -517.5, 64.5, 0.15, 979, 978, 4]
[-53.0, -523.5, 68.0, 0.15, 980, 979, 4]
[-45.0, -544.0, 68.0, 0.15, 981, 980, 4]
[-38.5, -555.5, 64.0, 0.15, 982, 981, 4]
[-32.0, -570.5, 65.5, 0.15, 983, 982, 4]
[-15.0, -587.5, 67.5, 0.15, 984, 983, 4]
[-5.0, -606.0, 69.5, 0.15, 985, 984, 4]
[0.0, -615.5, 74.0, 0.15, 986, 985, 4]
[3.0, -624.0, 81.5, 0.15, 987, 986, 4]
[9.5, -632.5, 84.0, 0.15, 988, 987, 4]
[33.0, -637.0, 83.0, 0.15, 989, 988, 4]
468 3 67.00 71.50 7.00 0.15 449
469 3 73.00 75.00 12.00 0.15 468
470 3 77.00 81.00 15.00 0.15 469
471 3 82.00 89.50 18.50 0.15 470
472 3 87.50 94.00 19.50 0.15 471
473 3 90.00 101.00 21.00 0.15 472
474 3 106.84 113.04 27.78 0.15 473
[64.5, -200.0, -0.5, 0.15, 590, 589, 4]
[67.5, -204.5, 0.0, 0.15, 591, 590, 4]
[68.0, -215.0, 4.0, 0.15, 592, 591, 4]
[69.5, -241.5, 8.5, 0.15, 593, 592, 4]
[72.5, -270.0, 10.0, 0.15, 594, 593, 4]
[76.0, -289.0, 14.0, 0.15, 595, 594, 4]
[87.0, -314.0, 13.0, 0.15, 596, 595, 4]
[-28.5, -513.0, 65.0, 0.2, 990, 977, 4]
[-13.5, -521.0, 69.5, 0.2, 991, 990, 4]
[12.0, -541.0, 68.0, 0.2, 992, 991, 4]
[27.0, 15.5, 2.5, 0.15, 479, 398, 3]
[41.0, 14.0, 5.5, 0.15, 480, 479, 3]
[45.5, 15.0, 6.0, 0.15, 481, 480, 3]
[10.5, -546.5, 73.0, 0.15, 993, 992, 4]
[13.0, -556.0, 78.5, 0.15, 994, 993, 4]
[15.5, -563.5, 87.0, 0.15, 995, 994, 4]
[17.0, -569.0, 93.5, 0.15, 996, 995, 4]
[22.5, -574.0, 102.5, 0.15, 997, 996, 4]
[31.5, -580.0, 110.0, 0.15, 998, 997, 4]
[35.0, -586.5, 122.0, 0.15, 999, 998, 4]
[35.5, -596.0, 127.0, 0.15, 1000, 999, 4]
[34.5, -609.0, 131.0, 0.15, 1001, 1000, 4]
[70.0, 23.5, 6.5, 0.15, 482, 481, 3]
[91.0, 34.5, 5.5, 0.15, 483, 482, 3]
[106.0, 46.5, 7.0, 0.15, 484, 483, 3]
[119.0, 57.5, 7.5, 0.15, 485, 484, 3]
486 3 130.00 76.00 9.00 0.15 485
487 3 142.50 87.00 10.50 0.15 486
488 3 153.79 117.25 11.55 0.15 487
[24.5, -552.5, 65.5, 0.2, 1002, 992, 4]
[27.5, -561.5, 65.0, 0.2, 1003, 1002, 4]
[33.5, -569.5, 67.0, 0.15, 1004, 1003, 4]
492 3 138.36 84.35 11.36 0.15 485
[40.5, -577.0, 75.0, 0.15, 1005, 1004, 4]
[45.5, -583.5, 78.5, 0.15, 1006, 1005, 4]
495 3 59.50 14.00 11.00 0.15 481
496 3 69.00 15.00 13.50 0.15 495
497 3 91.53 5.17 21.33 0.15 496
[52.5, -588.0, 78.5, 0.15, 1014, 1006, 4]
[56.0, -589.5, 83.0, 0.15, 1015, 1014, 4]
[55.0, -588.0, 90.5, 0.15, 1016, 1015, 4]
[58.5, -586.0, 100.0, 0.15, 1017, 1016, 4]
[63.5, -589.5, 109.0, 0.15, 1018, 1017, 4]
[68.5, -589.5, 117.0, 0.15, 1019, 1018, 4]
[76.5, -593.5, 124.0, 0.15, 1020, 1019, 4]
[84.5, -598.5, 129.5, 0.15, 1021, 1020, 4]
[94.5, -600.5, 137.5, 0.15, 1022, 1021, 4]
[-0.5, -10.0, 2.0, 1.45, 503, 1, 4]
[0.5, -32.0, 2.0, 0.85, 504, 503, 4]
[3.0, -55.5, 1.0, 0.5, 505, 504, 4]
[-3.0, -58.0, -7.5, 0.15, 506, 505, 4]
[-9.0, -53.5, -17.0, 0.15, 507, 506, 4]
[-14.5, -54.5, -24.5, 0.15, 508, 507, 4]
[-11.5, -51.5, -31.5, 0.15, 509, 508, 4]
[-9.0, -42.0, -38.0, 0.15, 510, 509, 4]
[-13.0, -36.5, -42.0, 0.15, 511, 510, 4]
[-18.5, -36.0, -45.5, 0.15, 512, 511, 4]
[-28.0, -34.5, -51.0, 0.15, 513, 512, 4]
[-40.0, -28.5, -53.5, 0.15, 514, 513, 4]
[-55.0, -27.5, -58.0, 0.15, 515, 514, 4]
[-56.0, -29.5, -65.0, 0.15, 516, 515, 4]
[63.0, -595.0, 78.0, 0.15, 1023, 1014, 4]
[80.0, -595.5, 74.0, 0.15, 1024, 1023, 4]
[113.0, -591.5, 74.0, 0.15, 1025, 1024, 4]
[135.0, -589.5, 76.5, 0.15, 1026, 1025, 4]
[142.5, -592.5, 77.5, 0.15, 1027, 1026, 4]
