-36.91 34.22 0.08 -46.82 28.64 4.67 2.01
-46.82 28.64 4.67 -51.56 26.64 4.44 2.01
-51.56 26.64 4.44 -53.75 26.46 4.13 2.01
-53.75 26.46 4.13 -59.41 26.27 3.83 2.01
-59.41 26.27 3.83 -65.23 25.73 3.61 2.01
-65.23 25.73 3.61 -71.45 25.0 3.45 1.64
-71.45 25.0 3.45 -76.01 25.18 3.23 1.28
-76.01 25.18 3.23 -82.21 25.18 3.0 1.09
-82.21 25.18 3.0 -88.96 24.64 2.77 1.09
-88.96 24.64 2.77 -95.71 24.27 2.39 1.09
-95.71 24.27 2.39 -98.27 24.09 3.0 1.09
-98.27 24.09 3.0 -102.65 23.36 3.61 1.09
-102.65 23.36 3.61 -105.57 22.45 4.21 1.09
-105.57 22.45 4.21 -110.68 20.81 4.74 1.09
-110.68 20.81 4.74 -121.99 15.53 5.88 1.09
-121.99 15.53 5.88 -125.82 13.34 7.09 0.73
-125.82 13.34 7.09 -137.68 6.96 7.09 0.73
-137.68 6.96 7.09 -143.69 4.59 7.24 0.73
-143.69 4.59 7.24 -147.35 2.59 7.77 0.73
-147.35 2.59 7.77 -151.18 1.12 7.39 0.73
-151.18 1.12 7.39 -154.46 -0.51 6.94 0.73
-154.46 -0.51 6.94 -157.02 -2.15 5.88 0.73
-157.02 -2.15 5.88 -160.68 -4.21 4.88 0.73
-160.68 -4.21 4.88 -165.78 -4.94 4.05 0.73
-165.78 -4.94 4.05 -168.7 -5.85 3.3 0.73
-168.7 -5.85 3.3 -171.8 -6.94 2.7 0.73
-171.8 -6.94 2.7 -173.45 -7.85 1.86 0.73
-173.45 -7.85 1.86 -176.37 -8.94 1.03 0.73
-176.37 -8.94 1.03 -179.47 -10.58 0.27 0.73
-179.47 -10.58 0.27 -182.57 -12.22 -0.64 0.73
-182.57 -12.22 -0.64 -184.94 -13.68 -1.55 0.73
-184.94 -13.68 -1.55 -189.87 -15.87 -2.29 0.73
-189.87 -15.87 -2.29 -194.06 -17.51 -2.83 0.73
-194.06 -17.51 -2.83 -197.35 -18.78 -3.97 0.73
-197.35 -18.78 -3.97 -200.81 -20.23 -5.48 0.73
-200.81 -20.23 -5.48 -205.01 -21.52 -6.17 0.73
-205.01 -21.52 -6.17 -208.48 -22.43 -7.68 0.73
-208.48 -22.43 -7.68 -214.32 -22.24 -8.89 0.73
-214.32 -22.24 -8.89 -224.72 -26.43 -10.71 0.73
-224.72 -26.43 -10.71 -229.64 -28.62 -11.39 0.73
-229.64 -28.62 -11.39 -232.93 -29.71 -12.45 0.73
-232.93 -29.71 -12.45 -241.5 -33.18 -13.29 0.73
-241.5 -33.18 -13.29 -247.89 -34.82 -14.04 0.73
-247.89 -34.82 -14.04 -253.91 -36.46 -14.57 0.73
-253.91 -36.46 -14.57 -257.19 -37.54 -15.1 0.73
-257.19 -37.54 -15.1 -258.83 -38.28 -15.71 0.73
-258.83 -38.28 -15.71 -260.66 -39.19 -17.23 0.73
-260.66 -39.19 -17.23 -262.67 -40.28 -18.36 0.73
-262.67 -40.28 -18.36 -265.39 -43.01 -19.12 0.73
-265.39 -43.01 -19.12 -267.41 -47.57 -21.09 0.73
-125.82 13.34 7.09 -127.29 13.83 8.91 0.73
-127.29 13.83 8.91 -128.02 13.83 9.74 0.73
-128.02 13.83 9.74 -128.75 13.65 10.11 0.73
-128.75 13.65 10.11 -129.47 13.65 10.73 0.73
-129.47 13.65 10.73 -131.47 13.47 10.95 0.73
-131.47 13.47 10.95 -132.76 13.28 11.18 0.73
-132.76 13.28 11.18 -133.66 12.92 11.71 0.73
-133.66 12.92 11.71 -134.58 12.92 12.7 0.73
-134.58 12.92 12.7 -136.04 12.74 13.38 0.73
-136.04 12.74 13.38 -137.69 12.74 13.98 0.73
-137.69 12.74 13.98 -138.22 12.74 14.44 0.73
-138.22 12.74 14.44 -139.33 12.74 15.35 0.73
-139.33 12.74 15.35 -140.79 12.74 16.41 0.73
-140.79 12.74 16.41 -144.8 14.38 17.92 0.73
-144.8 14.38 17.92 -145.71 14.92 18.91 0.55
-145.71 14.92 18.91 -147.16 15.84 19.73 0.55
-147.16 15.84 19.73 -148.63 16.75 21.03 0.55
-148.63 16.75 21.03 -150.28 17.84 21.41 0.55
-150.28 17.84 21.41 -152.65 18.57 22.16 0.55
-152.65 18.57 22.16 -154.29 18.57 23.15 0.55
-154.29 18.57 23.15 -157.38 17.48 24.13 0.55
-157.38 17.48 24.13 -159.94 16.38 24.44 0.55
-159.94 16.38 24.44 -161.59 15.47 24.74 0.55
-161.59 15.47 24.74 -163.22 14.74 25.12 0.55
-163.22 14.74 25.12 -165.05 14.2 25.57 0.55
-165.05 14.2 25.57 -167.06 13.65 26.48 0.55
-59.41 26.27 3.83 -59.78 24.76 4.88 2.01
-59.78 24.76 4.88 -60.14 24.03 5.65 0.91
-60.14 24.03 5.65 -61.24 23.12 6.41 0.91
-61.24 23.12 6.41 -61.6 22.58 6.56 0.73
-61.6 22.58 6.56 -62.33 22.03 7.92 0.73
-62.33 22.03 7.92 -64.34 21.48 9.28 0.73
-64.34 21.48 9.28 -65.06 21.12 10.19 0.73
-65.06 21.12 10.19 -66.34 20.94 10.35 0.73
-66.34 20.94 10.35 -67.26 20.76 11.1 0.73
-67.26 20.76 11.1 -68.17 20.57 11.64 0.73
-68.17 20.57 11.64 -69.63 20.03 12.24 0.73
-69.63 20.03 12.24 -70.54 19.66 13.23 0.73
-70.54 19.66 13.23 -71.27 19.48 14.13 0.73
-71.27 19.48 14.13 -72.19 18.93 14.97 0.73
-72.19 18.93 14.97 -72.73 18.75 16.1 0.73
-72.73 18.75 16.1 -73.09 18.2 16.18 0.73
-73.09 18.2 16.18 -74.01 17.48 17.85 0.73
-74.01 17.48 17.85 -73.83 14.92 18.23 0.73
-73.83 14.92 18.23 -73.65 14.01 18.38 0.55
-73.65 14.01 18.38 -73.45 13.47 18.91 0.55
-73.45 13.47 18.91 -73.09 11.65 19.13 0.55
-73.09 11.65 19.13 -73.28 10.37 19.29 0.18
-73.28 10.37 19.29 -73.83 9.27 19.59 0.18
-73.83 9.27 19.59 -74.92 8.18 19.89 0.18
-74.92 8.18 19.89 -76.75 7.64 20.27 0.18
-74.01 17.48 17.85 -75.09 18.2 17.77 0.73
-75.09 18.2 17.77 -75.65 18.93 17.62 0.55
-75.65 18.93 17.62 -76.2 19.66 18.3 0.55
-76.2 19.66 18.3 -77.11 20.03 19.21 0.55
-77.11 20.03 19.21 -78.2 20.03 19.59 0.55
-78.2 20.03 19.59 -80.03 20.03 20.04 0.55
-80.03 20.03 20.04 -81.31 19.48 20.95 0.55
-81.31 19.48 20.95 -82.4 19.3 21.71 0.55
-82.4 19.3 21.71 -84.23 18.75 21.71 0.55
-36.91 34.22 0.08 -42.99 38.06 -0.26 3.28
-42.99 38.06 -0.26 -44.82 39.7 -0.94 3.28
-44.82 39.7 -0.94 -47.01 40.61 -1.32 3.28
-47.01 40.61 -1.32 -47.74 41.34 -1.39 3.28
-47.74 41.34 -1.39 -49.74 41.34 -0.64 3.28
-49.74 41.34 -0.64 -51.02 41.16 -1.47 2.37
-51.02 41.16 -1.47 -52.66 41.53 -2.08 2.37
-52.66 41.53 -2.08 -54.67 41.71 -3.74 2.01
-54.67 41.71 -3.74 -55.58 42.07 -4.8 2.01
-55.58 42.07 -4.8 -56.86 42.98 -5.41 2.01
-56.86 42.98 -5.41 -58.14 43.89 -6.54 1.82
-58.14 43.89 -6.54 -59.41 44.62 -7.53 1.28
-59.41 44.62 -7.53 -59.96 44.81 -8.06 1.28
-59.96 44.81 -8.06 -60.33 44.81 -9.19 1.28
-60.33 44.81 -9.19 -62.15 44.81 -9.19 1.28
-62.15 44.81 -9.19 -62.7 44.81 -8.36 1.09
-62.7 44.81 -8.36 -63.61 44.81 -7.45 1.09
-63.61 44.81 -7.45 -65.8 44.81 -6.54 1.09
-65.8 44.81 -6.54 -69.81 45.72 -5.71 1.09
-69.81 45.72 -5.71 -74.92 46.45 -4.88 1.09
-74.92 46.45 -4.88 -81.67 48.09 -4.5 0.91
-81.67 48.09 -4.5 -84.59 49.0 -3.89 0.91
-84.59 49.0 -3.89 -86.96 49.54 -3.82 0.91
-86.96 49.54 -3.82 -89.52 50.27 -5.11 0.91
-89.52 50.27 -5.11 -91.53 50.45 -5.94 0.91
-91.53 50.45 -5.94 -94.26 50.64 -6.62 0.91
-94.26 50.64 -6.62 -97.73 51.18 -7.15 0.91
-97.73 51.18 -7.15 -107.76 53.19 -7.76 0.91
-107.76 53.19 -7.76 -114.7 54.46 -7.98 0.73
-114.7 54.46 -7.98 -120.54 55.37 -8.28 0.73
-120.54 55.37 -8.28 -124.91 59.02 -8.28 0.91
-124.91 59.02 -8.28 -129.29 62.11 -8.28 0.73
-120.54 55.37 -8.28 -125.46 55.74 -8.28 0.91
-125.46 55.74 -8.28 -130.75 57.56 -8.28 0.73
-130.75 57.56 -8.28 -132.58 58.83 -8.28 0.73
-132.58 58.83 -8.28 -135.68 61.2 -8.28 0.73
-135.68 61.2 -8.28 -138.05 63.57 -8.21 0.73
-138.05 63.57 -8.21 -140.61 65.58 -8.21 0.73
-140.61 65.58 -8.21 -144.97 68.13 -8.21 0.73
-144.97 68.13 -8.21 -146.44 70.5 -8.59 0.55
-146.44 70.5 -8.59 -148.27 75.41 -8.67 0.55
-148.27 75.41 -8.67 -149.36 79.06 -8.06 0.55
-149.36 79.06 -8.06 -156.84 87.62 -7.38 0.55
-156.84 87.62 -7.38 -158.66 89.81 -7.08 0.55
-158.66 89.81 -7.08 -159.56 95.24 -6.32 0.55
-159.56 95.24 -6.32 -160.1 96.7 -5.79 0.55
-160.1 96.7 -5.79 -162.47 100.34 -4.95 0.55
-47.74 41.34 -1.39 -48.81 43.13 -1.02 3.28
-48.81 43.13 -1.02 -49.72 45.32 -0.94 1.64
-49.72 45.32 -0.94 -50.27 45.68 -0.48 1.09
-50.27 45.68 -0.48 -50.45 46.23 -1.09 1.09
-50.45 46.23 -1.09 -50.63 46.77 -1.85 1.09
-50.63 46.77 -1.85 -51.18 47.69 -3.14 1.09
-51.18 47.69 -3.14 -51.73 48.41 -4.2 1.09
-51.73 48.41 -4.2 -52.09 49.14 -5.41 1.09
-52.09 49.14 -5.41 -52.64 49.87 -7.3 0.91
-52.64 49.87 -7.3 -53.19 50.78 -8.36 0.91
-53.19 50.78 -8.36 -53.73 51.69 -9.03 0.91
-53.73 51.69 -9.03 -54.83 53.15 -10.02 0.91
-54.83 53.15 -10.02 -55.92 54.24 -11.32 0.91
-55.92 54.24 -11.32 -58.48 54.97 -12.23 0.91
-58.48 54.97 -12.23 -59.21 55.34 -13.59 0.73
-59.21 55.34 -13.59 -59.94 55.7 -14.57 0.73
-59.94 55.7 -14.57 -61.76 56.25 -15.63 0.73
-61.76 56.25 -15.63 -61.76 56.43 -16.39 0.73
-61.76 56.43 -16.39 -63.04 56.43 -17.76 0.73
-63.04 56.43 -17.76 -64.31 57.16 -18.97 0.73
-64.31 57.16 -18.97 -65.23 57.71 -20.1 0.73
-65.23 57.71 -20.1 -65.78 58.44 -21.54 0.73
-65.78 58.44 -21.54 -66.5 59.16 -22.38 0.73
-66.5 59.16 -22.38 -66.69 59.71 -24.04 0.55
-66.69 59.71 -24.04 -67.42 61.71 -24.65 0.55
-67.42 61.71 -24.65 -67.42 62.99 -25.56 0.36
-67.42 62.99 -25.56 -67.42 63.72 -26.47 0.36
-67.42 63.72 -26.47 -67.42 64.45 -26.62 0.36
-67.42 64.45 -26.62 -67.42 65.36 -28.82 0.36
-67.42 65.36 -28.82 -67.23 65.91 -30.1 0.36
-67.23 65.91 -30.1 -66.69 66.63 -31.01 0.36
-66.69 66.63 -31.01 -65.78 67.91 -33.81 0.36
-65.78 67.91 -33.81 -62.86 69.18 -34.19 0.36
-62.86 69.18 -34.19 -61.03 69.91 -34.72 0.36
-61.03 69.91 -34.72 -59.57 70.81 -35.25 0.36
-59.57 70.81 -35.25 -57.56 72.65 -36.39 0.36
-57.56 72.65 -36.39 -56.65 74.29 -37.45 0.36
-56.65 74.29 -37.45 -56.29 76.11 -37.75 0.36
-56.29 76.11 -37.75 -56.65 78.66 -38.21 0.36
-56.65 78.66 -38.21 -57.38 81.03 -38.44 0.36
-48.81 43.13 -1.02 -50.27 43.86 2.85 1.64
-50.27 43.86 2.85 -51.73 45.32 2.92 0.73
-51.73 45.32 2.92 -52.64 46.41 3.83 0.73
-52.64 46.41 3.83 -53.92 48.05 4.44 0.73
-53.92 48.05 4.44 -56.11 50.78 4.88 0.73
-56.11 50.78 4.88 -58.48 52.97 5.12 0.73
-58.48 52.97 5.12 -60.48 55.34 5.58 0.73
-60.48 55.34 5.58 -62.13 57.71 5.95 0.73
-62.13 57.71 5.95 -65.41 62.08 6.48 0.73
-65.41 62.08 6.48 -69.61 65.36 6.94 0.73
-69.61 65.36 6.94 -74.72 68.27 7.24 0.73
-74.72 68.27 7.24 -78.18 71.55 7.62 0.73
-78.18 71.55 7.62 -80.55 75.73 8.3 0.73
-80.55 75.73 8.3 -83.29 81.03 8.76 0.73
-83.29 81.03 8.76 -86.76 85.22 9.82 0.73
-86.76 85.22 9.82 -90.95 93.78 10.11 0.73
-90.95 93.78 10.11 -91.68 97.06 10.27 0.55
-91.68 97.06 10.27 -92.6 100.89 10.57 0.55
-92.6 100.89 10.57 -93.14 102.89 10.65 0.55
-93.14 102.89 10.65 -93.69 105.26 9.74 0.55
-93.69 105.26 9.74 -94.6 106.9 8.68 0.55
-94.6 106.9 8.68 -95.88 108.36 8.15 0.55
-95.88 108.36 8.15 -97.7 110.0 6.26 0.55
-97.7 110.0 6.26 -102.45 113.64 5.73 0.55
-102.45 113.64 5.73 -107.01 117.47 5.27 0.55
-107.01 117.47 5.27 -111.94 122.57 4.29 0.55
-111.94 122.57 4.29 -116.13 127.85 3.53 0.55
-116.13 127.85 3.53 -125.25 132.77 3.38 0.55
-125.25 132.77 3.38 -129.82 137.69 3.3 0.55
-129.82 137.69 3.3 -131.46 138.79 3.98 0.55
-131.46 138.79 3.98 -133.47 140.24 3.98 0.55
-133.47 140.24 3.98 -135.84 141.15 3.91 0.55
-135.84 141.15 3.91 -141.68 141.88 3.15 0.55
-141.68 141.88 3.15 -146.05 141.69 3.15 0.55
-146.05 141.69 3.15 -150.25 141.88 2.62 0.55
-150.25 141.88 2.62 -152.62 141.88 2.47 0.55
-152.62 141.88 2.47 -155.36 141.88 2.09 0.55
-155.36 141.88 2.09 -159.01 141.69 1.64 0.55
-116.13 127.85 3.53 -120.88 132.77 3.45 0.55
-120.88 132.77 3.45 -124.16 136.05 3.45 0.55
-124.16 136.05 3.45 -124.89 137.69 3.91 0.55
-124.89 137.69 3.91 -134.19 146.8 4.29 0.55
-134.19 146.8 4.29 -146.41 155.37 3.91 0.55
-146.41 155.37 3.91 -154.63 162.29 3.45 0.55
-154.63 162.29 3.45 -166.12 174.5 3.0 0.55
-166.12 174.5 3.0 -171.78 179.6 2.7 0.55
-171.78 179.6 2.7 -173.06 181.24 2.7 0.55
-173.06 181.24 2.7 -189.12 189.74 2.39 0.55
-86.76 85.22 9.82 -90.91 87.98 9.67 0.73
-90.91 87.98 9.67 -94.74 90.17 9.74 0.73
-94.74 90.17 9.74 -97.11 92.36 9.82 0.73
-97.11 92.36 9.82 -101.13 100.56 10.03 0.73
-101.13 100.56 10.03 -103.32 102.2 10.11 0.73
-103.32 102.2 10.11 -104.96 103.84 10.35 0.73
-104.96 103.84 10.35 -107.33 105.84 10.5 0.73
-107.33 105.84 10.5 -111.53 108.94 10.5 0.73
-111.53 108.94 10.5 -113.9 112.03 10.65 0.73
-113.9 112.03 10.65 -114.81 113.86 10.8 0.73
-114.81 113.86 10.8 -115.54 115.5 10.95 0.73
-115.54 115.5 10.95 -116.64 117.5 11.1 0.73
-116.64 117.5 11.1 -117.18 118.96 10.73 0.73
-117.18 118.96 10.73 -119.01 121.14 10.27 0.73
-119.01 121.14 10.27 -121.02 122.78 10.11 0.73
-121.02 122.78 10.11 -122.66 125.15 10.65 0.73
-122.66 125.15 10.65 -126.12 129.53 11.26 0.73
-126.12 129.53 11.26 -128.86 132.99 11.26 0.73
-128.86 132.99 11.26 -131.41 137.36 11.56 0.73
-131.41 137.36 11.56 -133.41 140.82 11.86 0.73
-133.41 140.82 11.86 -134.52 142.63 12.47 0.73
-134.52 142.63 12.47 -136.34 145.19 12.77 0.73
-136.34 145.19 12.77 -142.18 154.12 13.68 0.73
-142.18 154.12 13.68 -144.72 158.5 14.13 0.73
-144.72 158.5 14.13 -147.11 163.22 14.51 0.73
-147.11 163.22 14.51 -153.49 174.35 14.97 0.73
-153.49 174.35 14.97 -154.94 177.44 15.12 0.73
-154.94 177.44 15.12 -154.94 178.36 15.42 0.73
-154.94 178.36 15.42 -166.93 196.52 15.8 0.73
-166.93 196.52 15.8 -170.03 203.26 16.03 0.73
-170.03 203.26 16.03 -172.95 209.09 14.89 0.73
-172.95 209.09 14.89 -173.5 211.46 14.29 0.55
-173.5 211.46 14.29 -176.79 219.48 14.13 0.55
-176.79 219.48 14.13 -180.98 231.14 14.13 0.55
-36.91 34.22 0.08 -29.49 38.5 3.38 4.56
-29.49 38.5 3.38 -29.13 39.59 3.53 4.56
-29.13 39.59 3.53 -26.76 41.23 3.91 4.56
-26.76 41.23 3.91 -25.66 42.32 4.05 4.56
-25.66 42.32 4.05 -25.3 42.69 4.44 4.56
-25.3 42.69 4.44 -23.47 41.78 6.26 4.56
-23.47 41.78 6.26 -20.19 42.32 6.48 1.46
-20.19 42.32 6.48 -18.91 42.87 6.79 1.46
-18.91 42.87 6.79 -16.18 44.87 7.09 1.46
-16.18 44.87 7.09 -13.07 45.6 5.88 1.09
-13.07 45.6 5.88 -12.16 46.33 5.42 1.09
-12.16 46.33 5.42 -10.15 48.15 4.88 1.09
-10.15 48.15 4.88 -8.51 50.16 4.36 1.09
-8.51 50.16 4.36 -7.24 51.07 4.13 1.09
-7.24 51.07 4.13 -5.23 52.35 3.83 1.09
-5.23 52.35 3.83 -2.67 54.17 3.68 1.09
-2.67 54.17 3.68 1.34 56.72 3.15 1.09
1.34 56.72 3.15 2.62 57.08 3.08 0.73
2.62 57.08 3.08 4.44 58.18 2.92 0.73
4.44 58.18 2.92 6.63 59.09 2.47 0.73
6.63 59.09 2.47 10.1 60.18 2.47 0.73
10.1 60.18 2.47 15.57 61.09 2.47 0.73
15.57 61.09 2.47 19.95 62.73 2.47 0.73
19.95 62.73 2.47 22.69 65.09 2.39 0.73
22.69 65.09 2.39 24.15 65.65 2.39 0.73
-25.3 42.69 4.44 -25.12 42.51 3.68 4.56
-25.12 42.51 3.68 -25.12 43.05 3.53 1.46
-25.12 43.05 3.53 -24.93 43.24 2.0 1.46
-24.93 43.24 2.0 -24.57 43.78 0.88 1.46
-24.57 43.78 0.88 -24.39 44.33 -0.71 1.46
-24.39 44.33 -0.71 -24.02 45.24 -2.45 1.46
-24.02 45.24 -2.45 -23.47 46.15 -4.2 1.46
-23.47 46.15 -4.2 -22.74 47.06 -5.03 1.46
-22.74 47.06 -5.03 -21.83 48.52 -6.01 1.46
-21.83 48.52 -6.01 -20.92 49.79 -6.54 1.46
-20.92 49.79 -6.54 -17.09 55.81 -7.61 1.46
-17.09 55.81 -7.61 -15.08 58.9 -7.45 1.28
-15.08 58.9 -7.45 -12.34 61.09 -7.68 1.28
-12.34 61.09 -7.68 -8.33 63.28 -8.06 1.28
-8.33 63.28 -8.06 -4.68 65.45 -8.59 1.28
-4.68 65.45 -8.59 1.89 70.02 -8.89 1.28
1.89 70.02 -8.89 9.91 75.3 -9.19 1.28
9.91 75.3 -9.19 13.38 77.48 -9.42 1.09
13.38 77.48 -9.42 16.85 79.86 -9.42 1.09
16.85 79.86 -9.42 20.68 83.5 -9.42 1.09
20.68 83.5 -9.42 24.15 85.87 -9.42 1.09
24.15 85.87 -9.42 29.07 87.15 -9.42 1.09
29.07 87.15 -9.42 37.28 92.43 -9.5 1.09
37.28 92.43 -9.5 41.84 95.89 -9.5 0.91
41.84 95.89 -9.5 48.23 99.53 -9.5 0.91
48.23 99.53 -9.5 51.33 102.09 -9.5 0.73
51.33 102.09 -9.5 52.79 103.73 -9.5 0.55
52.79 103.73 -9.5 54.62 106.28 -9.5 0.55
54.62 106.28 -9.5 56.99 109.19 -9.5 0.55
56.99 109.19 -9.5 58.81 110.1 -9.5 0.55
58.81 110.1 -9.5 62.83 114.84 -9.5 0.55
62.83 114.84 -9.5 65.75 118.3 -9.5 0.55
29.07 87.15 -9.42 32.17 86.96 -9.42 1.09
32.17 86.96 -9.42 34.36 85.14 -9.35 0.55
34.36 85.14 -9.35 36.36 83.5 -9.35 0.55
36.36 83.5 -9.35 39.47 80.4 -9.35 0.55
39.47 80.4 -9.35 40.93 78.58 -9.35 0.55
40.93 78.58 -9.35 42.57 76.58 -9.27 0.55
42.57 76.58 -9.27 43.49 73.84 -9.27 0.55
43.49 73.84 -9.27 44.76 70.93 -9.27 0.55
44.76 70.93 -9.27 45.68 67.29 -9.27 0.55
45.68 67.29 -9.27 46.22 64.92 -9.19 0.55
-36.91 34.22 0.08 -30.83 23.14 2.85 5.47
-30.83 23.14 2.85 -27.73 17.48 3.23 5.47
-27.73 17.48 3.23 -24.45 12.57 3.68 5.47
-24.45 12.57 3.68 -23.17 8.75 4.05 4.74
-23.17 8.75 4.05 -20.07 1.82 4.21 4.74
-20.07 1.82 4.21 -17.88 1.09 4.29 4.74
-17.88 1.09 4.29 -14.78 0.73 4.05 1.82
-14.78 0.73 4.05 -11.68 0.91 3.91 1.09
-11.68 0.91 3.91 -6.2 1.28 3.76 0.91
-20.07 1.82 4.21 -18.79 -0.73 4.44 4.74
-18.79 -0.73 4.44 -18.61 -1.64 4.67 3.47
-18.61 -1.64 4.67 -18.05 -2.92 5.2 3.47
-18.05 -2.92 5.2 -17.52 -4.37 4.29 3.47
-17.52 -4.37 4.29 -16.79 -6.56 4.13 3.47
-16.79 -6.56 4.13 -17.14 -7.47 4.13 3.47
-17.14 -7.47 4.13 -17.14 -8.19 3.76 1.82
-17.14 -8.19 3.76 -17.32 -8.56 3.38 1.82
-17.32 -8.56 3.38 -17.32 -9.28 3.3 1.82
-17.32 -9.28 3.3 -17.32 -9.84 2.77 1.82
-17.32 -9.84 2.77 -17.52 -10.75 2.09 1.82
-17.52 -10.75 2.09 -17.7 -11.84 1.41 1.82
-17.7 -11.84 1.41 -18.43 -14.39 0.88 1.82
-18.43 -14.39 0.88 -18.79 -14.94 0.5 1.09
-18.79 -14.94 0.5 -18.98 -16.22 -0.18 1.09
-18.98 -16.22 -0.18 -18.61 -18.04 -0.79 1.09
-18.61 -18.04 -0.79 -18.61 -20.59 -1.24 1.09
-18.61 -20.59 -1.24 -19.16 -23.14 -1.7 1.09
-19.16 -23.14 -1.7 -19.34 -24.05 -2.45 0.91
-19.34 -24.05 -2.45 -20.07 -26.24 -3.44 0.91
-20.07 -26.24 -3.44 -21.71 -27.33 -5.26 0.55
-21.71 -27.33 -5.26 -22.26 -28.24 -5.41 0.55
-22.26 -28.24 -5.41 -24.08 -32.25 -5.94 0.55
-24.08 -32.25 -5.94 -24.27 -32.61 -6.7 0.55
-24.27 -32.61 -6.7 -24.27 -33.71 -7.0 0.55
-24.27 -33.71 -7.0 -24.27 -34.25 -7.61 0.55
-24.27 -34.25 -7.61 -23.9 -35.15 -9.03 0.55
-23.9 -35.15 -9.03 -23.9 -36.61 -11.17 0.55
-16.79 -6.56 4.13 -14.23 -10.75 5.2 3.47
-14.23 -10.75 5.2 -11.68 -14.76 5.58 2.55
-11.68 -14.76 5.58 -10.02 -18.04 5.73 2.55
-10.02 -18.04 5.73 -9.31 -20.04 6.26 2.55
-9.31 -20.04 6.26 -8.58 -24.78 6.64 2.55
-8.58 -24.78 6.64 -8.02 -28.24 7.01 2.55
-8.02 -28.24 7.01 -7.48 -31.16 7.09 2.55
-7.48 -31.16 7.09 -6.93 -36.08 7.85 2.55
-6.93 -36.08 7.85 -6.57 -40.99 8.44 2.55
-6.57 -40.99 8.44 -6.39 -45.0 9.44 2.55
-6.39 -45.0 9.44 -6.2 -50.47 9.97 2.55
-6.2 -50.47 9.97 -5.66 -52.66 10.57 2.55
-5.66 -52.66 10.57 -5.47 -55.39 11.41 2.55
-5.47 -55.39 11.41 -5.29 -59.4 12.01 2.55
-5.29 -59.4 12.01 -2.74 -70.51 13.07 2.55
-2.74 -70.51 13.07 -2.37 -72.33 13.53 2.55
-2.37 -72.33 13.53 -3.1 -73.97 15.5 2.55
-3.1 -73.97 15.5 -4.2 -76.89 15.73 1.46
-4.2 -76.89 15.73 -4.74 -78.34 15.95 1.09
-4.74 -78.34 15.95 -6.2 -79.06 16.41 1.09
-6.2 -79.06 16.41 -8.58 -79.8 16.71 1.09
-8.58 -79.8 16.71 -11.13 -80.53 17.01 0.91
-11.13 -80.53 17.01 -14.6 -81.63 17.39 0.91
-14.6 -81.63 17.39 -16.97 -83.08 18.07 0.91
-16.97 -83.08 18.07 -18.98 -84.72 18.53 0.91
-18.98 -84.72 18.53 -21.89 -88.0 18.98 0.91
-21.89 -88.0 18.98 -22.81 -91.65 19.13 0.91
-22.81 -91.65 19.13 -24.27 -96.75 19.51 0.91
-24.27 -96.75 19.51 -25.18 -100.21 20.19 0.91
-25.18 -100.21 20.19 -27.55 -103.67 21.03 0.91
-27.55 -103.67 21.03 -31.02 -108.23 21.18 0.91
-31.02 -108.23 21.18 -33.94 -111.87 21.86 0.91
-33.94 -111.87 21.86 -35.92 -113.3 24.82 0.91
-35.92 -113.3 24.82 -37.02 -114.03 25.27 0.73
-37.02 -114.03 25.27 -38.29 -114.4 25.5 0.73
-38.29 -114.4 25.5 -39.57 -114.76 26.03 0.73
-39.57 -114.76 26.03 -41.03 -115.85 26.56 0.73
-41.03 -115.85 26.56 -41.94 -116.95 26.94 0.73
-41.94 -116.95 26.94 -42.67 -118.04 27.77 0.73
-42.67 -118.04 27.77 -43.04 -118.77 28.3 0.73
-43.04 -118.77 28.3 -43.77 -119.5 29.21 0.73
-43.77 -119.5 29.21 -45.23 -120.59 29.21 0.73
-45.23 -120.59 29.21 -46.32 -121.14 29.74 0.73
-46.32 -121.14 29.74 -47.96 -121.87 30.72 0.73
-47.96 -121.87 30.72 -50.15 -122.6 31.63 0.73
-50.15 -122.6 31.63 -52.71 -123.87 32.61 0.73
-52.71 -123.87 32.61 -54.17 -124.96 33.53 0.73
-54.17 -124.96 33.53 -55.81 -126.24 33.9 0.73
-55.81 -126.24 33.9 -57.63 -127.7 34.74 0.73
-57.63 -127.7 34.74 -59.46 -129.69 35.72 0.73
-59.46 -129.69 35.72 -60.92 -131.16 36.71 0.73
-60.92 -131.16 36.71 -65.11 -135.16 38.36 0.73
-65.11 -135.16 38.36 -66.56 -136.08 38.75 0.55
-66.56 -136.08 38.75 -67.12 -136.44 40.04 0.55
-67.12 -136.44 40.04 -69.48 -138.81 41.25 0.55
-33.94 -111.87 21.86 -37.93 -117.13 21.1 0.91
-37.93 -117.13 21.1 -41.03 -122.41 21.56 0.73
-41.03 -122.41 21.56 -43.95 -126.97 22.01 0.73
-43.95 -126.97 22.01 -46.5 -130.61 22.16 0.73
-46.5 -130.61 22.16 -48.69 -134.97 22.47 0.73
-48.69 -134.97 22.47 -49.06 -138.44 22.92 0.73
-49.06 -138.44 22.92 -49.24 -142.82 23.45 0.73
-49.24 -142.82 23.45 -50.7 -154.84 23.98 0.73
-50.7 -154.84 23.98 -53.44 -169.97 24.29 0.73
-53.44 -169.97 24.29 -58.73 -180.72 24.82 0.73
-58.73 -180.72 24.82 -61.1 -185.82 25.27 0.73
-61.1 -185.82 25.27 -62.74 -191.83 25.72 0.73
-62.74 -191.83 25.72 -62.56 -196.75 26.18 0.73
-62.56 -196.75 26.18 -62.01 -201.67 26.86 0.73
-62.01 -201.67 26.86 -63.11 -205.31 27.32 0.73
-63.11 -205.31 27.32 -65.3 -207.5 27.85 0.73
-65.3 -207.5 27.85 -67.48 -208.59 28.38 0.73
-67.48 -208.59 28.38 -68.95 -209.87 29.06 0.73
-68.95 -209.87 29.06 -70.09 -211.92 29.74 0.73
-70.09 -211.92 29.74 -70.47 -212.84 30.04 0.73
-70.47 -212.84 30.04 -71.02 -214.47 30.57 0.73
-71.02 -214.47 30.57 -71.75 -216.84 31.03 0.73
-71.75 -216.84 31.03 -72.29 -219.21 31.48 0.73
-72.29 -219.21 31.48 -72.84 -220.49 32.69 0.73
-72.84 -220.49 32.69 -74.84 -223.22 34.28 0.73
-74.84 -223.22 34.28 -77.04 -224.31 34.74 0.73
-77.04 -224.31 34.74 -78.13 -225.22 35.11 0.73
-78.13 -225.22 35.11 -79.41 -226.32 37.01 0.73
-79.41 -226.32 37.01 -81.42 -228.87 37.69 0.73
-81.42 -228.87 37.69 -82.33 -230.87 38.29 0.73
-82.33 -230.87 38.29 -82.69 -232.88 39.13 0.73
-82.69 -232.88 39.13 -82.33 -236.34 40.79 0.73
-82.33 -236.34 40.79 -82.15 -238.34 41.1 0.73
-82.15 -238.34 41.1 -81.59 -239.98 41.56 0.73
-81.59 -239.98 41.56 -81.42 -241.62 42.16 0.73
-81.42 -241.62 42.16 -81.05 -243.81 42.39 0.73
-81.05 -243.81 42.39 -80.69 -246.0 42.92 0.73
-80.69 -246.0 42.92 -80.69 -248.0 43.6 0.73
-80.69 -248.0 43.6 -80.31 -249.46 43.98 0.73
-80.31 -249.46 43.98 -79.59 -250.91 44.36 0.73
-79.59 -250.91 44.36 -78.68 -251.83 44.89 0.73
-2.37 -72.33 13.53 -1.12 -75.26 13.23 2.55
-1.12 -75.26 13.23 -0.75 -76.72 13.53 2.19
-0.75 -76.72 13.53 0.52 -79.63 14.13 2.19
0.52 -79.63 14.13 1.62 -83.46 14.59 2.19
1.62 -83.46 14.59 3.44 -89.11 15.12 2.19
3.44 -89.11 15.12 4.34 -93.3 15.57 2.19
4.34 -93.3 15.57 5.08 -98.4 15.88 2.19
5.08 -98.4 15.88 5.27 -104.78 16.55 2.19
5.27 -104.78 16.55 5.27 -109.7 17.32 2.19
5.27 -109.7 17.32 8.0 -129.37 18.3 2.19
8.0 -129.37 18.3 9.65 -141.03 19.05 2.19
9.65 -141.03 19.05 10.01 -145.94 19.36 2.19
10.01 -145.94 19.36 12.38 -154.52 19.73 2.19
12.38 -154.52 19.73 14.94 -162.16 18.98 2.19
14.94 -162.16 18.98 17.68 -167.77 17.7 2.19
17.68 -167.77 17.7 19.86 -173.78 17.32 2.19
19.86 -173.78 17.32 22.05 -181.25 16.55 2.19
22.05 -181.25 16.55 23.88 -191.64 16.32 2.19
23.88 -191.64 16.32 24.06 -196.74 16.18 2.19
24.06 -196.74 16.18 23.33 -202.75 16.03 2.19
23.33 -202.75 16.03 22.6 -210.22 15.8 2.19
22.6 -210.22 15.8 22.97 -215.14 15.57 2.19
22.97 -215.14 15.57 23.88 -228.62 15.42 2.19
23.88 -228.62 15.42 24.61 -235.91 15.12 2.19
24.61 -235.91 15.12 25.34 -238.28 14.89 2.19
25.34 -238.28 14.89 26.25 -241.19 15.73 2.19
26.25 -241.19 15.73 26.98 -245.39 16.18 2.19
26.98 -245.39 16.18 28.26 -250.12 16.79 2.19
28.26 -250.12 16.79 29.17 -253.4 17.16 2.19
29.17 -253.4 17.16 30.27 -261.42 17.62 2.19
30.27 -261.42 17.62 31.0 -268.7 17.92 2.19
31.0 -268.7 17.92 32.09 -275.45 18.45 2.19
32.09 -275.45 18.45 36.84 -290.2 19.05 2.19
36.84 -290.2 19.05 39.76 -295.31 19.44 2.19
39.76 -295.31 19.44 42.13 -298.22 19.51 2.19
42.13 -298.22 19.51 46.69 -304.05 19.82 1.46
46.69 -304.05 19.82 51.43 -311.89 20.19 1.46
51.43 -311.89 20.19 51.8 -312.25 20.19 1.46
51.8 -312.25 20.19 53.26 -314.07 19.82 1.46
53.26 -314.07 19.82 54.9 -316.26 19.13 1.46
54.9 -316.26 19.13 57.09 -317.89 17.92 1.46
57.09 -317.89 17.92 59.46 -321.0 17.09 1.46
59.46 -321.0 17.09 60.74 -322.64 16.55 1.28
60.74 -322.64 16.55 64.75 -328.29 15.95 1.28
64.75 -328.29 15.95 67.84 -329.93 14.82 1.28
67.84 -329.93 14.82 76.43 -336.49 14.13 1.28
76.43 -336.49 14.13 79.7 -341.22 13.0 1.28
79.7 -341.22 13.0 81.17 -343.59 12.62 1.28
81.17 -343.59 12.62 86.83 -350.03 12.09 1.28
86.83 -350.03 12.09 91.03 -351.85 11.64 1.09
91.03 -351.85 11.64 96.13 -353.13 11.41 0.91
96.13 -353.13 11.41 98.32 -355.13 11.41 0.91
98.32 -355.13 11.41 99.97 -357.32 11.41 0.55
99.97 -357.32 11.41 102.52 -359.87 11.41 0.55
102.52 -359.87 11.41 105.99 -362.6 11.41 0.55
86.83 -350.03 12.09 86.65 -351.67 12.09 1.09
86.65 -351.67 12.09 86.46 -355.5 12.09 0.55
86.46 -355.5 12.09 86.28 -358.78 12.62 0.55
86.28 -358.78 12.62 86.46 -362.42 12.77 0.55
86.46 -362.42 12.77 86.28 -364.24 12.92 0.55
86.28 -364.24 12.92 85.55 -366.07 13.07 0.55
39.76 -295.31 19.44 39.21 -298.47 19.82 2.19
39.21 -298.47 19.82 38.84 -302.11 20.27 1.64
38.84 -302.11 20.27 39.21 -304.85 20.95 1.46
39.21 -304.85 20.95 39.03 -309.22 21.26 1.46
39.03 -309.22 21.26 38.29 -313.05 21.56 1.28
38.29 -313.05 21.56 35.93 -318.51 21.86 1.28
35.93 -318.51 21.86 33.36 -324.33 22.24 1.28
33.36 -324.33 22.24 31.55 -328.72 21.18 1.28
31.55 -328.72 21.18 29.72 -334.36 20.88 1.28
29.72 -334.36 20.88 28.26 -338.37 19.89 1.28
28.26 -338.37 19.89 26.07 -343.84 19.66 1.28
26.07 -343.84 19.66 24.61 -349.3 19.13 1.28
24.61 -349.3 19.13 22.97 -356.41 18.53 1.28
22.97 -356.41 18.53 22.06 -360.78 18.38 1.09
22.06 -360.78 18.38 21.33 -365.7 18.07 1.09
21.33 -365.7 18.07 20.96 -369.35 18.07 1.09
20.96 -369.35 18.07 19.5 -375.9 17.7 1.09
19.5 -375.9 17.7 19.14 -377.36 17.39 1.09
19.14 -377.36 17.39 18.23 -379.18 18.14 1.09
18.23 -379.18 18.14 15.86 -383.56 19.05 1.09
15.86 -383.56 19.05 13.85 -386.84 19.36 1.09
13.85 -386.84 19.36 11.29 -390.48 19.73 1.09
11.29 -390.48 19.73 8.92 -394.67 20.57 1.09
8.92 -394.67 20.57 6.19 -398.5 21.18 1.09
6.19 -398.5 21.18 3.27 -402.14 21.79 1.09
3.27 -402.14 21.79 -2.39 -409.07 22.54 1.09
-2.39 -409.07 22.54 -4.94 -412.89 22.69 0.91
-4.94 -412.89 22.69 -6.95 -418.36 23.07 0.91
-6.95 -418.36 23.07 -8.59 -422.18 23.15 0.91
-8.59 -422.18 23.15 -11.51 -426.37 23.98 0.91
-11.51 -426.37 23.98 -13.34 -428.56 23.6 0.73
-13.34 -428.56 23.6 -14.43 -429.47 22.62 0.73
-14.43 -429.47 22.62 -16.44 -430.56 22.09 0.73
-16.44 -430.56 22.09 -18.26 -432.57 21.56 0.73
-18.26 -432.57 21.56 -19.57 -434.79 20.8 0.73
-19.57 -434.79 20.8 -19.93 -435.34 19.66 0.55
-19.93 -435.34 19.66 -20.12 -436.25 18.98 0.55
-20.12 -436.25 18.98 -23.58 -440.98 18.45 0.55
-23.58 -440.98 18.45 -26.32 -444.63 18.07 0.55
-26.32 -444.63 18.07 -29.79 -449.0 17.54 0.55
-29.79 -449.0 17.54 -34.35 -452.46 17.23 0.55
-34.35 -452.46 17.23 -38.54 -456.65 16.94 0.55
-38.54 -456.65 16.94 -41.28 -460.3 16.63 0.55
-41.28 -460.3 16.63 -44.93 -464.67 16.1 0.55
-44.93 -464.67 16.1 -54.23 -470.14 15.27 0.55
-54.23 -470.14 15.27 -58.98 -473.41 14.59 0.55
-58.98 -473.41 14.59 -63.17 -476.33 14.13 0.55
-63.17 -476.33 14.13 -69.01 -486.53 13.3 0.55
-267.76 -48.54 -21.62 -268.53 -50.18 -22.68 0.5
-268.53 -50.18 -22.68 -268.82 -50.67 -23.0 0.5
-268.82 -50.67 -23.0 -270.62 -54.55 -25.49 0.5
-270.62 -54.55 -25.49 -272.27 -57.78 -27.23 0.5
-272.27 -57.78 -27.23 -272.45 -58.11 -27.37 0.5
-272.45 -58.11 -27.37 -274.25 -61.86 -29.28 0.5
-274.25 -61.86 -29.28 -276.36 -67.13 -32.34 0.5
-276.36 -67.13 -32.34 -276.41 -67.27 -32.44 0.5
-276.41 -67.27 -32.44 -278.5 -71.68 -35.93 0.5
-278.5 -71.68 -35.93 -278.57 -71.8 -36.04 0.5
-278.57 -71.8 -36.04 -278.97 -72.43 -36.54 0.5
-278.97 -72.43 -36.54 -279.69 -73.72 -37.38 0.5
-279.69 -73.72 -37.38 -282.91 -80.61 -41.12 0.5
-282.91 -80.61 -41.12 -282.93 -80.65 -41.15 0.5
-282.93 -80.65 -41.15 -283.21 -81.3 -41.7 0.5
-283.21 -81.3 -41.7 -283.25 -81.43 -41.81 0.5
-283.25 -81.43 -41.81 -283.32 -81.67 -42.05 0.5
-283.32 -81.67 -42.05 -283.93 -83.09 -43.54 0.5
-283.93 -83.09 -43.54 -284.04 -83.46 -43.93 0.5
-284.04 -83.46 -43.93 -284.12 -83.75 -44.19 0.5
-284.12 -83.75 -44.19 -284.31 -84.69 -44.91 0.5
-284.31 -84.69 -44.91 -284.43 -85.13 -45.3 0.5
-284.43 -85.13 -45.3 -284.75 -87.22 -47.18 0.5
-284.75 -87.22 -47.18 -285.8 -91.06 -50.61 0.5
-285.8 -91.06 -50.61 -285.84 -91.19 -50.71 0.5
-285.84 -91.19 -50.71 -285.87 -91.32 -50.82 0.5
-285.87 -91.32 -50.82 -287.04 -94.88 -53.61 0.5
-287.04 -94.88 -53.61 -288.07 -97.54 -55.41 0.5
-288.07 -97.54 -55.41 -288.13 -97.67 -55.51 0.5
-288.13 -97.67 -55.51 -289.67 -101.36 -57.84 0.5
-289.67 -101.36 -57.84 -292.98 -109.86 -64.25 0.5
-167.06 13.65 26.48 -167.22 13.62 26.55 0.55
-167.22 13.62 26.55 -173.46 12.5 28.64 0.5
-173.46 12.5 28.64 -178.48 11.34 30.77 0.5
-178.48 11.34 30.77 -178.63 11.29 30.83 0.5
-178.63 11.29 30.83 -178.79 11.25 30.88 0.5
-178.79 11.25 30.88 -189.42 8.52 35.29 0.5
-76.75 7.64 20.27 -80.04 6.46 20.73 0.18
-80.04 6.46 20.73 -82.49 5.72 21.26 0.5
-84.23 18.75 21.71 -84.82 18.63 21.72 0.55
-84.82 18.63 21.72 -85.86 18.49 21.8 0.5
-85.86 18.49 21.8 -86.2 18.46 21.85 0.5
-86.2 18.46 21.85 -90.43 18.32 22.78 0.5
-129.29 62.11 -8.28 -129.33 62.14 -8.28 0.55
-129.33 62.14 -8.28 -133.91 65.13 -7.96 0.5
-162.47 100.34 -4.95 -163.49 101.68 -4.71 0.55
-163.49 101.68 -4.71 -163.9 102.18 -4.67 0.5
-163.9 102.18 -4.67 -165.8 104.66 -4.73 0.5
-165.8 104.66 -4.73 -166.16 105.14 -4.69 0.5
-166.16 105.14 -4.69 -166.75 105.95 -4.71 0.5
-166.75 105.95 -4.71 -170.63 111.08 -4.29 0.5
-170.63 111.08 -4.29 -172.62 114.11 -4.26 0.5
-172.62 114.11 -4.26 -172.65 114.15 -4.26 0.5
-172.65 114.15 -4.26 -173.66 115.38 -4.38 0.5
-173.66 115.38 -4.38 -175.16 116.92 -4.51 0.5
-175.16 116.92 -4.51 -175.42 117.22 -4.51 0.5
-175.42 117.22 -4.51 -180.3 123.57 -5.02 0.5
-180.3 123.57 -5.02 -180.39 123.72 -5.04 0.5
-180.39 123.72 -5.04 -182.1 126.7 -5.73 0.5
-57.38 81.03 -38.44 -57.83 82.96 -38.73 0.36
-57.83 82.96 -38.73 -60.39 95.61 -41.72 0.5
-60.39 95.61 -41.72 -61.27 103.28 -43.3 0.5
-61.27 103.28 -43.3 -61.27 103.33 -43.31 0.5
-61.27 103.33 -43.31 -61.26 103.5 -43.34 0.5
-61.26 103.5 -43.34 -59.83 113.18 -44.98 0.5
-59.83 113.18 -44.98 -59.71 115.04 -45.22 0.5
-159.01 141.69 1.64 -168.45 140.4 0.72 0.55
-168.45 140.4 0.72 -169.49 140.24 0.71 0.5
-169.49 140.24 0.71 -182.59 139.28 0.1 0.5
-189.12 189.74 2.39 -189.28 189.81 2.38 0.55
-189.28 189.81 2.38 -189.65 189.96 2.33 0.5
-189.65 189.96 2.33 -190.2 190.2 2.3 0.5
-190.2 190.2 2.3 -196.41 193.39 1.53 0.5
-196.41 193.39 1.53 -201.04 195.46 0.62 0.5
-201.04 195.46 0.62 -202.2 195.86 0.38 0.5
-202.2 195.86 0.38 -202.37 195.91 0.36 0.5
-202.37 195.91 0.36 -203.38 196.21 0.33 0.5
-203.38 196.21 0.33 -203.55 196.25 0.34 0.5
-203.55 196.25 0.34 -213.58 198.35 1.8 0.5
-213.58 198.35 1.8 -217.05 198.94 2.02 0.5
-217.05 198.94 2.02 -221.98 199.77 1.9 0.5
-221.98 199.77 1.9 -222.38 199.81 1.91 0.5
-222.38 199.81 1.91 -223.02 199.92 1.96 0.5
-223.02 199.92 1.96 -225.18 200.35 1.95 0.5
-225.18 200.35 1.95 -225.97 200.48 1.88 0.5
-225.97 200.48 1.88 -226.19 200.53 1.84 0.5
-226.19 200.53 1.84 -235.1 202.65 1.02 0.5
-180.98 231.14 14.13 -181.05 231.3 14.13 0.55
-181.05 231.3 14.13 -181.2 231.62 14.1 0.5
-181.2 231.62 14.1 -181.65 232.4 14.02 0.5
-181.65 232.4 14.02 -181.94 232.81 13.98 0.5
-181.94 232.81 13.98 -182.29 233.41 13.92 0.5
-182.29 233.41 13.92 -189.02 243.59 13.69 0.5
-189.02 243.59 13.69 -189.8 244.57 13.67 0.5
-189.8 244.57 13.67 -190.33 245.3 13.72 0.5
-190.33 245.3 13.72 -190.44 245.44 13.74 0.5
-190.44 245.44 13.74 -191.66 246.75 13.89 0.5
-191.66 246.75 13.89 -192.11 247.27 14.0 0.5
-192.11 247.27 14.0 -195.39 250.44 14.74 0.5
-195.39 250.44 14.74 -195.75 250.85 14.82 0.5
-195.75 250.85 14.82 -198.37 254.2 15.74 0.5
-198.37 254.2 15.74 -198.61 254.52 15.79 0.5
-198.61 254.52 15.79 -198.71 254.66 15.8 0.5
-198.71 254.66 15.8 -205.08 262.69 15.66 0.5
-205.08 262.69 15.66 -205.41 263.13 15.7 0.5
-205.41 263.13 15.7 -205.5 263.28 15.71 0.5
-205.5 263.28 15.71 -213.75 280.18 17.04 0.5
-213.75 280.18 17.04 -213.84 280.33 17.05 0.5
-213.84 280.33 17.05 -213.92 280.48 17.05 0.5
-213.92 280.48 17.05 -225.61 306.71 15.58 0.5
24.15 65.65 2.39 40.17 73.13 3.3 0.55
40.17 73.13 3.3 41.57 73.91 3.31 0.5
41.57 73.91 3.31 41.72 74.01 3.31 0.5
41.72 74.01 3.31 41.87 74.1 3.32 0.5
41.87 74.1 3.32 42.02 74.19 3.32 0.5
42.02 74.19 3.32 45.85 76.96 3.23 0.5
45.85 76.96 3.23 48.19 78.79 3.4 0.5
48.19 78.79 3.4 48.33 78.89 3.42 0.5
48.33 78.89 3.42 49.1 79.34 3.53 0.5
49.1 79.34 3.53 49.37 79.47 3.57 0.5
65.75 118.3 -9.5 76.67 131.4 -8.01 0.55
76.67 131.4 -8.01 78.68 133.66 -7.99 0.5
78.68 133.66 -7.99 81.67 136.62 -8.21 0.5
46.22 64.92 -9.19 46.26 64.75 -9.17 0.55
46.26 64.75 -9.17 46.66 63.1 -9.12 0.5
46.66 63.1 -9.12 46.71 62.93 -9.11 0.5
46.71 62.93 -9.11 46.81 62.55 -9.06 0.5
46.81 62.55 -9.06 46.87 62.39 -9.04 0.5
46.87 62.39 -9.04 48.11 57.96 -8.59 0.5
48.11 57.96 -8.59 48.19 57.57 -8.58 0.5
48.19 57.57 -8.58 48.21 57.4 -8.58 0.5
48.21 57.4 -8.58 48.24 57.23 -8.57 0.5
48.24 57.23 -8.57 48.35 56.14 -8.56 0.5
48.35 56.14 -8.56 48.79 53.15 -8.76 0.5
48.79 53.15 -8.76 48.89 52.71 -8.78 0.5
48.89 52.71 -8.78 49.3 50.28 -9.06 0.5
