4 19.7949741979
8 78.1906878615
29 67.1018327315
52 56.4004481122
69 5.1565661962
72 15.3035266932
79 105.885130147
95 18.2073767956
99 162.821805147
142 100.531681838
154 34.877477542
163 29.096831655
176 61.933078972
187 103.916598421
199 134.398850438
220 24.5250238584
227 95.0418326497
240 51.5546497838
256 132.023862572
292 84.2439345247
310 75.8913466093
328 60.7648829536
339 84.9585139714
354 17.701405632
360 25.4847354841
374 8.23393587539
375 78.6763254862
393 224.920792461
430 80.0420169715
439 102.839136788
