4 19.2875720187
9 191.737953384
37 7.01651798892
41 63.5907077166
59 184.738088663
91 81.3383839489
114 23.4609416988
124 152.899560536
172 4.25305772357
173 6.60229923851
177 85.2792436746
204 34.3361033511
209 14.6508130935
215 83.2982955776
227 22.0146275488
232 159.71565984
261 30.0763721846
272 32.1327530646
283 65.8083200619
299 6.6444436504
302 151.806850644
326 14.7147934569
329 37.4574843914
341 58.554621969
353 28.6323531813
357 169.901831033
377 155.130297005
399 78.3479668811
407 80.6520463464
421 131.740759745
442 14.3052931437
448 58.7287308788
458 59.323787624
