4 43.7650660494
14 113.924447615
46 85.0743350884
59 26.6174905745
67 41.724952379
78 16.741606654
83 40.517968971
93 22.4687258939
105 19.3564450949
112 87.5659062475
140 8.44550461996
142 28.7062108617
148 145.757452708
165 19.5630815151
170 6.31802184232
171 49.9377380353
185 17.7475618784
190 82.2878347869
206 88.2405271944
236 188.193275849
277 22.9380117535
283 27.4209437563
292 31.9247452114
302 36.7576757559
310 117.795426613
322 48.3629630296
328 26.5389017009
334 33.0852583104
341 30.4456361014
347 44.6355747032
351 90.60691148
363 119.774643156
376 147.427857024
394 20.5889997001
398 207.32023936
439 62.2434941195
455 50.5301033217
461 136.891743708
476 52.2010713575
483 29.776064436
486 88.758108317
500 5.23565659684
501 54.0240725266
520 29.5193211111
