4 14.6903125206
8 28.4444000127
29 35.0999878693
41 3.67119047004
44 61.4798474452
69 66.765841972
90 49.1604958583
106 22.7136202648
116 33.4627644274
133 131.333264522
186 168.90701265
263 30.2124069754
268 22.6210595976
271 17.5944739701
277 15.9641119879
283 5.87132448152
286 25.393322037
296 20.9872252556
303 2.90322341235
305 8.126964312
311 14.2890463478
320 39.2056954671
342 125.683293222
394 141.42391287
467 20.7550416591
484 7.23128673436
488 16.0652895096
504 37.2777875044
523 14.1006628872
530 84.2652704417
558 29.7902392996
568 21.8876613936
577 60.1999181654
622 14.6948435098
632 150.499545935
693 98.9891221785
759 44.4196058201
777 48.2739821362
792 44.2762610355
810 80.2707285647
841 45.716466023
865 48.4264810353
889 238.124028321
996 357.305922326
1138 27.5901525859
1155 37.0506407132
1179 40.2898133844
1204 20.9441055654
1217 17.8906216914
1225 19.6615338683
1234 84.5276488923
