4 15.5996721612
11 19.2901710855
23 20.4612623081
35 141.388367325
117 11.4979004242
126 4.97621907601
130 107.800489553
197 119.639665958
266 5.31592542826
270 9.73014054574
277 66.0221749222
319 75.8714816387
365 41.9944257871
395 18.0833382638
410 65.3151191244
457 18.1456045528
468 19.0227029748
484 5.98061622546
489 18.1363541104
505 23.3188473052
521 83.3230164298
575 7.58121405181
581 29.5011685661
616 54.2947772585
652 21.156163317
663 26.1179631925
681 7.56706953627
686 51.6582362562
726 53.4579285888
761 65.8810265377
803 51.1634766969
840 33.0428905061
864 52.3002869853
903 22.5674032865
931 17.4633480866
949 19.1074781308
969 88.3863396833
1068 17.6930018628
1085 23.0593437887
1102 89.2568456652
1198 19.1962067973
1232 29.002283844
1256 47.5685401148
1285 16.535082506
1298 37.4147328779
