4 139.242358642
25 67.2281503312
37 13.608729138
40 93.1458912951
55 44.8097877653
70 25.862538247
82 88.6121289514
88 12.9730714177
95 45.3664594353
109 38.0667961743
121 150.146692847
155 68.8618588933
163 39.7843497876
184 5.39257442873
187 7.82501232383
191 63.3735003947
209 112.558647379
232 36.9496157452
257 117.588115448
270 10.2007271614
276 94.4219307965
303 290.04568292
355 29.1585627773
361 55.8926116306
373 63.6699957075
391 43.9171182417
409 27.2793692913
413 124.165789091
432 75.1482334884
