4 23.2997924697
19 58.5936348515
74 14.8232493326
84 20.1116888266
99 43.1077444062
129 18.8349893919
138 5.11264775299
142 16.0749802352
154 28.4425592375
179 28.0267849631
197 15.7021802295
213 2.03375815696
216 26.6012158747
254 76.7016296226
299 24.8150471172
311 29.6410175049
332 66.4383557707
390 24.5988575876
404 30.3657796699
426 12.3422053007
436 11.4143974865
440 20.8210834297
457 37.2524872192
504 56.3896774017
567 58.7208719445
622 31.9248858414
644 56.4714859014
677 62.3916756187
718 56.2294322346
