4 34.6019361272
10 141.01155947
39 31.3629292753
53 18.9451735861
57 64.6889134052
66 49.3815974662
81 58.0484147201
99 39.6908975968
107 93.3527547545
123 19.3701369706
131 17.2274379092
138 56.5764737235
155 38.4640543181
163 24.99719288
177 34.8043163428
181 9.73730689649
186 23.583919552
193 17.0233538369
201 17.2316969796
212 30.2382322814
227 39.93706884
240 33.218167318
250 25.4277611299
259 72.0147258714
278 23.5641867531
282 16.625142963
291 41.1555073902
298 29.2743930166
308 9.18255487651
310 65.1224619602
321 52.7381205065
340 56.8931828305
354 41.6543979753
365 155.895086465
425 7.6139485663
428 20.1926519176
433 33.1112277047
445 44.6943028764
464 80.8394241853
490 28.6777139955
500 155.626368582
530 68.3284435591
550 71.9180747075
573 30.086365104
584 6.22700977601
586 10.4569619861
590 48.2270851197
600 17.7692171035
605 11.6409988294
609 16.7230562609
619 14.9150236736
626 21.7618825331
637 47.1833162971
646 50.8695711317
