4 20.584883128
10 22.752299323
22 10.903271465
30 57.4968149691
72 39.5828002853
106 121.204368072
168 2.20383756207
169 41.9163665948
203 66.5747851599
257 25.8259340216
269 107.747618617
346 135.632258258
421 19.1157076336
432 28.587242997
455 104.58050459
512 67.2789313608
556 46.467411303
607 28.019996067
620 62.3154168413
658 39.3265349444
682 19.0932404294
689 20.5985967991
703 19.1027557269
714 31.6717233285
733 12.2225204603
743 131.887376351
817 179.117109706
906 110.868470428
965 73.1838091141
1024 51.2215218396
1051 101.233844386
