4 16.7775003072
7 16.0820886618
21 15.1129962945
30 81.9921926826
74 44.0091532204
89 83.3107191957
119 76.3258610097
143 196.588735087
194 21.4689824378
197 71.1982603575
221 103.890367583
257 25.8921480755
262 5.35596360418
264 88.4430300595
285 9.61264734683
292 36.6942543252
303 16.8797469138
309 131.76725488
355 14.5671613784
359 15.5205133693
364 91.8777168473
401 23.1566554752
412 45.6904226157
431 86.9084716499
456 31.8098454872
460 10.5562140324
468 106.457900289
496 32.4995659641
515 14.5179418349
525 26.3555868335
536 34.7909711377
553 192.895019999
604 289.188115198
726 81.6533234656
772 30.6757937181
783 61.2545532951
