4 25.3043599072
8 69.1713932733
20 161.029824789
54 49.2169454392
80 23.7629568843
97 12.2705408825
105 12.6656231746
114 13.1853624367
118 80.0204742946
144 11.0540741651
146 66.1051143253
161 2.11799433427
162 70.3039838172
201 60.8193123782
216 54.70572508
228 47.5551917092
239 96.6909131337
249 177.363699187
283 15.4461878322
288 57.7987001036
308 78.7903590216
330 48.7249691682
340 30.1045947339
350 36.9641150338
355 14.0427967317
359 9.4185569051
364 37.4343185845
387 69.184719393
403 55.2433639075
419 50.5838772133
442 159.190217109
483 230.026453391
517 73.8896197749
532 23.5918995573
538 16.2704588005
544 230.915851753
