4 21.8589337277
14 21.0149052959
26 85.0769045964
55 4.43030436935
58 6.80094744853
64 73.1168090917
92 13.8495626561
104 27.169826045
122 22.2836823585
132 19.3692161159
136 80.5374855857
157 10.3151393592
158 15.0440930793
160 48.6711801202
180 69.7203579944
201 34.1295496846
211 19.0437698837
219 103.581471988
239 49.8875839782
250 49.9391369316
273 57.8489567054
283 27.6541868427
289 85.1042243387
311 57.9771119135
328 20.2333902127
338 134.264686347
376 113.442321375
401 69.7797134159
435 23.3630940533
443 14.7367906954
444 16.2362486033
449 58.5426300998
482 24.0816711318
497 236.441625221
540 104.731574014
561 9.98034802226
564 14.0854423574
567 177.481613951
608 29.3150923804
616 94.9619123006
