4 104.016603657
45 27.5735432123
53 28.6189053052
66 87.5263484901
100 12.3077688637
107 3.93283612214
111 70.5155118318
126 58.0863012474
137 21.5233850112
146 12.1100109038
149 137.213234509
173 129.610658438
210 20.7926364916
215 74.7735070772
251 137.040002263
275 15.0610141563
277 100.140352519
315 17.2294030638
320 7.79309245207
322 8.31810775746
328 49.2358935594
348 177.087491486
387 144.583861719
409 112.322502418
420 93.5744762909
439 190.112455063
481 38.9313144974
498 90.5813146033
524 8.54377441144
527 25.5961611567
534 96.2841804529
