4 21.2901201218
13 5.2318531098
17 17.6633384359
32 23.0615609506
49 36.3153708915
74 68.7247390122
110 17.6966007141
121 64.7001449882
167 69.3057291335
199 80.0645919836
257 9.84109387142
263 127.511645409
345 43.1732191895
386 13.9444771002
392 23.6882299939
401 158.266683051
483 13.6310432429
486 12.6027638652
498 31.0803154351
528 12.0464537933
535 35.4702797711
560 12.798704857
566 50.0822382466
587 200.773410443
700 13.092662488
711 12.2057150001
723 55.136434713
758 38.7530748351
781 13.0987515011
791 36.9651848301
812 123.581036729
876 13.3723108812
879 97.7287474142
909 146.821256023
961 83.9486268597
1015 136.405860335
1106 21.0765708132
1123 108.981733214
1190 12.8817998663
1199 27.3711577533
1221 3.7598476247
1225 18.6251679926
1241 18.8520906705
1253 77.7878222611
1302 67.0674633206
1354 43.7887557175
1380 41.5674921067
