4 20.504136225
9 6.05896030685
10 105.612560501
38 164.805842511
80 109.121270953
98 37.2073795573
102 34.2320089177
106 47.4260430933
125 8.52520173901
128 55.3430227599
141 88.8148483395
173 21.9863980616
183 51.5696536607
200 21.5123277907
203 12.1022653732
209 37.9760182408
224 6.50819809873
227 24.6976247619
239 38.1878075652
246 81.1556033362
274 14.5660760516
276 15.0567965935
281 11.1774499625
285 3.35982142383
286 92.5713499632
315 122.98076535
343 18.4145601557
345 5.26331952549
348 10.1045885281
357 99.3742558248
408 104.932787165
448 43.722189448
466 177.815319059
535 43.1158471519
545 288.762239592
610 46.1092213294
615 14.5714240738
618 73.7205038322
644 163.512534974
686 51.3037374536
709 29.1925871239
722 23.9460817776
727 22.904096945
732 55.5906275379
