4 21.5856980765
10 86.5847864059
46 119.97568924
78 93.4836673549
105 64.1016180654
130 47.7129023573
144 72.2750845389
171 9.84397495071
176 25.9208126244
185 5.9110222467
191 71.2997897378
214 16.7799690262
222 28.8462302128
232 34.5763639132
243 10.5324278251
247 43.5130737008
261 76.0463681715
286 97.6042155214
309 38.1499936032
317 54.6208026219
331 98.7542304494
360 19.0848208697
367 17.6659059893
372 110.367116825
404 25.1242122816
410 83.9047474467
434 8.77699807236
438 15.2161542843
444 99.6043566606
468 10.4756141818
472 19.583569192
478 32.9884443924
492 43.8048807645
505 28.5620101369
513 68.7617850597
530 58.1600937
548 51.1119546604
559 87.3104549737
580 51.5581884494
594 15.0718674295
599 46.6663021884
612 11.8255301852
617 21.607349755
622 2.77389338303
625 84.4568660732
652 103.249298538
681 18.0670025262
689 80.8843417605
732 124.100441555
805 100.953778563
855 33.609035936
885 188.241813933
