4 33.2290873507
13 193.679044283
112 9.30850817695
118 103.847932441
155 12.710232502
165 89.915880101
200 15.1714893335
210 22.767688503
216 4.52696366232
217 9.64159784106
223 6.32666027923
226 79.7212576244
263 63.7903367654
287 10.8919540415
291 208.883212778
361 8.0773294949
363 77.6813901131
407 25.0098868936
423 86.7996607069
472 137.537044532
513 56.8102026706
534 18.5390687771
551 18.0274238037
563 49.9058399321
602 14.544462522
613 50.5382091378
645 121.170620625
676 14.4778065788
678 14.440611234
686 41.7204965343
711 190.814806196
768 10.5598041318
777 56.2628990498
804 10.2860112931
808 7.43836630283
811 102.135981411
859 16.3814792628
861 79.1628004381
933 9.95138122976
937 16.738542858
948 1.84791774709
949 5.93130144335
951 80.9244847653
993 32.0943344849
1005 138.760222687
1037 22.0357588023
1044 165.193166295
1096 186.598691348
1175 90.3918826397
1250 201.598717154
1289 39.3068816037
1301 211.906137969
1352 78.3039819587
1395 68.5855083355
1419 93.1924496736
1462 64.9365865594
