4 29.0893928105
15 2.72692340091
17 112.409086827
84 10.5010905242
91 90.4584451516
125 6.69537060326
127 92.4382142087
159 135.517560151
222 13.6911129468
231 5.44146357896
234 137.213113782
294 36.4674506617
306 3.28236666505
309 80.8933341448
357 77.1507120059
395 99.5730939271
436 124.35008414
499 167.396617142
569 21.9593617406
571 74.6872078339
613 9.70777523432
614 191.717156638
675 11.7709045922
681 78.8034577785
711 69.7406198277
754 27.6763065811
769 35.0321065923
798 10.1652992371
806 75.2196353092
849 14.5988497098
857 126.438146776
913 193.550660694
969 18.1466971748
973 44.7888129689
1020 173.40045482
1090 69.1062232248
1111 73.6383944146
1128 64.5405049621
1140 146.79262465
1236 28.5520247171
1244 252.017195308
1284 13.9122025247
1291 15.0343918119
1302 114.963035074
