4 21.3711577693
9 2.16074061377
10 53.2052258576
22 25.6638866338
27 42.8608401119
36 63.4102916153
85 117.100038866
121 72.1073977794
154 39.30598496
181 41.043298076
188 43.7504805452
198 37.1985560721
208 19.4087424505
212 38.720432348
237 14.8851149134
239 191.833328366
348 51.384301258
367 40.5390464401
380 112.598723511
426 17.6349569436
428 68.0303319736
443 109.046082767
463 33.7251393071
467 34.2339301223
495 106.975141381
512 26.9003409799
524 38.7945758155
539 32.7558454053
547 82.239735615
580 137.605605915
623 100.369485275
656 51.5168184025
682 51.6105323349
