4 48.839504437
13 68.0723335793
43 65.5756933267
105 67.4523579078
115 28.7367063654
127 15.3749156564
130 108.745745843
144 26.4548168046
149 11.0186098245
152 39.773974862
166 15.038800364
172 11.6609151669
179 35.8184706746
190 39.2741353047
201 6.8321153386
202 36.7244008191
215 18.097329579
222 29.77591185
241 42.7984596988
266 22.1467383128
268 56.6530417114
279 20.6633048013
292 40.2880717824
307 4.18310766681
311 32.711009343
334 69.2851228309
368 79.1476876168
430 5.13695189711
435 141.27955867
532 4.9889117583
538 6.16754190412
543 40.2673478077
581 43.8786665153
622 104.190257915
675 17.2789025455
682 13.0918686314
687 39.2162889699
718 13.8296532339
731 45.6486321265
745 3.76662979333
746 14.6896607606
756 48.7041924702
795 88.8258539252
832 136.088561225
858 184.155584601
890 67.1883242663
905 59.7266481302
938 12.0884922975
947 60.4046679545
995 73.2969378122
1030 82.4700495933
1069 190.555554395
1117 73.9881696218
1142 85.9136496823
