4 66.5300055149
28 31.584338367
40 12.2836958105
43 88.0179521303
75 11.9343285381
82 14.5768671819
84 3.11835455409
86 45.1793865217
113 4.65820780988
114 12.3539406805
123 31.9220041821
138 6.11525960201
139 6.17622052715
140 24.4051585883
148 10.0267381525
152 46.4788226614
176 90.5733233607
203 49.8856134161
233 20.0640180872
237 175.74128185
291 197.754006855
342 15.0434333889
344 19.3757126156
354 97.5164745701
398 15.1174632733
400 58.270968521
433 30.6816523596
445 23.4435262538
452 40.7869131764
474 27.3326155536
483 15.6342603183
495 19.3795591416
500 9.17527917991
502 39.3217930908
507 26.0565542549
519 57.7222931395
550 85.9152133581
574 267.699192836
656 51.3730167338
678 119.583654148
716 57.2807586655
740 65.8822128076
767 34.3953600543
792 8.92573904524
795 133.961713506
849 14.706833931
856 21.8585419113
862 9.40973584501
