4 17.4174381593
11 16.1282343624
23 13.4365978423
30 11.1005525389
43 24.2386409778
65 6.05717807377
73 57.5720299349
102 3.12706000427
105 11.2451521898
111 9.87115383401
118 18.8773727815
126 22.441479037
146 83.421278213
198 21.3986611193
211 21.1761252263
217 20.0378451816
219 42.7649334328
239 9.71358677515
241 191.632819244
293 11.0290145535
298 26.8901469904
305 12.2853270386
309 120.82556438
378 29.7760749494
385 3.92798930752
386 169.294293486
427 13.1603812565
434 180.432832153
476 15.1614725992
480 9.9212979973
484 35.6062884823
495 11.4626972102
506 127.929749906
555 35.5047331701
565 3.57747446209
567 236.673934481
613 49.4913093678
626 27.4945165855
642 69.3650369618
664 13.2881371902
667 109.04110315
694 25.1724484824
713 38.651260049
733 67.8967868899
761 26.8032181459
778 25.0637623022
