4 113.817023194
61 14.3357868931
64 68.1343115048
83 12.3341254833
88 18.2983113975
89 21.5826297533
99 131.872923238
126 56.172500149
147 133.377777377
206 154.902300263
247 25.272734664
265 84.3373192582
294 33.9930217103
311 17.0826145614
320 47.3501031257
364 25.6600738725
380 42.0397991612
393 70.2637888091
405 139.053929179
451 31.5815201738
471 4.21221440729
476 7.76530526009
485 4.65099789429
488 34.7375735074
502 17.0972002635
508 6.69123888042
510 97.1672247656
553 42.1355006376
567 47.7229384504
586 19.1589461621
592 16.0397223454
599 119.267391977
636 137.16392214
693 103.899260286
752 32.2618870419
759 10.9950436642
764 171.565671923
803 206.928541946
850 52.6687217741
864 164.501471794
912 134.152290748
957 36.9674904739
984 98.341892031
1026 126.847503681
1054 42.313515961
1065 25.332718716
1081 51.855078701
