4 27.2434185353
17 4.86862544303
20 100.413648348
80 23.3001846694
93 29.8401579906
101 28.4788897041
115 28.6327741607
140 116.673688043
191 28.3531609922
208 11.727399143
219 31.4238768782
249 19.1770745965
256 3.55426504358
257 19.8753657054
269 60.7109929117
290 79.8495121324
308 100.648651008
335 12.4872933124
339 26.5335963185
347 238.727607153
391 30.9451259462
396 81.9573418822
411 5.56282797069
414 34.7060501221
434 60.1425166341
456 9.07135470177
462 28.0725187539
475 29.3318754385
489 79.8148406828
500 31.3358551907
522 8.64931619551
526 31.7191482386
534 36.5730548775
549 16.7244395861
551 61.4447059025
571 49.2914704616
590 84.7802892423
628 41.1717990573
664 43.4497078019
693 9.90575767266
701 46.4559645925
716 43.3948685867
727 12.1836119488
732 148.674517913
767 21.4637693761
786 172.443848315
827 17.7580929222
835 25.2507199856
843 109.945396153
892 37.1999360313
910 10.7072316823
913 34.7292988639
921 15.8260963698
925 34.263595042
937 133.51309792
998 105.79932018
1054 24.0867700737
1076 111.986077493
1108 53.021319325
1118 37.8154145306
1134 43.980124323
1153 92.7219707478
1172 58.8530698076
1182 47.1955779626
