4 21.5183130912
11 158.689725658
53 15.9113998795
62 16.9565870177
65 67.5283656451
101 23.6258451717
110 69.8755146768
138 124.485099542
169 43.6885408827
189 20.0998182752
197 38.9754798927
228 149.061190394
260 17.0396806998
268 26.0857403696
274 24.1676963664
279 13.6900371127
282 252.21931271
346 163.86045019
415 211.908034803
460 203.516745643
537 24.5801746516
541 18.2304278898
556 20.9060135975
575 36.4613819381
591 41.4429217243
606 25.9134736223
613 159.453802012
653 63.7617673861
676 180.49826026
728 15.5106037053
731 30.2649037769
746 64.9634376772
760 20.6826356641
762 262.592902034
802 133.928812222
847 22.6575120539
856 20.9416058959
862 49.7254526711
873 47.1485162501
884 79.6032667646
900 12.3696167499
903 14.187465012
909 19.8501669363
916 16.3833205935
920 158.415548223
959 74.6990060868
991 209.538262176
1050 96.0277211489
1083 36.7014979369
1106 89.3396119062
