4 13.2510468071
6 6.59756015509
7 15.8469597474
25 28.31867292
36 204.537192895
92 33.4592034253
116 28.2989063585
128 12.2675663724
132 28.8181154272
142 13.5650587993
151 22.2524703965
157 24.0545536611
164 21.9233974572
169 40.3270427129
185 33.014567225
207 10.4959571469
212 4.75994860741
216 11.4029571623
220 53.7147827217
256 16.5460758455
265 74.6995984883
297 4.53410410114
298 79.9469711142
328 35.4423315301
352 56.5065533711
364 17.5096136491
367 3.68401954392
368 17.8901708168
374 16.9687044165
387 14.7497180354
396 53.8262071205
423 94.140700383
475 35.8212791145
502 40.5612915995
517 18.594737117
524 143.973836995
590 44.9382347342
618 223.950816439
678 46.184415408
692 148.706157061
733 43.0116755269
747 175.928545925
781 57.8840135285
824 53.2499837729
842 39.9890595322
863 14.960645913
870 91.3969406645
903 15.4300073681
907 9.04786880622
912 48.2058601148
938 6.16884714107
941 84.6464239881
972 26.7819605914
