4 18.188404804
11 113.213455976
39 21.445424532
44 29.9480198765
53 52.9692368226
73 23.0200708033
81 58.3731328132
111 155.969598837
144 15.0350722655
147 27.1259398885
158 61.7359644878
199 103.969638711
221 16.3709523339
231 15.843979352
239 18.3587135323
255 81.3743360913
288 10.7740517967
294 20.7415427339
303 18.8867023884
313 11.8262916893
318 45.4877811072
327 23.8123620036
333 79.8670775945
359 117.694511205
414 14.6553640471
416 18.9341537117
425 60.8822802837
447 30.2818817348
455 178.087639203
499 83.7591509952
516 64.3960681065
527 12.6605766838
530 19.8948587264
535 141.215882485
572 49.1658613143
604 43.3660529756
626 29.671903854
