4 19.7427282027
10 52.6691618042
24 31.2575246959
35 21.9980952864
45 69.351248321
72 29.4498006337
81 22.8867431926
95 27.4131031734
106 17.9415364801
112 29.7291300243
125 14.6217410214
130 27.4957913374
145 30.1748461007
156 104.201626177
186 73.5167556673
205 25.3507904847
217 19.7161610851
224 15.0563322254
229 35.0656290473
247 72.2477795474
272 47.5283667234
289 19.0710017552
300 88.7126452828
329 184.18297627
381 8.4488929915
384 40.6398999705
407 71.0186002625
441 66.3738356087
462 54.9821979807
484 24.14047024
492 34.6618145903
508 68.1887073535
520 84.0934367964
550 56.9545934213
567 35.4127622689
