4 15.0366297026
9 18.6939176346
21 162.558429711
121 35.418952626
148 103.446823763
211 138.423793878
296 67.1355585675
326 181.01587167
411 45.9157936986
425 72.4438528087
493 31.041388683
514 40.4969672322
534 58.4676664935
556 104.548024236
594 25.2430400405
604 15.8634306133
611 17.91034615
619 3.71657365063
623 57.2058938874
671 167.961489152
742 22.3768834513
754 2.20658106581
755 177.19835701
819 18.4168263331
833 55.9994326633
873 35.2537564474
882 96.426400386
925 248.303109821
1008 15.299461022
1014 111.343531972
1066 134.869308873
1132 63.4547292476
1156 287.04122896
1230 1.68623841731
1231 13.7566220587
1238 169.981889593
1297 105.429196954
1332 95.7585368556
1368 97.097279277
1417 1.68395368107
1418 4.37034887429
1421 221.358802342
