4 40.7061053061
32 122.367296522
101 30.1429819853
113 17.7597127596
116 70.19548236
147 59.7644811592
163 93.7273487479
223 134.917604748
266 46.1550088087
288 81.5750034036
338 94.1542594556
388 54.3866214347
408 8.33640558731
414 7.54429333363
418 34.9413495772
441 120.611621952
521 18.0397048759
526 224.030364091
588 165.210719806
660 65.0711740846
677 100.453449042
708 22.8566029487
725 40.0931385179
736 204.476529545
832 134.384364605
878 113.018180198
987 78.8400245087
1045 9.26010651519
1052 10.2901029164
1057 65.1165305071
1098 28.5422788113
