4 21.7577408545
9 6.00147543063
12 52.4137579499
45 116.028626759
74 65.4152356006
96 30.5018324544
112 47.4165842751
133 55.6025423385
161 81.6876865792
192 24.3960080198
198 106.961247933
236 129.655502176
287 49.0447372578
311 67.9761455186
328 13.0613083572
331 79.3532452138
354 10.6840026759
361 64.8510678807
382 3.61521783576
383 48.226263644
403 25.0590273071
416 5.31995526627
420 10.1810014176
424 34.6776694256
435 38.8898846812
449 9.40572951487
454 13.3144761178
463 46.0832669214
495 60.7032952638
526 93.9008359143
559 47.1658461102
574 26.3055679239
590 48.3638443669
601 164.890936082
653 46.4441204585
677 46.4456358526
689 38.4452475991
698 22.4940797801
708 26.0768629207
720 37.277790623
732 49.5996995493
749 74.4321788006
768 144.635600257
802 76.367609733
816 5.35784471593
817 6.63978162292
818 11.966797526
823 105.332443262
851 58.6858585488
876 79.0295622621
897 46.9346243797
920 25.3185870672
926 73.372606177
