4 19.0888247408
15 12.8076405453
32 65.0066305207
57 102.338389136
119 110.529566257
186 39.5220831007
212 84.9103448238
260 72.3290248102
291 21.0042590499
309 166.743686995
406 28.6484687657
429 70.7683129035
466 65.1578273895
503 29.2149947293
509 133.873066325
592 77.2687167103
629 42.2367371329
643 65.8887297891
675 26.663861964
701 22.1909713441
708 61.09223151
742 123.690039157
796 112.013493303
848 2.73651237892
849 259.499532773
956 9.40166274594
960 22.6762645046
974 22.729651563
1000 14.8021471716
1016 79.5059875872
1090 44.0189145078
1113 64.7713597514
1168 11.5490587952
1170 58.9628331935
1215 44.9645261839
1230 30.4755304447
1256 49.6385158062
1267 150.162668543
1297 99.394885187
1325 42.0714913527
1347 88.7921659091
1391 35.2505975096
1396 61.968125682
1438 50.8395695274
1476 38.3147412802
1516 170.751532039
1561 62.7396342863
