4 26.9849752964
17 24.628384559
36 22.1560059786
48 19.9730881684
57 75.0932205244
87 32.540946517
96 9.40184629327
100 71.0986058887
114 62.9908644599
158 79.5758751922
201 19.7889569215
209 12.9343079117
221 45.3986084869
248 5.77450845284
250 27.9916802068
271 86.5591176195
296 108.593529954
341 23.0098833878
347 3.73156550415
351 2.54750832582
354 128.037778788
406 12.1300071556
413 23.2872533674
427 70.9205113764
471 115.454429883
537 199.42199979
592 41.4424133041
603 137.22098933
619 70.2465694818
637 14.7122640826
650 11.5354755401
655 111.923029093
707 17.6919177456
719 114.771111538
753 43.7503633749
787 7.23163184369
792 155.804488817
845 4.49327514718
848 155.431950762
896 209.133526576
943 29.1366487772
961 19.678349489
976 10.215742351
980 38.651954606
1002 110.283611974
1033 61.6166292577
1054 63.6163126673
1072 58.49917478
1091 48.0936452679
1109 61.3451940467
1147 119.922370532
1170 2.84553359255
1172 215.514392032
1246 42.1343054997
1266 116.307819786
1282 150.886181591
1359 18.6601480249
1366 60.5666028491
1390 113.57197384
1424 55.3289042067
1450 76.0791409189
1476 97.0148205769
1503 25.3093660261
1511 119.216789605
1571 48.6521036718
1593 24.8136787166
1604 102.700588401
1644 31.8488815488
1659 105.051870066
