4 51.7965846493
17 108.8344112
77 4.46324993699
78 9.46515079048
85 130.986878637
159 53.8405004312
183 13.3505564425
195 26.3022409929
198 13.9578950311
205 139.152076176
251 13.5097569156
257 53.2276778967
293 95.6003366124
372 51.9857494728
414 17.7081553382
422 18.3456433354
434 10.2431338218
443 85.1013288516
482 11.2670076335
492 131.739278503
567 47.3379906353
576 17.3535683538
587 16.7442712799
606 31.2957988866
636 78.6969373838
692 87.7077508482
719 105.128460769
783 97.3604894503
846 64.8426866715
861 64.4889494311
917 6.86760894525
923 9.05636646928
931 285.489271751
985 17.5859859046
994 16.3764297928
1009 19.7402874771
1022 45.2150818261
1035 204.380385972
1113 7.65066010224
1114 19.3622317803
1119 32.2252853909
1135 31.372264925
1152 49.7727559411
1177 34.0770868858
1198 80.342769378
1266 35.193140201
1297 25.2935855407
1317 12.5283693196
1324 82.3108246042
1363 33.3731188705
1380 0.984835011563
1381 52.186107036
1398 75.2621790407
