4 30.3963828433
25 20.669372111
34 15.4915855818
50 4.00546568058
53 25.3478982237
75 46.0781705177
108 40.2077304896
141 81.7007741666
180 37.1459119295
200 21.7507629034
211 189.852476932
303 16.8608737587
310 17.9475899472
323 17.4556479928
337 98.1133546686
386 210.480913055
460 14.3481231449
470 18.5290497585
483 33.9604565635
496 67.294257149
529 20.2583256216
535 37.1108568896
557 90.4187283914
572 11.1955223836
578 10.4640290828
585 35.9598036691
599 18.7145151628
616 28.3483753875
639 22.5553860861
655 102.878766427
692 22.8853340337
700 91.2792544708
768 50.1304415201
790 7.14878596412
797 117.676481617
830 39.826589006
850 107.023356345
930 50.2371218972
972 158.766946642
996 90.6334990969
1026 88.4219634712
1069 31.4651265559
1101 84.4059523202
1167 53.291416402
1203 50.6183091069
