4 62.4354500483
20 244.849619234
130 21.5695871686
152 68.4074632416
209 73.873352562
272 50.7938322086
290 18.1829849048
305 7.66458621747
312 154.322485439
385 153.577714421
475 167.498678794
599 7.80388664559
605 14.6703981292
614 4.41830885729
618 96.1005344251
680 161.530520055
751 43.4940622839
776 79.3852078654
811 103.291770098
863 101.848220722
949 121.271634992
1040 22.0853388566
1049 20.538520644
1061 34.0325478913
1080 187.666142778
1142 120.666753814
1218 13.8149488743
1229 22.5582440983
1246 112.638401972
1304 44.104125512
1340 79.6250340053
1399 202.778150201
1495 9.71934152798
1501 6.04528714657
1504 7.12892975416
1509 32.0637554738
1526 37.7644526719
1543 181.352684596
1642 92.7277742819
1996 74.5916193975
2019 134.977104956
2124 417.976035135
2305 51.8399081957
2331 66.695056959
2412 110.210064666
2448 33.3159157016
2463 36.0579312003
2509 22.7990418783
2536 83.408777522
2586 49.6932501437
2627 115.953998178
2679 101.222000918
