4 20.6602123406
15 29.7567586751
41 106.799911987
107 58.496274902
155 13.9451593674
168 13.1615212232
178 18.7224486848
198 24.7161656434
222 207.142443682
295 18.4635520901
311 88.2666394555
360 30.1654459349
382 21.8967312323
403 14.8639468736
418 2.14523042407
420 14.7868148329
438 108.709965804
486 43.4579959611
517 24.2351057205
526 67.7075310225
556 21.0107326127
563 9.59199439652
570 109.210298825
623 23.9921934143
636 11.554601751
641 54.6660419137
677 72.0455573376
720 16.9575137004
730 11.0985728302
739 12.7734185123
751 50.2792431952
779 187.411634018
865 23.983107241
880 7.82146388569
888 16.9780649606
900 21.7820824939
918 15.0113758152
933 17.820548073
958 88.6598558575
1004 26.4336756216
1026 70.8418252524
1102 11.60774193
1113 148.006573868
1190 38.83216692
1212 14.1259447294
1218 148.917798289
1290 61.6327512114
1331 10.3755263757
1338 108.11828384
1414 186.42170143
1545 178.10017264
1691 42.6144925031
1706 201.527821081
1810 13.845314117
1824 59.5875176955
1880 38.2652040889
1926 110.644662232
1988 41.8065390513
2015 123.08796784
