4 22.2923262491
10 29.492956822
28 147.678843745
149 106.256823777
217 116.94402947
312 204.139457479
406 12.8245610384
415 205.067436378
538 28.5416990142
556 116.461502964
631 9.51194910654
640 91.3635067308
731 23.9997148691
755 99.0971442257
806 118.758697065
868 18.9894720004
878 41.5626514075
911 136.779638869
1014 31.8708258099
1031 160.491877292
1103 83.5323364377
1147 8.44066206718
1152 20.8360799169
1170 109.492142744
1219 125.300999682
1279 2.41579358167
1281 10.0737780718
1290 9.83492016252
1300 2.63304345407
1303 77.8322117487
1359 94.5708981675
1418 39.1649617144
1444 50.6672899204
1479 25.0752616693
1497 12.247978218
1505 151.301579668
1583 186.935285171
1697 220.017659461
1821 30.9937679453
1834 50.1475697831
1885 5.42051844629
1888 47.0200237383
1925 7.89129419291
1932 11.6301559161
1941 33.2621058399
1973 12.6458373461
1987 24.4899470821
2007 17.2885804467
2025 32.9352455267
2036 155.963425306
2113 5.36524708978
2118 15.8632871046
2127 209.606484032
2229 216.79350629
2339 100.331793367
2390 24.0546285149
2402 30.7964852919
2429 37.0248281343
2457 6.1321399587
2461 74.4108372002
2539 92.8151951034
2625 88.8892188614
2715 14.2092904754
2724 94.7019914818
2867 14.9728553717
2880 10.1910162283
2889 23.8675444471
