4 50.0012577039
21 1.9743859805
22 54.6895317028
49 60.044548847
88 24.9332854668
113 23.5168492484
124 66.7473446799
156 273.361821801
267 102.265715247
306 69.5383570513
370 18.2246152439
379 5.11869966542
381 112.916103887
428 23.3454796315
442 112.918569226
484 20.3064813149
495 9.92856457599
504 7.9623209512
508 4.28682265633
512 31.4758409727
537 96.992815126
582 24.0250364429
590 5.40889396814
596 28.2053124493
609 28.3135299755
635 88.8302560682
698 120.197921924
759 173.544299775
852 12.7176117722
863 117.476224718
893 55.9362042968
908 33.7027578466
928 34.6618961492
943 150.47222083
990 58.4594590055
1025 10.7123951522
1028 20.8183399597
1041 14.1148340754
1058 272.28521891
1123 21.8173467656
1128 29.9980880496
1140 98.2318987532
1172 75.0422862357
1201 203.265274928
1245 2.97459525853
1247 17.6033724189
1264 25.0481502378
1284 71.5213998175
