4 226.322654876
63 64.6729638311
86 13.3858222504
90 26.1518539621
104 11.6429799104
114 113.414500994
166 1.93452157802
168 58.3521221265
187 53.8870598071
201 62.8307484218
225 35.9542453208
248 21.9627858612
263 29.7450566751
285 2.38341235331
287 70.143100186
316 159.997000497
363 22.7481093036
371 10.0662572982
379 44.5350141545
409 39.3988744688
446 8.940354505
459 135.865878861
547 180.366448934
605 34.5850574043
622 70.941434028
656 98.5376341254
695 35.5912155306
710 49.9569872494
722 126.836301926
806 5.88734259716
809 62.4657180268
835 10.4529799223
842 121.578614079
900 306.469011578
982 17.5910122528
988 68.7257725419
