4 14.8242197583
9 140.460734968
86 8.47804068091
92 44.6995696557
101 149.125873847
163 121.428495191
252 14.8501868094
269 33.8372480447
300 56.1806665648
329 12.1300461345
338 5.88530550544
343 7.7812622049
349 145.556153248
465 19.4170652041
478 78.3847949653
543 55.951914742
601 12.9011882938
604 28.7557320789
624 3.39747672876
627 98.2803595105
680 143.725448242
758 65.8751218013
790 64.9828762473
821 20.1071879685
838 170.920039133
984 18.0465969262
991 27.0673942784
998 159.699678775
1056 236.191080078
1129 71.3670605624
1162 67.5361332574
1190 227.182940954
1288 24.2912065264
1302 142.206646986
1392 44.9083374444
1424 41.8081077663
1460 153.079305504
1523 38.5951749692
1542 110.105613461
1584 191.956915061
1614 48.6416191445
1630 76.6507347283
1686 57.3574355672
1743 20.2818679815
1766 28.0508159173
1788 69.7509769973
1810 80.2971480316
1847 50.6561898339
1877 3.78061510099
1880 10.1305455188
1888 104.686224276
1949 155.548923891
2023 29.8332533361
2036 14.9846854824
2053 123.52787954
2123 53.4840805837
2156 27.5850510344
2172 163.728194591
