4 14.7191532463
8 6.28030398792
13 8.84936874398
21 164.527249859
103 60.2294439779
140 169.9621311
222 126.354145603
278 59.6811553155
335 69.065298356
392 164.826876971
493 141.22859756
549 9.02394907319
557 13.5194307005
563 32.8821057353
580 56.251565196
612 49.8496499906
644 25.3004256725
649 49.9772498525
696 15.8633231083
711 42.8648993562
720 230.277773982
779 10.5149811123
788 156.093018171
873 9.42244464713
884 86.0410500266
949 47.8468274453
986 62.6224875693
1031 65.3180917496
1071 26.2138600814
