4 36.4496530444
13 201.927928692
84 109.763317875
103 39.3685026963
108 12.0608540328
109 186.707728487
147 23.8894276129
153 76.7813519327
188 62.3896473941
210 69.9638882154
228 27.0432065564
230 28.1873079321
243 6.10804387673
244 95.0592023224
273 23.9606300326
288 50.603869795
310 87.6195688649
341 27.1402202189
345 41.1560092241
364 37.1606382864
389 34.4689372216
410 263.566283243
462 122.466969374
491 36.9519379577
510 59.1404731625
534 26.8496991891
544 50.8360447991
553 16.436785101
558 33.0422802709
564 80.0761719962
576 122.312222668
602 166.408520285
625 110.216121621
650 21.967126338
656 51.759815428
665 25.507693142
672 105.992117261
695 7.02259434899
697 131.324699464
710 99.9998766036
727 138.290645713
