4 28.4405022123
14 138.40392242
54 2.79415461276
55 111.806910032
85 60.4794584814
97 115.515638443
127 50.6741173037
143 23.5545239092
154 24.0129753835
164 55.551067273
189 53.9964614446
213 2.58197598749
214 33.6097654131
230 5.72696371377
234 158.468994539
264 175.561547033
313 26.0354296241
320 13.3361775922
327 24.8137246297
335 100.641658485
356 104.819536012
391 12.7970712054
397 35.3651924756
418 17.5716545669
424 36.0088036732
435 31.5823727008
447 29.2894624029
467 44.3158565427
490 95.6562743609
515 13.5081363851
519 37.1552950362
527 24.5245162533
533 58.3409076638
560 248.277220656
600 86.1367957181
646 56.7591247559
660 35.9699402596
667 32.8518699058
677 70.2883763614
702 97.1172140304
733 12.2033512559
741 71.6094862979
761 87.9874359901
795 33.1872075612
