4 13.1900459426
9 7.3246716398
13 10.1937543328
17 74.6687470764
35 54.0584186676
46 113.75602063
69 12.6943670015
72 66.2193285462
102 3.57410091613
104 10.7995291952
110 112.859471753
148 48.8610881583
161 40.6791630783
173 9.00743332447
178 35.4988408006
189 19.2090591028
192 12.7258086515
196 32.6312092426
205 87.910666502
225 57.1360808757
239 80.8800628382
258 61.8074298848
286 142.343853295
322 208.973651504
363 33.7801149101
374 50.2833355741
399 12.747116317
403 5.37968400559
404 130.919117488
431 43.8601193289
447 151.157051347
472 35.2886352793
478 15.7986239067
482 169.148315803
513 9.15326315885
515 145.598708483
545 93.2588013214
562 31.6104777348
569 27.8840729048
577 25.1742238651
586 42.0504947605
593 58.3041893399
606 80.7064316333
629 23.3051904002
633 8.28650987863
635 21.5172417988
642 279.22650293
687 50.7142243963
696 44.1504081893
706 60.7360042807
717 27.2181037795
729 114.47011659
