4 41.2407002174
35 131.890852653
86 109.689144111
155 159.012675067
239 259.463026401
359 13.8056016355
367 66.244817252
419 5.38895004035
427 42.6242206605
463 17.119840064
475 16.4854535175
483 106.087068954
551 31.231108577
579 24.34654817
604 12.0379078354
622 58.7420896482
652 15.4195569634
672 277.126269336
757 42.9211921763
799 17.5374557596
807 22.1692402361
826 64.2767363605
890 32.4979519622
913 41.6271928723
940 32.6485697032
969 72.6829540222
1017 80.5619988331
1072 111.935245938
1156 44.5972382575
1203 93.614036818
1278 182.526656439
