4 19.2918875017
15 16.1553080417
23 89.3717130502
109 50.8004965783
137 49.1978025354
164 137.863130142
286 133.733275065
413 31.6281716713
445 152.720887087
547 37.5333974015
579 50.7253715798
622 40.3080928853
663 181.372681949
783 22.1529493367
796 31.0841524627
817 51.3185529835
877 60.7902447371
893 26.5888054353
914 59.1029608719
967 138.698542679
1047 78.0577430287
1130 0.80062475605
1131 191.024381782
1209 128.194257203
1249 104.308389659
1331 30.5860374216
1365 18.7310700165
1387 36.5880161858
