4 18.8753882691
10 6.16233822261
12 6.99771674132
17 12.1902968486
26 9.36828289367
33 244.062473124
94 15.977433315
101 10.1945575176
106 33.1999244827
121 14.7470803163
132 53.3660049252
154 45.0381213798
175 42.4960004657
198 110.871349502
232 24.7150169307
242 97.9548465749
279 34.322806241
288 18.481182792
294 4.46453556839
297 38.5340245054
312 19.6998853847
318 129.605604677
369 73.6668251795
384 16.2623617982
392 144.383886608
414 22.5697653854
425 118.525179163
461 125.551386646
477 21.4879569607
483 4.27320049765
487 13.3855578428
493 33.6343815584
500 25.1802776311
510 156.146073954
547 54.2719918201
569 165.585894518
598 37.9237105573
606 24.3660095704
618 74.373261536
640 16.4553487814
645 25.1823845281
655 53.4949944428
667 41.8858130069
676 17.5108495319
682 151.946087197
717 27.7701660642
730 33.3198437998
742 39.4189610567
767 26.1209787578
778 74.2414416829
808 24.1651012722
814 50.8305065321
827 72.4645682545
845 25.1689806809
852 154.909640529
875 210.167938742
940 222.539971071
991 32.5110797427
1001 79.5441557937
1025 149.53163801
1070 55.5300697011
