4 37.2508587491
40 126.365387989
141 21.5646010266
159 12.6298279821
177 87.7777158105
218 19.4038819948
232 110.354813978
276 4.07454977484
283 57.2842769079
307 24.7377098762
339 59.6505309348
372 11.136957061
376 20.2304618709
398 11.7037701026
419 13.4090843039
440 3.95876416613
449 173.551904096
541 8.29013363042
551 47.979106001
572 129.152347905
623 12.1801984611
633 28.0722692793
659 45.599097515
676 53.1815363088
717 51.8979434212
766 16.6112439369
785 19.4036960066
810 4.65035287558
814 71.1210557306
848 44.356237594
890 42.1530062265
909 30.2592264131
946 199.721231413
