4 38.8297291871
44 18.6494466446
52 22.0433380711
65 99.5242096938
91 55.2482476515
111 132.932674432
178 141.298580517
222 116.342022877
263 13.2200717388
269 30.722123364
283 36.9085527268
312 53.1320328161
328 4.66579110286
334 31.1139004197
354 54.0254669657
378 86.5107937795
441 28.3602461183
460 21.0263688951
494 2.94872419964
499 13.6451075336
512 6.76631725944
518 232.568050512
586 30.8140960689
609 61.3404932581
645 86.7438483492
712 104.101879819
873 46.4473609322
921 17.2768951509
950 27.216114485
