4 14.1820459814
7 15.5482528572
12 132.095985934
41 28.376058088
49 76.8815801571
72 17.1948148321
75 15.8514822405
81 55.6078638403
92 27.8155144701
99 116.533472159
116 31.6565934024
120 3.58733884655
121 70.3599914755
134 7.14721267855
137 77.6578374223
162 25.426942964
171 83.9512768479
193 25.7383825549
199 72.9430958796
210 80.8781114493
226 101.06479085
236 25.4462324229
240 19.7172815502
243 103.478105955
265 42.5457433072
271 25.2667713497
278 59.7847686216
291 24.4305308474
298 4.03740015356
299 26.0140521092
311 1.76759723919
312 101.886029418
343 195.319111297
370 50.2938363451
383 14.8453182926
386 13.6118471228
393 38.5298253853
403 21.9161193924
412 51.3268086004
424 44.7838646568
438 153.754813991
459 106.036516538
477 70.4966903385
486 50.2278566821
498 102.728244859
513 72.1595410351
531 64.7141172617
562 40.9455541701
575 66.5466023411
588 20.3541681086
593 35.4952367023
602 93.5971570653
616 19.9694086953
625 22.6049431354
635 15.6920485199
641 20.3558406364
648 36.8416668325
