4 22.4749325831
13 11.2099002334
23 110.32719684
110 23.5096315515
135 7.8361257979
140 18.4067841084
151 69.3643302311
175 131.954904213
202 34.6200518796
208 8.67216159873
211 18.7226670223
220 26.9903803514
236 21.0913744776
255 29.7177234174
268 3.24401902606
276 3.09698254193
281 45.9632455615
323 22.4295468696
332 14.2801095826
345 99.9359558684
383 4.20144768045
388 99.7790006138
464 36.4475023448
520 66.176291127
579 52.9713692239
630 77.4088599454
687 88.5324912725
729 68.9433143013
744 16.275446114
752 173.240011215
796 93.4204012833
833 45.3568306602
873 11.577518646
878 19.0737339416
885 36.4451831366
927 75.7887881862
1004 65.2725774609
