4 63.9636648284
100 130.142718124
274 7.12284063305
284 13.2632853647
311 5.52049466194
321 45.0754693514
395 2.98101474586
401 11.6269538061
419 126.162180898
625 28.142220521
643 21.0145143279
687 21.8506548531
748 117.058748646
906 248.890143074
1468 56.5097808982
1551 21.3226192822
1578 69.3726741966
1699 12.104906462
1728 6.03349908715
1741 48.9090600643
1855 38.4689786507
1912 36.9515441079
1967 13.5758562332
1987 42.7982636313
2079 44.5052986078
2172 174.445848085
2489 172.478081711
2738 28.7505609367
2748 24.7359575472
2785 336.963765827
3387 58.7537222788
3503 30.6606133691
3570 6.37621438326
3588 5.49893763603
3600 213.944192141
4030 33.4490454737
4143 40.879131821
4271 68.9568445782
4439 199.7458866
4783 91.249741886
