4 25.636628953
30 30.8770690167
68 101.53059133
199 50.8114615098
265 178.964275075
569 0.694622199472
570 94.7114663138
718 9.32574277752
732 29.5151984293
768 312.647130657
1232 46.1440379324
1337 28.6705227449
1373 33.3802260173
1422 10.6182283756
1439 71.1009168424
1543 26.070911363
1568 40.972921127
1609 26.094313188
1640 21.929947602
1664 0.763478879865
1665 18.5292466224
1690 14.3370915912
1709 20.1664604338
1742 22.7580973599
1768 13.7842188648
1794 138.85603197
1961 37.9739617825
2081 130.200072765
2366 60.8502233638
2905 29.7438857679
2929 9.22178106441
2941 16.4432704745
2963 93.6378643286
3040 0.214709105536
3041 29.5477846087
3078 54.2081596186
3141 9.17585070076
3150 41.1880726299
3172 33.7978982551
3211 49.1148713767
3269 27.6947243043
3282 13.2024291692
3297 33.2102777994
3334 49.3887664385
3389 72.0849996816
3450 42.6567430624
3516 31.5285881491
3571 53.4809283283
3611 27.5133499775
3640 152.144210824
3826 50.6429771446
3922 16.9856587586
3935 18.675984765
3979 44.5583355693
