4 18.9833453351
17 5.25173569914
26 41.7190060829
85 13.3096165798
107 31.9796430529
137 104.969049324
251 9.39065220906
262 113.858333885
341 46.4705113942
385 169.855308942
599 93.0395901466
692 23.3209609498
713 20.059985844
728 12.2433035656
742 9.93174191009
755 108.022907139
942 122.155885417
1146 131.047017246
1512 29.4720390825
1522 89.3745478201
1586 130.486590203
1726 117.395832759
1796 143.045618132
1952 33.9247503571
1994 7.25342809485
2003 110.298687295
2170 138.741754978
2259 37.5757503991
2293 86.801627291
2410 34.2958038211
2455 102.384142205
2582 18.3229730996
2607 26.1588687201
2638 9.83329215804
2648 78.8682888698
2711 82.8082771956
2788 110.181053107
2932 47.3520101155
2991 16.9206901011
3010 24.7542933578
3034 47.0098902283
3084 42.2755270475
3136 267.643001894
