4 138.156462973
187 8.07196353297
197 108.825470953
323 199.307086999
539 63.8851300154
622 22.0936959523
650 201.878257609
835 118.750889034
1020 111.338727837
1114 24.8203474358
1130 51.6751889338
1184 42.159432505
1235 111.142772179
1385 201.906270855
1587 76.9622604006
1653 24.3068602475
1672 54.0922892785
1778 17.5193788688
1798 12.6893299524
1829 13.7558945607
1848 98.1003162613
1944 21.9767257472
1975 27.1351393628
1993 51.084130589
2078 207.016629849
2289 38.4816382708
2321 313.06597858
2679 31.5652974897
