4 160.087054715
274 81.9908255836
414 16.1999879245
429 21.4629390486
497 45.2282440385
567 28.6446309649
669 21.8809833129
709 80.3733496574
865 93.9695134573
1000 25.7630711174
1027 127.100909668
1197 10.5096481647
1213 126.565949765
1370 114.943470281
1533 11.5866106624
1535 29.7221679048
1607 12.735648114
1629 55.8089549038
1705 4.32800016216
1716 9.56109325088
1732 45.9203493427
1820 51.2533360068
1938 60.9924038258
2024 34.5860798392
2073 35.6173332714
2132 86.0813019492
2304 8.9411579082
2322 60.5511294324
2423 141.90395349
2616 237.957135141
3049 92.1188484792
3199 91.0736422032
3346 97.3533212661
