4 37.4481392951
36 45.1869820881
116 4.28158035555
124 137.847233278
396 59.4089917843
533 117.886059378
763 41.7263208644
819 176.007673246
1099 11.8735686465
1114 140.698827265
1249 46.5047650634
1323 39.2869759838
1369 32.0620221643
1398 28.8676414947
1447 20.4266055483
1483 24.4269032278
1520 13.6007206561
1553 19.7883047157
1570 132.76065902
1713 3.47772372487
1718 16.1660381108
1753 129.592770991
1904 43.0685587644
1963 27.8972853429
2029 80.2239071328
2128 205.591958731
2328 28.4458994678
2382 25.7628930942
2399 64.4628321064
2489 14.4264917558
2511 85.9946695555
2631 11.2536114908
2651 44.6901673
2772 258.448092514
3183 88.9564008576
3312 64.2139952242
