4 32.3456111248
51 12.845103639
53 19.5108406672
89 61.6582186422
197 16.1687716575
234 40.7595520303
310 96.2133988732
422 66.256092068
526 58.4168990071
658 9.83785189407
679 22.3415879665
728 79.9887042305
902 24.195136857
938 10.2192932578
959 18.8263595761
995 9.25597104576
996 0.97051532703
997 85.9764571093
1166 63.264088579
1317 131.210571051
1561 95.8349612594
1726 31.087551827
1758 169.946838552
2024 35.2880420504
2071 28.4301363585
2121 16.9215797788
2152 50.1824455751
2226 38.1085990389
2259 69.950827878
2359 38.0477038276
2422 36.0459384301
2472 16.5743111127
2500 17.8542358412
2531 10.8575928523
2555 29.2161196701
2622 145.41414066
2832 241.06166806
3231 85.9099655184
