4 25.2087126736
23 28.4946490192
139 0.18973665961
140 20.6448020486
174 89.2164434775
349 44.8215685619
422 27.1517830701
466 31.2440910884
518 22.5753320479
571 22.0076331633
608 36.277833559
717 82.8375492942
918 34.565498213
982 21.9674217131
1019 49.5502321689
1120 27.0902064751
1142 15.9399163928
1169 55.5547172767
1251 42.1468597919
1307 13.9743552268
1330 33.7153120574
1395 34.1604031452
1446 25.326517749
1477 10.4505581576
1496 37.4672802955
1549 55.5204443355
1664 33.9705751788
1683 83.4478875728
1780 40.7298597051
1847 95.260309749
1979 76.1805921919
2079 119.195998209
2210 19.6589464207
2223 130.43529914
2414 26.0805051374
2456 79.5145366016
2553 96.9713501567
2659 45.7556083994
2660 31.7241256897
2700 43.6242710771
2766 12.6929782629
2784 71.6240359139
2905 28.0221094357
2954 29.3269947099
3005 90.6676791078
3136 159.312744101
3422 124.483181295
3594 128.461816998
3754 91.454144763
3856 123.037526834
4000 25.1794099137
4076 189.779761482
4294 210.096332358
