4 30.3841754166
32 241.272702603
355 19.1769528268
381 30.5725271158
425 28.7701173306
494 44.8781193443
586 31.467105329
628 18.4381094782
663 11.1635675605
687 80.7959569052
837 37.491834983
886 31.837200783
928 141.182587013
1145 64.1482516875
1222 183.097907222
1392 152.924182209
1619 66.7387541237
1698 92.0214668805
1874 51.6551709553
1945 32.4448062974
1974 275.216522352
2447 62.0334692255
2541 128.168231074
2729 43.8057744671
2790 66.5912725864
2808 55.6819021985
2971 8.07790169351
2982 101.450057283
3107 11.0382973665
3130 162.13643611
3386 176.947327113
3643 275.144364373
4065 85.0663642718
4202 65.7921322069
4288 31.1430641417
4349 107.429542727
4492 299.243675871
