4 34.7123025276
20 95.0534064829
212 83.2509575398
384 128.662253607
580 201.375002346
923 66.325808533
1025 47.5137828999
1120 32.7212431231
1184 23.3965584026
1251 42.2977195337
1316 30.7901604923
1384 13.5180647242
1409 17.6072875457
1464 65.3960646191
1571 46.0847208643
1655 64.6179542103
1796 104.258688496
1972 9.08316211201
2001 46.0663469021
2165 8.01860940342
2192 0.506063237155
2193 48.19641909
2293 106.392724909
2617 18.4129803104
2626 26.3790650243
2679 32.2025058136
2740 47.7943793348
2822 54.3611051094
2951 13.1530351512
2976 59.315774819
3078 55.672348763
3161 7.15088421045
3173 145.82774515
3446 81.8075850638
3640 37.2256729657
3687 149.749742368
3887 20.9414027705
3931 131.292352626
4204 45.1394482077
4289 34.9025548634
4355 176.090000867
4636 43.53603811
4671 13.9125345362
4727 72.5005910909
4929 135.92470265
5133 82.3708271831
5344 104.157502075
5477 39.0739713079
5522 6.42529179081
5536 24.9376929207
5598 114.656637113
5871 137.578508881
