4 31.8299125389
34 36.3459846348
93 82.9578587768
214 30.3386015575
266 128.657135464
436 85.9792457377
525 68.0863945261
656 38.6898011767
714 143.24195819
919 87.2341585433
1062 26.983519849
1073 40.8322669134
1136 10.4557284283
1151 41.0574266992
1227 37.9422901544
1283 26.5796448245
1333 92.4604406151
1463 25.7709223072
1483 11.2810484449
1499 19.3166623887
1537 52.6482507466
1642 110.420663882
1800 38.5873596215
1872 70.8288922571
1943 16.7853187053
1983 70.2809094254
2070 27.9335230022
2138 19.9575153127
2172 18.9549388871
2177 139.293141613
2417 11.2477935846
2437 28.7980937848
2493 4.39141453865
2500 53.4757386236
2603 59.7720803708
2692 75.0514335325
2841 8.91712568753
2859 54.2881819392
2964 117.681393616
3131 22.9570583459
3164 353.892898778
3570 36.2309638623
3624 51.5469943957
