4 60.4443570821
83 17.3183550513
95 5.68707634979
106 72.6629707199
214 46.5329771075
272 26.3379395544
301 3.48613528669
311 56.7677335597
392 96.9045548606
552 107.049648415
762 37.6710480832
801 75.3974732417
945 6.48785348575
961 17.2020580911
993 29.1530249596
1064 33.3842906736
1084 8.23154465514
1100 51.1038253849
1226 141.395607405
1479 203.31325085
1842 91.0463507327
2028 143.746667721
2437 59.3456225374
2533 64.7003136096
2628 45.0453270532
2727 86.7126062385
2913 59.4478686003
3105 38.5652865651
3162 67.4438058761
3293 56.632567957
