4 15.7077589377
8 8.42333350635
11 23.9269507041
19 57.2771416814
32 105.770261588
50 121.842208772
82 139.848306583
110 25.7051223914
117 9.71090197458
119 31.2913227612
128 131.594798221
143 116.651961931
159 18.8592119652
161 70.2981712498
174 31.4892321233
182 91.0164976087
218 8.66658525603
219 43.8079384637
226 102.80515345
237 22.0150024066
242 88.2725824061
264 37.0501392012
273 34.4412963881
279 16.2229896875
284 54.6826955821
292 287.570247638
322 50.4743566111
339 36.3210832296
351 35.5852451614
360 50.0699338075
371 108.940567791
394 14.4663367858
395 70.2259173607
409 61.0512766657
427 59.8874561252
450 50.2649941917
459 41.8608676454
469 63.0763561804
475 63.8835624945
489 44.5197682915
500 84.0388288402
516 112.848975425
540 14.0195437035
545 116.147744705
556 10.6057719443
560 28.4860471131
569 137.265710716
