4 11.8287837942
6 8.28384572527
7 69.8744797476
21 9.03393660875
23 106.859903331
52 112.04468092
70 11.5509739849
71 92.4967589247
93 103.025116339
126 31.9217057383
136 131.482070163
157 55.4968837124
185 22.193703005
190 24.9108524311
196 44.1883922702
208 63.9140133538
221 23.0462601779
228 43.7987423436
236 30.6571034832
247 11.1756369644
251 102.214393357
271 39.640937088
283 92.1063878792
291 10.8563345564
292 50.652098448
301 71.7570904546
311 29.5657715686
315 128.320290468
337 134.793474052
354 78.3595461262
364 26.0924738274
374 87.6773319734
402 33.938716053
411 111.155481743
433 60.1434454446
441 48.9035322713
450 11.3702342663
453 67.9121311254
464 51.7094262427
488 70.4267246564
497 16.0759744484
501 110.823519109
519 21.0063328723
528 23.7838976255
534 40.3121345045
549 18.7981894001
553 47.5073244793
561 30.486225533
567 85.2280750196
608 59.9504298285
628 9.24064182755
631 86.4165195672
646 21.5085607417
