4 36.0252888204
28 0.18973665961
29 140.95976793
219 24.2477116503
274 114.575073256
381 30.1325048932
408 25.5643172396
428 11.308714204
448 15.8621581507
475 112.689454173
635 80.2309398226
800 18.1592483733
812 22.5373337963
861 6.05735072525
871 11.1255890604
886 8.52454370998
898 8.44481330351
909 121.160264554
1013 22.4409437876
1028 4.00591512067
1036 110.434621677
1193 37.0697559585
1245 46.6573920395
1326 13.2323377844
1335 30.6061483302
1380 9.89003025253
1398 32.3005504904
1462 0.446542271235
1463 24.86699136
1496 4.21670939995
1504 17.0857595164
1530 312.101797931
1987 64.3470922064
2110 12.4931175379
2128 107.676481724
2323 75.2948520759
2500 21.072047931
2549 59.9076101966
2666 151.823857097
2875 81.5965849259
3093 68.5830783389
3168 117.528078217
3383 88.3706612198
3542 44.9931505998
3586 24.9823889785
3615 87.1606876386
