4 16.1870547857
7 32.8317864839
18 40.192001709
36 65.4640845731
49 33.8782286237
57 63.9882824312
81 165.242462344
93 52.9607290597
109 29.8755527609
119 97.3994290598
144 15.8604597
147 106.891632343
175 74.1691833329
205 25.5605417089
210 66.0399480427
231 12.583653841
235 68.2460608401
255 54.6434428373
273 68.6202511487
280 109.708688544
296 129.507511502
320 26.7606705147
324 125.530469184
344 162.350681778
363 28.1493246915
370 42.8244128277
383 158.070733594
409 55.3324033336
419 150.614699575
459 8.33975795284
462 58.5323406707
475 50.0137860472
484 18.9535570401
493 36.6064662285
510 41.99503577
517 41.0024048134
529 55.3339937257
