4 61.785830129
17 12.5433737573
21 30.2353663988
36 89.0525514619
55 47.5869164494
62 35.8931297793
73 72.9989690567
87 3.79216297118
88 36.443472131
101 20.2015065222
111 122.328967872
131 22.3679988946
140 82.7613996091
161 50.3337892706
178 15.7870122476
182 2.96211073392
183 22.8100701223
190 57.6253733446
208 62.1824147291
226 3.35691822957
227 65.3155030592
259 31.4434941773
274 19.9528644222
281 169.994260046
312 115.40482532
340 61.3085618494
362 50.6344419323
373 14.2958149884
380 38.5248102599
387 42.2419490039
398 41.9572482667
404 152.935487417
416 66.3873322733
431 23.311654931
439 40.9137334831
450 85.7298987216
460 81.6134448129
472 4.07456746171
473 93.2971485282
492 25.9385401287
496 15.6093323857
500 109.540568851
530 40.5140628186
539 75.6237251132
560 42.4630686474
570 23.437302045
583 53.6924264389
