4 24.5453408122
9 79.3390487702
23 38.1905029108
35 20.7880497609
38 15.1565970945
44 19.3772735973
52 7.76622173261
53 68.0131275191
61 23.2241146535
68 90.6177569614
80 61.3497039661
87 43.1460601812
94 47.4675028828
102 60.4657504619
114 40.1397087065
121 120.75714963
138 119.158561047
163 34.2064638989
172 99.7162566902
189 147.500396302
211 32.2489123632
217 273.915133125
240 50.1156214728
246 125.268894815
264 105.52603466
280 79.6645174558
309 104.959230441
318 34.7666108347
327 134.579554648
349 43.3334200163
361 63.3385510151
375 107.309357877
388 98.893826793
411 95.9963387661
429 124.590906376
444 118.159100565
459 10.9722205444
463 15.8340986556
467 70.7239300056
