4 24.3299487131
8 119.717152154
24 37.918350497
34 19.7303293092
42 133.098804165
71 17.9155100754
76 43.8262469295
83 22.5732778548
85 69.6228310926
100 8.91826961874
102 81.2911030854
127 29.219139779
136 28.4881153047
141 133.157119185
167 54.3746475198
174 20.8682715506
176 61.0761037733
189 125.160495732
213 166.232584018
242 36.1491513737
251 82.0957379186
270 21.0277290057
276 58.0580303476
287 35.7563189643
293 111.551093085
304 28.8165304795
308 140.758397424
323 23.1387153465
333 33.5187564504
337 10.9861151796
339 58.4104872762
353 137.255374263
363 103.731149739
