4 21.7530475292
9 25.6798504832
15 24.0938205917
22 53.4799404922
36 45.5106145157
45 30.62241881
52 28.594024612
59 117.980199753
78 15.6846075623
85 116.473861784
114 62.7718557295
131 40.949662989
139 44.7818099104
152 60.4638755075
160 54.3791981079
173 18.7570367813
178 2.49004016032
179 76.9260918626
208 8.38698173321
213 16.4326618291
220 101.71231955
253 13.0674588363
260 114.311858981
279 81.3311178306
301 22.9264240739
305 0.913509715329
306 52.1291125205
317 226.029366939
342 274.909489351
381 45.7528098226
386 68.1604035193
390 67.9534255611
407 66.2613714694
426 129.944989919
453 50.0377695092
463 26.731478961
472 105.351065142
498 46.2795974256
503 31.8013525206
513 104.813037319
551 68.8088347207
562 115.197998168
578 17.9942478545
