4 19.9687685541
10 22.8179337993
17 128.8303206
41 18.2899019891
46 20.4594564816
54 82.4143603402
78 110.551611455
103 24.8107680807
108 3.11568612026
109 51.7995143426
127 5.26960276958
129 44.5884136889
141 62.3478621782
150 10.6323476261
153 40.3663124228
159 37.8024249678
169 65.8034511474
185 27.2060695624
192 12.352591199
198 119.121446447
216 69.0354459691
234 2.11307832321
235 42.0369887127
250 86.3113106008
261 43.9151945031
273 30.4633478897
276 14.2158246966
279 87.3609104861
292 58.8548717569
303 63.2138637962
310 11.5833598849
316 6.7195014696
317 2.14014018232
318 20.8788807452
326 42.2757714034
349 38.4994405922
358 6.63323964432
360 75.9311467326
378 84.93144423
400 111.611855572
419 215.255088124
448 59.075255614
470 48.501488722
476 22.6442000388
484 231.16243423
520 58.7599027643
530 44.5736990525
536 59.5690398232
541 129.871503224
567 30.9723622668
577 34.9312209417
585 50.8556802014
592 20.0409246072
597 34.0436554701
616 16.0825144096
621 118.63466744
647 134.538611088
