4 34.2384514754
9 145.859069875
38 146.418089885
65 24.8515038524
71 89.8248086875
95 71.7913435045
109 32.8698239756
122 27.0396799164
139 201.121152896
159 100.137305987
173 57.7755928458
181 82.5829845346
196 38.1083102038
205 33.0292728985
224 118.865392504
254 18.1346091656
257 82.2851486365
282 11.0968017274
285 5.68139067483
286 24.8060223687
293 42.8550489942
308 77.0790572407
329 144.253262395
356 93.3047361726
374 21.8045689356
376 32.517167775
382 43.5063933628
391 74.3766710666
407 159.300715654
436 95.6472720725
459 83.647943124
482 51.7293239104
499 115.421142139
518 126.933839888
535 146.234039418
