4 90.6814496381
31 18.9858834896
34 190.456572072
57 82.0137006391
78 90.5734837203
84 44.1466762532
88 27.6176080344
93 85.4113347543
122 5.02981112965
123 109.880078906
138 96.252193753
158 17.9413771539
160 90.7546796151
176 94.9667951533
193 116.006996083
211 24.487169905
217 17.1228013164
223 35.2479831748
228 144.092917324
249 28.1389437904
256 151.970419408
276 68.9823537411
298 22.8436558208
305 110.757762964
327 83.4632481393
349 35.552614195
357 17.4522813472
362 9.66054220111
364 193.436808789
378 192.978031142
396 56.0909804214
412 41.0508670726
418 14.2120858371
423 73.2805629191
430 131.871167913
450 33.7559294661
462 35.5532649639
469 115.452478337
483 15.7147189326
489 107.963738996
503 48.3956691324
512 153.474247302
554 66.901445614
575 280.66042899
616 31.8519988728
624 82.9012779335
