4 19.2468079485
11 17.9300427738
17 32.2688023803
22 84.2443117441
33 16.3169707132
35 13.8893587445
39 27.2042902599
48 53.2763374792
56 40.0882530581
73 30.4052960825
81 35.9463949859
91 23.2180427619
96 55.9053387182
106 46.8878531651
116 17.2808666629
120 17.0741567983
123 75.2746446263
137 8.92390932682
140 60.454485942
150 18.6503014549
152 17.8091952844
157 58.9876735324
168 22.1668050214
175 32.1143407766
184 45.0112358481
197 39.3226635984
203 33.1871171483
212 94.6394750955
224 109.487867743
253 15.5202280885
257 25.4769858342
262 83.9551318288
277 186.618886606
303 165.291182458
330 97.5858431958
341 6.99091553375
342 141.269566254
367 227.449536397
393 52.2865225381
403 89.8348485834
422 98.7854795394
434 41.0928398801
438 19.2441760555
441 8.50546295036
442 47.8206345538
