4 30.3907010261
15 61.9498441376
28 81.9358830482
41 17.8816119402
46 17.213278349
52 13.3649387255
59 7.27745630992
61 192.426258719
117 82.9052636715
124 65.5289476015
139 26.3890255666
149 123.473348435
168 22.6632782775
173 6.09390679285
174 39.3277732731
185 38.1564060065
198 68.8347179342
212 58.648440699
227 77.007390033
237 112.699290707
257 118.796119697
280 36.4925528725
293 38.8055892491
302 79.6181940972
321 53.2971831593
330 11.7970096768
334 85.4734202499
360 75.9472919562
386 91.5221854847
411 19.9281055843
419 216.422243315
450 95.7480999988
468 121.111757649
478 16.8244930812
481 16.4639132403
483 72.2920013829
501 82.3549549008
517 35.5894074399
