4 16.8273498505
11 24.1168946317
18 74.230077837
35 102.251717604
64 81.8074513389
87 89.8993797959
106 9.7667178964
108 160.448055645
136 130.704302533
156 55.4852115027
168 37.5344334469
177 206.189837532
202 25.4228285491
206 53.5578382931
216 13.0239715937
219 46.8377701921
238 6.78403427397
241 47.1812464464
257 95.6470009175
278 28.8563532412
283 19.0784361682
290 102.294458706
308 43.811671904
320 173.733369686
342 171.526090654
378 19.1922443737
381 30.6521012885
387 43.9444094622
394 26.9352489851
398 27.9024030979
405 86.0062344474
421 23.1062741485
428 57.8772620976
446 15.9634655227
451 43.9915076459
460 105.060893836
