4 91.3980398769
26 28.0681057222
31 18.7979043472
36 106.558125991
54 2.11480495555
55 55.9066040838
63 64.4633760743
74 72.3407107045
96 24.0192699739
100 3.33472637558
101 16.4295416085
106 53.0007497523
117 1.04321618086
118 22.9067258774
123 36.8440549507
134 84.2030345113
151 85.8247887616
165 49.9246852185
178 28.3642098792
182 24.4299881078
188 64.1718361213
198 85.8974387769
214 26.9832891592
219 14.9182910358
223 78.0385152076
238 243.969201169
271 62.5438500989
281 39.6214119986
288 84.4787426014
300 28.5146983465
