4 15.7913190116
6 4.48639053137
7 143.616750381
33 46.2562242837
48 3.40214638133
49 78.0518457937
66 43.714987106
73 62.7812010561
81 15.5714642857
82 94.4203134866
94 38.8692090157
101 44.4824148463
108 56.4545639747
117 20.8737975761
121 75.2871314851
136 92.3782227145
159 50.2881457794
171 46.8030796607
184 20.7700362773
190 37.6047059831
195 8.70853996634
199 88.8681072871
215 17.5393562414
218 14.0580603517
223 56.5160876284
236 38.3268906638
242 103.40727222
255 85.2341684503
269 14.7198039521
274 62.7755558124
290 51.6128875773
300 14.8281586839
303 41.6285638091
315 30.7128684108
