4 107.748860115
29 21.8887410652
34 163.594972317
76 75.7759283806
111 244.287567315
185 37.4192855553
193 55.6243903146
209 47.9918636959
219 18.823293074
227 48.3737316852
250 120.366363037
276 20.1916910768
286 3.05064878154
288 178.862866921
355 40.8078415523
381 114.05694946
435 20.2047661507
440 28.2160688356
464 37.6340530519
475 216.751825561
550 1.59956244017
551 113.531633341
579 63.9624048881
587 6.26761176913
594 12.6441565733
602 10.4214882688
611 53.5513749157
630 89.9209569004
662 343.375078545
