4 29.2422269855
9 21.4017579888
22 128.931367557
69 58.3605033389
111 11.7440341928
119 9.41078921657
128 10.4080118499
139 25.4379426775
157 10.4842637694
159 35.9316837901
171 137.520570996
234 164.363011786
310 8.04607489341
316 89.9474627433
345 46.8236121916
368 20.2353269064
389 141.642206821
459 39.2995906698
475 206.398324445
560 5.16781101446
564 152.495140737
622 9.3802481934
630 147.304798188
680 115.405930079
746 267.622820644
817 15.4473077112
827 22.3506201741
843 16.6014686392
849 10.1457887974
852 55.2069237909
892 11.0807263845
902 30.6963214022
935 18.4158136874
942 58.0251763758
983 69.2059371709
1003 13.5110056779
1008 61.5303414631
1033 62.8101592262
1062 14.9019770059
1073 18.4576128819
1083 23.0051377014
1090 156.384726241
1138 179.678118479
1194 194.619402919
1238 154.31174954
1296 120.895098209
1321 121.918030162
1355 23.359233147
1366 152.264789684
1408 124.14152704
1491 73.9568876529
1536 63.5075862128
1566 27.6526811832
1586 115.990373807
1617 140.051896467
1681 96.4652865428
1697 113.807852553
1771 14.9328641371
1780 39.0357607439
1792 158.080989027
1843 110.970508508
1943 9.70235248181
1949 27.835969709
1971 28.5053073462
