4 54.1527689713
16 86.3286004533
50 49.1990843683
67 9.95851879569
73 59.1602099812
108 27.095110299
120 2.09597232806
121 21.5694058549
132 99.2151608294
185 26.670018549
199 66.905290367
223 91.4846230403
254 16.397237906
267 28.7742890892
286 15.5776980222
298 4.49795944803
301 56.8719745705
322 119.385857535
374 9.94797812904
379 36.2456757553
393 241.34309058
437 68.0097482036
463 5.34103753696
467 14.7388511111
485 27.4108922459
491 112.204923456
532 14.0063736716
540 202.559859692
608 48.4270821924
622 69.0211426
651 29.818353254
679 25.4460384589
687 100.415623288
729 18.0576724677
741 5.75690517189
748 10.7855771842
757 39.6897282346
772 331.426563843
851 78.2557036107
877 129.823480629
929 50.8295285685
965 26.5367186649
979 78.2500462213
998 2.53049402291
999 3.80360355453
1000 45.2613647522
1016 20.9981446765
1030 13.3853647093
