4 33.2725869372
13 148.667235742
46 16.8368824302
50 60.1312796166
68 14.215387334
71 72.6393301699
93 13.919343609
97 17.6297827936
101 40.6548177836
119 48.2352028058
138 53.0887547162
155 23.4294439304
162 158.359949491
184 56.7308043152
200 19.1554958239
205 31.963250667
214 8.3639135119
218 55.5919837157
236 107.381197998
252 55.631118441
273 11.7543871432
280 16.553478568
289 166.1407403
318 33.3709459814
325 51.9034718134
342 42.5210695637
355 55.0738484718
376 72.6628088552
399 35.2717309222
421 49.6614704578
435 251.769841171
471 40.2294987538
485 22.3274067673
493 31.1712980262
504 49.4108826725
528 32.7970818966
