4 69.6699861282
18 61.3427133868
33 118.324372962
62 20.2087455467
65 27.7063740919
72 101.575378696
96 7.93837805549
99 74.9418330121
111 66.941851176
125 4.97386167882
126 73.1270070443
139 99.3140026029
162 94.9574851268
192 17.3875951844
198 2.86750762859
199 7.29723878135
201 36.1792251312
222 63.2933539
233 40.3912728672
240 81.0517196597
259 26.6429531787
267 140.486202567
299 34.9198433198
307 126.411025251
323 104.293892474
345 24.7656072299
352 4.82020746441
353 90.9197041779
360 99.7094409862
376 67.3195097798
414 22.3696236452
419 59.5951542369
442 36.9932715617
448 8.25519675171
451 165.091794163
499 112.76086057
515 3.09530289309
516 69.178464749
537 23.985114566
545 97.1434222822
599 24.656336601
609 88.7710950623
628 78.8508719436
646 63.2210924335
673 124.050830552
710 30.8650053705
725 135.781935714
