4 14.3220731281
11 13.5775533072
27 119.488355864
124 36.8430339936
156 33.0097777547
188 47.2533657679
229 68.0646936513
277 17.5599283591
287 17.3756711131
299 0.742159012611
300 86.2795222937
347 132.000174997
405 41.9491468991
454 5.63898539395
458 108.220705877
509 17.2464000803
517 10.7806973644
524 14.9162515719
529 95.0604457871
573 54.7742760238
630 5.13559684502
635 5.98357939247
640 13.8273135852
645 15.9973213835
652 6.46302753698
657 22.2548320136
669 23.6558089151
683 39.0320915509
692 72.8700215395
743 197.45262387
