4 20.5470831207
9 11.0265355253
16 32.2893738253
31 112.012770359
88 61.9964630686
116 125.2541861
148 25.8929373498
163 28.8982714425
173 16.3291040399
181 123.380543125
225 18.5104412158
231 14.1440602424
240 61.2570597339
261 7.87240636891
266 161.429556022
322 22.562923473
334 11.2911780889
340 4.14973266032
342 16.9942420986
348 50.2232958746
370 12.6440016921
375 121.132660244
408 43.1731582247
427 13.0214354053
430 109.235153558
455 55.5293726242
483 53.8080547544
499 32.7870165683
508 17.3283927683
514 207.645296389
544 61.8222786226
563 80.7267246248
587 88.5484118112
614 107.639858817
657 67.1267382132
686 94.2812883405
725 13.4488025765
730 12.6843617267
735 74.664098107
