4 17.3851439549
9 110.71081071
31 126.613370312
62 15.9489216592
69 16.9696789839
77 83.4921100156
126 13.4470344428
130 51.8981797233
150 53.1204525357
163 37.2294158581
183 35.9948120135
195 46.7026865488
213 46.1845378954
230 11.680356296
234 17.4710623012
245 79.850937111
267 132.162840356
289 87.0625084461
302 113.529018819
332 133.08749962
370 214.208861949
432 52.6101785524
456 15.7617836476
461 20.8325280229
467 22.2597915117
476 86.288721234
511 80.4894701679
538 56.4558042707
569 69.2913512533
603 51.7422146592
