4 19.0821951212
10 6.34007185252
14 75.855834783
47 107.392805635
80 16.3575105043
91 17.3831175435
102 13.2856827979
109 45.4187768941
126 23.6499741617
139 86.5622194041
177 33.7351779565
192 15.0335007137
199 6.66583564775
202 72.8128403236
222 39.8884135009
232 12.9522294354
237 30.9662761475
244 59.8579465075
263 60.9502542105
283 80.8858900584
308 13.6427398223
312 57.3061044624
320 29.262806089
329 63.1136220697
353 28.9935950135
361 42.9267589517
371 235.726527844
408 27.9537887756
420 221.8554749
446 58.6119225761
471 89.2802955222
488 101.975316272
523 15.5193923635
529 116.961029551
564 107.461889107
605 27.1787543284
615 16.7854699578
626 73.0232225646
648 41.4952818254
