4 23.7120191026
15 46.7576041262
42 9.55665926705
47 257.290839893
134 138.696054655
200 42.3348527772
211 119.974851495
246 9.14541830222
256 34.2275112399
266 4.41948205987
269 95.7916417453
288 22.9946778594
302 9.16550791296
309 10.4099668535
314 25.0715229279
321 11.3833010231
328 14.4534906133
335 71.8403105992
364 115.995663117
408 43.1784844286
419 21.1887874533
426 32.7747605099
434 181.707451349
456 13.0159497044
463 32.8107734464
486 35.0713006038
501 19.0171316966
524 4.68304388192
525 146.68757165
574 54.5307400276
593 62.8393584525
639 116.920530796
690 35.6302723627
708 83.908661958
720 84.5100020233
749 2.32742522296
752 36.9820764716
762 38.2825496501
773 28.8008997386
778 21.0456993966
782 32.1786120491
794 59.3664810412
807 26.9747461915
813 96.4302152699
863 45.702251593
871 69.3711884592
905 44.4862642519
957 14.8677793671
962 19.4782239339
976 74.7878669663
