4 24.5256282829
17 22.221511439
34 59.4416052079
85 40.1374182416
114 11.4097750934
123 0.720347138538
124 42.0634125537
161 79.8437320384
185 63.8421851446
224 40.9120703755
234 44.2762456515
253 21.8554491094
264 38.7836761714
284 201.690751976
359 13.7439392357
364 23.8526261957
375 67.2728406125
414 119.188609648
457 27.6811384933
466 8.67983303683
471 105.209713783
547 75.8982381756
601 103.875699564
630 22.8367270575
638 12.5096162393
646 65.8730713465
671 50.8551510335
713 8.46168112945
721 87.3941528356
779 11.0263522077
792 96.1051865854
845 44.6563202927
884 22.3732544385
895 49.6017210079
931 100.926210994
968 39.0388163749
985 3.56613293769
990 8.72198962263
996 17.1128192589
1007 24.4143899913
1025 38.227127093
1041 87.1868616773
1072 98.4404062216
1106 98.3109511108
1148 9.93728293593
1154 18.5124066518
1162 26.6264280565
1189 40.810179496
1211 90.0075941941
1254 39.0256350083
1276 70.2318182445
1287 188.003910484
1345 7.59012821135
1352 45.7155501497
1373 32.8158245067
1397 10.5386323241
1406 43.9189794838
1433 18.899478016
1442 72.2663760672
1484 62.3978399604
1529 31.2681063467
1565 64.4611216077
