4 18.8009092175
16 26.0356672395
48 25.8860669095
83 119.323857764
172 24.1557554372
189 17.4467617688
198 18.0954369567
208 13.09571115
220 12.061168798
232 127.905906584
273 59.7722564268
321 18.4138228876
335 17.7255578998
345 29.2466657715
359 37.157697342
377 23.2168239512
395 22.9088338563
405 24.2465813769
412 16.4591931448
422 16.2590269545
434 19.0608656364
450 16.5247881415
477 8.52788415705
489 39.5461715067
532 8.39735458675
543 11.8255739223
557 8.32306691398
564 38.9825564728
579 5.14327903789
585 15.2612806657
607 12.2219410229
616 121.09616273
663 97.5163638095
720 46.2846845652
740 57.0392907362
761 171.410504499
825 56.6612357683
838 21.9728029009
849 9.55052947911
853 6.85729250096
858 9.95880381749
864 22.7064859682
872 106.29369351
948 32.4138385632
967 17.6684946312
979 150.863269087
1016 154.443652085
1068 8.20353558
1080 51.6685326223
1102 18.0722574194
1109 5.18291401178
1111 220.883726804
1163 42.3001989888
1207 36.4540799245
