4 32.0770317588
31 54.6708529085
61 13.1211573367
68 8.75949989655
76 89.5763229832
130 22.6840534082
146 21.1743023632
165 63.8029098789
207 5.31407986016
211 62.9077718126
240 57.8396569349
279 105.161424221
390 31.779882526
426 4.74240694264
435 57.0454691294
487 120.842227173
564 147.346967175
651 63.9842481879
692 9.96069827951
700 62.7194110436
752 13.2447429441
769 61.6235499771
850 76.1780343263
946 35.0676970022
976 93.6049776109
1079 9.41474038741
1094 24.484111348
1125 14.5486230088
1146 41.8145177457
1203 59.4266377059
1238 40.7917121975
1258 36.1885263353
1291 202.306553723
1331 148.733062338
1407 5.74309086589
1416 63.2452113748
1465 42.4500996448
1495 31.5371091885
1510 45.7012092908
1552 43.7464983712
1575 41.6951834921
1621 12.1593850875
1632 13.1827659797
1645 62.3609448384
