4 28.0872953967
19 80.3901431027
41 92.4644861211
107 90.8489678585
183 22.0621769059
199 13.4557482391
207 12.0248516167
222 97.630041832
273 64.4165765005
319 15.167170564
327 75.45148117
373 16.4229331682
388 58.127027995
428 9.44079963554
439 70.7054356977
454 18.9468526955
470 4.92390534838
474 200.802995529
573 138.737088473
645 17.9393761653
663 91.0891262179
687 25.4360375212
704 85.2256793214
746 36.869720996
775 14.885170376
789 25.4107069352
821 9.89039371299
839 8.64578779637
849 12.8693731515
871 215.151159994
956 64.8888842324
1011 83.5066871556
1026 37.8638308699
1048 37.5371618367
1066 28.2090065618
1085 71.1506207099
1128 16.816344667
1148 68.4310732369
1212 20.300631869
1241 86.6981865672
1319 10.0628786679
1329 38.7882942956
1373 39.8116681563
1433 40.929796813
1473 25.599402452
1500 67.1961152984
