13 287.465546927
27 78.3552715019
34 378.259082599
43 18.8024678625
76 139.089460376
106 77.4376985903
118 324.14884238
126 77.4376985903
127 359.819623353
130 36.3890692253
138 33.1108912076
166 36.9544747113
172 27.0058686312
190 37.6275929473
210 109.85178588
215 217.990190642
222 16.4591411333
228 429.37065464
251 424.130782839
268 16.7954639218
279 48.9681728532
310 33.1108912076
313 23.3873141203
334 70.6511806082
367 23.6567951696
435 44.3980823779
529 54.473408091
538 4.26264030958
543 23.9072718418
581 89.4057296762
