17 102.995158101
20 5.01746762313
26 159.941199671
31 255.199203705
34 384.109778163
45 28.4471811804
50 237.330471202
68 235.889332741
80 7.11603047692
83 181.992115738
94 435.872478811
114 361.420625587
115 39.6175146561
150 329.517507223
174 132.982725414
191 78.7632639639
234 74.6631209482
252 5.46339828989
255 435.507336216
256 6.41146748612
261 210.368296719
288 441.631867447
308 59.6770156472
362 113.758405429
396 20.1675945383
411 2.71722330734
413 5.46339828989
419 210.308961709
462 60.4458548759
500 23.8967958428
522 10.9421481585
551 132.524870625
571 1.77262517188
664 37.1982038058
727 5.73649984949
732 78.3107033973
767 9.1329685909
786 31.1475237976
