9 122.720747562
12 6.99900851828
17 158.77552752
20 297.171219256
41 388.554000865
55 24.344990962
65 349.224666854
74 40.8433240813
94 120.673401099
112 55.768358185
124 250.295934274
137 328.333353082
146 429.3778573
198 12.1265580091
205 83.4206181141
223 400.183775948
255 393.786737337
286 355.917349429
319 334.947083653
331 77.594083248
382 113.716561415
416 109.870822983
449 7.5784010544
454 14.6382567445
463 36.297555495
495 25.0546385362
526 63.3904428969
559 19.3652712226
574 9.61521500106
601 22.8606546036
