17 44.2086419321
26 136.963900939
34 27.5703129677
48 10.9855905618
78 55.1959548509
90 37.4956655808
95 207.528755207
96 4.54261371087
100 7.00641444566
108 202.261382943
112 383.330096827
177 166.141750534
179 206.945385853
182 484.681535221
193 393.226284248
209 31.13826819
221 8.555818734
250 13.4591449616
282 322.28722017
291 472.206861043
345 481.03889367
347 1.43464281269
351 6.3487113082
354 143.476110619
413 56.2163372015
427 35.3452033833
526 236.441531983
603 40.0711794982
650 14.3126022296
655 81.475051307
707 92.2371979456
848 79.9941873969
