15 307.410009757
25 419.97527649
41 24.940744744
66 69.6621394124
92 111.429539504
107 3.49125976398
112 335.998716025
121 91.0297222361
132 363.617042943
198 34.8074928398
222 9.00666727554
231 125.669587837
298 139.122783566
311 9.94311891128
322 103.979276046
343 363.198962572
356 575.197413891
403 24.2263062602
418 7.04348593182
420 33.8584804169
486 51.3830744161
526 14.7670113726
540 26.7712914738
556 124.323884021
570 0.93107464792
572 248.816223049
600 507.737155763
623 0.969165838303
730 20.4796701857
739 21.8903159276
751 13.5130693846
779 61.3298091885
822 114.107148292
824 9.7334753616
832 474.021738301
880 15.296539464
888 76.9431202695
958 35.8195524139
1011 248.648455933
1059 224.158108674
1112 91.0297222361
1113 494.006863402
1190 74.0004184789
1241 233.7404543
1331 8.1318646154
1338 13.4668762805
