37 81.6027231183
45 317.436568282
76 62.0193415137
84 121.968072538
257 118.468005463
294 108.969389157
367 15.5190666013
389 150.683833088
427 32.8426266715
463 4.7124909344
466 69.0737464685
486 90.6125100992
513 469.321876736
579 88.1631014596
598 71.8828417159
604 22.8426605751
621 414.209487605
622 31.9095839117
652 21.4395725869
672 85.1929568906
734 41.9859738585
757 22.3960135887
776 241.272258079
799 7.89598230114
807 13.8733444821
826 15.7872908826
890 45.1352577954
913 25.2131833787
940 2.15379151023
943 45.3500749895
951 57.1073460476
969 1.08360509412
