10 48.6011330684
12 4.7646692697
16 368.181044707
26 1.26214103808
33 21.6482386687
35 76.2349087277
42 67.0898238132
45 423.089099991
56 385.78773743
101 13.2648245289
106 18.8291949306
121 34.7126672932
138 37.3511182764
147 43.9895772834
152 101.685285153
154 18.7546305123
163 172.745084882
171 414.742047286
242 114.92809356
271 66.1482253733
290 248.807269507
294 21.7736788076
297 29.7651624003
305 461.007863868
318 21.2025591199
349 88.0275954795
384 115.717638763
425 134.525685629
483 17.7068265957
487 20.0142506654
493 21.5232729148
500 124.99864806
