67 0.0
110 51.344843654
148 344.852648065
199 19.3105435993
265 1.59491399471
301 128.575375606
433 372.430541137
569 237.327793512
718 378.36127415
732 9.7164209061
768 46.3693859797
949 175.807649716
1015 308.893764298
1232 29.3949544969
1337 31.2265999101
1373 32.1835064963
1422 7.66707864013
1439 11.4166573714
1467 47.2964758807
1485 77.7174062702
1521 157.266026172
1543 21.6114471931
1568 22.4529428248
1609 10.7540332626
1640 8.90228741993
1664 13.4424953453
1690 5.41301201594
1709 15.8004159737
1742 14.3948332999
1768 18.0887109283
1794 140.02697334
1961 24.9437020712
2049 295.273455244
2081 30.1628121987
2154 231.266194822
2173 309.416334279
2209 288.079410688
2258 344.879681204
2362 35.9130730102
2366 136.057768072
2529 304.785834713
2536 19.9847588786
2554 221.356597996
2580 342.71879378
2622 356.571529372
2653 345.445055974
2677 293.011115741
2702 287.114063775
2721 289.164641556
2754 278.758862146
