6 67.1934420795
21 89.6848370791
48 334.068623151
50 61.3061273722
118 125.446996675
159 181.488068955
175 390.718419481
247 392.325903228
275 246.3761223
351 197.873062781
362 206.766067712
378 367.997927264
429 5.64794240517
437 284.593726957
497 13.5504489979
525 347.532570235
709 19.9741251377
764 353.145986484
882 354.087015812
1027 34.7674674944
1213 48.301361054
1535 34.4543460312
1607 20.6782490362
1629 35.4267947033
1705 4.86036858747
1716 6.84949151803
1732 55.8307231635
1820 17.2809004302
1938 38.9520485855
2024 29.2486816346
2073 38.1554718653
2132 7.34442762661
