23 97.5263268979
45 128.229498407
65 418.060743594
119 10.0476169499
139 6.91541739732
174 13.8352781321
236 89.2479927077
264 420.86918645
363 506.525246319
422 36.5141631454
492 211.985511496
518 24.5085462694
717 3.70511778535
722 31.7964028622
756 131.43855049
865 248.4061944
1072 115.709397093
1142 1.18364143104
1148 311.005688488
1169 23.2305818825
1307 11.9579312333
1330 68.3467454789
1446 17.565826206
1658 72.5865944705
1683 14.2649316192
1780 73.0531127604
2223 137.224882557
2456 0.943801949243
