25 489.196179113
106 6.35755824552
119 68.3935817553
201 414.860536118
239 502.601889967
259 6.67494816585
268 44.5517053038
376 17.1727747369
421 498.640960513
656 394.279792983
693 21.8614031805
741 67.1856547346
837 444.771602095
866 36.7614434833
949 17.1075706958
981 9.644647199
996 514.437776008
1044 48.6702524379
1108 26.4866438884
1152 51.9686475845
1216 24.043185283
1295 5.06491349211
1309 161.774631164
1353 73.5399860472
1480 29.6142130067
1531 9.66565715828
1546 19.8638570762
1588 26.14951939
1626 71.7481563655
1717 19.2258339407
1755 3.46051348457
1759 23.6353017575
1802 56.5499574663
1806 31.5173335178
1861 18.3927956308
1936 329.969623954
1984 421.242994563
2008 59.0363916798
2092 61.622687997
2138 6.33437837066
2147 332.40275336
2294 374.936298893
2373 14.1112434953
2410 4.32175266369
2419 354.774634323
2502 463.996059003
2581 116.394877424
2591 25.3561999129
2632 354.758050235
2664 321.02704286
2750 31.5123412966
2791 264.927441624
2822 9.83419438859
2849 237.849412687
2951 14.7440929137
2969 5.33743460059
2976 132.724953157
2991 133.470804442
