20 470.257761429
157 44.0369062046
212 71.6068940951
349 23.9168403351
384 67.2347945056
521 469.295428198
580 3.45965221304
703 248.715902563
899 21.9351840444
923 62.8910121528
1025 52.6687353977
1120 39.8248769177
1184 33.3387959958
1243 470.336205277
1251 39.9270404064
1316 4.23064025675
1384 10.1403786514
1409 1.11088246632
1417 145.68417039
1464 40.1137447626
1519 111.946510477
1571 54.0819787671
1655 26.1678447279
1696 527.273925327
1723 169.035537315
1796 12.9299135297
1818 129.575993828
1882 26.7500214244
1914 430.277824512
1972 4.76093815698
1981 447.816006909
2001 28.4315261496
2046 39.7430677279
2165 11.0240215925
2192 8.64899682134
2210 28.2433584451
2237 42.4317054318
2293 23.5762054453
2337 175.668422154
2617 2.93261952089
2626 8.9167338456
2661 508.945920104
2679 26.3218713174
2729 525.078539883
2754 141.588298475
2809 97.6446569234
2822 59.969959434
2950 159.028320415
2976 51.1926852506
3057 140.97877606
