17 70.8639791651
86 3.75467656883
91 59.7468239452
127 90.122014891
184 13.1612068719
193 33.8323445099
226 88.0220483053
310 7.83204969317
346 2.59087044373
357 168.006948455
420 58.5785659803
428 78.7100342475
477 38.1175017665
545 54.0445251283
589 51.2824248766
657 149.855356152
750 49.029083544
813 3.03512521444
818 75.240726572
892 6.36880054356
897 416.486562076
1142 6.93169563408
1147 326.795612611
1371 4.95205535411
1376 218.293093303
1399 94.4805610027
1523 13.2075340606
1551 57.5236249786
1585 22.7407691989
1608 8.44998382078
