233 90.4927551169
253 16.038327906
275 71.2793151403
384 64.4736447775
452 14.0433656618
466 56.1839198996
561 1.04559160993
565 18.9761792769
608 28.0636622498
655 3.04626833253
660 34.3091268548
708 61.3995807173
755 68.5584794646
758 1.94089270403
762 19.5184597741
804 50.8658745436
892 14.4145925309
1000 68.562650281
1045 51.7798923136
1103 115.584457748
1163 12.8974506618
1191 98.7885935373
1196 11.358325064
1214 95.0899271164
1309 396.484373251
1567 86.9043588028
1664 115.928091192
1668 125.080947456
1680 28.6695454147
1710 98.6032301702
1711 19.2843732642
1743 93.9869063027
1756 2.60731133614
1761 476.235965704
1874 204.877764733
1979 338.061780703
2010 72.4612933303
2043 24.1588182951
2087 39.6561583811
2132 69.0965611052
2268 351.508180446
2313 116.375908846
2358 41.7511597736
2390 63.5968704401
2495 80.0093361793
2645 65.2722013761
