9 107.32461499
22 2.13548873512
25 750.192064576
96 570.447181557
102 437.947466713
111 111.406127101
139 61.0196716821
153 22.3499604264
157 2.5955683577
159 10.8776775559
166 140.335682917
178 462.249884626
184 595.134622717
187 493.12055772
278 83.7310976945
316 6.45314917411
320 28.8639042776
338 57.1027960656
344 0.0
354 546.162255694
365 581.481274971
446 34.5943231189
449 95.7040044991
475 12.7931016793
482 555.311732602
564 74.2254060169
817 82.0518248873
849 17.5100520587
852 13.6149100383
902 97.3530145048
942 82.7046398016
1008 56.5930324007
1062 25.6106859967
1090 11.5259416719
