4 25.5590657747
8 12.5662325431
11 66.7244193937
28 120.247024711
48 212.428664513
83 71.8957528942
102 236.226701456
141 30.2598334969
146 26.5947508106
156 70.8217698979
176 97.8728270066
192 118.696542804
213 186.880052828
248 235.78469726
276 25.0100503347
280 13.0948709518
283 7.57032363905
284 4.44788713886
285 24.0897756713
290 289.127673775
324 73.6491706116
341 93.0957876215
359 87.9626952134
381 156.351865794
413 144.68530864
466 7.97491633238
470 278.968726408
508 32.694156437
520 14.3223900692
523 159.062255569
555 9.87415222143
562 143.891210804
597 95.4710383871
629 123.135920296
650 35.3397259744
658 164.231337589
678 5.58986107523
681 162.093322685
720 201.375051117
745 25.547277555
753 12.4939216869
759 63.4468398602
780 118.45242387
826 32.926885109
837 115.866739556
862 153.722341683
898 44.6905977916
899 67.0306725147
918 41.1582682422
919 41.1556821633
937 43.4415023462
938 43.4559694113
