4 15.9468262064
6 12.891026854
11 32.8214291735
19 42.7288870003
28 42.6742953644
40 149.919730898
75 208.751156681
102 53.208966877
114 158.275628179
138 124.505731521
156 23.6308894076
164 263.831334542
194 203.703295513
222 46.6476732281
232 156.645573818
254 56.6593013152
266 110.32211545
285 70.8935284453
298 11.112096008
301 65.2471616469
320 13.8286325892
323 162.013017734
359 87.9827934121
375 21.949001139
379 14.5043898412
383 130.656154865
427 10.7208117563
429 103.484905755
457 120.961461862
477 7.18279915166
479 88.785460607
503 167.957965642
523 82.5372481147
539 94.473885879
571 16.9724315756
575 45.1508024193
584 72.5301446257
608 189.537750461
638 85.6382871716
657 87.3059344646
674 143.549361744
695 22.9692782054
699 66.186504345
706 10.4710663654
710 97.7399002035
739 55.6377944548
747 14.9901957943
751 85.4231006095
780 127.806417676
801 13.4067062109
804 165.332392037
840 9.15681131963
843 137.389187616
868 95.3055471297
891 96.4603478274
913 120.952416758
940 32.9049647752
941 21.9375160598
951 87.0292522576
952 58.0191999462
976 45.2328410393
977 45.2306228061
