4 30.7791867203
9 61.6368391665
18 12.7983005619
20 29.5869939073
24 67.2674484333
37 80.7902014519
53 36.2110148038
63 75.5392134745
75 35.6250811216
87 103.701164872
107 121.106919723
126 103.176581618
143 82.3394416008
165 142.104467842
183 28.1149060374
191 131.629833618
215 159.353845413
250 29.804699522
259 4.36500245405
261 35.6638512602
271 124.479623858
296 61.2804642109
311 328.101006418
349 182.595872233
379 190.729008925
423 14.3607096592
426 104.551165281
446 193.439958799
472 23.4912103855
476 4.62659702157
477 4.59549779676
478 72.2559929805
489 167.38659989
522 170.099620057
558 139.456299378
582 23.4272149288
587 40.9189207061
593 107.192441979
609 107.225372794
632 44.5277051656
645 120.688320399
666 128.799421697
694 44.6800455918
707 10.156269
708 10.7624021482
709 23.8406907365
712 94.3175364788
730 80.4997968246
740 122.382264463
753 192.690497889
777 72.4591478901
791 157.129047402
809 188.596319996
831 45.753984027
839 59.7048739693
847 141.06029589
859 48.8647342248
872 182.599153771
907 32.7752348624
908 21.8502533077
927 80.0430904247
928 53.3628497636
963 24.3242946713
964 36.4848023057
981 22.2887118239
982 22.2866198768
