4 31.0889652565
8 40.8305952589
17 104.539383695
34 169.318558989
57 7.85213118805
59 58.4853477947
78 104.055449631
90 63.0170780339
103 25.8799160805
109 75.2346323126
132 258.116848455
184 33.7231856336
192 125.783980413
217 18.1035322903
224 36.9644192667
234 94.3300648354
256 130.110013199
272 150.916873147
294 18.077844375
298 102.085400602
321 10.1498962566
323 252.523415804
373 10.2654274144
374 167.389611178
405 16.0653241934
410 140.696785892
435 85.107615667
447 28.9283862862
453 58.2132184787
470 78.5328991305
484 231.136181254
507 11.7371071349
511 130.327097867
543 154.752878855
577 31.7206903367
581 92.073302292
601 68.88299681
617 118.671357653
634 112.537941989
663 80.8650002245
664 80.86589455
717 50.1851881026
718 34.159907035
