4 44.2477630393
14 6.03148860066
16 24.4158871427
24 101.679157445
44 82.5785538461
63 83.1297155364
82 141.465727749
123 24.9387580883
128 7.12032302638
129 30.7104398757
138 111.14583902
167 83.2765875711
201 188.762237891
253 109.293211929
295 16.031203757
299 11.0751042387
302 35.4052778577
309 103.357182321
328 94.8464986151
349 51.3798003998
361 72.9805198889
374 87.7754040884
392 9.98530219338
397 34.1815883486
407 59.8573910909
424 6.77335432529
427 75.0664247493
454 104.111578307
483 53.0306331316
499 118.19209963
521 61.9902936638
536 79.1782028792
555 151.674486015
587 17.8112705673
591 22.5682830123
596 20.076451149
601 44.7194096544
615 43.1262331902
630 46.1519168495
649 7.79569452399
654 147.451759477
687 104.814466537
723 105.038368324
746 26.0685269873
756 67.6496319401
777 170.034304564
809 115.482014682
840 40.1231309499
855 131.485296842
880 55.2290961873
897 132.256671873
923 139.842839665
953 145.203939315
986 55.6468645283
996 18.1634904823
