4 15.9468262064
6 12.891026854
11 32.8214291735
19 42.7288870003
28 42.6742953644
40 149.919730898
75 139.169555954
102 53.208966877
114 158.275628179
138 124.505731521
156 23.6308894076
164 175.89016314
194 135.803021554
222 46.6476732281
232 104.428023165
254 56.6593013152
266 73.5494853879
285 70.8935284453
298 11.112096008
301 65.2471616469
320 13.8286325892
323 162.013017734
359 87.9827934121
375 21.949001139
379 14.5043898412
383 130.656154865
427 10.7208117563
429 103.484905755
457 120.961461862
477 7.18279915166
479 88.785460607
503 111.973785233
523 82.5372481147
539 94.473885879
571 16.9724315756
575 45.1508024193
584 72.5301446257
608 126.361103212
638 85.6382871716
657 87.3059344646
674 95.698590226
695 22.9692782054
699 66.186504345
706 10.4710663654
710 97.7399002035
739 37.0953100222
747 14.9901957943
751 85.4231006095
780 85.2020288688
801 13.4067062109
804 110.220350949
840 9.15681131963
843 91.5960332926
868 95.3055471297
891 64.3042853681
913 120.952416758
