4 31.0889652565
8 40.8305952589
17 69.6966847442
34 112.881364123
57 7.85213118805
59 58.4853477947
78 69.3685304645
90 63.0170780339
103 25.8799160805
109 75.2346323126
132 258.116848455
184 33.7231856336
192 83.85851027
217 18.1035322903
224 36.9644192667
234 94.3300648354
256 86.7402684633
272 100.603940079
294 18.077844375
298 102.085400602
321 10.1498962566
323 168.347391788
373 10.2654274144
374 111.592886027
405 16.0653241934
410 140.696785892
435 85.107615667
447 28.9283862862
453 58.2132184787
470 52.3577322059
484 154.090797062
507 11.7371071349
511 130.327097867
543 154.752878855
577 31.7206903367
581 92.073302292
601 68.88299681
617 79.1139946745
634 112.537941989
