4 16.465277518
7 24.8105170095
15 99.0429012706
37 31.4598276894
45 84.5810844512
73 48.0522362337
85 5.88356200704
87 11.6687533163
89 61.6579638917
106 46.0783500692
119 53.0822780156
136 173.825590998
176 51.4131614404
192 90.9532094266
212 83.5960694283
240 23.6600820219
245 13.009117537
248 170.557782215
266 44.815677252
273 59.970959767
290 103.913648664
311 40.3124971652
324 197.556040448
357 91.6328781986
375 32.8043809148
384 23.2169498201
391 19.0629589135
396 100.278886107
421 37.7860659616
432 55.758354884
444 106.683255417
449 131.033218501
478 21.0490486769
482 119.374316873
514 97.8983973125
531 60.9520662354
549 38.2214045963
562 35.9915424429
563 35.9868900275
595 11.6380421224
596 11.6414806027
