4 22.538901371
6 69.8985227993
11 137.553663521
39 72.2715507083
51 183.212731168
87 98.7957211747
99 79.9779420522
111 66.4225397843
120 213.068030399
155 79.2153845949
160 30.5561865264
168 23.1796190881
175 149.808336167
202 118.562612862
221 26.4781327647
227 133.080342428
245 153.130574061
267 35.0862649183
274 53.3605064871
286 125.623503346
303 113.318498087
318 216.332532346
347 57.1289438533
349 4.71921603659
350 176.853936325
381 303.773043472
413 4.89868349661
414 46.6905085895
425 173.37329253
443 126.010776342
462 80.0605045798
478 74.7170665633
488 45.673729702
498 17.7816177719
501 141.298092675
527 4.8694546792
529 215.731728364
562 115.355672051
578 28.8274326846
584 164.136197474
611 71.0571566929
623 122.266166176
642 80.2840837863
657 68.3921100666
670 85.4002626605
689 64.8649324609
701 104.925193754
720 69.194443503
727 39.0130515418
732 26.3276048216
739 32.5994680079
745 117.56243504
764 165.552852047
786 53.573241818
796 103.841037236
809 160.789121868
828 29.2050502182
837 31.2124774514
847 94.7245631598
861 97.9017437454
876 154.538626027
903 120.745268236
925 30.9767972965
932 119.560109014
951 90.4507891686
962 6.70995005619
967 184.034366462
993 247.436055481
1023 71.2711932434
1039 35.1476509119
1047 61.3009476202
1063 127.488649708
1085 66.7231693753
1096 130.263442133
1121 9.93494299201
1123 21.6647939928
1131 20.5210483757
1137 13.9560585402
1144 131.276469202
1161 80.7338221929
1175 114.645598316
1193 44.7188455799
1204 105.710318607
1221 109.007051825
1238 36.4725958603
1239 36.4718904895
1252 94.6606810413
1253 94.6547378407
1304 37.5767945046
1305 37.5802670366
1338 29.3803759198
1339 29.3798403185
1348 74.408076206
1349 74.4065869081
