4 20.1659792739
9 151.952919693
44 12.2923465842
49 106.771209629
84 151.440288683
115 15.5466428315
119 13.3627260702
128 31.0214699855
135 148.727761127
168 46.2256169293
182 89.6558826283
198 5.31008089315
201 16.9646455966
207 126.585340589
238 108.035555139
264 67.5986814185
279 94.2790773964
305 93.5099116995
324 21.1823635154
327 52.9476427734
349 44.8467379012
362 109.749343975
379 3.32067764169
380 59.2855102582
392 27.687344551
397 225.645915386
433 44.9627767689
439 152.138156016
466 179.011774645
499 7.13940648002
503 147.967437516
538 107.742815715
558 224.117416169
595 22.9270016475
600 16.8439617629
605 140.422364135
630 19.6285110127
634 82.562587551
655 37.0631419411
660 233.790527631
700 140.546579559
725 4.90313414622
727 23.1323436772
734 134.794931804
764 144.189020497
789 42.5370952546
797 185.261515657
828 132.857213376
847 39.5537934066
856 114.383426205
881 58.1798307558
894 111.484053354
915 119.912238614
935 45.6207662488
936 45.6165687106
968 53.7587626801
969 53.7563896058
1032 34.0418603957
1033 34.0463271963
