15.86 -0.53 2.62 16.32 9.35 -4.83 1.185 0x0000FF
15.68 -1.25 2.62 15.86 -0.53 2.62 1.185 0x0000FF
15.31 -3.8 3.23 15.68 -1.25 2.62 1.185 0x0000FF
14.22 -5.99 2.62 15.31 -3.8 3.23 1.185 0x0000FF
13.85 -6.9 2.47 14.22 -5.99 2.62 1.185 0x0000FF
11.22 -7.24 1.33 13.85 -6.9 2.47 0.64 0x0000FF
8.67 -7.24 1.79 11.22 -7.24 1.33 0.64 0x0000FF
6.11 -7.06 2.17 8.67 -7.24 1.79 0.64 0x0000FF
0.09 -6.88 3.0 6.11 -7.06 2.17 0.64 0x0000FF
-4.83 -6.51 3.53 0.09 -6.88 3.0 0.545 0x0000FF
-8.85 -6.88 3.98 -4.83 -6.51 3.53 0.545 0x0000FF
-11.95 -6.7 4.97 -8.85 -6.88 3.98 0.545 0x0000FF
-16.14 -6.33 5.88 -11.95 -6.7 4.97 0.545 0x0000FF
-23.63 -7.24 6.64 -16.14 -6.33 5.88 0.545 0x0000FF
-30.74 -7.79 7.85 -23.63 -7.24 6.64 0.545 0x0000FF
-35.85 -8.15 8.91 -30.74 -7.79 7.85 0.545 0x0000FF
-42.78 -9.98 9.51 -35.85 -8.15 8.91 0.545 0x0000FF
-47.71 -10.7 11.33 -42.78 -9.98 9.51 0.545 0x0000FF
-53.0 -10.89 12.32 -47.71 -10.7 11.33 0.545 0x0000FF
-58.84 -9.25 13.91 -53.0 -10.89 12.32 0.545 0x0000FF
-66.73 -7.32 14.21 -58.84 -9.25 13.91 0.455 0x0000FF
-72.03 -7.14 14.67 -66.73 -7.32 14.21 0.455 0x0000FF
-85.71 -6.41 15.42 -72.03 -7.14 14.67 0.365 0x0000FF
-91.92 -6.96 16.32 -85.71 -6.41 15.42 0.365 0x0000FF
-98.3 -7.32 17.77 -91.92 -6.96 16.32 0.365 0x0000FF
-102.32 -7.51 19.21 -98.3 -7.32 17.77 0.365 0x0000FF
-107.24 -7.69 20.04 -102.32 -7.51 19.21 0.365 0x0000FF
-117.1 -4.59 22.54 -107.24 -7.69 20.04 0.365 0x0000FF
-128.22 3.97 24.13 -117.1 -4.59 22.54 0.365 0x0000FF
-139.16 13.99 25.27 -128.22 3.97 24.13 0.275 0x0000FF
-148.3 19.46 25.8 -139.16 13.99 25.27 0.275 0x0000FF
-157.6 23.47 26.79 -148.3 19.46 25.8 0.275 0x0000FF
-164.35 25.29 26.03 -157.6 23.47 26.79 0.275 0x0000FF
14.04 -8.36 2.62 13.85 -6.9 2.47 0.73 0x0000FF
14.58 -9.09 2.92 14.04 -8.36 2.62 0.73 0x0000FF
14.95 -9.82 4.13 14.58 -9.09 2.92 0.545 0x0000FF
14.22 -11.82 6.41 14.95 -9.82 4.13 0.455 0x0000FF
14.9 -14.66 4.44 14.22 -11.82 6.41 0.365 0x0000FF
15.08 -17.21 5.35 14.9 -14.66 4.44 0.365 0x0000FF
15.26 -19.57 5.95 15.08 -17.21 5.35 0.365 0x0000FF
15.63 -20.67 7.17 15.26 -19.57 5.95 0.365 0x0000FF
15.99 -21.76 8.07 15.63 -20.67 7.17 0.365 0x0000FF
17.45 -22.86 8.76 15.99 -21.76 8.07 0.365 0x0000FF
21.28 -24.31 9.67 17.45 -22.86 8.76 0.365 0x0000FF
23.84 -27.05 11.1 21.28 -24.31 9.67 0.365 0x0000FF
26.03 -30.51 12.39 23.84 -27.05 11.1 0.365 0x0000FF
27.3 -33.24 14.29 26.03 -30.51 12.39 0.365 0x0000FF
28.03 -35.06 16.03 27.3 -33.24 14.29 0.365 0x0000FF
28.4 -35.97 18.53 28.03 -35.06 16.03 0.365 0x0000FF
28.95 -37.43 19.82 28.4 -35.97 18.53 0.365 0x0000FF
30.41 -40.53 21.71 28.95 -37.43 19.82 0.365 0x0000FF
33.32 -44.36 24.74 30.41 -40.53 21.71 0.365 0x0000FF
37.15 -47.64 26.1 33.32 -44.36 24.74 0.365 0x0000FF
40.26 -52.01 27.62 37.15 -47.64 26.1 0.365 0x0000FF
45.37 -54.74 29.28 40.26 -52.01 27.62 0.365 0x0000FF
10.19 -14.74 6.64 14.22 -11.82 6.41 0.455 0x0000FF
5.64 -20.2 7.17 10.19 -14.74 6.64 0.455 0x0000FF
0.9 -23.85 7.47 5.64 -20.2 7.17 0.455 0x0000FF
-3.48 -27.13 6.71 0.9 -23.85 7.47 0.455 0x0000FF
-8.41 -32.22 5.35 -3.48 -27.13 6.71 0.455 0x0000FF
-15.7 -38.06 3.76 -8.41 -32.22 5.35 0.455 0x0000FF
-19.35 -42.25 2.09 -15.7 -38.06 3.76 0.455 0x0000FF
-22.45 -45.71 0.65 -19.35 -42.25 2.09 0.455 0x0000FF
-27.02 -55.55 0.12 -22.45 -45.71 0.65 0.455 0x0000FF
-30.85 -67.94 -0.56 -27.02 -55.55 0.12 0.455 0x0000FF
-32.11 -71.77 -1.17 -30.85 -67.94 -0.56 0.455 0x0000FF
-33.82 -82.44 -1.77 -32.11 -71.77 -1.17 0.455 0x0000FF
-36.92 -96.28 -3.06 -33.82 -82.44 -1.77 0.455 0x0000FF
-38.93 -100.66 -4.2 -36.92 -96.28 -3.06 0.455 0x0000FF
-41.85 -105.21 -4.95 -38.93 -100.66 -4.2 0.455 0x0000FF
-42.58 -109.95 -5.64 -41.85 -105.21 -4.95 0.455 0x0000FF
-42.58 -112.86 -8.14 -42.58 -109.95 -5.64 0.455 0x0000FF
-42.76 -116.14 -9.73 -42.58 -112.86 -8.14 0.455 0x0000FF
-42.76 -117.78 -11.09 -42.76 -116.14 -9.73 0.455 0x0000FF
-42.76 -128.16 -12.68 -42.76 -117.78 -11.09 0.455 0x0000FF
-41.85 -133.44 -13.89 -42.76 -128.16 -12.68 0.455 0x0000FF
-42.21 -139.46 -15.48 -41.85 -133.44 -13.89 0.455 0x0000FF
-42.76 -142.93 -16.32 -42.21 -139.46 -15.48 0.455 0x0000FF
-42.94 -145.66 -16.92 -42.76 -142.93 -16.32 0.365 0x0000FF
-42.21 -146.93 -17.82 -42.94 -145.66 -16.92 0.365 0x0000FF
-40.93 -149.66 -19.35 -42.21 -146.93 -17.82 0.365 0x0000FF
-36.01 -153.86 -21.01 -40.93 -149.66 -19.35 0.365 0x0000FF
-34.18 -154.04 -21.85 -36.01 -153.86 -21.01 0.365 0x0000FF
-29.8 -154.77 -23.06 -34.18 -154.04 -21.85 0.365 0x0000FF
-27.07 -155.86 -24.5 -29.8 -154.77 -23.06 0.365 0x0000FF
-25.24 -157.5 -26.01 -27.07 -155.86 -24.5 0.365 0x0000FF
-25.06 -160.05 -26.85 -25.24 -157.5 -26.01 0.365 0x0000FF
22.56 0.83 -1.7 16.32 9.35 -4.83 0.73 0x0000FF
22.56 -1.36 -0.48 22.56 0.83 -1.7 0.73 0x0000FF
22.92 -4.45 -0.11 22.56 -1.36 -0.48 0.73 0x0000FF
23.84 -6.82 0.95 22.92 -4.45 -0.11 0.73 0x0000FF
24.75 -8.83 2.09 23.84 -6.82 0.95 0.73 0x0000FF
25.3 -10.47 2.24 24.75 -8.83 2.09 0.73 0x0000FF
25.3 -11.92 3.3 25.3 -10.47 2.24 0.73 0x0000FF
24.57 -15.93 4.67 25.3 -11.92 3.3 0.73 0x0000FF
25.11 -17.57 6.41 24.57 -15.93 4.67 0.73 0x0000FF
26.39 -20.3 6.79 25.11 -17.57 6.41 0.73 0x0000FF
27.67 -22.13 7.77 26.39 -20.3 6.79 0.73 0x0000FF
29.49 -24.86 8.61 27.67 -22.13 7.77 0.73 0x0000FF
32.4 -32.15 9.89 29.49 -24.86 8.61 0.73 0x0000FF
33.69 -40.35 11.33 32.4 -32.15 9.89 0.73 0x0000FF
34.24 -41.08 12.09 33.69 -40.35 11.33 0.73 0x0000FF
35.88 -42.35 12.7 34.24 -41.08 12.09 0.73 0x0000FF
39.15 -47.64 13.6 35.88 -42.35 12.7 0.64 0x0000FF
40.08 -49.46 14.59 39.15 -47.64 13.6 0.64 0x0000FF
41.17 -51.83 15.42 40.08 -49.46 14.59 0.64 0x0000FF
41.9 -52.37 16.79 41.17 -51.83 15.42 0.64 0x0000FF
44.27 -53.28 17.85 41.9 -52.37 16.79 0.64 0x0000FF
46.46 -54.38 17.92 44.27 -53.28 17.85 0.455 0x0000FF
48.65 -54.74 18.91 46.46 -54.38 17.92 0.455 0x0000FF
24.75 4.84 0.27 16.32 9.35 -4.83 1.37 0x0000FF
25.3 4.29 -0.56 24.75 4.84 0.27 1.37 0x0000FF
26.03 3.74 -1.77 25.3 4.29 -0.56 1.37 0x0000FF
27.12 3.38 -2.76 26.03 3.74 -1.77 1.37 0x0000FF
28.4 2.83 -2.98 27.12 3.38 -2.76 1.37 0x0000FF
28.95 2.47 -4.05 28.4 2.83 -2.98 1.37 0x0000FF
29.31 1.92 -5.18 28.95 2.47 -4.05 1.37 0x0000FF
29.86 1.38 -6.7 29.31 1.92 -5.18 1.37 0x0000FF
30.95 0.65 -6.85 29.86 1.38 -6.7 1.37 0x0000FF
31.32 0.28 -8.21 30.95 0.65 -6.85 1.37 0x0000FF
31.35 -0.77 -8.14 31.32 0.28 -8.21 0.91 0x0000FF
33.0 -4.41 -7.45 31.35 -0.77 -8.14 0.91 0x0000FF
33.0 -5.69 -6.77 33.0 -4.41 -7.45 0.91 0x0000FF
33.0 -6.96 -6.77 33.0 -5.69 -6.77 0.82 0x0000FF
33.0 -8.24 -7.53 33.0 -6.96 -6.77 0.82 0x0000FF
33.0 -9.33 -8.44 33.0 -8.24 -7.53 0.82 0x0000FF
33.18 -10.24 -9.19 33.0 -9.33 -8.44 0.73 0x0000FF
33.36 -11.52 -9.8 33.18 -10.24 -9.19 0.73 0x0000FF
33.36 -12.24 -10.48 33.36 -11.52 -9.8 0.73 0x0000FF
34.46 -15.34 -11.85 33.36 -12.24 -10.48 0.64 0x0000FF
34.82 -16.25 -12.45 34.46 -15.34 -11.85 0.64 0x0000FF
35.36 -17.35 -13.14 34.82 -16.25 -12.45 0.64 0x0000FF
36.1 -18.8 -14.12 35.36 -17.35 -13.14 0.64 0x0000FF
36.83 -20.26 -15.79 36.1 -18.8 -14.12 0.64 0x0000FF
38.1 -22.27 -16.92 36.83 -20.26 -15.79 0.64 0x0000FF
39.02 -23.36 -17.6 38.1 -22.27 -16.92 0.64 0x0000FF
39.56 -24.45 -18.73 39.02 -23.36 -17.6 0.64 0x0000FF
41.21 -27.18 -19.88 39.56 -24.45 -18.73 0.64 0x0000FF
42.85 -29.92 -20.71 41.21 -27.18 -19.88 0.64 0x0000FF
44.31 -32.1 -21.54 42.85 -29.92 -20.71 0.64 0x0000FF
45.4 -34.29 -22.6 44.31 -32.1 -21.54 0.64 0x0000FF
46.32 -36.29 -23.36 45.4 -34.29 -22.6 0.64 0x0000FF
47.77 -40.49 -24.5 46.32 -36.29 -23.36 0.545 0x0000FF
48.32 -43.4 -24.95 47.77 -40.49 -24.5 0.545 0x0000FF
49.05 -46.13 -25.41 48.32 -43.4 -24.95 0.545 0x0000FF
49.96 -48.87 -26.54 49.05 -46.13 -25.41 0.545 0x0000FF
51.42 -51.05 -27.3 49.96 -48.87 -26.54 0.545 0x0000FF
53.25 -53.42 -29.19 51.42 -51.05 -27.3 0.545 0x0000FF
54.89 -55.97 -29.72 53.25 -53.42 -29.19 0.545 0x0000FF
55.62 -57.43 -30.63 54.89 -55.97 -29.72 0.545 0x0000FF
56.71 -59.62 -31.77 55.62 -57.43 -30.63 0.545 0x0000FF
57.44 -62.17 -33.21 56.71 -59.62 -31.77 0.545 0x0000FF
58.72 -64.72 -34.79 57.44 -62.17 -33.21 0.545 0x0000FF
61.28 -67.63 -35.94 58.72 -64.72 -34.79 0.545 0x0000FF
62.92 -69.09 -37.53 61.28 -67.63 -35.94 0.545 0x0000FF
64.93 -72.37 -38.89 62.92 -69.09 -37.53 0.545 0x0000FF
66.93 -74.92 -39.86 64.93 -72.37 -38.89 0.545 0x0000FF
67.84 -76.93 -42.15 66.93 -74.92 -39.86 0.545 0x0000FF
74.9 -85.22 -42.9 67.84 -76.93 -42.15 0.455 0x0000FF
78.55 -88.87 -43.59 74.9 -85.22 -42.9 0.455 0x0000FF
80.01 -91.97 -45.03 78.55 -88.87 -43.59 0.455 0x0000FF
82.56 -95.97 -46.69 80.01 -91.97 -45.03 0.455 0x0000FF
84.57 -101.44 -47.83 82.56 -95.97 -46.69 0.455 0x0000FF
86.03 -105.08 -49.34 84.57 -101.44 -47.83 0.455 0x0000FF
91.14 -110.55 -51.16 86.03 -105.08 -49.34 0.365 0x0000FF
92.6 -114.19 -51.92 91.14 -110.55 -51.16 0.365 0x0000FF
94.06 -118.75 -53.51 92.6 -114.19 -51.92 0.365 0x0000FF
96.98 -122.76 -54.12 94.06 -118.75 -53.51 0.365 0x0000FF
33.14 -1.17 -11.77 31.32 0.28 -8.21 0.91 0x0000FF
34.54 -0.88 -12.76 33.14 -1.17 -11.77 0.365 0x0000FF
35.64 -1.06 -11.85 34.54 -0.88 -12.76 0.365 0x0000FF
36.92 -1.25 -11.39 35.64 -1.06 -11.85 0.365 0x0000FF
38.56 -2.16 -10.56 36.92 -1.25 -11.39 0.365 0x0000FF
41.48 -0.52 -10.56 38.56 -2.16 -10.56 0.18 0x0000FF
43.31 1.12 -9.73 41.48 -0.52 -10.56 0.18 0x0000FF
44.22 2.58 -9.03 43.31 1.12 -9.73 0.18 0x0000FF
44.58 3.67 -10.18 44.22 2.58 -9.03 0.18 0x0000FF
44.95 4.58 -12.07 44.58 3.67 -10.18 0.18 0x0000FF
45.31 6.04 -13.74 44.95 4.58 -12.07 0.18 0x0000FF
45.31 7.32 -14.95 45.31 6.04 -13.74 0.18 0x0000FF
45.31 8.23 -15.79 45.31 7.32 -14.95 0.18 0x0000FF
44.95 9.69 -17.23 45.31 8.23 -15.79 0.18 0x0000FF
43.85 13.88 -18.89 44.95 9.69 -17.23 0.18 0x0000FF
41.3 17.89 -19.95 43.85 13.88 -18.89 0.18 0x0000FF
40.39 18.98 -20.18 41.3 17.89 -19.95 0.18 0x0000FF
40.02 19.16 -19.8 40.39 18.98 -20.18 0.18 0x0000FF
39.47 19.71 -18.36 40.02 19.16 -19.8 0.18 0x0000FF
38.2 20.8 -16.17 39.47 19.71 -18.36 0.18 0x0000FF
36.74 22.8 -13.89 38.2 20.8 -16.17 0.18 0x0000FF
34.72 26.63 -11.92 36.74 22.8 -13.89 0.18 0x0000FF
33.82 30.27 -10.18 34.72 26.63 -11.92 0.18 0x0000FF
32.9 36.1 -8.36 33.82 30.27 -10.18 0.18 0x0000FF
32.36 41.75 -6.85 32.9 36.1 -8.36 0.18 0x0000FF
30.9 45.58 -6.47 32.36 41.75 -6.85 0.18 0x0000FF
27.98 49.41 -4.5 30.9 45.58 -6.47 0.18 0x0000FF
25.79 51.05 -2.98 27.98 49.41 -4.5 0.18 0x0000FF
25.06 53.05 -2.61 25.79 51.05 -2.98 0.18 0x0000FF
23.42 56.33 -1.55 25.06 53.05 -2.61 0.18 0x0000FF
20.13 59.97 0.05 23.42 56.33 -1.55 0.18 0x0000FF
18.48 61.98 0.05 20.13 59.97 0.05 0.18 0x0000FF
18.68 67.63 0.2 18.48 61.98 0.05 0.18 0x0000FF
13.02 77.28 0.5 18.68 67.63 0.2 0.18 0x0000FF
9.36 83.11 0.73 13.02 77.28 0.5 0.18 0x0000FF
7.91 87.67 1.11 9.36 83.11 0.73 0.18 0x0000FF
3.9 91.86 1.26 7.91 87.67 1.11 0.18 0x0000FF
15.57 62.71 0.12 18.48 61.98 0.05 0.18 0x0000FF
13.57 64.16 0.5 15.57 62.71 0.12 0.18 0x0000FF
12.84 65.44 0.65 13.57 64.16 0.5 0.18 0x0000FF
10.83 68.54 1.11 12.84 65.44 0.65 0.18 0x0000FF
9.73 69.27 1.33 10.83 68.54 1.11 0.18 0x0000FF
7.18 69.81 1.41 9.73 69.27 1.33 0.18 0x0000FF
43.31 -3.25 -11.17 38.56 -2.16 -10.56 0.275 0x0000FF
50.06 -1.25 -11.47 43.31 -3.25 -11.17 0.275 0x0000FF
58.27 1.12 -12.3 50.06 -1.25 -11.47 0.275 0x0000FF
64.84 2.58 -12.91 58.27 1.12 -12.3 0.275 0x0000FF
68.48 3.67 -12.98 64.84 2.58 -12.91 0.275 0x0000FF
78.52 6.41 -13.59 68.48 3.67 -12.98 0.275 0x0000FF
92.39 8.23 -14.5 78.52 6.41 -13.59 0.18 0x0000FF
95.31 8.41 -14.65 92.39 8.23 -14.5 0.18 0x0000FF
104.06 10.23 -14.88 95.31 8.41 -14.65 0.18 0x0000FF
108.62 11.69 -15.48 104.06 10.23 -14.88 0.18 0x0000FF
112.64 14.42 -15.71 108.62 11.69 -15.48 0.18 0x0000FF
118.48 16.43 -16.17 112.64 14.42 -15.71 0.18 0x0000FF
36.06 -4.45 -11.62 33.14 -1.17 -11.77 0.545 0x0000FF
39.15 -7.0 -11.09 36.06 -4.45 -11.62 0.545 0x0000FF
40.81 -9.92 -10.64 39.15 -7.0 -11.09 0.545 0x0000FF
42.81 -13.02 -10.11 40.81 -9.92 -10.64 0.545 0x0000FF
45.37 -15.2 -15.63 42.81 -13.02 -10.11 0.545 0x0000FF
46.46 -17.75 -16.17 45.37 -15.2 -15.63 0.455 0x0000FF
48.65 -21.03 -16.32 46.46 -17.75 -16.17 0.455 0x0000FF
50.48 -25.59 -16.85 48.65 -21.03 -16.32 0.455 0x0000FF
51.75 -30.51 -17.6 50.48 -25.59 -16.85 0.455 0x0000FF
52.85 -34.52 -18.29 51.75 -30.51 -17.6 0.455 0x0000FF
54.85 -39.25 -19.2 52.85 -34.52 -18.29 0.455 0x0000FF
57.96 -43.08 -19.73 54.85 -39.25 -19.2 0.455 0x0000FF
62.15 -48.18 -20.26 57.96 -43.08 -19.73 0.455 0x0000FF
63.43 -51.46 -21.01 62.15 -48.18 -20.26 0.455 0x0000FF
63.98 -54.56 -21.77 63.43 -51.46 -21.01 0.455 0x0000FF
64.52 -57.47 -21.92 63.98 -54.56 -21.77 0.455 0x0000FF
65.98 -61.85 -22.53 64.52 -57.47 -21.92 0.455 0x0000FF
74.38 -68.22 -23.51 65.98 -61.85 -22.53 0.455 0x0000FF
80.76 -73.87 -26.69 74.38 -68.22 -23.51 0.455 0x0000FF
82.22 -78.06 -26.85 80.76 -73.87 -26.69 0.455 0x0000FF
82.77 -88.63 -27.22 82.22 -78.06 -26.85 0.455 0x0000FF
86.97 -100.66 -27.38 82.77 -88.63 -27.22 0.455 0x0000FF
94.26 -112.5 -27.45 86.97 -100.66 -27.38 0.455 0x0000FF
100.36 -120.85 -33.65 94.26 -112.5 -27.45 0.365 0x0000FF
101.09 -122.13 -33.65 100.36 -120.85 -33.65 0.365 0x0000FF
104.56 -128.32 -35.63 101.09 -122.13 -33.65 0.275 0x0000FF
105.1 -129.22 -35.94 104.56 -128.32 -35.63 0.275 0x0000FF
106.75 -131.6 -36.69 105.1 -129.22 -35.94 0.275 0x0000FF
107.29 -132.88 -37.83 106.75 -131.6 -36.69 0.275 0x0000FF
107.84 -135.97 -38.74 107.29 -132.88 -37.83 0.275 0x0000FF
108.57 -141.44 -39.19 107.84 -135.97 -38.74 0.275 0x0000FF
109.3 -147.09 -40.18 108.57 -141.44 -39.19 0.275 0x0000FF
109.85 -149.27 -41.62 109.3 -147.09 -40.18 0.275 0x0000FF
110.94 -150.91 -41.92 109.85 -149.27 -41.62 0.275 0x0000FF
48.65 -15.93 -15.71 45.37 -15.2 -15.63 0.545 0x0000FF
50.66 -17.03 -16.85 48.65 -15.93 -15.71 0.455 0x0000FF
52.66 -17.57 -17.3 50.66 -17.03 -16.85 0.455 0x0000FF
55.95 -18.3 -18.05 52.66 -17.57 -17.3 0.455 0x0000FF
57.41 -18.67 -18.97 55.95 -18.3 -18.05 0.455 0x0000FF
58.69 -19.21 -20.18 57.41 -18.67 -18.97 0.455 0x0000FF
60.33 -20.12 -21.32 58.69 -19.21 -20.18 0.455 0x0000FF
61.97 -21.22 -23.06 60.33 -20.12 -21.32 0.455 0x0000FF
63.79 -22.49 -23.21 61.97 -21.22 -23.06 0.455 0x0000FF
67.08 -25.22 -24.57 63.79 -22.49 -23.21 0.365 0x0000FF
70.18 -26.5 -25.33 67.08 -25.22 -24.57 0.275 0x0000FF
24.81 12.0 -6.39 16.32 9.35 -4.83 0.82 0x0000FF
26.63 12.72 -6.62 24.81 12.0 -6.39 0.82 0x0000FF
28.09 13.82 -7.08 26.63 12.72 -6.62 0.82 0x0000FF
29.37 14.36 -7.83 28.09 13.82 -7.08 0.82 0x0000FF
31.19 14.73 -7.91 29.37 14.36 -7.83 0.82 0x0000FF
33.2 15.46 -9.35 31.19 14.73 -7.91 0.82 0x0000FF
34.29 15.64 -10.86 33.2 15.46 -9.35 0.82 0x0000FF
39.04 15.82 -12.68 34.29 15.64 -10.86 0.82 0x0000FF
39.4 16.0 -13.06 39.04 15.82 -12.68 0.82 0x0000FF
41.04 17.1 -15.79 39.4 16.0 -13.06 0.82 0x0000FF
41.23 17.1 -18.13 41.04 17.1 -15.79 0.82 0x0000FF
44.31 19.82 -18.97 41.23 17.1 -18.13 0.365 0x0000FF
48.69 21.28 -18.13 44.31 19.82 -18.97 0.365 0x0000FF
51.42 22.74 -17.76 48.69 21.28 -18.13 0.365 0x0000FF
55.26 24.56 -18.36 51.42 22.74 -17.76 0.365 0x0000FF
55.99 26.02 -19.42 55.26 24.56 -18.36 0.365 0x0000FF
56.35 27.84 -20.48 55.99 26.02 -19.42 0.365 0x0000FF
60.73 32.03 -21.77 56.35 27.84 -20.48 0.365 0x0000FF
62.92 36.77 -22.23 60.73 32.03 -21.77 0.365 0x0000FF
67.48 39.5 -22.76 62.92 36.77 -22.23 0.365 0x0000FF
70.4 41.5 -22.98 67.48 39.5 -22.76 0.365 0x0000FF
74.05 45.51 -23.51 70.4 41.5 -22.98 0.365 0x0000FF
75.51 47.52 -22.53 74.05 45.51 -23.51 0.365 0x0000FF
79.34 49.7 -22.07 75.51 47.52 -22.53 0.365 0x0000FF
82.44 50.61 -21.62 79.34 49.7 -22.07 0.365 0x0000FF
87.55 51.53 -21.16 82.44 50.61 -21.62 0.365 0x0000FF
91.56 50.8 -21.01 87.55 51.53 -21.16 0.275 0x0000FF
43.96 16.91 -17.76 41.23 17.1 -18.13 0.73 0x0000FF
45.97 16.55 -16.23 43.96 16.91 -17.76 0.73 0x0000FF
47.07 16.55 -15.48 45.97 16.55 -16.23 0.73 0x0000FF
50.17 12.72 -15.41 47.07 16.55 -15.48 0.275 0x0000FF
51.26 10.9 -16.17 50.17 12.72 -15.41 0.275 0x0000FF
52.36 9.26 -16.77 51.26 10.9 -16.17 0.275 0x0000FF
53.82 6.35 -17.53 52.36 9.26 -16.77 0.275 0x0000FF
54.55 4.71 -18.21 53.82 6.35 -17.53 0.275 0x0000FF
55.46 2.34 -18.73 54.55 4.71 -18.21 0.275 0x0000FF
56.37 -0.03 -20.03 55.46 2.34 -18.73 0.275 0x0000FF
57.47 -3.67 -20.56 56.37 -0.03 -20.03 0.275 0x0000FF
59.29 -7.32 -21.09 57.47 -3.67 -20.56 0.275 0x0000FF
60.93 -10.6 -21.85 59.29 -7.32 -21.09 0.275 0x0000FF
64.76 -22.44 -22.91 60.93 -10.6 -21.85 0.275 0x0000FF
68.78 -26.45 -23.74 64.76 -22.44 -22.91 0.275 0x0000FF
77.72 -30.27 -24.95 68.78 -26.45 -23.74 0.275 0x0000FF
80.81 -32.28 -26.16 77.72 -30.27 -24.95 0.275 0x0000FF
87.57 -37.56 -27.07 80.81 -32.28 -26.16 0.275 0x0000FF
97.06 -50.32 -27.38 87.57 -37.56 -27.07 0.275 0x0000FF
104.54 -58.7 -27.83 97.06 -50.32 -27.38 0.275 0x0000FF
112.38 -63.8 -28.66 104.54 -58.7 -27.83 0.275 0x0000FF
120.59 -71.63 -29.27 112.38 -63.8 -28.66 0.275 0x0000FF
126.98 -77.45 -29.65 120.59 -71.63 -29.27 0.275 0x0000FF
132.63 -88.58 -30.41 126.98 -77.45 -29.65 0.275 0x0000FF
135.4 -93.22 -31.62 132.63 -88.58 -30.41 0.275 0x0000FF
136.5 -94.67 -33.13 135.4 -93.22 -31.62 0.275 0x0000FF
137.77 -95.95 -35.1 136.5 -94.67 -33.13 0.275 0x0000FF
52.9 16.0 -14.88 47.07 16.55 -15.48 0.545 0x0000FF
58.38 16.37 -14.04 52.9 16.0 -14.88 0.455 0x0000FF
61.48 17.1 -13.29 58.38 16.37 -14.04 0.455 0x0000FF
63.3 16.37 -13.06 61.48 17.1 -13.29 0.275 0x0000FF
66.77 17.46 -13.67 63.3 16.37 -13.06 0.275 0x0000FF
69.69 17.82 -14.95 66.77 17.46 -13.67 0.275 0x0000FF
71.33 18.19 -15.18 69.69 17.82 -14.95 0.275 0x0000FF
73.16 18.55 -16.17 71.33 18.19 -15.18 0.275 0x0000FF
75.53 18.55 -14.42 73.16 18.55 -16.17 0.275 0x0000FF
78.08 18.37 -13.29 75.53 18.55 -14.42 0.275 0x0000FF
80.45 18.19 -12.6 78.08 18.37 -13.29 0.275 0x0000FF
83.74 18.19 -11.24 80.45 18.19 -12.6 0.275 0x0000FF
88.3 18.01 -9.88 83.74 18.19 -11.24 0.275 0x0000FF
92.13 17.64 -9.65 88.3 18.01 -9.88 0.275 0x0000FF
96.33 17.28 -8.44 92.13 17.64 -9.65 0.275 0x0000FF
68.23 22.56 -12.53 61.48 17.1 -13.29 0.275 0x0000FF
70.23 25.3 -12.3 68.23 22.56 -12.53 0.275 0x0000FF
74.06 28.39 -12.07 70.23 25.3 -12.3 0.275 0x0000FF
76.81 31.13 -11.92 74.06 28.39 -12.07 0.275 0x0000FF
78.45 33.13 -11.47 76.81 31.13 -11.92 0.275 0x0000FF
80.81 34.59 -10.64 78.45 33.13 -11.47 0.275 0x0000FF
85.02 36.77 -9.8 80.81 34.59 -10.64 0.275 0x0000FF
90.31 38.6 -9.8 85.02 36.77 -9.8 0.275 0x0000FF
94.87 40.78 -9.42 90.31 38.6 -9.8 0.275 0x0000FF
99.98 44.43 -9.27 94.87 40.78 -9.42 0.275 0x0000FF
103.81 48.25 -8.82 99.98 44.43 -9.27 0.275 0x0000FF
106.55 52.26 -8.06 103.81 48.25 -8.82 0.275 0x0000FF
14.88 20.37 1.94 16.32 9.35 -4.83 2.005 0x0000FF
13.42 23.65 1.86 14.88 20.37 1.94 2.005 0x0000FF
10.5 28.93 0.95 13.42 23.65 1.86 2.005 0x0000FF
6.3 33.11 0.88 10.5 28.93 0.95 2.005 0x0000FF
5.21 39.68 0.65 6.3 33.11 0.88 1.005 0x0000FF
4.66 44.78 0.88 5.21 39.68 0.65 1.185 0x0000FF
2.84 50.61 2.17 4.66 44.78 0.88 1.185 0x0000FF
2.65 58.08 3.38 2.84 50.61 2.17 1.185 0x0000FF
2.29 60.27 4.29 2.65 58.08 3.38 1.185 0x0000FF
0.46 68.47 5.95 2.29 60.27 4.29 1.185 0x0000FF
-0.27 75.56 6.71 0.46 68.47 5.95 1.185 0x0000FF
-1.18 78.67 7.54 -0.27 75.56 6.71 1.185 0x0000FF
-4.28 87.05 8.44 -1.18 78.67 7.54 1.185 0x0000FF
-8.28 93.07 9.28 -4.28 87.05 8.44 1.185 0x0000FF
-15.96 101.08 9.51 -8.28 93.07 9.28 1.185 0x0000FF
-17.96 102.36 10.95 -15.96 101.08 9.51 1.005 0x0000FF
-23.83 111.24 12.09 -17.96 102.36 10.95 1.005 0x0000FF
-27.85 120.72 12.39 -23.83 111.24 12.09 1.005 0x0000FF
-32.4 135.47 13.15 -27.85 120.72 12.39 1.005 0x0000FF
-35.86 148.05 14.13 -32.4 135.47 13.15 1.005 0x0000FF
-39.52 159.71 14.97 -35.86 148.05 14.13 1.005 0x0000FF
-41.35 164.63 16.26 -39.52 159.71 14.97 1.005 0x0000FF
-45.91 176.11 17.39 -41.35 164.63 16.26 1.005 0x0000FF
-49.38 188.68 18.38 -45.91 176.11 17.39 1.005 0x0000FF
-50.18 191.89 18.23 -49.38 188.68 18.38 1.095 0x0000FF
-50.73 195.35 19.51 -50.18 191.89 18.23 1.095 0x0000FF
-51.28 197.72 20.35 -50.73 195.35 19.51 1.095 0x0000FF
-54.01 207.92 21.63 -51.28 197.72 20.35 1.095 0x0000FF
-57.12 216.12 22.54 -54.01 207.92 21.63 1.095 0x0000FF
-60.77 226.32 23.53 -57.12 216.12 22.54 1.005 0x0000FF
-64.41 235.8 24.51 -60.77 226.32 23.53 1.005 0x0000FF
-66.79 242.9 25.57 -64.41 235.8 24.51 1.005 0x0000FF
-70.06 253.47 25.95 -66.79 242.9 25.57 1.005 0x0000FF
-72.63 260.02 27.47 -70.06 253.47 25.95 1.005 0x0000FF
-77.55 266.41 28.0 -72.63 260.02 27.47 0.82 0x0000FF
-79.92 270.05 28.53 -77.55 266.41 28.0 0.82 0x0000FF
-80.65 273.51 29.44 -79.92 270.05 28.53 0.82 0x0000FF
-79.92 277.7 30.35 -80.65 273.51 29.44 0.82 0x0000FF
-78.45 281.89 30.65 -79.92 277.7 30.35 0.82 0x0000FF
-78.28 285.54 31.86 -78.45 281.89 30.65 0.73 0x0000FF
-79.38 289.55 32.69 -78.28 285.54 31.86 0.73 0x0000FF
-80.19 304.3 33.0 -79.38 289.55 32.69 0.64 0x0000FF
-83.48 312.14 33.68 -80.19 304.3 33.0 0.64 0x0000FF
-87.31 325.07 34.81 -83.48 312.14 33.68 0.545 0x0000FF
-88.77 330.17 35.72 -87.31 325.07 34.81 0.545 0x0000FF
-90.59 333.64 36.03 -88.77 330.17 35.72 0.545 0x0000FF
-97.67 338.01 35.88 -90.59 333.64 36.03 0.455 0x0000FF
-102.41 344.75 36.25 -97.67 338.01 35.88 0.455 0x0000FF
-106.61 353.5 36.78 -102.41 344.75 36.25 0.455 0x0000FF
-111.9 361.88 37.01 -106.61 353.5 36.78 0.455 0x0000FF
-116.28 368.98 36.78 -111.9 361.88 37.01 0.455 0x0000FF
-130.13 376.27 38.15 -116.28 368.98 36.78 0.455 0x0000FF
-138.72 381.74 39.06 -130.13 376.27 38.15 0.455 0x0000FF
-144.19 387.39 39.13 -138.72 381.74 39.06 0.365 0x0000FF
-89.32 340.56 36.63 -90.59 333.64 36.03 0.545 0x0000FF
-89.13 346.39 36.78 -89.32 340.56 36.63 0.545 0x0000FF
-89.86 356.59 37.39 -89.13 346.39 36.78 0.545 0x0000FF
-91.14 361.88 37.61 -89.86 356.59 37.39 0.545 0x0000FF
-92.24 367.89 38.29 -91.14 361.88 37.61 0.545 0x0000FF
-91.87 370.8 36.94 -92.24 367.89 38.29 0.545 0x0000FF
-92.97 374.45 35.42 -91.87 370.8 36.94 0.545 0x0000FF
-93.33 375.91 33.15 -92.97 374.45 35.42 0.545 0x0000FF
-92.05 381.37 32.47 -93.33 375.91 33.15 0.455 0x0000FF
-91.51 383.01 31.94 -92.05 381.37 32.47 0.455 0x0000FF
-93.29 394.13 31.25 -91.51 383.01 31.94 0.365 0x0000FF
-96.21 400.51 30.5 -93.29 394.13 31.25 0.365 0x0000FF
-97.67 404.51 30.12 -96.21 400.51 30.5 0.365 0x0000FF
-98.94 410.16 30.04 -97.67 404.51 30.12 0.365 0x0000FF
-52.48 191.77 18.6 -49.38 188.68 18.38 0.545 0x0000FF
-56.13 194.87 19.13 -52.48 191.77 18.6 0.545 0x0000FF
-57.59 196.15 19.66 -56.13 194.87 19.13 0.545 0x0000FF
-61.13 201.73 20.88 -57.59 196.15 19.66 0.545 0x0000FF
-62.23 203.37 20.95 -61.13 201.73 20.88 0.545 0x0000FF
-63.87 204.64 18.14 -62.23 203.37 20.95 0.545 0x0000FF
-66.79 207.56 16.48 -63.87 204.64 18.14 0.545 0x0000FF
-72.44 211.93 15.8 -66.79 207.56 16.48 0.545 0x0000FF
-75.73 214.85 13.83 -72.44 211.93 15.8 0.545 0x0000FF
-80.47 219.95 12.01 -75.73 214.85 13.83 0.545 0x0000FF
-89.41 229.42 10.8 -80.47 219.95 12.01 0.545 0x0000FF
-96.16 233.98 9.21 -89.41 229.42 10.8 0.545 0x0000FF
-102.0 240.35 8.07 -96.16 233.98 9.21 0.545 0x0000FF
-109.85 249.1 6.03 -102.0 240.35 8.07 0.545 0x0000FF
-117.14 257.48 4.59 -109.85 249.1 6.03 0.545 0x0000FF
-124.44 269.87 3.38 -117.14 257.48 4.59 0.455 0x0000FF
-125.35 273.51 0.8 -124.44 269.87 3.38 0.455 0x0000FF
-127.18 278.62 -0.71 -125.35 273.51 0.8 0.455 0x0000FF
-127.91 281.7 -2.98 -127.18 278.62 -0.71 0.455 0x0000FF
-128.63 282.99 -3.67 -127.91 281.7 -2.98 0.455 0x0000FF
-128.63 284.26 -4.05 -128.63 282.99 -3.67 0.365 0x0000FF
2.84 33.67 0.88 6.3 33.11 0.88 0.91 0x0000FF
0.65 34.58 1.41 2.84 33.67 0.88 0.73 0x0000FF
-1.36 34.94 1.41 0.65 34.58 1.41 0.73 0x0000FF
-3.91 35.31 1.11 -1.36 34.94 1.41 0.73 0x0000FF
-5.56 35.31 0.65 -3.91 35.31 1.11 0.73 0x0000FF
-7.56 35.49 0.42 -5.56 35.31 0.65 0.64 0x0000FF
-11.4 36.58 0.88 -7.56 35.49 0.42 0.365 0x0000FF
-18.14 37.5 0.57 -11.4 36.58 0.88 0.365 0x0000FF
-24.17 37.31 0.8 -18.14 37.5 0.57 0.365 0x0000FF
-27.09 37.13 1.26 -24.17 37.31 0.8 0.365 0x0000FF
-32.01 37.5 1.79 -27.09 37.13 1.26 0.365 0x0000FF
-34.57 38.22 0.88 -32.01 37.5 1.79 0.365 0x0000FF
-38.4 39.32 -0.33 -34.57 38.22 0.88 0.365 0x0000FF
-42.59 39.68 -1.7 -38.4 39.32 -0.33 0.365 0x0000FF
-58.65 38.22 -3.97 -42.59 39.68 -1.7 0.365 0x0000FF
-64.84 39.13 -3.97 -58.65 38.22 -3.97 0.275 0x0000FF
-12.49 33.67 0.2 -7.56 35.49 0.42 0.365 0x0000FF
-15.77 31.66 -0.26 -12.49 33.67 0.2 0.365 0x0000FF
-16.87 30.39 -0.64 -15.77 31.66 -0.26 0.365 0x0000FF
-18.51 28.75 -1.47 -16.87 30.39 -0.64 0.365 0x0000FF
-19.42 28.02 -2.23 -18.51 28.75 -1.47 0.365 0x0000FF
-19.97 27.47 -0.26 -19.42 28.02 -2.23 0.365 0x0000FF
-21.61 26.75 3.45 -19.97 27.47 -0.26 0.365 0x0000FF
-23.44 25.65 5.73 -21.61 26.75 3.45 0.365 0x0000FF
-26.72 23.83 7.92 -23.44 25.65 5.73 0.365 0x0000FF
-31.47 21.64 8.38 -26.72 23.83 7.92 0.365 0x0000FF
-45.15 17.82 9.36 -31.47 21.64 8.38 0.18 0x0000FF
-49.53 15.63 9.51 -45.15 17.82 9.36 0.18 0x0000FF
-51.9 12.72 9.97 -49.53 15.63 9.51 0.18 0x0000FF
-52.63 10.17 10.65 -51.9 12.72 9.97 0.18 0x0000FF
