8.47 -20.23 4.44 6.26 -28.49 2.93 0.64 0x0000FF
9.02 -18.96 4.44 8.47 -20.23 4.44 0.64 0x0000FF
10.29 -17.13 4.67 9.02 -18.96 4.44 0.64 0x0000FF
11.39 -16.22 5.2 10.29 -17.13 4.67 0.64 0x0000FF
13.58 -14.4 6.94 11.39 -16.22 5.2 0.64 0x0000FF
16.86 -13.13 7.85 13.58 -14.4 6.94 0.64 0x0000FF
19.42 -12.03 10.11 16.86 -13.13 7.85 0.64 0x0000FF
23.79 -9.66 10.8 19.42 -12.03 10.11 0.64 0x0000FF
32.0 -2.92 12.32 23.79 -9.66 10.8 0.64 0x0000FF
34.19 -0.55 13.98 32.0 -2.92 12.32 0.64 0x0000FF
36.03 -0.08 15.42 34.19 -0.55 13.98 0.365 0x0000FF
37.68 1.02 16.03 36.03 -0.08 15.42 0.365 0x0000FF
40.6 2.29 17.23 37.68 1.02 16.03 0.365 0x0000FF
43.33 3.39 18.98 40.6 2.29 17.23 0.365 0x0000FF
45.7 3.93 20.35 43.33 3.39 18.98 0.365 0x0000FF
51.0 4.48 21.94 45.7 3.93 20.35 0.365 0x0000FF
52.09 5.21 22.85 51.0 4.48 21.94 0.365 0x0000FF
54.28 6.12 24.66 52.09 5.21 22.85 0.365 0x0000FF
56.83 6.67 25.8 54.28 6.12 24.66 0.365 0x0000FF
62.31 7.76 27.39 56.83 6.67 25.8 0.365 0x0000FF
66.87 7.76 29.89 62.31 7.76 27.39 0.365 0x0000FF
69.61 8.49 30.04 66.87 7.76 29.89 0.365 0x0000FF
71.43 9.58 30.04 69.61 8.49 30.04 0.365 0x0000FF
74.17 11.59 30.5 71.43 9.58 30.04 0.365 0x0000FF
78.36 16.32 31.03 74.17 11.59 30.5 0.365 0x0000FF
82.92 21.79 31.56 78.36 16.32 31.03 0.365 0x0000FF
84.57 23.98 32.54 82.92 21.79 31.56 0.365 0x0000FF
86.76 26.89 32.85 84.57 23.98 32.54 0.365 0x0000FF
88.58 29.99 33.15 86.76 26.89 32.85 0.365 0x0000FF
90.59 33.63 33.75 88.58 29.99 33.15 0.365 0x0000FF
92.59 36.9 34.28 90.59 33.63 33.75 0.365 0x0000FF
94.78 40.01 34.51 92.59 36.9 34.28 0.365 0x0000FF
97.34 44.38 35.19 94.78 40.01 34.51 0.275 0x0000FF
98.43 45.84 35.65 97.34 44.38 35.19 0.275 0x0000FF
100.44 48.39 36.1 98.43 45.84 35.65 0.275 0x0000FF
102.81 50.94 36.47 100.44 48.39 36.1 0.275 0x0000FF
105.37 54.04 36.94 102.81 50.94 36.47 0.275 0x0000FF
107.92 57.14 37.54 105.37 54.04 36.94 0.275 0x0000FF
109.56 58.78 37.61 107.92 57.14 37.54 0.275 0x0000FF
112.66 61.33 38.15 109.56 58.78 37.61 0.275 0x0000FF
114.31 62.6 38.53 112.66 61.33 38.15 0.275 0x0000FF
115.58 63.51 38.53 114.31 62.6 38.53 0.275 0x0000FF
36.93 3.64 14.36 34.19 -0.55 13.98 0.545 0x0000FF
38.21 8.92 15.2 36.93 3.64 14.36 0.545 0x0000FF
45.69 26.59 16.41 38.21 8.92 15.2 0.545 0x0000FF
54.26 33.7 16.63 45.69 26.59 16.41 0.545 0x0000FF
57.73 42.26 17.32 54.26 33.7 16.63 0.545 0x0000FF
59.37 46.09 18.68 57.73 42.26 17.32 0.545 0x0000FF
61.56 49.92 19.97 59.37 46.09 18.68 0.545 0x0000FF
63.2 52.47 21.1 61.56 49.92 19.97 0.365 0x0000FF
64.86 54.4 32.15 63.2 52.47 21.1 0.18 0x0000FF
65.41 56.59 32.77 64.86 54.4 32.15 0.18 0x0000FF
65.41 57.86 33.0 65.41 56.59 32.77 0.18 0x0000FF
67.78 59.87 33.07 65.41 57.86 33.0 0.18 0x0000FF
69.23 64.23 33.68 67.78 59.87 33.07 0.18 0x0000FF
11.91 -22.54 7.92 6.26 -28.49 2.93 0.82 0x0000FF
12.28 -21.63 8.3 11.91 -22.54 7.92 0.82 0x0000FF
13.01 -20.72 8.76 12.28 -21.63 8.3 0.82 0x0000FF
17.93 -20.36 9.82 13.01 -20.72 8.76 0.82 0x0000FF
21.95 -21.81 10.42 17.93 -20.36 9.82 0.73 0x0000FF
23.95 -22.91 10.57 21.95 -21.81 10.42 0.73 0x0000FF
25.23 -23.82 11.03 23.95 -22.91 10.57 0.73 0x0000FF
26.32 -24.73 11.1 25.23 -23.82 11.03 0.73 0x0000FF
28.51 -24.91 11.1 26.32 -24.73 11.1 0.365 0x0000FF
33.26 -25.46 11.03 28.51 -24.91 11.1 0.365 0x0000FF
37.82 -25.27 10.73 33.26 -25.46 11.03 0.365 0x0000FF
42.02 -24.91 10.73 37.82 -25.27 10.73 0.365 0x0000FF
46.76 -24.91 10.42 42.02 -24.91 10.73 0.365 0x0000FF
49.86 -23.45 10.03 46.76 -24.91 10.42 0.365 0x0000FF
51.5 -22.54 9.51 49.86 -23.45 10.03 0.365 0x0000FF
58.44 -21.63 9.14 51.5 -22.54 9.51 0.365 0x0000FF
62.45 -21.27 8.76 58.44 -21.63 9.14 0.365 0x0000FF
65.37 -21.08 8.52 62.45 -21.27 8.76 0.365 0x0000FF
67.19 -21.08 8.44 65.37 -21.08 8.52 0.365 0x0000FF
70.66 -18.89 8.83 67.19 -21.08 8.44 0.275 0x0000FF
71.94 -17.44 8.91 70.66 -18.89 8.83 0.275 0x0000FF
73.94 -16.16 9.36 71.94 -17.44 8.91 0.275 0x0000FF
77.41 -14.71 10.03 73.94 -16.16 9.36 0.275 0x0000FF
81.61 -13.25 10.11 77.41 -14.71 10.03 0.275 0x0000FF
71.39 -22.54 8.38 67.19 -21.08 8.44 0.365 0x0000FF
73.76 -23.09 8.23 71.39 -22.54 8.38 0.365 0x0000FF
76.68 -23.64 7.7 73.76 -23.09 8.23 0.365 0x0000FF
83.43 -23.27 7.32 76.68 -23.64 7.7 0.365 0x0000FF
87.99 -21.45 6.86 83.43 -23.27 7.32 0.365 0x0000FF
93.1 -19.98 6.48 87.99 -21.45 6.86 0.365 0x0000FF
97.66 -19.26 6.26 93.1 -19.98 6.48 0.365 0x0000FF
100.4 -18.53 6.11 97.66 -19.26 6.26 0.365 0x0000FF
103.68 -16.89 5.95 100.4 -18.53 6.11 0.365 0x0000FF
106.06 -16.35 5.73 103.68 -16.89 5.95 0.275 0x0000FF
27.78 -25.27 11.1 26.32 -24.73 11.1 0.365 0x0000FF
30.16 -26.0 11.26 27.78 -25.27 11.1 0.365 0x0000FF
32.35 -26.37 11.48 30.16 -26.0 11.26 0.365 0x0000FF
34.72 -26.19 11.71 32.35 -26.37 11.48 0.365 0x0000FF
35.99 -26.0 11.94 34.72 -26.19 11.71 0.365 0x0000FF
37.45 -25.46 12.54 35.99 -26.0 11.94 0.365 0x0000FF
39.1 -24.91 13.15 37.45 -25.46 12.54 0.365 0x0000FF
40.74 -24.55 13.76 39.1 -24.91 13.15 0.365 0x0000FF
42.02 -24.18 14.51 40.74 -24.55 13.76 0.365 0x0000FF
43.47 -23.82 14.97 42.02 -24.18 14.51 0.365 0x0000FF
45.85 -23.27 15.95 43.47 -23.82 14.97 0.275 0x0000FF
47.31 -23.09 15.95 45.85 -23.27 15.95 0.275 0x0000FF
16.11 -28.01 1.71 6.26 -28.49 2.93 1.005 0x0000FF
16.64 -27.64 1.71 16.11 -28.01 1.71 1.005 0x0000FF
18.3 -26.91 1.03 16.64 -27.64 1.71 1.005 0x0000FF
20.67 -26.73 0.8 18.3 -26.91 1.03 1.005 0x0000FF
22.31 -26.73 0.73 20.67 -26.73 0.8 1.005 0x0000FF
23.95 -27.1 0.5 22.31 -26.73 0.73 1.005 0x0000FF
25.05 -27.1 0.35 23.95 -27.1 0.5 1.005 0x0000FF
26.81 -26.01 0.2 25.05 -27.1 0.35 0.365 0x0000FF
28.09 -24.37 0.2 26.81 -26.01 0.2 0.365 0x0000FF
28.27 -22.73 0.35 28.09 -24.37 0.2 0.365 0x0000FF
28.82 -19.98 3.76 28.27 -22.73 0.35 0.365 0x0000FF
28.64 -17.98 3.76 28.82 -19.98 3.76 0.365 0x0000FF
28.64 -17.26 2.47 28.64 -17.98 3.76 0.365 0x0000FF
28.64 -15.62 1.56 28.64 -17.26 2.47 0.365 0x0000FF
28.64 -13.8 0.42 28.64 -15.62 1.56 0.365 0x0000FF
28.64 -12.71 -0.03 28.64 -13.8 0.42 0.365 0x0000FF
28.45 -11.79 -0.86 28.64 -12.71 -0.03 0.365 0x0000FF
28.27 -9.97 -2.29 28.45 -11.79 -0.86 0.365 0x0000FF
28.64 -6.88 -2.76 28.27 -9.97 -2.29 0.365 0x0000FF
29.73 -2.31 -4.26 28.64 -6.88 -2.76 0.365 0x0000FF
30.82 1.32 -4.95 29.73 -2.31 -4.26 0.365 0x0000FF
31.55 3.15 -5.26 30.82 1.32 -4.95 0.365 0x0000FF
31.92 6.06 -6.32 31.55 3.15 -5.26 0.365 0x0000FF
31.92 7.88 -7.61 31.92 6.06 -6.32 0.365 0x0000FF
31.37 9.89 -9.19 31.92 7.88 -7.61 0.365 0x0000FF
31.37 11.16 -9.5 31.37 9.89 -9.19 0.365 0x0000FF
31.74 13.9 -11.09 31.37 11.16 -9.5 0.365 0x0000FF
32.47 16.26 -12.07 31.74 13.9 -11.09 0.365 0x0000FF
34.29 18.27 -12.83 32.47 16.26 -12.07 0.365 0x0000FF
38.31 20.27 -13.82 34.29 18.27 -12.83 0.365 0x0000FF
44.87 23.92 -14.95 38.31 20.27 -13.82 0.365 0x0000FF
51.26 29.02 -15.86 44.87 23.92 -14.95 0.365 0x0000FF
57.46 32.65 -18.21 51.26 29.02 -15.86 0.365 0x0000FF
60.02 35.94 -19.42 57.46 32.65 -18.21 0.275 0x0000FF
60.38 36.67 -19.8 60.02 35.94 -19.42 0.275 0x0000FF
30.16 -28.55 0.12 25.05 -27.1 0.35 0.73 0x0000FF
33.08 -29.65 -0.11 30.16 -28.55 0.12 0.73 0x0000FF
35.93 -29.83 -0.18 33.08 -29.65 -0.11 0.275 0x0000FF
39.58 -30.74 -0.18 35.93 -29.83 -0.18 0.275 0x0000FF
45.6 -33.11 -0.41 39.58 -30.74 -0.18 0.275 0x0000FF
51.81 -35.11 -0.41 45.6 -33.11 -0.41 0.275 0x0000FF
55.46 -36.76 -0.48 51.81 -35.11 -0.41 0.275 0x0000FF
60.38 -38.03 -0.64 55.46 -36.76 -0.48 0.275 0x0000FF
36.47 -31.29 -0.03 33.08 -29.65 -0.11 0.365 0x0000FF
39.04 -31.65 -0.18 36.47 -31.29 -0.03 0.365 0x0000FF
40.86 -31.84 -0.48 39.04 -31.65 -0.18 0.365 0x0000FF
42.14 -32.2 -0.94 40.86 -31.84 -0.48 0.365 0x0000FF
43.78 -32.57 -0.94 42.14 -32.2 -0.94 0.365 0x0000FF
48.52 -33.65 0.27 43.78 -32.57 -0.94 0.365 0x0000FF
55.09 -34.39 0.2 48.52 -33.65 0.27 0.365 0x0000FF
60.93 -34.57 0.05 55.09 -34.39 0.2 0.365 0x0000FF
70.05 -36.03 -0.11 60.93 -34.57 0.05 0.365 0x0000FF
80.45 -38.58 -0.33 70.05 -36.03 -0.11 0.365 0x0000FF
93.22 -41.68 -0.56 80.45 -38.58 -0.33 0.365 0x0000FF
100.52 -43.5 -0.79 93.22 -41.68 -0.56 0.365 0x0000FF
113.48 -47.51 -1.24 100.52 -43.5 -0.79 0.365 0x0000FF
132.63 -54.06 -1.47 113.48 -47.51 -1.24 0.365 0x0000FF
152.69 -58.8 -2.0 132.63 -54.06 -1.47 0.275 0x0000FF
161.1 -62.08 -2.29 152.69 -58.8 -2.0 0.275 0x0000FF
172.77 -67.55 -2.83 161.1 -62.08 -2.29 0.275 0x0000FF
-3.06 -32.07 0.88 6.26 -28.49 2.93 1.005 0x0000FF
-4.33 -32.61 1.79 -3.06 -32.07 0.88 1.005 0x0000FF
-5.25 -33.15 2.92 -4.33 -32.61 1.79 1.005 0x0000FF
-6.89 -34.26 4.21 -5.25 -33.15 2.92 1.005 0x0000FF
-10.17 -36.08 4.82 -6.89 -34.26 4.21 1.005 0x0000FF
-16.34 -37.42 4.59 -10.17 -36.08 4.82 0.545 0x0000FF
-19.03 -39.65 3.23 -16.34 -37.42 4.59 0.545 0x0000FF
-23.41 -41.48 3.83 -19.03 -39.65 3.23 0.455 0x0000FF
-27.24 -42.75 3.98 -23.41 -41.48 3.83 0.455 0x0000FF
-31.26 -44.76 4.51 -27.24 -42.75 3.98 0.455 0x0000FF
-34.17 -46.76 4.51 -31.26 -44.76 4.51 0.455 0x0000FF
-37.09 -48.58 4.51 -34.17 -46.76 4.51 0.455 0x0000FF
-44.39 -52.04 4.97 -37.09 -48.58 4.51 0.365 0x0000FF
-46.58 -53.14 5.27 -44.39 -52.04 4.97 0.365 0x0000FF
-48.95 -54.78 5.58 -46.58 -53.14 5.27 0.365 0x0000FF
-51.14 -56.78 5.88 -48.95 -54.78 5.58 0.365 0x0000FF
-52.6 -57.51 5.95 -51.14 -56.78 5.88 0.365 0x0000FF
-54.43 -58.79 6.03 -52.6 -57.51 5.95 0.365 0x0000FF
-56.8 -59.88 6.11 -54.43 -58.79 6.03 0.365 0x0000FF
-59.54 -60.97 6.18 -56.8 -59.88 6.11 0.275 0x0000FF
-23.27 -37.42 4.05 -16.34 -37.42 4.59 0.545 0x0000FF
-27.65 -37.04 3.53 -23.27 -37.42 4.05 0.545 0x0000FF
-28.74 -37.04 5.5 -27.65 -37.04 3.53 0.545 0x0000FF
-30.2 -36.69 6.41 -28.74 -37.04 5.5 0.545 0x0000FF
-31.66 -36.32 8.23 -30.2 -36.69 6.41 0.545 0x0000FF
-36.77 -38.69 10.19 -31.66 -36.32 8.23 0.455 0x0000FF
-41.15 -39.06 10.42 -36.77 -38.69 10.19 0.455 0x0000FF
-44.25 -39.42 11.1 -41.15 -39.06 10.42 0.455 0x0000FF
-48.81 -39.97 11.41 -44.25 -39.42 11.1 0.455 0x0000FF
-53.38 -40.88 11.86 -48.81 -39.97 11.41 0.455 0x0000FF
-56.84 -41.97 12.09 -53.38 -40.88 11.86 0.455 0x0000FF
-59.76 -42.52 12.09 -56.84 -41.97 12.09 0.455 0x0000FF
-61.22 -43.25 10.88 -59.76 -42.52 12.09 0.455 0x0000FF
-66.51 -45.07 10.88 -61.22 -43.25 10.88 0.455 0x0000FF
-69.25 -44.16 9.14 -66.51 -45.07 10.88 0.365 0x0000FF
-75.81 -43.61 8.3 -69.25 -44.16 9.14 0.365 0x0000FF
-82.75 -44.89 7.39 -75.81 -43.61 8.3 0.365 0x0000FF
-88.22 -44.16 6.03 -82.75 -44.89 7.39 0.365 0x0000FF
-95.16 -42.88 5.65 -88.22 -44.16 6.03 0.365 0x0000FF
-103.92 -39.06 4.36 -95.16 -42.88 5.65 0.275 0x0000FF
-109.57 -39.24 3.68 -103.92 -39.06 4.36 0.275 0x0000FF
-36.77 -34.68 8.76 -31.66 -36.32 8.23 0.455 0x0000FF
-37.86 -34.32 9.51 -36.77 -34.68 8.76 0.455 0x0000FF
-38.96 -34.14 11.1 -37.86 -34.32 9.51 0.455 0x0000FF
-40.06 -33.77 13.15 -38.96 -34.14 11.1 0.455 0x0000FF
-41.88 -33.59 14.06 -40.06 -33.77 13.15 0.455 0x0000FF
-44.25 -34.14 14.82 -41.88 -33.59 14.06 0.455 0x0000FF
-46.44 -35.6 15.57 -44.25 -34.14 14.82 0.455 0x0000FF
-48.45 -36.86 16.55 -46.44 -35.6 15.57 0.455 0x0000FF
-51.55 -37.24 17.47 -48.45 -36.86 16.55 0.455 0x0000FF
-58.67 -39.24 18.76 -51.55 -37.24 17.47 0.365 0x0000FF
-61.22 -40.88 19.21 -58.67 -39.24 18.76 0.365 0x0000FF
-63.23 -42.7 19.36 -61.22 -40.88 19.21 0.365 0x0000FF
-66.15 -43.79 19.66 -63.23 -42.7 19.36 0.365 0x0000FF
-68.34 -44.16 18.45 -66.15 -43.79 19.66 0.365 0x0000FF
-71.06 -45.98 19.82 -68.34 -44.16 18.45 0.365 0x0000FF
-72.53 -46.71 20.12 -71.06 -45.98 19.82 0.365 0x0000FF
-75.63 -48.9 21.48 -72.53 -46.71 20.12 0.365 0x0000FF
-77.28 -50.35 22.39 -75.63 -48.9 21.48 0.365 0x0000FF
-80.56 -53.27 23.68 -77.28 -50.35 22.39 0.365 0x0000FF
-83.48 -55.46 24.06 -80.56 -53.27 23.68 0.365 0x0000FF
-86.22 -56.18 25.19 -83.48 -55.46 24.06 0.365 0x0000FF
-88.04 -57.1 25.88 -86.22 -56.18 25.19 0.365 0x0000FF
-90.6 -58.37 28.3 -88.04 -57.1 25.88 0.365 0x0000FF
-92.42 -59.1 29.97 -90.6 -58.37 28.3 0.365 0x0000FF
-93.33 -60.01 29.97 -92.42 -59.1 29.97 0.365 0x0000FF
-94.79 -60.74 31.1 -93.33 -60.01 29.97 0.365 0x0000FF
-97.35 -61.83 32.92 -94.79 -60.74 31.1 0.365 0x0000FF
-98.99 -62.38 33.6 -97.35 -61.83 32.92 0.365 0x0000FF
-100.63 -62.93 34.59 -98.99 -62.38 33.6 0.365 0x0000FF
-103.73 -63.47 35.34 -100.63 -62.93 34.59 0.365 0x0000FF
-12.73 -38.81 5.58 -10.17 -36.08 4.82 0.545 0x0000FF
-14.55 -40.81 5.8 -12.73 -38.81 5.58 0.545 0x0000FF
-16.55 -43.18 6.11 -14.55 -40.81 5.8 0.545 0x0000FF
-19.84 -45.19 6.48 -16.55 -43.18 6.11 0.545 0x0000FF
-22.94 -47.37 5.73 -19.84 -45.19 6.48 0.545 0x0000FF
-25.13 -49.38 4.13 -22.94 -47.37 5.73 0.545 0x0000FF
-28.23 -53.39 3.08 -25.13 -49.38 4.13 0.545 0x0000FF
-31.34 -57.76 2.31 -28.23 -53.39 3.08 0.545 0x0000FF
-34.26 -61.04 1.94 -31.34 -57.76 2.31 0.545 0x0000FF
-38.82 -64.31 1.33 -34.26 -61.04 1.94 0.545 0x0000FF
-41.55 -65.78 0.95 -38.82 -64.31 1.33 0.545 0x0000FF
-49.22 -71.61 0.57 -41.55 -65.78 0.95 0.455 0x0000FF
-52.68 -75.25 0.2 -49.22 -71.61 0.57 0.455 0x0000FF
-53.78 -80.34 -0.11 -52.68 -75.25 0.2 0.455 0x0000FF
-53.41 -87.09 0.27 -53.78 -80.34 -0.11 0.455 0x0000FF
-54.51 -92.01 0.73 -53.41 -87.09 0.27 0.455 0x0000FF
-58.7 -101.85 1.86 -54.51 -92.01 0.73 0.455 0x0000FF
-59.98 -105.31 1.94 -58.7 -101.85 1.86 0.455 0x0000FF
-63.63 -109.69 1.64 -59.98 -105.31 1.94 0.455 0x0000FF
-63.63 -113.33 0.95 -63.63 -109.69 1.64 0.455 0x0000FF
-64.54 -117.16 0.73 -63.63 -113.33 0.95 0.365 0x0000FF
-65.81 -120.44 0.57 -64.54 -117.16 0.73 0.365 0x0000FF
-71.11 -124.99 0.12 -65.81 -120.44 0.57 0.365 0x0000FF
-75.63 -135.99 -0.26 -71.11 -124.99 0.12 0.365 0x0000FF
-78.19 -139.08 -0.03 -75.63 -135.99 -0.26 0.365 0x0000FF
-79.28 -140.54 1.33 -78.19 -139.08 -0.03 0.365 0x0000FF
-79.83 -140.91 0.12 -79.28 -140.54 1.33 0.365 0x0000FF
-82.02 -142.36 -1.02 -79.83 -140.91 0.12 0.365 0x0000FF
-83.85 -144.19 -3.21 -82.02 -142.36 -1.02 0.365 0x0000FF
-84.58 -144.72 -5.86 -83.85 -144.19 -3.21 0.365 0x0000FF
-86.76 -146.01 -8.59 -84.58 -144.72 -5.86 0.365 0x0000FF
-87.49 -146.91 -11.24 -86.76 -146.01 -8.59 0.365 0x0000FF
-88.22 -147.47 -13.89 -87.49 -146.91 -11.24 0.365 0x0000FF
-90.23 -149.29 -16.7 -88.22 -147.47 -13.89 0.365 0x0000FF
-92.6 -150.93 -18.66 -90.23 -149.29 -16.7 0.365 0x0000FF
-95.52 -154.03 -20.94 -92.6 -150.93 -18.66 0.365 0x0000FF
-97.71 -155.47 -23.74 -95.52 -154.03 -20.94 0.365 0x0000FF
-101.73 -156.94 -27.22 -97.71 -155.47 -23.74 0.365 0x0000FF
-105.01 -157.85 -28.97 -101.73 -156.94 -27.22 0.365 0x0000FF
-110.48 -158.22 -31.77 -105.01 -157.85 -28.97 0.365 0x0000FF
-112.86 -157.66 -34.95 -110.48 -158.22 -31.77 0.365 0x0000FF
15.27 -34.74 -1.7 6.26 -28.49 2.93 1.185 0x0000FF
15.27 -36.01 -3.21 15.27 -34.74 -1.7 1.185 0x0000FF
15.64 -36.36 -4.88 15.27 -36.01 -3.21 1.185 0x0000FF
16.18 -36.92 -7.15 15.64 -36.36 -4.88 1.005 0x0000FF
16.36 -38.38 -8.89 16.18 -36.92 -7.15 1.005 0x0000FF
16.36 -38.93 -11.47 16.36 -38.38 -8.89 1.005 0x0000FF
14.88 -41.47 -10.11 16.36 -38.93 -11.47 0.365 0x0000FF
13.79 -42.56 -8.89 14.88 -41.47 -10.11 0.365 0x0000FF
13.24 -43.29 -7.3 13.79 -42.56 -8.89 0.365 0x0000FF
9.96 -44.75 -5.48 13.24 -43.29 -7.3 0.365 0x0000FF
5.03 -45.47 -5.26 9.96 -44.75 -5.48 0.275 0x0000FF
2.66 -45.66 -4.88 5.03 -45.47 -5.26 0.275 0x0000FF
-0.81 -46.57 -4.26 2.66 -45.66 -4.88 0.275 0x0000FF
-2.63 -48.02 -3.97 -0.81 -46.57 -4.26 0.275 0x0000FF
-4.82 -50.03 -3.82 -2.63 -48.02 -3.97 0.275 0x0000FF
17.82 -43.3 -12.45 16.36 -38.93 -11.47 0.545 0x0000FF
17.09 -45.85 -12.53 17.82 -43.3 -12.45 0.545 0x0000FF
18.19 -49.31 -12.83 17.09 -45.85 -12.53 0.545 0x0000FF
19.1 -52.41 -12.98 18.19 -49.31 -12.83 0.545 0x0000FF
18.73 -56.96 -13.29 19.1 -52.41 -12.98 0.545 0x0000FF
18.73 -60.43 -13.67 18.73 -56.96 -13.29 0.545 0x0000FF
19.1 -62.25 -13.82 18.73 -60.43 -13.67 0.545 0x0000FF
19.82 -64.62 -14.2 19.1 -62.25 -13.82 0.545 0x0000FF
21.84 -67.34 -15.79 19.82 -64.62 -14.2 0.455 0x0000FF
22.2 -67.9 -17.14 21.84 -67.34 -15.79 0.455 0x0000FF
23.48 -71.54 -16.85 22.2 -67.9 -17.14 0.365 0x0000FF
22.39 -76.09 -16.92 23.48 -71.54 -16.85 0.365 0x0000FF
21.47 -79.56 -17.23 22.39 -76.09 -16.92 0.365 0x0000FF
21.11 -82.84 -17.91 21.47 -79.56 -17.23 0.365 0x0000FF
21.84 -89.03 -18.21 21.11 -82.84 -17.91 0.365 0x0000FF
22.57 -94.5 -18.51 21.84 -89.03 -18.21 0.365 0x0000FF
24.21 -98.5 -18.59 22.57 -94.5 -18.51 0.365 0x0000FF
25.67 -103.42 -18.97 24.21 -98.5 -18.59 0.365 0x0000FF
29.5 -113.08 -18.82 25.67 -103.42 -18.97 0.275 0x0000FF
37.53 -123.28 -19.57 29.5 -113.08 -18.82 0.275 0x0000FF
58.31 -141.86 -20.1 37.53 -123.28 -19.57 0.275 0x0000FF
63.05 -146.96 -20.41 58.31 -141.86 -20.1 0.275 0x0000FF
66.88 -157.34 -21.16 63.05 -146.96 -20.41 0.275 0x0000FF
68.89 -162.44 -21.47 66.88 -157.34 -21.16 0.275 0x0000FF
71.08 -168.09 -22.07 68.89 -162.44 -21.47 0.275 0x0000FF
75.09 -173.74 -23.29 71.08 -168.09 -22.07 0.275 0x0000FF
81.48 -180.48 -24.95 75.09 -173.74 -23.29 0.275 0x0000FF
85.13 -183.76 -25.86 81.48 -180.48 -24.95 0.275 0x0000FF
92.43 -189.23 -26.85 85.13 -183.76 -25.86 0.275 0x0000FF
96.08 -194.15 -28.06 92.43 -189.23 -26.85 0.275 0x0000FF
33.52 -109.8 -19.5 25.67 -103.42 -18.97 0.365 0x0000FF
38.44 -114.54 -19.73 33.52 -109.8 -19.5 0.365 0x0000FF
43.0 -117.82 -20.26 38.44 -114.54 -19.73 0.365 0x0000FF
51.21 -118.91 -20.48 43.0 -117.82 -20.26 0.275 0x0000FF
61.25 -120.73 -20.94 51.21 -118.91 -20.48 0.275 0x0000FF
68.36 -119.28 -21.01 61.25 -120.73 -20.94 0.275 0x0000FF
28.77 -71.17 -18.82 22.2 -67.9 -17.14 0.275 0x0000FF
31.33 -72.63 -19.04 28.77 -71.17 -18.82 0.275 0x0000FF
34.43 -74.09 -19.64 31.33 -72.63 -19.04 0.275 0x0000FF
39.54 -74.64 -20.1 34.43 -74.09 -19.64 0.275 0x0000FF
43.37 -74.45 -20.26 39.54 -74.64 -20.1 0.275 0x0000FF
46.83 -73.54 -20.32 43.37 -74.45 -20.26 0.275 0x0000FF
-2.76 -18.26 2.7 6.26 -28.49 2.93 2.465 0x0000FF
-4.4 -14.62 2.54 -2.76 -18.26 2.7 2.005 0x0000FF
-6.23 -10.61 2.39 -4.4 -14.62 2.54 2.005 0x0000FF
-7.69 -6.42 2.09 -6.23 -10.61 2.39 2.005 0x0000FF
-8.23 -4.96 2.0 -7.69 -6.42 2.09 2.005 0x0000FF
-8.77 -3.87 2.92 -8.23 -4.96 2.0 2.005 0x0000FF
-9.69 -1.87 5.65 -8.77 -3.87 2.92 1.64 0x0000FF
-10.42 0.32 7.54 -9.69 -1.87 5.65 1.46 0x0000FF
-11.34 3.05 6.79 -10.42 0.32 7.54 1.46 0x0000FF
-12.8 7.79 5.65 -11.34 3.05 6.79 1.46 0x0000FF
-14.62 15.63 4.97 -12.8 7.79 5.65 1.46 0x0000FF
-16.07 22.91 4.82 -14.62 15.63 4.97 1.46 0x0000FF
-16.26 26.74 5.5 -16.07 22.91 4.82 1.46 0x0000FF
-17.25 35.42 6.18 -16.26 26.74 5.5 1.275 0x0000FF
-20.35 47.81 6.64 -17.25 35.42 6.18 1.275 0x0000FF
-26.0 63.11 7.54 -20.35 47.81 6.64 1.185 0x0000FF
-30.38 68.2 8.3 -26.0 63.11 7.54 1.185 0x0000FF
-31.84 72.22 8.0 -30.38 68.2 8.3 1.095 0x0000FF
-33.11 77.69 8.61 -31.84 72.22 8.0 1.095 0x0000FF
-34.76 88.8 9.67 -33.11 77.69 8.61 1.095 0x0000FF
-34.76 99.55 10.35 -34.76 88.8 9.67 1.095 0x0000FF
-35.49 104.47 10.19 -34.76 99.55 10.35 1.095 0x0000FF
-36.59 111.4 8.76 -35.49 104.47 10.19 1.095 0x0000FF
-40.04 123.06 7.62 -36.59 111.4 8.76 1.095 0x0000FF
-44.43 134.72 6.33 -40.04 123.06 7.62 1.095 0x0000FF
-46.44 141.46 5.8 -44.43 134.72 6.33 1.095 0x0000FF
-47.72 146.74 4.88 -46.44 141.46 5.8 1.095 0x0000FF
-48.45 150.93 3.91 -47.72 146.74 4.88 1.095 0x0000FF
-48.81 155.66 3.08 -48.45 150.93 3.91 1.095 0x0000FF
-45.31 159.18 3.68 -48.81 155.66 3.08 0.365 0x0000FF
-38.01 168.83 3.76 -45.31 159.18 3.68 0.365 0x0000FF
-33.27 173.39 3.98 -38.01 168.83 3.76 0.365 0x0000FF
-18.85 178.67 4.97 -33.27 173.39 3.98 0.365 0x0000FF
-8.09 181.04 5.5 -18.85 178.67 4.97 0.365 0x0000FF
4.32 184.69 6.33 -8.09 181.04 5.5 0.365 0x0000FF
18.55 191.43 5.95 4.32 184.69 6.33 0.365 0x0000FF
23.3 193.8 5.12 18.55 191.43 5.95 0.365 0x0000FF
30.59 195.62 4.05 23.3 193.8 5.12 0.275 0x0000FF
34.97 195.8 3.83 30.59 195.62 4.05 0.275 0x0000FF
43.55 194.16 3.3 34.97 195.8 3.83 0.275 0x0000FF
52.31 192.52 1.71 43.55 194.16 3.3 0.275 0x0000FF
57.96 191.61 0.73 52.31 192.52 1.71 0.275 0x0000FF
-52.1 163.87 2.39 -48.81 155.66 3.08 1.005 0x0000FF
-53.37 168.24 2.24 -52.1 163.87 2.39 1.005 0x0000FF
-53.55 169.33 2.17 -53.37 168.24 2.24 1.005 0x0000FF
-58.11 183.16 1.79 -53.55 169.33 2.17 0.64 0x0000FF
-58.83 187.72 1.26 -58.11 183.16 1.79 0.64 0x0000FF
-59.93 194.46 0.35 -58.83 187.72 1.26 0.64 0x0000FF
-61.39 200.65 0.35 -59.93 194.46 0.35 0.64 0x0000FF
-64.13 205.39 2.54 -61.39 200.65 0.35 0.64 0x0000FF
-65.95 208.67 3.98 -64.13 205.39 2.54 0.64 0x0000FF
-67.78 215.77 5.95 -65.95 208.67 3.98 0.64 0x0000FF
-70.33 225.43 6.71 -67.78 215.77 5.95 0.64 0x0000FF
-73.98 230.9 8.3 -70.33 225.43 6.71 0.64 0x0000FF
-78.72 244.56 8.83 -73.98 230.9 8.3 0.64 0x0000FF
-81.81 255.49 10.03 -78.72 244.56 8.83 0.64 0x0000FF
-82.74 262.05 11.41 -81.81 255.49 10.03 0.64 0x0000FF
-90.87 280.74 12.24 -82.74 262.05 11.41 0.64 0x0000FF
-92.14 288.02 13.07 -90.87 280.74 12.24 0.64 0x0000FF
-93.06 293.31 14.82 -92.14 288.02 13.07 0.64 0x0000FF
-91.41 297.5 14.74 -93.06 293.31 14.82 0.455 0x0000FF
-89.22 302.79 14.89 -91.41 297.5 14.74 0.455 0x0000FF
-86.67 309.35 15.5 -89.22 302.79 14.89 0.455 0x0000FF
-86.31 312.62 15.65 -86.67 309.35 15.5 0.455 0x0000FF
-83.89 314.33 16.26 -86.31 312.62 15.65 0.455 0x0000FF
-82.25 316.14 15.65 -83.89 314.33 16.26 0.455 0x0000FF
-78.78 320.52 14.13 -82.25 316.14 15.65 0.455 0x0000FF
-77.51 324.89 13.23 -78.78 320.52 14.13 0.455 0x0000FF
-76.05 329.82 13.15 -77.51 324.89 13.23 0.455 0x0000FF
-73.31 338.2 12.62 -76.05 329.82 13.15 0.455 0x0000FF
-71.67 341.84 12.09 -73.31 338.2 12.62 0.365 0x0000FF
-70.03 344.03 11.56 -71.67 341.84 12.09 0.365 0x0000FF
-68.2 346.4 10.8 -70.03 344.03 11.56 0.365 0x0000FF
-65.09 348.59 9.97 -68.2 346.4 10.8 0.365 0x0000FF
-62.36 351.14 9.28 -65.09 348.59 9.97 0.365 0x0000FF
-61.45 352.23 8.38 -62.36 351.14 9.28 0.365 0x0000FF
-59.63 354.05 7.24 -61.45 352.23 8.38 0.365 0x0000FF
-58.53 354.96 6.41 -59.63 354.05 7.24 0.365 0x0000FF
-56.16 357.15 5.42 -58.53 354.96 6.41 0.275 0x0000FF
-53.6 358.97 4.36 -56.16 357.15 5.42 0.275 0x0000FF
-51.78 360.79 3.45 -53.6 358.97 4.36 0.275 0x0000FF
-49.04 362.8 2.09 -51.78 360.79 3.45 0.275 0x0000FF
-46.49 365.17 1.18 -49.04 362.8 2.09 0.275 0x0000FF
-45.03 366.44 0.65 -46.49 365.17 1.18 0.275 0x0000FF
-43.57 368.08 -0.64 -45.03 366.44 0.65 0.275 0x0000FF
-40.83 371.18 -1.77 -43.57 368.08 -0.64 0.275 0x0000FF
-35.18 376.46 -3.36 -40.83 371.18 -1.77 0.275 0x0000FF
-31.35 379.38 -4.5 -35.18 376.46 -3.36 0.275 0x0000FF
-25.69 383.75 -4.73 -31.35 379.38 -4.5 0.275 0x0000FF
-16.38 392.31 -5.48 -25.69 383.75 -4.73 0.275 0x0000FF
-10.73 399.6 -6.01 -16.38 392.31 -5.48 0.275 0x0000FF
-7.99 405.07 -7.08 -10.73 399.6 -6.01 0.275 0x0000FF
-5.44 410.53 -8.06 -7.99 405.07 -7.08 0.275 0x0000FF
-2.34 415.82 -9.19 -5.44 410.53 -8.06 0.275 0x0000FF
3.87 424.93 -10.11 -2.34 415.82 -9.19 0.275 0x0000FF
8.78 429.48 -11.39 3.87 424.93 -10.11 0.275 0x0000FF
13.17 433.31 -13.06 8.78 429.48 -11.39 0.275 0x0000FF
18.26 438.95 -14.42 13.17 433.31 -13.06 0.275 0x0000FF
24.1 442.23 -15.41 18.26 438.95 -14.42 0.275 0x0000FF
29.58 444.96 -16.47 24.1 442.23 -15.41 0.275 0x0000FF
33.59 445.87 -18.73 29.58 444.96 -16.47 0.275 0x0000FF
38.15 446.78 -20.56 33.59 445.87 -18.73 0.275 0x0000FF
42.35 447.33 -22.45 38.15 446.78 -20.56 0.275 0x0000FF
46.0 447.7 -24.12 42.35 447.33 -22.45 0.275 0x0000FF
50.01 447.51 -26.47 46.0 447.7 -24.12 0.18 0x0000FF
-87.76 317.36 16.18 -86.31 312.62 15.65 0.365 0x0000FF
-91.41 327.02 16.48 -87.76 317.36 16.18 0.365 0x0000FF
-93.6 330.12 16.94 -91.41 327.02 16.48 0.365 0x0000FF
-94.15 330.66 17.92 -93.6 330.12 16.94 0.365 0x0000FF
-95.06 333.21 19.21 -94.15 330.66 17.92 0.365 0x0000FF
-95.61 335.22 20.65 -95.06 333.21 19.21 0.365 0x0000FF
-95.98 337.04 21.63 -95.61 335.22 20.65 0.365 0x0000FF
-97.62 339.41 23.22 -95.98 337.04 21.63 0.365 0x0000FF
-98.71 340.87 24.82 -97.62 339.41 23.22 0.365 0x0000FF
-99.99 343.78 25.8 -98.71 340.87 24.82 0.365 0x0000FF
-103.09 347.97 28.22 -99.99 343.78 25.8 0.365 0x0000FF
-108.93 351.25 28.38 -103.09 347.97 28.22 0.365 0x0000FF
-112.94 354.9 29.13 -108.93 351.25 28.38 0.365 0x0000FF
-114.22 356.17 29.82 -112.94 354.9 29.13 0.365 0x0000FF
-114.95 357.26 30.42 -114.22 356.17 29.82 0.365 0x0000FF
-117.46 360.06 31.41 -114.95 357.26 30.42 0.365 0x0000FF
-97.43 297.14 14.74 -93.06 293.31 14.82 0.365 0x0000FF
-103.09 299.51 15.27 -97.43 297.14 14.74 0.275 0x0000FF
-111.3 301.51 15.73 -103.09 299.51 15.27 0.275 0x0000FF
-121.52 308.07 16.1 -111.3 301.51 15.73 0.275 0x0000FF
-130.09 315.72 16.32 -121.52 308.07 16.1 0.275 0x0000FF
-135.75 318.82 16.55 -130.09 315.72 16.32 0.275 0x0000FF
-34.58 69.48 8.52 -30.38 68.2 8.3 0.64 0x0000FF
-44.07 70.4 8.91 -34.58 69.48 8.52 0.545 0x0000FF
-53.74 72.59 9.44 -44.07 70.4 8.91 0.545 0x0000FF
-60.49 74.41 9.67 -53.74 72.59 9.44 0.545 0x0000FF
-63.59 75.87 8.76 -60.49 74.41 9.67 0.545 0x0000FF
-71.06 80.23 7.77 -63.59 75.87 8.76 0.545 0x0000FF
-82.2 86.62 7.47 -71.06 80.23 7.77 0.545 0x0000FF
-89.68 91.9 6.26 -82.2 86.62 7.47 0.455 0x0000FF
-98.62 98.09 5.58 -89.68 91.9 6.26 0.455 0x0000FF
-106.83 103.2 4.13 -98.62 98.09 5.58 0.455 0x0000FF
-121.61 115.77 2.54 -106.83 103.2 4.13 0.455 0x0000FF
-127.63 118.87 1.86 -121.61 115.77 2.54 0.455 0x0000FF
-137.3 124.51 0.2 -127.63 118.87 1.86 0.455 0x0000FF
-144.96 129.07 -0.94 -137.3 124.51 0.2 0.455 0x0000FF
-148.61 131.44 -1.85 -144.96 129.07 -0.94 0.455 0x0000FF
-151.53 134.53 -1.39 -148.61 131.44 -1.85 0.365 0x0000FF
-154.09 143.46 -0.79 -151.53 134.53 -1.39 0.365 0x0000FF
-155.0 149.11 -0.33 -154.09 143.46 -0.79 0.365 0x0000FF
-159.38 155.85 0.57 -155.0 149.11 -0.33 0.365 0x0000FF
-168.32 160.59 0.95 -159.38 155.85 0.57 0.365 0x0000FF
-177.81 159.68 1.41 -168.32 160.59 0.95 0.365 0x0000FF
-180.72 155.49 1.79 -177.81 159.68 1.41 0.275 0x0000FF
-168.68 136.54 -2.0 -148.61 131.44 -1.85 0.365 0x0000FF
-173.43 137.09 -2.61 -168.68 136.54 -2.0 0.365 0x0000FF
-177.62 137.44 -3.21 -173.43 137.09 -2.61 0.365 0x0000FF
-18.82 28.93 5.8 -16.26 26.74 5.5 0.455 0x0000FF
-22.1 31.11 6.26 -18.82 28.93 5.8 0.455 0x0000FF
-28.12 33.85 6.86 -22.1 31.11 6.26 0.455 0x0000FF
-39.07 37.31 7.62 -28.12 33.85 6.86 0.455 0x0000FF
-43.99 39.49 9.28 -39.07 37.31 7.62 0.455 0x0000FF
-46.73 41.32 10.88 -43.99 39.49 9.28 0.455 0x0000FF
-53.48 44.6 12.47 -46.73 41.32 10.88 0.455 0x0000FF
-57.13 48.06 13.38 -53.48 44.6 12.47 0.455 0x0000FF
-59.32 53.89 14.51 -57.13 48.06 13.38 0.455 0x0000FF
-60.05 57.9 15.04 -59.32 53.89 14.51 0.455 0x0000FF
-65.34 66.28 16.55 -60.05 57.9 15.04 0.365 0x0000FF
-70.81 71.01 17.32 -65.34 66.28 16.55 0.365 0x0000FF
-77.38 75.2 17.92 -70.81 71.01 17.32 0.365 0x0000FF
-82.56 77.14 18.98 -77.38 75.2 17.92 0.275 0x0000FF
-14.8 -0.77 5.95 -9.69 -1.87 5.65 1.005 0x0000FF
-16.98 0.14 6.48 -14.8 -0.77 5.95 0.455 0x0000FF
-19.55 0.87 6.11 -16.98 0.14 6.48 0.455 0x0000FF
-20.28 1.05 6.26 -19.55 0.87 6.11 0.455 0x0000FF
-21.19 1.41 8.15 -20.28 1.05 6.26 0.455 0x0000FF
-22.1 1.78 9.36 -21.19 1.41 8.15 0.455 0x0000FF
-24.65 2.69 11.26 -22.1 1.78 9.36 0.455 0x0000FF
-26.66 3.24 13.45 -24.65 2.69 11.26 0.455 0x0000FF
-30.31 3.6 15.2 -26.66 3.24 13.45 0.455 0x0000FF
-33.04 4.15 16.94 -30.31 3.6 15.2 0.455 0x0000FF
-35.24 4.51 19.59 -33.04 4.15 16.94 0.455 0x0000FF
-37.24 4.51 22.54 -35.24 4.51 19.59 0.455 0x0000FF
-40.89 4.88 25.19 -37.24 4.51 22.54 0.275 0x0000FF
-41.81 5.05 26.94 -40.89 4.88 25.19 0.275 0x0000FF
-43.27 5.79 28.15 -41.81 5.05 26.94 0.275 0x0000FF
-46.18 6.15 30.42 -43.27 5.79 28.15 0.275 0x0000FF
-49.1 7.79 31.94 -46.18 6.15 30.42 0.275 0x0000FF
-50.02 9.25 33.29 -49.1 7.79 31.94 0.275 0x0000FF
-50.75 10.16 35.11 -50.02 9.25 33.29 0.275 0x0000FF
-50.75 12.89 37.24 -50.75 10.16 35.11 0.275 0x0000FF
-15.71 -2.59 6.18 -14.8 -0.77 5.95 0.64 0x0000FF
-15.71 -4.05 6.79 -15.71 -2.59 6.18 0.64 0x0000FF
-14.98 -5.33 7.39 -15.71 -4.05 6.79 0.455 0x0000FF
-14.62 -5.69 8.44 -14.98 -5.33 7.39 0.455 0x0000FF
-13.89 -6.97 9.97 -14.62 -5.69 8.44 0.455 0x0000FF
-13.71 -8.06 11.33 -13.89 -6.97 9.97 0.455 0x0000FF
-13.53 -9.34 12.77 -13.71 -8.06 11.33 0.455 0x0000FF
-13.71 -10.79 14.89 -13.53 -9.34 12.77 0.455 0x0000FF
-14.25 -12.98 16.32 -13.71 -10.79 14.89 0.455 0x0000FF
-13.89 -15.35 18.23 -14.25 -12.98 16.32 0.455 0x0000FF
-12.61 -17.35 21.18 -13.89 -15.35 18.23 0.275 0x0000FF
-12.07 -18.63 21.63 -12.61 -17.35 21.18 0.275 0x0000FF
-11.88 -20.27 22.16 -12.07 -18.63 21.63 0.275 0x0000FF
-12.8 -21.91 22.92 -11.88 -20.27 22.16 0.275 0x0000FF
