22.61 -851.44 -25.18 12.41 -856.43 -27.38 1.535 0x0000FF
24.33 -851.44 -25.18 22.61 -851.44 -25.18 1.535 0x0000FF
25.44 -851.2 -25.18 24.33 -851.44 -25.18 1.535 0x0000FF
25.68 -851.08 -25.18 25.44 -851.2 -25.18 1.535 0x0000FF
26.01 -849.89 -25.63 25.68 -851.08 -25.18 0.86 0x0000FF
27.12 -849.89 -24.88 26.01 -849.89 -25.63 0.86 0x0000FF
27.36 -849.65 -24.5 27.12 -849.89 -24.88 0.86 0x0000FF
27.49 -849.28 -23.59 27.36 -849.65 -24.5 0.86 0x0000FF
27.73 -849.04 -22.76 27.49 -849.28 -23.59 0.86 0x0000FF
28.71 -848.92 -23.29 27.73 -849.04 -22.76 0.86 0x0000FF
29.45 -848.55 -24.12 28.71 -848.92 -23.29 0.86 0x0000FF
30.31 -848.06 -25.41 29.45 -848.55 -24.12 0.86 0x0000FF
30.92 -847.58 -26.92 30.31 -848.06 -25.41 0.86 0x0000FF
31.53 -847.21 -27.45 30.92 -847.58 -26.92 0.86 0x0000FF
32.88 -846.48 -29.35 31.53 -847.21 -27.45 0.86 0x0000FF
33.5 -845.87 -29.95 32.88 -846.48 -29.35 0.86 0x0000FF
34.11 -845.26 -30.94 33.5 -845.87 -29.95 0.86 0x0000FF
35.34 -844.65 -32.22 34.11 -845.26 -30.94 0.86 0x0000FF
36.69 -844.29 -33.44 35.34 -844.65 -32.22 0.86 0x0000FF
37.67 -843.68 -34.57 36.69 -844.29 -33.44 0.86 0x0000FF
38.89 -843.44 -35.56 37.67 -843.68 -34.57 0.86 0x0000FF
40.36 -842.95 -36.61 38.89 -843.44 -35.56 0.86 0x0000FF
41.23 -842.22 -37.29 40.36 -842.95 -36.61 0.86 0x0000FF
41.96 -841.85 -37.45 41.23 -842.22 -37.29 0.86 0x0000FF
43.07 -841.85 -37.45 41.96 -841.85 -37.45 0.86 0x0000FF
43.36 -841.17 -37.53 43.07 -841.85 -37.45 0.615 0x0000FF
44.47 -839.59 -37.53 43.36 -841.17 -37.53 0.615 0x0000FF
45.69 -837.76 -37.53 44.47 -839.59 -37.53 0.615 0x0000FF
48.39 -835.57 -37.53 45.69 -837.76 -37.53 0.615 0x0000FF
50.11 -834.11 -37.53 48.39 -835.57 -37.53 0.615 0x0000FF
52.19 -832.89 -37.53 50.11 -834.11 -37.53 0.615 0x0000FF
56.73 -830.09 -37.53 52.19 -832.89 -37.53 0.37 0x0000FF
61.15 -829.24 -37.6 56.73 -830.09 -37.53 0.37 0x0000FF
64.45 -828.75 -37.6 61.15 -829.24 -37.6 0.37 0x0000FF
66.91 -827.65 -37.53 64.45 -828.75 -37.6 0.37 0x0000FF
69.37 -827.05 -37.53 66.91 -827.65 -37.53 0.37 0x0000FF
73.05 -827.17 -37.6 69.37 -827.05 -37.53 0.305 0x0000FF
44.05 -842.22 -37.45 43.07 -841.85 -37.45 0.43 0x0000FF
46.26 -842.71 -37.45 44.05 -842.22 -37.45 0.43 0x0000FF
46.62 -842.71 -37.45 46.26 -842.71 -37.45 0.43 0x0000FF
47.85 -842.59 -37.45 46.62 -842.71 -37.45 0.55 0x0000FF
48.71 -842.46 -37.07 47.85 -842.59 -37.45 0.55 0x0000FF
49.32 -841.98 -36.77 48.71 -842.46 -37.07 0.55 0x0000FF
50.67 -841.37 -36.15 49.32 -841.98 -36.77 0.55 0x0000FF
52.02 -841.25 -36.09 50.67 -841.37 -36.15 0.55 0x0000FF
53.37 -841.25 -35.63 52.02 -841.25 -36.09 0.55 0x0000FF
54.6 -841.25 -34.95 53.37 -841.25 -35.63 0.55 0x0000FF
55.46 -841.25 -34.42 54.6 -841.25 -34.95 0.55 0x0000FF
56.93 -841.49 -34.04 55.46 -841.25 -34.42 0.55 0x0000FF
59.14 -841.61 -33.59 56.93 -841.49 -34.04 0.55 0x0000FF
62.45 -841.73 -33.28 59.14 -841.61 -33.59 0.55 0x0000FF
64.04 -841.61 -33.28 62.45 -841.73 -33.28 0.55 0x0000FF
66.98 -841.61 -32.38 64.04 -841.61 -33.28 0.55 0x0000FF
70.42 -841.49 -32.29 66.98 -841.61 -32.38 0.55 0x0000FF
72.87 -840.15 -32.29 70.42 -841.49 -32.29 0.55 0x0000FF
74.95 -839.3 -32.29 72.87 -840.15 -32.29 0.55 0x0000FF
79.13 -836.98 -32.29 74.95 -839.3 -32.29 0.305 0x0000FF
82.44 -836.86 -31.92 79.13 -836.98 -32.29 0.305 0x0000FF
85.26 -836.86 -31.32 82.44 -836.86 -31.92 0.305 0x0000FF
87.84 -835.65 -30.71 85.26 -836.86 -31.32 0.305 0x0000FF
91.03 -834.55 -30.71 87.84 -835.65 -30.71 0.305 0x0000FF
94.22 -833.33 -30.71 91.03 -834.55 -30.71 0.305 0x0000FF
97.53 -832.48 -30.71 94.22 -833.33 -30.71 0.305 0x0000FF
102.93 -832.97 -30.71 97.53 -832.48 -30.71 0.305 0x0000FF
104.77 -833.09 -30.71 102.93 -832.97 -30.71 0.305 0x0000FF
105.06 -833.86 -30.78 104.77 -833.09 -30.71 0.305 0x0000FF
106.66 -834.84 -30.78 105.06 -833.86 -30.78 0.305 0x0000FF
108.38 -834.96 -30.78 106.66 -834.84 -30.78 0.305 0x0000FF
111.69 -834.47 -30.78 108.38 -834.96 -30.78 0.305 0x0000FF
118.93 -831.79 -30.78 111.69 -834.47 -30.78 0.305 0x0000FF
122.97 -830.94 -30.78 118.93 -831.79 -30.78 0.305 0x0000FF
126.04 -830.94 -30.78 122.97 -830.94 -30.78 0.305 0x0000FF
129.97 -831.19 -30.78 126.04 -830.94 -30.78 0.305 0x0000FF
133.77 -831.19 -30.78 129.97 -831.19 -30.78 0.305 0x0000FF
136.22 -831.06 -30.78 133.77 -831.19 -30.78 0.305 0x0000FF
139.04 -831.06 -30.78 136.22 -831.06 -30.78 0.305 0x0000FF
143.21 -831.19 -30.78 139.04 -831.06 -30.78 0.305 0x0000FF
146.77 -831.43 -30.78 143.21 -831.19 -30.78 0.305 0x0000FF
150.21 -831.43 -30.78 146.77 -831.43 -30.78 0.305 0x0000FF
154.25 -830.94 -30.78 150.21 -831.43 -30.78 0.305 0x0000FF
157.81 -831.43 -30.78 154.25 -830.94 -30.78 0.305 0x0000FF
160.51 -832.65 -30.78 157.81 -831.43 -30.78 0.305 0x0000FF
162.6 -833.74 -30.78 160.51 -832.65 -30.78 0.305 0x0000FF
165.05 -835.57 -30.78 162.6 -833.74 -30.78 0.305 0x0000FF
166.64 -837.15 -30.78 165.05 -835.57 -30.78 0.305 0x0000FF
168.12 -837.76 -30.78 166.64 -837.15 -30.78 0.305 0x0000FF
106.9 -833.13 -30.71 104.77 -833.09 -30.71 0.305 0x0000FF
109.6 -832.52 -30.56 106.9 -833.13 -30.71 0.305 0x0000FF
111.81 -831.06 -30.03 109.6 -832.52 -30.56 0.305 0x0000FF
114.02 -828.99 -30.03 111.81 -831.06 -30.03 0.305 0x0000FF
115.86 -827.29 -29.27 114.02 -828.99 -30.03 0.305 0x0000FF
118.56 -825.71 -28.82 115.86 -827.29 -29.27 0.305 0x0000FF
121.75 -824.98 -28.74 118.56 -825.71 -28.82 0.305 0x0000FF
125.3 -824.73 -28.21 121.75 -824.98 -28.74 0.305 0x0000FF
127.39 -824.37 -28.21 125.3 -824.73 -28.21 0.305 0x0000FF
130.46 -824.37 -28.89 127.39 -824.37 -28.21 0.305 0x0000FF
134.13 -824.25 -28.89 130.46 -824.37 -28.89 0.305 0x0000FF
137.33 -823.52 -29.8 134.13 -824.25 -28.89 0.305 0x0000FF
141.99 -822.18 -29.8 137.33 -823.52 -29.8 0.305 0x0000FF
145.18 -820.84 -29.8 141.99 -822.18 -29.8 0.305 0x0000FF
146.88 -819.86 -30.33 145.18 -820.84 -29.8 0.305 0x0000FF
149.72 -818.4 -30.41 146.88 -819.86 -30.33 0.305 0x0000FF
46.75 -844.05 -37.45 46.62 -842.71 -37.45 0.185 0x0000FF
46.26 -845.75 -37.45 46.75 -844.05 -37.45 0.185 0x0000FF
46.38 -847.58 -37.45 46.26 -845.75 -37.45 0.185 0x0000FF
46.87 -849.16 -37.45 46.38 -847.58 -37.45 0.185 0x0000FF
45.64 -851.59 -37.45 46.87 -849.16 -37.45 0.185 0x0000FF
45.03 -853.91 -37.45 45.64 -851.59 -37.45 0.185 0x0000FF
45.03 -856.46 -37.45 45.03 -853.91 -37.45 0.185 0x0000FF
44.05 -859.27 -37.45 45.03 -856.46 -37.45 0.185 0x0000FF
43.43 -861.09 -37.45 44.05 -859.27 -37.45 0.185 0x0000FF
43.68 -864.62 -37.45 43.43 -861.09 -37.45 0.185 0x0000FF
28.62 -852.54 -25.18 25.68 -851.08 -25.18 0.98 0x0000FF
30.22 -852.9 -25.18 28.62 -852.54 -25.18 0.98 0x0000FF
33.53 -853.15 -23.89 30.22 -852.9 -25.18 0.98 0x0000FF
34.02 -853.27 -23.21 33.53 -853.15 -23.89 0.98 0x0000FF
35.25 -853.76 -22.68 34.02 -853.27 -23.21 0.98 0x0000FF
36.11 -853.88 -22.53 35.25 -853.76 -22.68 0.98 0x0000FF
38.07 -854.0 -21.85 36.11 -853.88 -22.53 0.98 0x0000FF
40.77 -854.49 -21.09 38.07 -854.0 -21.85 0.675 0x0000FF
42.49 -855.34 -20.26 40.77 -854.49 -21.09 0.675 0x0000FF
44.94 -856.07 -20.1 42.49 -855.34 -20.26 0.675 0x0000FF
46.29 -856.31 -19.42 44.94 -856.07 -20.1 0.675 0x0000FF
49.72 -857.16 -19.12 46.29 -856.31 -19.42 0.675 0x0000FF
52.05 -857.29 -18.66 49.72 -857.16 -19.12 0.675 0x0000FF
52.42 -857.16 -18.59 52.05 -857.29 -18.66 0.675 0x0000FF
53.89 -857.16 -17.82 52.42 -857.16 -18.59 0.675 0x0000FF
55.12 -857.29 -17.68 53.89 -857.16 -17.82 0.675 0x0000FF
56.59 -857.53 -17.68 55.12 -857.29 -17.68 0.675 0x0000FF
57.08 -857.19 -18.21 56.59 -857.53 -17.68 0.43 0x0000FF
58.92 -856.95 -18.13 57.08 -857.19 -18.21 0.43 0x0000FF
59.54 -856.58 -17.38 58.92 -856.95 -18.13 0.43 0x0000FF
62.73 -854.63 -16.39 59.54 -856.58 -17.38 0.43 0x0000FF
64.56 -853.54 -15.79 62.73 -854.63 -16.39 0.43 0x0000FF
67.26 -852.32 -15.63 64.56 -853.54 -15.79 0.43 0x0000FF
69.95 -850.86 -14.65 67.26 -852.32 -15.63 0.43 0x0000FF
72.66 -849.76 -13.74 69.95 -850.86 -14.65 0.43 0x0000FF
74.13 -849.15 -13.67 72.66 -849.76 -13.74 0.43 0x0000FF
77.94 -848.79 -13.06 74.13 -849.15 -13.67 0.43 0x0000FF
81.73 -848.3 -12.38 77.94 -848.79 -13.06 0.43 0x0000FF
83.95 -847.45 -12.38 81.73 -848.3 -12.38 0.43 0x0000FF
85.42 -846.6 -12.0 83.95 -847.45 -12.38 0.43 0x0000FF
88.73 -846.11 -11.7 85.42 -846.6 -12.0 0.43 0x0000FF
91.06 -845.5 -11.62 88.73 -846.11 -11.7 0.43 0x0000FF
93.39 -845.5 -11.24 91.06 -845.5 -11.62 0.43 0x0000FF
98.05 -845.5 -11.32 93.39 -845.5 -11.24 0.43 0x0000FF
99.77 -845.26 -12.3 98.05 -845.5 -11.32 0.43 0x0000FF
103.08 -844.53 -12.45 99.77 -845.26 -12.3 0.43 0x0000FF
105.54 -843.68 -12.45 103.08 -844.53 -12.45 0.43 0x0000FF
108.36 -843.68 -12.45 105.54 -843.68 -12.45 0.43 0x0000FF
109.34 -843.43 -12.45 108.36 -843.68 -12.45 0.43 0x0000FF
112.9 -843.92 -12.6 109.34 -843.43 -12.45 0.43 0x0000FF
115.47 -844.16 -12.53 112.9 -843.92 -12.6 0.43 0x0000FF
118.91 -845.14 -12.6 115.47 -844.16 -12.53 0.43 0x0000FF
120.75 -845.14 -12.6 118.91 -845.14 -12.6 0.43 0x0000FF
123.45 -845.62 -12.6 120.75 -845.14 -12.6 0.43 0x0000FF
126.27 -846.72 -12.83 123.45 -845.62 -12.6 0.43 0x0000FF
128.6 -847.57 -12.83 126.27 -846.72 -12.83 0.43 0x0000FF
131.79 -848.42 -12.91 128.6 -847.57 -12.83 0.43 0x0000FF
135.71 -848.42 -12.91 131.79 -848.42 -12.91 0.43 0x0000FF
139.22 -849.06 -12.91 135.71 -848.42 -12.91 0.43 0x0000FF
141.56 -850.16 -13.29 139.22 -849.06 -12.91 0.43 0x0000FF
142.79 -851.01 -13.51 141.56 -850.16 -13.29 0.43 0x0000FF
144.51 -852.84 -13.51 142.79 -851.01 -13.51 0.43 0x0000FF
146.35 -853.81 -13.51 144.51 -852.84 -13.51 0.43 0x0000FF
148.43 -854.91 -13.51 146.35 -853.81 -13.51 0.43 0x0000FF
151.62 -856.73 -14.12 148.43 -854.91 -13.51 0.43 0x0000FF
153.83 -857.22 -14.2 151.62 -856.73 -14.12 0.43 0x0000FF
157.38 -857.95 -15.03 153.83 -857.22 -14.2 0.43 0x0000FF
159.72 -858.07 -15.86 157.38 -857.95 -15.03 0.43 0x0000FF
161.19 -858.2 -16.17 159.72 -858.07 -15.86 0.43 0x0000FF
163.27 -858.2 -16.01 161.19 -858.2 -16.17 0.43 0x0000FF
165.48 -858.2 -14.95 163.27 -858.2 -16.01 0.43 0x0000FF
166.71 -858.07 -13.67 165.48 -858.2 -14.95 0.43 0x0000FF
167.57 -857.71 -12.91 166.71 -858.07 -13.67 0.43 0x0000FF
169.16 -857.71 -12.0 167.57 -857.71 -12.91 0.43 0x0000FF
169.9 -857.47 -11.77 169.16 -857.71 -12.0 0.43 0x0000FF
170.63 -856.73 -10.71 169.9 -857.47 -11.77 0.43 0x0000FF
173.21 -856.0 -9.73 170.63 -856.73 -10.71 0.43 0x0000FF
174.07 -855.4 -8.74 173.21 -856.0 -9.73 0.43 0x0000FF
175.54 -854.79 -7.83 174.07 -855.4 -8.74 0.43 0x0000FF
176.28 -854.06 -7.76 175.54 -854.79 -7.83 0.43 0x0000FF
60.27 -860.7 -17.68 56.59 -857.53 -17.68 0.43 0x0000FF
61.5 -861.06 -17.68 60.27 -860.7 -17.68 0.43 0x0000FF
63.59 -861.79 -17.45 61.5 -861.06 -17.68 0.43 0x0000FF
65.3 -862.4 -16.54 63.59 -861.79 -17.45 0.43 0x0000FF
67.02 -863.13 -15.94 65.3 -862.4 -16.54 0.43 0x0000FF
68.62 -863.86 -15.71 67.02 -863.13 -15.94 0.43 0x0000FF
69.23 -864.23 -15.1 68.62 -863.86 -15.71 0.43 0x0000FF
70.45 -864.84 -14.2 69.23 -864.23 -15.1 0.43 0x0000FF
72.3 -865.32 -13.89 70.45 -864.84 -14.2 0.43 0x0000FF
73.77 -865.57 -13.06 72.3 -865.32 -13.89 0.43 0x0000FF
75.98 -865.69 -12.0 73.77 -865.57 -13.06 0.43 0x0000FF
76.83 -865.93 -11.7 75.98 -865.69 -12.0 0.43 0x0000FF
78.31 -866.66 -10.56 76.83 -865.93 -11.7 0.43 0x0000FF
79.66 -866.91 -10.56 78.31 -866.66 -10.56 0.43 0x0000FF
84.02 -867.69 -10.56 79.66 -866.91 -10.56 0.43 0x0000FF
85.13 -867.94 -10.48 84.02 -867.69 -10.56 0.43 0x0000FF
86.97 -868.67 -9.35 85.13 -867.94 -10.48 0.43 0x0000FF
87.95 -868.91 -9.03 86.97 -868.67 -9.35 0.43 0x0000FF
89.91 -869.4 -8.44 87.95 -868.91 -9.03 0.43 0x0000FF
90.52 -869.76 -7.61 89.91 -869.4 -8.44 0.43 0x0000FF
92.49 -870.25 -6.77 90.52 -869.76 -7.61 0.43 0x0000FF
94.08 -870.74 -5.71 92.49 -870.25 -6.77 0.43 0x0000FF
96.9 -871.83 -4.65 94.08 -870.74 -5.71 0.43 0x0000FF
98.37 -872.44 -4.65 96.9 -871.83 -4.65 0.43 0x0000FF
99.72 -872.69 -3.59 98.37 -872.44 -4.65 0.43 0x0000FF
101.2 -873.3 -2.83 99.72 -872.69 -3.59 0.43 0x0000FF
103.4 -874.27 -2.52 101.2 -873.3 -2.83 0.43 0x0000FF
104.38 -874.51 -2.52 103.4 -874.27 -2.52 0.43 0x0000FF
106.84 -875.12 -0.94 104.38 -874.51 -2.52 0.43 0x0000FF
109.9 -876.22 -0.94 106.84 -875.12 -0.94 0.43 0x0000FF
112.48 -876.46 0.2 109.9 -876.22 -0.94 0.43 0x0000FF
115.67 -876.58 0.57 112.48 -876.46 0.2 0.43 0x0000FF
118.25 -876.58 1.56 115.67 -876.58 0.57 0.43 0x0000FF
121.19 -876.46 2.7 118.25 -876.58 1.56 0.43 0x0000FF
123.89 -875.85 2.77 121.19 -876.46 2.7 0.43 0x0000FF
126.71 -875.61 3.68 123.89 -875.85 2.77 0.43 0x0000FF
129.29 -875.49 4.74 126.71 -875.61 3.68 0.43 0x0000FF
130.51 -875.12 4.88 129.29 -875.49 4.74 0.43 0x0000FF
132.97 -875.24 5.8 130.51 -875.12 4.88 0.43 0x0000FF
135.3 -875.36 5.8 132.97 -875.24 5.8 0.43 0x0000FF
137.51 -875.36 5.8 135.3 -875.36 5.8 0.43 0x0000FF
140.82 -875.12 7.09 137.51 -875.36 5.8 0.43 0x0000FF
143.15 -874.63 7.09 140.82 -875.12 7.09 0.43 0x0000FF
145.36 -874.27 8.3 143.15 -874.63 7.09 0.43 0x0000FF
146.34 -873.66 8.38 145.36 -874.27 8.3 0.43 0x0000FF
148.79 -873.05 9.36 146.34 -873.66 8.38 0.43 0x0000FF
149.65 -872.2 9.36 148.79 -873.05 9.36 0.43 0x0000FF
154.8 -870.98 9.36 149.65 -872.2 9.36 0.43 0x0000FF
157.5 -870.74 9.36 154.8 -870.98 9.36 0.43 0x0000FF
162.56 -869.03 9.44 157.5 -870.74 9.36 0.43 0x0000FF
164.15 -868.66 9.44 162.56 -869.03 9.44 0.43 0x0000FF
165.26 -868.06 10.57 164.15 -868.66 9.44 0.43 0x0000FF
167.59 -867.2 10.73 165.26 -868.06 10.57 0.43 0x0000FF
169.92 -866.84 11.56 167.59 -867.2 10.73 0.43 0x0000FF
173.48 -867.57 12.32 169.92 -866.84 11.56 0.43 0x0000FF
176.66 -868.91 12.77 173.48 -867.57 12.32 0.43 0x0000FF
179.36 -869.15 13.07 176.66 -868.91 12.77 0.43 0x0000FF
181.69 -869.64 13.76 179.36 -869.15 13.07 0.43 0x0000FF
184.15 -870.49 14.21 181.69 -869.64 13.76 0.43 0x0000FF
186.11 -871.22 14.67 184.15 -870.49 14.21 0.43 0x0000FF
188.81 -871.83 14.67 186.11 -871.22 14.67 0.43 0x0000FF
190.89 -872.68 14.67 188.81 -871.83 14.67 0.43 0x0000FF
191.63 -873.05 15.5 190.89 -872.68 14.67 0.43 0x0000FF
193.1 -873.41 15.8 191.63 -873.05 15.5 0.43 0x0000FF
193.47 -873.66 16.79 193.1 -873.41 15.8 0.43 0x0000FF
194.45 -873.9 17.85 193.47 -873.66 16.79 0.43 0x0000FF
194.94 -874.14 18.07 194.45 -873.9 17.85 0.43 0x0000FF
195.56 -874.26 19.36 194.94 -874.14 18.07 0.43 0x0000FF
196.54 -874.99 19.44 195.56 -874.26 19.36 0.43 0x0000FF
197.27 -875.6 20.65 196.54 -874.99 19.44 0.43 0x0000FF
198.62 -876.21 20.65 197.27 -875.6 20.65 0.43 0x0000FF
199.11 -876.7 21.56 198.62 -876.21 20.65 0.43 0x0000FF
199.85 -877.43 22.32 199.11 -876.7 21.56 0.43 0x0000FF
200.22 -878.28 22.39 199.85 -877.43 22.32 0.43 0x0000FF
201.2 -879.5 23.07 200.22 -878.28 22.39 0.43 0x0000FF
203.28 -880.6 23.07 201.2 -879.5 23.07 0.43 0x0000FF
205.25 -881.2 23.91 203.28 -880.6 23.07 0.43 0x0000FF
4.66 -846.7 -13.36 12.41 -856.43 -27.38 0.49 0x0000FF
8.34 -845.12 -13.36 4.66 -846.7 -13.36 0.49 0x0000FF
11.65 -844.51 -13.36 8.34 -845.12 -13.36 0.49 0x0000FF
13.37 -843.66 -13.36 11.65 -844.51 -13.36 0.49 0x0000FF
15.09 -842.32 -13.36 13.37 -843.66 -13.36 0.49 0x0000FF
-1.35 -852.43 -13.36 12.41 -856.43 -27.38 0.49 0x0000FF
-1.84 -853.16 -13.36 -1.35 -852.43 -13.36 0.49 0x0000FF
-2.7 -854.62 -13.36 -1.84 -853.16 -13.36 0.49 0x0000FF
-2.09 -854.86 -13.36 -2.7 -854.62 -13.36 0.245 0x0000FF
-2.21 -858.03 -13.36 -2.09 -854.86 -13.36 0.245 0x0000FF
-3.8 -860.95 -13.36 -2.21 -858.03 -13.36 0.245 0x0000FF
-4.05 -865.09 -13.36 -3.8 -860.95 -13.36 0.245 0x0000FF
-3.8 -867.64 -13.36 -4.05 -865.09 -13.36 0.245 0x0000FF
-3.07 -871.3 -13.36 -3.8 -867.64 -13.36 0.245 0x0000FF
-2.82 -871.91 -13.36 -3.07 -871.3 -13.36 0.245 0x0000FF
-0.49 -874.46 -13.36 -2.82 -871.91 -13.36 0.245 0x0000FF
-0.25 -878.11 -13.36 -0.49 -874.46 -13.36 0.245 0x0000FF
0.12 -880.43 -13.36 -0.25 -878.11 -13.36 0.245 0x0000FF
1.59 -883.23 -13.36 0.12 -880.43 -13.36 0.245 0x0000FF
3.43 -885.18 -13.36 1.59 -883.23 -13.36 0.245 0x0000FF
-3.44 -872.39 -13.36 -3.07 -871.3 -13.36 0.245 0x0000FF
-5.4 -873.85 -13.36 -3.44 -872.39 -13.36 0.245 0x0000FF
-7.24 -875.19 -13.36 -5.4 -873.85 -13.36 0.245 0x0000FF
-3.44 -856.2 -13.36 -2.7 -854.62 -13.36 0.49 0x0000FF
-4.3 -856.93 -13.36 -3.44 -856.2 -13.36 0.49 0x0000FF
-6.63 -859.12 -13.36 -4.3 -856.93 -13.36 0.49 0x0000FF
-9.19 -860.34 -13.36 -6.63 -859.12 -13.36 0.49 0x0000FF
-11.66 -861.31 -13.36 -9.19 -860.34 -13.36 0.49 0x0000FF
-14.23 -863.02 -13.36 -11.66 -861.31 -13.36 0.49 0x0000FF
-15.95 -864.48 -13.36 -14.23 -863.02 -13.36 0.49 0x0000FF
-18.53 -866.79 -13.36 -15.95 -864.48 -13.36 0.245 0x0000FF
-20.0 -868.37 -13.36 -18.53 -866.79 -13.36 0.245 0x0000FF
-22.21 -870.2 -13.36 -20.0 -868.37 -13.36 0.245 0x0000FF
13.74 -866.91 -29.42 12.41 -856.43 -27.38 1.9 0x0000FF
13.74 -867.52 -29.42 13.74 -866.91 -29.42 1.9 0x0000FF
13.74 -869.11 -29.42 13.74 -867.52 -29.42 1.9 0x0000FF
13.86 -870.2 -29.42 13.74 -869.11 -29.42 1.9 0x0000FF
13.98 -872.27 -29.42 13.86 -870.2 -29.42 1.9 0x0000FF
14.23 -875.31 -29.42 13.98 -872.27 -29.42 1.9 0x0000FF
15.09 -876.9 -29.42 14.23 -875.31 -29.42 1.9 0x0000FF
15.61 -878.84 -30.25 15.09 -876.9 -29.42 2.145 0x0000FF
15.61 -879.57 -30.25 15.61 -878.84 -30.25 2.145 0x0000FF
16.87 -881.59 -30.03 15.61 -879.57 -30.25 1.715 0x0000FF
17.36 -881.59 -30.03 16.87 -881.59 -30.03 1.715 0x0000FF
17.73 -882.69 -30.03 17.36 -881.59 -30.03 1.715 0x0000FF
18.59 -884.03 -30.03 17.73 -882.69 -30.03 1.715 0x0000FF
18.71 -885.37 -30.03 18.59 -884.03 -30.03 1.715 0x0000FF
19.07 -886.46 -30.03 18.71 -885.37 -30.03 1.715 0x0000FF
19.19 -888.4 -30.41 19.07 -886.46 -30.03 1.165 0x0000FF
19.55 -889.5 -30.41 19.19 -888.4 -30.41 1.165 0x0000FF
20.05 -891.45 -30.41 19.55 -889.5 -30.41 1.165 0x0000FF
20.18 -893.15 -30.41 20.05 -891.45 -30.41 1.165 0x0000FF
21.16 -894.98 -30.41 20.18 -893.15 -30.41 1.165 0x0000FF
21.77 -896.56 -30.41 21.16 -894.98 -30.41 1.165 0x0000FF
23.49 -897.66 -30.41 21.77 -896.56 -30.41 1.165 0x0000FF
24.22 -898.75 -30.41 23.49 -897.66 -30.41 1.165 0x0000FF
24.22 -898.44 -30.41 24.22 -898.75 -30.41 1.225 0x0000FF
25.27 -898.61 -30.41 24.22 -898.44 -30.41 0.55 0x0000FF
25.89 -898.61 -30.41 25.27 -898.61 -30.41 0.55 0x0000FF
27.48 -898.61 -30.41 25.89 -898.61 -30.41 0.55 0x0000FF
28.95 -898.61 -30.41 27.48 -898.61 -30.41 0.55 0x0000FF
31.53 -898.73 -30.41 28.95 -898.61 -30.41 0.55 0x0000FF
33.11 -899.83 -30.41 31.53 -898.73 -30.41 0.55 0x0000FF
34.47 -900.56 -30.41 33.11 -899.83 -30.41 0.55 0x0000FF
35.82 -901.53 -30.41 34.47 -900.56 -30.41 0.55 0x0000FF
38.4 -903.12 -30.41 35.82 -901.53 -30.41 0.55 0x0000FF
40.36 -904.09 -30.41 38.4 -903.12 -30.41 0.55 0x0000FF
41.22 -904.21 -30.41 40.36 -904.09 -30.41 0.55 0x0000FF
42.57 -904.58 -30.41 41.22 -904.21 -30.41 0.55 0x0000FF
43.67 -904.82 -30.41 42.57 -904.58 -30.41 0.55 0x0000FF
44.66 -905.19 -30.41 43.67 -904.82 -30.41 0.55 0x0000FF
46.0 -906.04 -30.41 44.66 -905.19 -30.41 0.55 0x0000FF
46.74 -906.65 -30.41 46.0 -906.04 -30.41 0.55 0x0000FF
49.32 -909.93 -30.41 46.74 -906.65 -30.41 0.55 0x0000FF
51.89 -912.37 -30.41 49.32 -909.93 -30.41 0.305 0x0000FF
53.73 -913.47 -30.41 51.89 -912.37 -30.41 0.305 0x0000FF
54.84 -914.44 -30.41 53.73 -913.47 -30.41 0.305 0x0000FF
55.82 -915.54 -30.41 54.84 -914.44 -30.41 0.305 0x0000FF
56.92 -916.87 -30.41 55.82 -915.54 -30.41 0.305 0x0000FF
23.36 -899.17 -30.41 24.22 -898.44 -30.41 0.675 0x0000FF
23.48 -901.12 -30.41 23.36 -899.17 -30.41 0.675 0x0000FF
24.46 -902.58 -30.41 23.48 -901.12 -30.41 0.675 0x0000FF
25.69 -903.67 -30.41 24.46 -902.58 -30.41 0.675 0x0000FF
26.92 -905.25 -30.41 25.69 -903.67 -30.41 0.675 0x0000FF
27.29 -906.59 -30.41 26.92 -905.25 -30.41 0.675 0x0000FF
27.53 -907.69 -30.41 27.29 -906.59 -30.41 0.675 0x0000FF
27.65 -909.88 -30.41 27.53 -907.69 -30.41 0.675 0x0000FF
28.88 -912.19 -30.41 27.65 -909.88 -30.41 0.675 0x0000FF
30.84 -914.26 -30.41 28.88 -912.19 -30.41 0.675 0x0000FF
31.7 -915.48 -30.41 30.84 -914.26 -30.41 0.675 0x0000FF
32.32 -916.46 -30.41 31.7 -915.48 -30.41 0.675 0x0000FF
34.28 -918.28 -30.41 32.32 -916.46 -30.41 0.675 0x0000FF
35.04 -920.63 -30.41 34.28 -918.28 -30.41 0.55 0x0000FF
35.29 -922.09 -30.41 35.04 -920.63 -30.41 0.55 0x0000FF
35.9 -924.77 -30.41 35.29 -922.09 -30.41 0.55 0x0000FF
37.26 -927.81 -30.41 35.9 -924.77 -30.41 0.55 0x0000FF
37.75 -929.76 -30.41 37.26 -927.81 -30.41 0.55 0x0000FF
37.75 -931.34 -30.41 37.75 -929.76 -30.41 0.55 0x0000FF
38.11 -931.95 -30.41 37.75 -931.34 -30.41 0.55 0x0000FF
38.61 -933.41 -30.41 38.11 -931.95 -30.41 0.55 0x0000FF
39.35 -935.24 -30.41 38.61 -933.41 -30.41 0.55 0x0000FF
39.35 -937.43 -30.41 39.35 -935.24 -30.41 0.55 0x0000FF
39.59 -939.74 -30.41 39.35 -937.43 -30.41 0.55 0x0000FF
39.1 -945.35 -30.41 39.59 -939.74 -30.41 0.92 0x0000FF
39.1 -947.66 -30.41 39.1 -945.35 -30.41 0.92 0x0000FF
39.1 -950.22 -30.41 39.1 -947.66 -30.41 0.92 0x0000FF
39.1 -953.75 -30.41 39.1 -950.22 -30.41 0.92 0x0000FF
40.21 -956.3 -30.41 39.1 -953.75 -30.41 0.92 0x0000FF
40.94 -959.22 -30.41 40.21 -956.3 -30.41 0.92 0x0000FF
41.8 -962.15 -30.41 40.94 -959.22 -30.41 0.92 0x0000FF
42.41 -964.46 -30.41 41.8 -962.15 -30.41 0.92 0x0000FF
43.52 -967.63 -30.41 42.41 -964.46 -30.41 0.92 0x0000FF
44.44 -972.25 -30.41 43.52 -967.63 -30.41 0.86 0x0000FF
44.56 -973.71 -30.41 44.44 -972.25 -30.41 0.86 0x0000FF
44.81 -975.66 -30.41 44.56 -973.71 -30.41 0.86 0x0000FF
44.81 -977.48 -30.41 44.81 -975.66 -30.41 0.86 0x0000FF
45.67 -982.11 -30.41 44.81 -977.48 -30.41 0.86 0x0000FF
46.77 -984.3 -30.41 45.67 -982.11 -30.41 0.86 0x0000FF
47.75 -986.74 -30.41 46.77 -984.3 -30.41 0.86 0x0000FF
48.24 -988.68 -30.41 47.75 -986.74 -30.41 0.86 0x0000FF
48.24 -991.12 -30.41 48.24 -988.68 -30.41 0.86 0x0000FF
48.24 -993.07 -30.41 48.24 -991.12 -30.41 0.86 0x0000FF
48.0 -995.62 -30.41 48.24 -993.07 -30.41 0.49 0x0000FF
48.12 -998.18 -30.41 48.0 -995.62 -30.41 0.49 0x0000FF
48.73 -1001.35 -30.41 48.12 -998.18 -30.41 0.49 0x0000FF
48.86 -1003.42 -30.41 48.73 -1001.35 -30.41 0.49 0x0000FF
50.33 -1006.95 -30.41 48.86 -1003.42 -30.41 0.735 0x0000FF
51.07 -1008.89 -30.41 50.33 -1006.95 -30.41 0.735 0x0000FF
52.91 -1011.82 -30.41 51.07 -1008.89 -30.41 0.735 0x0000FF
53.89 -1014.13 -30.41 52.91 -1011.82 -30.41 0.43 0x0000FF
54.5 -1016.32 -30.41 53.89 -1014.13 -30.41 0.185 0x0000FF
21.04 -886.34 -30.03 19.07 -886.46 -30.03 1.045 0x0000FF
21.53 -886.71 -30.03 21.04 -886.34 -30.03 1.045 0x0000FF
24.96 -888.05 -30.03 21.53 -886.71 -30.03 1.045 0x0000FF
26.44 -888.78 -30.03 24.96 -888.05 -30.03 1.045 0x0000FF
28.52 -889.27 -30.03 26.44 -888.78 -30.03 1.045 0x0000FF
31.1 -889.51 -30.03 28.52 -889.27 -30.03 1.045 0x0000FF
31.83 -889.51 -30.03 31.1 -889.51 -30.03 1.045 0x0000FF
34.65 -889.87 -29.95 31.83 -889.51 -30.03 0.735 0x0000FF
36.5 -890.48 -29.95 34.65 -889.87 -29.95 0.735 0x0000FF
37.97 -890.6 -29.95 36.5 -890.48 -29.95 0.735 0x0000FF
38.83 -890.6 -29.5 37.97 -890.6 -29.95 0.735 0x0000FF
39.07 -890.6 -29.12 38.83 -890.6 -29.5 0.735 0x0000FF
39.81 -890.6 -28.97 39.07 -890.6 -29.12 0.735 0x0000FF
40.18 -890.6 -28.59 39.81 -890.6 -28.97 0.735 0x0000FF
42.14 -891.21 -27.98 40.18 -890.6 -28.59 0.735 0x0000FF
43.98 -891.33 -27.53 42.14 -891.21 -27.98 0.735 0x0000FF
45.33 -891.09 -27.45 43.98 -891.33 -27.53 0.735 0x0000FF
46.8 -891.21 -26.92 45.33 -891.09 -27.45 0.735 0x0000FF
47.29 -891.21 -26.39 46.8 -891.21 -26.92 0.735 0x0000FF
48.76 -891.33 -26.32 47.29 -891.21 -26.39 0.735 0x0000FF
50.48 -891.7 -25.71 48.76 -891.33 -26.32 0.735 0x0000FF
51.71 -892.19 -25.71 50.48 -891.7 -25.71 0.615 0x0000FF
52.2 -892.55 -25.1 51.71 -892.19 -25.71 0.615 0x0000FF
53.91 -892.8 -24.88 52.2 -892.55 -25.1 0.615 0x0000FF
54.9 -892.8 -24.12 53.91 -892.8 -24.88 0.615 0x0000FF
55.63 -892.8 -23.66 54.9 -892.8 -24.12 0.615 0x0000FF
56.61 -892.8 -23.13 55.63 -892.8 -23.66 0.615 0x0000FF
58.45 -892.8 -22.6 56.61 -892.8 -23.13 0.615 0x0000FF
59.43 -892.92 -22.45 58.45 -892.8 -22.6 0.615 0x0000FF
61.89 -893.16 -21.85 59.43 -892.92 -22.45 0.615 0x0000FF
64.45 -893.16 -21.47 61.89 -893.16 -21.85 0.615 0x0000FF
66.18 -893.16 -20.86 64.45 -893.16 -21.47 0.615 0x0000FF
68.76 -893.16 -20.86 66.18 -893.16 -20.86 0.615 0x0000FF
72.19 -893.28 -20.86 68.76 -893.16 -20.86 0.615 0x0000FF
73.91 -893.28 -20.18 72.19 -893.28 -20.86 0.615 0x0000FF
74.89 -893.28 -20.03 73.91 -893.28 -20.18 0.615 0x0000FF
75.38 -893.16 -19.12 74.89 -893.28 -20.03 0.615 0x0000FF
77.09 -893.4 -18.36 75.38 -893.16 -19.12 0.615 0x0000FF
77.47 -893.53 -17.91 77.09 -893.4 -18.36 0.615 0x0000FF
79.31 -893.77 -17.14 77.47 -893.53 -17.91 0.615 0x0000FF
81.64 -893.77 -17.0 79.31 -893.77 -17.14 0.615 0x0000FF
84.34 -893.53 -17.0 81.64 -893.77 -17.0 0.305 0x0000FF
85.2 -893.53 -17.0 84.34 -893.53 -17.0 0.305 0x0000FF
87.28 -893.53 -16.39 85.2 -893.53 -17.0 0.305 0x0000FF
89.24 -894.26 -16.23 87.28 -893.53 -16.39 0.305 0x0000FF
89.86 -894.26 -16.23 89.24 -894.26 -16.23 0.305 0x0000FF
92.31 -895.96 -16.23 89.86 -894.26 -16.23 0.305 0x0000FF
94.51 -896.32 -16.23 92.31 -895.96 -16.23 0.37 0x0000FF
96.97 -897.41 -16.23 94.51 -896.32 -16.23 0.37 0x0000FF
99.79 -897.9 -16.23 96.97 -897.41 -16.23 0.37 0x0000FF
101.38 -898.02 -16.23 99.79 -897.9 -16.23 0.37 0x0000FF
103.22 -898.87 -16.23 101.38 -898.02 -16.23 0.37 0x0000FF
105.55 -899.73 -16.23 103.22 -898.87 -16.23 0.37 0x0000FF
108.62 -900.09 -16.23 105.55 -899.73 -16.23 0.37 0x0000FF
110.83 -900.33 -16.17 108.62 -900.09 -16.23 0.37 0x0000FF
114.02 -900.7 -15.86 110.83 -900.33 -16.17 0.37 0x0000FF
118.43 -902.65 -15.79 114.02 -900.7 -15.86 1.165 0x0000FF
121.75 -903.86 -15.79 118.43 -902.65 -15.79 1.165 0x0000FF
124.94 -905.45 -15.79 121.75 -903.86 -15.79 1.535 0x0000FF
130.33 -907.64 -15.79 124.94 -905.45 -15.79 1.535 0x0000FF
135.61 -909.71 -15.79 130.33 -907.64 -15.79 0.795 0x0000FF
136.96 -910.68 -15.56 135.61 -909.71 -15.79 0.795 0x0000FF
138.06 -911.05 -14.42 136.96 -910.68 -15.56 0.795 0x0000FF
139.16 -911.54 -13.82 138.06 -911.05 -14.42 0.795 0x0000FF
140.27 -912.14 -13.06 139.16 -911.54 -13.82 0.49 0x0000FF
141.62 -912.39 -12.07 140.27 -912.14 -13.06 0.49 0x0000FF
141.86 -912.63 -12.0 141.62 -912.39 -12.07 0.49 0x0000FF
142.47 -913.24 -11.54 141.86 -912.63 -12.0 0.49 0x0000FF
144.56 -915.07 -11.47 142.47 -913.24 -11.54 0.49 0x0000FF
145.41 -915.55 -10.71 144.56 -915.07 -11.47 0.49 0x0000FF
145.91 -915.67 -10.41 145.41 -915.55 -10.71 0.49 0x0000FF
147.75 -916.65 -9.57 145.91 -915.67 -10.41 0.49 0x0000FF
148.72 -916.89 -9.57 147.75 -916.65 -9.57 0.245 0x0000FF
14.63 -881.64 -30.25 15.61 -879.57 -30.25 0.92 0x0000FF
14.38 -882.37 -30.25 14.63 -881.64 -30.25 0.92 0x0000FF
13.77 -882.85 -29.72 14.38 -882.37 -30.25 0.92 0x0000FF
13.03 -883.46 -29.57 13.77 -882.85 -29.72 0.92 0x0000FF
12.29 -884.19 -28.82 13.03 -883.46 -29.57 0.92 0x0000FF
11.19 -885.05 -28.36 12.29 -884.19 -28.82 0.92 0x0000FF
10.82 -886.02 -28.06 11.19 -885.05 -28.36 0.92 0x0000FF
10.58 -886.63 -27.53 10.82 -886.02 -28.06 0.92 0x0000FF
10.09 -887.36 -27.3 10.58 -886.63 -27.53 0.92 0x0000FF
9.35 -888.94 -28.21 10.09 -887.36 -27.3 0.92 0x0000FF
8.98 -889.67 -29.42 9.35 -888.94 -28.21 0.92 0x0000FF
8.61 -890.4 -29.8 8.98 -889.67 -29.42 0.92 0x0000FF
8.36 -890.65 -30.86 8.61 -890.4 -29.8 0.92 0x0000FF
8.11 -891.25 -32.0 8.36 -890.65 -30.86 0.92 0x0000FF
7.88 -892.11 -33.06 8.11 -891.25 -32.0 0.92 0x0000FF
7.76 -892.96 -33.28 7.88 -892.11 -33.06 0.92 0x0000FF
7.51 -893.81 -34.04 7.76 -892.96 -33.28 0.92 0x0000FF
6.88 -894.99 -34.19 7.51 -893.81 -34.04 0.98 0x0000FF
5.78 -896.2 -34.11 6.88 -894.99 -34.19 0.98 0x0000FF
5.04 -898.76 -34.19 5.78 -896.2 -34.11 0.98 0x0000FF
5.04 -900.34 -34.11 5.04 -898.76 -34.19 0.98 0x0000FF
5.17 -901.68 -34.11 5.04 -900.34 -34.11 0.795 0x0000FF
5.04 -901.93 -34.11 5.17 -901.68 -34.11 0.795 0x0000FF
4.92 -902.17 -35.03 5.04 -901.93 -34.11 0.795 0x0000FF
4.92 -902.41 -35.63 4.92 -902.17 -35.03 0.795 0x0000FF
4.55 -902.78 -36.47 4.92 -902.41 -35.63 0.795 0x0000FF
4.18 -903.02 -36.84 4.55 -902.78 -36.47 0.795 0x0000FF
3.69 -903.51 -36.92 4.18 -903.02 -36.84 0.795 0x0000FF
3.2 -904.0 -38.89 3.69 -903.51 -36.92 0.795 0x0000FF
2.71 -904.6 -39.5 3.2 -904.0 -38.89 0.795 0x0000FF
2.47 -905.21 -39.79 2.71 -904.6 -39.5 0.795 0x0000FF
2.1 -905.94 -39.79 2.47 -905.21 -39.79 0.795 0x0000FF
1.73 -906.31 -40.71 2.1 -905.94 -39.79 0.795 0x0000FF
1.12 -907.04 -41.09 1.73 -906.31 -40.71 0.795 0x0000FF
0.38 -908.01 -41.31 1.12 -907.04 -41.09 0.795 0x0000FF
-0.11 -908.99 -41.84 0.38 -908.01 -41.31 0.795 0x0000FF
-0.85 -910.2 -41.92 -0.11 -908.99 -41.84 0.795 0x0000FF
-0.82 -911.2 -42.15 -0.85 -910.2 -41.92 0.735 0x0000FF
-2.54 -911.45 -42.22 -0.82 -911.2 -42.15 0.735 0x0000FF
-3.89 -911.93 -42.6 -2.54 -911.45 -42.22 0.735 0x0000FF
-5.11 -912.18 -42.6 -3.89 -911.93 -42.6 0.735 0x0000FF
-7.32 -913.64 -42.68 -5.11 -912.18 -42.6 0.49 0x0000FF
-8.18 -915.1 -42.9 -7.32 -913.64 -42.68 0.49 0x0000FF
-11.25 -917.78 -42.98 -8.18 -915.1 -42.9 0.245 0x0000FF
-12.84 -918.51 -42.98 -11.25 -917.78 -42.98 0.245 0x0000FF
-14.56 -918.75 -42.98 -12.84 -918.51 -42.98 0.245 0x0000FF
-15.17 -919.12 -42.98 -14.56 -918.75 -42.98 0.245 0x0000FF
-16.39 -920.58 -42.98 -15.17 -919.12 -42.98 0.245 0x0000FF
-17.87 -922.28 -42.98 -16.39 -920.58 -42.98 0.245 0x0000FF
-19.22 -923.74 -42.98 -17.87 -922.28 -42.98 0.245 0x0000FF
-21.31 -924.96 -43.28 -19.22 -923.74 -42.98 0.245 0x0000FF
-22.78 -925.81 -43.51 -21.31 -924.96 -43.28 0.245 0x0000FF
-24.62 -927.52 -43.51 -22.78 -925.81 -43.51 0.245 0x0000FF
-26.33 -929.59 -43.59 -24.62 -927.52 -43.51 0.245 0x0000FF
-27.68 -931.05 -43.59 -26.33 -929.59 -43.59 0.245 0x0000FF
-28.67 -932.39 -43.59 -27.68 -931.05 -43.59 0.245 0x0000FF
-28.54 -933.36 -43.59 -28.67 -932.39 -43.59 0.675 0x0000FF
-29.16 -935.31 -43.59 -28.54 -933.36 -43.59 0.675 0x0000FF
-30.51 -937.38 -43.59 -29.16 -935.31 -43.59 0.675 0x0000FF
-31.61 -938.72 -43.59 -30.51 -937.38 -43.59 0.675 0x0000FF
-32.71 -941.64 -43.59 -31.61 -938.72 -43.59 0.675 0x0000FF
-33.08 -943.35 -43.59 -32.71 -941.64 -43.59 0.675 0x0000FF
-33.57 -945.29 -43.59 -33.08 -943.35 -43.59 0.675 0x0000FF
-33.82 -946.03 -43.59 -33.57 -945.29 -43.59 0.735 0x0000FF
-34.19 -948.83 -43.59 -33.82 -946.03 -43.59 0.735 0x0000FF
-35.65 -952.36 -43.59 -34.19 -948.83 -43.59 0.735 0x0000FF
-37.86 -955.77 -43.59 -35.65 -952.36 -43.59 0.735 0x0000FF
-39.83 -957.84 -43.59 -37.86 -955.77 -43.59 0.735 0x0000FF
-41.91 -959.78 -43.59 -39.83 -957.84 -43.59 0.735 0x0000FF
-44.12 -962.22 -43.59 -41.91 -959.78 -43.59 0.735 0x0000FF
-45.84 -963.19 -43.66 -44.12 -962.22 -43.59 0.735 0x0000FF
-46.82 -963.56 -44.12 -45.84 -963.19 -43.66 0.735 0x0000FF
-48.29 -964.41 -44.27 -46.82 -963.56 -44.12 0.735 0x0000FF
-49.76 -965.38 -44.57 -48.29 -964.41 -44.27 0.735 0x0000FF
-50.87 -966.84 -44.57 -49.76 -965.38 -44.57 0.735 0x0000FF
-53.08 -969.16 -44.57 -50.87 -966.84 -44.57 0.735 0x0000FF
-55.09 -970.78 -44.57 -53.08 -969.16 -44.57 0.735 0x0000FF
-57.42 -973.7 -44.57 -55.09 -970.78 -44.57 0.735 0x0000FF
-59.51 -978.09 -44.57 -57.42 -973.7 -44.57 0.55 0x0000FF
-59.51 -981.25 -44.57 -59.51 -978.09 -44.57 0.55 0x0000FF
-59.51 -986.12 -44.57 -59.51 -981.25 -44.57 0.55 0x0000FF
-59.39 -988.68 -44.57 -59.51 -986.12 -44.57 0.55 0x0000FF
-58.41 -992.33 -44.57 -59.39 -988.68 -44.57 0.55 0x0000FF
-57.79 -994.4 -44.57 -58.41 -992.33 -44.57 0.55 0x0000FF
-55.83 -997.69 -44.57 -57.79 -994.4 -44.57 0.55 0x0000FF
-53.74 -1000.37 -44.57 -55.83 -997.69 -44.57 0.55 0x0000FF
-50.55 -1004.75 -44.57 -53.74 -1000.37 -44.57 0.55 0x0000FF
-48.96 -1007.31 -44.57 -50.55 -1004.75 -44.57 0.55 0x0000FF
-47.98 -1010.59 -44.57 -48.96 -1007.31 -44.57 0.55 0x0000FF
-47.37 -1013.15 -44.57 -47.98 -1010.59 -44.57 0.55 0x0000FF
-47.0 -1015.83 -44.57 -47.37 -1013.15 -44.57 0.305 0x0000FF
-34.54 -946.39 -43.59 -33.57 -945.29 -43.59 0.43 0x0000FF
-36.64 -947.85 -43.59 -34.54 -946.39 -43.59 0.43 0x0000FF
-37.74 -948.7 -43.59 -36.64 -947.85 -43.59 0.43 0x0000FF
-38.72 -950.77 -43.59 -37.74 -948.7 -43.59 0.43 0x0000FF
-40.32 -952.72 -43.59 -38.72 -950.77 -43.59 0.43 0x0000FF
-41.06 -955.03 -43.59 -40.32 -952.72 -43.59 0.43 0x0000FF
-41.06 -958.81 -43.59 -41.06 -955.03 -43.59 0.43 0x0000FF
-40.93 -963.44 -43.59 -41.06 -958.81 -43.59 0.43 0x0000FF
-40.32 -967.82 -43.59 -40.93 -963.44 -43.59 0.43 0x0000FF
-39.71 -972.08 -43.59 -40.32 -967.82 -43.59 0.43 0x0000FF
-30.14 -933.73 -43.59 -28.67 -932.39 -43.59 0.43 0x0000FF
-31.73 -935.92 -43.59 -30.14 -933.73 -43.59 0.43 0x0000FF
-32.71 -937.26 -43.59 -31.73 -935.92 -43.59 0.43 0x0000FF
-34.31 -938.84 -43.59 -32.71 -937.26 -43.59 0.43 0x0000FF
-35.78 -941.03 -43.59 -34.31 -938.84 -43.59 0.43 0x0000FF
-37.25 -943.71 -43.59 -35.78 -941.03 -43.59 0.43 0x0000FF
-38.72 -945.17 -43.59 -37.25 -943.71 -43.59 0.43 0x0000FF
-40.32 -946.88 -43.59 -38.72 -945.17 -43.59 0.43 0x0000FF
-43.14 -948.34 -43.59 -40.32 -946.88 -43.59 0.245 0x0000FF
0.75 -912.76 -41.92 -0.85 -910.2 -41.92 0.49 0x0000FF
2.59 -914.22 -41.92 0.75 -912.76 -41.92 0.49 0x0000FF
3.57 -915.68 -41.92 2.59 -914.22 -41.92 0.49 0x0000FF
3.82 -915.81 -42.75 3.57 -915.68 -41.92 0.49 0x0000FF
4.43 -916.41 -43.13 3.82 -915.81 -42.75 0.49 0x0000FF
4.8 -917.02 -43.81 4.43 -916.41 -43.13 0.49 0x0000FF
4.8 -917.88 -44.72 4.8 -917.02 -43.81 0.49 0x0000FF
4.8 -918.12 -45.71 4.8 -917.88 -44.72 0.49 0x0000FF
5.04 -918.97 -46.54 4.8 -918.12 -45.71 0.49 0x0000FF
5.29 -919.7 -47.3 5.04 -918.97 -46.54 0.49 0x0000FF
5.66 -920.43 -47.45 5.29 -919.7 -47.3 0.49 0x0000FF
6.15 -921.41 -48.43 5.66 -920.43 -47.45 0.49 0x0000FF
6.64 -922.5 -49.19 6.15 -921.41 -48.43 0.49 0x0000FF
7.25 -923.35 -49.87 6.64 -922.5 -49.19 0.49 0x0000FF
7.5 -924.21 -50.1 7.25 -923.35 -49.87 0.49 0x0000FF
7.99 -925.18 -50.78 7.5 -924.21 -50.1 0.49 0x0000FF
8.6 -926.03 -51.77 7.99 -925.18 -50.78 0.49 0x0000FF
8.97 -926.64 -52.45 8.6 -926.03 -51.77 0.49 0x0000FF
9.21 -927.37 -53.06 8.97 -926.64 -52.45 0.49 0x0000FF
9.58 -928.47 -53.74 9.21 -927.37 -53.06 0.49 0x0000FF
10.07 -929.93 -54.95 9.58 -928.47 -53.74 0.49 0x0000FF
10.19 -931.15 -56.01 10.07 -929.93 -54.95 0.49 0x0000FF
10.56 -932.0 -56.24 10.19 -931.15 -56.01 0.49 0x0000FF
11.67 -932.61 -56.99 10.56 -932.0 -56.24 0.49 0x0000FF
12.28 -933.46 -57.75 11.67 -932.61 -56.99 0.49 0x0000FF
13.02 -934.43 -58.21 12.28 -933.46 -57.75 0.49 0x0000FF
14.86 -937.11 -58.74 13.02 -934.43 -58.21 0.49 0x0000FF
16.07 -938.45 -59.57 14.86 -937.11 -58.74 0.49 0x0000FF
17.05 -938.94 -60.63 16.07 -938.45 -59.57 0.49 0x0000FF
17.68 -939.06 -61.31 17.05 -938.94 -60.63 0.49 0x0000FF
18.05 -939.55 -61.46 17.68 -939.06 -61.31 0.49 0x0000FF
18.41 -940.64 -62.52 18.05 -939.55 -61.46 0.49 0x0000FF
18.89 -941.13 -63.89 18.41 -940.64 -62.52 0.49 0x0000FF
19.27 -941.37 -65.09 18.89 -941.13 -63.89 0.49 0x0000FF
19.89 -941.62 -66.08 19.27 -941.37 -65.09 0.49 0x0000FF
20.62 -941.86 -66.77 19.89 -941.62 -66.08 0.49 0x0000FF
20.99 -942.1 -67.83 20.62 -941.86 -66.77 0.49 0x0000FF
21.11 -942.47 -69.11 20.99 -942.1 -67.83 0.49 0x0000FF
21.36 -942.47 -70.48 21.11 -942.47 -69.11 0.49 0x0000FF
21.6 -942.47 -71.23 21.36 -942.47 -70.48 0.49 0x0000FF
21.85 -942.71 -71.54 21.6 -942.47 -71.23 0.49 0x0000FF
21.97 -942.96 -72.59 21.85 -942.71 -71.54 0.49 0x0000FF
22.46 -943.69 -73.66 21.97 -942.96 -72.59 0.49 0x0000FF
22.83 -943.93 -73.95 22.46 -943.69 -73.66 0.49 0x0000FF
24.18 -945.15 -74.95 22.83 -943.93 -73.95 0.49 0x0000FF
5.9 -901.56 -34.11 5.04 -900.34 -34.11 0.37 0x0000FF
6.64 -902.53 -34.11 5.9 -901.56 -34.11 0.37 0x0000FF
7.37 -903.02 -34.11 6.64 -902.53 -34.11 0.37 0x0000FF
9.09 -903.63 -34.11 7.37 -903.02 -34.11 0.37 0x0000FF
10.44 -903.27 -34.11 9.09 -903.63 -34.11 0.37 0x0000FF
12.53 -902.53 -34.11 10.44 -903.27 -34.11 0.37 0x0000FF
13.26 -902.05 -34.11 12.53 -902.53 -34.11 0.37 0x0000FF
15.59 -902.05 -34.11 13.26 -902.05 -34.11 0.37 0x0000FF
16.57 -902.05 -34.11 15.59 -902.05 -34.11 0.37 0x0000FF
18.05 -902.05 -34.11 16.57 -902.05 -34.11 0.37 0x0000FF
6.77 -894.05 -34.04 7.51 -893.81 -34.04 0.37 0x0000FF
6.16 -894.42 -34.04 6.77 -894.05 -34.04 0.37 0x0000FF
5.18 -895.03 -34.19 6.16 -894.42 -34.04 0.37 0x0000FF
3.95 -895.15 -34.5 5.18 -895.03 -34.19 0.37 0x0000FF
3.22 -895.27 -34.72 3.95 -895.15 -34.5 0.37 0x0000FF
1.87 -895.76 -35.56 3.22 -895.27 -34.72 0.37 0x0000FF
0.27 -896.37 -35.63 1.87 -895.76 -35.56 0.37 0x0000FF
-0.95 -897.34 -35.78 0.27 -896.37 -35.63 0.37 0x0000FF
-2.54 -899.41 -35.78 -0.95 -897.34 -35.78 0.37 0x0000FF
-3.41 -901.6 -35.78 -2.54 -899.41 -35.78 0.37 0x0000FF
-4.13 -903.06 -35.78 -3.41 -901.6 -35.78 0.37 0x0000FF
-5.49 -904.77 -35.78 -4.13 -903.06 -35.78 0.37 0x0000FF
-6.35 -905.99 -35.71 -5.49 -904.77 -35.78 0.37 0x0000FF
-7.58 -906.47 -35.71 -6.35 -905.99 -35.71 0.37 0x0000FF
-10.15 -908.54 -35.71 -7.58 -906.47 -35.71 0.735 0x0000FF
-11.5 -910.86 -35.71 -10.15 -908.54 -35.71 0.735 0x0000FF
-11.87 -912.56 -35.63 -11.5 -910.86 -35.71 0.735 0x0000FF
-11.99 -915.12 -35.63 -11.87 -912.56 -35.63 0.735 0x0000FF
-11.99 -917.07 -35.56 -11.99 -915.12 -35.63 0.735 0x0000FF
-12.24 -919.14 -35.56 -11.99 -917.07 -35.56 0.735 0x0000FF
-13.22 -921.69 -35.56 -12.24 -919.14 -35.56 0.735 0x0000FF
-14.69 -924.13 -35.56 -13.22 -921.69 -35.56 0.735 0x0000FF
-16.66 -925.83 -35.56 -14.69 -924.13 -35.56 0.735 0x0000FF
-19.97 -928.02 -35.56 -16.66 -925.83 -35.56 0.735 0x0000FF
-23.16 -929.24 -35.56 -19.97 -928.02 -35.56 0.735 0x0000FF
-26.35 -930.46 -35.56 -23.16 -929.24 -35.56 0.735 0x0000FF
-28.43 -930.7 -35.47 -26.35 -930.46 -35.56 0.735 0x0000FF
-33.09 -932.53 -35.47 -28.43 -930.7 -35.47 0.735 0x0000FF
-35.18 -934.48 -35.47 -33.09 -932.53 -35.47 0.735 0x0000FF
-38.25 -938.13 -35.47 -35.18 -934.48 -35.47 0.735 0x0000FF
-41.56 -939.59 -35.47 -38.25 -938.13 -35.47 0.735 0x0000FF
-44.99 -944.7 -35.47 -41.56 -939.59 -35.47 0.735 0x0000FF
-48.3 -948.96 -35.47 -44.99 -944.7 -35.47 0.735 0x0000FF
-49.9 -950.67 -35.47 -48.3 -948.96 -35.47 0.735 0x0000FF
-50.31 -952.04 -35.47 -49.9 -950.67 -35.47 0.735 0x0000FF
-51.53 -953.99 -35.78 -50.31 -952.04 -35.47 0.735 0x0000FF
-52.52 -955.57 -35.94 -51.53 -953.99 -35.78 0.735 0x0000FF
-52.88 -956.42 -36.24 -52.52 -955.57 -35.94 0.735 0x0000FF
-53.25 -957.27 -36.77 -52.88 -956.42 -36.24 0.735 0x0000FF
-53.37 -957.76 -37.22 -53.25 -957.27 -36.77 0.735 0x0000FF
-54.23 -959.22 -37.45 -53.37 -957.76 -37.22 0.735 0x0000FF
-55.71 -961.53 -38.13 -54.23 -959.22 -37.45 0.735 0x0000FF
-58.4 -962.63 -38.13 -55.71 -961.53 -38.13 0.43 0x0000FF
-58.89 -962.51 -38.13 -58.4 -962.63 -38.13 0.43 0x0000FF
-59.63 -962.02 -38.36 -58.89 -962.51 -38.13 0.43 0x0000FF
-60.12 -960.8 -38.59 -59.63 -962.02 -38.36 0.43 0x0000FF
-60.61 -958.0 -39.11 -60.12 -960.8 -38.59 0.185 0x0000FF
-61.35 -955.93 -39.42 -60.61 -958.0 -39.11 0.185 0x0000FF
-61.96 -955.08 -39.79 -61.35 -955.93 -39.42 0.185 0x0000FF
-63.07 -953.62 -40.25 -61.96 -955.08 -39.79 0.185 0x0000FF
-64.05 -952.53 -40.71 -63.07 -953.62 -40.25 0.185 0x0000FF
-65.76 -950.94 -41.01 -64.05 -952.53 -40.71 0.185 0x0000FF
-68.09 -949.72 -41.24 -65.76 -950.94 -41.01 0.185 0x0000FF
-71.65 -948.14 -41.54 -68.09 -949.72 -41.24 0.185 0x0000FF
-74.72 -946.56 -41.54 -71.65 -948.14 -41.54 0.185 0x0000FF
-76.8 -945.34 -41.54 -74.72 -946.56 -41.54 0.185 0x0000FF
-81.47 -943.88 -41.54 -76.8 -945.34 -41.54 0.185 0x0000FF
-86.13 -942.42 -41.54 -81.47 -943.88 -41.54 0.185 0x0000FF
-89.81 -941.69 -41.54 -86.13 -942.42 -41.54 0.185 0x0000FF
-94.47 -941.69 -41.54 -89.81 -941.69 -41.54 0.185 0x0000FF
-97.05 -941.69 -41.54 -94.47 -941.69 -41.54 0.185 0x0000FF
13.61 -878.36 -29.42 15.09 -876.9 -29.42 0.55 0x0000FF
13.37 -878.6 -29.42 13.61 -878.36 -29.42 0.55 0x0000FF
12.39 -879.7 -29.42 13.37 -878.6 -29.42 0.55 0x0000FF
10.55 -880.91 -29.42 12.39 -879.7 -29.42 0.55 0x0000FF
8.34 -882.38 -29.42 10.55 -880.91 -29.42 0.55 0x0000FF
7.73 -882.74 -28.36 8.34 -882.38 -29.42 0.55 0x0000FF
6.87 -882.98 -27.91 7.73 -882.74 -28.36 0.55 0x0000FF
6.38 -883.35 -27.3 6.87 -882.98 -27.91 0.55 0x0000FF
6.13 -883.59 -26.47 6.38 -883.35 -27.3 0.55 0x0000FF
5.27 -884.2 -25.41 6.13 -883.59 -26.47 0.55 0x0000FF
5.27 -884.2 -24.12 5.27 -884.2 -25.41 0.55 0x0000FF
5.15 -884.45 -23.59 5.27 -884.2 -24.12 0.55 0x0000FF
5.15 -884.81 -22.68 5.15 -884.45 -23.59 0.55 0x0000FF
4.78 -885.3 -22.0 5.15 -884.81 -22.68 0.55 0x0000FF
4.78 -885.78 -20.48 4.78 -885.3 -22.0 0.55 0x0000FF
4.78 -886.15 -19.73 4.78 -885.78 -20.48 0.55 0x0000FF
4.9 -886.52 -18.73 4.78 -886.15 -19.73 0.55 0x0000FF
6.25 -887.12 -17.82 4.9 -886.52 -18.73 0.55 0x0000FF
6.87 -888.46 -17.82 6.25 -887.12 -17.82 0.37 0x0000FF
7.24 -888.95 -17.82 6.87 -888.46 -17.82 0.37 0x0000FF
7.36 -889.68 -17.53 7.24 -888.95 -17.82 0.37 0x0000FF
7.36 -890.41 -16.62 7.36 -889.68 -17.53 0.37 0x0000FF
6.99 -891.14 -15.86 7.36 -890.41 -16.62 0.37 0x0000FF
6.62 -891.51 -15.71 6.99 -891.14 -15.86 0.37 0x0000FF
5.89 -891.99 -14.95 6.62 -891.51 -15.71 0.37 0x0000FF
5.27 -892.6 -13.97 5.89 -891.99 -14.95 0.37 0x0000FF
4.41 -893.46 -13.29 5.27 -892.6 -13.97 0.37 0x0000FF
3.56 -893.94 -13.14 4.41 -893.46 -13.29 0.37 0x0000FF
3.43 -894.67 -12.3 3.56 -893.94 -13.14 0.37 0x0000FF
3.06 -895.77 -11.77 3.43 -894.67 -12.3 0.37 0x0000FF
2.82 -896.62 -11.24 3.06 -895.77 -11.77 0.37 0x0000FF
2.33 -897.47 -10.48 2.82 -896.62 -11.24 0.37 0x0000FF
1.59 -898.2 -10.48 2.33 -897.47 -10.48 0.37 0x0000FF
1.1 -898.93 -10.48 1.59 -898.2 -10.48 0.37 0x0000FF
0.49 -899.79 -10.48 1.1 -898.93 -10.48 0.37 0x0000FF
-0.12 -900.52 -10.48 0.49 -899.79 -10.48 0.37 0x0000FF
-2.67 -902.94 -10.41 -0.12 -900.52 -10.48 0.735 0x0000FF
-5.12 -904.77 -9.35 -2.67 -902.94 -10.41 0.735 0x0000FF
-5.86 -905.01 -9.11 -5.12 -904.77 -9.35 0.735 0x0000FF
-6.35 -905.26 -8.28 -5.86 -905.01 -9.11 0.735 0x0000FF
-7.09 -906.11 -7.61 -6.35 -905.26 -8.28 0.735 0x0000FF
-7.82 -906.96 -7.15 -7.09 -906.11 -7.61 0.735 0x0000FF
-8.44 -908.06 -6.77 -7.82 -906.96 -7.15 0.735 0x0000FF
-9.66 -909.15 -6.47 -8.44 -908.06 -6.77 0.49 0x0000FF
-9.78 -909.4 -6.47 -9.66 -909.15 -6.47 0.49 0x0000FF
-10.4 -910.25 -6.17 -9.78 -909.4 -6.47 0.49 0x0000FF
-10.89 -911.95 -5.48 -10.4 -910.25 -6.17 0.245 0x0000FF
-11.01 -912.8 -5.18 -10.89 -911.95 -5.48 0.245 0x0000FF
-11.14 -913.53 -4.34 -11.01 -912.8 -5.18 0.245 0x0000FF
-11.38 -914.51 -3.44 -11.14 -913.53 -4.34 0.245 0x0000FF
-11.75 -915.24 -3.06 -11.38 -914.51 -3.44 0.245 0x0000FF
-12.48 -916.7 -2.29 -11.75 -915.24 -3.06 0.245 0x0000FF
-12.73 -917.55 -1.7 -12.48 -916.7 -2.29 0.245 0x0000FF
-13.1 -920.47 -1.17 -12.73 -917.55 -1.7 0.245 0x0000FF
-13.22 -922.67 -0.71 -13.1 -920.47 -1.17 0.245 0x0000FF
-14.45 -925.95 -0.18 -13.22 -922.67 -0.71 0.245 0x0000FF
-15.18 -928.02 0.73 -14.45 -925.95 -0.18 0.245 0x0000FF
-15.55 -930.58 1.26 -15.18 -928.02 0.73 0.245 0x0000FF
-15.8 -933.14 1.33 -15.55 -930.58 1.26 0.245 0x0000FF
-17.27 -935.82 2.24 -15.8 -933.14 1.33 0.245 0x0000FF
-18.37 -937.76 2.24 -17.27 -935.82 2.24 0.245 0x0000FF
-19.6 -939.83 2.24 -18.37 -937.76 2.24 0.245 0x0000FF
-20.46 -941.9 2.31 -19.6 -939.83 2.24 0.245 0x0000FF
-20.95 -943.61 2.31 -20.46 -941.9 2.31 0.245 0x0000FF
-21.68 -945.68 2.31 -20.95 -943.61 2.31 0.245 0x0000FF
-22.05 -947.26 2.31 -21.68 -945.68 2.31 0.245 0x0000FF
6.75 -861.11 -33.51 12.41 -856.43 -27.38 0.675 0x0000FF
5.52 -861.6 -33.51 6.75 -861.11 -33.51 0.675 0x0000FF
4.42 -862.09 -33.51 5.52 -861.6 -33.51 0.675 0x0000FF
3.19 -862.82 -33.51 4.42 -862.09 -33.51 0.675 0x0000FF
2.21 -863.43 -33.51 3.19 -862.82 -33.51 0.675 0x0000FF
1.11 -864.16 -33.51 2.21 -863.43 -33.51 0.675 0x0000FF
0.62 -864.4 -33.51 1.11 -864.16 -33.51 0.675 0x0000FF
0.25 -865.13 -33.51 0.62 -864.4 -33.51 0.675 0x0000FF
-0.86 -866.59 -33.51 0.25 -865.13 -33.51 0.37 0x0000FF
-1.35 -868.78 -33.51 -0.86 -866.59 -33.51 0.37 0x0000FF
-0.86 -871.34 -33.51 -1.35 -868.78 -33.51 0.37 0x0000FF
-0.49 -874.14 -33.51 -0.86 -871.34 -33.51 0.37 0x0000FF
-0.86 -877.79 -33.51 -0.49 -874.14 -33.51 0.37 0x0000FF
-0.98 -880.71 -33.51 -0.86 -877.79 -33.51 0.37 0x0000FF
-0.98 -884.49 -33.51 -0.98 -880.71 -33.51 0.37 0x0000FF
-0.98 -886.32 -33.51 -0.98 -884.49 -33.51 0.37 0x0000FF
-0.73 -888.14 -33.51 -0.98 -886.32 -33.51 0.37 0x0000FF
0.49 -891.43 -33.51 -0.73 -888.14 -33.51 0.37 0x0000FF
20.12 -860.75 -33.44 12.41 -856.43 -27.38 0.615 0x0000FF
22.7 -862.94 -33.44 20.12 -860.75 -33.44 0.615 0x0000FF
24.17 -864.28 -33.44 22.7 -862.94 -33.44 0.615 0x0000FF
26.38 -865.5 -33.44 24.17 -864.28 -33.44 0.615 0x0000FF
28.95 -865.5 -33.44 26.38 -865.5 -33.44 0.615 0x0000FF
31.04 -865.98 -33.44 28.95 -865.5 -33.44 0.615 0x0000FF
33.0 -866.96 -33.44 31.04 -865.98 -33.44 0.615 0x0000FF
35.7 -869.64 -33.44 33.0 -866.96 -33.44 0.615 0x0000FF
36.93 -870.85 -33.44 35.7 -869.64 -33.44 0.615 0x0000FF
39.38 -872.68 -33.44 36.93 -870.85 -33.44 0.615 0x0000FF
41.22 -875.72 -33.44 39.38 -872.68 -33.44 0.615 0x0000FF
43.31 -877.91 -33.44 41.22 -875.72 -33.44 0.615 0x0000FF
45.39 -878.64 -33.44 43.31 -877.91 -33.44 0.615 0x0000FF
48.34 -879.98 -33.44 45.39 -878.64 -33.44 0.615 0x0000FF
50.3 -880.84 -33.36 48.34 -879.98 -33.44 0.37 0x0000FF
18.26 -864.97 -33.44 12.41 -856.43 -27.38 1.35 0x0000FF
18.63 -865.58 -33.36 18.26 -864.97 -33.44 1.35 0x0000FF
19.23 -866.43 -33.36 18.63 -865.58 -33.36 1.35 0x0000FF
19.61 -866.92 -33.36 19.23 -866.43 -33.36 1.35 0x0000FF
21.08 -868.5 -33.36 19.61 -866.92 -33.36 1.35 0x0000FF
21.94 -869.35 -33.36 21.08 -868.5 -33.36 1.35 0x0000FF
25.62 -872.27 -33.36 21.94 -869.35 -33.36 0.86 0x0000FF
26.97 -873.25 -33.36 25.62 -872.27 -33.36 0.86 0x0000FF
29.67 -875.8 -33.36 26.97 -873.25 -33.36 0.615 0x0000FF
30.65 -876.53 -33.36 29.67 -875.8 -33.36 0.615 0x0000FF
32.0 -878.12 -33.36 30.65 -876.53 -33.36 0.615 0x0000FF
33.59 -879.7 -33.36 32.0 -878.12 -33.36 0.615 0x0000FF
35.19 -881.65 -33.36 33.59 -879.7 -33.36 0.615 0x0000FF
36.17 -882.99 -33.36 35.19 -881.65 -33.36 0.43 0x0000FF
37.03 -884.08 -33.36 36.17 -882.99 -33.36 0.43 0x0000FF
38.25 -885.79 -33.36 37.03 -884.08 -33.36 0.43 0x0000FF
39.6 -886.76 -33.36 38.25 -885.79 -33.36 0.43 0x0000FF
40.83 -887.74 -33.36 39.6 -886.76 -33.36 0.43 0x0000FF
5.13 -859.73 -43.51 12.41 -856.43 -27.38 0.43 0x0000FF
4.63 -861.19 -43.51 5.13 -859.73 -43.51 0.43 0x0000FF
3.54 -863.87 -43.51 4.63 -861.19 -43.51 0.43 0x0000FF
2.19 -864.36 -43.51 3.54 -863.87 -43.51 0.43 0x0000FF
-0.39 -864.6 -43.51 2.19 -864.36 -43.51 0.43 0x0000FF
-1.74 -864.97 -43.51 -0.39 -864.6 -43.51 0.43 0x0000FF
-3.09 -865.94 -43.51 -1.74 -864.97 -43.51 0.43 0x0000FF
-4.3 -867.04 -43.51 -3.09 -865.94 -43.51 0.43 0x0000FF
-5.66 -868.26 -43.51 -4.3 -867.04 -43.51 0.43 0x0000FF
-6.89 -869.11 -43.51 -5.66 -868.26 -43.51 0.43 0x0000FF
-8.24 -869.84 -43.51 -6.89 -869.11 -43.51 0.43 0x0000FF
-10.32 -870.33 -43.51 -8.24 -869.84 -43.51 0.43 0x0000FF
-12.29 -870.2 -43.51 -10.32 -870.33 -43.51 0.43 0x0000FF
-13.64 -870.08 -44.04 -12.29 -870.2 -43.51 0.43 0x0000FF
-14.86 -870.08 -44.42 -13.64 -870.08 -44.04 0.43 0x0000FF
-16.32 -870.2 -44.87 -14.86 -870.08 -44.42 0.43 0x0000FF
-18.67 -869.96 -45.71 -16.32 -870.2 -44.87 0.43 0x0000FF
-20.01 -870.08 -45.78 -18.67 -869.96 -45.71 0.43 0x0000FF
-21.0 -870.45 -46.39 -20.01 -870.08 -45.78 0.43 0x0000FF
-21.49 -870.45 -46.77 -21.0 -870.45 -46.39 0.43 0x0000FF
-21.98 -870.45 -47.3 -21.49 -870.45 -46.77 0.43 0x0000FF
-22.71 -870.57 -47.83 -21.98 -870.45 -47.3 0.43 0x0000FF
-23.94 -870.69 -47.83 -22.71 -870.57 -47.83 0.43 0x0000FF
-27.5 -871.42 -48.43 -23.94 -870.69 -47.83 0.185 0x0000FF
-30.69 -872.39 -48.43 -27.5 -871.42 -48.43 0.185 0x0000FF
-32.89 -873.86 -48.43 -30.69 -872.39 -48.43 0.185 0x0000FF
-36.21 -876.05 -48.43 -32.89 -873.86 -48.43 0.185 0x0000FF
-40.38 -877.51 -48.43 -36.21 -876.05 -48.43 0.185 0x0000FF
-44.92 -877.63 -48.51 -40.38 -877.51 -48.43 0.185 0x0000FF
-47.37 -877.51 -48.51 -44.92 -877.63 -48.51 0.185 0x0000FF
-49.46 -878.36 -48.43 -47.37 -877.51 -48.51 0.185 0x0000FF
2.43 -849.58 -30.41 12.41 -856.43 -27.38 3.555 0x0000FF
1.82 -848.97 -30.41 2.43 -849.58 -30.41 3.555 0x0000FF
0.47 -847.63 -30.03 1.82 -848.97 -30.41 3.31 0x0000FF
-0.14 -847.02 -28.36 0.47 -847.63 -30.03 3.31 0x0000FF
-0.88 -846.41 -28.36 -0.14 -847.02 -28.36 3.31 0x0000FF
-2.23 -845.32 -28.06 -0.88 -846.41 -28.36 3.065 0x0000FF
-2.6 -844.95 -26.69 -2.23 -845.32 -28.06 3.065 0x0000FF
-2.96 -844.83 -25.18 -2.6 -844.95 -26.69 3.065 0x0000FF
-3.7 -844.1 -23.97 -2.96 -844.83 -25.18 3.065 0x0000FF
-4.07 -843.61 -21.47 -3.7 -844.1 -23.97 2.82 0x0000FF
-4.55 -843.37 -19.73 -4.07 -843.61 -21.47 2.82 0x0000FF
-4.93 -843.13 -19.73 -4.55 -843.37 -19.73 2.82 0x0000FF
-5.29 -842.76 -18.36 -4.93 -843.13 -19.73 2.82 0x0000FF
-5.29 -842.76 -15.63 -5.29 -842.76 -18.36 2.82 0x0000FF
-6.03 -842.15 -14.73 -5.29 -842.76 -15.63 2.82 0x0000FF
-6.89 -841.42 -13.29 -6.03 -842.15 -14.73 2.82 0x0000FF
-7.26 -840.93 -12.0 -6.89 -841.42 -13.29 2.82 0x0000FF
-7.63 -840.57 -10.33 -7.26 -840.93 -12.0 2.82 0x0000FF
-8.11 -840.08 -9.73 -7.63 -840.57 -10.33 2.82 0x0000FF
-8.61 -839.35 -8.82 -8.11 -840.08 -9.73 2.82 0x0000FF
-8.98 -838.74 -8.21 -8.61 -839.35 -8.82 2.82 0x0000FF
-9.1 -838.26 -7.3 -8.98 -838.74 -8.21 2.82 0x0000FF
-9.1 -837.77 -7.3 -9.1 -838.26 -7.3 2.82 0x0000FF
-9.34 -837.4 -6.17 -9.1 -837.77 -7.3 2.82 0x0000FF
-12.08 -836.52 -4.58 -9.34 -837.4 -6.17 1.965 0x0000FF
-12.57 -835.91 -3.89 -12.08 -836.52 -4.58 1.965 0x0000FF
-13.18 -835.42 -3.21 -12.57 -835.91 -3.89 1.965 0x0000FF
-13.67 -834.94 -2.45 -13.18 -835.42 -3.21 1.965 0x0000FF
-13.92 -834.57 -0.71 -13.67 -834.94 -2.45 1.965 0x0000FF
-14.41 -834.09 0.65 -13.92 -834.57 -0.71 1.965 0x0000FF
-14.9 -833.6 1.94 -14.41 -834.09 0.65 1.965 0x0000FF
-15.39 -833.11 1.94 -14.9 -833.6 1.94 1.965 0x0000FF
-16.25 -832.14 2.77 -15.39 -833.11 1.94 1.965 0x0000FF
-16.86 -831.53 3.53 -16.25 -832.14 2.77 1.965 0x0000FF
-19.44 -828.97 3.53 -16.86 -831.53 3.53 1.655 0x0000FF
-21.04 -828.0 2.62 -19.44 -828.97 3.53 1.655 0x0000FF
-22.75 -826.78 2.17 -21.04 -828.0 2.62 1.655 0x0000FF
-23.86 -825.93 0.95 -22.75 -826.78 2.17 1.655 0x0000FF
-27.54 -823.37 0.27 -23.86 -825.93 0.95 1.655 0x0000FF
-29.01 -822.4 0.05 -27.54 -823.37 0.27 1.655 0x0000FF
-29.99 -821.55 -0.56 -29.01 -822.4 0.05 1.655 0x0000FF
-32.08 -820.45 -1.09 -29.99 -821.55 -0.56 1.655 0x0000FF
-33.54 -819.6 -1.32 -32.08 -820.45 -1.09 1.655 0x0000FF
-36.36 -818.14 -2.15 -33.54 -819.6 -1.32 1.655 0x0000FF
-37.35 -817.41 -2.76 -36.36 -818.14 -2.15 1.655 0x0000FF
-39.68 -816.43 -2.83 -37.35 -817.41 -2.76 1.655 0x0000FF
-42.13 -815.21 -2.98 -39.68 -816.43 -2.83 1.655 0x0000FF
-44.22 -814.12 -2.98 -42.13 -815.21 -2.98 1.655 0x0000FF
-45.19 -812.71 -3.21 -44.22 -814.12 -2.98 0.795 0x0000FF
-45.81 -811.98 -3.21 -45.19 -812.71 -3.21 0.795 0x0000FF
-46.79 -810.4 -3.21 -45.81 -811.98 -3.21 0.795 0x0000FF
-47.89 -808.33 -3.21 -46.79 -810.4 -3.21 0.795 0x0000FF
-48.87 -806.38 -3.21 -47.89 -808.33 -3.21 0.795 0x0000FF
-49.86 -805.16 -3.21 -48.87 -806.38 -3.21 0.795 0x0000FF
-50.35 -804.68 -2.15 -49.86 -805.16 -3.21 0.795 0x0000FF
-50.96 -803.95 -1.62 -50.35 -804.68 -2.15 0.795 0x0000FF
-51.57 -803.34 -1.24 -50.96 -803.95 -1.62 0.795 0x0000FF
-51.94 -802.61 -1.24 -51.57 -803.34 -1.24 0.795 0x0000FF
-52.8 -801.15 -2.38 -51.94 -802.61 -1.24 0.795 0x0000FF
-53.17 -800.54 -3.21 -52.8 -801.15 -2.38 0.795 0x0000FF
-54.03 -799.56 -3.97 -53.17 -800.54 -3.21 0.795 0x0000FF
-54.64 -798.47 -4.65 -54.03 -799.56 -3.97 0.795 0x0000FF
-55.25 -797.49 -5.18 -54.64 -798.47 -4.65 0.795 0x0000FF
-55.62 -796.52 -5.48 -55.25 -797.49 -5.18 0.795 0x0000FF
-56.6 -795.42 -5.86 -55.62 -796.52 -5.48 0.55 0x0000FF
-57.46 -794.57 -6.47 -56.6 -795.42 -5.86 0.55 0x0000FF
-58.32 -793.35 -6.7 -57.46 -794.57 -6.47 0.55 0x0000FF
-59.3 -791.28 -7.23 -58.32 -793.35 -6.7 0.55 0x0000FF
-60.41 -789.46 -7.91 -59.3 -791.28 -7.23 0.55 0x0000FF
-61.51 -787.75 -7.91 -60.41 -789.46 -7.91 0.55 0x0000FF
-62.98 -785.68 -8.14 -61.51 -787.75 -7.91 0.55 0x0000FF
-64.33 -783.98 -8.28 -62.98 -785.68 -8.14 0.55 0x0000FF
-65.44 -782.64 -8.74 -64.33 -783.98 -8.28 0.55 0x0000FF
-66.29 -781.67 -9.27 -65.44 -782.64 -8.74 0.55 0x0000FF
-67.28 -780.57 -9.73 -66.29 -781.67 -9.27 0.55 0x0000FF
-68.5 -779.6 -9.73 -67.28 -780.57 -9.73 0.55 0x0000FF
-69.61 -778.26 -9.27 -68.5 -779.6 -9.73 0.55 0x0000FF
-70.83 -776.55 -8.89 -69.61 -778.26 -9.27 0.55 0x0000FF
-71.69 -775.46 -7.91 -70.83 -776.55 -8.89 0.55 0x0000FF
-72.3 -774.48 -7.38 -71.69 -775.46 -7.91 0.55 0x0000FF
-73.04 -773.63 -6.77 -72.3 -774.48 -7.38 0.55 0x0000FF
-74.14 -772.05 -6.32 -73.04 -773.63 -6.77 0.55 0x0000FF
-75.0 -770.71 -6.01 -74.14 -772.05 -6.32 0.55 0x0000FF
-75.86 -769.49 -6.01 -75.0 -770.71 -6.01 0.55 0x0000FF
-76.84 -768.15 -5.94 -75.86 -769.49 -6.01 0.55 0x0000FF
-77.45 -767.42 -5.41 -76.84 -768.15 -5.94 0.55 0x0000FF
-78.31 -766.32 -5.33 -77.45 -767.42 -5.41 0.55 0x0000FF
-80.03 -764.5 -5.33 -78.31 -766.32 -5.33 0.55 0x0000FF
-81.38 -762.92 -5.33 -80.03 -764.5 -5.33 0.55 0x0000FF
-83.81 -759.44 -5.33 -81.38 -762.92 -5.33 0.55 0x0000FF
-84.91 -758.46 -4.5 -83.81 -759.44 -5.33 0.55 0x0000FF
-86.14 -757.25 -4.2 -84.91 -758.46 -4.5 0.55 0x0000FF
-87.61 -755.66 -3.74 -86.14 -757.25 -4.2 0.55 0x0000FF
-88.35 -754.93 -3.14 -87.61 -755.66 -3.74 0.55 0x0000FF
-89.57 -753.59 -2.61 -88.35 -754.93 -3.14 0.55 0x0000FF
-90.92 -750.79 -1.92 -89.57 -753.59 -2.61 0.55 0x0000FF
-92.39 -747.99 -0.94 -90.92 -750.79 -1.92 0.55 0x0000FF
-93.74 -746.29 0.05 -92.39 -747.99 -0.94 0.55 0x0000FF
-95.95 -743.85 0.73 -93.74 -746.29 0.05 0.55 0x0000FF
-96.81 -743.12 1.41 -95.95 -743.85 0.73 0.55 0x0000FF
-97.3 -742.51 1.94 -96.81 -743.12 1.41 0.55 0x0000FF
-98.53 -741.3 2.09 -97.3 -742.51 1.94 0.55 0x0000FF
-100.49 -739.35 2.7 -98.53 -741.3 2.09 0.55 0x0000FF
-101.35 -738.5 3.23 -100.49 -739.35 2.7 0.55 0x0000FF
-102.7 -737.52 3.83 -101.35 -738.5 3.23 0.55 0x0000FF
-105.15 -736.43 4.88 -102.7 -737.52 3.83 0.55 0x0000FF
-106.13 -735.7 4.88 -105.15 -736.43 4.88 0.55 0x0000FF
-108.59 -733.87 5.88 -106.13 -735.7 4.88 0.55 0x0000FF
-109.69 -733.02 6.64 -108.59 -733.87 5.88 0.55 0x0000FF
-110.55 -732.29 7.39 -109.69 -733.02 6.64 0.55 0x0000FF
-111.65 -731.43 8.0 -110.55 -732.29 7.39 0.55 0x0000FF
-113.0 -730.22 8.44 -111.65 -731.43 8.0 0.55 0x0000FF
-115.46 -728.27 8.98 -113.0 -730.22 8.44 0.55 0x0000FF
-117.66 -726.2 9.74 -115.46 -728.27 8.98 0.55 0x0000FF
-118.77 -725.1 9.97 -117.66 -726.2 9.74 0.55 0x0000FF
-119.87 -724.25 11.41 -118.77 -725.1 9.97 0.55 0x0000FF
-120.36 -723.76 12.09 -119.87 -724.25 11.41 0.55 0x0000FF
-122.08 -722.79 12.7 -120.36 -723.76 12.09 0.55 0x0000FF
-123.31 -721.94 13.53 -122.08 -722.79 12.7 0.55 0x0000FF
-125.02 -720.96 14.51 -123.31 -721.94 13.53 0.55 0x0000FF
-126.62 -719.75 14.97 -125.02 -720.96 14.51 0.55 0x0000FF
-127.23 -719.14 15.8 -126.62 -719.75 14.97 0.55 0x0000FF
-128.21 -718.29 17.09 -127.23 -719.14 15.8 0.55 0x0000FF
-129.07 -717.31 18.91 -128.21 -718.29 17.09 0.55 0x0000FF
-129.44 -716.82 20.57 -129.07 -717.31 18.91 0.55 0x0000FF
-130.3 -715.97 23.45 -129.44 -716.82 20.57 0.55 0x0000FF
-130.79 -715.61 25.57 -130.3 -715.97 23.45 0.55 0x0000FF
-132.38 -714.51 26.25 -130.79 -715.61 25.57 0.55 0x0000FF
-133.86 -713.17 26.25 -132.38 -714.51 26.25 0.55 0x0000FF
-136.35 -709.36 26.25 -133.86 -713.17 26.25 0.55 0x0000FF
-137.21 -708.63 26.86 -136.35 -709.36 26.25 0.55 0x0000FF
-139.16 -707.41 27.24 -137.21 -708.63 26.86 0.55 0x0000FF
-143.71 -704.98 28.0 -139.16 -707.41 27.24 0.55 0x0000FF
-146.78 -702.18 28.68 -143.71 -704.98 28.0 0.37 0x0000FF
-148.49 -700.96 29.74 -146.78 -702.18 28.68 0.37 0x0000FF
-150.21 -699.86 29.97 -148.49 -700.96 29.74 0.37 0x0000FF
-153.88 -698.28 30.5 -150.21 -699.86 29.97 0.37 0x0000FF
-155.97 -696.82 30.5 -153.88 -698.28 30.5 0.37 0x0000FF
-159.04 -694.38 31.1 -155.97 -696.82 30.5 0.37 0x0000FF
-161.0 -692.8 31.71 -159.04 -694.38 31.1 0.37 0x0000FF
-163.21 -690.61 31.94 -161.0 -692.8 31.71 0.37 0x0000FF
-166.52 -688.42 32.39 -163.21 -690.61 31.94 0.37 0x0000FF
-169.96 -686.84 32.85 -166.52 -688.42 32.39 0.37 0x0000FF
-173.89 -685.37 32.92 -169.96 -686.84 32.85 0.37 0x0000FF
-176.83 -683.91 33.68 -173.89 -685.37 32.92 0.37 0x0000FF
-181.12 -681.6 34.21 -176.83 -683.91 33.68 0.37 0x0000FF
-183.33 -680.26 34.28 -181.12 -681.6 34.21 0.37 0x0000FF
-185.17 -678.8 34.44 -183.33 -680.26 34.28 0.37 0x0000FF
-186.89 -677.22 34.44 -185.17 -678.8 34.44 0.37 0x0000FF
-188.36 -675.76 34.44 -186.89 -677.22 34.44 0.37 0x0000FF
-189.71 -674.17 34.44 -188.36 -675.76 34.44 0.37 0x0000FF
-194.13 -671.86 34.44 -189.71 -674.17 34.44 0.37 0x0000FF
-196.95 -669.79 34.44 -194.13 -671.86 34.44 0.37 0x0000FF
-200.75 -667.72 34.44 -196.95 -669.79 34.44 0.37 0x0000FF
-204.55 -666.38 34.44 -200.75 -667.72 34.44 0.37 0x0000FF
-48.76 -813.75 -3.06 -44.22 -814.12 -2.98 0.55 0x0000FF
-50.48 -812.78 -3.06 -48.76 -813.75 -3.06 0.55 0x0000FF
-52.56 -811.93 -3.06 -50.48 -812.78 -3.06 0.55 0x0000FF
-55.38 -811.81 -3.06 -52.56 -811.93 -3.06 0.55 0x0000FF
-58.2 -811.44 -3.06 -55.38 -811.81 -3.06 0.55 0x0000FF
-61.03 -810.1 -3.06 -58.2 -811.44 -3.06 0.55 0x0000FF
-64.83 -808.4 -3.06 -61.03 -810.1 -3.06 0.55 0x0000FF
-69.23 -807.18 -3.06 -64.83 -808.4 -3.06 0.55 0x0000FF
-73.29 -806.2 -3.06 -69.23 -807.18 -3.06 0.55 0x0000FF
-76.84 -805.47 -3.06 -73.29 -806.2 -3.06 0.55 0x0000FF
-81.27 -804.87 -3.06 -76.84 -805.47 -3.06 0.55 0x0000FF
-86.54 -804.13 -3.06 -81.27 -804.87 -3.06 0.55 0x0000FF
-88.5 -803.4 -3.06 -86.54 -804.13 -3.06 0.55 0x0000FF
-94.52 -803.55 -3.06 -88.5 -803.4 -3.06 0.55 0x0000FF
-96.36 -803.06 -3.44 -94.52 -803.55 -3.06 0.55 0x0000FF
-97.46 -803.06 -3.67 -96.36 -803.06 -3.44 0.55 0x0000FF
-98.44 -803.18 -4.58 -97.46 -803.06 -3.67 0.55 0x0000FF
-100.53 -803.3 -5.18 -98.44 -803.18 -4.58 0.55 0x0000FF
-101.39 -803.3 -5.26 -100.53 -803.3 -5.18 0.55 0x0000FF
-103.72 -802.57 -4.05 -101.39 -803.3 -5.26 0.55 0x0000FF
-105.44 -802.21 -3.21 -103.72 -802.57 -4.05 0.55 0x0000FF
-107.52 -802.21 -2.52 -105.44 -802.21 -3.21 0.55 0x0000FF
-109.12 -801.84 -1.77 -107.52 -802.21 -2.52 0.55 0x0000FF
-110.96 -800.75 -1.32 -109.12 -801.84 -1.77 0.55 0x0000FF
-112.67 -799.65 -1.09 -110.96 -800.75 -1.32 0.55 0x0000FF
-114.39 -799.16 -0.18 -112.67 -799.65 -1.09 0.55 0x0000FF
-116.11 -798.68 0.5 -114.39 -799.16 -0.18 0.55 0x0000FF
-117.95 -798.19 1.18 -116.11 -798.68 0.5 0.55 0x0000FF
-119.79 -797.58 2.0 -117.95 -798.19 1.18 0.55 0x0000FF
-121.38 -796.85 2.24 -119.79 -797.58 2.0 0.55 0x0000FF
-122.24 -796.36 2.92 -121.38 -796.85 2.24 0.55 0x0000FF
-123.84 -795.75 3.61 -122.24 -796.36 2.92 0.55 0x0000FF
-125.43 -795.15 4.29 -123.84 -795.75 3.61 0.55 0x0000FF
-126.9 -794.54 5.04 -125.43 -795.15 4.29 0.55 0x0000FF
-128.38 -793.81 5.73 -126.9 -794.54 5.04 0.55 0x0000FF
-130.34 -793.08 6.33 -128.38 -793.81 5.73 0.55 0x0000FF
-130.83 -792.47 6.48 -130.34 -793.08 6.33 0.55 0x0000FF
-132.18 -791.74 7.32 -130.83 -792.47 6.48 0.55 0x0000FF
-133.65 -791.01 8.0 -132.18 -791.74 7.32 0.55 0x0000FF
-134.02 -790.76 8.07 -133.65 -791.01 8.0 0.55 0x0000FF
-136.72 -789.91 8.44 -134.02 -790.76 8.07 0.55 0x0000FF
-138.43 -789.3 9.06 -136.72 -789.91 8.44 0.55 0x0000FF
-138.93 -789.06 9.36 -138.43 -789.3 9.06 0.55 0x0000FF
-141.38 -787.72 10.5 -138.93 -789.06 9.36 0.55 0x0000FF
-142.85 -786.99 11.33 -141.38 -787.72 10.5 0.55 0x0000FF
-144.94 -785.77 11.33 -142.85 -786.99 11.33 0.55 0x0000FF
-147.51 -784.8 12.09 -144.94 -785.77 11.33 0.55 0x0000FF
-148.97 -784.68 12.39 -147.51 -784.8 12.09 0.55 0x0000FF
-151.32 -783.58 13.0 -148.97 -784.68 12.39 0.55 0x0000FF
-152.66 -782.73 13.53 -151.32 -783.58 13.0 0.55 0x0000FF
-155.24 -781.51 14.21 -152.66 -782.73 13.53 0.55 0x0000FF
-156.96 -780.9 14.51 -155.24 -781.51 14.21 0.55 0x0000FF
-159.29 -779.93 14.97 -156.96 -780.9 14.51 0.55 0x0000FF
-161.5 -779.32 15.27 -159.29 -779.93 14.97 0.55 0x0000FF
-162.47 -779.32 15.27 -161.5 -779.32 15.27 0.55 0x0000FF
-163.46 -779.32 15.35 -162.47 -779.32 15.27 0.55 0x0000FF
-166.04 -778.71 15.35 -163.46 -779.32 15.35 0.55 0x0000FF
-171.96 -777.62 15.35 -166.04 -778.71 15.35 0.55 0x0000FF
-174.41 -776.89 16.18 -171.96 -777.62 15.35 0.55 0x0000FF
-175.76 -776.29 16.63 -174.41 -776.89 16.18 0.55 0x0000FF
-178.58 -775.56 17.09 -175.76 -776.29 16.63 0.55 0x0000FF
-180.42 -775.31 17.23 -178.58 -775.56 17.09 0.55 0x0000FF
-183.37 -775.43 17.32 -180.42 -775.31 17.23 0.55 0x0000FF
-185.7 -775.31 17.32 -183.37 -775.43 17.32 0.55 0x0000FF
-188.64 -774.58 17.32 -185.7 -775.31 17.32 0.55 0x0000FF
-191.22 -773.85 16.55 -188.64 -774.58 17.32 0.55 0x0000FF
-194.41 -773.61 16.1 -191.22 -773.85 16.55 0.55 0x0000FF
-196.49 -773.49 15.42 -194.41 -773.61 16.1 0.55 0x0000FF
-198.33 -773.49 14.89 -196.49 -773.49 15.42 0.55 0x0000FF
-198.7 -773.49 14.67 -198.33 -773.49 14.89 0.55 0x0000FF
-200.79 -773.36 13.76 -198.7 -773.49 14.67 0.55 0x0000FF
-202.75 -773.36 12.85 -200.79 -773.36 13.76 0.55 0x0000FF
-204.96 -773.24 12.09 -202.75 -773.36 12.85 0.55 0x0000FF
-206.43 -773.0 11.94 -204.96 -773.24 12.09 0.55 0x0000FF
-208.39 -773.12 11.03 -206.43 -773.0 11.94 0.55 0x0000FF
-211.83 -773.24 10.19 -208.39 -773.12 11.03 0.55 0x0000FF
-213.3 -773.24 9.28 -211.83 -773.24 10.19 0.55 0x0000FF
-214.89 -773.24 9.21 -213.3 -773.24 9.28 0.55 0x0000FF
-216.61 -773.36 9.21 -214.89 -773.24 9.21 0.55 0x0000FF
-219.68 -773.36 8.83 -216.61 -773.36 9.21 0.55 0x0000FF
-220.78 -773.49 8.61 -219.68 -773.36 8.83 0.55 0x0000FF
-222.13 -773.49 8.61 -220.78 -773.49 8.61 0.55 0x0000FF
-225.08 -773.85 8.61 -222.13 -773.49 8.61 0.55 0x0000FF
-229.86 -773.97 8.61 -225.08 -773.85 8.61 0.55 0x0000FF
-233.05 -774.46 8.61 -229.86 -773.97 8.61 0.55 0x0000FF
-236.36 -774.46 8.44 -233.05 -774.46 8.61 0.55 0x0000FF
-238.69 -774.46 8.07 -236.36 -774.46 8.44 0.55 0x0000FF
-242.37 -774.34 8.0 -238.69 -774.46 8.07 0.55 0x0000FF
-244.95 -773.61 8.0 -242.37 -774.34 8.0 0.55 0x0000FF
-252.05 -772.17 8.0 -244.95 -773.61 8.0 0.55 0x0000FF
-252.91 -772.17 8.0 -252.05 -772.17 8.0 0.55 0x0000FF
-259.17 -772.54 8.0 -252.91 -772.17 8.0 0.55 0x0000FF
-265.43 -772.78 7.92 -259.17 -772.54 8.0 0.55 0x0000FF
-271.8 -772.42 7.92 -265.43 -772.78 7.92 0.55 0x0000FF
-276.33 -770.83 7.85 -271.8 -772.42 7.92 0.55 0x0000FF
-279.41 -768.76 7.85 -276.33 -770.83 7.85 0.55 0x0000FF
-281.62 -766.82 7.85 -279.41 -768.76 7.85 0.55 0x0000FF
-285.67 -764.02 7.85 -281.62 -766.82 7.85 0.55 0x0000FF
-287.38 -762.55 7.85 -285.67 -764.02 7.85 0.55 0x0000FF
-288.73 -761.22 7.85 -287.38 -762.55 7.85 0.55 0x0000FF
-290.2 -758.66 7.85 -288.73 -761.22 7.85 0.55 0x0000FF
-291.31 -756.59 7.85 -290.2 -758.66 7.85 0.55 0x0000FF
-293.52 -753.3 7.85 -291.31 -756.59 7.85 0.55 0x0000FF
-295.73 -750.38 7.85 -293.52 -753.3 7.85 0.55 0x0000FF
-298.79 -748.07 7.85 -295.73 -750.38 7.85 0.55 0x0000FF
-301.49 -746.36 7.85 -298.79 -748.07 7.85 0.55 0x0000FF
-304.93 -744.78 7.85 -301.49 -746.36 7.85 0.55 0x0000FF
-306.89 -743.44 7.85 -304.93 -744.78 7.85 0.55 0x0000FF
-308.36 -741.0 7.85 -306.89 -743.44 7.85 0.55 0x0000FF
-309.58 -738.08 7.85 -308.36 -741.0 7.85 0.55 0x0000FF
-311.55 -734.31 7.85 -309.58 -738.08 7.85 0.55 0x0000FF
-313.02 -730.9 7.85 -311.55 -734.31 7.85 0.55 0x0000FF
-313.76 -729.32 7.85 -313.02 -730.9 7.85 0.55 0x0000FF
-314.37 -726.03 7.85 -313.76 -729.32 7.85 0.55 0x0000FF
-315.11 -723.23 7.85 -314.37 -726.03 7.85 0.55 0x0000FF
-318.74 -717.68 7.85 -315.11 -723.23 7.85 0.55 0x0000FF
-319.11 -716.82 8.61 -318.74 -717.68 7.85 0.55 0x0000FF
-319.97 -715.85 9.21 -319.11 -716.82 8.61 0.55 0x0000FF
-320.7 -714.88 9.28 -319.97 -715.85 9.21 0.55 0x0000FF
-321.32 -713.9 10.35 -320.7 -714.88 9.28 0.55 0x0000FF
-321.81 -713.29 10.95 -321.32 -713.9 10.35 0.55 0x0000FF
-322.18 -712.68 11.26 -321.81 -713.29 10.95 0.55 0x0000FF
-322.79 -711.22 11.56 -322.18 -712.68 11.26 0.55 0x0000FF
-323.64 -709.52 11.71 -322.79 -711.22 11.56 0.55 0x0000FF
-324.26 -708.55 11.71 -323.64 -709.52 11.71 0.55 0x0000FF
-324.63 -707.94 12.85 -324.26 -708.55 11.71 0.55 0x0000FF
-325.12 -707.33 13.76 -324.63 -707.94 12.85 0.55 0x0000FF
-325.37 -706.84 14.36 -325.12 -707.33 13.76 0.55 0x0000FF
-326.35 -705.62 14.36 -325.37 -706.84 14.36 0.55 0x0000FF
-326.95 -704.77 14.44 -326.35 -705.62 14.36 0.55 0x0000FF
-327.58 -703.8 14.44 -326.95 -704.77 14.44 0.55 0x0000FF
-328.07 -702.82 13.76 -327.58 -703.8 14.44 0.55 0x0000FF
-328.92 -701.61 12.85 -328.07 -702.82 13.76 0.55 0x0000FF
-329.54 -700.75 12.24 -328.92 -701.61 12.85 0.55 0x0000FF
-330.52 -699.29 11.26 -329.54 -700.75 12.24 0.55 0x0000FF
-331.13 -697.95 10.27 -330.52 -699.29 11.26 0.55 0x0000FF
-331.26 -696.49 9.67 -331.13 -697.95 10.27 0.55 0x0000FF
-331.38 -694.42 9.28 -331.26 -696.49 9.67 0.55 0x0000FF
-332.6 -691.62 8.76 -331.38 -694.42 9.28 0.55 0x0000FF
-333.34 -689.92 8.68 -332.6 -691.62 8.76 0.55 0x0000FF
-334.2 -688.09 8.68 -333.34 -689.92 8.68 0.55 0x0000FF
-334.69 -685.53 8.68 -334.2 -688.09 8.68 0.55 0x0000FF
-8.36 -834.24 -6.24 -9.34 -837.4 -6.17 2.025 0x0000FF
-7.87 -832.9 -5.79 -8.36 -834.24 -6.24 2.025 0x0000FF
-7.63 -831.56 -5.03 -7.87 -832.9 -5.79 2.025 0x0000FF
-7.38 -830.1 -4.34 -7.63 -831.56 -5.03 2.025 0x0000FF
-7.38 -829.49 -3.82 -7.38 -830.1 -4.34 2.025 0x0000FF
-7.38 -828.64 -3.44 -7.38 -829.49 -3.82 2.025 0x0000FF
-7.26 -828.15 -2.68 -7.38 -828.64 -3.44 2.025 0x0000FF
-7.14 -827.79 -2.08 -7.26 -828.15 -2.68 2.025 0x0000FF
-6.89 -827.18 -0.41 -7.14 -827.79 -2.08 2.025 0x0000FF
-6.64 -826.57 0.5 -6.89 -827.18 -0.41 2.025 0x0000FF
-6.64 -826.2 1.11 -6.64 -826.57 0.5 2.025 0x0000FF
-6.15 -824.5 2.85 -6.64 -826.2 1.11 1.715 0x0000FF
-6.15 -824.25 4.13 -6.15 -824.5 2.85 1.715 0x0000FF
-6.15 -824.25 5.88 -6.15 -824.25 4.13 1.715 0x0000FF
-6.15 -824.01 8.3 -6.15 -824.25 5.88 1.715 0x0000FF
-6.15 -823.89 10.88 -6.15 -824.01 8.3 1.715 0x0000FF
-6.15 -823.65 12.92 -6.15 -823.89 10.88 1.715 0x0000FF
-4.93 -823.12 14.89 -6.15 -823.65 12.92 1.29 0x0000FF
-4.19 -822.15 15.12 -4.93 -823.12 14.89 1.29 0x0000FF
-3.58 -821.17 15.95 -4.19 -822.15 15.12 1.29 0x0000FF
-3.21 -820.08 16.71 -3.58 -821.17 15.95 1.29 0x0000FF
-2.97 -818.62 16.86 -3.21 -820.08 16.71 1.29 0x0000FF
-2.84 -816.91 18.23 -2.97 -818.62 16.86 1.29 0x0000FF
-2.84 -816.06 18.98 -2.84 -816.91 18.23 1.29 0x0000FF
-2.72 -814.96 19.44 -2.84 -816.06 18.98 1.29 0x0000FF
-2.35 -813.5 20.35 -2.72 -814.96 19.44 1.29 0x0000FF
-1.74 -812.16 21.1 -2.35 -813.5 20.35 1.29 0x0000FF
-1.74 -811.43 22.01 -1.74 -812.16 21.1 1.29 0x0000FF
-1.37 -810.09 23.0 -1.74 -811.43 22.01 1.29 0x0000FF
-1.37 -807.05 24.21 -1.37 -810.09 23.0 1.29 0x0000FF
-1.37 -806.07 25.04 -1.37 -807.05 24.21 1.29 0x0000FF
-1.37 -804.86 25.12 -1.37 -806.07 25.04 1.29 0x0000FF
-1.37 -804.13 26.03 -1.37 -804.86 25.12 1.29 0x0000FF
-1.37 -803.4 26.71 -1.37 -804.13 26.03 1.29 0x0000FF
-1.37 -802.67 27.39 -1.37 -803.4 26.71 1.29 0x0000FF
-1.37 -801.08 28.3 -1.37 -802.67 27.39 0.98 0x0000FF
-1.37 -800.35 28.68 -1.37 -801.08 28.3 0.98 0x0000FF
-1.0 -798.53 29.21 -1.37 -800.35 28.68 0.735 0x0000FF
-1.0 -797.19 29.89 -1.0 -798.53 29.21 0.735 0x0000FF
-1.0 -795.85 30.12 -1.0 -797.19 29.89 0.735 0x0000FF
-1.0 -794.02 30.8 -1.0 -795.85 30.12 0.735 0x0000FF
-1.37 -793.05 31.33 -1.0 -794.02 30.8 0.795 0x0000FF
-1.37 -791.95 32.15 -1.37 -793.05 31.33 0.795 0x0000FF
-1.37 -791.22 32.69 -1.37 -791.95 32.15 0.795 0x0000FF
-1.37 -790.86 33.6 -1.37 -791.22 32.69 0.795 0x0000FF
-1.37 -790.37 34.28 -1.37 -790.86 33.6 0.795 0x0000FF
-1.37 -789.39 34.97 -1.37 -790.37 34.28 0.795 0x0000FF
-1.37 -788.42 35.88 -1.37 -789.39 34.97 0.795 0x0000FF
-1.37 -787.57 36.94 -1.37 -788.42 35.88 0.795 0x0000FF
-1.5 -786.84 37.69 -1.37 -787.57 36.94 0.795 0x0000FF
-2.11 -785.62 38.6 -1.5 -786.84 37.69 0.795 0x0000FF
-2.48 -784.89 39.44 -2.11 -785.62 38.6 0.795 0x0000FF
-3.09 -783.67 40.5 -2.48 -784.89 39.44 0.795 0x0000FF
-3.95 -780.63 40.57 -3.09 -783.67 40.5 0.245 0x0000FF
-3.95 -779.9 41.33 -3.95 -780.63 40.57 0.245 0x0000FF
-4.19 -779.17 41.78 -3.95 -779.9 41.33 0.245 0x0000FF
-4.55 -778.07 42.47 -4.19 -779.17 41.78 0.245 0x0000FF
-5.3 -776.25 43.3 -4.55 -778.07 42.47 0.245 0x0000FF
-5.54 -775.03 43.83 -5.3 -776.25 43.3 0.245 0x0000FF
-5.54 -773.08 44.59 -5.54 -775.03 43.83 0.245 0x0000FF
-6.4 -771.13 44.97 -5.54 -773.08 44.59 0.245 0x0000FF
-6.77 -768.7 44.97 -6.4 -771.13 44.97 0.245 0x0000FF
-6.77 -766.26 44.97 -6.77 -768.7 44.97 0.245 0x0000FF
-6.77 -763.71 44.97 -6.77 -766.26 44.97 0.245 0x0000FF
-6.77 -761.64 44.97 -6.77 -763.71 44.97 0.245 0x0000FF
-6.77 -759.81 44.97 -6.77 -761.64 44.97 0.245 0x0000FF
2.54 -792.8 31.41 -1.0 -794.02 30.8 0.43 0x0000FF
4.51 -791.95 31.41 2.54 -792.8 31.41 0.43 0x0000FF
5.99 -790.98 31.71 4.51 -791.95 31.41 0.43 0x0000FF
6.85 -790.25 32.15 5.99 -790.98 31.71 0.43 0x0000FF
7.21 -789.64 33.15 6.85 -790.25 32.15 0.43 0x0000FF
7.83 -789.03 33.9 7.21 -789.64 33.15 0.43 0x0000FF
8.32 -788.06 34.65 7.83 -789.03 33.9 0.43 0x0000FF
8.56 -787.2 35.5 8.32 -788.06 34.65 0.43 0x0000FF
8.81 -786.23 36.63 8.56 -787.2 35.5 0.43 0x0000FF
8.93 -785.38 37.39 8.81 -786.23 36.63 0.43 0x0000FF
9.05 -784.52 38.07 8.93 -785.38 37.39 0.43 0x0000FF
9.42 -783.55 38.6 9.05 -784.52 38.07 0.43 0x0000FF
10.28 -781.85 39.59 9.42 -783.55 38.6 0.43 0x0000FF
10.65 -781.72 39.74 10.28 -781.85 39.59 0.37 0x0000FF
11.75 -780.26 39.65 10.65 -781.72 39.74 0.37 0x0000FF
13.59 -778.56 39.65 11.75 -780.26 39.65 0.37 0x0000FF
14.82 -776.61 40.11 13.59 -778.56 39.65 0.37 0x0000FF
15.31 -774.54 40.27 14.82 -776.61 40.11 0.37 0x0000FF
15.31 -770.65 40.27 15.31 -774.54 40.27 0.37 0x0000FF
15.56 -768.21 40.27 15.31 -770.65 40.27 0.37 0x0000FF
16.29 -766.02 40.27 15.56 -768.21 40.27 0.37 0x0000FF
10.16 -779.78 39.59 10.28 -781.85 39.59 0.43 0x0000FF
10.16 -777.71 40.11 10.16 -779.78 39.59 0.43 0x0000FF
10.03 -777.1 40.86 10.16 -777.71 40.11 0.43 0x0000FF
9.67 -775.27 41.71 10.03 -777.1 40.86 0.43 0x0000FF
9.18 -774.05 42.54 9.67 -775.27 41.71 0.43 0x0000FF
8.44 -772.23 43.07 9.18 -774.05 42.54 0.43 0x0000FF
8.07 -769.91 43.07 8.44 -772.23 43.07 0.43 0x0000FF
7.95 -767.36 43.07 8.07 -769.91 43.07 0.43 0x0000FF
9.05 -763.58 43.07 7.95 -767.36 43.07 0.185 0x0000FF
-9.22 -822.55 15.04 -6.15 -823.65 12.92 1.225 0x0000FF
-9.59 -822.43 15.04 -9.22 -822.55 15.04 1.225 0x0000FF
-9.96 -822.06 16.32 -9.59 -822.43 15.04 1.225 0x0000FF
-11.06 -821.33 16.41 -9.96 -822.06 16.32 1.225 0x0000FF
-11.92 -820.36 17.62 -11.06 -821.33 16.41 1.225 0x0000FF
-12.16 -819.75 18.91 -11.92 -820.36 17.62 1.225 0x0000FF
-12.53 -819.02 19.13 -12.16 -819.75 18.91 1.225 0x0000FF
-12.78 -818.53 20.35 -12.53 -819.02 19.13 1.225 0x0000FF
-13.15 -817.92 20.95 -12.78 -818.53 20.35 1.225 0x0000FF
-13.88 -816.58 21.26 -13.15 -817.92 20.95 1.225 0x0000FF
-14.99 -815.37 22.01 -13.88 -816.58 21.26 0.92 0x0000FF
-15.35 -815.0 23.07 -14.99 -815.37 22.01 0.92 0x0000FF
-16.21 -814.39 23.07 -15.35 -815.0 23.07 0.92 0x0000FF
-17.8 -813.54 23.91 -16.21 -814.39 23.07 0.92 0x0000FF
-19.77 -811.71 23.91 -17.8 -813.54 23.91 0.675 0x0000FF
-20.63 -810.98 24.97 -19.77 -811.71 23.91 0.675 0x0000FF
-21.36 -810.37 25.42 -20.63 -810.98 24.97 0.675 0x0000FF
-21.86 -809.52 26.48 -21.36 -810.37 25.42 0.675 0x0000FF
-22.35 -808.91 26.79 -21.86 -809.52 26.48 0.675 0x0000FF
-22.71 -808.06 27.39 -22.35 -808.91 26.79 0.675 0x0000FF
-22.96 -807.45 28.38 -22.71 -808.06 27.39 0.675 0x0000FF
-23.45 -806.11 29.36 -22.96 -807.45 28.38 0.675 0x0000FF
-23.82 -804.9 30.42 -23.45 -806.11 29.36 0.43 0x0000FF
-23.82 -804.41 31.63 -23.82 -804.9 30.42 0.43 0x0000FF
-24.19 -803.56 31.71 -23.82 -804.41 31.63 0.43 0x0000FF
-24.8 -802.1 32.61 -24.19 -803.56 31.71 0.43 0x0000FF
-25.29 -801.12 33.6 -24.8 -802.1 32.61 0.43 0x0000FF
-25.41 -799.66 34.44 -25.29 -801.12 33.6 0.43 0x0000FF
-25.54 -798.2 34.74 -25.41 -799.66 34.44 0.43 0x0000FF
-25.9 -796.86 35.72 -25.54 -798.2 34.74 0.43 0x0000FF
-26.15 -796.01 36.71 -25.9 -796.86 35.72 0.43 0x0000FF
-26.64 -794.55 36.86 -26.15 -796.01 36.71 0.43 0x0000FF
-27.62 -792.72 37.69 -26.64 -794.55 36.86 0.43 0x0000FF
-28.23 -791.5 38.45 -27.62 -792.72 37.69 0.43 0x0000FF
-29.22 -790.16 39.13 -28.23 -791.5 38.45 0.43 0x0000FF
-29.95 -788.95 39.51 -29.22 -790.16 39.13 0.43 0x0000FF
-30.32 -787.85 40.11 -29.95 -788.95 39.51 0.43 0x0000FF
-31.67 -785.42 40.95 -30.32 -787.85 40.11 0.43 0x0000FF
-33.39 -782.09 41.03 -31.67 -785.42 40.95 0.43 0x0000FF
-34.61 -779.78 41.03 -33.39 -782.09 41.03 0.43 0x0000FF
-36.33 -775.88 41.03 -34.61 -779.78 41.03 0.43 0x0000FF
-39.65 -771.5 42.54 -36.33 -775.88 41.03 0.43 0x0000FF
-41.61 -768.58 42.84 -39.65 -771.5 42.54 0.43 0x0000FF
-43.2 -765.65 42.84 -41.61 -768.58 42.84 0.43 0x0000FF
-44.18 -763.22 42.84 -43.2 -765.65 42.84 0.43 0x0000FF
