-44.16 -31.17 -0.71 -44.66 -39.41 -0.65 1.105 0x0000FF
-43.92 -30.32 -0.64 -44.16 -31.17 -0.71 1.105 0x0000FF
-43.79 -29.34 -1.02 -43.92 -30.32 -0.64 1.105 0x0000FF
-43.92 -28.25 -1.24 -43.79 -29.34 -1.02 0.92 0x0000FF
-43.67 -26.79 -1.55 -43.92 -28.25 -1.24 0.795 0x0000FF
-43.3 -25.57 -1.77 -43.67 -26.79 -1.55 0.795 0x0000FF
-43.18 -24.11 -1.92 -43.3 -25.57 -1.77 0.795 0x0000FF
-43.79 -22.4 -2.0 -43.18 -24.11 -1.92 0.49 0x0000FF
-44.41 -20.94 -2.38 -43.79 -22.4 -2.0 0.49 0x0000FF
-45.88 -19.36 -2.52 -44.41 -20.94 -2.38 0.49 0x0000FF
-46.86 -17.89 -2.76 -45.88 -19.36 -2.52 0.49 0x0000FF
-48.33 -16.3 -2.98 -46.86 -17.89 -2.76 0.49 0x0000FF
-49.68 -14.49 -3.21 -48.33 -16.3 -2.98 0.49 0x0000FF
-50.66 -13.51 -2.98 -49.68 -14.49 -3.21 0.49 0x0000FF
-51.52 -12.66 -2.68 -50.66 -13.51 -2.98 0.49 0x0000FF
-52.13 -11.93 -2.38 -51.52 -12.66 -2.68 0.49 0x0000FF
-53.12 -10.84 -2.08 -52.13 -11.93 -2.38 0.49 0x0000FF
-53.85 -9.61 -2.0 -53.12 -10.84 -2.08 0.49 0x0000FF
-54.47 -9.01 -1.92 -53.85 -9.61 -2.0 0.49 0x0000FF
-56.18 -8.64 -2.08 -54.47 -9.01 -1.92 0.49 0x0000FF
-58.15 -8.4 -2.29 -56.18 -8.64 -2.08 0.49 0x0000FF
-59.99 -8.4 -2.45 -58.15 -8.4 -2.29 0.43 0x0000FF
-62.07 -8.52 -2.61 -59.99 -8.4 -2.45 0.43 0x0000FF
-63.79 -8.64 -2.83 -62.07 -8.52 -2.61 0.37 0x0000FF
-65.51 -8.52 -2.91 -63.79 -8.64 -2.83 0.37 0x0000FF
-67.09 -8.16 -2.98 -65.51 -8.52 -2.91 0.305 0x0000FF
-68.2 -7.31 -2.98 -67.09 -8.16 -2.98 0.305 0x0000FF
-69.8 -6.21 -3.14 -68.2 -7.31 -2.98 0.245 0x0000FF
-70.78 -6.21 -3.21 -69.8 -6.21 -3.14 0.245 0x0000FF
-72.5 -6.57 -3.36 -70.78 -6.21 -3.21 0.245 0x0000FF
-73.97 -7.18 -3.44 -72.5 -6.57 -3.36 0.245 0x0000FF
-55.08 -7.31 -1.7 -54.47 -9.01 -1.92 0.37 0x0000FF
-55.57 -5.84 -1.55 -55.08 -7.31 -1.7 0.37 0x0000FF
-55.94 -3.65 -1.17 -55.57 -5.84 -1.55 0.37 0x0000FF
-56.06 -2.06 -1.02 -55.94 -3.65 -1.17 0.37 0x0000FF
-56.67 -0.37 -0.86 -56.06 -2.06 -1.02 0.37 0x0000FF
-57.16 1.46 -0.86 -56.67 -0.37 -0.86 0.37 0x0000FF
-57.78 3.41 -0.79 -57.16 1.46 -0.86 0.305 0x0000FF
-57.78 5.11 -0.71 -57.78 3.41 -0.79 0.305 0x0000FF
-58.02 7.18 -0.56 -57.78 5.11 -0.71 0.305 0x0000FF
-58.27 8.77 -0.94 -58.02 7.18 -0.56 0.305 0x0000FF
-58.51 10.47 -0.79 -58.27 8.77 -0.94 0.305 0x0000FF
-58.64 12.18 -0.64 -58.51 10.47 -0.79 0.305 0x0000FF
-58.64 13.03 -0.56 -58.64 12.18 -0.64 0.305 0x0000FF
-58.27 14.61 -0.48 -58.64 13.03 -0.56 0.305 0x0000FF
-58.02 16.47 -0.33 -58.27 14.61 -0.48 0.305 0x0000FF
-58.14 18.41 -0.11 -58.02 16.47 -0.33 0.305 0x0000FF
-58.14 20.48 0.2 -58.14 18.41 -0.11 0.305 0x0000FF
-58.14 22.31 0.42 -58.14 20.48 0.2 0.305 0x0000FF
-58.39 24.14 0.65 -58.14 22.31 0.42 0.305 0x0000FF
-58.39 26.21 0.8 -58.39 24.14 0.65 0.305 0x0000FF
-58.39 28.15 0.95 -58.39 26.21 0.8 0.305 0x0000FF
-58.51 29.62 1.03 -58.39 28.15 0.95 0.305 0x0000FF
-58.63 31.69 1.26 -58.51 29.62 1.03 0.305 0x0000FF
-58.63 33.76 1.41 -58.63 31.69 1.26 0.305 0x0000FF
-58.88 35.46 1.56 -58.63 33.76 1.41 0.305 0x0000FF
-58.88 36.92 1.64 -58.88 35.46 1.56 0.305 0x0000FF
-58.88 38.5 1.79 -58.88 36.92 1.64 0.305 0x0000FF
-58.88 40.21 1.86 -58.88 38.5 1.79 0.305 0x0000FF
-59.12 41.43 2.0 -58.88 40.21 1.86 0.305 0x0000FF
-59.98 42.64 2.09 -59.12 41.43 2.0 0.305 0x0000FF
-60.1 44.1 2.24 -59.98 42.64 2.09 0.305 0x0000FF
-60.1 45.81 2.31 -60.1 44.1 2.24 0.305 0x0000FF
-60.35 47.27 2.39 -60.1 45.81 2.31 0.305 0x0000FF
-60.59 48.97 2.54 -60.35 47.27 2.39 0.305 0x0000FF
-61.45 50.07 2.7 -60.59 48.97 2.54 0.305 0x0000FF
-62.43 52.02 2.7 -61.45 50.07 2.7 0.305 0x0000FF
-63.66 53.48 2.77 -62.43 52.02 2.7 0.305 0x0000FF
-65.75 54.94 3.0 -63.66 53.48 2.77 0.305 0x0000FF
-67.45 55.79 3.08 -65.75 54.94 3.0 0.305 0x0000FF
-68.81 57.13 3.23 -67.45 55.79 3.08 0.305 0x0000FF
-69.3 58.47 3.3 -68.81 57.13 3.23 0.305 0x0000FF
-70.28 59.81 3.45 -69.3 58.47 3.3 0.305 0x0000FF
-71.02 61.03 3.53 -70.28 59.81 3.45 0.305 0x0000FF
-71.34 62.44 3.61 -71.02 61.03 3.53 0.305 0x0000FF
-71.83 63.54 3.68 -71.34 62.44 3.61 0.305 0x0000FF
-72.81 64.39 3.83 -71.83 63.54 3.68 0.305 0x0000FF
-74.28 65.48 4.05 -72.81 64.39 3.83 0.305 0x0000FF
-75.14 66.45 3.83 -74.28 65.48 4.05 0.305 0x0000FF
-75.88 67.56 3.45 -75.14 66.45 3.83 0.305 0x0000FF
-76.73 68.53 3.0 -75.88 67.56 3.45 0.305 0x0000FF
-77.11 69.75 2.31 -76.73 68.53 3.0 0.305 0x0000FF
-77.47 71.45 2.47 -77.11 69.75 2.31 0.305 0x0000FF
-78.33 72.79 2.92 -77.47 71.45 2.47 0.305 0x0000FF
-78.95 74.01 3.08 -78.33 72.79 2.92 0.305 0x0000FF
-79.19 74.73 3.61 -78.95 74.01 3.08 0.305 0x0000FF
-79.31 75.23 4.05 -79.19 74.73 3.61 0.305 0x0000FF
-79.93 76.31 4.29 -79.31 75.23 4.05 0.305 0x0000FF
-80.66 77.91 4.59 -79.93 76.31 4.29 0.305 0x0000FF
-81.89 79.98 4.88 -80.66 77.91 4.59 0.305 0x0000FF
-83.36 81.06 5.35 -81.89 79.98 4.88 0.305 0x0000FF
-84.34 82.66 5.73 -83.36 81.06 5.35 0.305 0x0000FF
-85.2 84.12 6.18 -84.34 82.66 5.73 0.305 0x0000FF
-85.94 85.58 6.26 -85.2 84.12 6.18 0.245 0x0000FF
-86.43 87.16 6.56 -85.94 85.58 6.26 0.245 0x0000FF
-87.04 88.13 6.94 -86.43 87.16 6.56 0.245 0x0000FF
-87.9 89.11 7.01 -87.04 88.13 6.94 0.245 0x0000FF
-89.0 90.45 7.32 -87.9 89.11 7.01 0.245 0x0000FF
-89.25 91.91 7.62 -89.0 90.45 7.32 0.245 0x0000FF
-89.74 94.22 7.85 -89.25 91.91 7.62 0.245 0x0000FF
-90.48 96.17 7.85 -89.74 94.22 7.85 0.185 0x0000FF
-91.46 97.63 8.0 -90.48 96.17 7.85 0.185 0x0000FF
-91.95 99.34 8.23 -91.46 97.63 8.0 0.185 0x0000FF
-92.81 100.92 8.38 -91.95 99.34 8.23 0.185 0x0000FF
-93.3 102.74 8.52 -92.81 100.92 8.38 0.185 0x0000FF
-93.91 104.08 8.68 -93.3 102.74 8.52 0.185 0x0000FF
-94.65 105.67 8.76 -93.91 104.08 8.68 0.185 0x0000FF
-95.14 107.25 8.91 -94.65 105.67 8.76 0.185 0x0000FF
-94.63 109.93 8.98 -95.14 107.25 8.91 0.185 0x0000FF
-94.63 112.36 9.21 -94.63 109.93 8.98 0.185 0x0000FF
-94.63 114.68 9.36 -94.63 112.36 9.21 0.185 0x0000FF
-95.24 116.5 9.44 -94.63 114.68 9.36 0.185 0x0000FF
-95.98 118.21 9.59 -95.24 116.5 9.44 0.185 0x0000FF
-42.37 -22.47 -2.23 -43.18 -24.11 -1.92 0.795 0x0000FF
-41.88 -21.13 -2.15 -42.37 -22.47 -2.23 0.795 0x0000FF
-41.88 -20.65 -2.52 -41.88 -21.13 -2.15 0.795 0x0000FF
-41.75 -19.43 -2.83 -41.88 -20.65 -2.52 0.795 0x0000FF
-41.39 -18.09 -3.21 -41.75 -19.43 -2.83 0.795 0x0000FF
-41.14 -16.87 -3.36 -41.39 -18.09 -3.21 0.795 0x0000FF
-40.65 -15.65 -3.97 -41.14 -16.87 -3.36 0.795 0x0000FF
-40.65 -14.8 -4.12 -40.65 -15.65 -3.97 0.795 0x0000FF
-40.15 -13.58 -4.34 -40.65 -14.8 -4.12 0.795 0x0000FF
-38.89 -13.17 -4.2 -40.15 -13.58 -4.34 0.43 0x0000FF
-37.9 -13.05 -4.42 -38.89 -13.17 -4.2 0.43 0x0000FF
-37.04 -12.68 -4.2 -37.9 -13.05 -4.42 0.43 0x0000FF
-35.45 -12.2 -4.2 -37.04 -12.68 -4.2 0.43 0x0000FF
-35.14 -11.29 -4.5 -35.45 -12.2 -4.2 0.305 0x0000FF
-34.65 -10.44 -4.88 -35.14 -11.29 -4.5 0.305 0x0000FF
-34.15 -9.59 -5.18 -34.65 -10.44 -4.88 0.305 0x0000FF
-33.79 -8.98 -5.64 -34.15 -9.59 -5.18 0.305 0x0000FF
-33.04 -8.25 -6.24 -33.79 -8.98 -5.64 0.305 0x0000FF
-32.44 -7.4 -6.77 -33.04 -8.25 -6.24 0.305 0x0000FF
-31.46 -6.91 -7.15 -32.44 -7.4 -6.77 0.305 0x0000FF
-30.6 -6.42 -7.61 -31.46 -6.91 -7.15 0.305 0x0000FF
-30.11 -5.82 -8.06 -30.6 -6.42 -7.61 0.305 0x0000FF
-29.5 -5.21 -8.36 -30.11 -5.82 -8.06 0.305 0x0000FF
-28.27 -4.48 -8.74 -29.5 -5.21 -8.36 0.305 0x0000FF
-27.78 -3.38 -9.19 -28.27 -4.48 -8.74 0.305 0x0000FF
-27.66 -2.65 -9.57 -27.78 -3.38 -9.19 0.305 0x0000FF
-27.29 -1.68 -10.11 -27.66 -2.65 -9.57 0.305 0x0000FF
-26.8 -1.31 -10.56 -27.29 -1.68 -10.11 0.305 0x0000FF
-25.82 -0.57 -10.94 -26.8 -1.31 -10.56 0.305 0x0000FF
-24.71 -0.09 -11.24 -25.82 -0.57 -10.94 0.305 0x0000FF
-23.85 0.52 -11.62 -24.71 -0.09 -11.24 0.305 0x0000FF
-22.75 0.64 -12.23 -23.85 0.52 -11.62 0.305 0x0000FF
-21.65 0.88 -12.53 -22.75 0.64 -12.23 0.305 0x0000FF
-20.17 1.61 -13.14 -21.65 0.88 -12.53 0.305 0x0000FF
-18.7 2.59 -13.59 -20.17 1.61 -13.14 0.305 0x0000FF
-17.84 3.07 -13.89 -18.7 2.59 -13.59 0.305 0x0000FF
-16.86 3.8 -13.97 -17.84 3.07 -13.89 0.245 0x0000FF
-16.0 4.65 -14.12 -16.86 3.8 -13.97 0.245 0x0000FF
-15.14 5.63 -14.2 -16.0 4.65 -14.12 0.245 0x0000FF
-14.53 6.36 -14.57 -15.14 5.63 -14.2 0.245 0x0000FF
-13.43 8.06 -14.88 -14.53 6.36 -14.57 0.245 0x0000FF
-12.45 9.65 -15.1 -13.43 8.06 -14.88 0.245 0x0000FF
-11.22 10.86 -15.41 -12.45 9.65 -15.1 0.245 0x0000FF
-10.11 11.96 -15.86 -11.22 10.86 -15.41 0.245 0x0000FF
-9.38 13.66 -16.17 -10.11 11.96 -15.86 0.245 0x0000FF
-9.26 15.86 -16.54 -9.38 13.66 -16.17 0.245 0x0000FF
-8.4 17.44 -16.85 -9.26 15.86 -16.54 0.245 0x0000FF
-7.66 19.27 -17.07 -8.4 17.44 -16.85 0.245 0x0000FF
-7.05 20.6 -17.45 -7.66 19.27 -17.07 0.245 0x0000FF
-6.56 21.94 -17.82 -7.05 20.6 -17.45 0.245 0x0000FF
-6.44 23.04 -18.36 -6.56 21.94 -17.82 0.245 0x0000FF
-5.33 24.14 -18.82 -6.44 23.04 -18.36 0.245 0x0000FF
-4.47 25.35 -18.82 -5.33 24.14 -18.82 0.245 0x0000FF
-3.25 26.94 -19.12 -4.47 25.35 -18.82 0.245 0x0000FF
-2.25 28.27 -19.57 -3.25 26.94 -19.12 0.245 0x0000FF
-1.77 30.59 -19.88 -2.25 28.27 -19.57 0.245 0x0000FF
-1.28 32.29 -20.26 -1.77 30.59 -19.88 0.245 0x0000FF
-1.28 33.75 -20.41 -1.28 32.29 -20.26 0.245 0x0000FF
-1.28 35.09 -20.63 -1.28 33.75 -20.41 0.245 0x0000FF
-0.56 36.61 -20.71 -1.28 35.09 -20.63 0.245 0x0000FF
-0.2 38.45 -20.86 -0.56 36.61 -20.71 0.245 0x0000FF
0.05 40.03 -21.01 -0.2 38.45 -20.86 0.245 0x0000FF
0.05 42.34 -21.24 0.05 40.03 -21.01 0.245 0x0000FF
0.9 44.65 -21.47 0.05 42.34 -21.24 0.245 0x0000FF
2.25 46.97 -21.62 0.9 44.65 -21.47 0.245 0x0000FF
2.99 48.79 -21.85 2.25 46.97 -21.62 0.245 0x0000FF
4.46 50.5 -22.0 2.99 48.79 -21.85 0.245 0x0000FF
5.81 51.72 -22.3 4.46 50.5 -22.0 0.245 0x0000FF
7.28 52.93 -22.6 5.81 51.72 -22.3 0.245 0x0000FF
8.26 54.64 -22.91 7.28 52.93 -22.6 0.245 0x0000FF
9.36 55.98 -23.13 8.26 54.64 -22.91 0.245 0x0000FF
10.1 57.93 -23.44 9.36 55.98 -23.13 0.245 0x0000FF
10.84 59.75 -23.82 10.1 57.93 -23.44 0.245 0x0000FF
12.07 61.21 -24.19 10.84 59.75 -23.82 0.245 0x0000FF
12.93 63.16 -24.42 12.07 61.21 -24.19 0.245 0x0000FF
14.15 64.5 -24.65 12.93 63.16 -24.42 0.245 0x0000FF
15.87 65.84 -24.88 14.15 64.5 -24.65 0.245 0x0000FF
16.97 67.3 -25.1 15.87 65.84 -24.88 0.245 0x0000FF
18.07 69.37 -25.41 16.97 67.3 -25.1 0.245 0x0000FF
20.04 70.47 -25.71 18.07 69.37 -25.41 0.245 0x0000FF
-34.35 -12.07 -4.5 -35.45 -12.2 -4.2 0.37 0x0000FF
-32.63 -12.07 -4.42 -34.35 -12.07 -4.5 0.37 0x0000FF
-31.28 -11.83 -4.26 -32.63 -12.07 -4.42 0.37 0x0000FF
-29.69 -10.98 -3.82 -31.28 -11.83 -4.26 0.37 0x0000FF
-28.95 -10.13 -3.44 -29.69 -10.98 -3.82 0.37 0x0000FF
-28.21 -8.67 -3.06 -28.95 -10.13 -3.44 0.37 0x0000FF
-26.99 -7.94 -3.06 -28.21 -8.67 -3.06 0.305 0x0000FF
-26.01 -6.72 -2.98 -26.99 -7.94 -3.06 0.245 0x0000FF
-25.27 -6.23 -3.14 -26.01 -6.72 -2.98 0.305 0x0000FF
-24.53 -5.5 -3.14 -25.27 -6.23 -3.14 0.305 0x0000FF
-22.94 -4.28 -3.06 -24.53 -5.5 -3.14 0.305 0x0000FF
-21.22 -2.7 -2.91 -22.94 -4.28 -3.06 0.305 0x0000FF
-19.51 -1.6 -2.68 -21.22 -2.7 -2.91 0.305 0x0000FF
-18.52 -0.02 -2.29 -19.51 -1.6 -2.68 0.305 0x0000FF
-17.42 0.95 -2.23 -18.52 -0.02 -2.29 0.305 0x0000FF
-16.55 2.04 -2.0 -17.42 0.95 -2.23 0.305 0x0000FF
-14.84 3.14 -1.92 -16.55 2.04 -2.0 0.305 0x0000FF
-13.49 3.87 -1.62 -14.84 3.14 -1.92 0.305 0x0000FF
-12.76 5.09 -1.39 -13.49 3.87 -1.62 0.305 0x0000FF
-11.9 6.31 -1.24 -12.76 5.09 -1.39 0.305 0x0000FF
-11.78 7.77 -0.86 -11.9 6.31 -1.24 0.305 0x0000FF
-10.92 9.35 -0.56 -11.78 7.77 -0.86 0.305 0x0000FF
-9.19 10.94 -0.33 -10.92 9.35 -0.56 0.305 0x0000FF
-7.85 12.15 0.05 -9.19 10.94 -0.33 0.305 0x0000FF
-6.87 13.61 0.27 -7.85 12.15 0.05 0.305 0x0000FF
-5.77 14.59 0.27 -6.87 13.61 0.27 0.245 0x0000FF
-4.66 15.93 0.5 -5.77 14.59 0.27 0.245 0x0000FF
-4.17 17.02 0.8 -4.66 15.93 0.5 0.245 0x0000FF
-2.94 18.0 1.03 -4.17 17.02 0.8 0.245 0x0000FF
-1.96 19.22 1.18 -2.94 18.0 1.03 0.245 0x0000FF
-0.98 20.68 1.33 -1.96 19.22 1.18 0.245 0x0000FF
0.24 21.77 1.48 -0.98 20.68 1.33 0.245 0x0000FF
1.35 22.87 1.64 0.24 21.77 1.48 0.245 0x0000FF
2.21 24.09 1.71 1.35 22.87 1.64 0.245 0x0000FF
3.19 25.55 1.94 2.21 24.09 1.71 0.245 0x0000FF
4.42 26.89 2.0 3.19 25.55 1.94 0.245 0x0000FF
5.64 27.74 2.24 4.42 26.89 2.0 0.245 0x0000FF
6.87 28.96 2.31 5.64 27.74 2.24 0.245 0x0000FF
8.1 30.54 2.54 6.87 28.96 2.31 0.245 0x0000FF
10.06 32.11 2.62 8.1 30.54 2.54 0.245 0x0000FF
11.04 32.61 2.77 10.06 32.11 2.62 0.245 0x0000FF
11.9 33.83 2.85 11.04 32.61 2.77 0.245 0x0000FF
13.37 34.79 2.92 11.9 33.83 2.85 0.245 0x0000FF
14.72 36.75 3.23 13.37 34.79 2.92 0.245 0x0000FF
15.95 38.09 3.38 14.72 36.75 3.23 0.245 0x0000FF
16.93 39.9 3.53 15.95 38.09 3.38 0.245 0x0000FF
18.39 41.5 3.76 16.93 39.9 3.53 0.245 0x0000FF
19.5 43.2 3.83 18.39 41.5 3.76 0.245 0x0000FF
19.75 45.03 4.05 19.5 43.2 3.83 0.245 0x0000FF
20.12 46.73 4.13 19.75 45.03 4.05 0.245 0x0000FF
20.85 48.44 4.29 20.12 46.73 4.13 0.245 0x0000FF
22.2 49.77 4.36 20.85 48.44 4.29 0.245 0x0000FF
22.94 52.45 4.44 22.2 49.77 4.36 0.245 0x0000FF
22.94 54.04 4.59 22.94 52.45 4.44 0.245 0x0000FF
22.94 55.25 4.67 22.94 54.04 4.59 0.245 0x0000FF
22.94 56.11 4.74 22.94 55.25 4.67 0.245 0x0000FF
22.98 58.04 4.82 22.94 56.11 4.74 0.245 0x0000FF
23.72 60.72 4.88 22.98 58.04 4.82 0.245 0x0000FF
23.84 62.79 5.04 23.72 60.72 4.88 0.245 0x0000FF
24.7 64.73 5.2 23.84 62.79 5.04 0.245 0x0000FF
25.68 66.56 5.27 24.7 64.73 5.2 0.245 0x0000FF
27.03 68.63 5.42 25.68 66.56 5.27 0.245 0x0000FF
27.64 70.09 5.58 27.03 68.63 5.42 0.245 0x0000FF
28.63 71.68 5.73 27.64 70.09 5.58 0.245 0x0000FF
29.73 72.77 5.88 28.63 71.68 5.73 0.245 0x0000FF
30.96 74.11 5.95 29.73 72.77 5.88 0.245 0x0000FF
32.43 74.95 6.03 30.96 74.11 5.95 0.245 0x0000FF
33.29 76.06 6.11 32.43 74.95 6.03 0.245 0x0000FF
33.9 77.03 6.11 33.29 76.06 6.11 0.245 0x0000FF
-40.4 -12.12 -4.42 -40.15 -13.58 -4.34 0.49 0x0000FF
-40.4 -10.78 -4.42 -40.4 -12.12 -4.42 0.49 0x0000FF
-40.04 -9.57 -4.26 -40.4 -10.78 -4.42 0.49 0x0000FF
-40.04 -8.35 -4.26 -40.04 -9.57 -4.26 0.43 0x0000FF
-39.01 -6.57 -4.42 -40.04 -8.35 -4.26 0.305 0x0000FF
-38.52 -5.36 -4.73 -39.01 -6.57 -4.42 0.305 0x0000FF
-38.15 -4.26 -5.33 -38.52 -5.36 -4.73 0.305 0x0000FF
-37.65 -2.92 -5.56 -38.15 -4.26 -5.33 0.305 0x0000FF
-37.29 -1.58 -5.86 -37.65 -2.92 -5.56 0.305 0x0000FF
-37.04 -0.73 -6.09 -37.29 -1.58 -5.86 0.305 0x0000FF
-36.31 0.24 -6.32 -37.04 -0.73 -6.09 0.305 0x0000FF
-36.38 1.74 -6.62 -36.31 0.24 -6.32 0.305 0x0000FF
-36.14 3.69 -6.7 -36.38 1.74 -6.62 0.305 0x0000FF
-35.4 5.64 -6.77 -36.14 3.69 -6.7 0.305 0x0000FF
-34.9 7.1 -6.92 -35.4 5.64 -6.77 0.305 0x0000FF
-34.79 9.05 -7.15 -34.9 7.1 -6.92 0.305 0x0000FF
-34.29 10.87 -7.38 -34.79 9.05 -7.15 0.305 0x0000FF
-33.93 12.58 -7.61 -34.29 10.87 -7.38 0.305 0x0000FF
-32.83 13.92 -7.76 -33.93 12.58 -7.61 0.305 0x0000FF
-32.7 15.87 -7.91 -32.83 13.92 -7.76 0.305 0x0000FF
-32.58 17.69 -8.14 -32.7 15.87 -7.91 0.305 0x0000FF
-32.58 18.79 -8.36 -32.58 17.69 -8.14 0.305 0x0000FF
-32.58 20.37 -8.89 -32.58 18.79 -8.36 0.305 0x0000FF
-32.58 22.32 -9.11 -32.58 20.37 -8.89 0.305 0x0000FF
-32.58 23.05 -9.19 -32.58 22.32 -9.11 0.245 0x0000FF
-32.46 24.51 -9.57 -32.58 23.05 -9.19 0.245 0x0000FF
-32.21 25.48 -10.02 -32.46 24.51 -9.57 0.245 0x0000FF
-31.97 26.58 -10.33 -32.21 25.48 -10.02 0.245 0x0000FF
-31.72 27.31 -10.79 -31.97 26.58 -10.33 0.245 0x0000FF
-31.6 28.53 -11.17 -31.72 27.31 -10.79 0.245 0x0000FF
-31.23 30.23 -11.47 -31.6 28.53 -11.17 0.245 0x0000FF
-30.13 31.08 -11.54 -31.23 30.23 -11.47 0.245 0x0000FF
-28.9 32.67 -11.85 -30.13 31.08 -11.54 0.245 0x0000FF
-28.53 34.25 -12.15 -28.9 32.67 -11.85 0.245 0x0000FF
-28.29 36.08 -12.6 -28.53 34.25 -12.15 0.245 0x0000FF
-28.17 38.63 -12.98 -28.29 36.08 -12.6 0.245 0x0000FF
-27.8 40.34 -13.21 -28.17 38.63 -12.98 0.245 0x0000FF
-26.94 42.16 -13.59 -27.8 40.34 -13.21 0.245 0x0000FF
-26.94 43.75 -13.97 -26.94 42.16 -13.59 0.245 0x0000FF
-26.69 45.21 -14.35 -26.94 43.75 -13.97 0.245 0x0000FF
-25.96 46.79 -14.5 -26.69 45.21 -14.35 0.245 0x0000FF
-25.71 48.62 -14.95 -25.96 46.79 -14.5 0.245 0x0000FF
-25.59 49.71 -15.41 -25.71 48.62 -14.95 0.245 0x0000FF
-25.34 51.05 -15.79 -25.59 49.71 -15.41 0.245 0x0000FF
-24.85 52.39 -16.09 -25.34 51.05 -15.79 0.245 0x0000FF
-24.73 53.61 -16.54 -24.85 52.39 -16.09 0.245 0x0000FF
-24.24 54.83 -17.14 -24.73 53.61 -16.54 0.245 0x0000FF
-23.99 55.68 -17.68 -24.24 54.83 -17.14 0.245 0x0000FF
-23.14 57.26 -18.05 -23.99 55.68 -17.68 0.245 0x0000FF
-22.28 57.87 -18.51 -23.14 57.26 -18.05 0.245 0x0000FF
-21.3 58.24 -18.82 -22.28 57.87 -18.51 0.245 0x0000FF
-20.19 58.6 -19.27 -21.3 58.24 -18.82 0.245 0x0000FF
-19.57 59.45 -19.73 -20.19 58.6 -19.27 0.245 0x0000FF
-35.21 1.46 -6.32 -36.31 0.24 -6.32 0.245 0x0000FF
-34.47 2.56 -6.62 -35.21 1.46 -6.32 0.245 0x0000FF
-33.86 3.65 -7.08 -34.47 2.56 -6.62 0.245 0x0000FF
-33.0 4.63 -7.38 -33.86 3.65 -7.08 0.245 0x0000FF
-32.75 6.7 -7.68 -33.0 4.63 -7.38 0.245 0x0000FF
-32.26 7.91 -7.76 -32.75 6.7 -7.68 0.245 0x0000FF
-31.4 9.13 -8.14 -32.26 7.91 -7.76 0.245 0x0000FF
-30.91 10.35 -8.36 -31.4 9.13 -8.14 0.245 0x0000FF
-29.81 11.69 -8.67 -30.91 10.35 -8.36 0.245 0x0000FF
-29.2 12.91 -8.89 -29.81 11.69 -8.67 0.245 0x0000FF
-29.2 14.12 -9.35 -29.2 12.91 -8.89 0.245 0x0000FF
-29.07 14.98 -9.8 -29.2 14.12 -9.35 0.245 0x0000FF
-28.95 16.8 -10.18 -29.07 14.98 -9.8 0.245 0x0000FF
-27.85 18.87 -10.26 -28.95 16.8 -10.18 0.245 0x0000FF
-26.25 20.32 -10.33 -27.85 18.87 -10.26 0.245 0x0000FF
-25.02 22.4 -10.64 -26.25 20.32 -10.33 0.245 0x0000FF
-24.04 23.98 -10.79 -25.02 22.4 -10.64 0.245 0x0000FF
-23.14 25.0 -11.01 -24.04 23.98 -10.79 0.245 0x0000FF
-22.65 25.73 -11.47 -23.14 25.0 -11.01 0.245 0x0000FF
-21.79 27.43 -11.7 -22.65 25.73 -11.47 0.245 0x0000FF
-20.81 28.89 -12.3 -21.79 27.43 -11.7 0.245 0x0000FF
-20.19 30.72 -12.83 -20.81 28.89 -12.3 0.245 0x0000FF
-18.97 32.29 -13.29 -20.19 30.72 -12.83 0.245 0x0000FF
-17.73 33.76 -13.82 -18.97 32.29 -13.29 0.245 0x0000FF
-17.0 34.86 -14.35 -17.73 33.76 -13.82 0.245 0x0000FF
-15.9 36.2 -14.57 -17.0 34.86 -14.35 0.245 0x0000FF
-14.79 37.17 -14.73 -15.9 36.2 -14.57 0.245 0x0000FF
-14.06 38.63 -15.26 -14.79 37.17 -14.73 0.245 0x0000FF
-13.57 39.36 -15.63 -14.06 38.63 -15.26 0.245 0x0000FF
-12.22 40.7 -15.94 -13.57 39.36 -15.63 0.245 0x0000FF
-11.36 41.43 -16.09 -12.22 40.7 -15.94 0.245 0x0000FF
-10.26 42.53 -16.23 -11.36 41.43 -16.09 0.245 0x0000FF
-9.02 43.38 -16.54 -10.26 42.53 -16.23 0.245 0x0000FF
-8.28 44.6 -16.85 -9.02 43.38 -16.54 0.245 0x0000FF
-7.56 45.69 -17.3 -8.28 44.6 -16.85 0.245 0x0000FF
-6.58 46.79 -17.76 -7.56 45.69 -17.3 0.245 0x0000FF
-5.84 47.89 -18.13 -6.58 46.79 -17.76 0.245 0x0000FF
-4.37 49.71 -18.13 -5.84 47.89 -18.13 0.245 0x0000FF
-2.52 51.17 -18.59 -4.37 49.71 -18.13 0.245 0x0000FF
-1.42 52.03 -19.12 -2.52 51.17 -18.59 0.245 0x0000FF
0.28 53.49 -19.35 -1.42 52.03 -19.12 0.245 0x0000FF
1.14 54.7 -19.64 0.28 53.49 -19.35 0.245 0x0000FF
2.75 55.92 -19.88 1.14 54.7 -19.64 0.245 0x0000FF
3.61 57.38 -20.26 2.75 55.92 -19.88 0.245 0x0000FF
4.22 58.6 -20.63 3.61 57.38 -20.26 0.245 0x0000FF
4.71 59.57 -21.16 4.22 58.6 -20.63 0.245 0x0000FF
-40.28 -6.77 -4.2 -40.04 -8.35 -4.26 0.37 0x0000FF
-40.28 -5.05 -4.05 -40.28 -6.77 -4.2 0.37 0x0000FF
-40.77 -3.97 -3.67 -40.28 -5.05 -4.05 0.37 0x0000FF
-41.02 -2.87 -3.67 -40.77 -3.97 -3.67 0.37 0x0000FF
-41.14 -1.29 -3.36 -41.02 -2.87 -3.67 0.37 0x0000FF
-41.39 0.05 -3.06 -41.14 -1.29 -3.36 0.37 0x0000FF
-41.51 1.03 -2.61 -41.39 0.05 -3.06 0.37 0x0000FF
-42.12 2.12 -2.29 -41.51 1.03 -2.61 0.245 0x0000FF
-42.86 3.1 -1.85 -42.12 2.12 -2.29 0.37 0x0000FF
-43.84 4.07 -1.39 -42.86 3.1 -1.85 0.305 0x0000FF
-45.31 4.8 -1.09 -43.84 4.07 -1.39 0.305 0x0000FF
-46.91 6.02 -0.71 -45.31 4.8 -1.09 0.305 0x0000FF
-48.5 6.75 -0.48 -46.91 6.02 -0.71 0.305 0x0000FF
-49.48 7.36 -0.11 -48.5 6.75 -0.48 0.305 0x0000FF
-50.95 7.97 0.12 -49.48 7.36 -0.11 0.305 0x0000FF
-52.43 8.57 0.35 -50.95 7.97 0.12 0.305 0x0000FF
-53.78 9.3 0.65 -52.43 8.57 0.35 0.305 0x0000FF
-54.88 9.67 0.88 -53.78 9.3 0.65 0.305 0x0000FF
-55.98 10.16 1.18 -54.88 9.67 0.88 0.305 0x0000FF
-56.97 10.4 1.33 -55.98 10.16 1.18 0.305 0x0000FF
-58.19 10.77 1.48 -56.97 10.4 1.33 0.305 0x0000FF
-59.42 11.25 1.71 -58.19 10.77 1.48 0.305 0x0000FF
-60.89 11.74 1.79 -59.42 11.25 1.71 0.245 0x0000FF
-62.12 12.23 1.94 -60.89 11.74 1.79 0.245 0x0000FF
-63.59 12.47 2.47 -62.12 12.23 1.94 0.245 0x0000FF
-64.56 12.96 2.62 -63.59 12.47 2.47 0.245 0x0000FF
-65.18 13.32 2.85 -64.56 12.96 2.62 0.245 0x0000FF
-66.29 13.81 3.15 -65.18 13.32 2.85 0.245 0x0000FF
-67.64 14.54 3.45 -66.29 13.81 3.15 0.245 0x0000FF
-68.73 15.51 3.61 -67.64 14.54 3.45 0.245 0x0000FF
-69.11 16.97 3.76 -68.73 15.51 3.61 0.245 0x0000FF
-69.36 18.3 4.05 -69.11 16.97 3.76 0.245 0x0000FF
-69.36 19.41 4.36 -69.36 18.3 4.05 0.245 0x0000FF
-69.97 20.87 4.67 -69.36 19.41 4.36 0.245 0x0000FF
-69.97 21.72 5.04 -69.97 20.87 4.67 0.245 0x0000FF
-70.34 22.33 5.27 -69.97 21.72 5.04 0.245 0x0000FF
-70.34 23.67 5.5 -70.34 22.33 5.27 0.245 0x0000FF
-70.55 24.94 5.8 -70.34 23.67 5.5 0.245 0x0000FF
-71.29 26.04 6.03 -70.55 24.94 5.8 0.245 0x0000FF
-71.53 27.5 6.26 -71.29 26.04 6.03 0.245 0x0000FF
-71.53 28.59 6.56 -71.53 27.5 6.26 0.245 0x0000FF
-71.78 29.93 6.79 -71.53 28.59 6.56 0.245 0x0000FF
-71.78 30.66 6.94 -71.78 29.93 6.79 0.245 0x0000FF
-71.78 31.39 7.01 -71.78 30.66 6.94 0.245 0x0000FF
-72.27 32.49 7.24 -71.78 31.39 7.01 0.245 0x0000FF
-69.69 15.81 3.91 -68.73 15.51 3.61 0.245 0x0000FF
-71.41 16.05 3.98 -69.69 15.81 3.91 0.245 0x0000FF
-73.25 16.54 4.29 -71.41 16.05 3.98 0.245 0x0000FF
-74.23 16.66 4.67 -73.25 16.54 4.29 0.245 0x0000FF
-74.97 16.66 4.97 -74.23 16.66 4.67 0.245 0x0000FF
-76.06 17.27 5.27 -74.97 16.66 4.97 0.245 0x0000FF
-77.05 17.76 5.65 -76.06 17.27 5.27 0.245 0x0000FF
-78.53 18.61 5.88 -77.05 17.76 5.65 0.245 0x0000FF
-79.51 19.57 6.03 -78.53 18.61 5.88 0.245 0x0000FF
-80.0 20.07 6.41 -79.51 19.57 6.03 0.245 0x0000FF
-80.73 20.92 6.71 -80.0 20.07 6.41 0.245 0x0000FF
-81.23 21.53 6.94 -80.73 20.92 6.71 0.245 0x0000FF
-82.21 22.51 7.09 -81.23 21.53 6.94 0.245 0x0000FF
-82.45 24.09 7.24 -82.21 22.51 7.09 0.245 0x0000FF
-83.07 25.79 7.47 -82.45 24.09 7.24 0.245 0x0000FF
-83.92 27.25 7.54 -83.07 25.79 7.47 0.245 0x0000FF
-85.03 28.84 7.85 -83.92 27.25 7.54 0.245 0x0000FF
-85.64 30.05 8.07 -85.03 28.84 7.85 0.245 0x0000FF
-86.75 31.39 8.23 -85.64 30.05 8.07 0.245 0x0000FF
-87.85 32.49 8.38 -86.75 31.39 8.23 0.245 0x0000FF
-89.08 33.46 8.52 -87.85 32.49 8.38 0.245 0x0000FF
-90.18 34.07 8.76 -89.08 33.46 8.52 0.245 0x0000FF
-91.16 34.92 8.91 -90.18 34.07 8.76 0.245 0x0000FF
-93.12 35.78 8.98 -91.16 34.92 8.91 0.185 0x0000FF
-94.6 36.51 9.21 -93.12 35.78 8.98 0.185 0x0000FF
-95.58 36.63 9.67 -94.6 36.51 9.21 0.185 0x0000FF
-96.44 37.11 9.89 -95.58 36.63 9.67 0.185 0x0000FF
-97.79 37.47 10.19 -96.44 37.11 9.89 0.185 0x0000FF
-99.26 38.21 10.42 -97.79 37.47 10.19 0.185 0x0000FF
-100.36 38.58 10.65 -99.26 38.21 10.42 0.185 0x0000FF
-101.34 38.94 10.73 -100.36 38.58 10.65 0.185 0x0000FF
-102.69 39.79 10.95 -101.34 38.94 10.73 0.185 0x0000FF
-103.92 40.52 11.26 -102.69 39.79 10.95 0.185 0x0000FF
-105.02 41.62 11.48 -103.92 40.52 11.26 0.185 0x0000FF
-106.25 42.47 11.71 -105.02 41.62 11.48 0.185 0x0000FF
-107.6 43.45 11.86 -106.25 42.47 11.71 0.185 0x0000FF
-108.58 44.3 12.01 -107.6 43.45 11.86 0.185 0x0000FF
-109.44 45.03 12.39 -108.58 44.3 12.01 0.185 0x0000FF
-110.3 45.52 12.62 -109.44 45.03 12.39 0.185 0x0000FF
-111.4 46.37 12.85 -110.3 45.52 12.62 0.185 0x0000FF
-112.63 47.1 13.07 -111.4 46.37 12.85 0.185 0x0000FF
-113.73 47.46 13.3 -112.63 47.1 13.07 0.185 0x0000FF
-114.84 48.2 13.45 -113.73 47.46 13.3 0.185 0x0000FF
-115.57 49.05 13.6 -114.84 48.2 13.45 0.185 0x0000FF
-116.55 49.78 13.76 -115.57 49.05 13.6 0.185 0x0000FF
-117.66 50.63 13.83 -116.55 49.78 13.76 0.185 0x0000FF
-118.89 51.24 13.91 -117.66 50.63 13.83 0.185 0x0000FF
-39.88 -45.14 -5.33 -44.66 -39.41 -0.65 0.735 0x0000FF
-39.39 -45.63 -5.26 -39.88 -45.14 -5.33 0.735 0x0000FF
-39.15 -45.99 -5.56 -39.39 -45.63 -5.26 0.735 0x0000FF
-38.65 -46.6 -6.17 -39.15 -45.99 -5.56 0.735 0x0000FF
-38.15 -47.09 -6.77 -38.65 -46.6 -6.17 0.735 0x0000FF
-37.43 -47.94 -7.15 -38.15 -47.09 -6.77 0.735 0x0000FF
-36.81 -48.55 -7.38 -37.43 -47.94 -7.15 0.735 0x0000FF
-35.96 -49.28 -7.68 -36.81 -48.55 -7.38 0.735 0x0000FF
-35.1 -49.65 -8.14 -35.96 -49.28 -7.68 0.735 0x0000FF
-34.11 -50.25 -8.28 -35.1 -49.65 -8.14 0.735 0x0000FF
-33.5 -50.62 -8.51 -34.11 -50.25 -8.28 0.735 0x0000FF
-31.87 -50.49 -8.89 -33.5 -50.62 -8.51 0.37 0x0000FF
-30.76 -50.49 -9.11 -31.87 -50.49 -8.89 0.37 0x0000FF
-29.53 -50.37 -9.42 -30.76 -50.49 -9.11 0.37 0x0000FF
-28.19 -50.37 -10.02 -29.53 -50.37 -9.42 0.37 0x0000FF
-26.59 -50.37 -10.33 -28.19 -50.37 -10.02 0.37 0x0000FF
-25.49 -50.37 -10.64 -26.59 -50.37 -10.33 0.37 0x0000FF
-24.51 -50.12 -10.94 -25.49 -50.37 -10.64 0.37 0x0000FF
-23.65 -50.12 -11.17 -24.51 -50.12 -10.94 0.37 0x0000FF
-22.54 -50.12 -11.47 -23.65 -50.12 -11.17 0.37 0x0000FF
-21.68 -50.12 -11.85 -22.54 -50.12 -11.47 0.37 0x0000FF
-20.83 -50.25 -12.23 -21.68 -50.12 -11.85 0.37 0x0000FF
-19.72 -50.25 -12.45 -20.83 -50.25 -12.23 0.37 0x0000FF
-18.48 -50.12 -12.76 -19.72 -50.25 -12.45 0.37 0x0000FF
-17.14 -50.12 -13.14 -18.48 -50.12 -12.76 0.37 0x0000FF
-16.04 -50.25 -13.44 -17.14 -50.12 -13.14 0.37 0x0000FF
-15.31 -50.25 -13.67 -16.04 -50.25 -13.44 0.37 0x0000FF
-13.94 -50.1 -13.89 -15.31 -50.25 -13.67 0.305 0x0000FF
-12.96 -49.73 -14.2 -13.94 -50.1 -13.89 0.305 0x0000FF
-12.22 -49.49 -14.42 -12.96 -49.73 -14.2 0.305 0x0000FF
-10.75 -48.88 -14.95 -12.22 -49.49 -14.42 0.305 0x0000FF
-9.77 -48.88 -15.18 -10.75 -48.88 -14.95 0.305 0x0000FF
-8.78 -49.61 -15.1 -9.77 -48.88 -15.18 0.305 0x0000FF
-8.28 -50.22 -15.26 -8.78 -49.61 -15.1 0.305 0x0000FF
-7.31 -50.34 -15.71 -8.28 -50.22 -15.26 0.305 0x0000FF
-6.7 -50.83 -16.09 -7.31 -50.34 -15.71 0.305 0x0000FF
-5.96 -51.19 -16.47 -6.7 -50.83 -16.09 0.305 0x0000FF
-5.47 -51.92 -16.62 -5.96 -51.19 -16.47 0.245 0x0000FF
-4.25 -52.65 -16.77 -5.47 -51.92 -16.62 0.245 0x0000FF
-3.14 -53.02 -17.23 -4.25 -52.65 -16.77 0.245 0x0000FF
-2.27 -53.38 -17.6 -3.14 -53.02 -17.23 0.245 0x0000FF
-1.55 -54.11 -18.13 -2.27 -53.38 -17.6 0.245 0x0000FF
-0.81 -55.21 -18.13 -1.55 -54.11 -18.13 0.245 0x0000FF
-0.69 -56.18 -18.44 -0.81 -55.21 -18.13 0.245 0x0000FF
-0.56 -57.77 -18.82 -0.69 -56.18 -18.44 0.245 0x0000FF
0.05 -58.98 -19.12 -0.56 -57.77 -18.82 0.245 0x0000FF
1.03 -60.08 -19.35 0.05 -58.98 -19.12 0.245 0x0000FF
1.52 -60.45 -19.5 1.03 -60.08 -19.35 0.245 0x0000FF
-8.91 -47.78 -15.18 -9.77 -48.88 -15.18 0.245 0x0000FF
-8.42 -46.57 -15.63 -8.91 -47.78 -15.18 0.245 0x0000FF
-7.68 -45.84 -16.09 -8.42 -46.57 -15.63 0.245 0x0000FF
-7.07 -45.1 -16.32 -7.68 -45.84 -16.09 0.245 0x0000FF
-5.35 -44.25 -16.77 -7.07 -45.1 -16.32 0.245 0x0000FF
-4.86 -43.28 -17.0 -5.35 -44.25 -16.77 0.245 0x0000FF
-4.74 -41.82 -17.23 -4.86 -43.28 -17.0 0.245 0x0000FF
-3.88 -40.72 -17.45 -4.74 -41.82 -17.23 0.245 0x0000FF
-3.27 -39.75 -17.68 -3.88 -40.72 -17.45 0.245 0x0000FF
-2.77 -38.53 -18.05 -3.27 -39.75 -17.68 0.245 0x0000FF
-1.92 -37.07 -18.13 -2.77 -38.53 -18.05 0.245 0x0000FF
-1.79 -35.11 -18.51 -1.92 -37.07 -18.13 0.245 0x0000FF
-1.18 -33.65 -18.73 -1.79 -35.11 -18.51 0.245 0x0000FF
-0.69 -32.56 -18.97 -1.18 -33.65 -18.73 0.245 0x0000FF
-0.44 -30.49 -19.27 -0.69 -32.56 -18.97 0.245 0x0000FF
-0.2 -29.28 -19.64 -0.44 -30.49 -19.27 0.245 0x0000FF
-13.71 -51.46 -13.89 -15.31 -50.25 -13.67 0.37 0x0000FF
-12.12 -52.31 -14.04 -13.71 -51.46 -13.89 0.37 0x0000FF
-10.89 -52.92 -14.42 -12.12 -52.31 -14.04 0.37 0x0000FF
-9.66 -53.29 -14.73 -10.89 -52.92 -14.42 0.37 0x0000FF
-8.56 -53.65 -14.88 -9.66 -53.29 -14.73 0.37 0x0000FF
-7.33 -53.65 -15.26 -8.56 -53.65 -14.88 0.37 0x0000FF
-5.86 -54.26 -15.48 -7.33 -53.65 -15.26 0.305 0x0000FF
-4.38 -54.87 -15.71 -5.86 -54.26 -15.48 0.305 0x0000FF
-2.54 -55.6 -16.01 -4.38 -54.87 -15.71 0.305 0x0000FF
-0.83 -55.85 -16.32 -2.54 -55.6 -16.01 0.305 0x0000FF
0.27 -55.97 -16.62 -0.83 -55.85 -16.32 0.305 0x0000FF
1.62 -56.45 -16.85 0.27 -55.97 -16.62 0.305 0x0000FF
3.1 -56.58 -17.07 1.62 -56.45 -16.85 0.305 0x0000FF
4.94 -57.43 -17.23 3.1 -56.58 -17.07 0.305 0x0000FF
6.28 -58.16 -17.38 4.94 -57.43 -17.23 0.305 0x0000FF
8.36 -58.4 -17.6 6.28 -58.16 -17.38 0.305 0x0000FF
9.72 -58.4 -17.76 8.36 -58.4 -17.6 0.305 0x0000FF
10.95 -58.52 -17.82 9.72 -58.4 -17.76 0.305 0x0000FF
12.54 -58.65 -17.98 10.95 -58.52 -17.82 0.305 0x0000FF
14.14 -58.89 -18.29 12.54 -58.65 -17.98 0.305 0x0000FF
15.49 -59.38 -18.66 14.14 -58.89 -18.29 0.305 0x0000FF
16.34 -59.62 -19.2 15.49 -59.38 -18.66 0.305 0x0000FF
17.32 -60.23 -19.8 16.34 -59.62 -19.2 0.305 0x0000FF
18.05 -60.59 -20.1 17.32 -60.23 -19.8 0.305 0x0000FF
19.17 -61.93 -20.1 18.05 -60.59 -20.1 0.245 0x0000FF
20.39 -63.27 -20.32 19.17 -61.93 -20.1 0.245 0x0000FF
21.86 -64.61 -20.63 20.39 -63.27 -20.32 0.245 0x0000FF
22.97 -65.95 -20.86 21.86 -64.61 -20.63 0.245 0x0000FF
23.7 -67.05 -21.09 22.97 -65.95 -20.86 0.245 0x0000FF
25.05 -68.51 -21.39 23.7 -67.05 -21.09 0.245 0x0000FF
26.03 -69.23 -21.62 25.05 -68.51 -21.39 0.245 0x0000FF
27.14 -69.73 -22.0 26.03 -69.23 -21.62 0.245 0x0000FF
28.12 -70.33 -22.3 27.14 -69.73 -22.0 0.245 0x0000FF
29.35 -70.58 -22.68 28.12 -70.33 -22.3 0.245 0x0000FF
30.45 -71.55 -22.83 29.35 -70.58 -22.68 0.245 0x0000FF
32.29 -72.28 -23.06 30.45 -71.55 -22.83 0.245 0x0000FF
34.38 -72.65 -23.44 32.29 -72.28 -23.06 0.245 0x0000FF
35.6 -72.89 -23.74 34.38 -72.65 -23.44 0.245 0x0000FF
36.83 -73.01 -23.97 35.6 -72.89 -23.74 0.245 0x0000FF
38.29 -73.13 -24.27 36.83 -73.01 -23.97 0.245 0x0000FF
39.15 -73.73 -24.42 38.29 -73.13 -24.27 0.245 0x0000FF
40.39 -73.86 -24.5 39.15 -73.73 -24.42 0.245 0x0000FF
42.37 -74.31 -24.57 40.39 -73.86 -24.5 0.245 0x0000FF
43.72 -74.31 -24.8 42.37 -74.31 -24.57 0.245 0x0000FF
44.58 -73.95 -25.03 43.72 -74.31 -24.8 0.245 0x0000FF
46.05 -73.72 -25.18 44.58 -73.95 -25.03 0.245 0x0000FF
47.27 -73.23 -25.33 46.05 -73.72 -25.18 0.245 0x0000FF
49.24 -73.23 -25.79 47.27 -73.23 -25.33 0.245 0x0000FF
51.45 -73.23 -26.01 49.24 -73.23 -25.79 0.245 0x0000FF
53.04 -72.86 -26.32 51.45 -73.23 -26.01 0.245 0x0000FF
54.51 -72.86 -26.47 53.04 -72.86 -26.32 0.245 0x0000FF
56.48 -72.86 -26.54 54.51 -72.86 -26.47 0.245 0x0000FF
58.07 -73.72 -26.69 56.48 -72.86 -26.54 0.245 0x0000FF
59.05 -73.72 -26.77 58.07 -73.72 -26.69 0.245 0x0000FF
-32.89 -52.45 -8.51 -33.5 -50.62 -8.51 0.55 0x0000FF
-32.03 -53.66 -8.67 -32.89 -52.45 -8.51 0.55 0x0000FF
-31.54 -54.27 -8.97 -32.03 -53.66 -8.67 0.55 0x0000FF
-30.8 -55.12 -8.97 -31.54 -54.27 -8.97 0.49 0x0000FF
-30.31 -55.73 -9.11 -30.8 -55.12 -8.97 0.49 0x0000FF
-29.94 -57.07 -9.27 -30.31 -55.73 -9.11 0.49 0x0000FF
-29.04 -57.43 -8.97 -29.94 -57.07 -9.27 0.305 0x0000FF
-28.06 -57.67 -8.36 -29.04 -57.43 -8.97 0.305 0x0000FF
-27.2 -57.92 -7.91 -28.06 -57.67 -8.36 0.305 0x0000FF
-26.22 -57.92 -7.61 -27.2 -57.92 -7.91 0.305 0x0000FF
-25.24 -58.52 -7.38 -26.22 -57.92 -7.61 0.305 0x0000FF
-24.38 -58.77 -7.08 -25.24 -58.52 -7.38 0.305 0x0000FF
-23.65 -58.77 -6.77 -24.38 -58.77 -7.08 0.305 0x0000FF
-22.79 -59.01 -6.54 -23.65 -58.77 -6.77 0.305 0x0000FF
-21.56 -59.38 -6.17 -22.79 -59.01 -6.54 0.305 0x0000FF
-20.46 -59.86 -6.01 -21.56 -59.38 -6.17 0.305 0x0000FF
-19.72 -60.35 -5.79 -20.46 -59.86 -6.01 0.305 0x0000FF
-18.86 -60.96 -5.56 -19.72 -60.35 -5.79 0.305 0x0000FF
-17.88 -61.08 -5.26 -18.86 -60.96 -5.56 0.305 0x0000FF
-16.89 -61.2 -5.11 -17.88 -61.08 -5.26 0.305 0x0000FF
-16.04 -62.54 -4.95 -16.89 -61.2 -5.11 0.305 0x0000FF
-15.31 -63.27 -4.73 -16.04 -62.54 -4.95 0.305 0x0000FF
-14.08 -63.88 -4.42 -15.31 -63.27 -4.73 0.305 0x0000FF
-13.71 -64.37 -4.26 -14.08 -63.88 -4.42 0.305 0x0000FF
-12.85 -64.86 -4.26 -13.71 -64.37 -4.26 0.245 0x0000FF
-11.87 -65.59 -4.05 -12.85 -64.86 -4.26 0.245 0x0000FF
-11.38 -65.83 -4.05 -11.87 -65.59 -4.05 0.245 0x0000FF
-10.77 -66.19 -3.67 -11.38 -65.83 -4.05 0.245 0x0000FF
-10.4 -66.44 -3.36 -10.77 -66.19 -3.67 0.245 0x0000FF
-10.02 -67.05 -2.98 -10.4 -66.44 -3.36 0.245 0x0000FF
-9.77 -67.05 -2.68 -10.02 -67.05 -2.98 0.245 0x0000FF
-9.28 -67.41 -2.38 -9.77 -67.05 -2.68 0.245 0x0000FF
-8.93 -67.66 -2.08 -9.28 -67.41 -2.38 0.245 0x0000FF
-8.56 -67.9 -1.85 -8.93 -67.66 -2.08 0.245 0x0000FF
-7.94 -67.9 -1.62 -8.56 -67.9 -1.85 0.245 0x0000FF
-7.82 -67.9 -1.39 -7.94 -67.9 -1.62 0.245 0x0000FF
-7.45 -67.9 -1.24 -7.82 -67.9 -1.39 0.245 0x0000FF
-7.09 -67.78 -1.02 -7.45 -67.9 -1.24 0.245 0x0000FF
-6.96 -67.66 -0.79 -7.09 -67.78 -1.02 0.245 0x0000FF
-6.84 -67.41 -0.56 -6.96 -67.66 -0.79 0.245 0x0000FF
-6.47 -67.05 -0.03 -6.84 -67.41 -0.56 0.245 0x0000FF
-30.19 -58.41 -9.27 -29.94 -57.07 -9.27 0.43 0x0000FF
-29.94 -59.02 -9.73 -30.19 -58.41 -9.27 0.43 0x0000FF
-29.7 -60.12 -9.94 -29.94 -59.02 -9.73 0.43 0x0000FF
-28.96 -61.33 -10.41 -29.7 -60.12 -9.94 0.43 0x0000FF
-28.72 -62.43 -10.79 -28.96 -61.33 -10.41 0.43 0x0000FF
-28.47 -63.04 -11.17 -28.72 -62.43 -10.79 0.43 0x0000FF
-28.1 -63.89 -11.17 -28.47 -63.04 -11.17 0.37 0x0000FF
-27.86 -64.98 -11.47 -28.1 -63.89 -11.17 0.37 0x0000FF
-27.86 -66.45 -11.62 -27.86 -64.98 -11.47 0.37 0x0000FF
-28.68 -68.63 -11.7 -27.86 -66.45 -11.62 0.37 0x0000FF
-29.17 -70.7 -12.07 -28.68 -68.63 -11.7 0.37 0x0000FF
-29.41 -72.4 -12.07 -29.17 -70.7 -12.07 0.305 0x0000FF
-29.41 -73.62 -12.45 -29.41 -72.4 -12.07 0.305 0x0000FF
-29.41 -74.72 -12.76 -29.41 -73.62 -12.45 0.305 0x0000FF
-29.41 -76.06 -13.14 -29.41 -74.72 -12.76 0.305 0x0000FF
-29.41 -77.64 -13.67 -29.41 -76.06 -13.14 0.305 0x0000FF
-29.66 -79.34 -13.97 -29.41 -77.64 -13.67 0.305 0x0000FF
-29.66 -81.17 -14.35 -29.66 -79.34 -13.97 0.305 0x0000FF
-29.9 -82.75 -14.73 -29.66 -81.17 -14.35 0.305 0x0000FF
-30.15 -83.73 -14.8 -29.9 -82.75 -14.73 0.245 0x0000FF
-30.27 -84.82 -15.1 -30.15 -83.73 -14.8 0.245 0x0000FF
-30.52 -86.28 -15.26 -30.27 -84.82 -15.1 0.245 0x0000FF
-31.13 -87.5 -15.71 -30.52 -86.28 -15.26 0.245 0x0000FF
-31.74 -89.33 -16.01 -31.13 -87.5 -15.71 0.245 0x0000FF
-32.11 -90.42 -16.39 -31.74 -89.33 -16.01 0.245 0x0000FF
-32.97 -92.13 -16.85 -32.11 -90.42 -16.39 0.245 0x0000FF
-33.34 -93.34 -16.92 -32.97 -92.13 -16.85 0.245 0x0000FF
-33.83 -95.41 -17.38 -33.34 -93.34 -16.92 0.245 0x0000FF
-34.56 -97.36 -17.91 -33.83 -95.41 -17.38 0.245 0x0000FF
-35.04 -98.82 -18.13 -34.56 -97.36 -17.91 0.245 0x0000FF
-35.04 -100.65 -18.51 -35.04 -98.82 -18.13 0.245 0x0000FF
-35.29 -102.35 -18.73 -35.04 -100.65 -18.51 0.245 0x0000FF
-36.15 -103.94 -18.82 -35.29 -102.35 -18.73 0.245 0x0000FF
-36.53 -105.52 -19.2 -36.15 -103.94 -18.82 0.245 0x0000FF
-37.14 -106.86 -19.5 -36.53 -105.52 -19.2 0.245 0x0000FF
-37.14 -107.95 -19.64 -37.14 -106.86 -19.5 0.245 0x0000FF
-37.78 -39.45 -0.33 -44.66 -39.41 -0.65 0.675 0x0000FF
-36.68 -39.45 -0.33 -37.78 -39.45 -0.33 0.675 0x0000FF
-35.57 -39.45 -0.33 -36.68 -39.45 -0.33 0.675 0x0000FF
-33.97 -39.45 -0.48 -35.57 -39.45 -0.33 0.675 0x0000FF
-32.51 -39.45 -0.71 -33.97 -39.45 -0.48 0.675 0x0000FF
-31.04 -39.45 -0.94 -32.51 -39.45 -0.71 0.675 0x0000FF
-28.83 -39.45 -0.56 -31.04 -39.45 -0.94 0.675 0x0000FF
-27.36 -39.57 -0.41 -28.83 -39.45 -0.56 0.675 0x0000FF
-25.76 -40.18 -0.03 -27.36 -39.57 -0.41 0.675 0x0000FF
-24.04 -40.42 0.2 -25.76 -40.18 -0.03 0.675 0x0000FF
-24.09 -40.67 0.2 -24.04 -40.42 0.2 0.675 0x0000FF
-22.45 -40.9 0.35 -24.09 -40.67 0.2 0.675 0x0000FF
-20.98 -41.4 0.57 -22.45 -40.9 0.35 0.675 0x0000FF
-19.75 -41.88 0.8 -20.98 -41.4 0.57 0.675 0x0000FF
-18.16 -42.25 0.88 -19.75 -41.88 0.8 0.615 0x0000FF
-16.55 -42.61 0.95 -18.16 -42.25 0.88 0.615 0x0000FF
-15.09 -42.86 1.18 -16.55 -42.61 0.95 0.615 0x0000FF
-13.74 -42.98 1.33 -15.09 -42.86 1.18 0.615 0x0000FF
-12.02 -43.47 1.41 -13.74 -42.98 1.33 0.615 0x0000FF
-10.3 -43.47 1.56 -12.02 -43.47 1.41 0.615 0x0000FF
-8.94 -43.47 1.64 -10.3 -43.47 1.56 0.55 0x0000FF
-7.48 -43.47 1.86 -8.94 -43.47 1.64 0.55 0x0000FF
-6.62 -43.59 2.17 -7.48 -43.47 1.86 0.55 0x0000FF
-5.15 -43.95 2.31 -6.62 -43.59 2.17 0.55 0x0000FF
-3.68 -44.32 2.54 -5.15 -43.95 2.31 0.55 0x0000FF
-2.82 -44.8 2.77 -3.68 -44.32 2.54 0.55 0x0000FF
-1.47 -45.53 3.0 -2.82 -44.8 2.77 0.55 0x0000FF
-0.61 -46.63 3.08 -1.47 -45.53 3.0 0.55 0x0000FF
0.37 -47.12 3.23 -0.61 -46.63 3.08 0.55 0x0000FF
2.33 -47.36 3.23 0.37 -47.12 3.23 0.43 0x0000FF
4.29 -47.36 3.45 2.33 -47.36 3.23 0.43 0x0000FF
5.64 -47.0 3.53 4.29 -47.36 3.45 0.37 0x0000FF
6.62 -46.51 3.68 5.64 -47.0 3.53 0.37 0x0000FF
7.61 -46.02 3.83 6.62 -46.51 3.68 0.37 0x0000FF
8.22 -44.68 3.91 7.61 -46.02 3.83 0.37 0x0000FF
8.59 -43.22 4.05 8.22 -44.68 3.91 0.37 0x0000FF
9.57 -42.37 4.59 8.59 -43.22 4.05 0.37 0x0000FF
10.18 -41.27 5.2 9.57 -42.37 4.59 0.37 0x0000FF
11.16 -40.42 5.58 10.18 -41.27 5.2 0.37 0x0000FF
11.65 -39.57 6.11 11.16 -40.42 5.58 0.37 0x0000FF
12.39 -38.72 6.41 11.65 -39.57 6.11 0.37 0x0000FF
13.0 -37.99 6.48 12.39 -38.72 6.41 0.305 0x0000FF
13.37 -37.13 6.86 13.0 -37.99 6.48 0.305 0x0000FF
13.86 -36.28 7.17 13.37 -37.13 6.86 0.305 0x0000FF
13.86 -35.31 7.39 13.86 -36.28 7.17 0.305 0x0000FF
14.35 -34.46 7.7 13.86 -35.31 7.39 0.305 0x0000FF
14.72 -33.47 7.92 14.35 -34.46 7.7 0.305 0x0000FF
15.95 -33.11 8.15 14.72 -33.47 7.92 0.305 0x0000FF
16.55 -32.26 8.38 15.95 -33.11 8.15 0.305 0x0000FF
17.79 -31.78 8.76 16.55 -32.26 8.38 0.305 0x0000FF
18.89 -31.78 9.14 17.79 -31.78 8.76 0.305 0x0000FF
20.49 -31.78 9.28 18.89 -31.78 9.14 0.305 0x0000FF
22.2 -32.26 9.59 20.49 -31.78 9.28 0.305 0x0000FF
23.55 -31.53 9.74 22.2 -32.26 9.59 0.305 0x0000FF
24.04 -31.17 10.27 23.55 -31.53 9.74 0.305 0x0000FF
24.78 -30.32 10.5 24.04 -31.17 10.27 0.305 0x0000FF
25.64 -29.46 10.8 24.78 -30.32 10.5 0.305 0x0000FF
26.25 -28.73 11.03 25.64 -29.46 10.8 0.305 0x0000FF
27.11 -28.25 11.33 26.25 -28.73 11.03 0.305 0x0000FF
27.97 -27.88 11.79 27.11 -28.25 11.33 0.305 0x0000FF
29.07 -27.27 11.86 27.97 -27.88 11.79 0.305 0x0000FF
30.73 -27.54 11.94 29.07 -27.27 11.86 0.245 0x0000FF
32.69 -27.29 12.24 30.73 -27.54 11.94 0.245 0x0000FF
33.79 -27.29 12.54 32.69 -27.29 12.24 0.245 0x0000FF
35.39 -26.56 12.85 33.79 -27.29 12.54 0.245 0x0000FF
36.74 -26.56 13.15 35.39 -26.56 12.85 0.245 0x0000FF
38.33 -26.56 13.38 36.74 -26.56 13.15 0.245 0x0000FF
40.04 -26.44 13.53 38.33 -26.56 13.38 0.245 0x0000FF
41.4 -26.2 13.6 40.04 -26.44 13.53 0.245 0x0000FF
42.87 -26.2 13.76 41.4 -26.2 13.6 0.245 0x0000FF
44.1 -26.44 13.98 42.87 -26.2 13.76 0.245 0x0000FF
45.45 -26.93 14.13 44.1 -26.44 13.98 0.245 0x0000FF
46.43 -26.93 14.21 45.45 -26.93 14.13 0.245 0x0000FF
47.29 -26.93 14.36 46.43 -26.93 14.21 0.245 0x0000FF
9.14 -45.8 3.76 7.61 -46.02 3.83 0.305 0x0000FF
10.49 -45.44 3.68 9.14 -45.8 3.76 0.305 0x0000FF
12.2 -44.58 3.45 10.49 -45.44 3.68 0.305 0x0000FF
13.68 -44.22 3.3 12.2 -44.58 3.45 0.305 0x0000FF
15.15 -43.73 3.0 13.68 -44.22 3.3 0.305 0x0000FF
16.5 -43.12 2.85 15.15 -43.73 3.0 0.305 0x0000FF
17.97 -42.27 2.62 16.5 -43.12 2.85 0.305 0x0000FF
19.32 -41.78 2.31 17.97 -42.27 2.62 0.305 0x0000FF
20.91 -41.05 1.86 19.32 -41.78 2.31 0.305 0x0000FF
22.75 -39.83 1.33 20.91 -41.05 1.86 0.305 0x0000FF
24.96 -39.22 0.88 22.75 -39.83 1.33 0.305 0x0000FF
26.68 -38.36 0.8 24.96 -39.22 0.88 0.305 0x0000FF
28.4 -37.76 0.05 26.68 -38.36 0.8 0.305 0x0000FF
30.11 -37.15 -0.64 28.4 -37.76 0.05 0.305 0x0000FF
31.71 -36.79 -0.33 30.11 -37.15 -0.64 0.305 0x0000FF
33.18 -36.43 0.65 31.71 -36.79 -0.33 0.305 0x0000FF
34.77 -35.7 1.26 33.18 -36.43 0.65 0.305 0x0000FF
35.88 -35.09 1.41 34.77 -35.7 1.26 0.305 0x0000FF
37.35 -34.84 1.56 35.88 -35.09 1.41 0.305 0x0000FF
38.95 -33.99 1.64 37.35 -34.84 1.56 0.245 0x0000FF
40.79 -33.26 1.94 38.95 -33.99 1.64 0.245 0x0000FF
42.26 -32.77 2.17 40.79 -33.26 1.94 0.245 0x0000FF
42.87 -32.29 2.39 42.26 -32.77 2.17 0.245 0x0000FF
44.1 -31.92 2.7 42.87 -32.29 2.39 0.245 0x0000FF
45.69 -31.68 2.92 44.1 -31.92 2.7 0.245 0x0000FF
46.31 -31.07 3.23 45.69 -31.68 2.92 0.245 0x0000FF
47.16 -30.83 3.53 46.31 -31.07 3.23 0.245 0x0000FF
47.78 -30.7 3.76 47.16 -30.83 3.53 0.245 0x0000FF
48.88 -30.7 3.98 47.78 -30.7 3.76 0.245 0x0000FF
50.48 -30.34 4.13 48.88 -30.7 3.98 0.245 0x0000FF
51.09 -30.09 4.29 50.48 -30.34 4.13 0.245 0x0000FF
52.44 -29.85 4.51 51.09 -30.09 4.29 0.245 0x0000FF
54.16 -29.85 4.74 52.44 -29.85 4.51 0.245 0x0000FF
55.26 -29.85 4.88 54.16 -29.85 4.74 0.245 0x0000FF
56.36 -29.73 4.97 55.26 -29.85 4.88 0.245 0x0000FF
0.8 -48.72 3.38 0.37 -47.12 3.23 0.305 0x0000FF
2.02 -50.06 3.08 0.8 -48.72 3.38 0.305 0x0000FF
3.0 -50.55 2.77 2.02 -50.06 3.08 0.305 0x0000FF
3.86 -51.16 2.31 3.0 -50.55 2.77 0.305 0x0000FF
5.21 -51.52 1.79 3.86 -51.16 2.31 0.305 0x0000FF
6.32 -52.38 1.26 5.21 -51.52 1.79 0.305 0x0000FF
7.42 -52.98 0.8 6.32 -52.38 1.26 0.305 0x0000FF
8.52 -53.71 0.42 7.42 -52.98 0.8 0.305 0x0000FF
9.5 -55.18 0.12 8.52 -53.71 0.42 0.305 0x0000FF
10.0 -56.27 0.05 9.5 -55.18 0.12 0.305 0x0000FF
10.98 -57.49 -0.56 10.0 -56.27 0.05 0.305 0x0000FF
12.2 -57.73 -0.79 10.98 -57.49 -0.56 0.305 0x0000FF
14.04 -58.46 -1.32 12.2 -57.73 -0.79 0.305 0x0000FF
15.15 -58.83 -1.77 14.04 -58.46 -1.32 0.305 0x0000FF
16.73 -59.8 -2.0 15.15 -58.83 -1.77 0.305 0x0000FF
17.97 -60.53 -2.0 16.73 -59.8 -2.0 0.245 0x0000FF
19.32 -61.63 -2.23 17.97 -60.53 -2.0 0.245 0x0000FF
20.55 -62.6 -2.29 19.32 -61.63 -2.23 0.245 0x0000FF
21.89 -63.82 -2.52 20.55 -62.6 -2.29 0.245 0x0000FF
23.37 -64.67 -2.91 21.89 -63.82 -2.52 0.245 0x0000FF
25.08 -65.4 -2.91 23.37 -64.67 -2.91 0.245 0x0000FF
26.68 -66.25 -3.29 25.08 -65.4 -2.91 0.245 0x0000FF
28.64 -67.95 -3.29 26.68 -66.25 -3.29 0.245 0x0000FF
31.09 -68.81 -3.59 28.64 -67.95 -3.29 0.245 0x0000FF
32.93 -69.42 -3.74 31.09 -68.81 -3.59 0.245 0x0000FF
34.04 -70.52 -3.89 32.93 -69.42 -3.74 0.245 0x0000FF
35.51 -72.45 -4.2 34.04 -70.52 -3.89 0.245 0x0000FF
35.76 -73.56 -4.42 35.51 -72.45 -4.2 0.245 0x0000FF
36.36 -75.02 -4.58 35.76 -73.56 -4.42 0.245 0x0000FF
37.6 -76.36 -5.18 36.36 -75.02 -4.58 0.245 0x0000FF
38.11 -77.59 -4.8 37.6 -76.36 -5.18 0.245 0x0000FF
38.84 -79.17 -4.42 38.11 -77.59 -4.8 0.245 0x0000FF
39.45 -79.9 -3.82 38.84 -79.17 -4.42 0.245 0x0000FF
40.31 -80.75 -3.44 39.45 -79.9 -3.82 0.245 0x0000FF
41.17 -81.59 -3.29 40.31 -80.75 -3.44 0.245 0x0000FF
41.79 -82.46 -3.29 41.17 -81.59 -3.29 0.185 0x0000FF
42.52 -83.55 -3.06 41.79 -82.46 -3.29 0.185 0x0000FF
43.38 -84.53 -2.76 42.52 -83.55 -3.06 0.185 0x0000FF
44.12 -85.62 -2.61 43.38 -84.53 -2.76 0.185 0x0000FF
44.36 -86.23 -2.38 44.12 -85.62 -2.61 0.185 0x0000FF
45.34 -87.2 -2.23 44.36 -86.23 -2.38 0.185 0x0000FF
46.32 -88.3 -2.08 45.34 -87.2 -2.23 0.185 0x0000FF
-22.99 -39.82 0.05 -24.09 -40.67 0.2 0.49 0x0000FF
-22.01 -38.6 -0.03 -22.99 -39.82 0.05 0.49 0x0000FF
-20.9 -38.36 -0.79 -22.01 -38.6 -0.03 0.49 0x0000FF
-20.29 -37.61 -1.09 -20.9 -38.36 -0.79 0.49 0x0000FF
-19.43 -37.14 -1.55 -20.29 -37.61 -1.09 0.49 0x0000FF
-18.45 -36.15 -2.76 -19.43 -37.14 -1.55 0.49 0x0000FF
-17.47 -35.68 -3.36 -18.45 -36.15 -2.76 0.49 0x0000FF
-16.0 -34.82 -3.67 -17.47 -35.68 -3.36 0.49 0x0000FF
-14.77 -34.09 -4.12 -16.0 -34.82 -3.67 0.49 0x0000FF
-14.03 -33.61 -4.5 -14.77 -34.09 -4.12 0.49 0x0000FF
-12.44 -33.11 -4.8 -14.03 -33.61 -4.5 0.49 0x0000FF
-10.97 -32.75 -5.18 -12.44 -33.11 -4.8 0.49 0x0000FF
-9.86 -31.54 -5.64 -10.97 -32.75 -5.18 0.49 0x0000FF
-8.88 -30.44 -6.17 -9.86 -31.54 -5.64 0.49 0x0000FF
-8.14 -29.95 -6.47 -8.88 -30.44 -6.17 0.49 0x0000FF
-6.92 -29.35 -6.85 -8.14 -29.95 -6.47 0.49 0x0000FF
-6.06 -28.37 -7.23 -6.92 -29.35 -6.85 0.49 0x0000FF
-5.08 -27.64 -7.53 -6.06 -28.37 -7.23 0.49 0x0000FF
-3.97 -27.03 -7.98 -5.08 -27.64 -7.53 0.49 0x0000FF
-2.62 -26.18 -8.59 -3.97 -27.03 -7.98 0.49 0x0000FF
-1.03 -25.81 -8.97 -2.62 -26.18 -8.59 0.49 0x0000FF
0.32 -25.33 -8.97 -1.03 -25.81 -8.97 0.37 0x0000FF
1.67 -24.84 -9.03 0.32 -25.33 -8.97 0.37 0x0000FF
2.77 -24.23 -9.35 1.67 -24.84 -9.03 0.37 0x0000FF
3.88 -23.99 -9.94 2.77 -24.23 -9.35 0.37 0x0000FF
4.61 -23.26 -10.02 3.88 -23.99 -9.94 0.305 0x0000FF
5.47 -22.89 -10.56 4.61 -23.26 -10.02 0.305 0x0000FF
6.45 -22.41 -10.86 5.47 -22.89 -10.56 0.305 0x0000FF
7.19 -21.8 -11.77 6.45 -22.41 -10.86 0.305 0x0000FF
8.53 -21.31 -11.92 7.19 -21.8 -11.77 0.305 0x0000FF
9.77 -20.58 -12.6 8.53 -21.31 -11.92 0.305 0x0000FF
10.87 -20.09 -13.21 9.77 -20.58 -12.6 0.305 0x0000FF
11.73 -19.36 -13.44 10.87 -20.09 -13.21 0.305 0x0000FF
13.32 -19.0 -14.2 11.73 -19.36 -13.44 0.305 0x0000FF
14.43 -18.39 -14.42 13.32 -19.0 -14.2 0.305 0x0000FF
15.53 -18.51 -14.95 14.43 -18.39 -14.42 0.305 0x0000FF
16.88 -18.51 -15.26 15.53 -18.51 -14.95 0.305 0x0000FF
-48.58 -32.26 -6.24 -44.66 -39.41 -0.65 0.735 0x0000FF
-48.58 -32.02 -6.62 -48.58 -32.26 -6.24 0.735 0x0000FF
-48.95 -31.66 -7.08 -48.58 -32.02 -6.62 0.735 0x0000FF
-49.44 -31.17 -7.61 -48.95 -31.66 -7.08 0.735 0x0000FF
-49.68 -30.68 -8.14 -49.44 -31.17 -7.61 0.735 0x0000FF
-50.05 -30.19 -8.82 -49.68 -30.68 -8.14 0.735 0x0000FF
-50.42 -29.95 -9.57 -50.05 -30.19 -8.82 0.735 0x0000FF
-50.66 -29.71 -10.18 -50.42 -29.95 -9.57 0.735 0x0000FF
-50.91 -29.59 -11.17 -50.66 -29.71 -10.18 0.735 0x0000FF
-51.64 -29.1 -11.62 -50.91 -29.59 -11.17 0.735 0x0000FF
-52.13 -28.73 -12.07 -51.64 -29.1 -11.62 0.735 0x0000FF
-52.63 -28.49 -12.6 -52.13 -28.73 -12.07 0.735 0x0000FF
-53.24 -28.12 -12.98 -52.63 -28.49 -12.6 0.735 0x0000FF
-54.34 -27.52 -13.29 -53.24 -28.12 -12.98 0.735 0x0000FF
-55.69 -26.79 -13.59 -54.34 -27.52 -13.29 0.735 0x0000FF
-56.55 -26.42 -13.89 -55.69 -26.79 -13.59 0.735 0x0000FF
-57.53 -25.57 -14.27 -56.55 -26.42 -13.89 0.735 0x0000FF
-58.64 -25.08 -14.35 -57.53 -25.57 -14.27 0.675 0x0000FF
-59.99 -23.98 -14.35 -58.64 -25.08 -14.35 0.615 0x0000FF
-61.09 -23.13 -14.65 -59.99 -23.98 -14.35 0.615 0x0000FF
-61.83 -22.77 -15.18 -61.09 -23.13 -14.65 0.615 0x0000FF
-62.32 -22.52 -16.01 -61.83 -22.77 -15.18 0.615 0x0000FF
-63.18 -22.04 -16.47 -62.32 -22.52 -16.01 0.615 0x0000FF
-64.03 -21.79 -16.7 -63.18 -22.04 -16.47 0.615 0x0000FF
-65.51 -21.06 -16.7 -64.03 -21.79 -16.7 0.305 0x0000FF
-66.61 -20.45 -16.7 -65.51 -21.06 -16.7 0.305 0x0000FF
-68.45 -19.72 -17.0 -66.61 -20.45 -16.7 0.305 0x0000FF
-69.92 -19.48 -17.45 -68.45 -19.72 -17.0 0.305 0x0000FF
-71.27 -19.36 -18.13 -69.92 -19.48 -17.45 0.305 0x0000FF
-72.5 -19.23 -18.73 -71.27 -19.36 -18.13 0.305 0x0000FF
-73.48 -19.11 -19.04 -72.5 -19.23 -18.73 0.305 0x0000FF
-74.7 -18.75 -19.5 -73.48 -19.11 -19.04 0.305 0x0000FF
-76.18 -18.26 -19.88 -74.7 -18.75 -19.5 0.305 0x0000FF
-77.4 -17.89 -20.56 -76.18 -18.26 -19.88 0.305 0x0000FF
-78.26 -17.78 -20.32 -77.4 -17.89 -20.56 0.305 0x0000FF
-79.12 -17.53 -19.64 -78.26 -17.78 -20.32 0.305 0x0000FF
-79.98 -17.29 -18.82 -79.12 -17.53 -19.64 0.305 0x0000FF
-81.08 -17.17 -18.05 -79.98 -17.29 -18.82 0.305 0x0000FF
-82.31 -17.17 -17.38 -81.08 -17.17 -18.05 0.305 0x0000FF
-83.42 -16.8 -17.0 -82.31 -17.17 -17.38 0.305 0x0000FF
-84.64 -16.07 -16.62 -83.42 -16.8 -17.0 0.305 0x0000FF
-85.5 -15.58 -16.39 -84.64 -16.07 -16.62 0.305 0x0000FF
-86.61 -15.1 -15.86 -85.5 -15.58 -16.39 0.305 0x0000FF
-87.34 -14.49 -15.71 -86.61 -15.1 -15.86 0.305 0x0000FF
-88.32 -14.12 -15.26 -87.34 -14.49 -15.71 0.305 0x0000FF
-89.3 -13.51 -14.95 -88.32 -14.12 -15.26 0.305 0x0000FF
-89.79 -13.27 -14.73 -89.3 -13.51 -14.95 0.305 0x0000FF
-90.9 -12.3 -14.35 -89.79 -13.27 -14.73 0.305 0x0000FF
-91.88 -11.44 -14.12 -90.9 -12.3 -14.35 0.305 0x0000FF
-92.74 -10.35 -13.74 -91.88 -11.44 -14.12 0.305 0x0000FF
-93.23 -9.74 -13.36 -92.74 -10.35 -13.74 0.305 0x0000FF
-94.21 -8.77 -13.06 -93.23 -9.74 -13.36 0.305 0x0000FF
-94.95 -7.67 -12.6 -94.21 -8.77 -13.06 0.305 0x0000FF
-95.81 -5.97 -12.3 -94.95 -7.67 -12.6 0.305 0x0000FF
-96.3 -4.87 -12.23 -95.81 -5.97 -12.3 0.245 0x0000FF
-97.4 -3.29 -11.92 -96.3 -4.87 -12.23 0.245 0x0000FF
-98.63 -2.06 -11.62 -97.4 -3.29 -11.92 0.245 0x0000FF
-99.24 -1.34 -11.47 -98.63 -2.06 -11.62 0.245 0x0000FF
-100.34 -0.49 -11.17 -99.24 -1.34 -11.47 0.245 0x0000FF
-101.45 0.49 -10.79 -100.34 -0.49 -11.17 0.245 0x0000FF
-102.55 0.97 -10.41 -101.45 0.49 -10.79 0.245 0x0000FF
-104.27 0.97 -10.11 -102.55 0.97 -10.41 0.245 0x0000FF
-105.13 0.97 -10.02 -104.27 0.97 -10.11 0.245 0x0000FF
-64.89 -20.21 -16.77 -64.03 -21.79 -16.7 0.43 0x0000FF
-65.26 -19.36 -17.3 -64.89 -20.21 -16.77 0.43 0x0000FF
-65.26 -18.87 -17.76 -65.26 -19.36 -17.3 0.43 0x0000FF
-65.51 -18.14 -18.36 -65.26 -18.87 -17.76 0.43 0x0000FF
-65.51 -17.78 -18.73 -65.51 -18.14 -18.36 0.43 0x0000FF
-65.75 -17.17 -19.42 -65.51 -17.78 -18.73 0.43 0x0000FF
-65.75 -16.44 -20.03 -65.75 -17.17 -19.42 0.43 0x0000FF
-65.75 -16.07 -20.56 -65.75 -16.44 -20.03 0.43 0x0000FF
-65.75 -15.46 -20.86 -65.75 -16.07 -20.56 0.43 0x0000FF
-65.75 -15.1 -21.54 -65.75 -15.46 -20.86 0.43 0x0000FF
-65.75 -14.61 -22.0 -65.75 -15.1 -21.54 0.43 0x0000FF
-65.75 -13.76 -22.38 -65.75 -14.61 -22.0 0.43 0x0000FF
-65.63 -13.64 -22.45 -65.75 -13.76 -22.38 0.37 0x0000FF
-65.63 -13.03 -22.91 -65.63 -13.64 -22.45 0.37 0x0000FF
-65.63 -12.42 -23.36 -65.63 -13.03 -22.91 0.37 0x0000FF
-65.63 -11.44 -23.89 -65.63 -12.42 -23.36 0.37 0x0000FF
-65.26 -10.96 -24.19 -65.63 -11.44 -23.89 0.37 0x0000FF
-64.89 -10.35 -24.57 -65.26 -10.96 -24.19 0.37 0x0000FF
-64.65 -9.86 -24.88 -64.89 -10.35 -24.57 0.305 0x0000FF
-64.65 -9.25 -25.03 -64.65 -9.86 -24.88 0.305 0x0000FF
-64.28 -8.77 -25.1 -64.65 -9.25 -25.03 0.305 0x0000FF
-63.79 -8.27 -25.71 -64.28 -8.77 -25.1 0.305 0x0000FF
-63.54 -7.67 -26.01 -63.79 -8.27 -25.71 0.305 0x0000FF
-63.3 -7.06 -26.16 -63.54 -7.67 -26.01 0.245 0x0000FF
-62.93 -6.45 -26.47 -63.3 -7.06 -26.16 0.245 0x0000FF
-62.93 -5.48 -26.77 -62.93 -6.45 -26.47 0.245 0x0000FF
-62.93 -4.75 -27.0 -62.93 -5.48 -26.77 0.245 0x0000FF
-63.05 -3.9 -27.22 -62.93 -4.75 -27.0 0.245 0x0000FF
-51.22 -43.57 0.2 -44.66 -39.41 -0.65 1.35 0x0000FF
-51.47 -43.81 0.57 -51.22 -43.57 0.2 1.35 0x0000FF
-51.84 -43.94 0.8 -51.47 -43.81 0.57 1.35 0x0000FF
-51.84 -44.06 1.26 -51.84 -43.94 0.8 1.35 0x0000FF
-52.08 -44.3 1.79 -51.84 -44.06 1.26 1.35 0x0000FF
-52.33 -44.42 2.24 -52.08 -44.3 1.79 1.35 0x0000FF
-52.7 -44.55 2.7 -52.33 -44.42 2.24 1.35 0x0000FF
-53.06 -44.79 3.23 -52.7 -44.55 2.7 1.35 0x0000FF
-53.43 -45.03 3.76 -53.06 -44.79 3.23 1.35 0x0000FF
-53.68 -45.4 4.05 -53.43 -45.03 3.76 1.35 0x0000FF
-54.17 -45.52 4.44 -53.68 -45.4 4.05 1.35 0x0000FF
-54.41 -45.88 4.74 -54.17 -45.52 4.44 1.35 0x0000FF
-54.78 -45.88 5.04 -54.41 -45.88 4.74 1.35 0x0000FF
-55.15 -46.13 5.5 -54.78 -45.88 5.04 1.35 0x0000FF
-55.39 -46.25 6.03 -55.15 -46.13 5.5 1.35 0x0000FF
-55.76 -46.25 6.56 -55.39 -46.25 6.03 1.35 0x0000FF
-56.13 -46.25 6.94 -55.76 -46.25 6.56 1.35 0x0000FF
-56.5 -46.37 7.24 -56.13 -46.25 6.94 1.35 0x0000FF
-57.98 -46.8 7.54 -56.5 -46.37 7.24 0.92 0x0000FF
-58.34 -47.04 7.92 -57.98 -46.8 7.54 0.92 0x0000FF
-58.83 -47.29 8.38 -58.34 -47.04 7.92 0.92 0x0000FF
-59.2 -47.29 8.91 -58.83 -47.29 8.38 0.92 0x0000FF
-59.57 -47.41 9.44 -59.2 -47.29 8.91 0.92 0x0000FF
-59.94 -47.65 9.97 -59.57 -47.41 9.44 0.92 0x0000FF
-60.55 -47.77 10.5 -59.94 -47.65 9.97 0.92 0x0000FF
-61.41 -48.02 10.95 -60.55 -47.77 10.5 0.92 0x0000FF
-62.64 -48.5 11.41 -61.41 -48.02 10.95 0.92 0x0000FF
-63.25 -48.87 11.71 -62.64 -48.5 11.41 0.92 0x0000FF
-63.99 -49.11 12.17 -63.25 -48.87 11.71 0.92 0x0000FF
-65.09 -49.84 12.62 -63.99 -49.11 12.17 0.92 0x0000FF
-65.7 -50.33 13.07 -65.09 -49.84 12.62 0.92 0x0000FF
-66.69 -50.82 13.6 -65.7 -50.33 13.07 0.92 0x0000FF
-67.42 -51.55 14.06 -66.69 -50.82 13.6 0.92 0x0000FF
-68.04 -52.16 14.44 -67.42 -51.55 14.06 0.92 0x0000FF
-69.26 -52.76 14.82 -68.04 -52.16 14.44 0.92 0x0000FF
-69.88 -52.89 15.27 -69.26 -52.76 14.82 0.92 0x0000FF
-70.48 -53.25 15.65 -69.88 -52.89 15.27 0.92 0x0000FF
-70.61 -53.86 16.1 -70.48 -53.25 15.65 0.92 0x0000FF
-71.22 -54.83 16.18 -70.61 -53.86 16.1 0.675 0x0000FF
-71.95 -55.56 16.79 -71.22 -54.83 16.18 0.675 0x0000FF
-72.56 -56.05 17.09 -71.95 -55.56 16.79 0.675 0x0000FF
-73.19 -56.66 17.47 -72.56 -56.05 17.09 0.675 0x0000FF
-73.43 -57.03 17.92 -73.19 -56.66 17.47 0.675 0x0000FF
-73.92 -57.27 18.23 -73.43 -57.03 17.92 0.675 0x0000FF
-74.17 -57.63 18.76 -73.92 -57.27 18.23 0.675 0x0000FF
-74.54 -58.12 19.21 -74.17 -57.63 18.76 0.675 0x0000FF
-74.9 -58.61 19.66 -74.54 -58.12 19.21 0.675 0x0000FF
-75.15 -59.1 19.73 -74.9 -58.61 19.66 0.675 0x0000FF
-75.89 -59.46 20.19 -75.15 -59.1 19.73 0.675 0x0000FF
-76.5 -60.56 20.57 -75.89 -59.46 20.19 0.675 0x0000FF
-77.48 -60.92 21.03 -76.5 -60.56 20.57 0.675 0x0000FF
-78.58 -61.41 21.56 -77.48 -60.92 21.03 0.675 0x0000FF
-79.44 -62.26 22.01 -78.58 -61.41 21.56 0.675 0x0000FF
-80.06 -62.99 22.16 -79.44 -62.26 22.01 0.675 0x0000FF
-80.67 -63.36 22.85 -80.06 -62.99 22.16 0.675 0x0000FF
-81.04 -63.72 23.15 -80.67 -63.36 22.85 0.675 0x0000FF
-81.9 -64.09 23.45 -81.04 -63.72 23.15 0.675 0x0000FF
-82.51 -64.56 23.68 -81.9 -64.09 23.45 0.675 0x0000FF
-83.12 -64.81 23.98 -82.51 -64.56 23.68 0.675 0x0000FF
-83.49 -65.18 24.13 -83.12 -64.81 23.98 0.675 0x0000FF
-83.98 -65.55 24.36 -83.49 -65.18 24.13 0.675 0x0000FF
-84.35 -65.79 24.66 -83.98 -65.55 24.36 0.675 0x0000FF
-85.09 -66.28 24.97 -84.35 -65.79 24.66 0.675 0x0000FF
-85.58 -66.77 25.12 -85.09 -66.28 24.97 0.675 0x0000FF
-86.56 -67.5 25.65 -85.58 -66.77 25.12 0.675 0x0000FF
-86.93 -67.98 26.03 -86.56 -67.5 25.65 0.675 0x0000FF
-87.66 -68.59 26.41 -86.93 -67.98 26.03 0.675 0x0000FF
-88.03 -69.31 26.86 -87.66 -68.59 26.41 0.675 0x0000FF
-88.52 -69.81 27.09 -88.03 -69.31 26.86 0.675 0x0000FF
-88.77 -70.18 27.39 -88.52 -69.81 27.09 0.675 0x0000FF
-89.13 -70.54 27.69 -88.77 -70.18 27.39 0.675 0x0000FF
-89.26 -70.66 28.07 -89.13 -70.54 27.69 0.675 0x0000FF
-89.38 -71.03 28.3 -89.26 -70.66 28.07 0.675 0x0000FF
-89.75 -71.27 28.75 -89.38 -71.03 28.3 0.675 0x0000FF
-89.99 -71.51 29.06 -89.75 -71.27 28.75 0.675 0x0000FF
-90.24 -71.88 29.28 -89.99 -71.51 29.06 0.675 0x0000FF
-90.48 -72.12 29.44 -90.24 -71.88 29.28 0.675 0x0000FF
-91.22 -72.61 29.59 -90.48 -72.12 29.44 0.675 0x0000FF
-92.08 -73.22 29.89 -91.22 -72.61 29.59 0.675 0x0000FF
-92.69 -73.83 30.19 -92.08 -73.22 29.89 0.675 0x0000FF
-92.81 -74.44 30.65 -92.69 -73.83 30.19 0.675 0x0000FF
-93.06 -74.92 30.88 -92.81 -74.44 30.65 0.675 0x0000FF
-93.18 -75.65 31.25 -93.06 -74.92 30.88 0.675 0x0000FF
-93.43 -76.38 31.63 -93.18 -75.65 31.25 0.675 0x0000FF
-94.04 -76.98 31.94 -93.43 -76.38 31.63 0.675 0x0000FF
-94.53 -77.84 32.24 -94.04 -76.98 31.94 0.675 0x0000FF
-94.9 -78.33 32.54 -94.53 -77.84 32.24 0.675 0x0000FF
-95.39 -78.7 32.77 -94.9 -78.33 32.54 0.675 0x0000FF
-96.13 -79.18 33.07 -95.39 -78.7 32.77 0.675 0x0000FF
-96.37 -79.79 33.38 -96.13 -79.18 33.07 0.675 0x0000FF
-96.74 -80.16 33.6 -96.37 -79.79 33.38 0.675 0x0000FF
-97.23 -80.65 33.75 -96.74 -80.16 33.6 0.675 0x0000FF
-97.84 -81.13 34.06 -97.23 -80.65 33.75 0.675 0x0000FF
-98.58 -81.5 34.36 -97.84 -81.13 34.06 0.675 0x0000FF
-99.19 -82.11 34.59 -98.58 -81.5 34.36 0.675 0x0000FF
-99.81 -82.72 34.89 -99.19 -82.11 34.59 0.675 0x0000FF
-100.17 -83.2 35.04 -99.81 -82.72 34.89 0.675 0x0000FF
-100.67 -83.81 35.42 -100.17 -83.2 35.04 0.675 0x0000FF
-101.03 -84.18 35.72 -100.67 -83.81 35.42 0.675 0x0000FF
-101.28 -84.79 36.1 -101.03 -84.18 35.72 0.675 0x0000FF
-101.52 -85.15 36.33 -101.28 -84.79 36.1 0.675 0x0000FF
-102.01 -85.64 36.63 -101.52 -85.15 36.33 0.675 0x0000FF
-102.75 -86.37 36.94 -102.01 -85.64 36.63 0.675 0x0000FF
-103.12 -86.98 37.15 -102.75 -86.37 36.94 0.675 0x0000FF
-103.36 -87.71 37.39 -103.12 -86.98 37.15 0.675 0x0000FF
-104.1 -88.32 37.69 -103.36 -87.71 37.39 0.675 0x0000FF
-104.96 -89.41 37.77 -104.1 -88.32 37.69 0.675 0x0000FF
-105.57 -89.9 38.0 -104.96 -89.41 37.77 0.675 0x0000FF
-106.06 -90.39 38.29 -105.57 -89.9 38.0 0.675 0x0000FF
-106.92 -91.12 38.36 -106.06 -90.39 38.29 0.615 0x0000FF
-107.53 -91.6 38.6 -106.92 -91.12 38.36 0.615 0x0000FF
-108.15 -91.97 38.75 -107.53 -91.6 38.6 0.615 0x0000FF
-108.64 -92.21 39.06 -108.15 -91.97 38.75 0.615 0x0000FF
-109.25 -92.46 39.28 -108.64 -92.21 39.06 0.615 0x0000FF
-110.11 -92.82 39.51 -109.25 -92.46 39.28 0.615 0x0000FF
-110.85 -93.43 39.65 -110.11 -92.82 39.51 0.615 0x0000FF
-111.58 -93.79 39.81 -110.85 -93.43 39.65 0.615 0x0000FF
-112.2 -94.28 39.89 -111.58 -93.79 39.81 0.615 0x0000FF
-113.17 -94.92 39.74 -112.2 -94.28 39.89 0.615 0x0000FF
-114.52 -95.29 40.19 -113.17 -94.92 39.74 0.615 0x0000FF
-115.62 -95.78 40.57 -114.52 -95.29 40.19 0.615 0x0000FF
-116.48 -96.02 40.95 -115.62 -95.78 40.57 0.615 0x0000FF
-116.97 -96.39 41.25 -116.48 -96.02 40.95 0.615 0x0000FF
-117.58 -96.63 41.48 -116.97 -96.39 41.25 0.615 0x0000FF
-118.32 -97.24 41.63 -117.58 -96.63 41.48 0.615 0x0000FF
-119.42 -97.24 41.94 -118.32 -97.24 41.63 0.615 0x0000FF
-120.53 -97.24 42.09 -119.42 -97.24 41.94 0.615 0x0000FF
-121.26 -97.24 42.39 -120.53 -97.24 42.09 0.615 0x0000FF
-122.37 -97.24 42.77 -121.26 -97.24 42.39 0.615 0x0000FF
-123.59 -97.48 43.07 -122.37 -97.24 42.77 0.615 0x0000FF
-124.45 -98.21 43.15 -123.59 -97.48 43.07 0.55 0x0000FF
-125.43 -99.43 43.3 -124.45 -98.21 43.15 0.55 0x0000FF
-126.54 -100.28 43.45 -125.43 -99.43 43.3 0.55 0x0000FF
-127.15 -101.74 43.53 -126.54 -100.28 43.45 0.49 0x0000FF
-128.26 -102.35 43.68 -127.15 -101.74 43.53 0.49 0x0000FF
-129.97 -102.96 43.75 -128.26 -102.35 43.68 0.49 0x0000FF
-131.57 -102.96 43.9 -129.97 -102.96 43.75 0.49 0x0000FF
-132.43 -102.47 44.21 -131.57 -102.96 43.9 0.245 0x0000FF
-133.41 -101.38 44.28 -132.43 -102.47 44.21 0.245 0x0000FF
-134.02 -100.65 44.66 -133.41 -101.38 44.28 0.245 0x0000FF
-134.88 -99.43 44.97 -134.02 -100.65 44.66 0.245 0x0000FF
-135.49 -98.33 45.19 -134.88 -99.43 44.97 0.245 0x0000FF
-136.22 -97.24 45.42 -135.49 -98.33 45.19 0.245 0x0000FF
-136.96 -96.63 45.5 -136.22 -97.24 45.42 0.245 0x0000FF
-137.82 -96.02 45.65 -136.96 -96.63 45.5 0.245 0x0000FF
-138.31 -95.53 45.72 -137.82 -96.02 45.65 0.245 0x0000FF
-139.05 -95.29 45.87 -138.31 -95.53 45.72 0.245 0x0000FF
-139.66 -95.05 46.03 -139.05 -95.29 45.87 0.245 0x0000FF
-140.15 -95.05 46.1 -139.66 -95.05 46.03 0.245 0x0000FF
-140.88 -95.05 46.18 -140.15 -95.05 46.1 0.245 0x0000FF
-141.75 -95.05 46.25 -140.88 -95.05 46.18 0.245 0x0000FF
-142.47 -95.05 46.4 -141.75 -95.05 46.25 0.245 0x0000FF
-143.71 -95.53 46.48 -142.47 -95.05 46.4 0.245 0x0000FF
-145.06 -96.51 46.56 -143.71 -95.53 46.48 0.245 0x0000FF
-133.16 -102.96 43.98 -131.57 -102.96 43.9 0.37 0x0000FF
-134.88 -103.33 44.21 -133.16 -102.96 43.98 0.37 0x0000FF
-136.47 -104.18 44.59 -134.88 -103.33 44.21 0.37 0x0000FF
-137.69 -104.66 44.81 -136.47 -104.18 44.59 0.37 0x0000FF
-138.8 -105.03 44.81 -137.69 -104.66 44.81 0.305 0x0000FF
-139.41 -106.25 45.04 -138.8 -105.03 44.81 0.305 0x0000FF
-140.4 -107.47 45.27 -139.41 -106.25 45.04 0.305 0x0000FF
-141.13 -109.05 45.42 -140.4 -107.47 45.27 0.305 0x0000FF
-141.38 -110.39 45.5 -141.13 -109.05 45.42 0.305 0x0000FF
-142.61 -110.63 45.57 -141.38 -110.39 45.5 0.305 0x0000FF
-142.97 -111.85 45.72 -142.61 -110.63 45.57 0.305 0x0000FF
-144.19 -112.94 45.8 -142.97 -111.85 45.72 0.305 0x0000FF
-145.18 -113.67 45.87 -144.19 -112.94 45.8 0.305 0x0000FF
-145.66 -114.28 46.18 -145.18 -113.67 45.87 0.305 0x0000FF
-146.53 -114.89 46.25 -145.66 -114.28 46.18 0.245 0x0000FF
-147.38 -115.5 46.48 -146.53 -114.89 46.25 0.245 0x0000FF
-148.01 -116.11 46.63 -147.38 -115.5 46.48 0.245 0x0000FF
-71.34 -54.23 16.1 -70.61 -53.86 16.1 0.86 0x0000FF
-72.08 -54.71 15.95 -71.34 -54.23 16.1 0.86 0x0000FF
-72.81 -54.83 15.27 -72.08 -54.71 15.95 0.86 0x0000FF
-73.8 -55.08 14.82 -72.81 -54.83 15.27 0.86 0x0000FF
-74.66 -55.44 14.74 -73.8 -55.08 14.82 0.735 0x0000FF
-75.4 -55.56 14.44 -74.66 -55.44 14.74 0.735 0x0000FF
-76.38 -55.81 14.13 -75.4 -55.56 14.44 0.735 0x0000FF
-77.11 -55.93 13.83 -76.38 -55.81 14.13 0.735 0x0000FF
-77.84 -56.42 13.15 -77.11 -55.93 13.83 0.675 0x0000FF
-78.45 -56.42 12.92 -77.84 -56.42 13.15 0.675 0x0000FF
-79.08 -56.78 12.24 -78.45 -56.42 12.92 0.675 0x0000FF
-79.56 -56.78 11.79 -79.08 -56.78 12.24 0.675 0x0000FF
-79.93 -56.78 11.1 -79.56 -56.78 11.79 0.675 0x0000FF
-80.3 -57.03 10.73 -79.93 -56.78 11.1 0.675 0x0000FF
-80.79 -57.03 10.11 -80.3 -57.03 10.73 0.675 0x0000FF
-81.41 -57.27 9.14 -80.79 -57.03 10.11 0.675 0x0000FF
-81.53 -57.39 8.52 -81.41 -57.27 9.14 0.675 0x0000FF
-81.9 -57.39 7.77 -81.53 -57.39 8.52 0.675 0x0000FF
-82.39 -57.39 7.17 -81.9 -57.39 7.77 0.675 0x0000FF
-82.76 -57.39 6.79 -82.39 -57.39 7.17 0.675 0x0000FF
-83.49 -57.27 6.48 -82.76 -57.39 6.79 0.675 0x0000FF
-84.1 -57.27 6.11 -83.49 -57.27 6.48 0.675 0x0000FF
-84.47 -57.27 5.58 -84.1 -57.27 6.11 0.675 0x0000FF
-84.96 -57.27 5.04 -84.47 -57.27 5.58 0.675 0x0000FF
-85.33 -57.27 4.51 -84.96 -57.27 5.04 0.675 0x0000FF
-85.45 -57.27 3.98 -85.33 -57.27 4.51 0.675 0x0000FF
-85.94 -57.27 3.45 -85.45 -57.27 3.98 0.675 0x0000FF
-86.56 -57.03 2.77 -85.94 -57.27 3.45 0.675 0x0000FF
-86.8 -57.03 2.17 -86.56 -57.03 2.77 0.675 0x0000FF
-87.05 -57.03 1.56 -86.8 -57.03 2.17 0.675 0x0000FF
-87.54 -56.66 1.03 -87.05 -57.03 1.56 0.675 0x0000FF
-88.15 -56.42 0.27 -87.54 -56.66 1.03 0.675 0x0000FF
-88.4 -56.17 -0.41 -88.15 -56.42 0.27 0.675 0x0000FF
-88.77 -56.05 -0.79 -88.4 -56.17 -0.41 0.675 0x0000FF
-89.13 -55.93 -1.32 -88.77 -56.05 -0.79 0.675 0x0000FF
-89.5 -55.69 -2.08 -89.13 -55.93 -1.32 0.675 0x0000FF
-89.75 -55.44 -2.76 -89.5 -55.69 -2.08 0.675 0x0000FF
-89.99 -55.44 -3.06 -89.75 -55.44 -2.76 0.675 0x0000FF
-90.24 -55.2 -3.67 -89.99 -55.44 -3.06 0.675 0x0000FF
-90.61 -55.2 -3.82 -90.24 -55.2 -3.67 0.55 0x0000FF
-91.34 -54.83 -4.58 -90.61 -55.2 -3.82 0.55 0x0000FF
-91.59 -54.71 -4.95 -91.34 -54.83 -4.58 0.55 0x0000FF
-92.2 -54.59 -5.48 -91.59 -54.71 -4.95 0.55 0x0000FF
-92.81 -54.1 -6.01 -92.2 -54.59 -5.48 0.55 0x0000FF
-93.31 -53.62 -6.54 -92.81 -54.1 -6.01 0.55 0x0000FF
-93.8 -53.5 -7.08 -93.31 -53.62 -6.54 0.55 0x0000FF
-94.53 -53.25 -7.23 -93.8 -53.5 -7.08 0.49 0x0000FF
-95.02 -53.13 -7.83 -94.53 -53.25 -7.23 0.49 0x0000FF
-95.76 -53.01 -8.51 -95.02 -53.13 -7.83 0.49 0x0000FF
-96.13 -52.76 -9.19 -95.76 -53.01 -8.51 0.49 0x0000FF
-96.62 -52.52 -9.94 -96.13 -52.76 -9.19 0.49 0x0000FF
-97.11 -52.28 -10.48 -96.62 -52.52 -9.94 0.49 0x0000FF
-98.09 -51.91 -11.17 -97.11 -52.28 -10.48 0.49 0x0000FF
-98.83 -51.43 -11.39 -98.09 -51.91 -11.17 0.49 0x0000FF
-99.56 -51.18 -12.07 -98.83 -51.43 -11.39 0.49 0x0000FF
-100.05 -50.57 -12.98 -99.56 -51.18 -12.07 0.49 0x0000FF
-100.79 -50.09 -13.74 -100.05 -50.57 -12.98 0.49 0x0000FF
-101.4 -49.48 -14.57 -100.79 -50.09 -13.74 0.49 0x0000FF
-102.26 -48.63 -15.33 -101.4 -49.48 -14.57 0.49 0x0000FF
-102.75 -48.14 -16.32 -102.26 -48.63 -15.33 0.49 0x0000FF
-103.36 -47.89 -17.0 -102.75 -48.14 -16.32 0.49 0x0000FF
-103.85 -47.16 -17.0 -103.36 -47.89 -17.0 0.43 0x0000FF
-104.59 -46.68 -17.45 -103.85 -47.16 -17.0 0.43 0x0000FF
-105.08 -46.07 -18.29 -104.59 -46.68 -17.45 0.43 0x0000FF
-105.57 -45.46 -18.66 -105.08 -46.07 -18.29 0.43 0x0000FF
-106.19 -44.49 -19.42 -105.57 -45.46 -18.66 0.43 0x0000FF
-106.43 -43.63 -19.42 -106.19 -44.49 -19.42 0.37 0x0000FF
-107.04 -42.66 -20.03 -106.43 -43.63 -19.42 0.37 0x0000FF
-107.29 -41.81 -20.86 -107.04 -42.66 -20.03 0.37 0x0000FF
-107.41 -41.44 -21.62 -107.29 -41.81 -20.86 0.37 0x0000FF
-107.66 -40.83 -22.23 -107.41 -41.44 -21.62 0.37 0x0000FF
-108.15 -40.22 -22.91 -107.66 -40.83 -22.23 0.37 0x0000FF
-108.52 -39.36 -23.36 -108.15 -40.22 -22.91 0.37 0x0000FF
-109.01 -38.52 -23.97 -108.52 -39.36 -23.36 0.37 0x0000FF
-109.62 -37.79 -24.27 -109.01 -38.52 -23.97 0.37 0x0000FF
-110.11 -36.94 -24.35 -109.62 -37.79 -24.27 0.305 0x0000FF
-110.72 -36.08 -24.72 -110.11 -36.94 -24.35 0.305 0x0000FF
-111.34 -35.11 -24.8 -110.72 -36.08 -24.72 0.305 0x0000FF
-112.2 -34.38 -25.41 -111.34 -35.11 -24.8 0.305 0x0000FF
-113.05 -33.77 -25.86 -112.2 -34.38 -25.41 0.305 0x0000FF
-113.79 -33.4 -26.24 -113.05 -33.77 -25.86 0.305 0x0000FF
-115.02 -32.92 -26.77 -113.79 -33.4 -26.24 0.305 0x0000FF
-116.12 -32.54 -27.0 -115.02 -32.92 -26.77 0.245 0x0000FF
-117.23 -31.82 -27.3 -116.12 -32.54 -27.0 0.245 0x0000FF
-118.21 -31.21 -27.75 -117.23 -31.82 -27.3 0.245 0x0000FF
-119.43 -30.61 -27.98 -118.21 -31.21 -27.75 0.245 0x0000FF
-120.17 -30.0 -28.44 -119.43 -30.61 -27.98 0.245 0x0000FF
-121.03 -29.63 -28.82 -120.17 -30.0 -28.44 0.245 0x0000FF
-122.01 -29.15 -29.27 -121.03 -29.63 -28.82 0.245 0x0000FF
-122.62 -28.9 -29.57 -122.01 -29.15 -29.27 0.245 0x0000FF
-123.11 -28.54 -29.8 -122.62 -28.9 -29.57 0.245 0x0000FF
-123.85 -28.17 -30.18 -123.11 -28.54 -29.8 0.245 0x0000FF
-124.83 -27.32 -30.33 -123.85 -28.17 -30.18 0.245 0x0000FF
-125.69 -26.47 -30.33 -124.83 -27.32 -30.33 0.245 0x0000FF
-126.67 -25.61 -30.41 -125.69 -26.47 -30.33 0.245 0x0000FF
-127.28 -25.13 -30.41 -126.67 -25.61 -30.41 0.245 0x0000FF
-57.11 -45.88 7.32 -56.5 -46.37 7.24 0.795 0x0000FF
-57.23 -45.52 7.62 -57.11 -45.88 7.32 0.795 0x0000FF
-57.48 -45.52 8.07 -57.23 -45.52 7.62 0.795 0x0000FF
-57.48 -45.52 8.38 -57.48 -45.52 8.07 0.795 0x0000FF
-57.6 -45.28 8.61 -57.48 -45.52 8.38 0.795 0x0000FF
-57.73 -44.91 9.14 -57.6 -45.28 8.61 0.795 0x0000FF
-57.73 -44.67 9.59 -57.73 -44.91 9.14 0.795 0x0000FF
-57.85 -44.3 9.82 -57.73 -44.67 9.59 0.795 0x0000FF
-57.97 -43.94 10.19 -57.85 -44.3 9.82 0.795 0x0000FF
-58.09 -43.57 10.27 -57.97 -43.94 10.19 0.735 0x0000FF
-57.97 -42.72 10.35 -58.09 -43.57 10.27 0.735 0x0000FF
-57.85 -42.11 10.88 -57.97 -42.72 10.35 0.735 0x0000FF
-57.6 -41.75 11.1 -57.85 -42.11 10.88 0.615 0x0000FF
-57.36 -41.38 11.48 -57.6 -41.75 11.1 0.615 0x0000FF
-57.36 -40.89 11.79 -57.36 -41.38 11.48 0.615 0x0000FF
-57.23 -40.4 12.01 -57.36 -40.89 11.79 0.615 0x0000FF
-57.23 -39.92 12.24 -57.23 -40.4 12.01 0.615 0x0000FF
-57.23 -39.43 13.0 -57.23 -39.92 12.24 0.615 0x0000FF
-57.23 -38.94 13.3 -57.23 -39.43 13.0 0.615 0x0000FF
-57.23 -38.46 13.68 -57.23 -38.94 13.3 0.615 0x0000FF
-57.36 -38.09 13.98 -57.23 -38.46 13.68 0.615 0x0000FF
-57.36 -37.85 14.21 -57.36 -38.09 13.98 0.615 0x0000FF
-57.6 -37.24 14.74 -57.36 -37.85 14.21 0.615 0x0000FF
-57.6 -36.75 15.12 -57.6 -37.24 14.74 0.615 0x0000FF
-57.73 -36.39 15.42 -57.6 -36.75 15.12 0.615 0x0000FF
-57.73 -36.02 15.65 -57.73 -36.39 15.42 0.615 0x0000FF
-58.22 -35.54 15.73 -57.73 -36.02 15.65 0.49 0x0000FF
-58.22 -35.04 16.1 -58.22 -35.54 15.73 0.49 0x0000FF
-58.34 -34.81 16.41 -58.22 -35.04 16.1 0.49 0x0000FF
-58.34 -34.56 16.63 -58.34 -34.81 16.41 0.49 0x0000FF
-58.22 -33.95 16.94 -58.34 -34.56 16.63 0.49 0x0000FF
-58.22 -33.47 17.09 -58.22 -33.95 16.94 0.49 0x0000FF
-58.09 -33.34 17.54 -58.22 -33.47 17.09 0.49 0x0000FF
-58.09 -32.61 17.7 -58.09 -33.34 17.54 0.49 0x0000FF
-58.97 -31.38 18.14 -58.09 -32.61 17.7 0.37 0x0000FF
-59.7 -30.28 18.14 -58.97 -31.38 18.14 0.37 0x0000FF
-60.07 -29.55 18.38 -59.7 -30.28 18.14 0.37 0x0000FF
-60.93 -28.58 18.82 -60.07 -29.55 18.38 0.37 0x0000FF
-62.28 -27.24 19.21 -60.93 -28.58 18.82 0.37 0x0000FF
-63.63 -25.9 19.51 -62.28 -27.24 19.21 0.37 0x0000FF
-63.87 -25.17 19.82 -63.63 -25.9 19.51 0.37 0x0000FF
-64.12 -24.56 20.19 -63.87 -25.17 19.82 0.37 0x0000FF
-64.48 -24.07 20.42 -64.12 -24.56 20.19 0.37 0x0000FF
-64.98 -23.22 20.57 -64.48 -24.07 20.42 0.37 0x0000FF
-65.34 -22.73 20.88 -64.98 -23.22 20.57 0.37 0x0000FF
-65.95 -21.76 21.1 -65.34 -22.73 20.88 0.37 0x0000FF
-66.56 -20.66 21.26 -65.95 -21.76 21.1 0.37 0x0000FF
-67.31 -19.45 21.33 -66.56 -20.66 21.26 0.37 0x0000FF
-68.17 -18.47 21.63 -67.31 -19.45 21.33 0.37 0x0000FF
-68.41 -17.26 22.09 -68.17 -18.47 21.63 0.37 0x0000FF
-68.66 -15.92 22.32 -68.41 -17.26 22.09 0.37 0x0000FF
-69.27 -14.7 22.62 -68.66 -15.92 22.32 0.37 0x0000FF
-69.76 -13.6 22.69 -69.27 -14.7 22.62 0.37 0x0000FF
-70.38 -12.51 23.0 -69.76 -13.6 22.69 0.37 0x0000FF
-70.87 -11.17 23.15 -70.38 -12.51 23.0 0.37 0x0000FF
-71.23 -10.19 23.3 -70.87 -11.17 23.15 0.37 0x0000FF
-71.36 -9.22 23.53 -71.23 -10.19 23.3 0.37 0x0000FF
-71.72 -8.49 23.6 -71.36 -9.22 23.53 0.37 0x0000FF
-72.34 -7.27 23.76 -71.72 -8.49 23.6 0.245 0x0000FF
-73.31 -5.81 23.76 -72.34 -7.27 23.76 0.245 0x0000FF
-74.18 -4.47 23.98 -73.31 -5.81 23.76 0.245 0x0000FF
-74.79 -3.01 24.21 -74.18 -4.47 23.98 0.245 0x0000FF
-75.28 -1.43 24.44 -74.79 -3.01 24.21 0.245 0x0000FF
-76.39 0.4 24.66 -75.28 -1.43 24.44 0.245 0x0000FF
-76.75 1.49 24.82 -76.39 0.4 24.66 0.245 0x0000FF
-77.73 2.47 24.97 -76.75 1.49 24.82 0.245 0x0000FF
-78.34 3.69 25.12 -77.73 2.47 24.97 0.245 0x0000FF
-79.45 5.63 25.35 -78.34 3.69 25.12 0.245 0x0000FF
-79.94 6.85 25.35 -79.45 5.63 25.35 0.245 0x0000FF
-81.42 8.56 25.5 -79.94 6.85 25.35 0.245 0x0000FF
-81.66 10.14 25.88 -81.42 8.56 25.5 0.245 0x0000FF
-81.91 11.6 26.03 -81.66 10.14 25.88 0.245 0x0000FF
-82.27 12.94 26.1 -81.91 11.6 26.03 0.245 0x0000FF
-82.76 14.28 26.41 -82.27 12.94 26.1 0.245 0x0000FF
-83.5 15.98 26.48 -82.76 14.28 26.41 0.245 0x0000FF
-83.99 17.07 26.63 -83.5 15.98 26.48 0.245 0x0000FF
-84.48 18.3 26.79 -83.99 17.07 26.63 0.245 0x0000FF
-85.1 19.03 26.86 -84.48 18.3 26.79 0.245 0x0000FF
-85.83 20.23 26.86 -85.1 19.03 26.86 0.245 0x0000FF
-87.92 22.44 27.01 -85.83 20.23 26.86 0.245 0x0000FF
-88.53 24.14 27.09 -87.92 22.44 27.01 0.245 0x0000FF
-89.76 25.84 27.32 -88.53 24.14 27.09 0.245 0x0000FF
-90.37 27.31 27.39 -89.76 25.84 27.32 0.245 0x0000FF
-90.86 28.16 27.47 -90.37 27.31 27.39 0.245 0x0000FF
-91.72 30.11 27.54 -90.86 28.16 27.47 0.245 0x0000FF
-92.58 31.08 27.77 -91.72 30.11 27.54 0.245 0x0000FF
-93.19 32.9 27.85 -92.58 31.08 27.77 0.245 0x0000FF
-71.23 -7.52 23.68 -71.72 -8.49 23.6 0.305 0x0000FF
-71.23 -6.54 23.83 -71.23 -7.52 23.68 0.305 0x0000FF
-70.98 -5.32 24.06 -71.23 -6.54 23.83 0.305 0x0000FF
-70.62 -4.11 24.29 -70.98 -5.32 24.06 0.305 0x0000FF
-70.01 -2.52 24.36 -70.62 -4.11 24.29 0.305 0x0000FF
-69.64 -1.43 24.51 -70.01 -2.52 24.36 0.305 0x0000FF
-68.41 -0.33 24.66 -69.64 -1.43 24.51 0.305 0x0000FF
-67.55 0.89 24.89 -68.41 -0.33 24.66 0.305 0x0000FF
-66.33 1.37 25.04 -67.55 0.89 24.89 0.305 0x0000FF
-65.22 2.1 25.19 -66.33 1.37 25.04 0.305 0x0000FF
-64.23 2.47 25.19 -65.22 2.1 25.19 0.245 0x0000FF
-63.26 2.83 25.42 -64.23 2.47 25.19 0.245 0x0000FF
-62.28 3.32 25.5 -63.26 2.83 25.42 0.245 0x0000FF
-57.97 -32.25 17.85 -58.09 -32.61 17.7 0.49 0x0000FF
-57.97 -32.25 18.14 -57.97 -32.25 17.85 0.49 0x0000FF
-57.73 -32.0 18.38 -57.97 -32.25 18.14 0.49 0x0000FF
-57.23 -31.52 18.76 -57.73 -32.0 18.38 0.49 0x0000FF
-56.99 -31.15 19.36 -57.23 -31.52 18.76 0.49 0x0000FF
-56.5 -30.91 19.59 -56.99 -31.15 19.36 0.49 0x0000FF
-56.25 -30.3 19.97 -56.5 -30.91 19.59 0.49 0x0000FF
-55.76 -30.06 20.19 -56.25 -30.3 19.97 0.49 0x0000FF
-55.39 -29.81 20.19 -55.76 -30.06 20.19 0.37 0x0000FF
-54.9 -29.2 20.42 -55.39 -29.81 20.19 0.43 0x0000FF
-54.54 -29.08 20.5 -54.9 -29.2 20.42 0.43 0x0000FF
-54.54 -28.72 20.73 -54.54 -29.08 20.5 0.43 0x0000FF
-54.41 -28.23 21.26 -54.54 -28.72 20.73 0.43 0x0000FF
-54.29 -27.87 21.79 -54.41 -28.23 21.26 0.43 0x0000FF
-53.92 -27.26 22.24 -54.29 -27.87 21.79 0.43 0x0000FF
-53.68 -26.89 22.62 -53.92 -27.26 22.24 0.43 0x0000FF
-53.19 -26.16 23.07 -53.68 -26.89 22.62 0.43 0x0000FF
-53.19 -25.43 23.76 -53.19 -26.16 23.07 0.43 0x0000FF
-52.82 -25.07 24.21 -53.19 -25.43 23.76 0.43 0x0000FF
-52.57 -24.46 24.51 -52.82 -25.07 24.21 0.43 0x0000FF
-52.21 -23.73 24.97 -52.57 -24.46 24.51 0.43 0x0000FF
-51.96 -23.36 25.19 -52.21 -23.73 24.97 0.43 0x0000FF
-51.96 -22.75 25.5 -51.96 -23.36 25.19 0.43 0x0000FF
-51.84 -21.78 25.57 -51.96 -22.75 25.5 0.37 0x0000FF
-51.84 -21.17 25.8 -51.84 -21.78 25.57 0.37 0x0000FF
-51.22 -20.56 26.03 -51.84 -21.17 25.8 0.37 0x0000FF
-51.1 -19.82 26.25 -51.22 -20.56 26.03 0.37 0x0000FF
-50.86 -19.1 26.86 -51.1 -19.82 26.25 0.37 0x0000FF
-50.86 -18.48 27.01 -50.86 -19.1 26.86 0.37 0x0000FF
-50.73 -17.88 27.32 -50.86 -18.48 27.01 0.37 0x0000FF
-50.73 -16.91 27.69 -50.73 -17.88 27.32 0.37 0x0000FF
-50.0 -16.05 27.69 -50.73 -16.91 27.69 0.305 0x0000FF
-49.63 -15.45 27.92 -50.0 -16.05 27.69 0.305 0x0000FF
-49.02 -14.47 28.0 -49.63 -15.45 27.92 0.305 0x0000FF
-48.28 -13.74 28.3 -49.02 -14.47 28.0 0.305 0x0000FF
-47.91 -12.89 28.3 -48.28 -13.74 28.3 0.245 0x0000FF
-47.54 -12.16 28.6 -47.91 -12.89 28.3 0.245 0x0000FF
-46.82 -11.29 28.6 -47.54 -12.16 28.6 0.245 0x0000FF
-46.45 -10.07 28.68 -46.82 -11.29 28.6 0.245 0x0000FF
-46.09 -8.73 28.98 -46.45 -10.07 28.68 0.245 0x0000FF
-45.72 -7.27 29.06 -46.09 -8.73 28.98 0.245 0x0000FF
-44.98 -6.18 29.21 -45.72 -7.27 29.06 0.245 0x0000FF
-44.86 -5.45 29.28 -44.98 -6.18 29.21 0.245 0x0000FF
-44.86 -4.34 29.36 -44.86 -5.45 29.28 0.245 0x0000FF
-44.86 -3.01 29.51 -44.86 -4.34 29.36 0.245 0x0000FF
