10.87 -9.42 70.27 20.23 -7.57 0.05 1.095 0x0000FF
8.13 -9.23 70.19 10.87 -9.42 70.27 1.095 0x0000FF
6.31 -9.42 69.95 8.13 -9.23 70.19 1.095 0x0000FF
2.66 -9.77 68.98 6.31 -9.42 69.95 1.095 0x0000FF
-0.26 -10.14 68.52 2.66 -9.77 68.98 1.095 0x0000FF
-4.46 -12.15 67.61 -0.26 -10.14 68.52 1.005 0x0000FF
-6.28 -13.61 67.16 -4.46 -12.15 67.61 1.005 0x0000FF
-10.48 -16.34 66.4 -6.28 -13.61 67.16 0.82 0x0000FF
-14.31 -17.8 66.4 -10.48 -16.34 66.4 0.82 0x0000FF
-20.32 -18.89 67.39 -14.31 -17.8 66.4 0.73 0x0000FF
-23.62 -19.07 68.22 -20.32 -18.89 67.39 0.73 0x0000FF
-27.08 -19.07 69.2 -23.62 -19.07 68.22 0.455 0x0000FF
-27.81 -19.25 69.89 -27.08 -19.07 69.2 0.455 0x0000FF
-28.72 -19.44 69.95 -27.81 -19.25 69.89 0.455 0x0000FF
-30.73 -20.17 70.27 -28.72 -19.44 69.95 0.455 0x0000FF
-31.83 -20.89 70.56 -30.73 -20.17 70.27 0.455 0x0000FF
-33.65 -22.72 70.8 -31.83 -20.89 70.56 0.455 0x0000FF
-35.84 -24.9 71.25 -33.65 -22.72 70.8 0.455 0x0000FF
-37.47 -26.0 71.78 -35.84 -24.9 71.25 0.455 0x0000FF
-39.85 -26.36 72.01 -37.47 -26.0 71.78 0.455 0x0000FF
-51.35 -29.28 72.98 -39.85 -26.36 72.01 0.365 0x0000FF
-57.55 -28.73 73.22 -51.35 -29.28 72.98 0.275 0x0000FF
-66.48 -25.81 73.3 -57.55 -28.73 73.22 0.275 0x0000FF
-73.61 -23.26 73.59 -66.48 -25.81 73.3 0.275 0x0000FF
-86.93 -16.52 73.9 -73.61 -23.26 73.59 0.275 0x0000FF
-91.12 -13.97 74.36 -86.93 -16.52 73.9 0.275 0x0000FF
-96.41 -11.06 74.51 -91.12 -13.97 74.36 0.275 0x0000FF
-99.15 -9.77 74.95 -96.41 -11.06 74.51 0.275 0x0000FF
-100.06 -9.42 75.42 -99.15 -9.77 74.95 0.275 0x0000FF
-102.07 -8.69 75.87 -100.06 -9.42 75.42 0.275 0x0000FF
-104.81 -8.15 76.4 -102.07 -8.69 75.87 0.18 0x0000FF
-106.27 -7.6 77.16 -104.81 -8.15 76.4 0.18 0x0000FF
-113.38 -6.33 77.16 -106.27 -7.6 77.16 0.18 0x0000FF
-56.27 -32.01 73.45 -51.35 -29.28 72.98 0.275 0x0000FF
-60.65 -33.1 73.75 -56.27 -32.01 73.45 0.275 0x0000FF
-63.76 -34.56 73.9 -60.65 -33.1 73.75 0.275 0x0000FF
11.96 -12.34 60.87 20.23 -7.57 0.05 1.185 0x0000FF
9.96 -14.16 61.33 11.96 -12.34 60.87 1.185 0x0000FF
8.13 -16.35 61.63 9.96 -14.16 61.33 1.095 0x0000FF
7.58 -17.26 60.72 8.13 -16.35 61.63 1.095 0x0000FF
6.85 -17.8 60.27 7.58 -17.26 60.72 1.095 0x0000FF
6.31 -18.17 58.9 6.85 -17.8 60.27 1.095 0x0000FF
5.76 -18.89 58.68 6.31 -18.17 58.9 1.095 0x0000FF
4.84 -19.44 57.54 5.76 -18.89 58.68 1.095 0x0000FF
4.3 -19.8 57.24 4.84 -19.44 57.54 1.095 0x0000FF
0.65 -21.08 56.48 4.3 -19.8 57.24 1.005 0x0000FF
-2.45 -23.27 55.72 0.65 -21.08 56.48 0.82 0x0000FF
-4.09 -25.46 55.65 -2.45 -23.27 55.72 0.82 0x0000FF
-5.01 -26.55 55.27 -4.09 -25.46 55.65 0.82 0x0000FF
-8.65 -29.46 55.12 -5.01 -26.55 55.27 0.82 0x0000FF
-10.48 -30.56 55.04 -8.65 -29.46 55.12 0.73 0x0000FF
-12.49 -33.84 55.27 -10.48 -30.56 55.04 0.275 0x0000FF
-14.86 -34.75 54.96 -12.49 -33.84 55.27 0.275 0x0000FF
-17.41 -36.02 53.98 -14.86 -34.75 54.96 0.275 0x0000FF
-19.78 -37.29 53.3 -17.41 -36.02 53.98 0.275 0x0000FF
-21.24 -38.21 52.69 -19.78 -37.29 53.3 0.275 0x0000FF
-23.43 -39.67 51.93 -21.24 -38.21 52.69 0.275 0x0000FF
-25.44 -41.49 51.4 -23.43 -39.67 51.93 0.275 0x0000FF
-27.08 -42.58 50.65 -25.44 -41.49 51.4 0.275 0x0000FF
-28.18 -43.49 49.96 -27.08 -42.58 50.65 0.275 0x0000FF
-30.18 -44.95 49.51 -28.18 -43.49 49.96 0.275 0x0000FF
-32.01 -46.41 48.9 -30.18 -44.95 49.51 0.275 0x0000FF
-34.93 -48.41 48.37 -32.01 -46.41 48.9 0.275 0x0000FF
-37.29 -50.24 48.15 -34.93 -48.41 48.37 0.275 0x0000FF
-42.96 -54.24 48.15 -37.29 -50.24 48.15 0.275 0x0000FF
-45.51 -56.07 48.15 -42.96 -54.24 48.15 0.275 0x0000FF
-12.3 -30.92 55.57 -10.48 -30.56 55.04 0.455 0x0000FF
-13.03 -30.74 55.95 -12.3 -30.92 55.57 0.455 0x0000FF
-14.68 -30.92 56.48 -13.03 -30.74 55.95 0.455 0x0000FF
-15.59 -31.29 57.01 -14.68 -30.92 56.48 0.455 0x0000FF
-17.05 -31.47 57.46 -15.59 -31.29 57.01 0.455 0x0000FF
-18.32 -31.65 58.07 -17.05 -31.47 57.46 0.455 0x0000FF
-19.6 -31.65 58.45 -18.32 -31.65 58.07 0.455 0x0000FF
-23.8 -32.74 59.05 -19.6 -31.65 58.45 0.365 0x0000FF
-24.53 -32.93 59.36 -23.8 -32.74 59.05 0.365 0x0000FF
-27.45 -33.47 60.27 -24.53 -32.93 59.36 0.275 0x0000FF
-31.28 -33.84 60.27 -27.45 -33.47 60.27 0.275 0x0000FF
-34.93 -34.75 60.72 -31.28 -33.84 60.27 0.275 0x0000FF
27.0 -0.19 73.3 20.23 -7.57 0.05 1.005 0x0000FF
30.47 1.45 73.67 27.0 -0.19 73.3 1.005 0x0000FF
33.39 2.0 74.13 30.47 1.45 73.67 1.005 0x0000FF
35.03 2.36 74.43 33.39 2.0 74.13 1.005 0x0000FF
39.4 2.91 75.04 35.03 2.36 74.43 1.005 0x0000FF
41.05 2.91 75.27 39.4 2.91 75.04 1.005 0x0000FF
44.36 3.45 73.9 41.05 2.91 75.27 0.365 0x0000FF
47.47 3.63 74.2 44.36 3.45 73.9 0.365 0x0000FF
49.47 4.18 74.58 47.47 3.63 74.2 0.365 0x0000FF
50.2 4.54 74.89 49.47 4.18 74.58 0.365 0x0000FF
51.12 4.54 75.27 50.2 4.54 74.89 0.365 0x0000FF
51.85 4.91 75.64 51.12 4.54 75.27 0.365 0x0000FF
53.12 4.91 76.09 51.85 4.91 75.64 0.365 0x0000FF
59.69 10.92 75.87 53.12 4.91 76.09 0.09 0x0000FF
62.79 12.92 76.4 59.69 10.92 75.87 0.09 0x0000FF
65.34 14.38 76.7 62.79 12.92 76.4 0.09 0x0000FF
68.08 15.66 77.39 65.34 14.38 76.7 0.09 0x0000FF
70.27 16.38 77.92 68.08 15.66 77.39 0.09 0x0000FF
72.45 16.75 78.67 70.27 16.38 77.92 0.09 0x0000FF
73.92 17.11 79.58 72.45 16.75 78.67 0.09 0x0000FF
74.83 17.3 80.34 73.92 17.11 79.58 0.09 0x0000FF
76.66 18.02 81.25 74.83 17.3 80.34 0.09 0x0000FF
80.48 19.85 81.78 76.66 18.02 81.25 0.09 0x0000FF
85.23 21.67 82.39 80.48 19.85 81.78 0.09 0x0000FF
87.06 22.21 82.69 85.23 21.67 82.39 0.09 0x0000FF
89.25 22.58 83.75 87.06 22.21 82.69 0.09 0x0000FF
92.17 22.58 84.66 89.25 22.58 83.75 0.09 0x0000FF
57.68 5.09 76.33 53.12 4.91 76.09 0.275 0x0000FF
60.24 5.45 76.86 57.68 5.09 76.33 0.275 0x0000FF
62.25 6.18 77.45 60.24 5.45 76.86 0.275 0x0000FF
64.62 6.91 77.31 62.25 6.18 77.45 0.275 0x0000FF
66.26 7.82 76.48 64.62 6.91 77.31 0.275 0x0000FF
67.17 8.36 75.42 66.26 7.82 76.48 0.275 0x0000FF
68.45 9.1 74.58 67.17 8.36 75.42 0.275 0x0000FF
70.27 9.83 74.36 68.45 9.1 74.58 0.18 0x0000FF
72.64 11.47 73.67 70.27 9.83 74.36 0.18 0x0000FF
77.75 13.65 72.92 72.64 11.47 73.67 0.09 0x0000FF
81.22 14.56 72.61 77.75 13.65 72.92 0.09 0x0000FF
87.97 14.38 72.23 81.22 14.56 72.61 0.09 0x0000FF
43.61 1.09 75.42 41.05 2.91 75.27 0.73 0x0000FF
45.98 0.91 75.87 43.61 1.09 75.42 0.64 0x0000FF
48.53 0.0 76.02 45.98 0.91 75.87 0.64 0x0000FF
51.27 -1.64 76.48 48.53 0.0 76.02 0.365 0x0000FF
53.64 -2.74 77.01 51.27 -1.64 76.48 0.365 0x0000FF
54.01 -3.1 77.76 53.64 -2.74 77.01 0.365 0x0000FF
54.92 -4.2 78.06 54.01 -3.1 77.76 0.365 0x0000FF
56.38 -4.92 77.01 54.92 -4.2 78.06 0.365 0x0000FF
57.66 -5.47 75.72 56.38 -4.92 77.01 0.365 0x0000FF
60.21 -6.56 75.19 57.66 -5.47 75.72 0.365 0x0000FF
61.67 -7.48 74.28 60.21 -6.56 75.19 0.365 0x0000FF
62.58 -8.02 73.3 61.67 -7.48 74.28 0.365 0x0000FF
64.04 -8.57 72.16 62.58 -8.02 73.3 0.365 0x0000FF
65.14 -9.3 71.09 64.04 -8.57 72.16 0.365 0x0000FF
67.69 -10.21 70.34 65.14 -9.3 71.09 0.365 0x0000FF
69.7 -11.12 69.73 67.69 -10.21 70.34 0.365 0x0000FF
71.7 -12.58 69.2 69.7 -11.12 69.73 0.365 0x0000FF
75.17 -14.76 68.67 71.7 -12.58 69.2 0.365 0x0000FF
77.73 -16.77 68.06 75.17 -14.76 68.67 0.365 0x0000FF
79.37 -18.41 67.23 77.73 -16.77 68.06 0.365 0x0000FF
81.56 -20.23 66.48 79.37 -18.41 67.23 0.365 0x0000FF
85.02 -22.05 66.02 81.56 -20.23 66.48 0.365 0x0000FF
87.94 -23.69 65.11 85.02 -22.05 66.02 0.365 0x0000FF
91.77 -25.88 64.36 87.94 -23.69 65.11 0.365 0x0000FF
96.15 -28.25 63.45 91.77 -25.88 64.36 0.365 0x0000FF
101.26 -31.34 62.54 96.15 -28.25 63.45 0.365 0x0000FF
105.09 -34.08 61.4 101.26 -31.34 62.54 0.365 0x0000FF
118.23 -38.45 60.49 105.09 -34.08 61.4 0.365 0x0000FF
126.99 -41.0 60.34 118.23 -38.45 60.49 0.365 0x0000FF
135.19 -44.1 60.04 126.99 -41.0 60.34 0.365 0x0000FF
137.75 -46.83 59.21 135.19 -44.1 60.04 0.275 0x0000FF
162.19 -52.3 58.6 137.75 -46.83 59.21 0.275 0x0000FF
168.8 -53.76 56.48 162.19 -52.3 58.6 0.275 0x0000FF
172.08 -55.58 55.57 168.8 -53.76 56.48 0.275 0x0000FF
29.19 -7.09 58.6 20.23 -7.57 0.05 1.275 0x0000FF
30.28 -6.72 58.22 29.19 -7.09 58.6 1.275 0x0000FF
30.65 -6.72 57.62 30.28 -6.72 58.22 1.275 0x0000FF
31.74 -6.72 56.78 30.65 -6.72 57.62 1.275 0x0000FF
33.2 -6.72 56.25 31.74 -6.72 56.78 1.275 0x0000FF
34.29 -6.72 55.65 33.2 -6.72 56.25 1.275 0x0000FF
35.76 -6.72 54.81 34.29 -6.72 55.65 1.275 0x0000FF
37.58 -6.72 54.51 35.76 -6.72 54.81 1.275 0x0000FF
37.95 -7.64 54.51 37.58 -6.72 54.51 0.64 0x0000FF
38.31 -8.91 54.81 37.95 -7.64 54.51 0.64 0x0000FF
38.68 -9.27 55.42 38.31 -8.91 54.81 0.64 0x0000FF
39.04 -10.37 55.72 38.68 -9.27 55.42 0.455 0x0000FF
39.4 -11.1 55.87 39.04 -10.37 55.72 0.455 0x0000FF
39.4 -11.83 56.25 39.4 -11.1 55.87 0.455 0x0000FF
39.4 -12.37 56.55 39.4 -11.83 56.25 0.455 0x0000FF
39.59 -12.92 57.09 39.4 -12.37 56.55 0.455 0x0000FF
39.77 -13.83 57.62 39.59 -12.92 57.09 0.455 0x0000FF
39.95 -14.74 59.13 39.77 -13.83 57.62 0.455 0x0000FF
42.33 -16.38 58.75 39.95 -14.74 59.13 0.365 0x0000FF
43.97 -16.75 57.31 42.33 -16.38 58.75 0.365 0x0000FF
47.43 -17.11 56.1 43.97 -16.75 57.31 0.365 0x0000FF
49.81 -17.66 54.66 47.43 -17.11 56.1 0.365 0x0000FF
52.0 -17.84 54.21 49.81 -17.66 54.66 0.365 0x0000FF
54.0 -18.39 53.3 52.0 -17.84 54.21 0.365 0x0000FF
56.37 -18.93 52.09 54.0 -18.39 53.3 0.365 0x0000FF
57.47 -19.48 51.78 56.37 -18.93 52.09 0.365 0x0000FF
60.39 -20.57 50.42 57.47 -19.48 51.78 0.365 0x0000FF
62.94 -20.75 49.74 60.39 -20.57 50.42 0.365 0x0000FF
66.04 -21.66 48.83 62.94 -20.75 49.74 0.275 0x0000FF
39.95 -6.0 53.22 37.58 -6.72 54.51 1.275 0x0000FF
40.14 -6.0 51.93 39.95 -6.0 53.22 1.275 0x0000FF
41.05 -5.08 51.86 40.14 -6.0 51.93 1.185 0x0000FF
42.69 -2.52 50.8 41.05 -5.08 51.86 0.73 0x0000FF
43.6 -1.26 50.42 42.69 -2.52 50.8 0.64 0x0000FF
44.88 -0.53 49.81 43.6 -1.26 50.42 0.64 0x0000FF
45.43 0.75 49.59 44.88 -0.53 49.81 0.64 0x0000FF
49.62 5.48 50.57 45.43 0.75 49.59 0.275 0x0000FF
52.18 9.49 50.27 49.62 5.48 50.57 0.275 0x0000FF
54.19 11.68 49.81 52.18 9.49 50.27 0.275 0x0000FF
56.92 15.5 49.13 54.19 11.68 49.81 0.275 0x0000FF
59.66 19.88 48.75 56.92 15.5 49.13 0.275 0x0000FF
62.03 23.52 48.53 59.66 19.88 48.75 0.275 0x0000FF
66.41 28.8 47.77 62.03 23.52 48.53 0.275 0x0000FF
67.5 30.26 47.69 66.41 28.8 47.77 0.275 0x0000FF
69.15 32.81 47.39 67.5 30.26 47.69 0.275 0x0000FF
71.15 34.82 46.78 69.15 32.81 47.39 0.275 0x0000FF
72.98 36.09 46.03 71.15 34.82 46.78 0.275 0x0000FF
73.7 36.64 45.04 72.98 36.09 46.03 0.275 0x0000FF
75.7 37.54 44.51 73.7 36.64 45.04 0.275 0x0000FF
76.26 37.9 43.83 75.7 37.54 44.51 0.275 0x0000FF
78.27 38.83 42.54 76.26 37.9 43.83 0.275 0x0000FF
80.45 39.74 41.25 78.27 38.83 42.54 0.275 0x0000FF
84.47 42.65 40.34 80.45 39.74 41.25 0.275 0x0000FF
86.48 44.84 39.65 84.47 42.65 40.34 0.275 0x0000FF
45.79 0.56 49.36 45.43 0.75 49.59 0.455 0x0000FF
50.9 1.29 49.36 45.79 0.56 49.36 0.365 0x0000FF
52.36 1.11 49.51 50.9 1.29 49.36 0.365 0x0000FF
52.91 1.29 50.19 52.36 1.11 49.51 0.365 0x0000FF
52.91 1.29 51.48 52.91 1.29 50.19 0.365 0x0000FF
54.37 1.29 52.24 52.91 1.29 51.48 0.365 0x0000FF
54.73 1.29 52.99 54.37 1.29 52.24 0.365 0x0000FF
58.2 0.75 53.68 54.73 1.29 52.99 0.365 0x0000FF
61.3 -0.17 54.13 58.2 0.75 53.68 0.365 0x0000FF
72.25 -1.44 54.74 61.3 -0.17 54.13 0.365 0x0000FF
82.65 0.02 55.42 72.25 -1.44 54.74 0.365 0x0000FF
87.94 2.93 55.87 82.65 0.02 55.42 0.365 0x0000FF
99.98 6.94 56.63 87.94 2.93 55.87 0.365 0x0000FF
104.54 8.4 56.93 99.98 6.94 56.63 0.365 0x0000FF
113.3 8.94 57.99 104.54 8.4 56.93 0.365 0x0000FF
116.77 9.86 58.37 113.3 8.94 57.99 0.365 0x0000FF
124.79 11.5 59.21 116.77 9.86 58.37 0.365 0x0000FF
127.71 12.22 59.28 124.79 11.5 59.21 0.365 0x0000FF
130.44 12.59 59.89 127.71 12.22 59.28 0.365 0x0000FF
137.75 13.14 61.02 130.44 12.59 59.89 0.365 0x0000FF
142.31 13.68 61.71 137.75 13.14 61.02 0.365 0x0000FF
151.43 14.41 62.99 142.31 13.68 61.71 0.275 0x0000FF
152.34 14.78 63.22 151.43 14.41 62.99 0.275 0x0000FF
42.33 -5.63 51.63 41.05 -5.08 51.86 0.91 0x0000FF
43.97 -5.63 51.25 42.33 -5.63 51.63 0.91 0x0000FF
44.52 -5.81 50.34 43.97 -5.63 51.25 0.91 0x0000FF
45.06 -5.81 49.59 44.52 -5.81 50.34 0.91 0x0000FF
47.25 -5.81 49.13 45.06 -5.81 49.59 0.82 0x0000FF
47.8 -6.0 48.53 47.25 -5.81 49.13 0.64 0x0000FF
48.53 -5.81 47.92 47.8 -6.0 48.53 0.64 0x0000FF
49.26 -5.45 47.24 48.53 -5.81 47.92 0.64 0x0000FF
49.81 -5.08 46.18 49.26 -5.45 47.24 0.64 0x0000FF
51.08 -4.72 45.27 49.81 -5.08 46.18 0.545 0x0000FF
52.18 -4.72 44.81 51.08 -4.72 45.27 0.545 0x0000FF
52.54 -4.54 43.75 52.18 -4.72 44.81 0.545 0x0000FF
53.46 -4.36 42.84 52.54 -4.54 43.75 0.545 0x0000FF
54.0 -4.17 42.31 53.46 -4.36 42.84 0.545 0x0000FF
55.28 -3.99 41.48 54.0 -4.17 42.31 0.545 0x0000FF
55.83 -3.81 41.25 55.28 -3.99 41.48 0.545 0x0000FF
56.19 -3.81 39.59 55.83 -3.81 41.25 0.545 0x0000FF
56.37 -3.81 37.61 56.19 -3.81 39.59 0.545 0x0000FF
56.92 -3.99 36.47 56.37 -3.81 37.61 0.545 0x0000FF
58.93 -3.26 33.68 56.92 -3.99 36.47 0.455 0x0000FF
59.29 -2.52 33.38 58.93 -3.26 33.68 0.455 0x0000FF
60.21 -1.26 32.85 59.29 -2.52 33.38 0.455 0x0000FF
60.75 -0.71 32.24 60.21 -1.26 32.85 0.365 0x0000FF
61.85 0.38 32.09 60.75 -0.71 32.24 0.365 0x0000FF
65.13 2.2 31.63 61.85 0.38 32.09 0.275 0x0000FF
24.93 -18.48 64.95 20.23 -7.57 0.05 2.28 0x0000FF
25.48 -20.48 65.64 24.93 -18.48 64.95 2.28 0x0000FF
26.03 -21.94 66.18 25.48 -20.48 65.64 2.28 0x0000FF
26.21 -22.85 67.31 26.03 -21.94 66.18 2.28 0x0000FF
26.39 -23.94 67.54 26.21 -22.85 67.31 2.28 0x0000FF
27.49 -28.68 68.83 26.39 -23.94 67.54 2.1 0x0000FF
27.3 -30.87 69.2 27.49 -28.68 68.83 2.1 0x0000FF
27.12 -34.33 69.51 27.3 -30.87 69.2 2.1 0x0000FF
26.39 -39.07 69.66 27.12 -34.33 69.51 2.005 0x0000FF
25.48 -45.81 70.19 26.39 -39.07 69.66 2.005 0x0000FF
25.84 -55.83 70.8 25.48 -45.81 70.19 2.005 0x0000FF
26.39 -65.48 71.33 25.84 -55.83 70.8 2.005 0x0000FF
26.7 -68.56 71.33 26.39 -65.48 71.33 2.005 0x0000FF
26.94 -70.04 70.87 26.7 -68.56 71.33 2.005 0x0000FF
27.85 -72.77 70.48 26.94 -70.04 70.87 2.005 0x0000FF
29.13 -75.31 69.89 27.85 -72.77 70.48 1.825 0x0000FF
29.31 -76.05 69.51 29.13 -75.31 69.89 1.825 0x0000FF
29.31 -76.05 68.83 29.31 -76.05 69.51 1.825 0x0000FF
29.49 -76.95 67.92 29.31 -76.05 68.83 1.825 0x0000FF
29.98 -83.45 66.4 29.49 -76.95 67.92 0.82 0x0000FF
30.35 -89.46 66.55 29.98 -83.45 66.4 0.82 0x0000FF
31.08 -93.28 66.78 30.35 -89.46 66.55 0.82 0x0000FF
32.35 -97.29 66.93 31.08 -93.28 66.78 0.82 0x0000FF
34.18 -101.67 67.08 32.35 -97.29 66.93 0.82 0x0000FF
36.19 -104.4 67.54 34.18 -101.67 67.08 0.82 0x0000FF
36.72 -107.5 67.98 36.19 -104.4 67.54 0.82 0x0000FF
37.75 -112.29 69.13 36.72 -107.5 67.98 0.82 0x0000FF
38.29 -116.12 69.81 37.75 -112.29 69.13 0.82 0x0000FF
38.47 -118.85 70.27 38.29 -116.12 69.81 0.82 0x0000FF
38.11 -124.68 70.64 38.47 -118.85 70.27 0.82 0x0000FF
37.57 -131.06 71.25 38.11 -124.68 70.64 0.82 0x0000FF
37.38 -133.43 71.86 37.57 -131.06 71.25 0.82 0x0000FF
36.47 -137.44 71.86 37.38 -133.43 71.86 0.82 0x0000FF
36.11 -139.99 71.25 36.47 -137.44 71.86 0.82 0x0000FF
35.56 -141.81 70.64 36.11 -139.99 71.25 0.82 0x0000FF
35.38 -142.72 69.51 35.56 -141.81 70.64 0.82 0x0000FF
35.19 -144.36 69.36 35.38 -142.72 69.51 0.82 0x0000FF
35.01 -145.63 68.75 35.19 -144.36 69.36 0.82 0x0000FF
34.83 -148.55 67.98 35.01 -145.63 68.75 0.82 0x0000FF
34.83 -149.28 67.39 34.83 -148.55 67.98 0.82 0x0000FF
34.83 -150.91 68.22 34.83 -149.28 67.39 0.82 0x0000FF
35.01 -152.56 68.75 34.83 -150.91 68.22 0.82 0x0000FF
35.01 -154.74 69.2 35.01 -152.56 68.75 0.82 0x0000FF
34.65 -158.38 69.95 35.01 -154.74 69.2 0.82 0x0000FF
34.46 -163.85 70.11 34.65 -158.38 69.95 0.82 0x0000FF
34.28 -167.32 70.64 34.46 -163.85 70.11 0.82 0x0000FF
34.1 -171.51 70.27 34.28 -167.32 70.64 0.82 0x0000FF
33.92 -174.42 70.34 34.1 -171.51 70.27 0.82 0x0000FF
33.92 -176.79 69.81 33.92 -174.42 70.34 0.82 0x0000FF
33.92 -178.07 69.58 33.92 -176.79 69.81 0.82 0x0000FF
33.72 -183.53 68.83 33.92 -178.07 69.58 0.82 0x0000FF
34.1 -192.28 68.45 33.72 -183.53 68.83 0.82 0x0000FF
35.01 -196.1 67.98 34.1 -192.28 68.45 0.82 0x0000FF
35.38 -198.84 67.98 35.01 -196.1 67.98 0.82 0x0000FF
35.92 -200.84 68.67 35.38 -198.84 67.98 0.82 0x0000FF
36.84 -204.3 69.43 35.92 -200.84 68.67 0.82 0x0000FF
37.57 -207.04 70.19 36.84 -204.3 69.43 0.82 0x0000FF
40.67 -215.78 70.87 37.57 -207.04 70.19 0.82 0x0000FF
41.76 -221.25 69.89 40.67 -215.78 70.87 0.82 0x0000FF
42.31 -224.71 69.13 41.76 -221.25 69.89 0.82 0x0000FF
42.67 -226.71 68.45 42.31 -224.71 69.13 0.82 0x0000FF
42.31 -230.36 68.37 42.67 -226.71 68.45 0.82 0x0000FF
41.4 -234.55 68.06 42.31 -230.36 68.37 0.82 0x0000FF
40.49 -238.19 67.54 41.4 -234.55 68.06 0.82 0x0000FF
39.39 -243.11 67.16 40.49 -238.19 67.54 0.82 0x0000FF
39.39 -247.12 66.63 39.39 -243.11 67.16 0.82 0x0000FF
39.76 -252.04 66.33 39.39 -247.12 66.63 0.82 0x0000FF
39.94 -255.32 65.8 39.76 -252.04 66.33 0.82 0x0000FF
38.4 -267.51 65.11 39.94 -255.32 65.8 0.82 0x0000FF
38.77 -274.44 64.43 38.4 -267.51 65.11 0.82 0x0000FF
38.4 -284.82 64.2 38.77 -274.44 64.43 0.82 0x0000FF
38.04 -293.2 63.75 38.4 -284.82 64.2 0.82 0x0000FF
38.22 -303.04 63.37 38.04 -293.2 63.75 0.82 0x0000FF
40.22 -321.44 62.92 38.22 -303.04 63.37 0.82 0x0000FF
40.59 -331.46 62.69 40.22 -321.44 62.92 0.82 0x0000FF
39.68 -337.11 62.31 40.59 -331.46 62.69 0.82 0x0000FF
39.32 -343.49 61.86 39.68 -337.11 62.31 0.82 0x0000FF
39.32 -346.04 61.78 39.32 -343.49 61.86 0.82 0x0000FF
39.75 -360.96 61.25 39.32 -346.04 61.78 0.82 0x0000FF
39.56 -367.34 61.1 39.75 -360.96 61.25 0.82 0x0000FF
39.02 -378.82 60.87 39.56 -367.34 61.1 0.82 0x0000FF
39.93 -388.11 60.8 39.02 -378.82 60.87 0.82 0x0000FF
39.93 -396.13 60.95 39.93 -388.11 60.8 0.82 0x0000FF
40.11 -400.14 61.48 39.93 -396.13 60.95 0.82 0x0000FF
41.21 -404.87 62.46 40.11 -400.14 61.48 0.82 0x0000FF
41.39 -410.52 62.84 41.21 -404.87 62.46 0.82 0x0000FF
41.39 -415.99 63.37 41.39 -410.52 62.84 0.82 0x0000FF
41.02 -420.72 63.98 41.39 -415.99 63.37 0.82 0x0000FF
41.21 -423.82 62.77 41.02 -420.72 63.98 0.82 0x0000FF
40.47 -427.1 62.31 41.21 -423.82 62.77 0.82 0x0000FF
39.38 -430.75 61.63 40.47 -427.1 62.31 0.82 0x0000FF
38.47 -433.3 61.02 39.38 -430.75 61.63 0.82 0x0000FF
36.83 -436.21 60.49 38.47 -433.3 61.02 0.82 0x0000FF
35.14 -438.13 59.66 36.83 -436.21 60.49 0.82 0x0000FF
34.4 -438.86 58.83 35.14 -438.13 59.66 0.82 0x0000FF
33.68 -440.86 58.52 34.4 -438.86 58.83 0.82 0x0000FF
31.31 -445.78 57.84 33.68 -440.86 58.52 0.73 0x0000FF
29.12 -450.15 57.54 31.31 -445.78 57.84 0.545 0x0000FF
27.84 -453.8 57.31 29.12 -450.15 57.54 0.275 0x0000FF
24.92 -460.54 57.16 27.84 -453.8 57.31 0.275 0x0000FF
23.1 -464.55 57.01 24.92 -460.54 57.16 0.275 0x0000FF
19.27 -469.28 56.55 23.1 -464.55 57.01 0.275 0x0000FF
15.8 -471.83 56.48 19.27 -469.28 56.55 0.275 0x0000FF
13.61 -474.02 56.1 15.8 -471.83 56.48 0.275 0x0000FF
24.92 -453.8 57.54 29.12 -450.15 57.54 0.365 0x0000FF
23.1 -457.08 57.46 24.92 -453.8 57.54 0.365 0x0000FF
21.46 -460.9 57.24 23.1 -457.08 57.46 0.365 0x0000FF
16.35 -467.1 57.31 21.46 -460.9 57.24 0.275 0x0000FF
12.88 -470.38 57.54 16.35 -467.1 57.31 0.275 0x0000FF
9.6 -471.83 57.62 12.88 -470.38 57.54 0.275 0x0000FF
4.67 -475.48 57.69 9.6 -471.83 57.62 0.275 0x0000FF
-0.62 -478.76 57.54 4.67 -475.48 57.69 0.275 0x0000FF
-4.09 -481.85 57.39 -0.62 -478.76 57.54 0.275 0x0000FF
-8.1 -485.68 57.24 -4.09 -481.85 57.39 0.275 0x0000FF
-9.38 -486.59 57.01 -8.1 -485.68 57.24 0.275 0x0000FF
-10.84 -487.69 56.63 -9.38 -486.59 57.01 0.275 0x0000FF
36.29 -170.41 70.95 34.28 -167.32 70.64 0.73 0x0000FF
40.11 -175.33 70.95 36.29 -170.41 70.95 0.455 0x0000FF
41.58 -177.7 70.64 40.11 -175.33 70.95 0.365 0x0000FF
42.49 -179.34 70.42 41.58 -177.7 70.64 0.275 0x0000FF
45.41 -180.98 70.42 42.49 -179.34 70.42 0.275 0x0000FF
49.06 -182.99 70.19 45.41 -180.98 70.42 0.275 0x0000FF
54.53 -186.63 70.11 49.06 -182.99 70.19 0.275 0x0000FF
58.18 -189.18 69.89 54.53 -186.63 70.11 0.275 0x0000FF
60.92 -191.91 69.28 58.18 -189.18 69.89 0.275 0x0000FF
63.29 -194.46 68.75 60.92 -191.91 69.28 0.275 0x0000FF
65.12 -197.2 67.98 63.29 -194.46 68.75 0.275 0x0000FF
66.94 -199.02 67.45 65.12 -197.2 67.98 0.275 0x0000FF
69.31 -201.57 66.33 66.94 -199.02 67.45 0.18 0x0000FF
71.14 -203.57 66.25 69.31 -201.57 66.33 0.18 0x0000FF
73.33 -206.49 65.72 71.14 -203.57 66.25 0.09 0x0000FF
74.42 -208.13 65.42 73.33 -206.49 65.72 0.09 0x0000FF
76.98 -209.77 64.89 74.42 -208.13 65.42 0.09 0x0000FF
78.8 -210.31 64.66 76.98 -209.77 64.89 0.09 0x0000FF
30.59 -77.51 66.93 29.49 -76.95 67.92 0.73 0x0000FF
30.95 -77.33 65.87 30.59 -77.51 66.93 0.73 0x0000FF
31.68 -77.15 63.98 30.95 -77.33 65.87 0.73 0x0000FF
32.4 -77.69 63.45 31.68 -77.15 63.98 0.73 0x0000FF
33.32 -77.88 62.69 32.4 -77.69 63.45 0.73 0x0000FF
34.42 -78.23 60.8 33.32 -77.88 62.69 0.73 0x0000FF
36.24 -79.33 60.8 34.42 -78.23 60.8 0.64 0x0000FF
37.15 -79.88 60.27 36.24 -79.33 60.8 0.64 0x0000FF
39.15 -81.15 59.89 37.15 -79.88 60.27 0.545 0x0000FF
39.71 -81.34 59.36 39.15 -81.15 59.89 0.545 0x0000FF
40.99 -81.88 58.37 39.71 -81.34 59.36 0.545 0x0000FF
44.09 -82.07 57.46 40.99 -81.88 58.37 0.455 0x0000FF
49.2 -81.7 56.63 44.09 -82.07 57.46 0.455 0x0000FF
54.12 -80.97 56.48 49.2 -81.7 56.63 0.455 0x0000FF
57.59 -80.43 55.72 54.12 -80.97 56.48 0.455 0x0000FF
60.51 -79.88 54.66 57.59 -80.43 55.72 0.365 0x0000FF
64.7 -78.79 53.37 60.51 -79.88 54.66 0.365 0x0000FF
66.17 -78.23 52.46 64.7 -78.79 53.37 0.275 0x0000FF
68.48 -74.38 51.1 66.17 -78.23 52.46 0.18 0x0000FF
72.5 -72.73 51.1 68.48 -74.38 51.1 0.18 0x0000FF
81.99 -70.56 51.1 72.5 -72.73 51.1 0.18 0x0000FF
89.84 -67.28 51.1 81.99 -70.56 51.1 0.18 0x0000FF
72.37 -78.42 51.86 66.17 -78.23 52.46 0.18 0x0000FF
78.94 -77.33 51.18 72.37 -78.42 51.86 0.18 0x0000FF
84.41 -76.59 50.87 78.94 -77.33 51.18 0.18 0x0000FF
92.99 -75.31 50.27 84.41 -76.59 50.87 0.18 0x0000FF
98.64 -74.95 49.96 92.99 -75.31 50.27 0.18 0x0000FF
103.75 -73.31 42.01 98.64 -74.95 49.96 0.18 0x0000FF
113.06 -72.77 41.18 103.75 -73.31 42.01 0.18 0x0000FF
117.07 -72.04 40.72 113.06 -72.77 41.18 0.18 0x0000FF
122.73 -69.68 39.74 117.07 -72.04 40.72 0.18 0x0000FF
127.11 -67.48 38.0 122.73 -69.68 39.74 0.18 0x0000FF
129.47 -66.58 38.0 127.11 -67.48 38.0 0.18 0x0000FF
132.94 -65.12 36.78 129.47 -66.58 38.0 0.18 0x0000FF
137.69 -62.39 35.88 132.94 -65.12 36.78 0.18 0x0000FF
144.44 -59.66 34.74 137.69 -62.39 35.88 0.18 0x0000FF
149.72 -56.56 33.15 144.44 -59.66 34.74 0.18 0x0000FF
152.47 -54.74 33.07 149.72 -56.56 33.15 0.18 0x0000FF
165.06 -43.26 31.48 152.47 -54.74 33.07 0.18 0x0000FF
170.35 -40.89 31.25 165.06 -43.26 31.48 0.18 0x0000FF
175.04 -39.4 30.88 170.35 -40.89 31.25 0.18 0x0000FF
27.07 -68.39 73.59 26.7 -68.56 71.33 0.275 0x0000FF
27.07 -68.39 70.72 27.07 -68.39 73.59 0.275 0x0000FF
26.15 -68.56 69.66 27.07 -68.39 70.72 0.275 0x0000FF
26.15 -68.56 66.48 26.15 -68.56 69.66 0.275 0x0000FF
26.15 -68.56 63.6 26.15 -68.56 66.48 0.275 0x0000FF
25.24 -69.12 62.77 26.15 -68.56 63.6 0.275 0x0000FF
25.24 -69.12 59.66 25.24 -69.12 62.77 0.275 0x0000FF
25.24 -69.12 56.1 25.24 -69.12 59.66 0.275 0x0000FF
25.24 -69.12 52.39 25.24 -69.12 56.1 0.275 0x0000FF
25.24 -69.12 48.98 25.24 -69.12 52.39 0.275 0x0000FF
24.51 -69.48 48.37 25.24 -69.12 48.98 0.275 0x0000FF
24.33 -70.03 45.87 24.51 -69.48 48.37 0.275 0x0000FF
23.96 -70.58 44.81 24.33 -70.03 45.87 0.275 0x0000FF
23.05 -72.04 43.53 23.96 -70.58 44.81 0.18 0x0000FF
22.5 -72.58 43.0 23.05 -72.04 43.53 0.18 0x0000FF
21.04 -73.48 41.4 22.5 -72.58 43.0 0.18 0x0000FF
20.13 -74.04 42.77 21.04 -73.48 41.4 0.18 0x0000FF
19.39 -74.4 43.45 20.13 -74.04 42.77 0.18 0x0000FF
18.67 -74.59 44.51 19.39 -74.4 43.45 0.18 0x0000FF
17.57 -75.31 45.5 18.67 -74.59 44.51 0.18 0x0000FF
16.3 -75.86 46.56 17.57 -75.31 45.5 0.18 0x0000FF
15.39 -76.04 47.54 16.3 -75.86 46.56 0.18 0x0000FF
14.29 -76.77 48.3 15.39 -76.04 47.54 0.18 0x0000FF
13.38 -77.68 48.9 14.29 -76.77 48.3 0.18 0x0000FF
12.47 -78.78 49.28 13.38 -77.68 48.9 0.18 0x0000FF
11.37 -80.23 49.89 12.47 -78.78 49.28 0.18 0x0000FF
10.28 -82.24 50.8 11.37 -80.23 49.89 0.18 0x0000FF
8.82 -84.06 51.25 10.28 -82.24 50.8 0.18 0x0000FF
7.36 -84.97 51.93 8.82 -84.06 51.25 0.18 0x0000FF
6.08 -85.52 52.24 7.36 -84.97 51.93 0.18 0x0000FF
4.08 -86.25 52.77 6.08 -85.52 52.24 0.18 0x0000FF
3.35 -86.43 53.3 4.08 -86.25 52.77 0.18 0x0000FF
0.98 -87.16 53.83 3.35 -86.43 53.3 0.18 0x0000FF
-1.58 -87.52 54.28 0.98 -87.16 53.83 0.18 0x0000FF
-3.04 -88.07 54.59 -1.58 -87.52 54.28 0.18 0x0000FF
-6.69 -89.53 54.96 -3.04 -88.07 54.59 0.18 0x0000FF
