17.73 5.43 45.5 27.51 9.25 33.87 0.64 0x0000FF
13.36 4.88 45.27 17.73 5.43 45.5 0.455 0x0000FF
10.62 4.7 44.81 13.36 4.88 45.27 0.455 0x0000FF
6.43 4.34 44.28 10.62 4.7 44.81 0.455 0x0000FF
2.23 4.16 44.13 6.43 4.34 44.28 0.455 0x0000FF
-1.05 4.16 43.83 2.23 4.16 44.13 0.455 0x0000FF
-3.43 5.07 43.6 -1.05 4.16 43.83 0.275 0x0000FF
-9.81 8.35 43.98 -3.43 5.07 43.6 0.365 0x0000FF
-14.55 9.81 44.21 -9.81 8.35 43.98 0.365 0x0000FF
-20.76 9.44 44.43 -14.55 9.81 44.21 0.365 0x0000FF
-27.33 9.26 44.74 -20.76 9.44 44.43 0.365 0x0000FF
-29.52 9.99 44.21 -27.33 9.26 44.74 0.365 0x0000FF
-30.79 10.54 43.75 -29.52 9.99 44.21 0.365 0x0000FF
-33.71 11.08 42.84 -30.79 10.54 43.75 0.365 0x0000FF
-36.08 11.08 41.94 -33.71 11.08 42.84 0.365 0x0000FF
-47.21 12.54 41.1 -36.08 11.08 41.94 0.365 0x0000FF
-54.88 14.54 40.19 -47.21 12.54 41.1 0.365 0x0000FF
-57.98 15.82 39.97 -54.88 14.54 40.19 0.365 0x0000FF
-59.26 16.18 39.65 -57.98 15.82 39.97 0.365 0x0000FF
-60.53 16.55 39.06 -59.26 16.18 39.65 0.365 0x0000FF
-63.63 17.28 38.45 -60.53 16.55 39.06 0.365 0x0000FF
-67.28 17.82 37.69 -63.63 17.28 38.45 0.365 0x0000FF
-70.56 17.82 36.18 -67.28 17.82 37.69 0.365 0x0000FF
-74.58 17.82 35.11 -70.56 17.82 36.18 0.365 0x0000FF
-76.77 17.64 34.59 -74.58 17.82 35.11 0.275 0x0000FF
-81.52 19.46 33.75 -76.77 17.64 34.59 0.275 0x0000FF
-96.98 21.8 32.92 -81.52 19.46 33.75 0.275 0x0000FF
-103.0 21.44 32.31 -96.98 21.8 32.92 0.275 0x0000FF
-107.2 19.8 32.69 -103.0 21.44 32.31 0.275 0x0000FF
-109.94 18.34 33.68 -107.2 19.8 32.69 0.275 0x0000FF
-111.94 17.43 34.13 -109.94 18.34 33.68 0.275 0x0000FF
-112.67 17.25 35.42 -111.94 17.43 34.13 0.275 0x0000FF
-118.51 17.79 36.18 -112.67 17.25 35.42 0.275 0x0000FF
-123.44 20.53 36.94 -118.51 17.79 36.18 0.275 0x0000FF
-133.11 26.9 37.09 -123.44 20.53 36.94 0.275 0x0000FF
-2.5 1.97 43.53 -1.05 4.16 43.83 0.275 0x0000FF
-4.7 0.33 43.22 -2.5 1.97 43.53 0.275 0x0000FF
-6.53 -0.21 42.69 -4.7 0.33 43.22 0.275 0x0000FF
-9.81 -1.49 42.09 -6.53 -0.21 42.69 0.275 0x0000FF
-11.09 -2.58 41.48 -9.81 -1.49 42.09 0.275 0x0000FF
-11.82 -4.04 41.1 -11.09 -2.58 41.48 0.275 0x0000FF
-12.18 -5.13 40.79 -11.82 -4.04 41.1 0.275 0x0000FF
-13.1 -6.96 40.11 -12.18 -5.13 40.79 0.275 0x0000FF
-14.01 -8.77 39.36 -13.1 -6.96 40.11 0.275 0x0000FF
-14.74 -11.15 38.53 -14.01 -8.77 39.36 0.275 0x0000FF
-15.28 -12.42 37.69 -14.74 -11.15 38.53 0.275 0x0000FF
-15.83 -13.52 37.24 -15.28 -12.42 37.69 0.275 0x0000FF
-16.73 -16.25 36.86 -15.83 -13.52 37.24 0.275 0x0000FF
-17.29 -18.98 35.79 -16.73 -16.25 36.86 0.275 0x0000FF
17.96 9.77 39.97 27.51 9.25 33.87 0.82 0x0000FF
14.68 9.77 38.83 17.96 9.77 39.97 0.82 0x0000FF
13.04 9.77 37.92 14.68 9.77 38.83 0.82 0x0000FF
10.85 10.14 37.54 13.04 9.77 37.92 0.82 0x0000FF
7.38 9.59 37.47 10.85 10.14 37.54 0.545 0x0000FF
4.28 9.41 37.92 7.38 9.59 37.47 0.545 0x0000FF
-1.2 9.23 38.22 4.28 9.41 37.92 0.545 0x0000FF
-6.67 10.32 38.45 -1.2 9.23 38.22 0.545 0x0000FF
-13.24 11.42 39.13 -6.67 10.32 38.45 0.545 0x0000FF
-22.0 11.6 40.11 -13.24 11.42 39.13 0.545 0x0000FF
-30.94 10.87 40.42 -22.0 11.6 40.11 0.545 0x0000FF
-46.08 12.51 40.72 -30.94 10.87 40.42 0.545 0x0000FF
-53.31 12.97 40.72 -46.08 12.51 40.72 0.545 0x0000FF
-53.49 12.97 37.01 -53.31 12.97 40.72 0.545 0x0000FF
-54.22 13.16 34.65 -53.49 12.97 37.01 0.64 0x0000FF
-54.77 13.34 34.06 -54.22 13.16 34.65 0.64 0x0000FF
-55.5 13.7 32.92 -54.77 13.34 34.06 0.64 0x0000FF
-56.96 14.61 32.15 -55.5 13.7 32.92 0.64 0x0000FF
-58.42 15.52 30.72 -56.96 14.61 32.15 0.64 0x0000FF
-59.15 15.89 29.59 -58.42 15.52 30.72 0.64 0x0000FF
-60.79 16.8 28.53 -59.15 15.89 29.59 0.64 0x0000FF
-64.62 18.26 27.39 -60.79 16.8 28.53 0.64 0x0000FF
-66.63 18.26 26.1 -64.62 18.26 27.39 0.64 0x0000FF
-72.65 17.71 24.21 -66.63 18.26 26.1 0.64 0x0000FF
-76.3 16.8 23.76 -72.65 17.71 24.21 0.64 0x0000FF
-83.96 16.43 23.15 -76.3 16.8 23.76 0.64 0x0000FF
-89.44 16.62 23.0 -83.96 16.43 23.15 0.64 0x0000FF
-92.72 16.07 22.62 -89.44 16.62 23.0 0.64 0x0000FF
-96.92 17.37 22.77 -92.72 16.07 22.62 0.365 0x0000FF
-101.3 18.1 22.92 -96.92 17.37 22.77 0.365 0x0000FF
-103.67 19.01 22.16 -101.3 18.1 22.92 0.365 0x0000FF
-107.5 21.02 22.09 -103.67 19.01 22.16 0.365 0x0000FF
-111.52 25.21 22.01 -107.5 21.02 22.09 0.365 0x0000FF
-115.53 28.49 21.33 -111.52 25.21 22.01 0.365 0x0000FF
-119.36 30.13 21.18 -115.53 28.49 21.33 0.365 0x0000FF
-121.92 31.59 20.42 -119.36 30.13 21.18 0.365 0x0000FF
-124.1 32.5 20.04 -121.92 31.59 20.42 0.365 0x0000FF
-126.48 33.04 18.53 -124.1 32.5 20.04 0.365 0x0000FF
-127.21 33.04 15.73 -126.48 33.04 18.53 0.365 0x0000FF
-129.03 32.32 14.36 -127.21 33.04 15.73 0.365 0x0000FF
-129.76 31.95 13.3 -129.03 32.32 14.36 0.365 0x0000FF
-131.22 31.22 11.64 -129.76 31.95 13.3 0.365 0x0000FF
-131.94 30.49 9.82 -131.22 31.22 11.64 0.365 0x0000FF
-132.31 30.13 8.15 -131.94 30.49 9.82 0.365 0x0000FF
-132.31 30.13 5.04 -132.31 30.13 8.15 0.365 0x0000FF
-132.68 29.22 2.39 -132.31 30.13 5.04 0.365 0x0000FF
-94.36 14.61 22.62 -92.72 16.07 22.62 0.365 0x0000FF
-95.46 13.7 22.62 -94.36 14.61 22.62 0.365 0x0000FF
-97.28 12.43 22.62 -95.46 13.7 22.62 0.365 0x0000FF
-99.47 12.06 22.62 -97.28 12.43 22.62 0.365 0x0000FF
-102.57 11.33 22.62 -99.47 12.06 22.62 0.365 0x0000FF
-115.35 10.45 22.39 -102.57 11.33 22.62 0.365 0x0000FF
-123.74 10.09 22.39 -115.35 10.45 22.39 0.365 0x0000FF
-130.86 11.36 22.39 -123.74 10.09 22.39 0.365 0x0000FF
-54.65 13.06 41.33 -53.31 12.97 40.72 0.545 0x0000FF
-68.16 16.88 41.86 -54.65 13.06 41.33 0.545 0x0000FF
-73.26 18.16 42.54 -68.16 16.88 41.86 0.545 0x0000FF
-75.81 19.07 43.0 -73.26 18.16 42.54 0.545 0x0000FF
-82.93 20.53 43.53 -75.81 19.07 43.0 0.545 0x0000FF
-90.6 21.62 43.9 -82.93 20.53 43.53 0.545 0x0000FF
-93.52 21.98 43.53 -90.6 21.62 43.9 0.545 0x0000FF
-98.99 21.62 42.01 -93.52 21.98 43.53 0.545 0x0000FF
-107.2 17.79 38.15 -98.99 21.62 42.01 0.545 0x0000FF
-109.76 15.24 37.61 -107.2 17.79 38.15 0.545 0x0000FF
-118.15 13.24 37.01 -109.76 15.24 37.61 0.545 0x0000FF
-122.34 11.96 36.18 -118.15 13.24 37.01 0.545 0x0000FF
-130.01 9.41 36.71 -122.34 11.96 36.18 0.455 0x0000FF
-134.75 7.95 37.69 -130.01 9.41 36.71 0.455 0x0000FF
-137.66 6.5 38.0 -134.75 7.95 37.69 0.455 0x0000FF
-140.41 5.59 38.97 -137.66 6.5 38.0 0.455 0x0000FF
-144.07 6.82 39.13 -140.41 5.59 38.97 0.275 0x0000FF
-147.54 7.91 39.59 -144.07 6.82 39.13 0.275 0x0000FF
-150.46 8.82 39.89 -147.54 7.91 39.59 0.275 0x0000FF
-151.74 9.73 40.34 -150.46 8.82 39.89 0.275 0x0000FF
-154.29 10.82 40.5 -151.74 9.73 40.34 0.275 0x0000FF
-155.19 11.55 40.72 -154.29 10.82 40.5 0.275 0x0000FF
-156.85 12.1 41.25 -155.19 11.55 40.72 0.275 0x0000FF
-157.94 12.83 41.56 -156.85 12.1 41.25 0.275 0x0000FF
-142.96 3.95 38.45 -140.41 5.59 38.97 0.365 0x0000FF
-144.79 3.4 38.36 -142.96 3.95 38.45 0.365 0x0000FF
-146.61 2.67 38.07 -144.79 3.4 38.36 0.365 0x0000FF
-149.9 2.31 37.61 -146.61 2.67 38.07 0.365 0x0000FF
-153.36 2.49 37.09 -149.9 2.31 37.61 0.365 0x0000FF
-155.19 2.85 36.63 -153.36 2.49 37.09 0.365 0x0000FF
-156.65 3.04 36.4 -155.19 2.85 36.63 0.365 0x0000FF
-158.12 5.18 36.78 -156.65 3.04 36.4 0.275 0x0000FF
-161.22 9.36 36.78 -158.12 5.18 36.78 0.275 0x0000FF
-164.51 12.83 36.63 -161.22 9.36 36.78 0.275 0x0000FF
-166.88 15.93 36.1 -164.51 12.83 36.63 0.275 0x0000FF
-168.52 18.84 35.42 -166.88 15.93 36.1 0.275 0x0000FF
-170.53 21.39 34.97 -168.52 18.84 35.42 0.275 0x0000FF
-171.81 23.4 34.59 -170.53 21.39 34.97 0.275 0x0000FF
-172.9 25.22 33.68 -171.81 23.4 34.59 0.275 0x0000FF
-174.18 26.49 32.85 -172.9 25.22 33.68 0.275 0x0000FF
-175.64 29.23 31.78 -174.18 26.49 32.85 0.275 0x0000FF
-177.83 32.14 31.1 -175.64 29.23 31.78 0.275 0x0000FF
-177.83 32.51 30.12 -177.83 32.14 31.1 0.275 0x0000FF
-179.84 35.6 29.44 -177.83 32.51 30.12 0.275 0x0000FF
-182.75 37.43 28.83 -179.84 35.6 29.44 0.275 0x0000FF
-186.22 40.89 28.15 -182.75 37.43 28.83 0.275 0x0000FF
-187.86 43.44 27.54 -186.22 40.89 28.15 0.275 0x0000FF
-189.69 46.17 27.09 -187.86 43.44 27.54 0.275 0x0000FF
-166.5 6.32 35.95 -156.65 3.04 36.4 0.275 0x0000FF
-171.06 8.32 35.95 -166.5 6.32 35.95 0.275 0x0000FF
-173.8 9.96 35.88 -171.06 8.32 35.95 0.275 0x0000FF
-177.81 13.97 35.72 -173.8 9.96 35.88 0.275 0x0000FF
-181.09 16.52 36.33 -177.81 13.97 35.72 0.275 0x0000FF
-185.11 18.7 36.56 -181.09 16.52 36.33 0.275 0x0000FF
-187.48 19.62 37.31 -185.11 18.7 36.56 0.275 0x0000FF
-190.22 20.16 37.47 -187.48 19.62 37.31 0.275 0x0000FF
-192.97 23.03 37.69 -190.22 20.16 37.47 0.275 0x0000FF
-195.16 24.85 37.09 -192.97 23.03 37.69 0.275 0x0000FF
-195.89 26.13 36.94 -195.16 24.85 37.09 0.275 0x0000FF
-196.8 27.04 36.63 -195.89 26.13 36.94 0.275 0x0000FF
-197.53 27.95 37.39 -196.8 27.04 36.63 0.275 0x0000FF
-198.08 28.68 38.15 -197.53 27.95 37.39 0.275 0x0000FF
-198.45 29.96 38.68 -198.08 28.68 38.15 0.275 0x0000FF
-198.99 31.78 39.13 -198.45 29.96 38.68 0.275 0x0000FF
-199.54 33.78 39.59 -198.99 31.78 39.13 0.275 0x0000FF
-199.72 34.88 40.27 -199.54 33.78 39.59 0.275 0x0000FF
-199.91 35.6 41.25 -199.72 34.88 40.27 0.275 0x0000FF
-200.09 37.43 41.86 -199.91 35.6 41.25 0.18 0x0000FF
-200.45 38.52 42.47 -200.09 37.43 41.86 0.18 0x0000FF
-201.36 39.61 42.69 -200.45 38.52 42.47 0.18 0x0000FF
-197.88 20.16 37.84 -190.22 20.16 37.47 0.275 0x0000FF
-202.81 18.7 38.0 -197.88 20.16 37.84 0.275 0x0000FF
-208.64 16.52 38.22 -202.81 18.7 38.0 0.275 0x0000FF
-224.35 15.38 38.83 -208.64 16.52 38.22 0.18 0x0000FF
9.75 11.05 37.15 10.85 10.14 37.54 0.64 0x0000FF
9.02 11.6 35.72 9.75 11.05 37.15 0.64 0x0000FF
8.47 12.51 33.45 9.02 11.6 35.72 0.64 0x0000FF
8.47 13.97 31.1 8.47 12.51 33.45 0.545 0x0000FF
8.47 14.88 30.19 8.47 13.97 31.1 0.545 0x0000FF
38.58 8.15 41.86 27.51 9.25 33.87 0.91 0x0000FF
40.59 9.06 41.03 38.58 8.15 41.86 0.91 0x0000FF
42.23 9.43 40.65 40.59 9.06 41.03 0.91 0x0000FF
42.96 10.16 40.04 42.23 9.43 40.65 0.91 0x0000FF
44.06 10.7 39.51 42.96 10.16 40.04 0.82 0x0000FF
45.33 11.25 38.6 44.06 10.7 39.51 0.82 0x0000FF
46.61 12.16 38.22 45.33 11.25 38.6 0.82 0x0000FF
47.52 14.35 36.4 46.61 12.16 38.22 0.365 0x0000FF
47.89 14.89 36.18 47.52 14.35 36.4 0.365 0x0000FF
48.44 15.99 34.59 47.89 14.89 36.18 0.365 0x0000FF
49.17 16.53 32.54 48.44 15.99 34.59 0.365 0x0000FF
51.72 17.63 31.78 49.17 16.53 32.54 0.275 0x0000FF
52.09 17.8 30.88 51.72 17.63 31.78 0.275 0x0000FF
54.09 19.07 32.54 52.09 17.8 30.88 0.275 0x0000FF
55.73 20.72 32.69 54.09 19.07 32.54 0.275 0x0000FF
49.17 12.89 37.92 46.61 12.16 38.22 0.64 0x0000FF
50.99 14.16 37.77 49.17 12.89 37.92 0.545 0x0000FF
51.72 14.53 37.69 50.99 14.16 37.77 0.545 0x0000FF
53.18 15.26 37.39 51.72 14.53 37.69 0.545 0x0000FF
54.28 15.99 37.15 53.18 15.26 37.39 0.545 0x0000FF
55.19 16.89 36.94 54.28 15.99 37.15 0.545 0x0000FF
56.28 17.26 36.56 55.19 16.89 36.94 0.545 0x0000FF
57.01 17.44 37.01 56.28 17.26 36.56 0.545 0x0000FF
58.11 17.8 37.92 57.01 17.44 37.01 0.545 0x0000FF
58.84 17.8 38.75 58.11 17.8 37.92 0.545 0x0000FF
61.21 18.17 39.59 58.84 17.8 38.75 0.545 0x0000FF
62.15 18.14 35.5 61.21 18.17 39.59 0.365 0x0000FF
63.06 17.59 34.51 62.15 18.14 35.5 0.365 0x0000FF
63.98 16.86 34.13 63.06 17.59 34.51 0.365 0x0000FF
64.89 16.13 33.75 63.98 16.86 34.13 0.365 0x0000FF
65.62 15.77 32.69 64.89 16.13 33.75 0.365 0x0000FF
66.53 15.22 32.69 65.62 15.77 32.69 0.275 0x0000FF
67.26 14.86 33.6 66.53 15.22 32.69 0.275 0x0000FF
67.81 14.13 34.13 67.26 14.86 33.6 0.275 0x0000FF
68.54 13.4 34.51 67.81 14.13 34.13 0.275 0x0000FF
69.81 12.67 35.42 68.54 13.4 34.51 0.18 0x0000FF
71.81 11.58 36.03 69.81 12.67 35.42 0.18 0x0000FF
73.65 10.85 36.4 71.81 11.58 36.03 0.18 0x0000FF
76.38 9.94 36.86 73.65 10.85 36.4 0.18 0x0000FF
79.3 9.02 37.39 76.38 9.94 36.86 0.18 0x0000FF
83.5 8.66 37.77 79.3 9.02 37.39 0.18 0x0000FF
61.94 20.18 37.61 61.21 18.17 39.59 0.365 0x0000FF
63.82 20.81 38.9 61.94 20.18 37.61 0.365 0x0000FF
66.56 21.54 38.9 63.82 20.81 38.9 0.365 0x0000FF
70.39 21.54 38.9 66.56 21.54 38.9 0.365 0x0000FF
71.84 22.45 38.68 70.39 21.54 38.9 0.365 0x0000FF
72.22 22.99 38.15 71.84 22.45 38.68 0.365 0x0000FF
72.58 23.36 38.0 72.22 22.99 38.15 0.365 0x0000FF
74.22 24.09 37.54 72.58 23.36 38.0 0.365 0x0000FF
78.42 28.46 37.24 74.22 24.09 37.54 0.365 0x0000FF
79.15 30.65 37.15 78.42 28.46 37.24 0.365 0x0000FF
82.25 35.75 36.86 79.15 30.65 37.15 0.365 0x0000FF
86.26 37.57 36.71 82.25 35.75 36.86 0.365 0x0000FF
90.46 38.29 36.47 86.26 37.57 36.71 0.365 0x0000FF
93.56 41.76 36.33 90.46 38.29 36.47 0.275 0x0000FF
95.02 44.49 36.33 93.56 41.76 36.33 0.275 0x0000FF
96.12 47.23 36.33 95.02 44.49 36.33 0.275 0x0000FF
96.48 49.78 36.25 96.12 47.23 36.33 0.275 0x0000FF
96.66 51.6 36.18 96.48 49.78 36.25 0.275 0x0000FF
95.75 53.97 36.1 96.66 51.6 36.18 0.275 0x0000FF
94.66 55.43 35.88 95.75 53.97 36.1 0.275 0x0000FF
90.46 56.7 35.72 94.66 55.43 35.88 0.275 0x0000FF
83.34 57.07 35.72 90.46 56.7 35.72 0.275 0x0000FF
81.16 56.7 35.65 83.34 57.07 35.72 0.275 0x0000FF
94.66 38.47 36.25 90.46 38.29 36.47 0.275 0x0000FF
96.48 38.65 36.03 94.66 38.47 36.25 0.275 0x0000FF
97.94 39.03 36.03 96.48 38.65 36.03 0.275 0x0000FF
99.58 39.94 35.79 97.94 39.03 36.03 0.275 0x0000FF
101.77 41.4 35.65 99.58 39.94 35.79 0.275 0x0000FF
103.78 42.85 35.34 101.77 41.4 35.65 0.275 0x0000FF
107.43 45.59 35.34 103.78 42.85 35.34 0.275 0x0000FF
110.17 47.04 35.34 107.43 45.59 35.34 0.275 0x0000FF
113.08 48.32 35.34 110.17 47.04 35.34 0.275 0x0000FF
32.75 15.62 29.97 27.51 9.25 33.87 0.455 0x0000FF
35.47 17.8 29.51 32.75 15.62 29.97 0.455 0x0000FF
37.11 19.07 28.6 35.47 17.8 29.51 0.455 0x0000FF
39.68 20.72 28.07 37.11 19.07 28.6 0.455 0x0000FF
41.14 22.91 27.62 39.68 20.72 28.07 0.455 0x0000FF
42.05 26.55 26.63 41.14 22.91 27.62 0.455 0x0000FF
42.23 32.38 25.57 42.05 26.55 26.63 0.455 0x0000FF
43.15 38.76 25.04 42.23 32.38 25.57 0.455 0x0000FF
44.06 44.77 24.29 43.15 38.76 25.04 0.455 0x0000FF
45.88 47.87 23.76 44.06 44.77 24.29 0.455 0x0000FF
48.98 52.97 23.07 45.88 47.87 23.76 0.455 0x0000FF
49.9 53.88 22.92 48.98 52.97 23.07 0.455 0x0000FF
53.18 56.62 21.94 49.9 53.88 22.92 0.365 0x0000FF
54.82 57.71 21.41 53.18 56.62 21.94 0.365 0x0000FF
58.47 59.71 20.65 54.82 57.71 21.41 0.365 0x0000FF
59.02 60.08 21.94 58.47 59.71 20.65 0.365 0x0000FF
59.75 60.62 22.62 59.02 60.08 21.94 0.365 0x0000FF
60.48 61.17 23.22 59.75 60.62 22.62 0.365 0x0000FF
63.58 62.63 24.51 60.48 61.17 23.22 0.275 0x0000FF
23.81 18.72 37.61 27.51 9.25 33.87 1.005 0x0000FF
20.52 22.73 38.22 23.81 18.72 37.61 1.005 0x0000FF
18.14 25.82 38.29 20.52 22.73 38.22 1.005 0x0000FF
16.69 29.1 38.68 18.14 25.82 38.29 1.005 0x0000FF
16.3 30.93 38.07 16.69 29.1 38.68 0.365 0x0000FF
16.3 32.02 37.47 16.3 30.93 38.07 0.365 0x0000FF
16.67 33.29 36.33 16.3 32.02 37.47 0.365 0x0000FF
17.39 34.93 35.95 16.67 33.29 36.33 0.365 0x0000FF
19.23 36.57 35.19 17.39 34.93 35.95 0.365 0x0000FF
20.69 37.67 34.13 19.23 36.57 35.19 0.275 0x0000FF
21.78 39.67 33.83 20.69 37.67 34.13 0.275 0x0000FF
22.87 40.58 34.13 21.78 39.67 33.83 0.275 0x0000FF
23.79 41.49 34.65 22.87 40.58 34.13 0.275 0x0000FF
27.07 43.68 34.36 23.79 41.49 34.65 0.18 0x0000FF
32.18 46.6 34.28 27.07 43.68 34.36 0.18 0x0000FF
36.38 50.97 33.68 32.18 46.6 34.28 0.18 0x0000FF
40.76 53.88 33.15 36.38 50.97 33.68 0.18 0x0000FF
45.32 56.43 31.94 40.76 53.88 33.15 0.18 0x0000FF
50.79 60.62 31.63 45.32 56.43 31.94 0.18 0x0000FF
55.17 66.81 30.42 50.79 60.62 31.63 0.18 0x0000FF
22.87 46.78 34.81 23.79 41.49 34.65 0.275 0x0000FF
22.69 50.06 35.19 22.87 46.78 34.81 0.275 0x0000FF
22.33 51.7 35.72 22.69 50.06 35.19 0.275 0x0000FF
21.78 54.25 34.97 22.33 51.7 35.72 0.18 0x0000FF
20.32 58.07 34.44 21.78 54.25 34.97 0.18 0x0000FF
18.5 61.54 33.45 20.32 58.07 34.44 0.18 0x0000FF
17.57 63.72 32.69 18.5 61.54 33.45 0.18 0x0000FF
17.22 65.18 31.78 17.57 63.72 32.69 0.18 0x0000FF
16.67 66.45 31.25 17.22 65.18 31.78 0.18 0x0000FF
16.12 67.73 29.51 16.67 66.45 31.25 0.18 0x0000FF
12.13 32.02 39.74 16.69 29.1 38.68 0.91 0x0000FF
10.67 33.11 36.56 12.13 32.02 39.74 0.64 0x0000FF
8.84 35.47 37.15 10.67 33.11 36.56 0.455 0x0000FF
5.2 39.49 36.78 8.84 35.47 37.15 0.365 0x0000FF
3.74 41.68 36.1 5.2 39.49 36.78 0.365 0x0000FF
2.09 44.04 35.27 3.74 41.68 36.1 0.365 0x0000FF
-1.74 48.96 34.81 2.09 44.04 35.27 0.365 0x0000FF
-6.48 55.16 34.21 -1.74 48.96 34.81 0.365 0x0000FF
-11.41 62.08 33.38 -6.48 55.16 34.21 0.365 0x0000FF
-16.52 68.81 32.85 -11.41 62.08 33.38 0.365 0x0000FF
-24.0 78.3 32.01 -16.52 68.81 32.85 0.365 0x0000FF
-25.64 82.12 30.95 -24.0 78.3 32.01 0.365 0x0000FF
-27.46 85.04 30.88 -25.64 82.12 30.95 0.365 0x0000FF
-29.11 88.87 31.1 -27.46 85.04 30.88 0.275 0x0000FF
-30.2 91.42 30.35 -29.11 88.87 31.1 0.275 0x0000FF
-31.48 95.61 29.89 -30.2 91.42 30.35 0.275 0x0000FF
-35.31 101.26 29.66 -31.48 95.61 29.89 0.275 0x0000FF
-40.79 101.62 29.28 -35.31 101.26 29.66 0.275 0x0000FF
-43.54 101.26 28.68 -40.79 101.62 29.28 0.275 0x0000FF
-47.92 101.07 28.6 -43.54 101.26 28.68 0.275 0x0000FF
-49.01 101.62 29.36 -47.92 101.07 28.6 0.275 0x0000FF
-50.47 102.53 30.04 -49.01 101.62 29.36 0.275 0x0000FF
-51.75 103.26 30.65 -50.47 102.53 30.04 0.275 0x0000FF
-52.48 103.81 31.25 -51.75 103.26 30.65 0.275 0x0000FF
-53.21 104.53 32.01 -52.48 103.81 31.25 0.275 0x0000FF
-54.67 106.36 32.09 -53.21 104.53 32.01 0.18 0x0000FF
-55.76 108.0 32.31 -54.67 106.36 32.09 0.18 0x0000FF
-57.04 109.27 32.69 -55.76 108.0 32.31 0.18 0x0000FF
-59.41 110.55 33.22 -57.04 109.27 32.69 0.18 0x0000FF
-60.14 110.91 34.51 -59.41 110.55 33.22 0.18 0x0000FF
-61.42 112.01 35.27 -60.14 110.91 34.51 0.18 0x0000FF
-62.33 113.46 36.63 -61.42 112.01 35.27 0.18 0x0000FF
-31.3 85.4 30.88 -27.46 85.04 30.88 0.275 0x0000FF
-37.32 85.59 31.1 -31.3 85.4 30.88 0.275 0x0000FF
-44.43 85.22 31.41 -37.32 85.59 31.1 0.275 0x0000FF
-49.72 83.4 31.86 -44.43 85.22 31.41 0.275 0x0000FF
-53.92 81.76 31.86 -49.72 83.4 31.86 0.275 0x0000FF
-56.66 79.76 31.18 -53.92 81.76 31.86 0.275 0x0000FF
-60.12 77.2 30.95 -56.66 79.76 31.18 0.275 0x0000FF
-63.59 74.29 31.63 -60.12 77.2 30.95 0.275 0x0000FF
-65.41 72.29 31.71 -63.59 74.29 31.63 0.275 0x0000FF
-66.69 70.45 31.86 -65.41 72.29 31.71 0.275 0x0000FF
-69.06 67.73 32.15 -66.69 70.45 31.86 0.275 0x0000FF
-70.7 66.45 32.77 -69.06 67.73 32.15 0.275 0x0000FF
-72.16 65.18 33.45 -70.7 66.45 32.77 0.275 0x0000FF
-76.0 62.63 33.75 -72.16 65.18 33.45 0.275 0x0000FF
8.48 33.11 36.86 10.67 33.11 36.56 0.455 0x0000FF
5.01 33.47 37.15 8.48 33.11 36.86 0.455 0x0000FF
0.09 33.29 37.92 5.01 33.47 37.15 0.365 0x0000FF
-2.65 32.57 38.15 0.09 33.29 37.92 0.365 0x0000FF
-4.47 32.2 36.78 -2.65 32.57 38.15 0.365 0x0000FF
-6.12 32.2 35.88 -4.47 32.2 36.78 0.365 0x0000FF
-8.31 32.38 34.36 -6.12 32.2 35.88 0.365 0x0000FF
-15.97 30.93 34.06 -8.31 32.38 34.36 0.365 0x0000FF
-19.62 31.65 33.45 -15.97 30.93 34.06 0.365 0x0000FF
-23.81 32.57 33.07 -19.62 31.65 33.45 0.365 0x0000FF
-28.92 34.21 32.69 -23.81 32.57 33.07 0.365 0x0000FF
-33.11 35.47 32.85 -28.92 34.21 32.69 0.275 0x0000FF
-35.13 35.47 32.24 -33.11 35.47 32.85 0.275 0x0000FF
-40.24 35.85 31.94 -35.13 35.47 32.24 0.275 0x0000FF
-41.51 36.03 32.85 -40.24 35.85 31.94 0.275 0x0000FF
-43.15 36.21 33.68 -41.51 36.03 32.85 0.275 0x0000FF
-45.71 36.94 34.36 -43.15 36.21 33.68 0.275 0x0000FF
-47.9 37.49 34.81 -45.71 36.94 34.36 0.275 0x0000FF
-54.1 39.31 35.42 -47.9 37.49 34.81 0.275 0x0000FF
-55.01 39.49 36.25 -54.1 39.31 35.42 0.275 0x0000FF
-57.02 39.67 37.31 -55.01 39.49 36.25 0.275 0x0000FF
-58.12 39.67 38.22 -57.02 39.67 37.31 0.275 0x0000FF
-59.39 39.67 39.9 -58.12 39.67 38.22 0.275 0x0000FF
-59.94 39.67 40.5 -59.39 39.67 39.9 0.275 0x0000FF
-61.4 39.31 41.43 -59.94 39.67 40.5 0.275 0x0000FF
-62.86 38.4 42.51 -61.4 39.31 41.43 0.275 0x0000FF
-63.95 36.21 44.97 -62.86 38.4 42.51 0.275 0x0000FF
-65.05 34.57 45.42 -63.95 36.21 44.97 0.275 0x0000FF
-66.14 33.29 46.25 -65.05 34.57 45.42 0.275 0x0000FF
-66.87 32.57 46.86 -66.14 33.29 46.25 0.275 0x0000FF
-68.15 31.47 47.69 -66.87 32.57 46.86 0.275 0x0000FF
-69.61 30.38 48.6 -68.15 31.47 47.69 0.275 0x0000FF
-70.34 30.2 49.66 -69.61 30.38 48.6 0.275 0x0000FF
-71.25 29.1 50.27 -70.34 30.2 49.66 0.275 0x0000FF
-71.98 28.92 50.87 -71.25 29.1 50.27 0.275 0x0000FF
-73.98 27.83 51.93 -71.98 28.92 50.87 0.275 0x0000FF
-75.63 26.74 52.46 -73.98 27.83 51.93 0.275 0x0000FF
-76.36 25.28 53.07 -75.63 26.74 52.46 0.275 0x0000FF
-76.73 22.91 53.75 -76.36 25.28 53.07 0.275 0x0000FF
-76.18 19.45 54.51 -76.73 22.91 53.75 0.275 0x0000FF
-75.81 16.35 55.34 -76.18 19.45 54.51 0.275 0x0000FF
-75.63 13.25 55.87 -75.81 16.35 55.34 0.275 0x0000FF
-75.63 9.78 56.48 -75.63 13.25 55.87 0.275 0x0000FF
-76.0 6.33 58.15 -75.63 9.78 56.48 0.275 0x0000FF
-76.54 3.78 58.15 -76.0 6.33 58.15 0.275 0x0000FF
-77.64 1.05 58.15 -76.54 3.78 58.15 0.275 0x0000FF
-78.92 -1.13 58.15 -77.64 1.05 58.15 0.275 0x0000FF
-81.65 -3.51 58.52 -78.92 -1.13 58.15 0.275 0x0000FF
-84.02 -5.33 58.9 -81.65 -3.51 58.52 0.275 0x0000FF
-85.12 -6.24 59.66 -84.02 -5.33 58.9 0.275 0x0000FF
-86.58 -7.88 58.83 -85.12 -6.24 59.66 0.275 0x0000FF
-88.22 -9.52 57.69 -86.58 -7.88 58.83 0.275 0x0000FF
-89.32 -11.34 56.86 -88.22 -9.52 57.69 0.275 0x0000FF
-90.23 -13.89 55.8 -89.32 -11.34 56.86 0.275 0x0000FF
-91.32 -16.8 54.51 -90.23 -13.89 55.8 0.275 0x0000FF
-92.23 -19.36 53.52 -91.32 -16.8 54.51 0.275 0x0000FF
-92.42 -22.46 52.54 -92.23 -19.36 53.52 0.275 0x0000FF
-92.96 -25.01 51.71 -92.42 -22.46 52.54 0.275 0x0000FF
-93.15 -28.11 50.95 -92.96 -25.01 51.71 0.275 0x0000FF
-92.96 -30.84 50.12 -93.15 -28.11 50.95 0.275 0x0000FF
-92.78 -33.21 48.9 -92.96 -30.84 50.12 0.275 0x0000FF
-92.6 -36.11 47.62 -92.78 -33.21 48.9 0.275 0x0000FF
-92.42 -39.77 46.63 -92.6 -36.11 47.62 0.275 0x0000FF
-92.78 -43.05 45.65 -92.42 -39.77 46.63 0.275 0x0000FF
-93.88 -45.6 44.43 -92.78 -43.05 45.65 0.275 0x0000FF
-95.52 -47.78 43.53 -93.88 -45.6 44.43 0.275 0x0000FF
-98.26 -49.97 41.86 -95.52 -47.78 43.53 0.275 0x0000FF
-101.17 -52.16 41.18 -98.26 -49.97 41.86 0.275 0x0000FF
-102.27 -53.25 40.42 -101.17 -52.16 41.18 0.275 0x0000FF
-102.63 -53.8 39.74 -102.27 -53.25 40.42 0.275 0x0000FF
-103.0 -54.34 38.75 -102.63 -53.8 39.74 0.275 0x0000FF
-32.03 32.93 32.85 -28.92 34.21 32.69 0.275 0x0000FF
-35.31 32.75 33.22 -32.03 32.93 32.85 0.275 0x0000FF
-36.22 32.57 33.38 -35.31 32.75 33.22 0.275 0x0000FF
33.29 -1.24 40.57 27.51 9.25 33.87 2.92 0x0000FF
33.11 -3.79 41.33 33.29 -1.24 40.57 2.92 0x0000FF
33.47 -5.8 42.39 33.11 -3.79 41.33 2.92 0x0000FF
33.47 -6.53 42.54 33.47 -5.8 42.39 2.92 0x0000FF
33.65 -7.26 42.62 33.47 -6.53 42.54 2.92 0x0000FF
33.47 -8.52 42.47 33.65 -7.26 42.62 2.005 0x0000FF
32.57 -11.26 43.0 33.47 -8.52 42.47 2.005 0x0000FF
31.84 -14.54 43.3 32.57 -11.26 43.0 1.825 0x0000FF
31.11 -17.09 43.98 31.84 -14.54 43.3 1.825 0x0000FF
30.01 -20.19 44.51 31.11 -17.09 43.98 1.825 0x0000FF
28.92 -23.65 44.74 30.01 -20.19 44.51 1.825 0x0000FF
28.0 -28.03 45.19 28.92 -23.65 44.74 1.825 0x0000FF
27.46 -31.67 45.72 28.0 -28.03 45.19 1.825 0x0000FF
26.55 -34.4 46.1 27.46 -31.67 45.72 1.735 0x0000FF
26.36 -37.5 46.48 26.55 -34.4 46.1 1.735 0x0000FF
26.55 -38.04 46.03 26.36 -37.5 46.48 1.735 0x0000FF
26.36 -38.59 45.42 26.55 -38.04 46.03 1.735 0x0000FF
26.55 -40.22 45.65 26.36 -38.59 45.42 1.37 0x0000FF
26.55 -41.69 46.1 26.55 -40.22 45.65 1.37 0x0000FF
26.91 -44.06 46.1 26.55 -41.69 46.1 1.37 0x0000FF
27.28 -45.52 45.87 26.91 -44.06 46.1 1.37 0x0000FF
27.46 -46.06 45.57 27.28 -45.52 45.87 1.37 0x0000FF
27.46 -47.16 45.12 27.46 -46.06 45.57 1.37 0x0000FF
27.82 -49.34 43.83 27.46 -47.16 45.12 1.37 0x0000FF
28.0 -51.35 42.84 27.82 -49.34 43.83 1.37 0x0000FF
28.73 -53.35 41.86 28.0 -51.35 42.84 1.37 0x0000FF
29.65 -55.17 41.18 28.73 -53.35 41.86 1.37 0x0000FF
30.56 -57.91 40.57 29.65 -55.17 41.18 1.37 0x0000FF
30.92 -61.73 39.97 30.56 -57.91 40.57 1.37 0x0000FF
30.56 -64.47 39.89 30.92 -61.73 39.97 1.37 0x0000FF
30.74 -66.65 40.86 30.56 -64.47 39.89 1.37 0x0000FF
30.92 -68.48 41.25 30.74 -66.65 40.86 1.37 0x0000FF
31.29 -72.67 42.47 30.92 -68.48 41.25 1.275 0x0000FF
31.11 -75.03 42.92 31.29 -72.67 42.47 1.275 0x0000FF
31.47 -79.04 43.3 31.11 -75.03 42.92 1.275 0x0000FF
31.68 -80.77 43.3 31.47 -79.04 43.3 1.275 0x0000FF
30.58 -81.38 43.45 31.68 -80.77 43.3 0.64 0x0000FF
29.49 -82.11 43.68 30.58 -81.38 43.45 0.64 0x0000FF
29.12 -83.02 43.83 29.49 -82.11 43.68 0.64 0x0000FF
27.85 -85.39 44.36 29.12 -83.02 43.83 0.545 0x0000FF
27.48 -86.84 44.43 27.85 -85.39 44.36 0.545 0x0000FF
27.12 -89.58 45.04 27.48 -86.84 44.43 0.545 0x0000FF
26.75 -91.4 45.34 27.12 -89.58 45.04 0.545 0x0000FF
26.57 -92.31 45.42 26.75 -91.4 45.34 0.545 0x0000FF
26.57 -93.4 45.72 26.57 -92.31 45.42 0.545 0x0000FF
26.2 -96.14 46.18 26.57 -93.4 45.72 0.455 0x0000FF
25.84 -98.69 46.48 26.2 -96.14 46.18 0.455 0x0000FF
25.66 -100.69 46.78 25.84 -98.69 46.48 0.455 0x0000FF
25.47 -103.06 47.39 25.66 -100.69 46.78 0.455 0x0000FF
24.93 -105.43 47.69 25.47 -103.06 47.39 0.455 0x0000FF
24.56 -107.25 48.0 24.93 -105.43 47.69 0.455 0x0000FF
23.29 -109.98 48.37 24.56 -107.25 48.0 0.455 0x0000FF
18.18 -113.45 48.6 23.29 -109.98 48.37 0.365 0x0000FF
14.16 -114.9 48.98 18.18 -113.45 48.6 0.365 0x0000FF
9.05 -114.9 49.21 14.16 -114.9 48.98 0.365 0x0000FF
3.03 -114.36 49.36 9.05 -114.9 49.21 0.365 0x0000FF
-0.98 -113.45 49.59 3.03 -114.36 49.36 0.365 0x0000FF
-7.55 -113.81 50.04 -0.98 -113.45 49.59 0.365 0x0000FF
-13.21 -115.09 50.04 -7.55 -113.81 50.04 0.365 0x0000FF
-15.76 -116.91 50.19 -13.21 -115.09 50.04 0.365 0x0000FF
-19.96 -120.19 50.27 -15.76 -116.91 50.19 0.365 0x0000FF
-21.23 -122.19 50.42 -19.96 -120.19 50.27 0.365 0x0000FF
31.84 -82.5 43.83 31.68 -80.77 43.3 1.275 0x0000FF
32.02 -85.42 44.21 31.84 -82.5 43.83 1.275 0x0000FF
32.2 -90.52 44.51 32.02 -85.42 44.21 1.275 0x0000FF
32.38 -93.98 44.81 32.2 -90.52 44.51 1.275 0x0000FF
32.2 -96.9 45.27 32.38 -93.98 44.81 1.275 0x0000FF
32.2 -97.81 45.8 32.2 -96.9 45.27 1.275 0x0000FF
32.2 -98.54 46.71 32.2 -97.81 45.8 1.275 0x0000FF
32.2 -102.55 47.54 32.2 -98.54 46.71 1.275 0x0000FF
32.2 -105.28 48.22 32.2 -102.55 47.54 1.275 0x0000FF
32.38 -107.65 46.03 32.2 -105.28 48.22 1.275 0x0000FF
32.57 -108.74 46.48 32.38 -107.65 46.03 1.275 0x0000FF
32.2 -110.38 47.01 32.57 -108.74 46.48 1.275 0x0000FF
32.02 -115.66 47.69 32.2 -110.38 47.01 1.275 0x0000FF
32.2 -117.3 48.07 32.02 -115.66 47.69 1.275 0x0000FF
32.2 -117.85 48.15 32.2 -117.3 48.07 1.275 0x0000FF
32.45 -121.41 47.69 32.2 -117.85 48.15 1.275 0x0000FF
32.64 -121.78 46.48 32.45 -121.41 47.69 1.275 0x0000FF
32.82 -123.6 46.1 32.64 -121.78 46.48 1.275 0x0000FF
33.18 -125.6 45.42 32.82 -123.6 46.1 1.275 0x0000FF
33.72 -127.79 44.74 33.18 -125.6 45.42 1.275 0x0000FF
34.1 -132.71 44.13 33.72 -127.79 44.74 1.275 0x0000FF
34.28 -137.99 43.22 34.1 -132.71 44.13 1.275 0x0000FF
35.92 -150.02 42.92 34.28 -137.99 43.22 1.275 0x0000FF
37.02 -160.4 42.31 35.92 -150.02 42.92 1.275 0x0000FF
36.65 -167.14 41.94 37.02 -160.4 42.31 1.275 0x0000FF
37.38 -175.89 42.84 36.65 -167.14 41.94 1.275 0x0000FF
37.38 -179.53 43.75 37.38 -175.89 42.84 1.275 0x0000FF
37.02 -183.36 44.06 37.38 -179.53 43.75 1.275 0x0000FF
36.47 -187.55 44.51 37.02 -183.36 44.06 1.275 0x0000FF
34.64 -199.39 45.12 36.47 -187.55 44.51 1.275 0x0000FF
33.72 -205.95 45.42 34.64 -199.39 45.12 1.275 0x0000FF
33.88 -213.04 46.03 33.72 -205.95 45.42 1.275 0x0000FF
33.88 -217.96 43.37 33.88 -213.04 46.03 1.185 0x0000FF
33.7 -224.52 42.84 33.88 -217.96 43.37 1.185 0x0000FF
33.34 -232.54 41.78 33.7 -224.52 42.84 1.185 0x0000FF
33.88 -237.82 41.78 33.34 -232.54 41.78 1.185 0x0000FF
34.07 -239.83 42.62 33.88 -237.82 41.78 1.185 0x0000FF
34.25 -244.38 43.15 34.07 -239.83 42.62 1.185 0x0000FF
36.44 -255.86 43.15 34.25 -244.38 43.15 1.185 0x0000FF
36.99 -259.5 43.22 36.44 -255.86 43.15 1.185 0x0000FF
37.54 -268.41 43.6 36.99 -259.5 43.22 0.91 0x0000FF
36.81 -274.6 44.13 37.54 -268.41 43.6 0.91 0x0000FF
37.18 -278.79 44.36 36.81 -274.6 44.13 0.91 0x0000FF
37.72 -282.44 44.59 37.18 -278.79 44.36 0.91 0x0000FF
38.27 -284.08 45.12 37.72 -282.44 44.59 0.82 0x0000FF
37.9 -287.54 45.5 38.27 -284.08 45.12 0.82 0x0000FF
38.46 -291.18 45.95 37.9 -287.54 45.5 0.82 0x0000FF
38.46 -296.47 46.33 38.46 -291.18 45.95 0.82 0x0000FF
39.0 -300.11 46.71 38.46 -296.47 46.33 0.82 0x0000FF
39.0 -301.57 47.31 39.0 -300.11 46.71 0.82 0x0000FF
38.82 -304.3 47.84 39.0 -301.57 47.31 0.82 0x0000FF
38.64 -306.67 48.3 38.82 -304.3 47.84 0.82 0x0000FF
39.0 -312.68 48.37 38.64 -306.67 48.3 0.82 0x0000FF
39.0 -316.33 48.75 39.0 -312.68 48.37 0.64 0x0000FF
38.82 -317.6 49.36 39.0 -316.33 48.75 0.64 0x0000FF
38.82 -317.97 50.04 38.82 -317.6 49.36 0.64 0x0000FF
38.64 -319.61 50.65 38.82 -317.97 50.04 0.64 0x0000FF
39.0 -322.7 50.87 38.64 -319.61 50.65 0.64 0x0000FF
39.0 -323.98 51.25 39.0 -322.7 50.87 0.64 0x0000FF
39.36 -326.17 51.93 39.0 -323.98 51.25 0.64 0x0000FF
38.64 -328.53 51.93 39.36 -326.17 51.93 0.455 0x0000FF
37.0 -333.27 51.93 38.64 -328.53 51.93 0.455 0x0000FF
35.72 -336.37 51.71 37.0 -333.27 51.93 0.455 0x0000FF
34.63 -339.1 51.18 35.72 -336.37 51.71 0.455 0x0000FF
33.35 -342.02 50.87 34.63 -339.1 51.18 0.455 0x0000FF
32.79 -343.47 51.63 33.35 -342.02 50.87 0.455 0x0000FF
32.61 -344.75 52.01 32.79 -343.47 51.63 0.455 0x0000FF
32.44 -345.66 52.31 32.61 -344.75 52.01 0.455 0x0000FF
32.25 -346.57 52.69 32.44 -345.66 52.31 0.455 0x0000FF
32.07 -350.03 53.07 32.25 -346.57 52.69 0.455 0x0000FF
31.34 -353.68 53.37 32.07 -350.03 53.07 0.455 0x0000FF
31.16 -357.14 54.06 31.34 -353.68 53.37 0.365 0x0000FF
31.34 -359.14 54.51 31.16 -357.14 54.06 0.365 0x0000FF
31.16 -361.88 55.12 31.34 -359.14 54.51 0.365 0x0000FF
29.33 -366.98 55.27 31.16 -361.88 55.12 0.365 0x0000FF
24.77 -368.62 55.95 29.33 -366.98 55.27 0.275 0x0000FF
21.49 -368.07 56.55 24.77 -368.62 55.95 0.275 0x0000FF
17.66 -366.98 57.09 21.49 -368.07 56.55 0.275 0x0000FF
14.92 -364.79 57.62 17.66 -366.98 57.09 0.275 0x0000FF
12.55 -363.15 58.15 14.92 -364.79 57.62 0.275 0x0000FF
11.09 -362.42 58.83 12.55 -363.15 58.15 0.275 0x0000FF
6.71 -363.88 60.19 11.09 -362.42 58.83 0.275 0x0000FF
3.61 -365.34 60.42 6.71 -363.88 60.19 0.275 0x0000FF
41.38 -333.45 52.46 39.36 -326.17 51.93 0.455 0x0000FF
41.74 -335.82 52.99 41.38 -333.45 52.46 0.455 0x0000FF
41.92 -336.55 52.84 41.74 -335.82 52.99 0.275 0x0000FF
42.11 -338.92 52.39 41.92 -336.55 52.84 0.275 0x0000FF
42.29 -340.38 52.01 42.11 -338.92 52.39 0.275 0x0000FF
42.47 -342.2 51.33 42.29 -340.38 52.01 0.275 0x0000FF
42.65 -344.02 50.57 42.47 -342.2 51.33 0.275 0x0000FF
42.84 -346.57 49.81 42.65 -344.02 50.57 0.275 0x0000FF
43.93 -350.4 48.9 42.84 -346.57 49.81 0.275 0x0000FF
45.21 -351.13 48.6 43.93 -350.4 48.9 0.18 0x0000FF
47.4 -353.31 47.92 45.21 -351.13 48.6 0.18 0x0000FF
47.58 -356.77 48.15 47.4 -353.31 47.92 0.09 0x0000FF
47.76 -359.51 48.37 47.58 -356.77 48.15 0.09 0x0000FF
51.23 -355.5 47.01 47.4 -353.31 47.92 0.09 0x0000FF
52.14 -356.59 46.86 51.23 -355.5 47.01 0.09 0x0000FF
53.05 -357.87 48.07 52.14 -356.59 46.86 0.09 0x0000FF
54.88 -359.33 49.06 53.05 -357.87 48.07 0.09 0x0000FF
41.18 -270.8 44.51 36.99 -259.5 43.22 1.095 0x0000FF
42.64 -278.27 44.06 41.18 -270.8 44.51 1.005 0x0000FF
43.57 -281.16 43.0 42.64 -278.27 44.06 0.64 0x0000FF
44.3 -283.17 42.47 43.57 -281.16 43.0 0.64 0x0000FF
45.02 -285.52 42.01 44.3 -283.17 42.47 0.64 0x0000FF
45.57 -288.45 41.63 45.02 -285.52 42.01 0.64 0x0000FF
46.12 -291.55 40.95 45.57 -288.45 41.63 0.64 0x0000FF
46.85 -295.19 40.65 46.12 -291.55 40.95 0.64 0x0000FF
49.04 -303.02 40.04 46.85 -295.19 40.65 0.455 0x0000FF
49.95 -305.2 39.36 49.04 -303.02 40.04 0.455 0x0000FF
52.32 -309.04 39.06 49.95 -305.2 39.36 0.18 0x0000FF
55.24 -314.14 39.06 52.32 -309.04 39.06 0.18 0x0000FF
56.88 -316.87 38.68 55.24 -314.14 39.06 0.18 0x0000FF
57.8 -319.42 38.53 56.88 -316.87 38.68 0.18 0x0000FF
58.71 -320.52 38.29 57.8 -319.42 38.53 0.18 0x0000FF
52.69 -308.49 39.06 49.95 -305.2 39.36 0.18 0x0000FF
53.97 -309.77 38.29 52.69 -308.49 39.06 0.18 0x0000FF
56.15 -310.86 38.07 53.97 -309.77 38.29 0.18 0x0000FF
59.07 -311.04 37.84 56.15 -310.86 38.07 0.18 0x0000FF
30.74 -108.19 46.03 32.38 -107.65 46.03 0.82 0x0000FF
30.01 -107.28 44.66 30.74 -108.19 46.03 0.82 0x0000FF
29.28 -106.55 43.22 30.01 -107.28 44.66 0.82 0x0000FF
28.37 -105.46 41.86 29.28 -106.55 43.22 0.64 0x0000FF
27.28 -104.73 40.72 28.37 -105.46 41.86 0.64 0x0000FF
26.55 -104.19 39.97 27.28 -104.73 40.72 0.455 0x0000FF
25.82 -103.82 38.97 26.55 -104.19 39.97 0.455 0x0000FF
25.45 -102.91 37.92 25.82 -103.82 38.97 0.275 0x0000FF
23.81 -100.91 37.15 25.45 -102.91 37.92 0.18 0x0000FF
23.99 -99.81 37.15 23.81 -100.91 37.15 0.18 0x0000FF
25.45 -39.14 45.34 26.36 -38.59 45.42 0.91 0x0000FF
24.54 -39.51 44.43 25.45 -39.14 45.34 0.91 0x0000FF
22.53 -41.15 44.28 24.54 -39.51 44.43 0.73 0x0000FF
20.52 -42.78 43.45 22.53 -41.15 44.28 0.73 0x0000FF
17.97 -44.24 43.37 20.52 -42.78 43.45 0.73 0x0000FF
16.69 -45.52 42.69 17.97 -44.24 43.37 0.64 0x0000FF
15.05 -46.98 41.94 16.69 -45.52 42.69 0.64 0x0000FF
13.04 -47.89 42.31 15.05 -46.98 41.94 0.275 0x0000FF
12.31 -47.89 42.77 13.04 -47.89 42.31 0.275 0x0000FF
10.85 -47.7 44.13 12.31 -47.89 42.77 0.275 0x0000FF
9.94 -47.7 45.8 10.85 -47.7 44.13 0.275 0x0000FF
7.39 -46.79 46.78 9.94 -47.7 45.8 0.275 0x0000FF
4.83 -46.43 47.31 7.39 -46.79 46.78 0.275 0x0000FF
3.92 -46.25 47.92 4.83 -46.43 47.31 0.275 0x0000FF
1.55 -45.88 48.6 3.92 -46.25 47.92 0.275 0x0000FF
-0.28 -45.88 49.43 1.55 -45.88 48.6 0.275 0x0000FF
-1.92 -46.06 49.81 -0.28 -45.88 49.43 0.275 0x0000FF
-3.74 -46.43 50.34 -1.92 -46.06 49.81 0.275 0x0000FF
12.68 -49.16 41.71 15.05 -46.98 41.94 0.455 0x0000FF
9.21 -51.71 41.4 12.68 -49.16 41.71 0.365 0x0000FF
4.65 -52.81 41.1 9.21 -51.71 41.4 0.365 0x0000FF
-3.01 -53.72 40.79 4.65 -52.81 41.1 0.365 0x0000FF
-8.67 -55.17 40.57 -3.01 -53.72 40.79 0.365 0x0000FF
-12.68 -58.64 40.34 -8.67 -55.17 40.57 0.365 0x0000FF
-18.89 -60.64 40.11 -12.68 -58.64 40.34 0.365 0x0000FF
-25.64 -61.55 39.74 -18.89 -60.64 40.11 0.365 0x0000FF
-27.46 -63.56 39.65 -25.64 -61.55 39.74 0.275 0x0000FF
34.76 -9.08 42.77 33.65 -7.26 42.62 1.37 0x0000FF
36.03 -9.81 43.15 34.76 -9.08 42.77 1.185 0x0000FF
38.4 -11.08 42.31 36.03 -9.81 43.15 0.91 0x0000FF
39.32 -11.81 41.25 38.4 -11.08 42.31 0.91 0x0000FF
42.05 -14.0 40.27 39.32 -11.81 41.25 0.91 0x0000FF
45.34 -15.46 39.36 42.05 -14.0 40.27 0.82 0x0000FF
45.89 -16.0 39.06 45.34 -15.46 39.36 0.82 0x0000FF
46.62 -16.91 38.45 45.89 -16.0 39.06 0.82 0x0000FF
46.98 -17.09 38.07 46.62 -16.91 38.45 0.82 0x0000FF
48.99 -18.19 37.15 46.98 -17.09 38.07 0.73 0x0000FF
50.63 -17.82 36.28 48.99 -18.19 37.15 0.73 0x0000FF
51.91 -16.55 35.19 50.63 -17.82 36.28 0.73 0x0000FF
53.0 -15.27 34.81 51.91 -16.55 35.19 0.73 0x0000FF
54.46 -13.27 34.06 53.0 -15.27 34.81 0.545 0x0000FF
55.01 -12.9 33.38 54.46 -13.27 34.06 0.545 0x0000FF
57.2 -12.72 33.15 55.01 -12.9 33.38 0.545 0x0000FF
59.2 -11.99 32.24 57.2 -12.72 33.15 0.455 0x0000FF
61.21 -11.63 31.63 59.2 -11.99 32.24 0.455 0x0000FF
62.85 -11.45 30.8 61.21 -11.63 31.63 0.455 0x0000FF
64.5 -11.26 29.97 62.85 -11.45 30.8 0.455 0x0000FF
65.04 -10.9 28.6 64.5 -11.26 29.97 0.455 0x0000FF
70.52 -10.35 27.09 65.04 -10.9 28.6 0.365 0x0000FF
73.98 -10.35 27.09 70.52 -10.35 27.09 0.275 0x0000FF
