26.37 -28.61 -0.03 24.75 -20.62 -0.61 1.105 0x0000FF
26.62 -29.22 -0.03 26.37 -28.61 -0.03 1.105 0x0000FF
27.11 -30.44 -0.33 26.62 -29.22 -0.03 1.105 0x0000FF
27.48 -31.78 -0.64 27.11 -30.44 -0.33 1.105 0x0000FF
27.48 -34.21 -0.64 27.48 -31.78 -0.64 0.55 0x0000FF
27.6 -36.04 -0.94 27.48 -34.21 -0.64 0.55 0x0000FF
27.48 -36.53 -1.39 27.6 -36.04 -0.94 0.55 0x0000FF
27.48 -37.86 -0.64 27.48 -36.53 -1.39 0.55 0x0000FF
27.48 -38.96 -0.48 27.48 -37.86 -0.64 0.55 0x0000FF
27.36 -40.54 -0.26 27.48 -38.96 -0.48 0.55 0x0000FF
27.36 -41.52 0.05 27.36 -40.54 -0.26 0.55 0x0000FF
27.36 -42.61 0.2 27.36 -41.52 0.05 0.55 0x0000FF
27.23 -43.83 0.42 27.36 -42.61 0.2 0.55 0x0000FF
27.23 -44.44 0.5 27.23 -43.83 0.42 0.55 0x0000FF
26.86 -46.51 0.8 27.23 -44.44 0.5 0.49 0x0000FF
26.62 -48.09 0.8 26.86 -46.51 0.8 0.37 0x0000FF
26.62 -49.43 1.03 26.62 -48.09 0.8 0.37 0x0000FF
26.62 -50.4 1.48 26.62 -49.43 1.03 0.37 0x0000FF
26.62 -51.99 1.79 26.62 -50.4 1.48 0.37 0x0000FF
26.62 -53.21 2.17 26.62 -51.99 1.79 0.37 0x0000FF
26.37 -55.15 2.31 26.62 -53.21 2.17 0.37 0x0000FF
26.25 -56.98 2.54 26.37 -55.15 2.31 0.37 0x0000FF
25.76 -58.56 2.7 26.25 -56.98 2.54 0.37 0x0000FF
25.15 -59.9 2.92 25.76 -58.56 2.7 0.37 0x0000FF
25.15 -61.12 3.15 25.15 -59.9 2.92 0.37 0x0000FF
25.15 -62.7 3.3 25.15 -61.12 3.15 0.37 0x0000FF
25.15 -64.04 3.53 25.15 -62.7 3.3 0.37 0x0000FF
25.02 -65.01 3.76 25.15 -64.04 3.53 0.37 0x0000FF
24.41 -66.72 3.98 25.02 -65.01 3.76 0.37 0x0000FF
23.92 -68.42 4.21 24.41 -66.72 3.98 0.37 0x0000FF
23.1 -70.09 4.29 23.92 -68.42 4.21 0.305 0x0000FF
22.37 -71.56 4.59 23.1 -70.09 4.29 0.305 0x0000FF
21.38 -72.65 4.88 22.37 -71.56 4.59 0.305 0x0000FF
20.89 -74.23 5.2 21.38 -72.65 4.88 0.305 0x0000FF
20.16 -74.95 5.35 20.89 -74.23 5.2 0.305 0x0000FF
19.42 -76.06 5.58 20.16 -74.95 5.35 0.305 0x0000FF
18.8 -77.16 5.8 19.42 -76.06 5.58 0.305 0x0000FF
18.55 -78.37 6.03 18.8 -77.16 5.8 0.305 0x0000FF
18.55 -79.59 6.26 18.55 -78.37 6.03 0.305 0x0000FF
18.19 -80.81 6.48 18.55 -79.59 6.26 0.305 0x0000FF
17.46 -82.03 6.71 18.19 -80.81 6.48 0.305 0x0000FF
16.35 -83.0 6.79 17.46 -82.03 6.71 0.305 0x0000FF
15.62 -83.61 6.86 16.35 -83.0 6.79 0.245 0x0000FF
15.37 -84.7 7.17 15.62 -83.61 6.86 0.245 0x0000FF
15.37 -85.92 7.32 15.37 -84.7 7.17 0.245 0x0000FF
15.37 -87.38 7.39 15.37 -85.92 7.32 0.245 0x0000FF
25.55 -45.87 0.95 27.23 -44.44 0.5 0.305 0x0000FF
24.21 -47.33 1.11 25.55 -45.87 0.95 0.305 0x0000FF
23.35 -49.15 1.33 24.21 -47.33 1.11 0.305 0x0000FF
22.61 -50.98 1.56 23.35 -49.15 1.33 0.305 0x0000FF
21.51 -52.44 1.71 22.61 -50.98 1.56 0.305 0x0000FF
20.16 -53.9 1.86 21.51 -52.44 1.71 0.305 0x0000FF
18.93 -55.48 2.09 20.16 -53.9 1.86 0.305 0x0000FF
17.46 -57.07 2.31 18.93 -55.48 2.09 0.305 0x0000FF
16.6 -58.77 2.47 17.46 -57.07 2.31 0.305 0x0000FF
15.37 -60.11 2.7 16.6 -58.77 2.47 0.305 0x0000FF
13.78 -62.55 2.85 15.37 -60.11 2.7 0.305 0x0000FF
12.67 -64.98 3.0 13.78 -62.55 2.85 0.305 0x0000FF
12.18 -67.17 3.08 12.67 -64.98 3.0 0.305 0x0000FF
11.57 -69.23 3.3 12.18 -67.17 3.08 0.305 0x0000FF
10.47 -71.31 3.61 11.57 -69.23 3.3 0.305 0x0000FF
9.61 -73.38 3.76 10.47 -71.31 3.61 0.305 0x0000FF
8.75 -74.59 3.91 9.61 -73.38 3.76 0.305 0x0000FF
8.38 -77.16 3.91 8.75 -74.59 3.91 0.245 0x0000FF
7.64 -79.7 4.21 8.38 -77.16 3.91 0.245 0x0000FF
6.91 -81.3 4.36 7.64 -79.7 4.21 0.245 0x0000FF
5.93 -83.0 4.51 6.91 -81.3 4.36 0.245 0x0000FF
5.07 -85.31 4.51 5.93 -83.0 4.51 0.245 0x0000FF
4.33 -87.26 4.82 5.07 -85.31 4.51 0.245 0x0000FF
3.6 -89.09 4.97 4.33 -87.26 4.82 0.245 0x0000FF
2.86 -90.55 5.2 3.6 -89.09 4.97 0.245 0x0000FF
1.88 -91.77 5.42 2.86 -90.55 5.2 0.245 0x0000FF
1.13 -94.2 5.58 1.88 -91.77 5.42 0.245 0x0000FF
0.53 -96.03 5.65 1.13 -94.2 5.58 0.245 0x0000FF
0.28 -97.61 5.73 0.53 -96.03 5.65 0.245 0x0000FF
7.03 -75.33 3.91 8.75 -74.59 3.91 0.305 0x0000FF
5.19 -76.06 3.91 7.03 -75.33 3.91 0.305 0x0000FF
3.35 -77.28 3.76 5.19 -76.06 3.91 0.305 0x0000FF
2.25 -78.25 3.23 3.35 -77.28 3.76 0.305 0x0000FF
0.9 -78.98 2.77 2.25 -78.25 3.23 0.305 0x0000FF
-0.33 -80.08 2.62 0.9 -78.98 2.77 0.305 0x0000FF
-1.92 -81.05 2.24 -0.33 -80.08 2.62 0.305 0x0000FF
-3.27 -81.9 1.86 -1.92 -81.05 2.24 0.305 0x0000FF
-4.38 -83.12 1.56 -3.27 -81.9 1.86 0.305 0x0000FF
-5.85 -84.34 1.48 -4.38 -83.12 1.56 0.245 0x0000FF
-7.08 -85.92 1.11 -5.85 -84.34 1.48 0.245 0x0000FF
-8.67 -86.9 0.88 -7.08 -85.92 1.11 0.245 0x0000FF
-9.9 -88.11 0.57 -8.67 -86.9 0.88 0.245 0x0000FF
-11.0 -89.57 0.27 -9.9 -88.11 0.57 0.245 0x0000FF
-11.98 -90.67 -0.11 -11.0 -89.57 0.27 0.245 0x0000FF
-12.72 -91.89 -0.48 -11.98 -90.67 -0.11 0.245 0x0000FF
-13.09 -92.98 -0.79 -12.72 -91.89 -0.48 0.245 0x0000FF
-13.7 -93.84 -1.09 -13.09 -92.98 -0.79 0.245 0x0000FF
-15.29 -94.69 -1.55 -13.7 -93.84 -1.09 0.245 0x0000FF
-15.66 -95.91 -1.7 -15.29 -94.69 -1.55 0.245 0x0000FF
-16.52 -97.61 -2.08 -15.66 -95.91 -1.7 0.245 0x0000FF
-17.75 -98.83 -2.45 -16.52 -97.61 -2.08 0.245 0x0000FF
-19.22 -99.44 -2.98 -17.75 -98.83 -2.45 0.245 0x0000FF
-20.32 -100.41 -3.36 -19.22 -99.44 -2.98 0.245 0x0000FF
-21.67 -100.65 -3.74 -20.32 -100.41 -3.36 0.245 0x0000FF
-22.9 -100.9 -4.2 -21.67 -100.65 -3.74 0.245 0x0000FF
-24.25 -101.38 -4.5 -22.9 -100.9 -4.2 0.245 0x0000FF
-25.35 -101.87 -4.73 -24.25 -101.38 -4.5 0.245 0x0000FF
-26.21 -102.6 -4.8 -25.35 -101.87 -4.73 0.245 0x0000FF
-27.19 -102.85 -5.11 -26.21 -102.6 -4.8 0.245 0x0000FF
-28.17 -102.85 -5.18 -27.19 -102.85 -5.11 0.245 0x0000FF
-29.16 -102.85 -5.56 -28.17 -102.85 -5.18 0.245 0x0000FF
-30.26 -103.33 -5.71 -29.16 -102.85 -5.56 0.245 0x0000FF
-31.73 -103.94 -6.17 -30.26 -103.33 -5.71 0.245 0x0000FF
-33.33 -104.55 -6.47 -31.73 -103.94 -6.17 0.245 0x0000FF
-34.68 -105.28 -6.85 -33.33 -104.55 -6.47 0.245 0x0000FF
-37.13 -106.01 -7.23 -34.68 -105.28 -6.85 0.245 0x0000FF
-38.72 -106.86 -7.53 -37.13 -106.01 -7.23 0.245 0x0000FF
-40.56 -106.98 -7.83 -38.72 -106.86 -7.53 0.245 0x0000FF
-42.28 -107.11 -8.14 -40.56 -106.98 -7.83 0.245 0x0000FF
-43.51 -107.23 -8.36 -42.28 -107.11 -8.14 0.245 0x0000FF
-44.61 -107.11 -8.67 -43.51 -107.23 -8.36 0.245 0x0000FF
28.87 -33.57 -0.94 27.48 -31.78 -0.64 0.55 0x0000FF
29.73 -34.9 -1.17 28.87 -33.57 -0.94 0.55 0x0000FF
30.46 -35.88 -1.47 29.73 -34.9 -1.17 0.55 0x0000FF
31.07 -36.97 -2.08 30.46 -35.88 -1.47 0.55 0x0000FF
31.69 -37.47 -2.52 31.07 -36.97 -2.08 0.55 0x0000FF
32.67 -38.2 -2.68 31.69 -37.47 -2.52 0.55 0x0000FF
33.04 -38.79 -3.06 32.67 -38.2 -2.68 0.55 0x0000FF
34.51 -39.17 -3.06 33.04 -38.79 -3.06 0.43 0x0000FF
35.97 -39.4 -3.29 34.51 -39.17 -3.06 0.43 0x0000FF
37.09 -39.4 -3.67 35.97 -39.4 -3.29 0.43 0x0000FF
38.31 -39.4 -3.44 37.09 -39.4 -3.67 0.43 0x0000FF
39.54 -39.4 -2.98 38.31 -39.4 -3.44 0.43 0x0000FF
40.77 -39.4 -2.61 39.54 -39.4 -2.98 0.43 0x0000FF
42.24 -39.78 -2.29 40.77 -39.4 -2.61 0.43 0x0000FF
43.46 -40.14 -2.0 42.24 -39.78 -2.29 0.43 0x0000FF
44.57 -40.86 -1.92 43.46 -40.14 -2.0 0.37 0x0000FF
45.92 -41.85 -1.7 44.57 -40.86 -1.92 0.37 0x0000FF
47.64 -43.31 -1.32 45.92 -41.85 -1.7 0.37 0x0000FF
49.35 -44.16 -1.02 47.64 -43.31 -1.32 0.305 0x0000FF
50.95 -45.01 -0.86 49.35 -44.16 -1.02 0.305 0x0000FF
52.79 -45.74 -0.48 50.95 -45.01 -0.86 0.305 0x0000FF
54.63 -46.23 -0.26 52.79 -45.74 -0.48 0.305 0x0000FF
56.59 -46.96 0.05 54.63 -46.23 -0.26 0.305 0x0000FF
58.8 -47.33 0.2 56.59 -46.96 0.05 0.305 0x0000FF
60.52 -47.57 0.5 58.8 -47.33 0.2 0.305 0x0000FF
62.97 -47.81 0.8 60.52 -47.57 0.5 0.305 0x0000FF
64.56 -47.57 1.03 62.97 -47.81 0.8 0.305 0x0000FF
66.77 -46.84 1.11 64.56 -47.57 1.03 0.245 0x0000FF
69.47 -46.72 1.33 66.77 -46.84 1.11 0.245 0x0000FF
71.19 -46.35 1.48 69.47 -46.72 1.33 0.245 0x0000FF
73.52 -46.35 1.71 71.19 -46.35 1.48 0.245 0x0000FF
75.73 -46.47 1.86 73.52 -46.35 1.71 0.245 0x0000FF
77.69 -46.47 2.17 75.73 -46.47 1.86 0.245 0x0000FF
79.65 -47.08 2.31 77.69 -46.47 2.17 0.245 0x0000FF
81.0 -47.21 2.47 79.65 -47.08 2.31 0.245 0x0000FF
82.11 -47.45 2.62 81.0 -47.21 2.47 0.245 0x0000FF
83.45 -48.3 2.7 82.11 -47.45 2.62 0.245 0x0000FF
85.79 -48.79 3.0 83.45 -48.3 2.7 0.245 0x0000FF
86.89 -48.67 3.23 85.79 -48.79 3.0 0.245 0x0000FF
87.99 -48.67 3.38 86.89 -48.67 3.23 0.245 0x0000FF
89.71 -48.54 3.68 87.99 -48.67 3.38 0.245 0x0000FF
90.94 -48.54 3.91 89.71 -48.54 3.68 0.245 0x0000FF
91.8 -48.54 3.98 90.94 -48.54 3.91 0.245 0x0000FF
92.85 -48.7 4.13 91.8 -48.54 3.98 0.245 0x0000FF
94.07 -49.19 4.29 92.85 -48.7 4.13 0.245 0x0000FF
33.72 -40.79 -3.21 33.04 -38.79 -3.06 0.43 0x0000FF
34.45 -42.01 -3.59 33.72 -40.79 -3.21 0.43 0x0000FF
35.07 -43.83 -3.59 34.45 -42.01 -3.59 0.37 0x0000FF
35.44 -44.44 -4.12 35.07 -43.83 -3.59 0.37 0x0000FF
35.56 -44.93 -4.73 35.44 -44.44 -4.12 0.37 0x0000FF
35.79 -45.54 -5.18 35.56 -44.93 -4.73 0.37 0x0000FF
36.17 -46.02 -5.26 35.79 -45.54 -5.18 0.37 0x0000FF
36.54 -46.63 -5.86 36.17 -46.02 -5.26 0.37 0x0000FF
37.03 -47.36 -6.39 36.54 -46.63 -5.86 0.37 0x0000FF
37.03 -48.34 -6.92 37.03 -47.36 -6.39 0.37 0x0000FF
37.15 -48.7 -7.45 37.03 -48.34 -6.92 0.37 0x0000FF
37.52 -49.43 -7.98 37.15 -48.7 -7.45 0.37 0x0000FF
37.52 -49.8 -8.36 37.52 -49.43 -7.98 0.37 0x0000FF
37.64 -50.41 -8.89 37.52 -49.8 -8.36 0.37 0x0000FF
37.89 -50.89 -9.27 37.64 -50.41 -8.89 0.37 0x0000FF
38.01 -51.38 -9.65 37.89 -50.89 -9.27 0.37 0x0000FF
38.38 -51.87 -9.94 38.01 -51.38 -9.65 0.37 0x0000FF
39.61 -52.36 -9.94 38.38 -51.87 -9.94 0.305 0x0000FF
40.83 -52.48 -10.26 39.61 -52.36 -9.94 0.305 0x0000FF
41.69 -52.6 -10.71 40.83 -52.48 -10.26 0.305 0x0000FF
42.67 -53.09 -10.94 41.69 -52.6 -10.71 0.245 0x0000FF
43.78 -53.82 -11.24 42.67 -53.09 -10.94 0.245 0x0000FF
44.64 -54.43 -11.7 43.78 -53.82 -11.24 0.245 0x0000FF
45.62 -55.64 -12.0 44.64 -54.43 -11.7 0.245 0x0000FF
46.72 -56.49 -12.53 45.62 -55.64 -12.0 0.245 0x0000FF
47.33 -57.23 -12.91 46.72 -56.49 -12.53 0.245 0x0000FF
48.68 -58.56 -13.06 47.33 -57.23 -12.91 0.245 0x0000FF
49.42 -59.66 -13.44 48.68 -58.56 -13.06 0.245 0x0000FF
49.91 -60.63 -13.82 49.42 -59.66 -13.44 0.245 0x0000FF
50.03 -61.73 -14.2 49.91 -60.63 -13.82 0.245 0x0000FF
51.14 -62.95 -14.73 50.03 -61.73 -14.2 0.245 0x0000FF
52.49 -63.56 -15.1 51.14 -62.95 -14.73 0.245 0x0000FF
54.08 -65.14 -15.56 52.49 -63.56 -15.1 0.245 0x0000FF
54.94 -66.36 -15.86 54.08 -65.14 -15.56 0.245 0x0000FF
56.17 -67.56 -16.23 54.94 -66.36 -15.86 0.245 0x0000FF
57.15 -68.18 -16.54 56.17 -67.56 -16.23 0.245 0x0000FF
58.38 -68.91 -16.92 57.15 -68.18 -16.54 0.245 0x0000FF
59.36 -69.89 -17.3 58.38 -68.91 -16.92 0.245 0x0000FF
60.58 -70.98 -17.6 59.36 -69.89 -17.3 0.245 0x0000FF
61.81 -72.31 -18.05 60.58 -70.98 -17.6 0.245 0x0000FF
62.67 -73.17 -18.44 61.81 -72.31 -18.05 0.245 0x0000FF
63.53 -74.27 -18.89 62.67 -73.17 -18.44 0.245 0x0000FF
64.39 -74.88 -19.42 63.53 -74.27 -18.89 0.245 0x0000FF
65.37 -75.73 -19.73 64.39 -74.88 -19.42 0.245 0x0000FF
66.47 -76.45 -20.26 65.37 -75.73 -19.73 0.245 0x0000FF
66.95 -77.68 -20.71 66.47 -76.45 -20.26 0.245 0x0000FF
68.31 -78.53 -21.24 66.95 -77.68 -20.71 0.245 0x0000FF
69.17 -79.51 -21.69 68.31 -78.53 -21.24 0.245 0x0000FF
70.15 -80.36 -22.15 69.17 -79.51 -21.69 0.245 0x0000FF
71.87 -81.7 -22.53 70.15 -80.36 -22.15 0.245 0x0000FF
72.84 -83.89 -22.68 71.87 -81.7 -22.53 0.245 0x0000FF
73.34 -84.38 -23.29 72.84 -83.89 -22.68 0.245 0x0000FF
73.95 -85.23 -23.89 73.34 -84.38 -23.29 0.245 0x0000FF
74.94 -86.2 -24.27 73.95 -85.23 -23.89 0.245 0x0000FF
76.53 -87.3 -24.5 74.94 -86.2 -24.27 0.245 0x0000FF
77.63 -87.66 -24.8 76.53 -87.3 -24.5 0.245 0x0000FF
78.86 -87.91 -25.1 77.63 -87.66 -24.8 0.245 0x0000FF
38.5 -53.45 -10.02 38.38 -51.87 -9.94 0.245 0x0000FF
38.86 -55.03 -10.33 38.5 -53.45 -10.02 0.245 0x0000FF
39.36 -56.13 -10.71 38.86 -55.03 -10.33 0.245 0x0000FF
39.61 -57.59 -11.01 39.36 -56.13 -10.71 0.245 0x0000FF
39.85 -58.44 -11.47 39.61 -57.59 -11.01 0.245 0x0000FF
39.97 -59.66 -11.85 39.85 -58.44 -11.47 0.245 0x0000FF
39.97 -60.51 -12.38 39.97 -59.66 -11.85 0.245 0x0000FF
39.97 -61.49 -12.91 39.97 -60.51 -12.38 0.245 0x0000FF
40.34 -62.7 -13.36 39.97 -61.49 -12.91 0.245 0x0000FF
40.1 -63.8 -13.74 40.34 -62.7 -13.36 0.245 0x0000FF
39.97 -64.65 -13.97 40.1 -63.8 -13.74 0.245 0x0000FF
39.72 -65.63 -14.65 39.97 -64.65 -13.97 0.245 0x0000FF
39.36 -66.84 -14.88 39.72 -65.63 -14.65 0.245 0x0000FF
38.99 -67.81 -15.33 39.36 -66.84 -14.88 0.245 0x0000FF
38.75 -68.67 -15.63 38.99 -67.81 -15.33 0.245 0x0000FF
38.5 -69.4 -16.01 38.75 -68.67 -15.63 0.245 0x0000FF
38.38 -70.01 -16.54 38.5 -69.4 -16.01 0.245 0x0000FF
38.13 -70.5 -16.77 38.38 -70.01 -16.54 0.245 0x0000FF
37.77 -70.86 -17.45 38.13 -70.5 -16.77 0.245 0x0000FF
37.52 -71.34 -17.98 37.77 -70.86 -17.45 0.245 0x0000FF
37.52 -71.95 -18.59 37.52 -71.34 -17.98 0.245 0x0000FF
37.15 -72.2 -19.04 37.52 -71.95 -18.59 0.245 0x0000FF
37.15 -72.81 -19.42 37.15 -72.2 -19.04 0.245 0x0000FF
36.9 -73.3 -20.03 37.15 -72.81 -19.42 0.245 0x0000FF
36.42 -74.03 -20.63 36.9 -73.3 -20.03 0.245 0x0000FF
36.04 -74.64 -21.01 36.42 -74.03 -20.63 0.245 0x0000FF
35.79 -75.12 -21.62 36.04 -74.64 -21.01 0.245 0x0000FF
35.79 -76.09 -21.77 35.79 -75.12 -21.62 0.245 0x0000FF
35.68 -76.83 -22.23 35.79 -76.09 -21.77 0.245 0x0000FF
35.68 -77.31 -22.68 35.68 -76.83 -22.23 0.245 0x0000FF
35.56 -78.29 -23.13 35.68 -77.31 -22.68 0.245 0x0000FF
35.19 -78.78 -23.51 35.56 -78.29 -23.13 0.245 0x0000FF
35.19 -79.63 -24.12 35.19 -78.78 -23.51 0.245 0x0000FF
35.19 -80.48 -24.35 35.19 -79.63 -24.12 0.245 0x0000FF
35.07 -81.2 -24.8 35.19 -80.48 -24.35 0.245 0x0000FF
35.31 -82.55 -24.88 35.07 -81.2 -24.8 0.185 0x0000FF
35.31 -83.16 -25.48 35.31 -82.55 -24.88 0.185 0x0000FF
35.44 -83.52 -26.09 35.31 -83.16 -25.48 0.185 0x0000FF
35.44 -83.89 -26.47 35.44 -83.52 -26.09 0.185 0x0000FF
35.56 -84.86 -26.92 35.44 -83.89 -26.47 0.185 0x0000FF
35.56 -85.72 -27.53 35.56 -84.86 -26.92 0.185 0x0000FF
35.56 -86.2 -27.83 35.56 -85.72 -27.53 0.185 0x0000FF
35.44 -86.93 -28.36 35.56 -86.2 -27.83 0.185 0x0000FF
35.44 -87.54 -28.89 35.44 -86.93 -28.36 0.185 0x0000FF
35.44 -88.15 -29.42 35.44 -87.54 -28.89 0.185 0x0000FF
35.44 -88.76 -29.88 35.44 -88.15 -29.42 0.185 0x0000FF
35.31 -89.25 -30.25 35.44 -88.76 -29.88 0.185 0x0000FF
35.31 -89.85 -30.94 35.31 -89.25 -30.25 0.185 0x0000FF
35.31 -90.46 -31.39 35.31 -89.85 -30.94 0.185 0x0000FF
35.31 -90.83 -31.92 35.31 -90.46 -31.39 0.185 0x0000FF
35.31 -91.32 -32.38 35.31 -90.83 -31.92 0.185 0x0000FF
35.31 -91.8 -32.83 35.31 -91.32 -32.38 0.185 0x0000FF
35.31 -92.65 -33.21 35.31 -91.8 -32.83 0.185 0x0000FF
35.31 -93.39 -33.74 35.31 -92.65 -33.21 0.185 0x0000FF
35.07 -94.12 -34.11 35.31 -93.39 -33.74 0.185 0x0000FF
34.7 -94.85 -34.72 35.07 -94.12 -34.11 0.185 0x0000FF
34.58 -95.7 -35.03 34.7 -94.85 -34.72 0.185 0x0000FF
34.58 -96.55 -35.4 34.58 -95.7 -35.03 0.185 0x0000FF
34.45 -97.4 -35.86 34.58 -96.55 -35.4 0.185 0x0000FF
32.33 -21.5 -0.18 24.75 -20.62 -0.61 0.615 0x0000FF
33.31 -21.86 -0.33 32.33 -21.5 -0.18 0.615 0x0000FF
34.17 -22.59 -0.56 33.31 -21.86 -0.33 0.615 0x0000FF
35.39 -23.45 -0.94 34.17 -22.59 -0.56 0.615 0x0000FF
36.36 -24.05 -1.55 35.39 -23.45 -0.94 0.615 0x0000FF
37.85 -25.52 -2.0 36.36 -24.05 -1.55 0.615 0x0000FF
39.07 -26.85 -2.45 37.85 -25.52 -2.0 0.615 0x0000FF
40.42 -27.71 -2.83 39.07 -26.85 -2.45 0.615 0x0000FF
41.4 -28.68 -2.98 40.42 -27.71 -2.83 0.615 0x0000FF
42.75 -29.05 -3.29 41.4 -28.68 -2.98 0.615 0x0000FF
43.98 -30.51 -3.36 42.75 -29.05 -3.29 0.615 0x0000FF
44.96 -31.24 -3.74 43.98 -30.51 -3.36 0.615 0x0000FF
45.82 -31.97 -3.82 44.96 -31.24 -3.74 0.43 0x0000FF
46.92 -32.7 -4.12 45.82 -31.97 -3.82 0.37 0x0000FF
48.03 -33.31 -4.58 46.92 -32.7 -4.12 0.37 0x0000FF
49.01 -34.28 -5.03 48.03 -33.31 -4.58 0.37 0x0000FF
50.24 -35.26 -5.26 49.01 -34.28 -5.03 0.37 0x0000FF
51.34 -35.99 -5.64 50.24 -35.26 -5.26 0.37 0x0000FF
52.2 -36.84 -6.01 51.34 -35.99 -5.64 0.37 0x0000FF
53.18 -37.93 -6.17 52.2 -36.84 -6.01 0.37 0x0000FF
54.04 -39.03 -6.62 53.18 -37.93 -6.17 0.37 0x0000FF
55.02 -40.0 -7.0 54.04 -39.03 -6.62 0.37 0x0000FF
56.37 -41.1 -7.15 55.02 -40.0 -7.0 0.37 0x0000FF
57.96 -42.2 -7.3 56.37 -41.1 -7.15 0.37 0x0000FF
59.44 -43.05 -7.61 57.96 -42.2 -7.3 0.37 0x0000FF
60.91 -44.75 -7.68 59.44 -43.05 -7.61 0.37 0x0000FF
61.64 -46.34 -7.98 60.91 -44.75 -7.68 0.37 0x0000FF
62.87 -47.43 -7.98 61.64 -46.34 -7.98 0.305 0x0000FF
64.34 -48.28 -8.21 62.87 -47.43 -7.98 0.305 0x0000FF
65.56 -48.77 -8.59 64.34 -48.28 -8.21 0.305 0x0000FF
66.8 -49.99 -8.82 65.56 -48.77 -8.59 0.305 0x0000FF
68.15 -50.72 -9.35 66.8 -49.99 -8.82 0.305 0x0000FF
69.73 -51.08 -9.94 68.15 -50.72 -9.35 0.305 0x0000FF
70.84 -51.45 -10.18 69.73 -51.08 -9.94 0.305 0x0000FF
71.95 -51.69 -10.71 70.84 -51.45 -10.18 0.305 0x0000FF
73.42 -51.94 -11.09 71.95 -51.69 -10.71 0.305 0x0000FF
74.52 -51.94 -11.47 73.42 -51.94 -11.09 0.305 0x0000FF
75.51 -52.06 -11.92 74.52 -51.94 -11.47 0.305 0x0000FF
76.84 -52.3 -12.15 75.51 -52.06 -11.92 0.305 0x0000FF
78.33 -52.79 -12.38 76.84 -52.3 -12.15 0.245 0x0000FF
79.8 -53.76 -12.68 78.33 -52.79 -12.38 0.245 0x0000FF
80.53 -54.86 -13.14 79.8 -53.76 -12.68 0.245 0x0000FF
81.64 -55.95 -13.36 80.53 -54.86 -13.14 0.245 0x0000FF
82.87 -57.17 -13.59 81.64 -55.95 -13.36 0.245 0x0000FF
84.58 -57.9 -13.97 82.87 -57.17 -13.59 0.245 0x0000FF
86.67 -58.63 -14.42 84.58 -57.9 -13.97 0.245 0x0000FF
88.02 -59.24 -14.73 86.67 -58.63 -14.42 0.245 0x0000FF
89.61 -59.73 -15.18 88.02 -59.24 -14.73 0.245 0x0000FF
91.08 -60.46 -15.56 89.61 -59.73 -15.18 0.245 0x0000FF
92.8 -61.31 -15.79 91.08 -60.46 -15.56 0.245 0x0000FF
93.91 -61.92 -15.94 92.8 -61.31 -15.79 0.245 0x0000FF
94.76 -62.65 -16.01 93.91 -61.92 -15.94 0.245 0x0000FF
45.92 -33.47 -3.29 44.96 -31.24 -3.74 0.305 0x0000FF
46.53 -34.45 -3.21 45.92 -33.47 -3.29 0.305 0x0000FF
46.9 -35.42 -2.91 46.53 -34.45 -3.21 0.305 0x0000FF
47.51 -35.9 -2.61 46.9 -35.42 -2.91 0.305 0x0000FF
48.25 -36.76 -2.23 47.51 -35.9 -2.61 0.305 0x0000FF
48.62 -37.86 -1.85 48.25 -36.76 -2.23 0.305 0x0000FF
49.23 -38.59 -1.55 48.62 -37.86 -1.85 0.305 0x0000FF
49.35 -39.32 -1.09 49.23 -38.59 -1.55 0.305 0x0000FF
49.84 -39.81 -0.86 49.35 -39.32 -1.09 0.305 0x0000FF
50.09 -41.02 -0.26 49.84 -39.81 -0.86 0.305 0x0000FF
50.7 -42.12 -0.26 50.09 -41.02 -0.26 0.305 0x0000FF
51.32 -42.73 0.2 50.7 -42.12 -0.26 0.305 0x0000FF
51.93 -43.46 0.42 51.32 -42.73 0.2 0.305 0x0000FF
52.67 -44.8 0.73 51.93 -43.46 0.42 0.305 0x0000FF
53.28 -46.5 0.73 52.67 -44.8 0.73 0.305 0x0000FF
53.65 -47.35 1.03 53.28 -46.5 0.73 0.245 0x0000FF
54.14 -48.21 1.48 53.65 -47.35 1.03 0.245 0x0000FF
54.63 -48.81 2.0 54.14 -48.21 1.48 0.245 0x0000FF
54.75 -49.42 2.47 54.63 -48.81 2.0 0.245 0x0000FF
54.87 -50.15 3.0 54.75 -49.42 2.47 0.245 0x0000FF
55.12 -51.62 3.45 54.87 -50.15 3.0 0.245 0x0000FF
55.85 -53.2 3.83 55.12 -51.62 3.45 0.245 0x0000FF
56.1 -54.78 4.29 55.85 -53.2 3.83 0.245 0x0000FF
56.84 -55.63 4.51 56.1 -54.78 4.29 0.245 0x0000FF
57.69 -57.58 4.67 56.84 -55.63 4.51 0.245 0x0000FF
58.43 -59.04 4.88 57.69 -57.58 4.67 0.245 0x0000FF
59.04 -59.89 5.27 58.43 -59.04 4.88 0.245 0x0000FF
60.03 -60.38 5.73 59.04 -59.89 5.27 0.245 0x0000FF
60.15 -61.6 6.26 60.03 -60.38 5.73 0.245 0x0000FF
60.15 -62.82 6.64 60.15 -61.6 6.26 0.245 0x0000FF
61.01 -64.03 7.09 60.15 -62.82 6.64 0.245 0x0000FF
61.74 -65.25 7.39 61.01 -64.03 7.09 0.245 0x0000FF
61.87 -66.23 7.85 61.74 -65.25 7.39 0.245 0x0000FF
62.11 -67.08 8.3 61.87 -66.23 7.85 0.245 0x0000FF
62.48 -67.93 8.91 62.11 -67.08 8.3 0.245 0x0000FF
62.85 -68.9 9.28 62.48 -67.93 8.91 0.245 0x0000FF
63.22 -70.0 9.67 62.85 -68.9 9.28 0.245 0x0000FF
64.56 -71.09 9.89 63.22 -70.0 9.67 0.245 0x0000FF
66.04 -73.04 10.11 64.56 -71.09 9.89 0.245 0x0000FF
54.01 -45.41 1.11 52.67 -44.8 0.73 0.245 0x0000FF
55.49 -46.01 1.11 54.01 -45.41 1.11 0.245 0x0000FF
56.71 -47.23 1.11 55.49 -46.01 1.11 0.245 0x0000FF
57.45 -48.21 0.88 56.71 -47.23 1.11 0.245 0x0000FF
59.17 -49.67 0.57 57.45 -48.21 0.88 0.245 0x0000FF
60.27 -51.98 0.27 59.17 -49.67 0.57 0.245 0x0000FF
61.25 -53.56 -0.03 60.27 -51.98 0.27 0.245 0x0000FF
62.36 -54.9 -0.18 61.25 -53.56 -0.03 0.245 0x0000FF
63.09 -55.88 -0.94 62.36 -54.9 -0.18 0.245 0x0000FF
63.83 -56.97 -1.47 63.09 -55.88 -0.94 0.245 0x0000FF
64.2 -58.07 -2.0 63.83 -56.97 -1.47 0.245 0x0000FF
64.93 -59.41 -2.29 64.2 -58.07 -2.0 0.245 0x0000FF
66.04 -60.87 -2.83 64.93 -59.41 -2.29 0.245 0x0000FF
66.4 -62.94 -3.29 66.04 -60.87 -2.83 0.245 0x0000FF
67.51 -64.52 -3.59 66.4 -62.94 -3.29 0.245 0x0000FF
68.86 -66.34 -3.59 67.51 -64.52 -3.59 0.245 0x0000FF
70.58 -68.42 -3.97 68.86 -66.34 -3.59 0.245 0x0000FF
71.8 -70.0 -4.34 70.58 -68.42 -3.97 0.245 0x0000FF
73.4 -70.97 -4.5 71.8 -70.0 -4.34 0.245 0x0000FF
75.23 -71.58 -4.95 73.4 -70.97 -4.5 0.245 0x0000FF
76.95 -72.56 -5.33 75.23 -71.58 -4.95 0.245 0x0000FF
78.43 -73.77 -5.64 76.95 -72.56 -5.33 0.245 0x0000FF
80.51 -75.11 -6.09 78.43 -73.77 -5.64 0.245 0x0000FF
81.62 -76.7 -6.32 80.51 -75.11 -6.09 0.245 0x0000FF
83.21 -78.4 -6.7 81.62 -76.7 -6.32 0.245 0x0000FF
84.31 -80.23 -6.92 83.21 -78.4 -6.7 0.245 0x0000FF
85.42 -82.54 -7.23 84.31 -80.23 -6.92 0.245 0x0000FF
87.26 -84.37 -7.3 85.42 -82.54 -7.23 0.245 0x0000FF
88.85 -85.83 -7.61 87.26 -84.37 -7.3 0.245 0x0000FF
90.57 -87.9 -7.91 88.85 -85.83 -7.61 0.245 0x0000FF
91.55 -89.11 -8.28 90.57 -87.9 -7.91 0.245 0x0000FF
92.78 -90.94 -8.82 91.55 -89.11 -8.28 0.245 0x0000FF
94.37 -92.77 -9.11 92.78 -90.94 -8.82 0.245 0x0000FF
96.09 -94.35 -9.42 94.37 -92.77 -9.11 0.245 0x0000FF
98.54 -94.96 -9.65 96.09 -94.35 -9.42 0.245 0x0000FF
100.26 -96.42 -10.02 98.54 -94.96 -9.65 0.245 0x0000FF
102.59 -97.76 -10.11 100.26 -96.42 -10.02 0.245 0x0000FF
104.31 -98.98 -10.56 102.59 -97.76 -10.11 0.245 0x0000FF
106.03 -99.83 -11.01 104.31 -98.98 -10.56 0.245 0x0000FF
108.24 -100.92 -11.39 106.03 -99.83 -11.01 0.245 0x0000FF
110.57 -102.02 -11.85 108.24 -100.92 -11.39 0.245 0x0000FF
112.16 -102.99 -12.23 110.57 -102.02 -11.85 0.245 0x0000FF
113.76 -103.72 -12.53 112.16 -102.99 -12.23 0.245 0x0000FF
116.09 -105.31 -12.68 113.76 -103.72 -12.53 0.245 0x0000FF
117.56 -106.28 -13.06 116.09 -105.31 -12.68 0.245 0x0000FF
118.78 -107.74 -13.29 117.56 -106.28 -13.06 0.245 0x0000FF
120.26 -109.2 -13.44 118.78 -107.74 -13.29 0.245 0x0000FF
31.36 -13.5 0.42 24.75 -20.62 -0.61 0.795 0x0000FF
32.09 -13.14 0.73 31.36 -13.5 0.42 0.795 0x0000FF
32.46 -12.53 1.03 32.09 -13.14 0.73 0.795 0x0000FF
32.95 -11.92 1.41 32.46 -12.53 1.03 0.795 0x0000FF
33.56 -11.31 1.79 32.95 -11.92 1.41 0.795 0x0000FF
34.54 -10.95 2.09 33.56 -11.31 1.79 0.795 0x0000FF
35.04 -10.21 2.47 34.54 -10.95 2.09 0.795 0x0000FF
35.77 -9.97 2.7 35.04 -10.21 2.47 0.795 0x0000FF
37.36 -9.61 2.77 35.77 -9.97 2.7 0.55 0x0000FF
38.22 -9.24 2.77 37.36 -9.61 2.77 0.43 0x0000FF
38.72 -8.88 3.15 38.22 -9.24 2.77 0.43 0x0000FF
38.96 -8.88 3.45 38.72 -8.88 3.15 0.43 0x0000FF
39.21 -8.88 3.83 38.96 -8.88 3.45 0.43 0x0000FF
39.7 -8.75 4.21 39.21 -8.88 3.83 0.43 0x0000FF
40.07 -8.63 4.59 39.7 -8.75 4.21 0.43 0x0000FF
40.43 -8.63 4.88 40.07 -8.63 4.59 0.43 0x0000FF
41.05 -8.51 5.2 40.43 -8.63 4.88 0.37 0x0000FF
41.41 -8.39 5.73 41.05 -8.51 5.2 0.37 0x0000FF
42.03 -8.39 5.95 41.41 -8.39 5.73 0.37 0x0000FF
42.64 -8.39 6.26 42.03 -8.39 5.95 0.37 0x0000FF
43.25 -8.39 6.79 42.64 -8.39 6.26 0.37 0x0000FF
44.36 -8.51 7.09 43.25 -8.39 6.79 0.37 0x0000FF
45.09 -8.51 7.47 44.36 -8.51 7.09 0.37 0x0000FF
45.71 -8.15 7.7 45.09 -8.51 7.47 0.37 0x0000FF
46.44 -7.41 7.92 45.71 -8.15 7.7 0.37 0x0000FF
47.3 -7.17 8.15 46.44 -7.41 7.92 0.37 0x0000FF
48.16 -6.93 8.68 47.3 -7.17 8.15 0.37 0x0000FF
49.14 -6.81 8.98 48.16 -6.93 8.68 0.37 0x0000FF
50.0 -6.81 9.28 49.14 -6.81 8.98 0.37 0x0000FF
50.37 -6.81 9.44 50.0 -6.81 9.28 0.305 0x0000FF
50.98 -6.81 9.97 50.37 -6.81 9.44 0.305 0x0000FF
51.6 -6.81 10.27 50.98 -6.81 9.97 0.305 0x0000FF
51.84 -6.81 10.65 51.6 -6.81 10.27 0.305 0x0000FF
52.7 -6.81 10.88 51.84 -6.81 10.65 0.305 0x0000FF
53.19 -7.05 11.03 52.7 -6.81 10.88 0.305 0x0000FF
54.05 -7.29 11.26 53.19 -7.05 11.03 0.305 0x0000FF
55.03 -7.29 11.79 54.05 -7.29 11.26 0.305 0x0000FF
55.52 -7.29 12.01 55.03 -7.29 11.79 0.305 0x0000FF
56.75 -8.02 12.09 55.52 -7.29 12.01 0.305 0x0000FF
57.85 -8.02 12.62 56.75 -8.02 12.09 0.305 0x0000FF
59.32 -8.02 12.85 57.85 -8.02 12.62 0.305 0x0000FF
59.94 -7.9 12.85 59.32 -8.02 12.85 0.245 0x0000FF
60.43 -7.78 13.15 59.94 -7.9 12.85 0.245 0x0000FF
61.29 -7.29 13.53 60.43 -7.78 13.15 0.245 0x0000FF
62.15 -7.29 13.68 61.29 -7.29 13.53 0.245 0x0000FF
63.13 -7.17 13.98 62.15 -7.29 13.68 0.245 0x0000FF
63.99 -7.17 13.98 63.13 -7.17 13.98 0.245 0x0000FF
64.72 -7.05 14.21 63.99 -7.17 13.98 0.245 0x0000FF
36.39 -8.88 3.38 35.77 -9.97 2.7 0.37 0x0000FF
36.75 -7.66 3.68 36.39 -8.88 3.38 0.37 0x0000FF
36.88 -6.93 3.91 36.75 -7.66 3.68 0.37 0x0000FF
37.11 -5.95 4.51 36.88 -6.93 3.91 0.37 0x0000FF
38.35 -4.98 4.74 37.11 -5.95 4.51 0.37 0x0000FF
38.47 -3.4 5.12 38.35 -4.98 4.74 0.305 0x0000FF
38.59 -2.18 5.5 38.47 -3.4 5.12 0.305 0x0000FF
38.59 -1.21 5.8 38.59 -2.18 5.5 0.305 0x0000FF
38.59 0.13 6.18 38.59 -1.21 5.8 0.305 0x0000FF
37.97 1.11 6.48 38.59 0.13 6.18 0.305 0x0000FF
37.36 1.72 6.86 37.97 1.11 6.48 0.305 0x0000FF
36.63 3.18 7.24 37.36 1.72 6.86 0.305 0x0000FF
36.14 4.15 7.47 36.63 3.18 7.24 0.305 0x0000FF
35.4 5.37 7.54 36.14 4.15 7.47 0.245 0x0000FF
34.79 6.47 7.77 35.4 5.37 7.54 0.245 0x0000FF
34.18 7.56 8.0 34.79 6.47 7.77 0.245 0x0000FF
33.32 8.52 8.38 34.18 7.56 8.0 0.245 0x0000FF
32.95 9.39 8.76 33.32 8.52 8.38 0.245 0x0000FF
32.71 10.0 9.21 32.95 9.39 8.76 0.245 0x0000FF
32.34 10.6 9.67 32.71 10.0 9.21 0.245 0x0000FF
31.97 11.34 9.97 32.34 10.6 9.67 0.245 0x0000FF
31.48 11.94 10.42 31.97 11.34 9.97 0.245 0x0000FF
30.99 12.8 10.65 31.48 11.94 10.42 0.245 0x0000FF
31.6 15.11 10.65 30.99 12.8 10.65 0.245 0x0000FF
31.97 16.94 11.1 31.6 15.11 10.65 0.245 0x0000FF
32.46 18.27 11.48 31.97 16.94 11.1 0.245 0x0000FF
32.46 19.98 12.01 32.46 18.27 11.48 0.245 0x0000FF
32.95 21.44 12.24 32.46 19.98 12.01 0.245 0x0000FF
33.2 22.64 12.39 32.95 21.44 12.24 0.245 0x0000FF
33.81 24.95 12.85 33.2 22.64 12.39 0.245 0x0000FF
34.29 26.41 13.15 33.81 24.95 12.85 0.245 0x0000FF
35.28 27.63 13.15 34.29 26.41 13.15 0.185 0x0000FF
36.14 28.97 13.3 35.28 27.63 13.15 0.185 0x0000FF
36.63 30.8 13.6 36.14 28.97 13.3 0.185 0x0000FF
36.63 33.11 13.83 36.63 30.8 13.6 0.185 0x0000FF
36.63 35.18 14.06 36.63 33.11 13.83 0.185 0x0000FF
36.02 36.89 14.21 36.63 35.18 14.06 0.185 0x0000FF
35.65 38.71 14.36 36.02 36.89 14.21 0.185 0x0000FF
35.65 40.78 14.44 35.65 38.71 14.36 0.185 0x0000FF
36.02 42.61 14.51 35.65 40.78 14.44 0.185 0x0000FF
36.88 44.19 14.51 36.02 42.61 14.51 0.185 0x0000FF
37.24 46.26 14.51 36.88 44.19 14.51 0.185 0x0000FF
29.64 14.36 10.8 30.99 12.8 10.65 0.185 0x0000FF
28.78 16.3 10.88 29.64 14.36 10.8 0.185 0x0000FF
27.31 18.14 11.03 28.78 16.3 10.88 0.185 0x0000FF
25.59 20.07 11.33 27.31 18.14 11.03 0.185 0x0000FF
24.12 21.54 11.64 25.59 20.07 11.33 0.185 0x0000FF
22.77 23.13 11.94 24.12 21.54 11.64 0.185 0x0000FF
21.42 24.83 12.39 22.77 23.13 11.94 0.185 0x0000FF
20.81 26.05 12.7 21.42 24.83 12.39 0.185 0x0000FF
19.7 27.63 12.77 20.81 26.05 12.7 0.185 0x0000FF
18.72 29.34 13.0 19.7 27.63 12.77 0.185 0x0000FF
17.73 31.04 13.23 18.72 29.34 13.0 0.185 0x0000FF
17.0 32.61 13.45 17.73 31.04 13.23 0.185 0x0000FF
16.39 34.82 13.68 17.0 32.61 13.45 0.185 0x0000FF
16.27 37.25 13.83 16.39 34.82 13.68 0.185 0x0000FF
16.14 39.56 14.06 16.27 37.25 13.83 0.185 0x0000FF
15.53 41.63 14.29 16.14 39.56 14.06 0.185 0x0000FF
13.81 43.83 14.51 15.53 41.63 14.29 0.185 0x0000FF
12.22 45.53 14.59 13.81 43.83 14.51 0.185 0x0000FF
11.12 46.75 14.82 12.22 45.53 14.59 0.185 0x0000FF
9.64 48.33 15.04 11.12 46.75 14.82 0.185 0x0000FF
8.53 50.16 15.12 9.64 48.33 15.04 0.185 0x0000FF
7.68 51.74 15.27 8.53 50.16 15.12 0.185 0x0000FF
6.94 53.2 15.65 7.68 51.74 15.27 0.185 0x0000FF
5.96 55.03 15.8 6.94 53.2 15.65 0.185 0x0000FF
5.6 57.1 16.03 5.96 55.03 15.8 0.185 0x0000FF
5.6 59.53 16.18 5.6 57.1 16.03 0.185 0x0000FF
5.84 61.48 16.32 5.6 59.53 16.18 0.185 0x0000FF
6.21 63.55 16.41 5.84 61.48 16.32 0.185 0x0000FF
6.33 64.64 16.48 6.21 63.55 16.41 0.185 0x0000FF
6.09 65.86 16.55 6.33 64.64 16.48 0.185 0x0000FF
6.41 67.08 16.63 6.09 65.86 16.55 0.185 0x0000FF
6.41 69.03 16.71 6.41 67.08 16.63 0.185 0x0000FF
6.41 71.09 17.01 6.41 69.03 16.71 0.185 0x0000FF
39.64 -4.42 5.35 38.35 -4.98 4.74 0.37 0x0000FF
40.99 -3.56 5.58 39.64 -4.42 5.35 0.37 0x0000FF
42.33 -2.83 5.73 40.99 -3.56 5.58 0.37 0x0000FF
43.68 -1.12 5.73 42.33 -2.83 5.73 0.305 0x0000FF
44.42 0.45 5.88 43.68 -1.12 5.73 0.305 0x0000FF
45.52 1.31 5.95 44.42 0.45 5.88 0.245 0x0000FF
46.01 3.25 6.26 45.52 1.31 5.95 0.185 0x0000FF
46.51 4.84 6.56 46.01 3.25 6.26 0.185 0x0000FF
47.12 6.54 6.86 46.51 4.84 6.56 0.185 0x0000FF
47.85 8.73 7.17 47.12 6.54 6.86 0.185 0x0000FF
49.08 10.68 7.17 47.85 8.73 7.17 0.185 0x0000FF
50.31 12.51 7.24 49.08 10.68 7.17 0.185 0x0000FF
50.55 14.46 7.47 50.31 12.51 7.24 0.185 0x0000FF
51.41 16.39 7.85 50.55 14.46 7.47 0.185 0x0000FF
52.27 17.98 8.15 51.41 16.39 7.85 0.185 0x0000FF
53.99 19.8 8.15 52.27 17.98 8.15 0.185 0x0000FF
54.72 21.64 8.38 53.99 19.8 8.15 0.185 0x0000FF
55.71 23.22 8.83 54.72 21.64 8.38 0.185 0x0000FF
56.81 25.41 9.06 55.71 23.22 8.83 0.185 0x0000FF
57.06 27.12 9.14 56.81 25.41 9.06 0.185 0x0000FF
58.16 28.94 9.21 57.06 27.12 9.14 0.185 0x0000FF
59.14 30.4 9.51 58.16 28.94 9.21 0.185 0x0000FF
60.0 31.87 9.74 59.14 30.4 9.51 0.185 0x0000FF
61.23 33.2 9.89 60.0 31.87 9.74 0.185 0x0000FF
61.84 33.94 10.27 61.23 33.2 9.89 0.185 0x0000FF
62.94 35.4 10.57 61.84 33.94 10.27 0.185 0x0000FF
64.05 36.13 10.73 62.94 35.4 10.57 0.185 0x0000FF
65.03 36.97 10.95 64.05 36.13 10.73 0.185 0x0000FF
66.5 38.2 11.26 65.03 36.97 10.95 0.185 0x0000FF
67.48 38.93 11.41 66.5 38.2 11.26 0.185 0x0000FF
68.34 40.02 11.56 67.48 38.93 11.41 0.185 0x0000FF
68.95 41.36 11.64 68.34 40.02 11.56 0.185 0x0000FF
69.47 42.94 11.64 68.95 41.36 11.64 0.185 0x0000FF
70.81 44.76 11.86 69.47 42.94 11.64 0.185 0x0000FF
72.17 45.98 12.24 70.81 44.76 11.86 0.185 0x0000FF
73.64 47.44 12.77 72.17 45.98 12.24 0.185 0x0000FF
74.98 48.78 13.0 73.64 47.44 12.77 0.185 0x0000FF
76.22 49.75 13.23 74.98 48.78 13.0 0.185 0x0000FF
76.83 50.36 13.38 76.22 49.75 13.23 0.185 0x0000FF
44.82 -1.62 5.65 42.33 -2.83 5.73 0.245 0x0000FF
46.29 -1.26 5.5 44.82 -1.62 5.65 0.245 0x0000FF
47.39 -0.65 5.12 46.29 -1.26 5.5 0.245 0x0000FF
48.37 -0.28 4.51 47.39 -0.65 5.12 0.245 0x0000FF
49.48 0.2 3.98 48.37 -0.28 4.51 0.245 0x0000FF
50.83 0.32 3.38 49.48 0.2 3.98 0.245 0x0000FF
52.42 0.93 3.15 50.83 0.32 3.38 0.245 0x0000FF
54.38 1.54 3.23 52.42 0.93 3.15 0.185 0x0000FF
55.61 1.66 3.61 54.38 1.54 3.23 0.185 0x0000FF
56.84 1.91 3.98 55.61 1.66 3.61 0.185 0x0000FF
58.92 2.27 3.91 56.84 1.91 3.98 0.185 0x0000FF
60.64 2.64 3.38 58.92 2.27 3.91 0.185 0x0000FF
62.24 2.64 2.92 60.64 2.64 3.38 0.185 0x0000FF
63.83 1.78 2.77 62.24 2.64 2.92 0.185 0x0000FF
65.3 1.42 2.47 63.83 1.78 2.77 0.185 0x0000FF
67.51 0.81 2.09 65.3 1.42 2.47 0.185 0x0000FF
69.59 0.08 1.71 67.51 0.81 2.09 0.185 0x0000FF
71.44 -0.41 1.48 69.59 0.08 1.71 0.185 0x0000FF
72.66 -1.5 0.95 71.44 -0.41 1.48 0.185 0x0000FF
74.38 -2.11 0.5 72.66 -1.5 0.95 0.185 0x0000FF
75.48 -2.48 -0.03 74.38 -2.11 0.5 0.185 0x0000FF
77.31 -2.96 -0.41 75.48 -2.48 -0.03 0.185 0x0000FF
78.43 -3.09 -0.94 77.31 -2.96 -0.41 0.185 0x0000FF
80.02 -3.33 -1.24 78.43 -3.09 -0.94 0.185 0x0000FF
82.35 -3.94 -1.39 80.02 -3.33 -1.24 0.185 0x0000FF
84.07 -4.05 -1.77 82.35 -3.94 -1.39 0.185 0x0000FF
86.16 -4.3 -2.15 84.07 -4.05 -1.77 0.185 0x0000FF
88.12 -4.55 -2.52 86.16 -4.3 -2.15 0.185 0x0000FF
89.84 -5.03 -2.91 88.12 -4.55 -2.52 0.185 0x0000FF
91.8 -5.03 -3.29 89.84 -5.03 -2.91 0.185 0x0000FF
93.76 -5.03 -3.59 91.8 -5.03 -3.29 0.185 0x0000FF
95.23 -5.03 -3.89 93.76 -5.03 -3.59 0.185 0x0000FF
96.34 -5.4 -4.05 95.23 -5.03 -3.89 0.185 0x0000FF
98.06 -5.64 -4.26 96.34 -5.4 -4.05 0.185 0x0000FF
100.26 -6.37 -4.65 98.06 -5.64 -4.26 0.185 0x0000FF
102.47 -6.49 -5.26 100.26 -6.37 -4.65 0.185 0x0000FF
103.94 -6.49 -5.48 102.47 -6.49 -5.26 0.185 0x0000FF
15.58 -23.38 0.57 24.75 -20.62 -0.61 1.105 0x0000FF
14.84 -23.86 0.95 15.58 -23.38 0.57 1.105 0x0000FF
13.86 -24.23 1.56 14.84 -23.86 0.95 1.105 0x0000FF
12.76 -25.08 1.94 13.86 -24.23 1.56 1.105 0x0000FF
12.02 -25.57 2.47 12.76 -25.08 1.94 1.045 0x0000FF
11.29 -26.18 2.92 12.02 -25.57 2.47 1.045 0x0000FF
10.55 -26.66 3.3 11.29 -26.18 2.92 1.045 0x0000FF
10.06 -27.39 3.91 10.55 -26.66 3.3 0.98 0x0000FF
8.83 -28.73 4.21 10.06 -27.39 3.91 0.92 0x0000FF
8.46 -29.22 4.82 8.83 -28.73 4.21 0.92 0x0000FF
7.85 -29.95 5.35 8.46 -29.22 4.82 0.92 0x0000FF
7.61 -30.32 5.65 7.85 -29.95 5.35 0.92 0x0000FF
6.62 -31.17 6.18 7.61 -30.32 5.65 0.92 0x0000FF
6.38 -31.41 6.71 6.62 -31.17 6.18 0.92 0x0000FF
6.01 -31.78 7.09 6.38 -31.41 6.71 0.92 0x0000FF
5.4 -31.9 7.39 6.01 -31.78 7.09 0.92 0x0000FF
4.91 -32.39 7.77 5.4 -31.9 7.39 0.92 0x0000FF
4.66 -32.51 8.15 4.91 -32.39 7.77 0.92 0x0000FF
4.54 -32.63 8.61 4.66 -32.51 8.15 0.92 0x0000FF
4.29 -32.75 9.06 4.54 -32.63 8.61 0.92 0x0000FF
4.17 -32.86 9.36 4.29 -32.75 9.06 0.92 0x0000FF
3.68 -33.11 9.97 4.17 -32.86 9.36 0.92 0x0000FF
3.43 -33.24 10.42 3.68 -33.11 9.97 0.92 0x0000FF
3.31 -33.47 10.95 3.43 -33.24 10.42 0.92 0x0000FF
2.82 -33.97 11.03 3.31 -33.47 10.95 0.86 0x0000FF
2.7 -34.09 11.48 2.82 -33.97 11.03 0.86 0x0000FF
2.45 -34.33 11.86 2.7 -34.09 11.48 0.86 0x0000FF
2.21 -34.58 12.32 2.45 -34.33 11.86 0.86 0x0000FF
2.09 -34.7 12.85 2.21 -34.58 12.32 0.86 0x0000FF
1.84 -35.06 13.53 2.09 -34.7 12.85 0.86 0x0000FF
1.47 -35.31 13.98 1.84 -35.06 13.53 0.86 0x0000FF
1.23 -35.54 14.36 1.47 -35.31 13.98 0.86 0x0000FF
0.86 -35.79 14.89 1.23 -35.54 14.36 0.86 0x0000FF
0.49 -36.15 15.27 0.86 -35.79 14.89 0.86 0x0000FF
0.25 -36.4 15.8 0.49 -36.15 15.27 0.795 0x0000FF
-0.25 -36.89 16.1 0.25 -36.4 15.8 0.795 0x0000FF
-0.49 -37.13 16.48 -0.25 -36.89 16.1 0.795 0x0000FF
-0.74 -37.38 16.94 -0.49 -37.13 16.48 0.795 0x0000FF
-1.1 -37.61 17.39 -0.74 -37.38 16.94 0.795 0x0000FF
-1.23 -37.86 17.85 -1.1 -37.61 17.39 0.795 0x0000FF
-1.72 -38.11 18.3 -1.23 -37.86 17.85 0.795 0x0000FF
-1.96 -38.47 18.6 -1.72 -38.11 18.3 0.795 0x0000FF
-2.21 -38.72 19.44 -1.96 -38.47 18.6 0.795 0x0000FF
-2.33 -38.72 19.73 -2.21 -38.72 19.44 0.795 0x0000FF
-2.33 -38.96 20.04 -2.33 -38.72 19.73 0.795 0x0000FF
-2.45 -39.08 20.35 -2.33 -38.96 20.04 0.795 0x0000FF
-2.94 -39.45 20.57 -2.45 -39.08 20.35 0.795 0x0000FF
-3.07 -39.57 20.95 -2.94 -39.45 20.57 0.795 0x0000FF
-3.84 -40.09 21.26 -3.07 -39.57 20.95 0.675 0x0000FF
-4.33 -40.09 21.71 -3.84 -40.09 21.26 0.675 0x0000FF
-4.82 -40.09 22.16 -4.33 -40.09 21.71 0.675 0x0000FF
-5.19 -40.46 22.69 -4.82 -40.09 22.16 0.675 0x0000FF
-5.8 -40.82 23.07 -5.19 -40.46 22.69 0.675 0x0000FF
-6.05 -40.94 23.45 -5.8 -40.82 23.07 0.675 0x0000FF
-6.42 -40.94 23.91 -6.05 -40.94 23.45 0.675 0x0000FF
-6.91 -41.19 24.44 -6.42 -40.94 23.91 0.675 0x0000FF
-7.4 -41.55 24.82 -6.91 -41.19 24.44 0.675 0x0000FF
-8.44 -42.69 25.19 -7.4 -41.55 24.82 0.55 0x0000FF
-9.17 -43.54 25.65 -8.44 -42.69 25.19 0.55 0x0000FF
-9.77 -44.64 26.1 -9.17 -43.54 25.65 0.55 0x0000FF
-10.52 -45.85 26.71 -9.77 -44.64 26.1 0.55 0x0000FF
-11.5 -46.83 27.16 -10.52 -45.85 26.71 0.55 0x0000FF
-12.36 -47.19 27.54 -11.5 -46.83 27.16 0.55 0x0000FF
-12.97 -48.04 28.0 -12.36 -47.19 27.54 0.55 0x0000FF
-13.59 -49.02 28.22 -12.97 -48.04 28.0 0.55 0x0000FF
-14.32 -49.51 28.45 -13.59 -49.02 28.22 0.55 0x0000FF
-14.81 -50.6 28.91 -14.32 -49.51 28.45 0.55 0x0000FF
-15.3 -51.21 29.21 -14.81 -50.6 28.91 0.55 0x0000FF
-15.8 -52.18 29.89 -15.3 -51.21 29.21 0.55 0x0000FF
-16.04 -53.04 30.27 -15.8 -52.18 29.89 0.55 0x0000FF
-16.04 -53.89 30.5 -16.04 -53.04 30.27 0.55 0x0000FF
-16.04 -54.62 30.88 -16.04 -53.89 30.5 0.55 0x0000FF
-16.41 -56.69 30.5 -16.04 -54.62 30.88 0.615 0x0000FF
-16.64 -57.3 30.88 -16.41 -56.69 30.5 0.615 0x0000FF
-16.78 -58.03 31.25 -16.64 -57.3 30.88 0.615 0x0000FF
-16.89 -58.76 31.63 -16.78 -58.03 31.25 0.615 0x0000FF
-17.76 -59.49 31.94 -16.89 -58.76 31.63 0.615 0x0000FF
-18.86 -59.98 32.31 -17.76 -59.49 31.94 0.615 0x0000FF
-19.6 -60.1 32.69 -18.86 -59.98 32.31 0.615 0x0000FF
-20.46 -60.46 33.07 -19.6 -60.1 32.69 0.615 0x0000FF
-21.81 -61.32 33.68 -20.46 -60.46 33.07 0.615 0x0000FF
-22.91 -61.68 34.13 -21.81 -61.32 33.68 0.615 0x0000FF
-24.14 -62.29 34.74 -22.91 -61.68 34.13 0.615 0x0000FF
-25.12 -62.53 35.34 -24.14 -62.29 34.74 0.615 0x0000FF
-25.85 -62.9 35.95 -25.12 -62.53 35.34 0.615 0x0000FF
-26.59 -63.26 36.03 -25.85 -62.9 35.95 0.49 0x0000FF
-27.45 -63.63 36.63 -26.59 -63.26 36.03 0.49 0x0000FF
-27.94 -63.99 37.09 -27.45 -63.63 36.63 0.49 0x0000FF
-28.31 -63.99 37.61 -27.94 -63.99 37.09 0.49 0x0000FF
-29.17 -64.23 37.84 -28.31 -63.99 37.61 0.49 0x0000FF
-29.9 -64.36 38.22 -29.17 -64.23 37.84 0.49 0x0000FF
-30.88 -64.59 38.68 -29.9 -64.36 38.22 0.49 0x0000FF
-31.5 -65.09 39.28 -30.88 -64.59 38.68 0.49 0x0000FF
-32.36 -65.33 39.89 -31.5 -65.09 39.28 0.49 0x0000FF
-33.09 -65.7 40.27 -32.36 -65.33 39.89 0.49 0x0000FF
-33.58 -66.06 40.65 -33.09 -65.7 40.27 0.49 0x0000FF
-34.44 -66.55 41.48 -33.58 -66.06 40.65 0.49 0x0000FF
-35.29 -67.16 42.16 -34.44 -66.55 41.48 0.49 0x0000FF
-35.79 -67.65 42.69 -35.29 -67.16 42.16 0.49 0x0000FF
-36.53 -68.01 43.15 -35.79 -67.65 42.69 0.49 0x0000FF
-37.63 -68.13 43.53 -36.53 -68.01 43.15 0.49 0x0000FF
-38.24 -68.62 44.06 -37.63 -68.13 43.53 0.49 0x0000FF
-38.97 -68.86 44.51 -38.24 -68.62 44.06 0.49 0x0000FF
-39.35 -68.98 44.66 -38.97 -68.86 44.51 0.43 0x0000FF
-39.84 -68.98 45.42 -39.35 -68.98 44.66 0.43 0x0000FF
-40.33 -68.98 45.87 -39.84 -68.98 45.42 0.43 0x0000FF
-41.56 -69.23 46.03 -40.33 -68.98 45.87 0.37 0x0000FF
-42.05 -69.72 46.71 -41.56 -69.23 46.03 0.37 0x0000FF
-42.54 -70.08 47.16 -42.05 -69.72 46.71 0.37 0x0000FF
-42.91 -70.81 47.62 -42.54 -70.08 47.16 0.37 0x0000FF
-43.76 -71.42 47.84 -42.91 -70.81 47.62 0.37 0x0000FF
-44.13 -71.66 48.53 -43.76 -71.42 47.84 0.37 0x0000FF
-45.36 -72.39 48.9 -44.13 -71.66 48.53 0.37 0x0000FF
-46.46 -72.64 49.43 -45.36 -72.39 48.9 0.37 0x0000FF
-47.2 -72.64 49.81 -46.46 -72.64 49.43 0.37 0x0000FF
-47.81 -72.76 50.19 -47.2 -72.64 49.81 0.37 0x0000FF
-48.43 -73.0 50.49 -47.81 -72.76 50.19 0.37 0x0000FF
-49.41 -73.0 51.03 -48.43 -73.0 50.49 0.37 0x0000FF
-50.51 -73.37 51.25 -49.41 -73.0 51.03 0.305 0x0000FF
-51.98 -73.37 51.63 -50.51 -73.37 51.25 0.305 0x0000FF
-52.96 -73.73 51.78 -51.98 -73.37 51.63 0.305 0x0000FF
-16.78 -55.11 31.03 -16.04 -54.62 30.88 0.43 0x0000FF
-17.27 -55.35 31.33 -16.78 -55.11 31.03 0.43 0x0000FF
-17.88 -55.35 31.78 -17.27 -55.35 31.33 0.43 0x0000FF
-18.73 -55.59 32.31 -17.88 -55.35 31.78 0.43 0x0000FF
-20.09 -55.35 32.31 -18.73 -55.59 32.31 0.37 0x0000FF
-21.56 -54.86 32.54 -20.09 -55.35 32.31 0.37 0x0000FF
-22.66 -54.25 33.07 -21.56 -54.86 32.54 0.37 0x0000FF
-24.26 -54.25 33.38 -22.66 -54.25 33.07 0.37 0x0000FF
-25.73 -54.25 33.38 -24.26 -54.25 33.38 0.245 0x0000FF
-27.08 -54.13 33.6 -25.73 -54.25 33.38 0.245 0x0000FF
-28.43 -54.13 33.9 -27.08 -54.13 33.6 0.245 0x0000FF
-30.27 -54.13 34.28 -28.43 -54.13 33.9 0.245 0x0000FF
-32.11 -54.13 34.36 -30.27 -54.13 34.28 0.245 0x0000FF
-33.71 -54.13 33.97 -32.11 -54.13 34.36 0.245 0x0000FF
-34.69 -54.38 33.53 -33.71 -54.13 33.97 0.245 0x0000FF
-36.4 -54.38 33.15 -34.69 -54.38 33.53 0.245 0x0000FF
-38.0 -54.38 32.77 -36.4 -54.38 33.15 0.245 0x0000FF
-39.59 -54.38 32.54 -38.0 -54.38 32.77 0.245 0x0000FF
-40.33 -54.01 32.15 -39.59 -54.38 32.54 0.245 0x0000FF
-41.92 -54.01 31.63 -40.33 -54.01 32.15 0.245 0x0000FF
-42.54 -54.25 31.03 -41.92 -54.01 31.63 0.245 0x0000FF
-43.52 -54.25 30.57 -42.54 -54.25 31.03 0.245 0x0000FF
-44.99 -54.86 30.35 -43.52 -54.25 30.57 0.245 0x0000FF
-45.85 -55.23 29.74 -44.99 -54.86 30.35 0.245 0x0000FF
-46.71 -55.84 29.21 -45.85 -55.23 29.74 0.245 0x0000FF
-47.32 -56.57 28.68 -46.71 -55.84 29.21 0.245 0x0000FF
-47.93 -57.05 28.07 -47.32 -56.57 28.68 0.245 0x0000FF
-48.67 -57.3 27.69 -47.93 -57.05 28.07 0.245 0x0000FF
-49.53 -58.27 27.24 -48.67 -57.3 27.69 0.245 0x0000FF
-50.63 -59.12 26.71 -49.53 -58.27 27.24 0.245 0x0000FF
-51.86 -59.49 26.25 -50.63 -59.12 26.71 0.245 0x0000FF
-52.6 -59.49 25.88 -51.86 -59.49 26.25 0.245 0x0000FF
-53.95 -59.12 25.27 -52.6 -59.49 25.88 0.245 0x0000FF
-54.68 -59.12 24.82 -53.95 -59.12 25.27 0.245 0x0000FF
-55.66 -59.12 24.36 -54.68 -59.12 24.82 0.245 0x0000FF
-56.77 -59.12 23.98 -55.66 -59.12 24.36 0.245 0x0000FF
-57.38 -59.0 23.38 -56.77 -59.12 23.98 0.245 0x0000FF
-57.99 -59.0 22.85 -57.38 -59.0 23.38 0.245 0x0000FF
-58.61 -59.0 22.24 -57.99 -59.0 22.85 0.245 0x0000FF
-58.98 -59.0 22.01 -58.61 -59.0 22.24 0.245 0x0000FF
-59.96 -59.0 21.33 -58.98 -59.0 22.01 0.245 0x0000FF
-60.94 -58.76 20.88 -59.96 -59.0 21.33 0.245 0x0000FF
-61.67 -58.76 20.12 -60.94 -58.76 20.88 0.245 0x0000FF
-62.29 -58.76 19.89 -61.67 -58.76 20.12 0.245 0x0000FF
-63.15 -58.76 19.59 -62.29 -58.76 19.89 0.245 0x0000FF
-64.37 -58.88 18.6 -63.15 -58.76 19.59 0.245 0x0000FF
-65.34 -59.85 18.14 -64.37 -58.88 18.6 0.245 0x0000FF
-66.83 -60.46 17.7 -65.34 -59.85 18.14 0.245 0x0000FF
-67.93 -61.07 17.09 -66.83 -60.46 17.7 0.245 0x0000FF
-68.91 -61.68 16.79 -67.93 -61.07 17.09 0.245 0x0000FF
-70.26 -62.05 16.32 -68.91 -61.68 16.79 0.245 0x0000FF
-71.48 -62.29 16.03 -70.26 -62.05 16.32 0.245 0x0000FF
-8.61 -41.06 24.82 -7.4 -41.55 24.82 0.43 0x0000FF
-9.11 -40.46 25.35 -8.61 -41.06 24.82 0.37 0x0000FF
-9.24 -39.85 25.8 -9.11 -40.46 25.35 0.37 0x0000FF
-9.48 -39.36 26.1 -9.24 -39.85 25.8 0.37 0x0000FF
-9.61 -39.11 26.63 -9.48 -39.36 26.1 0.37 0x0000FF
-9.97 -38.51 27.09 -9.61 -39.11 26.63 0.37 0x0000FF
-10.1 -37.9 27.54 -9.97 -38.51 27.09 0.37 0x0000FF
-10.71 -37.53 28.07 -10.1 -37.9 27.54 0.37 0x0000FF
-11.45 -36.79 28.68 -10.71 -37.53 28.07 0.37 0x0000FF
-11.94 -36.19 28.98 -11.45 -36.79 28.68 0.37 0x0000FF
-12.67 -35.46 29.36 -11.94 -36.19 28.98 0.37 0x0000FF
-13.16 -34.72 29.97 -12.67 -35.46 29.36 0.37 0x0000FF
-13.65 -34.11 30.19 -13.16 -34.72 29.97 0.37 0x0000FF
-14.14 -33.76 30.88 -13.65 -34.11 30.19 0.37 0x0000FF
-14.64 -32.9 31.71 -14.14 -33.76 30.88 0.37 0x0000FF
-15.0 -32.04 31.78 -14.64 -32.9 31.71 0.37 0x0000FF
-15.25 -31.69 32.31 -15.0 -32.04 31.78 0.37 0x0000FF
-15.62 -30.84 32.85 -15.25 -31.69 32.31 0.37 0x0000FF
-15.74 -30.47 33.07 -15.62 -30.84 32.85 0.37 0x0000FF
-15.98 -29.5 33.53 -15.74 -30.47 33.07 0.37 0x0000FF
-16.11 -28.77 33.83 -15.98 -29.5 33.53 0.37 0x0000FF
-16.72 -27.91 34.21 -16.11 -28.77 33.83 0.37 0x0000FF
-16.84 -27.43 34.65 -16.72 -27.91 34.21 0.37 0x0000FF
-17.09 -26.94 35.19 -16.84 -27.43 34.65 0.37 0x0000FF
-17.46 -26.33 36.03 -17.09 -26.94 35.19 0.37 0x0000FF
-17.7 -25.72 36.56 -17.46 -26.33 36.03 0.37 0x0000FF
-17.95 -25.36 37.01 -17.7 -25.72 36.56 0.37 0x0000FF
-18.07 -24.63 37.39 -17.95 -25.36 37.01 0.37 0x0000FF
-18.55 -23.41 37.77 -18.07 -24.63 37.39 0.37 0x0000FF
-19.68 -22.29 37.84 -18.55 -23.41 37.77 0.305 0x0000FF
-20.66 -21.07 37.84 -19.68 -22.29 37.84 0.305 0x0000FF
-21.4 -20.22 37.15 -20.66 -21.07 37.84 0.305 0x0000FF
-21.76 -19.48 37.15 -21.4 -20.22 37.15 0.305 0x0000FF
-22.5 -18.88 37.69 -21.76 -19.48 37.15 0.305 0x0000FF
-22.99 -18.27 38.36 -22.5 -18.88 37.69 0.305 0x0000FF
-24.22 -17.42 38.75 -22.99 -18.27 38.36 0.305 0x0000FF
-25.44 -16.44 39.13 -24.22 -17.42 38.75 0.305 0x0000FF
-26.3 -15.84 39.59 -25.44 -16.44 39.13 0.305 0x0000FF
-27.65 -15.23 39.81 -26.3 -15.84 39.59 0.305 0x0000FF
-28.63 -14.37 40.19 -27.65 -15.23 39.81 0.305 0x0000FF
-29.61 -13.64 40.5 -28.63 -14.37 40.19 0.305 0x0000FF
-30.84 -12.91 40.72 -29.61 -13.64 40.5 0.305 0x0000FF
-32.07 -12.06 41.03 -30.84 -12.91 40.72 0.305 0x0000FF
-33.79 -11.09 41.03 -32.07 -12.06 41.03 0.185 0x0000FF
-34.52 -9.99 41.18 -33.79 -11.09 41.03 0.185 0x0000FF
-35.63 -8.52 41.56 -34.52 -9.99 41.18 0.185 0x0000FF
-36.47 -7.19 41.86 -35.63 -8.52 41.56 0.185 0x0000FF
-37.34 -5.61 42.16 -36.47 -7.19 41.86 0.185 0x0000FF
-37.59 -4.15 42.39 -37.34 -5.61 42.16 0.185 0x0000FF
-38.08 -3.29 42.69 -37.59 -4.15 42.39 0.185 0x0000FF
-38.69 -1.83 42.69 -38.08 -3.29 42.69 0.185 0x0000FF
-39.54 -0.98 43.0 -38.69 -1.83 42.69 0.185 0x0000FF
-40.65 0.24 43.3 -39.54 -0.98 43.0 0.185 0x0000FF
-41.76 1.33 43.53 -40.65 0.24 43.3 0.185 0x0000FF
-42.99 2.18 43.83 -41.76 1.33 43.53 0.185 0x0000FF
-44.09 2.91 43.9 -42.99 2.18 43.83 0.185 0x0000FF
-45.32 3.89 44.36 -44.09 2.91 43.9 0.185 0x0000FF
-46.54 4.98 44.74 -45.32 3.89 44.36 0.185 0x0000FF
-47.77 6.08 44.89 -46.54 4.98 44.74 0.185 0x0000FF
-48.87 7.05 45.04 -47.77 6.08 44.89 0.185 0x0000FF
-49.73 7.66 45.12 -48.87 7.05 45.04 0.185 0x0000FF
-50.47 8.39 45.27 -49.73 7.66 45.12 0.185 0x0000FF
-51.7 9.25 45.42 -50.47 8.39 45.27 0.185 0x0000FF
-53.17 10.22 45.5 -51.7 9.25 45.42 0.185 0x0000FF
-18.8 -21.22 37.84 -18.55 -23.41 37.77 0.305 0x0000FF
-19.17 -19.76 38.07 -18.8 -21.22 37.84 0.305 0x0000FF
-19.66 -18.17 38.29 -19.17 -19.76 38.07 0.245 0x0000FF
-19.79 -17.07 38.75 -19.66 -18.17 38.29 0.245 0x0000FF
-20.28 -16.23 38.83 -19.79 -17.07 38.75 0.245 0x0000FF
-20.28 -15.25 38.97 -20.28 -16.23 38.83 0.245 0x0000FF
-20.28 -13.91 39.21 -20.28 -15.25 38.97 0.245 0x0000FF
-19.91 -12.7 39.51 -20.28 -13.91 39.21 0.245 0x0000FF
-19.91 -10.99 39.65 -19.91 -12.7 39.51 0.245 0x0000FF
-19.91 -9.77 39.97 -19.91 -10.99 39.65 0.245 0x0000FF
-19.91 -7.7 40.19 -19.91 -9.77 39.97 0.245 0x0000FF
-21.14 -5.15 40.27 -19.91 -7.7 40.19 0.245 0x0000FF
-22.0 -3.56 40.72 -21.14 -5.15 40.27 0.245 0x0000FF
-22.36 -2.71 41.25 -22.0 -3.56 40.72 0.245 0x0000FF
-22.73 -1.74 41.86 -22.36 -2.71 41.25 0.245 0x0000FF
-23.22 -1.01 42.16 -22.73 -1.74 41.86 0.245 0x0000FF
-23.84 -0.03 42.39 -23.22 -1.01 42.16 0.245 0x0000FF
-24.33 1.43 42.62 -23.84 -0.03 42.39 0.245 0x0000FF
-24.57 2.27 43.0 -24.33 1.43 42.62 0.245 0x0000FF
-24.69 3.13 43.3 -24.57 2.27 43.0 0.245 0x0000FF
-24.82 4.34 43.53 -24.69 3.13 43.3 0.245 0x0000FF
-24.46 5.23 43.53 -24.82 4.34 43.53 0.245 0x0000FF
-24.34 6.2 43.9 -24.46 5.23 43.53 0.245 0x0000FF
-24.34 7.3 44.28 -24.34 6.2 43.9 0.245 0x0000FF
-24.34 8.15 44.74 -24.34 7.3 44.28 0.245 0x0000FF
-24.34 9.11 45.34 -24.34 8.15 44.74 0.245 0x0000FF
-24.34 10.46 45.34 -24.34 9.11 45.34 0.245 0x0000FF
-24.34 11.56 44.59 -24.34 10.46 45.34 0.245 0x0000FF
-24.34 13.02 43.9 -24.34 11.56 44.59 0.245 0x0000FF
-24.34 13.99 43.6 -24.34 13.02 43.9 0.245 0x0000FF
-24.34 15.82 43.15 -24.34 13.99 43.6 0.245 0x0000FF
-24.34 17.16 42.92 -24.34 15.82 43.15 0.245 0x0000FF
-24.34 18.38 42.54 -24.34 17.16 42.92 0.245 0x0000FF
-24.71 20.57 42.09 -24.34 18.38 42.54 0.245 0x0000FF
-24.83 22.27 41.86 -24.71 20.57 42.09 0.245 0x0000FF
-24.71 24.1 41.48 -24.83 22.27 41.86 0.245 0x0000FF
-24.71 25.32 41.4 -24.71 24.1 41.48 0.245 0x0000FF
-24.59 26.78 41.18 -24.71 25.32 41.4 0.245 0x0000FF
-24.22 28.36 40.95 -24.59 26.78 41.18 0.245 0x0000FF
-23.85 29.58 40.72 -24.22 28.36 40.95 0.245 0x0000FF
-23.48 30.55 40.5 -23.85 29.58 40.72 0.245 0x0000FF
-23.11 31.77 40.34 -23.48 30.55 40.5 0.245 0x0000FF
-3.07 -41.27 21.03 -3.07 -39.57 20.95 0.49 0x0000FF
-2.82 -41.76 21.48 -3.07 -41.27 21.03 0.49 0x0000FF
-2.82 -42.25 22.01 -2.82 -41.76 21.48 0.49 0x0000FF
-2.45 -42.86 22.32 -2.82 -42.25 22.01 0.49 0x0000FF
-2.33 -42.98 22.69 -2.45 -42.86 22.32 0.49 0x0000FF
-2.33 -43.34 23.15 -2.33 -42.98 22.69 0.49 0x0000FF
-1.84 -43.47 23.53 -2.33 -43.34 23.15 0.49 0x0000FF
-1.59 -44.07 23.91 -1.84 -43.47 23.53 0.49 0x0000FF
-1.59 -44.8 24.21 -1.59 -44.07 23.91 0.49 0x0000FF
-1.47 -45.41 24.82 -1.59 -44.8 24.21 0.49 0x0000FF
-1.23 -45.78 25.19 -1.47 -45.41 24.82 0.49 0x0000FF
-0.74 -47.12 25.57 -1.23 -45.78 25.19 0.49 0x0000FF
-0.37 -48.7 25.65 -0.74 -47.12 25.57 0.49 0x0000FF
-0.37 -49.8 26.18 -0.37 -48.7 25.65 0.49 0x0000FF
-0.86 -50.89 26.48 -0.37 -49.8 26.18 0.49 0x0000FF
-1.1 -52.23 26.56 -0.86 -50.89 26.48 0.37 0x0000FF
-1.1 -53.33 26.94 -1.1 -52.23 26.56 0.37 0x0000FF
-1.1 -54.18 27.32 -1.1 -53.33 26.94 0.37 0x0000FF
-1.1 -54.91 27.62 -1.1 -54.18 27.32 0.37 0x0000FF
-1.35 -56.49 27.62 -1.1 -54.91 27.62 0.37 0x0000FF
-1.35 -57.71 27.62 -1.35 -56.49 27.62 0.305 0x0000FF
-1.23 -58.56 28.0 -1.35 -57.71 27.62 0.305 0x0000FF
-1.23 -59.17 28.53 -1.23 -58.56 28.0 0.305 0x0000FF
-1.23 -59.78 28.68 -1.23 -59.17 28.53 0.305 0x0000FF
-1.23 -60.27 28.91 -1.23 -59.78 28.68 0.305 0x0000FF
-1.1 -61.24 29.13 -1.23 -60.27 28.91 0.305 0x0000FF
-0.85 -62.5 29.21 -1.1 -61.24 29.13 0.305 0x0000FF
-0.85 -63.48 29.66 -0.85 -62.5 29.21 0.305 0x0000FF
-0.85 -64.33 30.12 -0.85 -63.48 29.66 0.305 0x0000FF
-0.85 -64.81 30.57 -0.85 -64.33 30.12 0.305 0x0000FF
-0.73 -65.3 30.8 -0.85 -64.81 30.57 0.305 0x0000FF
-0.73 -66.03 31.03 -0.73 -65.3 30.8 0.305 0x0000FF
-0.6 -66.4 31.25 -0.73 -66.03 31.03 0.305 0x0000FF
-0.48 -67.25 31.48 -0.6 -66.4 31.25 0.305 0x0000FF
-0.48 -68.09 31.86 -0.48 -67.25 31.48 0.305 0x0000FF
0.25 -69.2 32.09 -0.48 -68.09 31.86 0.305 0x0000FF
0.25 -70.3 32.61 0.25 -69.2 32.09 0.305 0x0000FF
0.38 -71.51 33.15 0.25 -70.3 32.61 0.305 0x0000FF
0.62 -72.61 33.53 0.38 -71.51 33.15 0.305 0x0000FF
0.62 -73.22 34.06 0.62 -72.61 33.53 0.305 0x0000FF
0.62 -74.06 34.36 0.62 -73.22 34.06 0.305 0x0000FF
0.62 -75.04 34.97 0.62 -74.06 34.36 0.305 0x0000FF
0.5 -75.9 35.42 0.62 -75.04 34.97 0.305 0x0000FF
0.5 -76.75 35.88 0.5 -75.9 35.42 0.305 0x0000FF
0.5 -77.59 36.18 0.5 -76.75 35.88 0.305 0x0000FF
0.01 -78.94 36.25 0.5 -77.59 36.18 0.305 0x0000FF
-0.36 -79.67 36.86 0.01 -78.94 36.25 0.305 0x0000FF
-0.36 -80.52 37.24 -0.36 -79.67 36.86 0.305 0x0000FF
-0.36 -81.62 37.61 -0.36 -80.52 37.24 0.305 0x0000FF
-0.48 -82.35 38.0 -0.36 -81.62 37.61 0.305 0x0000FF
-0.73 -83.2 38.36 -0.48 -82.35 38.0 0.305 0x0000FF
-1.09 -83.69 38.83 -0.73 -83.2 38.36 0.305 0x0000FF
-1.34 -84.17 39.21 -1.09 -83.69 38.83 0.305 0x0000FF
-1.46 -84.66 39.74 -1.34 -84.17 39.21 0.305 0x0000FF
-1.71 -85.15 40.19 -1.46 -84.66 39.74 0.305 0x0000FF
-2.08 -85.76 40.65 -1.71 -85.15 40.19 0.305 0x0000FF
-2.44 -86.49 41.03 -2.08 -85.76 40.65 0.305 0x0000FF
-2.69 -87.1 41.63 -2.44 -86.49 41.03 0.305 0x0000FF
-2.81 -87.71 42.16 -2.69 -87.1 41.63 0.305 0x0000FF
-3.06 -88.19 42.54 -2.81 -87.71 42.16 0.305 0x0000FF
-3.3 -88.8 42.62 -3.06 -88.19 42.54 0.245 0x0000FF
-3.55 -89.65 43.07 -3.3 -88.8 42.62 0.245 0x0000FF
-4.04 -90.38 43.07 -3.55 -89.65 43.07 0.245 0x0000FF
-4.41 -91.24 43.45 -4.04 -90.38 43.07 0.245 0x0000FF
-4.65 -92.21 43.9 -4.41 -91.24 43.45 0.245 0x0000FF
-5.14 -92.94 44.36 -4.65 -92.21 43.9 0.245 0x0000FF
-5.76 -93.91 44.89 -5.14 -92.94 44.36 0.245 0x0000FF
-6.37 -94.89 45.34 -5.76 -93.91 44.89 0.245 0x0000FF
-6.49 -95.5 45.8 -6.37 -94.89 45.34 0.245 0x0000FF
-6.98 -96.23 46.1 -6.49 -95.5 45.8 0.245 0x0000FF
-7.23 -97.08 46.4 -6.98 -96.23 46.1 0.245 0x0000FF
-7.47 -98.78 46.86 -7.23 -97.08 46.4 0.245 0x0000FF
-7.72 -100.25 47.16 -7.47 -98.78 46.86 0.245 0x0000FF
-7.6 -102.44 47.46 -7.72 -100.25 47.16 0.245 0x0000FF
-7.11 -103.9 47.77 -7.6 -102.44 47.46 0.245 0x0000FF
-6.37 -104.87 48.07 -7.11 -103.9 47.77 0.245 0x0000FF
-5.76 -105.85 48.3 -6.37 -104.87 48.07 0.245 0x0000FF
-5.63 -107.06 48.6 -5.76 -105.85 48.3 0.245 0x0000FF
-5.63 -109.01 48.68 -5.63 -107.06 48.6 0.245 0x0000FF
-5.72 -110.35 48.75 -5.63 -109.01 48.68 0.245 0x0000FF
-5.84 -111.32 49.28 -5.72 -110.35 48.75 0.245 0x0000FF
-6.21 -112.06 49.59 -5.84 -111.32 49.28 0.245 0x0000FF
-6.33 -113.27 49.81 -6.21 -112.06 49.59 0.245 0x0000FF
-1.09 -69.08 31.41 -0.48 -68.09 31.86 0.305 0x0000FF
-1.46 -69.93 31.1 -1.09 -69.08 31.41 0.305 0x0000FF
-1.95 -70.66 30.88 -1.46 -69.93 31.1 0.305 0x0000FF
-2.31 -71.39 30.35 -1.95 -70.66 30.88 0.305 0x0000FF
-2.31 -72.12 29.89 -2.31 -71.39 30.35 0.305 0x0000FF
-2.31 -73.09 29.59 -2.31 -72.12 29.89 0.305 0x0000FF
-2.57 -74.43 29.44 -2.31 -73.09 29.59 0.305 0x0000FF
-2.57 -75.53 29.21 -2.57 -74.43 29.44 0.305 0x0000FF
-3.06 -76.5 29.06 -2.57 -75.53 29.21 0.305 0x0000FF
-3.3 -77.97 28.98 -3.06 -76.5 29.06 0.245 0x0000FF
-3.67 -78.81 28.75 -3.3 -77.97 28.98 0.245 0x0000FF
-3.79 -79.79 28.53 -3.67 -78.81 28.75 0.245 0x0000FF
-4.16 -80.64 28.07 -3.79 -79.79 28.53 0.245 0x0000FF
-4.65 -81.86 27.92 -4.16 -80.64 28.07 0.245 0x0000FF
-5.14 -82.71 27.92 -4.65 -81.86 27.92 0.245 0x0000FF
-5.76 -83.2 27.62 -5.14 -82.71 27.92 0.245 0x0000FF
-6.25 -83.81 27.24 -5.76 -83.2 27.62 0.245 0x0000FF
-6.86 -84.78 26.86 -6.25 -83.81 27.24 0.245 0x0000FF
-7.35 -85.64 26.63 -6.86 -84.78 26.86 0.245 0x0000FF
-7.84 -86.37 26.41 -7.35 -85.64 26.63 0.245 0x0000FF
-8.21 -86.85 26.03 -7.84 -86.37 26.41 0.245 0x0000FF
-8.21 -87.58 25.72 -8.21 -86.85 26.03 0.245 0x0000FF
-8.21 -88.56 25.27 -8.21 -87.58 25.72 0.245 0x0000FF
-8.21 -89.41 24.89 -8.21 -88.56 25.27 0.245 0x0000FF
-8.21 -90.38 24.66 -8.21 -89.41 24.89 0.245 0x0000FF
-8.09 -91.85 24.44 -8.21 -90.38 24.66 0.245 0x0000FF
-8.33 -92.7 24.21 -8.09 -91.85 24.44 0.245 0x0000FF
