-35.94 -33.85 -0.03 -30.47 -22.03 -0.72 1.225 0x0000FF
-36.56 -34.7 -0.03 -35.94 -33.85 -0.03 1.225 0x0000FF
-37.65 -36.53 0.2 -36.56 -34.7 -0.03 1.225 0x0000FF
-38.89 -38.11 0.5 -37.65 -36.53 0.2 1.225 0x0000FF
-39.86 -39.57 0.88 -38.89 -38.11 0.5 1.165 0x0000FF
-40.24 -39.93 0.88 -39.86 -39.57 0.88 1.165 0x0000FF
-42.21 -41.09 1.03 -40.24 -39.93 0.88 0.795 0x0000FF
-43.69 -41.82 1.41 -42.21 -41.09 1.03 0.795 0x0000FF
-45.4 -42.55 1.18 -43.69 -41.82 1.41 0.795 0x0000FF
-47.49 -43.16 0.88 -45.4 -42.55 1.18 0.795 0x0000FF
-49.7 -43.89 0.57 -47.49 -43.16 0.88 0.795 0x0000FF
-51.41 -44.5 0.12 -49.7 -43.89 0.57 0.735 0x0000FF
-53.25 -45.23 -0.26 -51.41 -44.5 0.12 0.675 0x0000FF
-55.09 -46.2 -0.71 -53.25 -45.23 -0.26 0.615 0x0000FF
-56.81 -46.69 -1.17 -55.09 -46.2 -0.71 0.615 0x0000FF
-58.28 -46.93 -1.47 -56.81 -46.69 -1.17 0.55 0x0000FF
-59.76 -47.42 -1.85 -58.28 -46.93 -1.47 0.55 0x0000FF
-61.11 -47.54 -2.0 -59.76 -47.42 -1.85 0.55 0x0000FF
-62.42 -48.05 -1.85 -61.11 -47.54 -2.0 0.37 0x0000FF
-64.38 -48.9 -1.39 -62.42 -48.05 -1.85 0.37 0x0000FF
-65.12 -49.51 -0.94 -64.38 -48.9 -1.39 0.37 0x0000FF
-65.98 -50.24 -0.33 -65.12 -49.51 -0.94 0.37 0x0000FF
-67.33 -50.6 0.05 -65.98 -50.24 -0.33 0.37 0x0000FF
-68.19 -50.97 0.65 -67.33 -50.6 0.05 0.37 0x0000FF
-69.29 -51.58 0.95 -68.19 -50.97 0.65 0.37 0x0000FF
-70.39 -51.7 1.03 -69.29 -51.58 0.95 0.37 0x0000FF
-71.98 -51.45 1.33 -70.39 -51.7 1.03 0.305 0x0000FF
-72.84 -51.21 1.64 -71.98 -51.45 1.33 0.305 0x0000FF
-73.7 -51.21 2.24 -72.84 -51.21 1.64 0.305 0x0000FF
-74.31 -51.33 3.0 -73.7 -51.21 2.24 0.305 0x0000FF
-75.18 -51.21 3.38 -74.31 -51.33 3.0 0.305 0x0000FF
-76.65 -50.97 3.61 -75.18 -51.21 3.38 0.305 0x0000FF
-78.12 -51.09 3.76 -76.65 -50.97 3.61 0.305 0x0000FF
-79.72 -51.33 4.29 -78.12 -51.09 3.76 0.305 0x0000FF
-80.81 -51.33 4.59 -79.72 -51.33 4.29 0.305 0x0000FF
-82.05 -51.33 4.97 -80.81 -51.33 4.59 0.305 0x0000FF
-82.78 -51.33 5.35 -82.05 -51.33 4.97 0.305 0x0000FF
-83.64 -51.33 5.73 -82.78 -51.33 5.35 0.305 0x0000FF
-84.26 -51.09 6.26 -83.64 -51.33 5.73 0.305 0x0000FF
-85.36 -51.09 6.48 -84.26 -51.09 6.26 0.305 0x0000FF
-86.59 -51.09 6.86 -85.36 -51.09 6.48 0.305 0x0000FF
-88.06 -51.45 7.17 -86.59 -51.09 6.86 0.305 0x0000FF
-89.9 -51.58 7.47 -88.06 -51.45 7.17 0.305 0x0000FF
-91.25 -52.06 7.85 -89.9 -51.58 7.47 0.305 0x0000FF
-93.09 -52.31 8.23 -91.25 -52.06 7.85 0.305 0x0000FF
-94.68 -52.31 8.68 -93.09 -52.31 8.23 0.305 0x0000FF
-96.77 -52.43 8.91 -94.68 -52.31 8.68 0.305 0x0000FF
-98.24 -52.19 9.14 -96.77 -52.43 8.91 0.305 0x0000FF
-99.47 -52.19 9.51 -98.24 -52.19 9.14 0.305 0x0000FF
-100.94 -52.19 9.97 -99.47 -52.19 9.51 0.305 0x0000FF
-102.78 -52.31 10.03 -100.94 -52.19 9.97 0.305 0x0000FF
-104.99 -52.31 10.5 -102.78 -52.31 10.03 0.305 0x0000FF
-105.97 -52.43 11.03 -104.99 -52.31 10.5 0.305 0x0000FF
-107.07 -52.43 11.41 -105.97 -52.43 11.03 0.305 0x0000FF
-108.18 -52.43 11.64 -107.07 -52.43 11.41 0.305 0x0000FF
-109.4 -52.43 12.09 -108.18 -52.43 11.64 0.305 0x0000FF
-110.88 -52.79 12.24 -109.4 -52.43 12.09 0.305 0x0000FF
-112.47 -53.04 12.39 -110.88 -52.79 12.24 0.305 0x0000FF
-113.82 -53.04 12.77 -112.47 -53.04 12.39 0.305 0x0000FF
-115.17 -53.04 13.0 -113.82 -53.04 12.77 0.305 0x0000FF
-116.27 -52.92 13.3 -115.17 -53.04 13.0 0.245 0x0000FF
-117.99 -52.92 13.53 -116.27 -52.92 13.3 0.245 0x0000FF
-119.34 -52.67 14.21 -117.99 -52.92 13.53 0.245 0x0000FF
-120.32 -52.31 14.59 -119.34 -52.67 14.21 0.245 0x0000FF
-121.42 -51.94 15.27 -120.32 -52.31 14.59 0.245 0x0000FF
-122.41 -51.45 15.57 -121.42 -51.94 15.27 0.245 0x0000FF
-123.51 -50.85 15.88 -122.41 -51.45 15.57 0.245 0x0000FF
-124.25 -50.48 16.1 -123.51 -50.85 15.88 0.245 0x0000FF
-71.5 -52.79 1.33 -70.39 -51.7 1.03 0.37 0x0000FF
-72.36 -54.01 1.71 -71.5 -52.79 1.33 0.37 0x0000FF
-72.59 -54.86 1.71 -72.36 -54.01 1.71 0.305 0x0000FF
-73.22 -55.84 2.09 -72.59 -54.86 1.71 0.305 0x0000FF
-73.83 -56.93 2.54 -73.22 -55.84 2.09 0.305 0x0000FF
-74.56 -58.03 2.92 -73.83 -56.93 2.54 0.305 0x0000FF
-74.93 -59.12 3.3 -74.56 -58.03 2.92 0.305 0x0000FF
-75.55 -59.86 3.68 -74.93 -59.12 3.3 0.305 0x0000FF
-75.91 -60.71 4.05 -75.55 -59.86 3.68 0.305 0x0000FF
-76.28 -61.32 4.29 -75.91 -60.71 4.05 0.305 0x0000FF
-76.65 -61.8 4.59 -76.28 -61.32 4.29 0.305 0x0000FF
-77.39 -63.02 4.97 -76.65 -61.8 4.59 0.305 0x0000FF
-77.63 -64.23 5.35 -77.39 -63.02 4.97 0.305 0x0000FF
-78.0 -65.33 5.73 -77.63 -64.23 5.35 0.305 0x0000FF
-78.23 -66.19 5.88 -78.0 -65.33 5.73 0.305 0x0000FF
-78.23 -67.04 6.33 -78.23 -66.19 5.88 0.305 0x0000FF
-78.23 -67.89 6.56 -78.23 -67.04 6.33 0.305 0x0000FF
-78.48 -68.73 6.94 -78.23 -67.89 6.56 0.305 0x0000FF
-78.86 -70.08 7.32 -78.48 -68.73 6.94 0.305 0x0000FF
-79.09 -71.06 7.7 -78.86 -70.08 7.32 0.305 0x0000FF
-79.23 -71.91 8.0 -79.09 -71.06 7.7 0.305 0x0000FF
-79.84 -73.0 8.44 -79.23 -71.91 8.0 0.305 0x0000FF
-80.2 -74.34 8.76 -79.84 -73.0 8.44 0.305 0x0000FF
-80.94 -75.44 9.06 -80.2 -74.34 8.76 0.305 0x0000FF
-81.43 -76.9 9.36 -80.94 -75.44 9.06 0.305 0x0000FF
-81.43 -78.0 9.82 -81.43 -76.9 9.36 0.305 0x0000FF
-81.43 -78.48 10.27 -81.43 -78.0 9.82 0.305 0x0000FF
-81.92 -79.2 10.65 -81.43 -78.48 10.27 0.305 0x0000FF
-82.17 -80.31 10.8 -81.92 -79.2 10.65 0.305 0x0000FF
-82.91 -81.04 10.27 -82.17 -80.31 10.8 0.305 0x0000FF
-83.4 -82.14 10.03 -82.91 -81.04 10.27 0.305 0x0000FF
-84.13 -82.87 9.74 -83.4 -82.14 10.03 0.305 0x0000FF
-84.99 -83.96 9.44 -84.13 -82.87 9.74 0.305 0x0000FF
-85.73 -85.06 9.28 -84.99 -83.96 9.44 0.245 0x0000FF
-62.58 -47.42 -1.92 -61.11 -47.54 -2.0 0.43 0x0000FF
-63.93 -47.79 -1.92 -62.58 -47.42 -1.92 0.37 0x0000FF
-65.28 -48.03 -2.38 -63.93 -47.79 -1.92 0.37 0x0000FF
-66.13 -48.52 -2.76 -65.28 -48.03 -2.38 0.37 0x0000FF
-67.36 -48.76 -3.29 -66.13 -48.52 -2.76 0.37 0x0000FF
-68.95 -48.88 -3.67 -67.36 -48.76 -3.29 0.37 0x0000FF
-70.8 -49.13 -4.05 -68.95 -48.88 -3.67 0.37 0x0000FF
-72.76 -49.37 -4.12 -70.8 -49.13 -4.05 0.37 0x0000FF
-74.34 -49.86 -4.5 -72.76 -49.37 -4.12 0.37 0x0000FF
-75.58 -50.71 -4.88 -74.34 -49.86 -4.5 0.37 0x0000FF
-77.79 -51.8 -5.18 -75.58 -50.71 -4.88 0.37 0x0000FF
-79.87 -52.54 -5.18 -77.79 -51.8 -5.18 0.305 0x0000FF
-81.84 -53.02 -5.41 -79.87 -52.54 -5.18 0.305 0x0000FF
-83.43 -53.51 -5.71 -81.84 -53.02 -5.41 0.305 0x0000FF
-85.27 -53.75 -6.24 -83.43 -53.51 -5.71 0.305 0x0000FF
-87.23 -54.61 -6.47 -85.27 -53.75 -6.24 0.305 0x0000FF
-89.44 -54.61 -6.7 -87.23 -54.61 -6.47 0.305 0x0000FF
-90.91 -54.73 -7.0 -89.44 -54.61 -6.7 0.305 0x0000FF
-93.0 -54.61 -7.0 -90.91 -54.73 -7.0 0.305 0x0000FF
-95.08 -54.85 -7.3 -93.0 -54.61 -7.0 0.305 0x0000FF
-96.92 -55.94 -7.53 -95.08 -54.85 -7.3 0.305 0x0000FF
-98.15 -56.68 -7.68 -96.92 -55.94 -7.53 0.305 0x0000FF
-99.26 -57.28 -7.83 -98.15 -56.68 -7.68 0.305 0x0000FF
-100.6 -57.41 -7.98 -99.26 -57.28 -7.83 0.305 0x0000FF
-101.8 -57.79 -8.14 -100.6 -57.41 -7.98 0.305 0x0000FF
-103.76 -57.79 -8.36 -101.8 -57.79 -8.14 0.305 0x0000FF
-105.97 -57.91 -8.67 -103.76 -57.79 -8.36 0.305 0x0000FF
-108.42 -59.49 -8.82 -105.97 -57.91 -8.67 0.305 0x0000FF
-110.26 -60.46 -9.03 -108.42 -59.49 -8.82 0.305 0x0000FF
-112.47 -61.68 -9.35 -110.26 -60.46 -9.03 0.305 0x0000FF
-114.68 -61.68 -9.57 -112.47 -61.68 -9.35 0.305 0x0000FF
-119.34 -62.53 -9.73 -114.68 -61.68 -9.57 0.305 0x0000FF
-120.93 -63.51 -10.18 -119.34 -62.53 -9.73 0.305 0x0000FF
-122.65 -65.09 -10.56 -120.93 -63.51 -10.18 0.305 0x0000FF
-124.49 -66.55 -11.01 -122.65 -65.09 -10.56 0.305 0x0000FF
-126.58 -67.89 -11.17 -124.49 -66.55 -11.01 0.305 0x0000FF
-128.41 -68.98 -11.24 -126.58 -67.89 -11.17 0.305 0x0000FF
-130.13 -69.95 -11.62 -128.41 -68.98 -11.24 0.305 0x0000FF
-131.12 -70.69 -11.7 -130.13 -69.95 -11.62 0.305 0x0000FF
-132.71 -71.54 -11.92 -131.12 -70.69 -11.7 0.305 0x0000FF
-134.55 -73.0 -12.23 -132.71 -71.54 -11.92 0.305 0x0000FF
-135.9 -74.59 -12.6 -134.55 -73.0 -12.23 0.305 0x0000FF
-137.99 -76.05 -12.91 -135.9 -74.59 -12.6 0.305 0x0000FF
-139.94 -78.0 -13.06 -137.99 -76.05 -12.91 0.305 0x0000FF
-141.66 -79.2 -13.29 -139.94 -78.0 -13.06 0.305 0x0000FF
-143.87 -80.31 -13.44 -141.66 -79.2 -13.29 0.305 0x0000FF
-146.44 -81.28 -13.51 -143.87 -80.31 -13.44 0.305 0x0000FF
-148.78 -81.41 -13.67 -146.44 -81.28 -13.51 0.305 0x0000FF
-151.22 -81.28 -13.97 -148.78 -81.41 -13.67 0.305 0x0000FF
-152.83 -81.16 -14.2 -151.22 -81.28 -13.97 0.305 0x0000FF
-154.41 -81.04 -14.42 -152.83 -81.16 -14.2 0.305 0x0000FF
-156.13 -81.04 -14.5 -154.41 -81.04 -14.42 0.305 0x0000FF
-159.21 -81.53 -14.73 -156.13 -81.04 -14.5 0.305 0x0000FF
-161.05 -81.28 -14.88 -159.21 -81.53 -14.73 0.305 0x0000FF
-163.01 -80.55 -14.95 -161.05 -81.28 -14.88 0.305 0x0000FF
-164.36 -79.7 -15.1 -163.01 -80.55 -14.95 0.305 0x0000FF
-165.22 -79.2 -14.73 -164.36 -79.7 -15.1 0.305 0x0000FF
-166.2 -78.61 -14.35 -165.22 -79.2 -14.73 0.305 0x0000FF
-167.06 -78.36 -14.04 -166.2 -78.61 -14.35 0.305 0x0000FF
-168.78 -78.36 -13.82 -167.06 -78.36 -14.04 0.305 0x0000FF
-169.63 -78.36 -13.51 -168.78 -78.36 -13.82 0.305 0x0000FF
-170.86 -78.36 -13.44 -169.63 -78.36 -13.51 0.305 0x0000FF
-40.11 -42.13 0.88 -40.24 -39.93 0.88 0.675 0x0000FF
-40.01 -43.53 0.57 -40.11 -42.13 0.88 0.615 0x0000FF
-40.13 -45.11 0.5 -40.01 -43.53 0.57 0.615 0x0000FF
-40.13 -45.96 -0.18 -40.13 -45.11 0.5 0.615 0x0000FF
-40.13 -47.18 -0.26 -40.13 -45.96 -0.18 0.615 0x0000FF
-39.76 -47.91 0.05 -40.13 -47.18 -0.26 0.615 0x0000FF
-39.27 -48.88 0.35 -39.76 -47.91 0.05 0.55 0x0000FF
-38.4 -49.86 0.73 -39.27 -48.88 0.35 0.43 0x0000FF
-37.43 -50.59 1.26 -38.4 -49.86 0.73 0.43 0x0000FF
-36.57 -51.44 1.64 -37.43 -50.59 1.26 0.43 0x0000FF
-35.71 -52.29 2.0 -36.57 -51.44 1.64 0.43 0x0000FF
-34.49 -53.39 2.39 -35.71 -52.29 2.0 0.43 0x0000FF
-33.86 -54.61 2.7 -34.49 -53.39 2.39 0.43 0x0000FF
-33.14 -55.94 3.08 -33.86 -54.61 2.7 0.43 0x0000FF
-31.66 -57.04 3.45 -33.14 -55.94 3.08 0.43 0x0000FF
-30.93 -57.41 3.83 -31.66 -57.04 3.45 0.43 0x0000FF
-29.7 -57.89 4.21 -30.93 -57.41 3.83 0.37 0x0000FF
-28.72 -58.26 4.67 -29.7 -57.89 4.21 0.37 0x0000FF
-27.37 -58.87 5.12 -28.72 -58.26 4.67 0.37 0x0000FF
-26.02 -58.99 5.5 -27.37 -58.87 5.12 0.37 0x0000FF
-24.55 -59.11 5.88 -26.02 -58.99 5.5 0.37 0x0000FF
-22.95 -59.48 6.26 -24.55 -59.11 5.88 0.37 0x0000FF
-21.61 -59.48 6.64 -22.95 -59.48 6.26 0.37 0x0000FF
-20.38 -59.35 7.01 -21.61 -59.48 6.64 0.305 0x0000FF
-19.14 -59.72 7.47 -20.38 -59.35 7.01 0.305 0x0000FF
-18.29 -59.96 7.85 -19.14 -59.72 7.47 0.305 0x0000FF
-17.07 -60.45 8.23 -18.29 -59.96 7.85 0.305 0x0000FF
-16.09 -61.3 8.61 -17.07 -60.45 8.23 0.305 0x0000FF
-15.47 -61.91 8.76 -16.09 -61.3 8.61 0.305 0x0000FF
-14.86 -62.4 9.21 -15.47 -61.91 8.76 0.305 0x0000FF
-14.37 -63.13 9.67 -14.86 -62.4 9.21 0.305 0x0000FF
-14.0 -63.37 10.19 -14.37 -63.13 9.67 0.305 0x0000FF
-13.63 -63.86 10.19 -14.0 -63.37 10.19 0.245 0x0000FF
-13.26 -64.09 10.73 -13.63 -63.86 10.19 0.245 0x0000FF
-12.77 -64.59 10.95 -13.26 -64.09 10.73 0.245 0x0000FF
-40.72 -43.1 0.57 -40.11 -42.13 0.88 0.43 0x0000FF
-41.22 -43.83 0.2 -40.72 -43.1 0.57 0.43 0x0000FF
-41.59 -44.8 -0.18 -41.22 -43.83 0.2 0.43 0x0000FF
-41.83 -46.02 -0.48 -41.59 -44.8 -0.18 0.43 0x0000FF
-42.32 -47.6 -0.86 -41.83 -46.02 -0.48 0.43 0x0000FF
-42.32 -48.94 -1.24 -42.32 -47.6 -0.86 0.43 0x0000FF
-42.08 -50.16 -1.7 -42.32 -48.94 -1.24 0.43 0x0000FF
-41.71 -51.01 -2.08 -42.08 -50.16 -1.7 0.43 0x0000FF
-41.22 -51.99 -2.45 -41.71 -51.01 -2.08 0.43 0x0000FF
-40.72 -52.35 -2.83 -41.22 -51.99 -2.45 0.43 0x0000FF
-40.47 -53.33 -3.21 -40.72 -52.35 -2.83 0.43 0x0000FF
-40.11 -53.69 -3.59 -40.47 -53.33 -3.21 0.43 0x0000FF
-39.86 -53.69 -4.05 -40.11 -53.69 -3.59 0.43 0x0000FF
-39.75 -54.06 -4.58 -39.86 -53.69 -4.05 0.43 0x0000FF
-39.13 -54.54 -5.03 -39.75 -54.06 -4.58 0.43 0x0000FF
-38.52 -55.76 -5.41 -39.13 -54.54 -5.03 0.43 0x0000FF
-37.78 -56.37 -5.86 -38.52 -55.76 -5.41 0.43 0x0000FF
-36.92 -56.86 -6.17 -37.78 -56.37 -5.86 0.43 0x0000FF
-36.19 -57.95 -6.17 -36.92 -56.86 -6.17 0.37 0x0000FF
-35.21 -58.68 -6.54 -36.19 -57.95 -6.17 0.37 0x0000FF
-34.35 -59.41 -6.77 -35.21 -58.68 -6.54 0.37 0x0000FF
-33.72 -60.51 -7.23 -34.35 -59.41 -6.77 0.37 0x0000FF
-33.0 -61.36 -7.53 -33.72 -60.51 -7.23 0.37 0x0000FF
-32.38 -62.7 -7.83 -33.0 -61.36 -7.53 0.37 0x0000FF
-31.77 -64.89 -8.14 -32.38 -62.7 -7.83 0.37 0x0000FF
-31.65 -66.11 -8.59 -31.77 -64.89 -8.14 0.37 0x0000FF
-31.65 -67.2 -8.89 -31.65 -66.11 -8.59 0.37 0x0000FF
-31.65 -68.55 -9.19 -31.65 -67.2 -8.89 0.37 0x0000FF
-30.91 -70.13 -9.35 -31.65 -68.55 -9.19 0.37 0x0000FF
-30.05 -71.47 -9.65 -30.91 -70.13 -9.35 0.37 0x0000FF
-29.44 -72.56 -9.94 -30.05 -71.47 -9.65 0.37 0x0000FF
-28.95 -75.0 -10.41 -29.44 -72.56 -9.94 0.37 0x0000FF
-28.95 -76.7 -10.86 -28.95 -75.0 -10.41 0.37 0x0000FF
-28.95 -78.04 -11.17 -28.95 -76.7 -10.86 0.37 0x0000FF
-29.58 -79.08 -11.32 -28.95 -78.04 -11.17 0.37 0x0000FF
-30.19 -79.81 -11.77 -29.58 -79.08 -11.32 0.37 0x0000FF
-30.68 -80.9 -11.77 -30.19 -79.81 -11.77 0.305 0x0000FF
-30.93 -81.51 -12.45 -30.68 -80.9 -11.77 0.305 0x0000FF
-31.17 -82.24 -12.98 -30.93 -81.51 -12.45 0.305 0x0000FF
-31.54 -83.09 -13.67 -31.17 -82.24 -12.98 0.305 0x0000FF
-31.79 -83.46 -14.35 -31.54 -83.09 -13.67 0.305 0x0000FF
-31.91 -83.95 -14.95 -31.79 -83.46 -14.35 0.305 0x0000FF
-32.52 -84.92 -15.48 -31.91 -83.95 -14.95 0.305 0x0000FF
-33.01 -86.38 -16.01 -32.52 -84.92 -15.48 0.305 0x0000FF
-33.14 -87.36 -16.01 -33.01 -86.38 -16.01 0.305 0x0000FF
-33.14 -88.21 -16.62 -33.14 -87.36 -16.01 0.305 0x0000FF
-33.38 -89.3 -17.45 -33.14 -88.21 -16.62 0.305 0x0000FF
-33.75 -90.77 -18.05 -33.38 -89.3 -17.45 0.305 0x0000FF
-33.86 -91.98 -18.21 -33.75 -90.77 -18.05 0.305 0x0000FF
-33.99 -92.71 -18.51 -33.86 -91.98 -18.21 0.305 0x0000FF
-34.11 -93.93 -18.82 -33.99 -92.71 -18.51 0.305 0x0000FF
-34.36 -95.51 -19.04 -34.11 -93.93 -18.82 0.305 0x0000FF
-34.49 -96.61 -19.42 -34.36 -95.51 -19.04 0.305 0x0000FF
-34.49 -97.71 -19.64 -34.49 -96.61 -19.42 0.305 0x0000FF
-21.84 -15.46 -2.91 -30.47 -22.03 -0.72 0.675 0x0000FF
-21.1 -14.61 -2.91 -21.84 -15.46 -2.91 0.675 0x0000FF
-20.0 -13.39 -2.68 -21.1 -14.61 -2.91 0.675 0x0000FF
-19.14 -12.42 -2.68 -20.0 -13.39 -2.68 0.615 0x0000FF
-18.03 -11.32 -2.38 -19.14 -12.42 -2.68 0.615 0x0000FF
-17.17 -10.84 -1.92 -18.03 -11.32 -2.38 0.55 0x0000FF
-16.19 -10.35 -1.62 -17.17 -10.84 -1.92 0.49 0x0000FF
-15.09 -9.61 -1.24 -16.19 -10.35 -1.62 0.49 0x0000FF
-13.74 -9.61 -0.86 -15.09 -9.61 -1.24 0.49 0x0000FF
-12.14 -9.01 -0.64 -13.74 -9.61 -0.86 0.49 0x0000FF
-11.04 -9.01 -0.56 -12.14 -9.01 -0.64 0.49 0x0000FF
-9.81 -8.89 -0.33 -11.04 -9.01 -0.56 0.49 0x0000FF
-9.08 -7.67 -0.33 -9.81 -8.89 -0.33 0.37 0x0000FF
-8.59 -6.33 -0.18 -9.08 -7.67 -0.33 0.37 0x0000FF
-8.59 -4.99 0.27 -8.59 -6.33 -0.18 0.37 0x0000FF
-8.22 -3.9 0.88 -8.59 -4.99 0.27 0.37 0x0000FF
-7.97 -3.04 1.48 -8.22 -3.9 0.88 0.37 0x0000FF
-7.61 -1.95 2.17 -7.97 -3.04 1.48 0.37 0x0000FF
-6.26 -0.97 2.24 -7.61 -1.95 2.17 0.37 0x0000FF
-5.64 -0.37 2.92 -6.26 -0.97 2.24 0.37 0x0000FF
-4.78 0.12 3.23 -5.64 -0.37 2.92 0.37 0x0000FF
-4.17 0.73 3.61 -4.78 0.12 3.23 0.37 0x0000FF
-3.31 1.46 3.76 -4.17 0.73 3.61 0.37 0x0000FF
-2.33 2.68 3.98 -3.31 1.46 3.76 0.37 0x0000FF
-2.09 3.65 4.51 -2.33 2.68 3.98 0.37 0x0000FF
-1.72 4.26 4.97 -2.09 3.65 4.51 0.37 0x0000FF
-1.1 5.24 5.35 -1.72 4.26 4.97 0.37 0x0000FF
-0.27 6.1 5.42 -1.1 5.24 5.35 0.305 0x0000FF
0.22 7.31 5.73 -0.27 6.1 5.42 0.305 0x0000FF
0.34 8.17 6.41 0.22 7.31 5.73 0.305 0x0000FF
1.2 9.38 6.71 0.34 8.17 6.41 0.305 0x0000FF
1.57 10.48 7.17 1.2 9.38 6.71 0.305 0x0000FF
2.31 11.7 7.77 1.57 10.48 7.17 0.305 0x0000FF
2.92 12.18 8.3 2.31 11.7 7.77 0.305 0x0000FF
3.9 12.79 8.83 2.92 12.18 8.3 0.305 0x0000FF
4.76 13.4 9.14 3.9 12.79 8.83 0.305 0x0000FF
5.49 14.01 9.44 4.76 13.4 9.14 0.305 0x0000FF
6.72 14.86 9.74 5.49 14.01 9.44 0.305 0x0000FF
7.95 15.96 9.89 6.72 14.86 9.74 0.305 0x0000FF
8.56 16.45 10.5 7.95 15.96 9.89 0.305 0x0000FF
9.53 16.93 10.95 8.56 16.45 10.5 0.305 0x0000FF
10.65 17.42 11.1 9.53 16.93 10.95 0.305 0x0000FF
12.0 18.39 11.33 10.65 17.42 11.1 0.305 0x0000FF
12.98 19.37 11.56 12.0 18.39 11.33 0.305 0x0000FF
14.2 20.34 11.94 12.98 19.37 11.56 0.305 0x0000FF
14.69 21.19 12.39 14.2 20.34 11.94 0.305 0x0000FF
15.19 22.17 12.7 14.69 21.19 12.39 0.305 0x0000FF
16.17 22.9 12.92 15.19 22.17 12.7 0.305 0x0000FF
17.03 23.87 13.45 16.17 22.9 12.92 0.305 0x0000FF
17.27 24.85 13.91 17.03 23.87 13.45 0.305 0x0000FF
17.52 26.19 14.44 17.27 24.85 13.91 0.305 0x0000FF
17.88 27.4 14.82 17.52 26.19 14.44 0.305 0x0000FF
18.62 28.74 15.2 17.88 27.4 14.82 0.305 0x0000FF
18.62 29.84 15.73 18.62 28.74 15.2 0.305 0x0000FF
18.87 31.3 16.18 18.62 29.84 15.73 0.305 0x0000FF
19.85 32.52 16.55 18.87 31.3 16.18 0.305 0x0000FF
20.58 33.49 16.86 19.85 32.52 16.55 0.305 0x0000FF
21.32 34.83 17.32 20.58 33.49 16.86 0.305 0x0000FF
22.18 35.79 17.62 21.32 34.83 17.32 0.305 0x0000FF
22.79 37.02 18.0 22.18 35.79 17.62 0.245 0x0000FF
23.53 38.72 18.38 22.79 37.02 18.0 0.245 0x0000FF
23.9 40.67 18.68 23.53 38.72 18.38 0.245 0x0000FF
24.26 42.62 19.05 23.9 40.67 18.68 0.245 0x0000FF
24.63 43.47 19.51 24.26 42.62 19.05 0.245 0x0000FF
24.63 45.06 20.12 24.63 43.47 19.51 0.245 0x0000FF
24.75 46.4 20.42 24.63 45.06 20.12 0.245 0x0000FF
24.88 47.49 20.73 24.75 46.4 20.42 0.245 0x0000FF
24.88 48.95 21.03 24.88 47.49 20.73 0.245 0x0000FF
24.88 49.93 21.18 24.88 48.95 21.03 0.245 0x0000FF
25.15 51.41 21.41 24.88 49.93 21.18 0.245 0x0000FF
25.27 52.75 22.01 25.15 51.41 21.41 0.245 0x0000FF
25.27 54.33 22.39 25.27 52.75 22.01 0.245 0x0000FF
25.52 55.55 23.07 25.27 54.33 22.39 0.245 0x0000FF
25.88 56.76 23.45 25.52 55.55 23.07 0.245 0x0000FF
26.37 57.86 23.83 25.88 56.76 23.45 0.245 0x0000FF
26.62 59.68 24.21 26.37 57.86 23.83 0.245 0x0000FF
27.85 61.02 24.51 26.62 59.68 24.21 0.245 0x0000FF
28.34 62.61 24.74 27.85 61.02 24.51 0.245 0x0000FF
28.71 63.82 25.04 28.34 62.61 24.74 0.245 0x0000FF
29.56 65.41 25.5 28.71 63.82 25.04 0.245 0x0000FF
29.69 66.5 25.88 29.56 65.41 25.5 0.245 0x0000FF
30.67 68.56 26.1 29.69 66.5 25.88 0.245 0x0000FF
30.91 70.52 26.48 30.67 68.56 26.1 0.245 0x0000FF
31.53 71.98 26.94 30.91 70.52 26.48 0.245 0x0000FF
32.02 73.31 27.32 31.53 71.98 26.94 0.245 0x0000FF
32.39 74.9 27.69 32.02 73.31 27.32 0.245 0x0000FF
32.39 76.36 28.15 32.39 74.9 27.69 0.245 0x0000FF
32.88 77.83 28.68 32.39 76.36 28.15 0.245 0x0000FF
32.88 78.8 28.91 32.88 77.83 28.68 0.245 0x0000FF
-7.88 -9.42 -0.03 -9.81 -8.89 -0.33 0.305 0x0000FF
-6.78 -9.42 0.57 -7.88 -9.42 -0.03 0.305 0x0000FF
-5.92 -9.42 0.88 -6.78 -9.42 0.57 0.305 0x0000FF
-5.05 -9.42 1.79 -5.92 -9.42 0.88 0.305 0x0000FF
-4.08 -9.55 2.24 -5.05 -9.42 1.79 0.305 0x0000FF
-3.1 -10.02 2.62 -4.08 -9.55 2.24 0.305 0x0000FF
-1.87 -10.89 2.77 -3.1 -10.02 2.62 0.305 0x0000FF
-1.01 -11.74 3.15 -1.87 -10.89 2.77 0.305 0x0000FF
0.09 -12.47 3.76 -1.01 -11.74 3.15 0.305 0x0000FF
0.22 -13.08 4.29 0.09 -12.47 3.76 0.305 0x0000FF
1.44 -13.69 4.82 0.22 -13.08 4.29 0.305 0x0000FF
2.42 -14.17 5.2 1.44 -13.69 4.82 0.305 0x0000FF
3.65 -14.54 5.58 2.42 -14.17 5.2 0.305 0x0000FF
5.12 -15.15 5.8 3.65 -14.54 5.58 0.305 0x0000FF
6.59 -15.27 6.18 5.12 -15.15 5.8 0.305 0x0000FF
8.07 -15.03 6.26 6.59 -15.27 6.18 0.305 0x0000FF
9.17 -14.78 6.71 8.07 -15.03 6.26 0.305 0x0000FF
10.15 -14.42 7.17 9.17 -14.78 6.71 0.305 0x0000FF
11.38 -13.93 7.62 10.15 -14.42 7.17 0.305 0x0000FF
12.97 -13.2 8.0 11.38 -13.93 7.62 0.305 0x0000FF
14.08 -12.47 8.44 12.97 -13.2 8.0 0.305 0x0000FF
15.67 -12.1 8.83 14.08 -12.47 8.44 0.305 0x0000FF
17.39 -11.49 8.98 15.67 -12.1 8.83 0.305 0x0000FF
19.6 -11.25 9.28 17.39 -11.49 8.98 0.305 0x0000FF
20.95 -10.76 9.59 19.6 -11.25 9.28 0.305 0x0000FF
22.3 -11.01 9.74 20.95 -10.76 9.59 0.305 0x0000FF
24.01 -11.49 9.82 22.3 -11.01 9.74 0.305 0x0000FF
25.73 -11.86 10.11 24.01 -11.49 9.82 0.305 0x0000FF
27.82 -12.47 10.42 25.73 -11.86 10.11 0.305 0x0000FF
29.66 -12.83 10.73 27.82 -12.47 10.42 0.305 0x0000FF
31.01 -13.32 10.95 29.66 -12.83 10.73 0.305 0x0000FF
32.36 -13.93 11.03 31.01 -13.32 10.95 0.305 0x0000FF
33.46 -14.78 11.33 32.36 -13.93 11.03 0.305 0x0000FF
35.29 -15.51 11.41 33.46 -14.78 11.33 0.305 0x0000FF
37.26 -16.36 11.64 35.29 -15.51 11.41 0.305 0x0000FF
39.22 -17.34 11.64 37.26 -16.36 11.64 0.245 0x0000FF
41.8 -17.57 11.94 39.22 -17.34 11.64 0.245 0x0000FF
43.27 -18.43 11.48 41.8 -17.57 11.94 0.245 0x0000FF
45.36 -19.41 11.18 43.27 -18.43 11.48 0.245 0x0000FF
47.32 -20.26 10.8 45.36 -19.41 11.18 0.245 0x0000FF
49.16 -21.11 9.89 47.32 -20.26 10.8 0.245 0x0000FF
50.27 -22.45 9.51 49.16 -21.11 9.89 0.245 0x0000FF
52.23 -23.79 9.14 50.27 -22.45 9.51 0.245 0x0000FF
53.82 -25.25 8.61 52.23 -23.79 9.14 0.245 0x0000FF
55.17 -26.71 8.52 53.82 -25.25 8.61 0.245 0x0000FF
56.15 -28.05 8.07 55.17 -26.71 8.52 0.245 0x0000FF
56.97 -29.5 8.07 56.15 -28.05 8.07 0.245 0x0000FF
57.46 -31.09 7.32 56.97 -29.5 8.07 0.245 0x0000FF
57.95 -33.03 6.64 57.46 -31.09 7.32 0.245 0x0000FF
58.93 -34.61 6.11 57.95 -33.03 6.64 0.245 0x0000FF
59.79 -35.71 5.65 58.93 -34.61 6.11 0.245 0x0000FF
60.65 -36.81 5.2 59.79 -35.71 5.65 0.245 0x0000FF
61.26 -38.03 5.04 60.65 -36.81 5.2 0.245 0x0000FF
62.61 -39.97 4.44 61.26 -38.03 5.04 0.245 0x0000FF
63.83 -41.31 4.05 62.61 -39.97 4.44 0.245 0x0000FF
65.55 -42.65 3.61 63.83 -41.31 4.05 0.245 0x0000FF
68.01 -43.63 3.38 65.55 -42.65 3.61 0.245 0x0000FF
69.59 -44.72 3.23 68.01 -43.63 3.38 0.245 0x0000FF
70.83 -46.18 2.77 69.59 -44.72 3.23 0.245 0x0000FF
72.67 -47.89 2.31 70.83 -46.18 2.77 0.245 0x0000FF
74.38 -49.71 2.17 72.67 -47.89 2.31 0.245 0x0000FF
75.98 -51.17 1.56 74.38 -49.71 2.17 0.245 0x0000FF
76.72 -52.76 1.11 75.98 -51.17 1.56 0.245 0x0000FF
77.56 -54.46 0.95 76.72 -52.76 1.11 0.245 0x0000FF
78.06 -56.65 0.05 77.56 -54.46 0.95 0.245 0x0000FF
78.43 -58.36 -0.64 78.06 -56.65 0.05 0.245 0x0000FF
79.17 -60.31 -0.94 78.43 -58.36 -0.64 0.245 0x0000FF
79.66 -62.62 -1.24 79.17 -60.31 -0.94 0.245 0x0000FF
80.4 -65.05 -1.47 79.66 -62.62 -1.24 0.245 0x0000FF
80.4 -67.73 -1.7 80.4 -65.05 -1.47 0.245 0x0000FF
80.4 -69.56 -2.15 80.4 -67.73 -1.7 0.245 0x0000FF
80.15 -71.39 -2.15 80.4 -69.56 -2.15 0.245 0x0000FF
79.9 -73.33 -2.68 80.15 -71.39 -2.15 0.245 0x0000FF
79.9 -75.04 -2.98 79.9 -73.33 -2.68 0.245 0x0000FF
79.54 -76.73 -3.29 79.9 -75.04 -2.98 0.245 0x0000FF
-19.87 -17.53 -4.2 -30.47 -22.03 -0.72 0.98 0x0000FF
-19.5 -17.05 -4.2 -19.87 -17.53 -4.2 0.98 0x0000FF
-18.89 -16.68 -4.95 -19.5 -17.05 -4.2 0.98 0x0000FF
-18.52 -16.55 -5.48 -18.89 -16.68 -4.95 0.98 0x0000FF
-18.16 -16.19 -6.09 -18.52 -16.55 -5.48 0.98 0x0000FF
-17.91 -15.95 -6.85 -18.16 -16.19 -6.09 0.98 0x0000FF
-17.54 -15.71 -7.38 -17.91 -15.95 -6.85 0.98 0x0000FF
-17.05 -15.34 -7.98 -17.54 -15.71 -7.38 0.98 0x0000FF
-16.8 -14.98 -8.28 -17.05 -15.34 -7.98 0.98 0x0000FF
-16.68 -14.49 -8.67 -16.8 -14.98 -8.28 0.98 0x0000FF
-16.32 -14.37 -8.89 -16.68 -14.49 -8.67 0.98 0x0000FF
-14.72 -13.88 -9.03 -16.32 -14.37 -8.89 0.37 0x0000FF
-13.86 -12.91 -9.73 -14.72 -13.88 -9.03 0.37 0x0000FF
-13.37 -12.42 -10.33 -13.86 -12.91 -9.73 0.37 0x0000FF
-12.64 -12.05 -10.94 -13.37 -12.42 -10.33 0.37 0x0000FF
-12.51 -11.57 -11.77 -12.64 -12.05 -10.94 0.37 0x0000FF
-12.14 -11.08 -12.45 -12.51 -11.57 -11.77 0.37 0x0000FF
-11.29 -10.35 -13.21 -12.14 -11.08 -12.45 0.37 0x0000FF
-11.16 -9.98 -13.89 -11.29 -10.35 -13.21 0.37 0x0000FF
-10.18 -9.36 -13.97 -11.16 -9.98 -13.89 0.37 0x0000FF
-9.32 -8.77 -14.42 -10.18 -9.36 -13.97 0.37 0x0000FF
-8.59 -7.55 -15.18 -9.32 -8.77 -14.42 0.37 0x0000FF
-7.85 -5.97 -15.56 -8.59 -7.55 -15.18 0.37 0x0000FF
-7.11 -4.75 -16.09 -7.85 -5.97 -15.56 0.37 0x0000FF
-6.5 -3.53 -16.62 -7.11 -4.75 -16.09 0.37 0x0000FF
-5.89 -2.92 -17.0 -6.5 -3.53 -16.62 0.37 0x0000FF
-5.15 -1.95 -17.23 -5.89 -2.92 -17.0 0.37 0x0000FF
-4.05 -1.22 -17.38 -5.15 -1.95 -17.23 0.37 0x0000FF
-3.19 -0.24 -18.21 -4.05 -1.22 -17.38 0.37 0x0000FF
-2.58 0.73 -18.73 -3.19 -0.24 -18.21 0.37 0x0000FF
-1.47 1.46 -18.89 -2.58 0.73 -18.73 0.37 0x0000FF
-0.86 2.19 -18.13 -1.47 1.46 -18.89 0.37 0x0000FF
0.0 2.8 -18.13 -0.86 2.19 -18.13 0.37 0x0000FF
0.61 3.41 -18.21 0.0 2.8 -18.13 0.37 0x0000FF
1.25 4.5 -18.21 0.61 3.41 -18.21 0.305 0x0000FF
1.98 5.36 -18.13 1.25 4.5 -18.21 0.305 0x0000FF
3.33 6.33 -17.6 1.98 5.36 -18.13 0.305 0x0000FF
4.3 7.06 -17.3 3.33 6.33 -17.6 0.305 0x0000FF
6.03 7.67 -16.7 4.3 7.06 -17.3 0.305 0x0000FF
7.63 8.02 -16.39 6.03 7.67 -16.7 0.305 0x0000FF
9.59 8.4 -15.86 7.63 8.02 -16.39 0.305 0x0000FF
10.69 8.4 -15.71 9.59 8.4 -15.86 0.305 0x0000FF
12.04 8.27 -15.48 10.69 8.4 -15.71 0.305 0x0000FF
13.15 7.91 -15.1 12.04 8.27 -15.48 0.305 0x0000FF
14.01 7.06 -14.73 13.15 7.91 -15.1 0.305 0x0000FF
14.99 6.21 -14.42 14.01 7.06 -14.73 0.305 0x0000FF
15.6 5.11 -14.12 14.99 6.21 -14.42 0.305 0x0000FF
16.7 4.5 -13.59 15.6 5.11 -14.12 0.305 0x0000FF
17.8 3.04 -13.51 16.7 4.5 -13.59 0.245 0x0000FF
18.3 2.19 -12.83 17.8 3.04 -13.51 0.245 0x0000FF
19.53 1.82 -12.3 18.3 2.19 -12.83 0.245 0x0000FF
20.38 0.97 -11.92 19.53 1.82 -12.3 0.245 0x0000FF
21.86 0.36 -11.47 20.38 0.97 -11.92 0.245 0x0000FF
23.57 -0.12 -11.01 21.86 0.36 -11.47 0.245 0x0000FF
24.8 -0.73 -10.71 23.57 -0.12 -11.01 0.245 0x0000FF
26.27 -1.71 -10.33 24.8 -0.73 -10.71 0.245 0x0000FF
27.87 -2.68 -9.8 26.27 -1.71 -10.33 0.245 0x0000FF
29.34 -2.8 -9.35 27.87 -2.68 -9.8 0.245 0x0000FF
31.18 -3.65 -8.97 29.34 -2.8 -9.35 0.245 0x0000FF
33.51 -4.26 -8.82 31.18 -3.65 -8.97 0.245 0x0000FF
35.72 -4.63 -8.28 33.51 -4.26 -8.82 0.245 0x0000FF
37.56 -4.99 -7.98 35.72 -4.63 -8.28 0.245 0x0000FF
39.89 -5.11 -7.83 37.56 -4.99 -7.98 0.245 0x0000FF
41.48 -5.11 -7.53 39.89 -5.11 -7.83 0.245 0x0000FF
43.94 -5.24 -7.3 41.48 -5.11 -7.53 0.245 0x0000FF
45.53 -5.24 -6.85 43.94 -5.24 -7.3 0.245 0x0000FF
47.74 -5.24 -6.62 45.53 -5.24 -6.85 0.245 0x0000FF
50.07 -5.6 -6.32 47.74 -5.24 -6.62 0.245 0x0000FF
51.91 -5.72 -6.01 50.07 -5.6 -6.32 0.245 0x0000FF
54.49 -5.97 -5.86 51.91 -5.72 -6.01 0.245 0x0000FF
56.45 -5.97 -5.79 54.49 -5.97 -5.86 0.245 0x0000FF
58.04 -6.21 -5.56 56.45 -5.97 -5.79 0.245 0x0000FF
60.01 -6.21 -5.26 58.04 -6.21 -5.56 0.245 0x0000FF
62.83 -6.21 -4.8 60.01 -6.21 -5.26 0.245 0x0000FF
64.79 -5.6 -4.58 62.83 -6.21 -4.8 0.245 0x0000FF
66.51 -4.87 -4.26 64.79 -5.6 -4.58 0.245 0x0000FF
68.23 -3.41 -3.97 66.51 -4.87 -4.26 0.245 0x0000FF
68.84 -2.06 -3.59 68.23 -3.41 -3.97 0.245 0x0000FF
70.68 -0.73 -4.05 68.84 -2.06 -3.59 0.245 0x0000FF
71.91 0.61 -5.11 70.68 -0.73 -4.05 0.245 0x0000FF
73.75 2.56 -5.48 71.91 0.61 -5.11 0.245 0x0000FF
74.48 4.75 -5.71 73.75 2.56 -5.48 0.245 0x0000FF
75.59 6.33 -5.79 74.48 4.75 -5.71 0.245 0x0000FF
77.06 8.16 -6.24 75.59 6.33 -5.79 0.245 0x0000FF
77.92 9.5 -6.62 77.06 8.16 -6.24 0.245 0x0000FF
79.27 10.83 -6.92 77.92 9.5 -6.62 0.245 0x0000FF
80.37 12.3 -7.23 79.27 10.83 -6.92 0.245 0x0000FF
81.11 14.0 -7.45 80.37 12.3 -7.23 0.245 0x0000FF
81.47 15.7 -7.53 81.11 14.0 -7.45 0.245 0x0000FF
81.96 17.53 -7.83 81.47 15.7 -7.53 0.245 0x0000FF
83.07 19.11 -8.06 81.96 17.53 -7.83 0.245 0x0000FF
2.33 3.9 -18.66 0.61 3.41 -18.21 0.305 0x0000FF
4.05 4.13 -18.66 2.33 3.9 -18.66 0.305 0x0000FF
5.52 4.13 -18.89 4.05 4.13 -18.66 0.305 0x0000FF
7.73 4.5 -19.27 5.52 4.13 -18.89 0.305 0x0000FF
9.32 5.84 -19.64 7.73 4.5 -19.27 0.305 0x0000FF
10.79 7.06 -20.41 9.32 5.84 -19.64 0.305 0x0000FF
11.78 8.77 -20.71 10.79 7.06 -20.41 0.305 0x0000FF
12.88 10.47 -21.62 11.78 8.77 -20.71 0.305 0x0000FF
13.62 11.93 -22.15 12.88 10.47 -21.62 0.305 0x0000FF
14.23 13.51 -22.23 13.62 11.93 -22.15 0.245 0x0000FF
14.6 14.85 -22.83 14.23 13.51 -22.23 0.245 0x0000FF
15.7 16.19 -23.59 14.6 14.85 -22.83 0.245 0x0000FF
16.68 17.64 -23.97 15.7 16.19 -23.59 0.245 0x0000FF
17.54 19.48 -24.42 16.68 17.64 -23.97 0.245 0x0000FF
17.91 20.82 -24.95 17.54 19.48 -24.42 0.245 0x0000FF
18.52 21.67 -25.41 17.91 20.82 -24.95 0.245 0x0000FF
18.89 23.38 -25.86 18.52 21.67 -25.41 0.245 0x0000FF
19.38 24.84 -25.94 18.89 23.38 -25.86 0.245 0x0000FF
19.5 26.05 -26.16 19.38 24.84 -25.94 0.245 0x0000FF
19.87 27.15 -26.62 19.5 26.05 -26.16 0.245 0x0000FF
20.23 28.37 -26.85 19.87 27.15 -26.62 0.245 0x0000FF
22.1 29.83 -26.85 20.23 28.37 -26.85 0.245 0x0000FF
22.84 31.29 -27.53 22.1 29.83 -26.85 0.245 0x0000FF
23.45 32.38 -27.98 22.84 31.29 -27.53 0.245 0x0000FF
24.55 33.85 -28.82 23.45 32.38 -27.98 0.245 0x0000FF
25.78 34.82 -29.65 24.55 33.85 -28.82 0.245 0x0000FF
26.76 35.43 -30.18 25.78 34.82 -29.65 0.245 0x0000FF
27.5 36.4 -30.63 26.76 35.43 -30.18 0.245 0x0000FF
28.23 37.61 -31.54 27.5 36.4 -30.63 0.245 0x0000FF
28.85 37.97 -32.29 28.23 37.61 -31.54 0.245 0x0000FF
29.46 38.47 -33.13 28.85 37.97 -32.29 0.245 0x0000FF
29.83 38.84 -34.04 29.46 38.47 -33.13 0.245 0x0000FF
30.57 39.57 -34.72 29.83 38.84 -34.04 0.245 0x0000FF
31.3 39.93 -35.4 30.57 39.57 -34.72 0.245 0x0000FF
32.28 40.29 -35.86 31.3 39.93 -35.4 0.245 0x0000FF
33.51 40.54 -36.47 32.28 40.29 -35.86 0.245 0x0000FF
34.61 40.79 -37.22 33.51 40.54 -36.47 0.245 0x0000FF
35.96 41.03 -37.6 34.61 40.79 -37.22 0.245 0x0000FF
36.94 41.15 -38.28 35.96 41.03 -37.6 0.245 0x0000FF
38.04 41.15 -38.81 36.94 41.15 -38.28 0.245 0x0000FF
39.03 41.15 -39.19 38.04 41.15 -38.81 0.245 0x0000FF
40.01 41.15 -39.57 39.03 41.15 -39.19 0.245 0x0000FF
40.99 41.27 -40.03 40.01 41.15 -39.57 0.245 0x0000FF
41.97 41.76 -40.18 40.99 41.27 -40.03 0.245 0x0000FF
-16.44 -13.27 -8.89 -16.32 -14.37 -8.89 0.735 0x0000FF
-16.44 -12.91 -9.42 -16.44 -13.27 -8.89 0.735 0x0000FF
-16.44 -12.42 -10.11 -16.44 -12.91 -9.42 0.735 0x0000FF
-16.68 -11.93 -10.11 -16.44 -12.42 -10.11 0.615 0x0000FF
-16.68 -11.69 -10.79 -16.68 -11.93 -10.11 0.615 0x0000FF
-16.68 -11.08 -11.92 -16.68 -11.69 -10.79 0.615 0x0000FF
-16.68 -10.59 -12.53 -16.68 -11.08 -11.92 0.615 0x0000FF
-16.68 -10.11 -13.14 -16.68 -10.59 -12.53 0.615 0x0000FF
-16.68 -9.61 -13.89 -16.68 -10.11 -13.14 0.615 0x0000FF
-16.8 -9.13 -14.35 -16.68 -9.61 -13.89 0.615 0x0000FF
-17.05 -8.64 -14.8 -16.8 -9.13 -14.35 0.615 0x0000FF
-17.17 -8.27 -15.41 -17.05 -8.64 -14.8 0.615 0x0000FF
-17.17 -7.79 -15.86 -17.17 -8.27 -15.41 0.615 0x0000FF
-17.3 -6.94 -16.23 -17.17 -7.79 -15.86 0.615 0x0000FF
-17.79 -6.21 -16.92 -17.3 -6.94 -16.23 0.615 0x0000FF
-18.03 -5.72 -17.3 -17.79 -6.21 -16.92 0.615 0x0000FF
-18.64 -5.24 -17.68 -18.03 -5.72 -17.3 0.615 0x0000FF
-19.14 -4.63 -18.05 -18.64 -5.24 -17.68 0.615 0x0000FF
-19.5 -4.38 -18.59 -19.14 -4.63 -18.05 0.615 0x0000FF
-19.87 -3.77 -18.89 -19.5 -4.38 -18.59 0.615 0x0000FF
-20.23 -2.8 -19.2 -19.87 -3.77 -18.89 0.615 0x0000FF
-20.36 -2.31 -19.88 -20.23 -2.8 -19.2 0.615 0x0000FF
-20.61 -1.46 -19.95 -20.36 -2.31 -19.88 0.615 0x0000FF
-20.73 -0.85 -20.41 -20.61 -1.46 -19.95 0.615 0x0000FF
-20.73 0.24 -20.79 -20.73 -0.85 -20.41 0.615 0x0000FF
-20.23 1.34 -20.86 -20.73 0.24 -20.79 0.49 0x0000FF
-19.38 2.19 -21.39 -20.23 1.34 -20.86 0.49 0x0000FF
-18.89 3.17 -21.69 -19.38 2.19 -21.39 0.305 0x0000FF
-18.28 4.01 -22.23 -18.89 3.17 -21.69 0.305 0x0000FF
-17.79 4.5 -22.68 -18.28 4.01 -22.23 0.305 0x0000FF
-17.42 5.36 -23.21 -17.79 4.5 -22.68 0.305 0x0000FF
-16.93 6.09 -23.82 -17.42 5.36 -23.21 0.305 0x0000FF
-16.32 6.82 -23.89 -16.93 6.09 -23.82 0.305 0x0000FF
-16.07 7.55 -24.27 -16.32 6.82 -23.89 0.305 0x0000FF
-16.07 8.4 -24.88 -16.07 7.55 -24.27 0.305 0x0000FF
-16.07 9.13 -25.63 -16.07 8.4 -24.88 0.305 0x0000FF
-16.07 9.74 -26.16 -16.07 9.13 -25.63 0.305 0x0000FF
-16.07 10.71 -26.69 -16.07 9.74 -26.16 0.305 0x0000FF
-16.07 11.2 -27.15 -16.07 10.71 -26.69 0.305 0x0000FF
-16.44 11.93 -27.68 -16.07 11.2 -27.15 0.305 0x0000FF
-17.17 12.54 -28.21 -16.44 11.93 -27.68 0.305 0x0000FF
-17.79 13.15 -28.59 -17.17 12.54 -28.21 0.305 0x0000FF
-18.28 13.76 -29.12 -17.79 13.15 -28.59 0.305 0x0000FF
-18.77 14.37 -29.35 -18.28 13.76 -29.12 0.305 0x0000FF
-19.26 14.49 -29.95 -18.77 14.37 -29.35 0.305 0x0000FF
-19.87 14.98 -30.25 -19.26 14.49 -29.95 0.305 0x0000FF
-20.49 15.22 -30.71 -19.87 14.98 -30.25 0.305 0x0000FF
-21.1 15.58 -30.86 -20.49 15.22 -30.71 0.305 0x0000FF
-21.59 15.83 -31.32 -21.1 15.58 -30.86 0.305 0x0000FF
-22.69 15.83 -31.85 -21.59 15.83 -31.32 0.305 0x0000FF
-23.92 15.83 -32.15 -22.69 15.83 -31.85 0.305 0x0000FF
-26.85 -34.42 -1.17 -30.47 -22.03 -0.72 0.675 0x0000FF
-26.36 -34.9 -1.17 -26.85 -34.42 -1.17 0.675 0x0000FF
-25.87 -36.0 -1.39 -26.36 -34.9 -1.17 0.675 0x0000FF
-25.13 -36.61 -2.0 -25.87 -36.0 -1.39 0.675 0x0000FF
-24.4 -37.22 -2.61 -25.13 -36.61 -2.0 0.675 0x0000FF
-23.78 -38.07 -2.91 -24.4 -37.22 -2.61 0.675 0x0000FF
-23.05 -38.56 -3.36 -23.78 -38.07 -2.91 0.675 0x0000FF
-21.82 -39.53 -3.59 -23.05 -38.56 -3.36 0.675 0x0000FF
-20.47 -40.5 -4.2 -21.82 -39.53 -3.59 0.675 0x0000FF
-19.48 -42.09 -4.42 -20.47 -40.5 -4.2 0.675 0x0000FF
-18.88 -42.94 -4.95 -19.48 -42.09 -4.42 0.675 0x0000FF
-18.39 -44.03 -5.18 -18.88 -42.94 -4.95 0.675 0x0000FF
-18.02 -45.13 -5.56 -18.39 -44.03 -5.18 0.675 0x0000FF
-17.35 -47.31 -5.26 -18.02 -45.13 -5.56 0.37 0x0000FF
-16.86 -48.77 -4.88 -17.35 -47.31 -5.26 0.37 0x0000FF
-16.5 -49.74 -4.42 -16.86 -48.77 -4.88 0.37 0x0000FF
-16.01 -51.08 -4.12 -16.5 -49.74 -4.42 0.37 0x0000FF
-15.39 -52.18 -3.59 -16.01 -51.08 -4.12 0.37 0x0000FF
-14.53 -52.91 -3.29 -15.39 -52.18 -3.59 0.37 0x0000FF
-13.8 -54.13 -2.83 -14.53 -52.91 -3.29 0.37 0x0000FF
-13.06 -54.86 -2.61 -13.8 -54.13 -2.83 0.37 0x0000FF
-12.32 -55.34 -2.29 -13.06 -54.86 -2.61 0.37 0x0000FF
-11.1 -56.44 -2.08 -12.32 -55.34 -2.29 0.37 0x0000FF
-10.24 -57.54 -1.7 -11.1 -56.44 -2.08 0.37 0x0000FF
-9.38 -58.39 -1.39 -10.24 -57.54 -1.7 0.37 0x0000FF
-8.64 -59.24 -0.94 -9.38 -58.39 -1.39 0.37 0x0000FF
-7.54 -60.34 -0.48 -8.64 -59.24 -0.94 0.37 0x0000FF
-6.68 -61.31 -0.11 -7.54 -60.34 -0.48 0.37 0x0000FF
-5.21 -62.41 0.27 -6.68 -61.31 -0.11 0.37 0x0000FF
-3.98 -63.5 0.35 -5.21 -62.41 0.27 0.37 0x0000FF
-2.14 -64.34 0.73 -3.98 -63.5 0.35 0.37 0x0000FF
-0.92 -65.08 1.18 -2.14 -64.34 0.73 0.37 0x0000FF
0.56 -65.45 1.56 -0.92 -65.08 1.18 0.37 0x0000FF
2.02 -65.94 1.86 0.56 -65.45 1.56 0.37 0x0000FF
3.62 -66.67 2.09 2.02 -65.94 1.86 0.37 0x0000FF
5.71 -66.79 2.54 3.62 -66.67 2.09 0.37 0x0000FF
7.79 -67.64 2.85 5.71 -66.79 2.54 0.37 0x0000FF
9.63 -68.13 2.92 7.79 -67.64 2.85 0.37 0x0000FF
11.47 -68.73 3.23 9.63 -68.13 2.92 0.37 0x0000FF
12.82 -68.98 3.68 11.47 -68.73 3.23 0.37 0x0000FF
13.68 -69.7 3.91 12.82 -68.98 3.68 0.37 0x0000FF
15.28 -70.93 4.21 13.68 -69.7 3.91 0.37 0x0000FF
16.98 -71.17 4.29 15.28 -70.93 4.21 0.37 0x0000FF
18.59 -71.78 4.67 16.98 -71.17 4.29 0.37 0x0000FF
20.43 -71.9 4.97 18.59 -71.78 4.67 0.37 0x0000FF
21.9 -72.51 5.27 20.43 -71.9 4.97 0.37 0x0000FF
23.0 -73.48 5.58 21.9 -72.51 5.27 0.37 0x0000FF
24.11 -74.7 5.88 23.0 -73.48 5.58 0.37 0x0000FF
25.83 -76.16 6.11 24.11 -74.7 5.88 0.37 0x0000FF
27.05 -77.62 6.48 25.83 -76.16 6.11 0.37 0x0000FF
28.28 -79.2 6.79 27.05 -77.62 6.48 0.37 0x0000FF
-18.14 -47.2 -5.64 -18.02 -45.13 -5.56 0.43 0x0000FF
-18.63 -49.03 -5.64 -18.14 -47.2 -5.64 0.37 0x0000FF
-19.48 -50.24 -5.94 -18.63 -49.03 -5.64 0.37 0x0000FF
-20.35 -51.58 -6.47 -19.48 -50.24 -5.94 0.37 0x0000FF
-21.45 -52.68 -6.7 -20.35 -51.58 -6.47 0.37 0x0000FF
-22.07 -53.53 -7.23 -21.45 -52.68 -6.7 0.37 0x0000FF
-23.05 -54.75 -7.61 -22.07 -53.53 -7.23 0.37 0x0000FF
-23.91 -56.09 -7.83 -23.05 -54.75 -7.61 0.37 0x0000FF
-24.64 -57.67 -8.06 -23.91 -56.09 -7.83 0.37 0x0000FF
-25.26 -58.52 -8.28 -24.64 -57.67 -8.06 0.37 0x0000FF
-25.99 -60.23 -8.28 -25.26 -58.52 -8.28 0.37 0x0000FF
-26.97 -61.45 -8.82 -25.99 -60.23 -8.28 0.37 0x0000FF
-27.83 -62.91 -9.11 -26.97 -61.45 -8.82 0.37 0x0000FF
-29.06 -65.09 -9.27 -27.83 -62.91 -9.11 0.37 0x0000FF
-29.55 -66.68 -9.94 -29.06 -65.09 -9.27 0.37 0x0000FF
-29.92 -68.26 -10.71 -29.55 -66.68 -9.94 0.37 0x0000FF
-30.16 -69.48 -11.17 -29.92 -68.26 -10.71 0.37 0x0000FF
-30.41 -70.45 -11.62 -30.16 -69.48 -11.17 0.37 0x0000FF
-31.14 -72.04 -12.15 -30.41 -70.45 -11.62 0.37 0x0000FF
-31.39 -73.98 -12.6 -31.14 -72.04 -12.15 0.37 0x0000FF
-31.64 -75.31 -12.76 -31.39 -73.98 -12.6 0.305 0x0000FF
-31.76 -76.91 -13.29 -31.64 -75.31 -12.76 0.305 0x0000FF
-31.76 -78.25 -13.51 -31.76 -76.91 -13.29 0.305 0x0000FF
-31.64 -79.59 -13.74 -31.76 -78.25 -13.51 0.305 0x0000FF
-40.22 -13.12 -0.79 -30.47 -22.03 -0.72 1.965 0x0000FF
-41.21 -11.29 -1.02 -40.22 -13.12 -0.79 1.965 0x0000FF
-42.07 -10.68 -1.17 -41.21 -11.29 -1.02 1.965 0x0000FF
-42.68 -10.32 -1.62 -42.07 -10.68 -1.17 1.965 0x0000FF
-42.92 -9.83 -2.0 -42.68 -10.32 -1.62 1.965 0x0000FF
-43.54 -9.59 -2.29 -42.92 -9.83 -2.0 1.965 0x0000FF
-43.78 -9.22 -2.52 -43.54 -9.59 -2.29 1.965 0x0000FF
-46.33 -6.73 -2.29 -43.78 -9.22 -2.52 1.35 0x0000FF
-47.68 -5.27 -2.0 -46.33 -6.73 -2.29 1.35 0x0000FF
-48.17 -4.54 -1.47 -47.68 -5.27 -2.0 1.35 0x0000FF
-48.54 -4.05 -1.09 -48.17 -4.54 -1.47 1.35 0x0000FF
-49.39 -3.69 -1.09 -48.54 -4.05 -1.09 1.35 0x0000FF
-51.6 -2.59 -1.02 -49.39 -3.69 -1.09 1.35 0x0000FF
-52.83 -1.86 -0.56 -51.6 -2.59 -1.02 1.35 0x0000FF
-54.18 -1.38 -0.03 -52.83 -1.86 -0.56 1.35 0x0000FF
-54.79 -1.12 0.8 -54.18 -1.38 -0.03 1.35 0x0000FF
-55.53 -0.65 1.03 -54.79 -1.12 0.8 1.35 0x0000FF
-56.63 -0.28 0.57 -55.53 -0.65 1.03 1.35 0x0000FF
-57.49 0.21 0.05 -56.63 -0.28 0.57 1.35 0x0000FF
-58.47 0.69 -0.71 -57.49 0.21 0.05 1.35 0x0000FF
-59.45 0.94 -1.32 -58.47 0.69 -0.71 1.35 0x0000FF
-62.15 2.52 -1.7 -59.45 0.94 -1.32 1.105 0x0000FF
-63.62 3.49 -1.7 -62.15 2.52 -1.7 1.105 0x0000FF
-64.36 4.34 -1.24 -63.62 3.49 -1.7 1.105 0x0000FF
-65.22 5.08 -0.71 -64.36 4.34 -1.24 1.105 0x0000FF
-66.31 5.81 -0.11 -65.22 5.08 -0.71 1.105 0x0000FF
-67.8 6.9 0.35 -66.31 5.81 -0.11 1.105 0x0000FF
-68.9 7.39 0.65 -67.8 6.9 0.35 1.105 0x0000FF
-70.13 8.49 1.18 -68.9 7.39 0.65 1.105 0x0000FF
-71.97 9.82 1.56 -70.13 8.49 1.18 1.105 0x0000FF
-73.19 11.04 1.86 -71.97 9.82 1.56 1.105 0x0000FF
-74.3 11.77 2.09 -73.19 11.04 1.86 1.105 0x0000FF
-76.62 12.99 2.31 -74.3 11.77 2.09 1.29 0x0000FF
-77.97 13.84 2.54 -76.62 12.99 2.31 1.29 0x0000FF
-80.05 14.69 2.85 -77.97 13.84 2.54 1.29 0x0000FF
-81.89 14.93 3.0 -80.05 14.69 2.85 1.29 0x0000FF
-83.86 14.93 3.15 -81.89 14.93 3.0 1.165 0x0000FF
-86.31 15.06 3.61 -83.86 14.93 3.15 1.165 0x0000FF
-88.4 15.42 4.13 -86.31 15.06 3.61 1.165 0x0000FF
-89.87 15.66 4.51 -88.4 15.42 4.13 1.165 0x0000FF
-91.95 16.39 4.97 -89.87 15.66 4.51 1.165 0x0000FF
-93.55 16.76 5.35 -91.95 16.39 4.97 1.165 0x0000FF
-95.51 18.34 5.65 -93.55 16.76 5.35 1.165 0x0000FF
-97.47 19.8 5.8 -95.51 18.34 5.65 1.165 0x0000FF
-98.09 20.41 5.42 -97.47 19.8 5.8 1.165 0x0000FF
-98.09 20.9 4.88 -98.09 20.41 5.42 1.165 0x0000FF
-98.7 21.39 4.44 -98.09 20.9 4.88 1.165 0x0000FF
-99.07 21.87 3.91 -98.7 21.39 4.44 1.165 0x0000FF
-99.68 22.73 3.3 -99.07 21.87 3.91 1.165 0x0000FF
-100.05 22.97 2.7 -99.68 22.73 3.3 1.165 0x0000FF
-100.66 23.46 2.39 -100.05 22.97 2.7 1.165 0x0000FF
-102.61 24.89 2.7 -100.66 23.46 2.39 0.92 0x0000FF
-103.35 25.5 3.23 -102.61 24.89 2.7 0.92 0x0000FF
-103.96 25.74 4.05 -103.35 25.5 3.23 0.92 0x0000FF
-104.7 26.48 4.59 -103.96 25.74 4.05 0.92 0x0000FF
-105.44 27.08 5.2 -104.7 26.48 4.59 0.92 0x0000FF
-106.05 27.81 5.95 -105.44 27.08 5.2 0.92 0x0000FF
-106.79 28.55 6.64 -106.05 27.81 5.95 0.92 0x0000FF
-107.28 29.03 7.54 -106.79 28.55 6.64 0.92 0x0000FF
-107.77 29.52 8.07 -107.28 29.03 7.54 0.92 0x0000FF
-108.26 29.88 8.68 -107.77 29.52 8.07 0.92 0x0000FF
-110.01 31.32 9.21 -108.26 29.88 8.68 0.795 0x0000FF
-111.12 32.4 9.51 -110.01 31.32 9.21 0.795 0x0000FF
-112.35 33.39 10.35 -111.12 32.4 9.51 0.795 0x0000FF
-113.57 34.24 10.95 -112.35 33.39 10.35 0.795 0x0000FF
-114.55 35.09 11.48 -113.57 34.24 10.95 0.795 0x0000FF
-115.29 35.7 11.94 -114.55 35.09 11.48 0.795 0x0000FF
-116.27 36.31 12.47 -115.29 35.7 11.94 0.795 0x0000FF
-117.13 37.15 12.77 -116.27 36.31 12.47 0.795 0x0000FF
-119.34 38.14 13.15 -117.13 37.15 12.77 0.795 0x0000FF
-121.18 38.75 13.53 -119.34 38.14 13.15 0.795 0x0000FF
-122.04 39.47 14.06 -121.18 38.75 13.53 0.795 0x0000FF
-123.63 40.21 14.59 -122.04 39.47 14.06 0.795 0x0000FF
-125.1 40.94 15.04 -123.63 40.21 14.59 0.795 0x0000FF
-127.43 41.67 15.57 -125.1 40.94 15.04 0.795 0x0000FF
-129.03 42.52 15.95 -127.43 41.67 15.57 0.735 0x0000FF
-130.75 43.37 16.41 -129.03 42.52 15.95 0.675 0x0000FF
-132.94 44.47 16.79 -130.75 43.37 16.41 0.675 0x0000FF
-134.91 45.2 17.09 -132.94 44.47 16.79 0.55 0x0000FF
-137.37 46.42 17.47 -134.91 45.2 17.09 0.55 0x0000FF
-138.84 47.15 17.77 -137.37 46.42 17.47 0.55 0x0000FF
-140.56 48.12 18.14 -138.84 47.15 17.77 0.55 0x0000FF
-142.4 49.46 18.53 -140.56 48.12 18.14 0.49 0x0000FF
-144.36 50.68 18.98 -142.4 49.46 18.53 0.49 0x0000FF
-145.83 52.02 19.36 -144.36 50.68 18.98 0.49 0x0000FF
-146.69 53.36 19.73 -145.83 52.02 19.36 0.49 0x0000FF
-147.55 54.82 20.19 -146.69 53.36 19.73 0.49 0x0000FF
-148.29 56.4 20.57 -147.55 54.82 20.19 0.49 0x0000FF
-149.38 58.35 21.1 -148.29 56.4 20.57 0.43 0x0000FF
-150.5 59.93 21.56 -149.38 58.35 21.1 0.43 0x0000FF
-151.47 61.51 21.94 -150.5 59.93 21.56 0.43 0x0000FF
-152.58 63.34 22.32 -151.47 61.51 21.94 0.43 0x0000FF
-153.69 64.43 22.69 -152.58 63.34 22.32 0.43 0x0000FF
-154.3 66.14 23.0 -153.69 64.43 22.69 0.43 0x0000FF
-155.28 67.97 23.3 -154.3 66.14 23.0 0.43 0x0000FF
-156.13 69.55 23.68 -155.28 67.97 23.3 0.43 0x0000FF
-157.0 71.37 23.76 -156.13 69.55 23.68 0.37 0x0000FF
-157.72 72.47 24.06 -157.0 71.37 23.76 0.37 0x0000FF
-158.35 73.44 24.51 -157.72 72.47 24.06 0.37 0x0000FF
-158.84 74.17 25.04 -158.35 73.44 24.51 0.37 0x0000FF
-159.08 74.78 25.12 -158.84 74.17 25.04 0.37 0x0000FF
-159.82 75.76 25.35 -159.08 74.78 25.12 0.37 0x0000FF
-160.55 76.73 25.57 -159.82 75.76 25.35 0.37 0x0000FF
-161.13 78.29 25.57 -160.55 76.73 25.57 0.37 0x0000FF
-162.36 79.38 25.57 -161.13 78.29 25.57 0.305 0x0000FF
-163.95 80.59 25.72 -162.36 79.38 25.57 0.305 0x0000FF
-165.91 81.33 26.1 -163.95 80.59 25.72 0.305 0x0000FF
-167.02 81.94 26.63 -165.91 81.33 26.1 0.305 0x0000FF
-168.37 82.43 27.01 -167.02 81.94 26.63 0.305 0x0000FF
-169.96 82.43 27.54 -168.37 82.43 27.01 0.305 0x0000FF
-172.29 83.04 27.85 -169.96 82.43 27.54 0.305 0x0000FF
-173.89 84.01 28.22 -172.29 83.04 27.85 0.305 0x0000FF
-175.6 85.23 28.83 -173.89 84.01 28.22 0.305 0x0000FF
-177.44 86.08 29.13 -175.6 85.23 28.83 0.305 0x0000FF
-178.43 87.05 29.51 -177.44 86.08 29.13 0.305 0x0000FF
-179.9 88.03 29.82 -178.43 87.05 29.51 0.305 0x0000FF
-181.37 89.12 30.19 -179.9 88.03 29.82 0.305 0x0000FF
-182.72 89.85 30.5 -181.37 89.12 30.19 0.305 0x0000FF
-184.31 91.07 30.88 -182.72 89.85 30.5 0.305 0x0000FF
-186.03 91.92 31.1 -184.31 91.07 30.88 0.305 0x0000FF
-187.26 92.65 31.41 -186.03 91.92 31.1 0.305 0x0000FF
-188.36 93.14 31.71 -187.26 92.65 31.41 0.305 0x0000FF
-189.71 93.99 32.01 -188.36 93.14 31.71 0.305 0x0000FF
-190.57 94.72 32.24 -189.71 93.99 32.01 0.305 0x0000FF
-192.66 95.46 32.47 -190.57 94.72 32.24 0.305 0x0000FF
-194.13 96.43 32.69 -192.66 95.46 32.47 0.305 0x0000FF
-195.72 97.04 32.92 -194.13 96.43 32.69 0.305 0x0000FF
-197.19 97.4 33.15 -195.72 97.04 32.92 0.305 0x0000FF
-198.91 98.01 33.45 -197.19 97.4 33.15 0.305 0x0000FF
-201.86 98.38 33.68 -198.91 98.01 33.45 0.305 0x0000FF
-203.45 98.86 33.9 -201.86 98.38 33.68 0.305 0x0000FF
-204.8 99.47 34.21 -203.45 98.86 33.9 0.305 0x0000FF
-206.39 100.08 34.51 -204.8 99.47 34.21 0.305 0x0000FF
-207.74 100.57 34.65 -206.39 100.08 34.51 0.305 0x0000FF
-209.09 101.3 34.97 -207.74 100.57 34.65 0.305 0x0000FF
-108.38 32.08 8.76 -108.26 29.88 8.68 0.49 0x0000FF
-108.5 33.17 9.28 -108.38 32.08 8.76 0.49 0x0000FF
-108.5 34.15 10.19 -108.5 33.17 9.28 0.49 0x0000FF
-108.5 35.11 10.88 -108.5 34.15 10.19 0.49 0x0000FF
-108.5 35.97 11.56 -108.5 35.11 10.88 0.49 0x0000FF
-108.5 36.95 12.09 -108.5 35.97 11.56 0.49 0x0000FF
-108.5 37.92 12.62 -108.5 36.95 12.09 0.49 0x0000FF
-108.5 39.02 13.38 -108.5 37.92 12.62 0.49 0x0000FF
-108.5 40.84 13.45 -108.5 39.02 13.38 0.43 0x0000FF
-108.63 42.42 13.53 -108.5 40.84 13.45 0.37 0x0000FF
-108.63 43.52 13.91 -108.63 42.42 13.53 0.37 0x0000FF
-108.63 45.1 14.29 -108.63 43.52 13.91 0.37 0x0000FF
-108.63 46.81 14.29 -108.63 45.1 14.29 0.37 0x0000FF
-108.5 48.15 14.67 -108.63 46.81 14.29 0.37 0x0000FF
-108.5 49.61 14.89 -108.5 48.15 14.67 0.305 0x0000FF
-108.63 51.19 15.12 -108.5 49.61 14.89 0.305 0x0000FF
-108.75 52.77 15.2 -108.63 51.19 15.12 0.305 0x0000FF
-108.5 54.23 15.57 -108.75 52.77 15.2 0.305 0x0000FF
-108.38 55.21 16.03 -108.5 54.23 15.57 0.305 0x0000FF
-108.14 57.16 16.41 -108.38 55.21 16.03 0.305 0x0000FF
-108.14 59.23 16.71 -108.14 57.16 16.41 0.305 0x0000FF
-108.01 61.54 17.09 -108.14 59.23 16.71 0.305 0x0000FF
-107.77 63.24 17.39 -108.01 61.54 17.09 0.305 0x0000FF
-107.4 65.06 17.62 -107.77 63.24 17.39 0.305 0x0000FF
-107.15 66.9 17.92 -107.4 65.06 17.62 0.305 0x0000FF
-106.91 67.98 18.07 -107.15 66.9 17.92 0.305 0x0000FF
-106.42 69.45 18.23 -106.91 67.98 18.07 0.305 0x0000FF
-105.99 72.11 18.23 -106.42 69.45 18.23 0.305 0x0000FF
-105.63 74.66 18.45 -105.99 72.11 18.23 0.305 0x0000FF
-105.38 76.98 18.82 -105.63 74.66 18.45 0.305 0x0000FF
-105.01 78.31 19.13 -105.38 76.98 18.82 0.305 0x0000FF
-104.89 80.51 19.44 -105.01 78.31 19.13 0.305 0x0000FF
-104.77 82.33 19.66 -104.89 80.51 19.44 0.305 0x0000FF
-104.28 83.92 19.97 -104.77 82.33 19.66 0.305 0x0000FF
-103.91 85.99 20.12 -104.28 83.92 19.97 0.305 0x0000FF
-103.79 88.54 20.35 -103.91 85.99 20.12 0.305 0x0000FF
-103.42 90.49 20.5 -103.79 88.54 20.35 0.305 0x0000FF
-103.29 92.8 20.73 -103.42 90.49 20.5 0.305 0x0000FF
-103.42 94.75 21.03 -103.29 92.8 20.73 0.305 0x0000FF
-103.79 96.7 21.18 -103.42 94.75 21.03 0.305 0x0000FF
-104.03 98.04 21.33 -103.79 96.7 21.18 0.305 0x0000FF
-104.4 100.23 21.56 -104.03 98.04 21.33 0.305 0x0000FF
-104.52 102.79 21.79 -104.4 100.23 21.56 0.305 0x0000FF
-104.52 104.37 21.94 -104.52 102.79 21.79 0.305 0x0000FF
-104.52 106.56 22.16 -104.52 104.37 21.94 0.305 0x0000FF
-104.28 108.39 22.24 -104.52 106.56 22.16 0.305 0x0000FF
-104.89 110.46 22.39 -104.28 108.39 22.24 0.305 0x0000FF
-105.5 112.53 22.47 -104.89 110.46 22.39 0.305 0x0000FF
-105.99 113.87 22.62 -105.5 112.53 22.47 0.305 0x0000FF
-105.16 116.31 22.77 -105.99 113.87 22.62 0.305 0x0000FF
-104.67 118.87 23.0 -105.16 116.31 22.77 0.305 0x0000FF
-104.42 121.55 23.22 -104.67 118.87 23.0 0.305 0x0000FF
-104.42 124.59 23.45 -104.42 121.55 23.22 0.305 0x0000FF
-104.42 127.15 23.53 -104.42 124.59 23.45 0.245 0x0000FF
-103.93 129.82 23.68 -104.42 127.15 23.53 0.245 0x0000FF
-103.81 132.02 23.91 -103.93 129.82 23.68 0.245 0x0000FF
-103.56 134.09 24.29 -103.81 132.02 23.91 0.245 0x0000FF
-103.56 135.79 24.51 -103.56 134.09 24.29 0.245 0x0000FF
-104.05 138.35 24.82 -103.56 135.79 24.51 0.245 0x0000FF
-104.05 140.41 25.04 -104.05 138.35 24.82 0.245 0x0000FF
-104.05 142.49 25.27 -104.05 140.41 25.04 0.245 0x0000FF
-104.05 144.19 25.35 -104.05 142.49 25.27 0.245 0x0000FF
-104.05 145.77 24.51 -104.05 144.19 25.35 0.245 0x0000FF
-104.05 147.22 23.83 -104.05 145.77 24.51 0.245 0x0000FF
-104.05 149.3 23.38 -104.05 147.22 23.83 0.245 0x0000FF
-103.93 151.37 23.3 -104.05 149.3 23.38 0.245 0x0000FF
-103.81 153.44 22.92 -103.93 151.37 23.3 0.245 0x0000FF
-102.95 155.38 22.69 -103.81 153.44 22.92 0.245 0x0000FF
-102.34 157.34 22.47 -102.95 155.38 22.69 0.245 0x0000FF
-102.34 159.04 22.24 -102.34 157.34 22.47 0.245 0x0000FF
-102.13 161.09 21.94 -102.34 159.04 22.24 0.245 0x0000FF
-102.0 163.52 21.56 -102.13 161.09 21.94 0.245 0x0000FF
-102.0 165.96 21.18 -102.0 163.52 21.56 0.245 0x0000FF
-101.14 168.15 20.65 -102.0 165.96 21.18 0.245 0x0000FF
-100.65 169.85 20.27 -101.14 168.15 20.65 0.245 0x0000FF
-99.3 172.29 19.59 -100.65 169.85 20.27 0.245 0x0000FF
-98.08 174.12 19.21 -99.3 172.29 19.59 0.245 0x0000FF
-96.73 176.06 18.91 -98.08 174.12 19.21 0.245 0x0000FF
-95.26 177.52 18.76 -96.73 176.06 18.91 0.245 0x0000FF
-93.91 179.35 18.3 -95.26 177.52 18.76 0.245 0x0000FF
-92.43 181.06 17.85 -93.91 179.35 18.3 0.245 0x0000FF
-90.59 182.52 17.54 -92.43 181.06 17.85 0.245 0x0000FF
-89.37 184.34 17.09 -90.59 182.52 17.54 0.245 0x0000FF
-87.9 186.53 16.79 -89.37 184.34 17.09 0.245 0x0000FF
-85.93 188.0 16.63 -87.9 186.53 16.79 0.245 0x0000FF
-83.85 189.58 16.26 -85.93 188.0 16.63 0.245 0x0000FF
-82.25 191.4 15.88 -83.85 189.58 16.26 0.245 0x0000FF
-81.64 194.08 15.65 -82.25 191.4 15.88 0.245 0x0000FF
-82.13 196.64 15.42 -81.64 194.08 15.65 0.245 0x0000FF
-101.15 25.4 2.31 -100.66 23.46 2.39 0.735 0x0000FF
-101.64 26.38 1.71 -101.15 25.4 2.31 0.735 0x0000FF
-101.89 26.87 1.11 -101.64 26.38 1.71 0.735 0x0000FF
-102.01 27.72 0.57 -101.89 26.87 1.11 0.735 0x0000FF
-102.26 29.06 0.42 -102.01 27.72 0.57 0.615 0x0000FF
-102.13 30.03 -0.11 -102.26 29.06 0.42 0.615 0x0000FF
-102.01 30.64 -1.09 -102.13 30.03 -0.11 0.615 0x0000FF
-102.13 31.37 -1.47 -102.01 30.64 -1.09 0.43 0x0000FF
-102.13 32.22 -2.0 -102.13 31.37 -1.47 0.43 0x0000FF
-102.01 33.68 -2.45 -102.13 32.22 -2.0 0.43 0x0000FF
-101.64 35.27 -3.06 -102.01 33.68 -2.45 0.43 0x0000FF
-101.4 36.47 -3.67 -101.64 35.27 -3.06 0.43 0x0000FF
-100.91 37.82 -4.12 -101.4 36.47 -3.67 0.43 0x0000FF
-100.66 39.28 -4.65 -100.91 37.82 -4.12 0.43 0x0000FF
-100.78 41.35 -5.18 -100.66 39.28 -4.65 0.43 0x0000FF
-101.4 43.67 -5.79 -100.78 41.35 -5.18 0.43 0x0000FF
-101.77 45.37 -6.01 -101.4 43.67 -5.79 0.43 0x0000FF
-101.77 46.95 -6.77 -101.77 45.37 -6.01 0.43 0x0000FF
-101.77 48.66 -7.15 -101.77 46.95 -6.77 0.43 0x0000FF
-101.89 50.73 -7.15 -101.77 48.66 -7.15 0.37 0x0000FF
-101.89 52.8 -7.76 -101.89 50.73 -7.15 0.37 0x0000FF
-101.64 54.38 -8.36 -101.89 52.8 -7.76 0.37 0x0000FF
-101.15 56.69 -8.89 -101.64 54.38 -8.36 0.37 0x0000FF
-100.66 58.89 -9.5 -101.15 56.69 -8.89 0.37 0x0000FF
-100.05 60.96 -9.65 -100.66 58.89 -9.5 0.37 0x0000FF
-99.8 62.78 -10.26 -100.05 60.96 -9.65 0.37 0x0000FF
-99.31 64.84 -10.79 -99.8 62.78 -10.26 0.37 0x0000FF
-98.82 66.56 -11.32 -99.31 64.84 -10.79 0.37 0x0000FF
-98.33 68.38 -11.77 -98.82 66.56 -11.32 0.37 0x0000FF
-97.84 70.45 -12.23 -98.33 68.38 -11.77 0.37 0x0000FF
-97.47 72.16 -12.3 -97.84 70.45 -12.23 0.37 0x0000FF
-97.23 74.09 -12.91 -97.47 72.16 -12.3 0.37 0x0000FF
-97.23 76.17 -13.21 -97.23 74.09 -12.91 0.37 0x0000FF
-97.23 78.23 -13.82 -97.23 76.17 -13.21 0.37 0x0000FF
-97.47 80.56 -14.04 -97.23 78.23 -13.82 0.305 0x0000FF
-97.1 82.26 -14.35 -97.47 80.56 -14.04 0.305 0x0000FF
-96.67 83.98 -14.35 -97.1 82.26 -14.35 0.305 0x0000FF
-96.18 85.56 -14.8 -96.67 83.98 -14.35 0.305 0x0000FF
-95.57 87.63 -15.26 -96.18 85.56 -14.8 0.305 0x0000FF
-94.46 89.58 -15.48 -95.57 87.63 -15.26 0.305 0x0000FF
-93.73 92.74 -15.86 -94.46 89.58 -15.48 0.305 0x0000FF
-93.36 94.81 -16.09 -93.73 92.74 -15.86 0.305 0x0000FF
-93.24 97.0 -16.32 -93.36 94.81 -16.09 0.305 0x0000FF
-93.24 98.59 -16.32 -93.24 97.0 -16.32 0.305 0x0000FF
-93.24 100.41 -16.62 -93.24 98.59 -16.32 0.305 0x0000FF
-93.36 102.73 -16.92 -93.24 100.41 -16.62 0.305 0x0000FF
-93.73 104.67 -17.23 -93.36 102.73 -16.92 0.305 0x0000FF
-93.97 106.13 -17.6 -93.73 104.67 -17.23 0.305 0x0000FF
-94.09 108.08 -17.91 -93.97 106.13 -17.6 0.305 0x0000FF
-95.32 110.76 -17.91 -94.09 108.08 -17.91 0.245 0x0000FF
-95.2 112.83 -18.36 -95.32 110.76 -17.91 0.245 0x0000FF
-95.2 114.53 -18.66 -95.2 112.83 -18.36 0.245 0x0000FF
-94.71 116.73 -19.12 -95.2 114.53 -18.66 0.245 0x0000FF
-94.09 118.55 -19.2 -94.71 116.73 -19.12 0.245 0x0000FF
-92.99 120.14 -19.57 -94.09 118.55 -19.2 0.245 0x0000FF
-92.25 122.33 -19.95 -92.99 120.14 -19.57 0.245 0x0000FF
-90.91 124.03 -20.26 -92.25 122.33 -19.95 0.245 0x0000FF
-90.17 125.74 -20.63 -90.91 124.03 -20.26 0.245 0x0000FF
-90.05 127.08 -20.86 -90.17 125.74 -20.63 0.245 0x0000FF
-74.66 13.48 2.17 -74.3 11.77 2.09 0.615 0x0000FF
-74.91 15.43 2.39 -74.66 13.48 2.17 0.49 0x0000FF
-74.91 16.64 2.54 -74.91 15.43 2.39 0.49 0x0000FF
-74.66 18.47 2.92 -74.91 16.64 2.54 0.49 0x0000FF
-74.66 19.69 3.23 -74.66 18.47 2.92 0.49 0x0000FF
-74.66 21.39 3.38 -74.66 19.69 3.23 0.49 0x0000FF
-75.16 23.22 3.45 -74.66 21.39 3.38 0.37 0x0000FF
-75.65 24.19 3.83 -75.16 23.22 3.45 0.37 0x0000FF
-76.01 25.41 4.21 -75.65 24.19 3.83 0.37 0x0000FF
-76.38 26.87 4.44 -76.01 25.41 4.21 0.305 0x0000FF
-75.89 28.82 4.88 -76.38 26.87 4.44 0.305 0x0000FF
-75.77 30.28 5.04 -75.89 28.82 4.88 0.305 0x0000FF
-74.91 31.37 5.5 -75.77 30.28 5.04 0.305 0x0000FF
-74.54 32.47 5.8 -74.91 31.37 5.5 0.305 0x0000FF
-74.42 33.69 5.42 -74.54 32.47 5.8 0.305 0x0000FF
-73.93 34.42 4.51 -74.42 33.69 5.42 0.305 0x0000FF
-73.68 35.51 3.83 -73.93 34.42 4.51 0.305 0x0000FF
-73.68 36.36 3.61 -73.68 35.51 3.83 0.305 0x0000FF
-73.31 37.46 3.3 -73.68 36.36 3.61 0.305 0x0000FF
-73.18 38.54 4.36 -73.31 37.46 3.3 0.305 0x0000FF
-73.18 39.04 5.12 -73.18 38.54 4.36 0.305 0x0000FF
-73.18 40.14 5.42 -73.18 39.04 5.12 0.305 0x0000FF
-73.18 40.5 6.86 -73.18 40.14 5.42 0.305 0x0000FF
-73.18 40.99 7.62 -73.18 40.5 6.86 0.305 0x0000FF
-73.18 41.6 8.15 -73.18 40.99 7.62 0.305 0x0000FF
-73.18 42.33 8.91 -73.18 41.6 8.15 0.305 0x0000FF
-73.18 42.69 9.36 -73.18 42.33 8.91 0.305 0x0000FF
-73.18 43.06 9.82 -73.18 42.69 9.36 0.305 0x0000FF
-73.18 43.55 10.11 -73.18 43.06 9.82 0.305 0x0000FF
-73.18 44.15 10.65 -73.18 43.55 10.11 0.305 0x0000FF
-73.18 45.74 10.8 -73.18 44.15 10.65 0.305 0x0000FF
-73.18 46.83 11.18 -73.18 45.74 10.8 0.305 0x0000FF
-73.18 47.93 11.41 -73.18 46.83 11.18 0.305 0x0000FF
-73.18 48.66 11.86 -73.18 47.93 11.41 0.305 0x0000FF
-73.18 49.39 12.39 -73.18 48.66 11.86 0.305 0x0000FF
-73.18 49.75 12.77 -73.18 49.39 12.39 0.305 0x0000FF
-73.18 50.49 13.0 -73.18 49.75 12.77 0.305 0x0000FF
-73.55 51.34 13.53 -73.18 50.49 13.0 0.305 0x0000FF
-73.92 52.68 13.83 -73.55 51.34 13.53 0.245 0x0000FF
-74.17 53.89 14.21 -73.92 52.68 13.83 0.245 0x0000FF
-74.41 54.75 14.51 -74.17 53.89 14.21 0.245 0x0000FF
-74.41 55.48 14.89 -74.41 54.75 14.51 0.245 0x0000FF
-74.78 56.21 15.2 -74.41 55.48 14.89 0.245 0x0000FF
-75.15 57.79 15.42 -74.78 56.21 15.2 0.245 0x0000FF
-75.39 59.01 15.8 -75.15 57.79 15.42 0.245 0x0000FF
-75.88 59.98 16.18 -75.39 59.01 15.8 0.245 0x0000FF
-76.37 60.96 16.41 -75.88 59.98 16.18 0.245 0x0000FF
-76.73 61.69 16.63 -76.37 60.96 16.41 0.245 0x0000FF
-77.34 62.9 16.94 -76.73 61.69 16.63 0.245 0x0000FF
-77.97 64.61 17.01 -77.34 62.9 16.94 0.245 0x0000FF
-77.97 65.7 17.32 -77.97 64.61 17.01 0.245 0x0000FF
-78.7 66.92 17.54 -77.97 65.7 17.32 0.245 0x0000FF
-79.44 68.14 18.0 -78.7 66.92 17.54 0.245 0x0000FF
-80.42 69.48 18.3 -79.44 68.14 18.0 0.245 0x0000FF
-81.28 70.45 18.6 -80.42 69.48 18.3 0.245 0x0000FF
-82.38 71.79 18.76 -81.28 70.45 18.6 0.245 0x0000FF
-83.12 72.64 18.98 -82.38 71.79 18.76 0.245 0x0000FF
-83.98 73.73 19.29 -83.12 72.64 18.98 0.245 0x0000FF
-84.59 74.47 19.44 -83.98 73.73 19.29 0.245 0x0000FF
-61.42 -0.04 -1.32 -59.45 0.94 -1.32 0.86 0x0000FF
-63.62 -1.5 1.56 -61.42 -0.04 -1.32 0.735 0x0000FF
-65.09 -2.47 1.18 -63.62 -1.5 1.56 0.735 0x0000FF
-66.45 -3.93 1.11 -65.09 -2.47 1.18 0.55 0x0000FF
-66.81 -5.15 0.42 -66.45 -3.93 1.11 0.55 0x0000FF
-67.3 -6.49 0.27 -66.81 -5.15 0.42 0.55 0x0000FF
-68.29 -7.95 -0.11 -67.3 -6.49 0.27 0.55 0x0000FF
-70.0 -9.17 -0.26 -68.29 -7.95 -0.11 0.49 0x0000FF
-70.98 -9.28 -0.64 -70.0 -9.17 -0.26 0.49 0x0000FF
-73.31 -10.02 -1.32 -70.98 -9.28 -0.64 0.49 0x0000FF
-74.66 -10.02 -1.09 -73.31 -10.02 -1.32 0.49 0x0000FF
-75.52 -10.02 -0.48 -74.66 -10.02 -1.09 0.49 0x0000FF
-76.75 -10.02 -0.03 -75.52 -10.02 -0.48 0.49 0x0000FF
-78.09 -10.02 0.5 -76.75 -10.02 -0.03 0.49 0x0000FF
-79.81 -11.12 0.57 -78.09 -10.02 0.5 0.305 0x0000FF
-80.92 -11.97 1.11 -79.81 -11.12 0.57 0.305 0x0000FF
-82.03 -12.58 1.79 -80.92 -11.97 1.11 0.305 0x0000FF
-83.25 -13.55 2.09 -82.03 -12.58 1.79 0.305 0x0000FF
-84.23 -14.4 2.62 -83.25 -13.55 2.09 0.305 0x0000FF
-85.58 -15.62 2.85 -84.23 -14.4 2.62 0.305 0x0000FF
-87.05 -17.69 2.92 -85.58 -15.62 2.85 0.305 0x0000FF
-87.91 -19.88 3.53 -87.05 -17.69 2.92 0.305 0x0000FF
-88.53 -22.44 3.83 -87.91 -19.88 3.53 0.305 0x0000FF
-88.77 -24.63 4.05 -88.53 -22.44 3.83 0.305 0x0000FF
-89.51 -26.7 4.44 -88.77 -24.63 4.05 0.305 0x0000FF
-90.0 -28.53 4.44 -89.51 -26.7 4.44 0.185 0x0000FF
-91.47 -29.87 4.51 -90.0 -28.53 4.44 0.185 0x0000FF
-44.03 -6.79 -2.29 -43.78 -9.22 -2.52 0.86 0x0000FF
-44.03 -5.94 -1.85 -44.03 -6.79 -2.29 0.735 0x0000FF
-44.03 -5.21 -1.47 -44.03 -5.94 -1.85 0.735 0x0000FF
-44.03 -4.96 -0.86 -44.03 -5.21 -1.47 0.735 0x0000FF
-44.03 -4.11 -0.48 -44.03 -4.96 -0.86 0.735 0x0000FF
-44.03 -3.38 0.12 -44.03 -4.11 -0.48 0.735 0x0000FF
-44.03 -2.65 0.65 -44.03 -3.38 0.12 0.735 0x0000FF
-43.91 -1.55 0.65 -44.03 -2.65 0.65 0.55 0x0000FF
-43.41 -0.82 1.03 -43.91 -1.55 0.65 0.55 0x0000FF
-42.92 0.4 1.56 -43.41 -0.82 1.03 0.55 0x0000FF
-42.56 1.25 1.79 -42.92 0.4 1.56 0.55 0x0000FF
-42.31 2.1 2.24 -42.56 1.25 1.79 0.49 0x0000FF
-41.7 3.07 2.77 -42.31 2.1 2.24 0.49 0x0000FF
-41.33 3.93 3.38 -41.7 3.07 2.77 0.49 0x0000FF
-40.72 4.66 3.91 -41.33 3.93 3.38 0.49 0x0000FF
-39.97 5.63 4.29 -40.72 4.66 3.91 0.49 0x0000FF
-39.61 6.73 4.51 -39.97 5.63 4.29 0.43 0x0000FF
-39.36 7.94 4.74 -39.61 6.73 4.51 0.43 0x0000FF
-39.24 9.27 5.04 -39.36 7.94 4.74 0.43 0x0000FF
-39.11 10.5 5.58 -39.24 9.27 5.04 0.37 0x0000FF
-39.0 11.6 6.03 -39.11 10.5 5.58 0.37 0x0000FF
-38.75 12.69 6.41 -39.0 11.6 6.03 0.37 0x0000FF
-38.14 13.91 6.79 -38.75 12.69 6.41 0.37 0x0000FF
-37.28 15.37 7.09 -38.14 13.91 6.79 0.37 0x0000FF
-36.9 16.71 7.24 -37.28 15.37 7.09 0.37 0x0000FF
-36.29 17.93 7.47 -36.9 16.71 7.24 0.37 0x0000FF
-35.44 19.14 7.92 -36.29 17.93 7.47 0.37 0x0000FF
-34.34 19.88 8.15 -35.44 19.14 7.92 0.37 0x0000FF
-32.78 21.17 8.15 -34.34 19.88 8.15 0.37 0x0000FF
-31.55 23.36 8.44 -32.78 21.17 8.15 0.37 0x0000FF
-30.81 25.18 8.91 -31.55 23.36 8.44 0.245 0x0000FF
-29.95 26.77 9.59 -30.81 25.18 8.91 0.245 0x0000FF
-29.83 28.23 10.19 -29.95 26.77 9.59 0.245 0x0000FF
-29.59 29.69 9.74 -29.83 28.23 10.19 0.245 0x0000FF
-29.1 31.39 8.76 -29.59 29.69 9.74 0.245 0x0000FF
-28.36 32.85 8.3 -29.1 31.39 8.76 0.245 0x0000FF
-27.99 34.32 7.7 -28.36 32.85 8.3 0.245 0x0000FF
-27.38 35.9 7.24 -27.99 34.32 7.7 0.245 0x0000FF
-26.77 37.6 7.01 -27.38 35.9 7.24 0.245 0x0000FF
-25.91 39.67 6.56 -26.77 37.6 7.01 0.245 0x0000FF
-25.42 41.5 6.11 -25.91 39.67 6.56 0.245 0x0000FF
-25.05 43.45 5.73 -25.42 41.5 6.11 0.245 0x0000FF
-24.8 45.15 4.88 -25.05 43.45 5.73 0.245 0x0000FF
-24.43 47.1 4.29 -24.8 45.15 4.88 0.245 0x0000FF
-24.43 48.07 3.91 -24.43 47.1 4.29 0.245 0x0000FF
-24.56 49.41 3.23 -24.43 48.07 3.91 0.245 0x0000FF
-24.68 50.75 2.77 -24.56 49.41 3.23 0.245 0x0000FF
-24.68 52.7 2.31 -24.68 50.75 2.77 0.245 0x0000FF
-24.68 54.77 1.71 -24.68 52.7 2.31 0.245 0x0000FF
-24.68 56.47 1.03 -24.68 54.77 1.71 0.245 0x0000FF
-24.68 58.54 0.65 -24.68 56.47 1.03 0.245 0x0000FF
-24.68 60.13 0.12 -24.68 58.54 0.65 0.245 0x0000FF
-24.68 61.59 -0.41 -24.68 60.13 0.12 0.245 0x0000FF
-24.43 63.41 -0.71 -24.68 61.59 -0.41 0.245 0x0000FF
-23.58 65.23 -1.09 -24.43 63.41 -0.71 0.245 0x0000FF
-22.86 67.16 -1.09 -23.58 65.23 -1.09 0.245 0x0000FF
-22.61 68.98 -1.62 -22.86 67.16 -1.09 0.245 0x0000FF
-22.37 70.56 -1.92 -22.61 68.98 -1.62 0.245 0x0000FF
-22.12 72.15 -2.68 -22.37 70.56 -1.92 0.245 0x0000FF
-21.88 73.25 -3.06 -22.12 72.15 -2.68 0.245 0x0000FF
-21.88 74.83 -3.59 -21.88 73.25 -3.06 0.245 0x0000FF
-21.88 76.17 -3.89 -21.88 74.83 -3.59 0.245 0x0000FF
-21.88 77.51 -4.12 -21.88 76.17 -3.89 0.245 0x0000FF
-22.37 78.73 -4.5 -21.88 77.51 -4.12 0.245 0x0000FF
-22.61 80.31 -4.8 -22.37 78.73 -4.5 0.245 0x0000FF
-22.98 81.29 -5.03 -22.61 80.31 -4.8 0.245 0x0000FF
