22.91 -34.18 -2.76 32.27 -35.96 -3.21 0.73 0x0000FF
22.0 -33.82 -2.83 22.91 -34.18 -2.76 0.73 0x0000FF
20.54 -33.27 -3.29 22.0 -33.82 -2.83 0.73 0x0000FF
19.8 -33.09 -2.83 20.54 -33.27 -3.29 0.73 0x0000FF
17.44 -31.45 -2.08 19.8 -33.09 -2.83 0.73 0x0000FF
16.34 -31.09 -2.61 17.44 -31.45 -2.08 0.73 0x0000FF
14.7 -30.72 -3.14 16.34 -31.09 -2.61 0.73 0x0000FF
13.24 -30.36 -3.36 14.7 -30.72 -3.14 0.73 0x0000FF
11.99 -30.19 -3.44 13.24 -30.36 -3.36 0.545 0x0000FF
11.26 -29.82 -4.34 11.99 -30.19 -3.44 0.545 0x0000FF
8.88 -28.73 -5.33 11.26 -29.82 -4.34 0.545 0x0000FF
6.51 -26.73 -6.01 8.88 -28.73 -5.33 0.545 0x0000FF
4.32 -22.9 -6.77 6.51 -26.73 -6.01 0.545 0x0000FF
3.77 -17.8 -7.38 4.32 -22.9 -6.77 0.545 0x0000FF
4.32 -13.06 -7.91 3.77 -17.8 -7.38 0.545 0x0000FF
4.13 -7.78 -8.28 4.32 -13.06 -7.91 0.545 0x0000FF
2.5 1.14 -8.74 4.13 -7.78 -8.28 0.545 0x0000FF
1.95 10.99 -9.11 2.5 1.14 -8.74 0.545 0x0000FF
-0.79 20.28 -9.27 1.95 10.99 -9.11 0.545 0x0000FF
-3.89 33.4 -9.57 -0.79 20.28 -9.27 0.545 0x0000FF
-5.9 37.77 -9.8 -3.89 33.4 -9.57 0.545 0x0000FF
-7.54 42.69 -9.94 -5.9 37.77 -9.8 0.455 0x0000FF
-7.72 45.97 -10.18 -7.54 42.69 -9.94 0.455 0x0000FF
-9.91 58.0 -10.48 -7.72 45.97 -10.18 0.365 0x0000FF
-11.55 62.37 -10.71 -9.91 58.0 -10.48 0.365 0x0000FF
-14.29 66.38 -10.86 -11.55 62.37 -10.71 0.365 0x0000FF
-19.39 69.66 -11.01 -14.29 66.38 -10.86 0.365 0x0000FF
-27.24 71.66 -10.64 -19.39 69.66 -11.01 0.365 0x0000FF
-31.99 72.2 -10.79 -27.24 71.66 -10.64 0.365 0x0000FF
-34.54 72.39 -11.17 -31.99 72.2 -10.79 0.365 0x0000FF
-36.9 71.84 -11.32 -34.54 72.39 -11.17 0.365 0x0000FF
-38.74 70.56 -12.23 -36.9 71.84 -11.32 0.365 0x0000FF
-41.11 68.75 -12.38 -38.74 70.56 -12.23 0.365 0x0000FF
-43.66 66.92 -12.6 -41.11 68.75 -12.38 0.365 0x0000FF
-46.03 65.65 -12.0 -43.66 66.92 -12.6 0.365 0x0000FF
-48.59 65.28 -11.7 -46.03 65.65 -12.0 0.365 0x0000FF
-56.25 64.73 -11.17 -48.59 65.28 -11.7 0.365 0x0000FF
-60.08 65.47 -10.94 -56.25 64.73 -11.17 0.365 0x0000FF
-61.0 65.83 -10.41 -60.08 65.47 -10.94 0.275 0x0000FF
9.23 -31.09 -4.2 13.24 -30.36 -3.36 0.64 0x0000FF
7.22 -31.09 -4.26 9.23 -31.09 -4.2 0.64 0x0000FF
4.12 -31.82 -5.56 7.22 -31.09 -4.26 0.64 0x0000FF
0.83 -32.36 -6.09 4.12 -31.82 -5.56 0.545 0x0000FF
-3.0 -32.0 -7.0 0.83 -32.36 -6.09 0.545 0x0000FF
-5.37 -31.45 -8.06 -3.0 -32.0 -7.0 0.545 0x0000FF
-6.83 -31.09 -9.27 -5.37 -31.45 -8.06 0.545 0x0000FF
-9.19 -30.72 -9.35 -6.83 -31.09 -9.27 0.545 0x0000FF
-12.1 -30.19 -9.5 -9.19 -30.72 -9.35 0.365 0x0000FF
-13.74 -30.01 -10.64 -12.1 -30.19 -9.5 0.365 0x0000FF
-15.38 -30.01 -11.17 -13.74 -30.01 -10.64 0.365 0x0000FF
-17.02 -30.37 -12.07 -15.38 -30.01 -11.17 0.365 0x0000FF
-18.85 -31.1 -13.14 -17.02 -30.37 -12.07 0.365 0x0000FF
-20.3 -31.83 -14.42 -18.85 -31.1 -13.14 0.365 0x0000FF
-21.04 -32.01 -15.41 -20.3 -31.83 -14.42 0.365 0x0000FF
-21.59 -32.38 -17.23 -21.04 -32.01 -15.41 0.365 0x0000FF
-22.13 -32.92 -18.73 -21.59 -32.38 -17.23 0.365 0x0000FF
-22.86 -33.1 -19.64 -22.13 -32.92 -18.73 0.365 0x0000FF
-24.69 -33.29 -20.41 -22.86 -33.1 -19.64 0.365 0x0000FF
-26.69 -32.74 -22.0 -24.69 -33.29 -20.41 0.365 0x0000FF
-28.34 -32.38 -22.98 -26.69 -32.74 -22.0 0.365 0x0000FF
-29.8 -32.56 -24.5 -28.34 -32.38 -22.98 0.365 0x0000FF
-30.89 -32.56 -26.01 -29.8 -32.56 -24.5 0.365 0x0000FF
-32.35 -33.1 -27.6 -30.89 -32.56 -26.01 0.365 0x0000FF
-33.63 -33.29 -28.51 -32.35 -33.1 -27.6 0.365 0x0000FF
-35.09 -33.65 -29.57 -33.63 -33.29 -28.51 0.365 0x0000FF
-38.92 -34.56 -29.72 -35.09 -33.65 -29.57 0.365 0x0000FF
-40.01 -35.11 -30.33 -38.92 -34.56 -29.72 0.365 0x0000FF
-41.11 -36.02 -31.39 -40.01 -35.11 -30.33 0.365 0x0000FF
-41.66 -36.93 -32.29 -41.11 -36.02 -31.39 0.365 0x0000FF
-43.12 -39.11 -32.83 -41.66 -36.93 -32.29 0.365 0x0000FF
-44.21 -41.12 -33.51 -43.12 -39.11 -32.83 0.275 0x0000FF
-45.12 -41.85 -33.65 -44.21 -41.12 -33.51 0.275 0x0000FF
-14.13 -30.72 -9.88 -9.19 -30.72 -9.35 0.455 0x0000FF
-17.05 -29.45 -10.33 -14.13 -30.72 -9.88 0.455 0x0000FF
-19.6 -27.81 -10.33 -17.05 -29.45 -10.33 0.455 0x0000FF
-21.61 -26.9 -8.89 -19.6 -27.81 -10.33 0.455 0x0000FF
-25.62 -25.26 -8.28 -21.61 -26.9 -8.89 0.365 0x0000FF
-28.54 -24.35 -7.3 -25.62 -25.26 -8.28 0.365 0x0000FF
-32.19 -23.25 -6.7 -28.54 -24.35 -7.3 0.365 0x0000FF
-34.75 -21.07 -5.86 -32.19 -23.25 -6.7 0.365 0x0000FF
-38.94 -17.05 -5.26 -34.75 -21.07 -5.86 0.365 0x0000FF
-41.68 -14.69 -4.8 -38.94 -17.05 -5.26 0.365 0x0000FF
-45.87 -12.14 -4.05 -41.68 -14.69 -4.8 0.365 0x0000FF
-47.7 -11.04 -3.82 -45.87 -12.14 -4.05 0.365 0x0000FF
-54.25 -9.97 -3.51 -47.7 -11.04 -3.82 0.365 0x0000FF
-57.71 -9.42 -3.21 -54.25 -9.97 -3.51 0.365 0x0000FF
-59.17 -9.24 -2.76 -57.71 -9.42 -3.21 0.365 0x0000FF
-61.36 -9.24 -1.92 -59.17 -9.24 -2.76 0.365 0x0000FF
-64.45 -9.77 -1.55 -61.36 -9.24 -1.92 0.365 0x0000FF
-67.02 -10.51 -0.94 -64.45 -9.77 -1.55 0.365 0x0000FF
-71.58 -13.06 0.2 -67.02 -10.51 -0.94 0.275 0x0000FF
-73.77 -15.25 0.57 -71.58 -13.06 0.2 0.275 0x0000FF
-76.14 -17.44 1.03 -73.77 -15.25 0.57 0.275 0x0000FF
-79.42 -19.62 1.79 -76.14 -17.44 1.03 0.275 0x0000FF
-81.43 -20.53 2.17 -79.42 -19.62 1.79 0.275 0x0000FF
-83.99 -21.81 3.38 -81.43 -20.53 2.17 0.275 0x0000FF
-86.17 -22.54 3.76 -83.99 -21.81 3.38 0.275 0x0000FF
-90.01 -22.9 4.82 -86.17 -22.54 3.76 0.275 0x0000FF
-92.38 -22.9 5.2 -90.01 -22.9 4.82 0.275 0x0000FF
-95.11 -23.08 6.18 -92.38 -22.9 5.2 0.275 0x0000FF
-97.3 -23.63 7.39 -95.11 -23.08 6.18 0.275 0x0000FF
-98.58 -24.18 7.47 -97.3 -23.63 7.39 0.275 0x0000FF
-99.13 -24.91 8.07 -98.58 -24.18 7.47 0.275 0x0000FF
-100.41 -26.0 8.83 -99.13 -24.91 8.07 0.275 0x0000FF
-101.14 -27.46 10.5 -100.41 -26.0 8.83 0.275 0x0000FF
-102.6 -29.82 11.79 -101.14 -27.46 10.5 0.275 0x0000FF
-103.87 -30.92 12.24 -102.6 -29.82 11.79 0.275 0x0000FF
-104.97 -32.19 12.54 -103.87 -30.92 12.24 0.275 0x0000FF
-106.97 -34.2 13.6 -104.97 -32.19 12.54 0.275 0x0000FF
-108.62 -35.29 13.98 -106.97 -34.2 13.6 0.275 0x0000FF
-110.81 -37.11 14.59 -108.62 -35.29 13.98 0.275 0x0000FF
-115.0 -40.21 15.8 -110.81 -37.11 14.59 0.275 0x0000FF
-116.46 -40.57 16.1 -115.0 -40.21 15.8 0.275 0x0000FF
-117.56 -40.94 16.48 -116.46 -40.57 16.1 0.275 0x0000FF
-119.75 -42.21 17.09 -117.56 -40.94 16.48 0.275 0x0000FF
-122.12 -44.95 17.62 -119.75 -42.21 17.09 0.275 0x0000FF
-123.21 -47.86 18.0 -122.12 -44.95 17.62 0.275 0x0000FF
-124.31 -49.87 18.68 -123.21 -47.86 18.0 0.275 0x0000FF
-125.77 -52.6 19.21 -124.31 -49.87 18.68 0.275 0x0000FF
-126.13 -56.06 19.59 -125.77 -52.6 19.21 0.275 0x0000FF
-126.68 -59.52 19.97 -126.13 -56.06 19.59 0.275 0x0000FF
-129.41 -66.45 20.42 -126.68 -59.52 19.97 0.275 0x0000FF
-130.88 -68.81 20.88 -129.41 -66.45 20.42 0.275 0x0000FF
-131.97 -71.0 21.33 -130.88 -68.81 20.88 0.275 0x0000FF
-132.15 -72.28 21.48 -131.97 -71.0 21.33 0.275 0x0000FF
-132.69 -73.19 20.88 -132.15 -72.28 21.48 0.275 0x0000FF
-132.34 -75.73 20.27 -132.69 -73.19 20.88 0.275 0x0000FF
-132.88 -77.73 19.73 -132.34 -75.73 20.27 0.275 0x0000FF
-134.34 -80.84 19.13 -132.88 -77.73 19.73 0.275 0x0000FF
-135.97 -83.94 18.82 -134.34 -80.84 19.13 0.275 0x0000FF
-137.26 -85.21 17.92 -135.97 -83.94 18.82 0.275 0x0000FF
-139.63 -86.67 17.23 -137.26 -85.21 17.92 0.275 0x0000FF
22.75 -39.11 -2.68 32.27 -35.96 -3.21 0.73 0x0000FF
20.38 -39.65 -2.68 22.75 -39.11 -2.68 0.73 0x0000FF
14.72 -39.65 -2.83 20.38 -39.65 -2.68 0.64 0x0000FF
11.07 -39.85 -3.14 14.72 -39.65 -2.83 0.64 0x0000FF
-1.14 -40.21 -3.14 11.07 -39.85 -3.14 0.64 0x0000FF
-6.08 -40.39 -3.51 -1.14 -40.21 -3.14 0.64 0x0000FF
-13.38 -40.76 -3.29 -6.08 -40.39 -3.51 0.455 0x0000FF
-17.57 -41.67 -3.06 -13.38 -40.76 -3.29 0.455 0x0000FF
-22.32 -42.03 -2.76 -17.57 -41.67 -3.06 0.455 0x0000FF
-29.07 -42.94 -2.68 -22.32 -42.03 -2.76 0.455 0x0000FF
-42.57 -42.58 -2.15 -29.07 -42.94 -2.68 0.455 0x0000FF
-45.85 -42.21 -2.08 -42.57 -42.58 -2.15 0.455 0x0000FF
-48.95 -42.4 -2.0 -45.85 -42.21 -2.08 0.455 0x0000FF
-53.15 -42.76 -2.23 -48.95 -42.4 -2.0 0.455 0x0000FF
-54.43 -42.76 -2.38 -53.15 -42.76 -2.23 0.455 0x0000FF
-56.62 -43.13 -2.91 -54.43 -42.76 -2.38 0.455 0x0000FF
-58.62 -43.67 -3.82 -56.62 -43.13 -2.91 0.455 0x0000FF
-61.73 -44.95 -4.8 -58.62 -43.67 -3.82 0.455 0x0000FF
-64.45 -45.31 -5.41 -61.73 -44.95 -4.8 0.455 0x0000FF
-67.02 -45.31 -6.54 -64.45 -45.31 -5.41 0.455 0x0000FF
-71.94 -44.95 -7.3 -67.02 -45.31 -6.54 0.455 0x0000FF
-76.31 -44.22 -8.51 -71.94 -44.95 -7.3 0.455 0x0000FF
-81.25 -43.49 -9.11 -76.31 -44.22 -8.51 0.455 0x0000FF
-89.09 -42.03 -9.8 -81.25 -43.49 -9.11 0.455 0x0000FF
-97.49 -40.03 -9.94 -89.09 -42.03 -9.8 0.455 0x0000FF
-106.24 -38.75 -10.48 -97.49 -40.03 -9.94 0.455 0x0000FF
-112.08 -38.75 -11.39 -106.24 -38.75 -10.48 0.455 0x0000FF
-117.92 -38.75 -11.7 -112.08 -38.75 -11.39 0.455 0x0000FF
-123.39 -37.84 -12.23 -117.92 -38.75 -11.7 0.455 0x0000FF
-126.86 -37.29 -12.45 -123.39 -37.84 -12.23 0.455 0x0000FF
-129.6 -38.75 -12.53 -126.86 -37.29 -12.45 0.365 0x0000FF
-137.99 -39.11 -12.76 -129.6 -38.75 -12.53 0.365 0x0000FF
-142.19 -37.29 -12.83 -137.99 -39.11 -12.76 0.365 0x0000FF
-146.57 -34.38 -12.91 -142.19 -37.29 -12.83 0.365 0x0000FF
-152.94 -31.46 -13.06 -146.57 -34.38 -12.91 0.275 0x0000FF
-157.88 -30.01 -13.21 -152.94 -31.46 -13.06 0.275 0x0000FF
-166.09 -28.19 -13.36 -157.88 -30.01 -13.21 0.275 0x0000FF
-130.88 -36.02 -12.68 -126.86 -37.29 -12.45 0.365 0x0000FF
-133.43 -36.2 -12.68 -130.88 -36.02 -12.68 0.365 0x0000FF
-135.44 -36.02 -12.76 -133.43 -36.2 -12.68 0.365 0x0000FF
-137.99 -34.74 -12.83 -135.44 -36.02 -12.76 0.365 0x0000FF
24.39 -43.31 -4.58 32.27 -35.96 -3.21 1.095 0x0000FF
22.57 -45.49 -4.88 24.39 -43.31 -4.58 1.095 0x0000FF
20.93 -47.32 -5.18 22.57 -45.49 -4.88 1.095 0x0000FF
18.55 -49.68 -6.01 20.93 -47.32 -5.18 1.095 0x0000FF
16.0 -51.87 -6.54 18.55 -49.68 -6.01 1.095 0x0000FF
14.72 -53.15 -7.3 16.0 -51.87 -6.54 1.095 0x0000FF
13.08 -54.06 -7.61 14.72 -53.15 -7.3 1.095 0x0000FF
12.19 -56.05 -6.47 13.08 -54.06 -7.61 0.64 0x0000FF
11.27 -57.33 -6.01 12.19 -56.05 -6.47 0.64 0x0000FF
10.55 -58.97 -5.94 11.27 -57.33 -6.01 0.64 0x0000FF
10.36 -60.25 -5.56 10.55 -58.97 -5.94 0.64 0x0000FF
10.36 -61.89 -5.18 10.36 -60.25 -5.56 0.64 0x0000FF
10.36 -63.52 -4.88 10.36 -61.89 -5.18 0.64 0x0000FF
10.55 -65.16 -4.58 10.36 -63.52 -4.88 0.64 0x0000FF
10.73 -68.08 -4.2 10.55 -65.16 -4.58 0.64 0x0000FF
10.91 -69.72 -3.89 10.73 -68.08 -4.2 0.64 0x0000FF
11.09 -71.18 -3.51 10.91 -69.72 -3.89 0.64 0x0000FF
11.09 -72.81 -3.14 11.09 -71.18 -3.51 0.64 0x0000FF
11.09 -74.09 -2.52 11.09 -72.81 -3.14 0.64 0x0000FF
10.55 -75.55 -2.23 11.09 -74.09 -2.52 0.64 0x0000FF
9.27 -78.28 -1.32 10.55 -75.55 -2.23 0.64 0x0000FF
7.63 -80.83 -0.94 9.27 -78.28 -1.32 0.64 0x0000FF
4.34 -88.85 0.42 7.63 -80.83 -0.94 0.64 0x0000FF
3.98 -92.31 0.88 4.34 -88.85 0.42 0.64 0x0000FF
3.61 -96.32 1.03 3.98 -92.31 0.88 0.64 0x0000FF
3.32 -101.37 1.94 3.61 -96.32 1.03 0.64 0x0000FF
1.32 -108.11 2.47 3.32 -101.37 1.94 0.64 0x0000FF
0.41 -117.95 2.77 1.32 -108.11 2.47 0.64 0x0000FF
1.13 -123.96 3.0 0.41 -117.95 2.77 0.64 0x0000FF
2.23 -128.88 3.08 1.13 -123.96 3.0 0.64 0x0000FF
3.32 -135.44 3.23 2.23 -128.88 3.08 0.64 0x0000FF
4.59 -142.0 3.45 3.32 -135.44 3.23 0.64 0x0000FF
6.79 -146.91 3.68 4.59 -142.0 3.45 0.64 0x0000FF
9.07 -148.55 6.11 6.79 -146.91 3.68 0.545 0x0000FF
9.8 -149.83 6.11 9.07 -148.55 6.11 0.545 0x0000FF
10.9 -151.83 6.11 9.8 -149.83 6.11 0.545 0x0000FF
11.63 -154.19 6.03 10.9 -151.83 6.11 0.545 0x0000FF
12.36 -156.19 5.95 11.63 -154.19 6.03 0.545 0x0000FF
14.55 -159.85 5.95 12.36 -156.19 5.95 0.545 0x0000FF
15.82 -161.85 5.95 14.55 -159.85 5.95 0.545 0x0000FF
19.11 -166.95 5.8 15.82 -161.85 5.95 0.455 0x0000FF
19.64 -168.41 5.73 19.11 -166.95 5.8 0.455 0x0000FF
22.03 -173.7 5.73 19.64 -168.41 5.73 0.365 0x0000FF
22.39 -176.06 5.73 22.03 -173.7 5.73 0.365 0x0000FF
23.12 -180.26 5.5 22.39 -176.06 5.73 0.365 0x0000FF
24.03 -184.45 5.35 23.12 -180.26 5.5 0.365 0x0000FF
24.95 -187.91 5.27 24.03 -184.45 5.35 0.365 0x0000FF
26.22 -192.1 5.04 24.95 -187.91 5.27 0.365 0x0000FF
11.8 -54.6 -7.91 13.08 -54.06 -7.61 0.91 0x0000FF
10.16 -54.79 -8.36 11.8 -54.6 -7.91 0.91 0x0000FF
7.97 -54.79 -8.97 10.16 -54.79 -8.36 0.91 0x0000FF
5.78 -54.97 -9.5 7.97 -54.79 -8.97 0.91 0x0000FF
4.13 -54.97 -10.48 5.78 -54.97 -9.5 0.91 0x0000FF
3.23 -54.97 -11.32 4.13 -54.97 -10.48 0.91 0x0000FF
0.49 -54.97 -11.92 3.23 -54.97 -11.32 0.91 0x0000FF
-0.79 -54.79 -12.0 0.49 -54.97 -11.92 0.91 0x0000FF
-1.02 -52.04 -12.83 -0.79 -54.79 -12.0 0.455 0x0000FF
-2.11 -49.85 -13.51 -1.02 -52.04 -12.83 0.455 0x0000FF
-4.3 -48.4 -13.82 -2.11 -49.85 -13.51 0.365 0x0000FF
-6.86 -47.12 -14.65 -4.3 -48.4 -13.82 0.365 0x0000FF
-8.32 -45.85 -15.26 -6.86 -47.12 -14.65 0.365 0x0000FF
-9.77 -44.39 -15.86 -8.32 -45.85 -15.26 0.365 0x0000FF
-11.24 -42.57 -16.77 -9.77 -44.39 -15.86 0.275 0x0000FF
-12.33 -39.83 -17.07 -11.24 -42.57 -16.77 0.275 0x0000FF
-13.06 -36.92 -17.82 -12.33 -39.83 -17.07 0.275 0x0000FF
-13.42 -35.46 -18.05 -13.06 -36.92 -17.82 0.275 0x0000FF
-13.61 -33.64 -18.73 -13.42 -35.46 -18.05 0.275 0x0000FF
-13.06 -28.9 -19.64 -13.61 -33.64 -18.73 0.275 0x0000FF
-14.7 -25.44 -20.1 -13.06 -28.9 -19.64 0.275 0x0000FF
-16.16 -23.62 -20.63 -14.7 -25.44 -20.1 0.275 0x0000FF
-17.98 -22.16 -21.62 -16.16 -23.62 -20.63 0.275 0x0000FF
-18.53 -19.43 -22.83 -17.98 -22.16 -21.62 0.275 0x0000FF
-18.72 -17.42 -22.98 -18.53 -19.43 -22.83 0.275 0x0000FF
-22.0 -13.23 -24.12 -18.72 -17.42 -22.98 0.275 0x0000FF
-26.01 -11.04 -24.95 -22.0 -13.23 -24.12 0.275 0x0000FF
-29.66 -9.59 -25.71 -26.01 -11.04 -24.95 0.275 0x0000FF
-36.71 -1.76 -26.32 -29.66 -9.59 -25.71 0.275 0x0000FF
-38.72 3.52 -26.47 -36.71 -1.76 -26.32 0.275 0x0000FF
-41.27 10.81 -27.07 -38.72 3.52 -26.47 0.275 0x0000FF
-42.55 16.1 -27.45 -41.27 10.81 -27.07 0.275 0x0000FF
-42.91 18.28 -27.68 -42.55 16.1 -27.45 0.275 0x0000FF
-42.55 22.29 -26.39 -42.91 18.28 -27.68 0.275 0x0000FF
-42.91 24.66 -25.79 -42.55 22.29 -26.39 0.275 0x0000FF
-44.19 26.66 -25.18 -42.91 24.66 -25.79 0.275 0x0000FF
-45.47 30.13 -24.8 -44.19 26.66 -25.18 0.275 0x0000FF
-46.02 32.49 -23.97 -45.47 30.13 -24.8 0.275 0x0000FF
-46.02 37.04 -23.36 -46.02 32.49 -23.97 0.275 0x0000FF
-45.1 42.52 -22.91 -46.02 37.04 -23.36 0.275 0x0000FF
-44.56 47.25 -22.38 -45.1 42.52 -22.91 0.275 0x0000FF
-43.83 49.26 -22.15 -44.56 47.25 -22.38 0.275 0x0000FF
-44.19 50.17 -22.15 -43.83 49.26 -22.15 0.275 0x0000FF
-46.93 50.9 -22.07 -44.19 50.17 -22.15 0.275 0x0000FF
-48.93 52.54 -20.71 -46.93 50.9 -22.07 0.275 0x0000FF
-42.37 53.08 -22.3 -43.83 49.26 -22.15 0.275 0x0000FF
-41.27 54.18 -22.38 -42.37 53.08 -22.3 0.275 0x0000FF
-2.43 -55.88 -12.68 -0.79 -54.79 -12.0 0.73 0x0000FF
-4.62 -56.61 -12.6 -2.43 -55.88 -12.68 0.365 0x0000FF
-7.72 -58.07 -12.83 -4.62 -56.61 -12.6 0.365 0x0000FF
-9.91 -59.89 -12.83 -7.72 -58.07 -12.83 0.365 0x0000FF
-12.46 -62.07 -12.91 -9.91 -59.89 -12.83 0.365 0x0000FF
-15.2 -63.53 -12.98 -12.46 -62.07 -12.91 0.365 0x0000FF
-18.48 -64.98 -13.14 -15.2 -63.53 -12.98 0.365 0x0000FF
-20.86 -66.26 -13.21 -18.48 -64.98 -13.14 0.365 0x0000FF
-27.42 -72.45 -13.44 -20.86 -66.26 -13.21 0.365 0x0000FF
-28.7 -76.65 -13.44 -27.42 -72.45 -13.44 0.365 0x0000FF
-30.34 -81.02 -13.74 -28.7 -76.65 -13.44 0.365 0x0000FF
-32.53 -85.58 -13.51 -30.34 -81.02 -13.74 0.365 0x0000FF
-33.63 -88.13 -13.36 -32.53 -85.58 -13.51 0.365 0x0000FF
-34.36 -89.59 -13.14 -33.63 -88.13 -13.36 0.365 0x0000FF
-35.64 -91.23 -12.45 -34.36 -89.59 -13.14 0.365 0x0000FF
-37.28 -93.23 -11.7 -35.64 -91.23 -12.45 0.365 0x0000FF
-39.47 -95.6 -10.79 -37.28 -93.23 -11.7 0.365 0x0000FF
-42.39 -98.33 -10.11 -39.47 -95.6 -10.79 0.365 0x0000FF
-43.3 -101.61 -9.73 -42.39 -98.33 -10.11 0.365 0x0000FF
-46.45 -105.06 -8.74 -43.3 -101.61 -9.73 0.365 0x0000FF
-47.73 -106.34 -8.14 -46.45 -105.06 -8.74 0.365 0x0000FF
-49.73 -109.25 -7.61 -47.73 -106.34 -8.14 0.365 0x0000FF
-52.1 -111.07 -6.92 -49.73 -109.25 -7.61 0.365 0x0000FF
-3.89 -57.88 -12.68 -2.43 -55.88 -12.68 0.64 0x0000FF
-4.98 -59.34 -13.06 -3.89 -57.88 -12.68 0.455 0x0000FF
-6.08 -60.25 -13.21 -4.98 -59.34 -13.06 0.455 0x0000FF
-8.08 -61.89 -13.59 -6.08 -60.25 -13.21 0.275 0x0000FF
-8.81 -63.71 -13.67 -8.08 -61.89 -13.59 0.275 0x0000FF
-9.18 -64.62 -13.29 -8.81 -63.71 -13.67 0.275 0x0000FF
-9.73 -66.45 -12.91 -9.18 -64.62 -13.29 0.275 0x0000FF
-9.91 -68.45 -12.76 -9.73 -66.45 -12.91 0.275 0x0000FF
-9.36 -70.27 -12.6 -9.91 -68.45 -12.76 0.275 0x0000FF
28.27 -46.87 -11.32 32.27 -35.96 -3.21 1.095 0x0000FF
27.54 -48.33 -12.0 28.27 -46.87 -11.32 1.095 0x0000FF
26.81 -49.79 -12.6 27.54 -48.33 -12.0 1.095 0x0000FF
26.45 -51.43 -13.21 26.81 -49.79 -12.6 1.095 0x0000FF
26.45 -52.89 -13.67 26.45 -51.43 -13.21 1.095 0x0000FF
26.27 -53.61 -14.35 26.45 -52.89 -13.67 1.095 0x0000FF
26.27 -56.71 -14.42 26.27 -53.61 -14.35 0.64 0x0000FF
26.83 -57.86 -15.41 26.27 -56.71 -14.42 0.455 0x0000FF
26.47 -60.59 -15.48 26.83 -57.86 -15.41 0.455 0x0000FF
26.47 -63.32 -15.48 26.47 -60.59 -15.48 0.455 0x0000FF
26.83 -67.33 -15.56 26.47 -63.32 -15.48 0.455 0x0000FF
27.01 -70.43 -15.71 26.83 -67.33 -15.56 0.455 0x0000FF
27.2 -73.89 -15.71 27.01 -70.43 -15.71 0.455 0x0000FF
27.38 -79.36 -15.79 27.2 -73.89 -15.71 0.455 0x0000FF
27.2 -85.0 -15.79 27.38 -79.36 -15.79 0.365 0x0000FF
27.2 -87.92 -15.86 27.2 -85.0 -15.79 0.365 0x0000FF
27.56 -90.11 -15.94 27.2 -87.92 -15.86 0.365 0x0000FF
27.93 -92.29 -16.09 27.56 -90.11 -15.94 0.365 0x0000FF
27.93 -96.3 -16.09 27.93 -92.29 -16.09 0.365 0x0000FF
24.82 -113.79 -16.39 27.93 -96.3 -16.09 0.365 0x0000FF
23.73 -119.99 -16.39 24.82 -113.79 -16.39 0.365 0x0000FF
19.53 -134.38 -16.39 23.73 -119.99 -16.39 0.365 0x0000FF
15.52 -147.13 -16.54 19.53 -134.38 -16.39 0.365 0x0000FF
12.6 -158.8 -16.7 15.52 -147.13 -16.54 0.365 0x0000FF
12.42 -164.44 -16.77 12.6 -158.8 -16.7 0.365 0x0000FF
12.23 -173.74 -16.85 12.42 -164.44 -16.77 0.365 0x0000FF
12.96 -180.48 -17.07 12.23 -173.74 -16.85 0.365 0x0000FF
14.61 -187.76 -17.14 12.96 -180.48 -17.07 0.365 0x0000FF
15.34 -193.41 -17.14 14.61 -187.76 -17.14 0.365 0x0000FF
25.72 -58.35 -14.42 26.27 -56.71 -14.42 0.545 0x0000FF
25.35 -59.45 -14.42 25.72 -58.35 -14.42 0.545 0x0000FF
24.62 -60.9 -14.04 25.35 -59.45 -14.42 0.545 0x0000FF
23.35 -62.91 -13.82 24.62 -60.9 -14.04 0.545 0x0000FF
20.79 -66.73 -12.98 23.35 -62.91 -13.82 0.455 0x0000FF
19.14 -69.65 -12.76 20.79 -66.73 -12.98 0.455 0x0000FF
17.87 -73.47 -12.6 19.14 -69.65 -12.76 0.455 0x0000FF
16.96 -78.39 -12.45 17.87 -73.47 -12.6 0.455 0x0000FF
15.14 -84.41 -12.3 16.96 -78.39 -12.45 0.455 0x0000FF
13.31 -90.24 -12.3 15.14 -84.41 -12.3 0.455 0x0000FF
7.47 -101.17 -12.15 13.31 -90.24 -12.3 0.365 0x0000FF
4.55 -104.45 -12.15 7.47 -101.17 -12.15 0.365 0x0000FF
2.0 -107.36 -12.0 4.55 -104.45 -12.15 0.365 0x0000FF
-0.19 -110.83 -11.77 2.0 -107.36 -12.0 0.365 0x0000FF
-2.02 -114.29 -11.7 -0.19 -110.83 -11.77 0.365 0x0000FF
-4.57 -118.3 -11.54 -2.02 -114.29 -11.7 0.365 0x0000FF
-6.39 -120.85 -11.54 -4.57 -118.3 -11.54 0.365 0x0000FF
-8.94 -124.13 -11.54 -6.39 -120.85 -11.54 0.365 0x0000FF
-11.69 -127.95 -11.47 -8.94 -124.13 -11.54 0.365 0x0000FF
-14.06 -130.5 -11.39 -11.69 -127.95 -11.47 0.365 0x0000FF
-16.98 -133.05 -11.32 -14.06 -130.5 -11.39 0.365 0x0000FF
-19.53 -134.88 -11.17 -16.98 -133.05 -11.32 0.365 0x0000FF
-23.34 -141.12 -11.01 -19.53 -134.88 -11.17 0.275 0x0000FF
-25.9 -145.13 -11.01 -23.34 -141.12 -11.01 0.275 0x0000FF
-25.53 -148.77 -10.02 -25.9 -145.13 -11.01 0.275 0x0000FF
-25.53 -149.87 -10.48 -25.53 -148.77 -10.02 0.275 0x0000FF
-24.8 -150.96 -11.54 -25.53 -149.87 -10.48 0.275 0x0000FF
-24.26 -152.6 -12.3 -24.8 -150.96 -11.54 0.275 0x0000FF
-23.53 -155.15 -13.59 -24.26 -152.6 -12.3 0.275 0x0000FF
-22.98 -156.97 -14.5 -23.53 -155.15 -13.59 0.275 0x0000FF
-22.43 -158.8 -15.41 -22.98 -156.97 -14.5 0.275 0x0000FF
-21.52 -161.16 -16.32 -22.43 -158.8 -15.41 0.275 0x0000FF
-21.34 -162.99 -17.14 -21.52 -161.16 -16.32 0.275 0x0000FF
-20.97 -165.54 -17.82 -21.34 -162.99 -17.14 0.275 0x0000FF
-20.61 -167.9 -18.73 -20.97 -165.54 -17.82 0.275 0x0000FF
-20.79 -169.91 -19.8 -20.61 -167.9 -18.73 0.275 0x0000FF
-21.34 -172.28 -20.94 -20.79 -169.91 -19.8 0.275 0x0000FF
-21.88 -174.46 -21.85 -21.34 -172.28 -20.94 0.275 0x0000FF
-21.88 -176.83 -23.36 -21.88 -174.46 -21.85 0.275 0x0000FF
-28.82 -149.13 -12.15 -25.9 -145.13 -11.01 0.275 0x0000FF
-30.46 -151.13 -13.67 -28.82 -149.13 -12.15 0.275 0x0000FF
-32.1 -153.69 -14.12 -30.46 -151.13 -13.67 0.275 0x0000FF
-34.47 -157.69 -14.8 -32.1 -153.69 -14.12 0.275 0x0000FF
-36.47 -161.53 -15.26 -34.47 -157.69 -14.8 0.275 0x0000FF
25.17 -54.53 -14.8 26.27 -53.61 -14.35 0.73 0x0000FF
24.62 -55.07 -15.48 25.17 -54.53 -14.8 0.73 0x0000FF
23.16 -55.44 -16.62 24.62 -55.07 -15.48 0.64 0x0000FF
22.07 -55.44 -18.66 23.16 -55.44 -16.62 0.64 0x0000FF
20.05 -54.71 -20.18 22.07 -55.44 -18.66 0.545 0x0000FF
19.14 -54.16 -21.69 20.05 -54.71 -20.18 0.545 0x0000FF
16.96 -53.43 -22.98 19.14 -54.16 -21.69 0.545 0x0000FF
13.68 -52.16 -25.1 16.96 -53.43 -22.98 0.545 0x0000FF
12.4 -51.79 -25.94 13.68 -52.16 -25.1 0.545 0x0000FF
11.12 -51.43 -28.06 12.4 -51.79 -25.94 0.545 0x0000FF
10.57 -51.43 -29.8 11.12 -51.43 -28.06 0.545 0x0000FF
9.48 -51.43 -31.09 10.57 -51.43 -29.8 0.545 0x0000FF
8.19 -51.79 -34.88 9.48 -51.43 -31.09 0.455 0x0000FF
6.74 -51.79 -35.56 8.19 -51.79 -34.88 0.455 0x0000FF
5.83 -52.52 -36.47 6.74 -51.79 -35.56 0.455 0x0000FF
3.64 -53.25 -37.45 5.83 -52.52 -36.47 0.275 0x0000FF
2.91 -54.16 -37.97 3.64 -53.25 -37.45 0.275 0x0000FF
31.94 -46.2 -6.32 32.27 -35.96 -3.21 1.005 0x0000FF
31.76 -48.02 -6.62 31.94 -46.2 -6.32 1.005 0x0000FF
31.57 -51.66 -7.15 31.76 -48.02 -6.62 0.91 0x0000FF
31.76 -53.67 -7.3 31.57 -51.66 -7.15 0.91 0x0000FF
30.84 -56.95 -7.38 31.76 -53.67 -7.3 0.275 0x0000FF
30.3 -59.31 -7.38 30.84 -56.95 -7.38 0.275 0x0000FF
29.93 -60.77 -7.38 30.3 -59.31 -7.38 0.275 0x0000FF
29.75 -62.41 -7.38 29.93 -60.77 -7.38 0.275 0x0000FF
29.02 -65.33 -7.38 29.75 -62.41 -7.38 0.275 0x0000FF
31.94 -56.4 -7.68 31.76 -53.67 -7.3 0.73 0x0000FF
32.29 -57.49 -7.76 31.94 -56.4 -7.68 0.73 0x0000FF
33.03 -59.5 -7.76 32.29 -57.49 -7.76 0.73 0x0000FF
33.95 -61.86 -8.06 33.03 -59.5 -7.76 0.545 0x0000FF
34.68 -62.59 -8.21 33.95 -61.86 -8.06 0.545 0x0000FF
35.22 -63.5 -7.61 34.68 -62.59 -8.21 0.545 0x0000FF
36.32 -64.78 -5.86 35.22 -63.5 -7.61 0.455 0x0000FF
36.5 -65.33 -5.33 36.32 -64.78 -5.86 0.455 0x0000FF
38.14 -67.88 -4.88 36.5 -65.33 -5.33 0.275 0x0000FF
39.24 -69.52 -4.73 38.14 -67.88 -4.88 0.275 0x0000FF
34.76 -39.72 -9.8 32.27 -35.96 -3.21 0.91 0x0000FF
37.32 -40.64 -10.02 34.76 -39.72 -9.8 0.91 0x0000FF
38.59 -41.0 -10.48 37.32 -40.64 -10.02 0.91 0x0000FF
39.69 -41.55 -11.09 38.59 -41.0 -10.48 0.91 0x0000FF
40.78 -41.91 -11.62 39.69 -41.55 -11.09 0.91 0x0000FF
42.79 -42.64 -11.85 40.78 -41.91 -11.62 0.91 0x0000FF
44.25 -42.82 -12.3 42.79 -42.64 -11.85 0.91 0x0000FF
45.35 -42.82 -12.3 44.25 -42.82 -12.3 0.91 0x0000FF
46.26 -42.82 -12.83 45.35 -42.82 -12.3 0.91 0x0000FF
47.54 -42.28 -13.06 46.26 -42.82 -12.83 0.91 0x0000FF
48.81 -41.55 -13.36 47.54 -42.28 -13.06 0.91 0x0000FF
50.82 -39.0 -13.82 48.81 -41.55 -13.36 0.82 0x0000FF
51.55 -37.54 -13.89 50.82 -39.0 -13.82 0.82 0x0000FF
52.64 -36.45 -14.12 51.55 -37.54 -13.89 0.82 0x0000FF
52.83 -36.99 -14.42 52.64 -36.45 -14.12 0.365 0x0000FF
53.19 -36.81 -17.76 52.83 -36.99 -14.42 0.455 0x0000FF
53.56 -36.45 -16.54 53.19 -36.81 -17.76 0.455 0x0000FF
53.92 -36.08 -14.73 53.56 -36.45 -16.54 0.455 0x0000FF
54.29 -36.08 -13.74 53.92 -36.08 -14.73 0.455 0x0000FF
54.65 -35.9 -12.3 54.29 -36.08 -13.74 0.455 0x0000FF
54.83 -35.9 -10.41 54.65 -35.9 -12.3 0.455 0x0000FF
55.75 -35.9 -8.82 54.83 -35.9 -10.41 0.455 0x0000FF
56.66 -36.08 -8.82 55.75 -35.9 -8.82 0.455 0x0000FF
57.57 -36.63 -6.92 56.66 -36.08 -8.82 0.365 0x0000FF
59.39 -37.17 -6.92 57.57 -36.63 -6.92 0.365 0x0000FF
61.22 -37.9 -7.0 59.39 -37.17 -6.92 0.365 0x0000FF
62.68 -38.63 -6.92 61.22 -37.9 -7.0 0.365 0x0000FF
63.59 -39.54 -7.08 62.68 -38.63 -6.92 0.365 0x0000FF
64.5 -40.27 -7.0 63.59 -39.54 -7.08 0.365 0x0000FF
65.23 -41.37 -6.17 64.5 -40.27 -7.0 0.365 0x0000FF
66.88 -43.55 -5.86 65.23 -41.37 -6.17 0.365 0x0000FF
68.7 -46.1 -5.56 66.88 -43.55 -5.86 0.365 0x0000FF
69.98 -49.2 -5.41 68.7 -46.1 -5.56 0.365 0x0000FF
72.34 -54.3 -5.11 69.98 -49.2 -5.41 0.365 0x0000FF
74.9 -58.49 -4.95 72.34 -54.3 -5.11 0.365 0x0000FF
77.45 -62.5 -4.73 74.9 -58.49 -4.95 0.365 0x0000FF
82.38 -67.42 -4.5 77.45 -62.5 -4.73 0.365 0x0000FF
85.3 -69.23 -4.34 82.38 -67.42 -4.5 0.365 0x0000FF
87.49 -71.25 -3.89 85.3 -69.23 -4.34 0.365 0x0000FF
89.68 -73.25 -3.51 87.49 -71.25 -3.89 0.365 0x0000FF
92.05 -75.44 -3.14 89.68 -73.25 -3.51 0.365 0x0000FF
101.18 -81.45 -2.29 92.05 -75.44 -3.14 0.365 0x0000FF
105.19 -83.64 -2.15 101.18 -81.45 -2.29 0.365 0x0000FF
111.94 -85.28 -1.85 105.19 -83.64 -2.15 0.365 0x0000FF
120.7 -85.28 -1.17 111.94 -85.28 -1.85 0.365 0x0000FF
123.07 -85.09 -1.24 120.7 -85.28 -1.17 0.365 0x0000FF
123.62 -84.91 -2.52 123.07 -85.09 -1.24 0.365 0x0000FF
126.17 -84.73 -3.36 123.62 -84.91 -2.52 0.365 0x0000FF
131.1 -87.1 -4.42 126.17 -84.73 -3.36 0.275 0x0000FF
134.38 -88.55 -4.73 131.1 -87.1 -4.42 0.275 0x0000FF
139.86 -91.11 -4.95 134.38 -88.55 -4.73 0.275 0x0000FF
143.51 -93.66 -5.26 139.86 -91.11 -4.95 0.275 0x0000FF
153.18 -99.12 -5.94 143.51 -93.66 -5.26 0.275 0x0000FF
158.1 -101.67 -6.17 153.18 -99.12 -5.94 0.275 0x0000FF
162.66 -103.68 -6.47 158.1 -101.67 -6.17 0.275 0x0000FF
165.58 -106.05 -6.54 162.66 -103.68 -6.47 0.275 0x0000FF
169.55 -108.91 -6.92 165.58 -106.05 -6.54 0.275 0x0000FF
170.28 -110.01 -7.23 169.55 -108.91 -6.92 0.275 0x0000FF
170.83 -111.28 -7.38 170.28 -110.01 -7.23 0.275 0x0000FF
171.74 -113.47 -7.68 170.83 -111.28 -7.38 0.275 0x0000FF
173.2 -117.84 -7.91 171.74 -113.47 -7.68 0.275 0x0000FF
173.39 -120.76 -8.14 173.2 -117.84 -7.91 0.275 0x0000FF
173.2 -122.58 -8.44 173.39 -120.76 -8.14 0.275 0x0000FF
172.84 -124.04 -8.51 173.2 -122.58 -8.44 0.275 0x0000FF
172.47 -125.68 -8.97 172.84 -124.04 -8.51 0.275 0x0000FF
171.93 -127.13 -9.88 172.47 -125.68 -8.97 0.275 0x0000FF
171.38 -128.22 -10.64 171.93 -127.13 -9.88 0.275 0x0000FF
171.01 -128.59 -11.92 171.38 -128.22 -10.64 0.275 0x0000FF
56.29 -31.34 -14.27 52.64 -36.45 -14.12 0.82 0x0000FF
57.57 -27.88 -14.5 56.29 -31.34 -14.27 0.82 0x0000FF
59.39 -23.87 -14.65 57.57 -27.88 -14.5 0.73 0x0000FF
60.49 -22.6 -14.95 59.39 -23.87 -14.65 0.73 0x0000FF
62.68 -20.59 -14.95 60.49 -22.6 -14.95 0.73 0x0000FF
64.5 -16.77 -14.35 62.68 -20.59 -14.95 0.275 0x0000FF
66.15 -14.4 -14.35 64.5 -16.77 -14.35 0.275 0x0000FF
67.42 -10.94 -13.82 66.15 -14.4 -14.35 0.275 0x0000FF
68.15 -8.93 -13.44 67.42 -10.94 -13.82 0.275 0x0000FF
69.25 -6.93 -13.14 68.15 -8.93 -13.44 0.275 0x0000FF
70.89 -3.65 -12.91 69.25 -6.93 -13.14 0.275 0x0000FF
73.63 -0.01 -12.68 70.89 -3.65 -12.91 0.275 0x0000FF
76.36 4.0 -12.07 73.63 -0.01 -12.68 0.275 0x0000FF
77.45 8.01 -11.85 76.36 4.0 -12.07 0.275 0x0000FF
67.97 -17.3 -14.95 62.68 -20.59 -14.95 0.455 0x0000FF
71.8 -14.95 -15.18 67.97 -17.3 -14.95 0.275 0x0000FF
74.36 -12.94 -15.26 71.8 -14.95 -15.18 0.275 0x0000FF
75.45 -11.12 -15.26 74.36 -12.94 -15.26 0.275 0x0000FF
76.91 -9.3 -15.18 75.45 -11.12 -15.26 0.275 0x0000FF
79.83 -7.11 -14.5 76.91 -9.3 -15.18 0.275 0x0000FF
83.3 -4.74 -14.35 79.83 -7.11 -14.5 0.275 0x0000FF
84.39 -4.55 -14.8 83.3 -4.74 -14.35 0.275 0x0000FF
86.22 -4.01 -15.71 84.39 -4.55 -14.8 0.275 0x0000FF
87.49 -3.83 -16.92 86.22 -4.01 -15.71 0.275 0x0000FF
88.59 -3.83 -17.82 87.49 -3.83 -16.92 0.275 0x0000FF
89.5 -3.47 -17.98 88.59 -3.83 -17.82 0.275 0x0000FF
91.51 -2.74 -20.03 89.5 -3.47 -17.98 0.275 0x0000FF
92.05 -2.0 -20.79 91.51 -2.74 -20.03 0.275 0x0000FF
92.78 -1.1 -21.16 92.05 -2.0 -20.79 0.275 0x0000FF
93.51 0.18 -22.0 92.78 -1.1 -21.16 0.275 0x0000FF
94.24 1.82 -22.3 93.51 0.18 -22.0 0.275 0x0000FF
94.97 4.91 -22.76 94.24 1.82 -22.3 0.275 0x0000FF
94.97 5.82 -22.83 94.97 4.91 -22.76 0.275 0x0000FF
36.47 -39.11 2.47 32.27 -35.96 -3.21 1.275 0x0000FF
37.75 -39.84 2.17 36.47 -39.11 2.47 1.275 0x0000FF
39.94 -40.94 2.0 37.75 -39.84 2.17 1.275 0x0000FF
41.04 -41.48 1.94 39.94 -40.94 2.0 1.275 0x0000FF
42.32 -42.58 1.41 41.04 -41.48 1.94 1.275 0x0000FF
43.22 -43.05 3.3 42.32 -42.58 1.41 1.095 0x0000FF
43.58 -43.41 3.15 43.22 -43.05 3.3 1.095 0x0000FF
43.95 -43.96 2.54 43.58 -43.41 3.15 1.095 0x0000FF
44.13 -44.5 1.94 43.95 -43.96 2.54 1.095 0x0000FF
44.68 -45.23 0.65 44.13 -44.5 1.94 1.095 0x0000FF
44.86 -45.96 -0.03 44.68 -45.23 0.65 1.095 0x0000FF
45.77 -46.69 -1.17 44.86 -45.96 -0.03 1.095 0x0000FF
48.51 -50.52 -1.55 45.77 -46.69 -1.17 1.005 0x0000FF
47.41 -47.97 -2.29 48.51 -50.52 -1.55 1.095 0x0000FF
47.87 -47.58 -1.02 47.41 -47.97 -2.29 0.455 0x0000FF
48.6 -47.22 -1.77 47.87 -47.58 -1.02 0.455 0x0000FF
50.42 -47.4 -2.23 48.6 -47.22 -1.77 0.455 0x0000FF
51.88 -48.31 -2.68 50.42 -47.4 -2.23 0.455 0x0000FF
53.34 -49.04 -3.06 51.88 -48.31 -2.68 0.455 0x0000FF
55.17 -49.77 -3.36 53.34 -49.04 -3.06 0.455 0x0000FF
56.45 -50.32 -3.59 55.17 -49.77 -3.36 0.455 0x0000FF
58.27 -51.05 -4.2 56.45 -50.32 -3.59 0.455 0x0000FF
59.55 -51.05 -5.11 58.27 -51.05 -4.2 0.455 0x0000FF
61.01 -51.41 -5.18 59.55 -51.05 -5.11 0.365 0x0000FF
61.74 -51.41 -6.01 61.01 -51.41 -5.18 0.365 0x0000FF
63.38 -51.77 -6.62 61.74 -51.41 -6.01 0.275 0x0000FF
64.11 -51.96 -7.61 63.38 -51.77 -6.62 0.18 0x0000FF
65.2 -52.32 -8.36 64.11 -51.96 -7.61 0.18 0x0000FF
65.75 -52.87 -8.59 65.2 -52.32 -8.36 0.18 0x0000FF
67.94 -53.6 -9.03 65.75 -52.87 -8.59 0.18 0x0000FF
48.14 -49.79 -2.52 47.41 -47.97 -2.29 1.005 0x0000FF
48.69 -50.7 -2.23 48.14 -49.79 -2.52 1.005 0x0000FF
49.24 -52.16 -1.7 48.69 -50.7 -2.23 1.005 0x0000FF
49.97 -53.43 -1.17 49.24 -52.16 -1.7 1.005 0x0000FF
50.51 -54.34 -0.79 49.97 -53.43 -1.17 1.005 0x0000FF
50.88 -55.62 -0.11 50.51 -54.34 -0.79 1.005 0x0000FF
51.43 -57.26 0.73 50.88 -55.62 -0.11 1.005 0x0000FF
51.61 -57.99 1.71 51.43 -57.26 0.73 1.005 0x0000FF
52.61 -58.06 2.54 51.61 -57.99 1.71 0.73 0x0000FF
52.98 -58.42 3.3 52.61 -58.06 2.54 0.73 0x0000FF
53.16 -58.61 4.97 52.98 -58.42 3.3 0.73 0x0000FF
53.53 -58.79 6.26 53.16 -58.61 4.97 0.73 0x0000FF
53.89 -58.79 7.24 53.53 -58.79 6.26 0.73 0x0000FF
54.44 -58.79 7.77 53.89 -58.79 7.24 0.73 0x0000FF
55.35 -58.42 8.91 54.44 -58.79 7.77 0.73 0x0000FF
55.9 -58.06 9.36 55.35 -58.42 8.91 0.73 0x0000FF
56.99 -59.06 11.71 55.9 -58.06 9.36 0.275 0x0000FF
58.09 -59.79 11.86 56.99 -59.06 11.71 0.275 0x0000FF
60.82 -61.07 11.86 58.09 -59.79 11.86 0.275 0x0000FF
62.65 -62.16 12.09 60.82 -61.07 11.86 0.275 0x0000FF
63.93 -62.89 12.17 62.65 -62.16 12.09 0.275 0x0000FF
65.2 -63.62 11.48 63.93 -62.89 12.17 0.275 0x0000FF
67.94 -65.26 11.03 65.2 -63.62 11.48 0.275 0x0000FF
69.58 -65.98 11.33 67.94 -65.26 11.03 0.275 0x0000FF
71.59 -67.44 11.48 69.58 -65.98 11.33 0.275 0x0000FF
73.41 -67.98 11.56 71.59 -67.44 11.48 0.275 0x0000FF
76.33 -68.54 11.56 73.41 -67.98 11.56 0.275 0x0000FF
78.52 -68.54 11.26 76.33 -68.54 11.56 0.275 0x0000FF
81.26 -67.98 10.8 78.52 -68.54 11.26 0.275 0x0000FF
86.0 -65.8 10.42 81.26 -67.98 10.8 0.275 0x0000FF
88.92 -64.53 10.8 86.0 -65.8 10.42 0.275 0x0000FF
91.84 -63.98 11.41 88.92 -64.53 10.8 0.275 0x0000FF
102.61 -59.79 12.85 91.84 -63.98 11.41 0.275 0x0000FF
58.63 -57.51 9.51 55.9 -58.06 9.36 0.545 0x0000FF
59.55 -57.51 9.82 58.63 -57.51 9.51 0.545 0x0000FF
60.64 -57.51 10.03 59.55 -57.51 9.82 0.545 0x0000FF
62.1 -57.7 10.19 60.64 -57.51 10.03 0.545 0x0000FF
63.56 -58.42 10.8 62.1 -57.7 10.19 0.545 0x0000FF
64.84 -59.15 11.48 63.56 -58.42 10.8 0.545 0x0000FF
66.3 -59.88 12.01 64.84 -59.15 11.48 0.545 0x0000FF
67.58 -60.43 12.47 66.3 -59.88 12.01 0.545 0x0000FF
69.4 -61.16 13.0 67.58 -60.43 12.47 0.545 0x0000FF
71.04 -61.7 13.3 69.4 -61.16 13.0 0.545 0x0000FF
73.23 -61.89 14.21 71.04 -61.7 13.3 0.545 0x0000FF
75.06 -62.07 14.67 73.23 -61.89 14.21 0.545 0x0000FF
77.97 -62.25 15.65 75.06 -62.07 14.67 0.545 0x0000FF
79.62 -61.89 15.95 77.97 -62.25 15.65 0.455 0x0000FF
81.99 -61.34 16.63 79.62 -61.89 15.95 0.455 0x0000FF
84.73 -61.7 16.94 81.99 -61.34 16.63 0.455 0x0000FF
87.46 -62.25 17.47 84.73 -61.7 16.94 0.455 0x0000FF
90.02 -63.34 17.85 87.46 -62.25 17.47 0.455 0x0000FF
92.57 -64.62 18.76 90.02 -63.34 17.85 0.365 0x0000FF
93.67 -65.34 18.98 92.57 -64.62 18.76 0.365 0x0000FF
94.76 -66.08 19.44 93.67 -65.34 18.98 0.18 0x0000FF
95.31 -66.62 19.89 94.76 -66.08 19.44 0.18 0x0000FF
98.04 -66.08 23.0 95.31 -66.62 19.89 0.18 0x0000FF
98.41 -65.89 23.15 98.04 -66.08 23.0 0.18 0x0000FF
99.69 -66.26 23.6 98.41 -65.89 23.15 0.18 0x0000FF
101.51 -66.44 24.44 99.69 -66.26 23.6 0.18 0x0000FF
103.34 -66.62 25.27 101.51 -66.44 24.44 0.18 0x0000FF
106.98 -67.17 27.01 103.34 -66.62 25.27 0.18 0x0000FF
108.08 -67.53 27.69 106.98 -67.17 27.01 0.18 0x0000FF
109.36 -68.26 28.22 108.08 -67.53 27.69 0.18 0x0000FF
111.0 -68.81 28.53 109.36 -68.26 28.22 0.18 0x0000FF
112.28 -69.17 29.06 111.0 -68.81 28.53 0.18 0x0000FF
113.92 -68.81 29.66 112.28 -69.17 29.06 0.18 0x0000FF
116.47 -69.17 31.25 113.92 -68.81 29.66 0.18 0x0000FF
118.11 -69.17 31.94 116.47 -69.17 31.25 0.18 0x0000FF
126.87 -70.08 32.39 118.11 -69.17 31.94 0.18 0x0000FF
131.8 -71.36 32.85 126.87 -70.08 32.39 0.18 0x0000FF
136.0 -72.27 33.38 131.8 -71.36 32.85 0.18 0x0000FF
140.01 -73.18 34.21 136.0 -72.27 33.38 0.18 0x0000FF
144.57 -74.45 34.89 140.01 -73.18 34.21 0.18 0x0000FF
147.66 -74.64 36.1 144.57 -74.45 34.89 0.18 0x0000FF
151.5 -74.45 35.95 147.66 -74.64 36.1 0.18 0x0000FF
156.25 -74.45 36.47 151.5 -74.45 35.95 0.18 0x0000FF
160.81 -73.0 36.94 156.25 -74.45 36.47 0.18 0x0000FF
163.36 -71.91 37.61 160.81 -73.0 36.94 0.18 0x0000FF
164.82 -70.63 37.77 163.36 -71.91 37.61 0.18 0x0000FF
165.37 -70.45 38.68 164.82 -70.63 37.77 0.18 0x0000FF
170.3 -70.36 40.34 165.37 -70.45 38.68 0.18 0x0000FF
172.85 -69.27 40.27 170.3 -70.36 40.34 0.18 0x0000FF
173.95 -69.08 39.65 172.85 -69.27 40.27 0.18 0x0000FF
175.22 -67.98 38.97 173.95 -69.08 39.65 0.18 0x0000FF
176.68 -66.7 38.22 175.22 -67.98 38.97 0.18 0x0000FF
178.87 -64.7 37.15 176.68 -66.7 38.22 0.18 0x0000FF
51.79 -59.99 1.86 51.61 -57.99 1.71 0.64 0x0000FF
51.06 -62.0 2.24 51.79 -59.99 1.86 0.545 0x0000FF
50.51 -63.09 2.54 51.06 -62.0 2.24 0.545 0x0000FF
50.15 -64.55 2.54 50.51 -63.09 2.54 0.545 0x0000FF
48.87 -68.01 3.15 50.15 -64.55 2.54 0.545 0x0000FF
48.14 -69.47 3.38 48.87 -68.01 3.15 0.545 0x0000FF
47.41 -71.47 2.77 48.14 -69.47 3.38 0.545 0x0000FF
46.87 -75.3 1.18 47.41 -71.47 2.77 0.545 0x0000FF
46.32 -76.75 1.94 46.87 -75.3 1.18 0.545 0x0000FF
46.32 -77.66 2.77 46.32 -76.75 1.94 0.545 0x0000FF
46.32 -78.94 3.3 46.32 -77.66 2.77 0.545 0x0000FF
45.86 -80.11 3.76 46.32 -78.94 3.3 0.365 0x0000FF
45.32 -82.66 3.08 45.86 -80.11 3.76 0.365 0x0000FF
44.95 -84.84 3.0 45.32 -82.66 3.08 0.365 0x0000FF
44.22 -86.67 3.53 44.95 -84.84 3.0 0.365 0x0000FF
44.04 -87.94 3.98 44.22 -86.67 3.53 0.365 0x0000FF
43.67 -91.4 4.59 44.04 -87.94 3.98 0.275 0x0000FF
43.67 -92.13 4.67 43.67 -91.4 4.59 0.275 0x0000FF
43.31 -94.5 5.2 43.67 -92.13 4.67 0.275 0x0000FF
42.03 -97.05 5.8 43.31 -94.5 5.2 0.275 0x0000FF
41.48 -98.69 5.88 42.03 -97.05 5.8 0.275 0x0000FF
40.39 -101.06 6.03 41.48 -98.69 5.88 0.275 0x0000FF
40.02 -103.79 6.11 40.39 -101.06 6.03 0.275 0x0000FF
44.13 -81.67 3.61 46.32 -78.94 3.3 0.455 0x0000FF
43.03 -82.77 3.61 44.13 -81.67 3.61 0.455 0x0000FF
41.39 -84.95 3.83 43.03 -82.77 3.61 0.455 0x0000FF
38.11 -87.5 3.91 41.39 -84.95 3.83 0.455 0x0000FF
36.47 -88.41 3.98 38.11 -87.5 3.91 0.455 0x0000FF
33.46 -89.22 4.67 36.47 -88.41 3.98 0.365 0x0000FF
33.09 -89.58 5.65 33.46 -89.22 4.67 0.365 0x0000FF
31.08 -90.49 6.03 33.09 -89.58 5.65 0.365 0x0000FF
28.9 -91.4 6.94 31.08 -90.49 6.03 0.365 0x0000FF
28.35 -91.95 7.7 28.9 -91.4 6.94 0.365 0x0000FF
27.25 -92.86 8.3 28.35 -91.95 7.7 0.365 0x0000FF
25.79 -93.41 8.68 27.25 -92.86 8.3 0.365 0x0000FF
23.79 -94.14 9.44 25.79 -93.41 8.68 0.365 0x0000FF
20.87 -94.86 11.33 23.79 -94.14 9.44 0.275 0x0000FF
19.77 -95.23 12.32 20.87 -94.86 11.33 0.275 0x0000FF
18.68 -95.59 12.54 19.77 -95.23 12.32 0.275 0x0000FF
16.67 -95.59 13.0 18.68 -95.59 12.54 0.275 0x0000FF
14.66 -95.59 15.04 16.67 -95.59 13.0 0.275 0x0000FF
13.02 -95.59 16.18 14.66 -95.59 15.04 0.275 0x0000FF
11.56 -95.59 17.62 13.02 -95.59 16.18 0.275 0x0000FF
10.28 -96.14 18.3 11.56 -95.59 17.62 0.275 0x0000FF
8.64 -96.5 19.59 10.28 -96.14 18.3 0.275 0x0000FF
7.18 -97.23 21.18 8.64 -96.5 19.59 0.275 0x0000FF
6.27 -97.6 22.62 7.18 -97.23 21.18 0.275 0x0000FF
4.8 -97.96 23.0 6.27 -97.6 22.62 0.275 0x0000FF
4.08 -98.51 24.44 4.8 -97.96 23.0 0.275 0x0000FF
3.17 -98.87 27.16 4.08 -98.51 24.44 0.275 0x0000FF
2.44 -99.42 28.0 3.17 -98.87 27.16 0.275 0x0000FF
1.34 -100.88 28.68 2.44 -99.42 28.0 0.275 0x0000FF
0.07 -101.97 30.19 1.34 -100.88 28.68 0.275 0x0000FF
-2.49 -102.52 30.95 0.07 -101.97 30.19 0.275 0x0000FF
-6.32 -104.7 31.71 -2.49 -102.52 30.95 0.275 0x0000FF
-7.05 -105.07 32.54 -6.32 -104.7 31.71 0.275 0x0000FF
-7.78 -105.43 33.68 -7.05 -105.07 32.54 0.275 0x0000FF
-8.86 -105.98 34.36 -7.78 -105.43 33.68 0.275 0x0000FF
-9.77 -106.71 35.88 -8.86 -105.98 34.36 0.275 0x0000FF
-10.7 -107.44 37.09 -9.77 -106.71 35.88 0.275 0x0000FF
-11.79 -108.16 38.45 -10.7 -107.44 37.09 0.275 0x0000FF
-12.16 -108.53 39.59 -11.79 -108.16 38.45 0.275 0x0000FF
-12.7 -109.08 39.89 -12.16 -108.53 39.59 0.275 0x0000FF
-14.16 -109.8 41.1 -12.7 -109.08 39.89 0.275 0x0000FF
-15.81 -110.72 41.63 -14.16 -109.8 41.1 0.275 0x0000FF
-18.36 -111.81 42.39 -15.81 -110.72 41.63 0.275 0x0000FF
-20.55 -112.54 42.39 -18.36 -111.81 42.39 0.275 0x0000FF
-22.37 -113.81 43.07 -20.55 -112.54 42.39 0.275 0x0000FF
44.69 -42.58 1.48 42.32 -42.58 1.41 0.82 0x0000FF
45.42 -42.58 2.09 44.69 -42.58 1.48 0.82 0x0000FF
45.96 -42.4 2.54 45.42 -42.58 2.09 0.82 0x0000FF
47.24 -42.03 3.53 45.96 -42.4 2.54 0.82 0x0000FF
47.97 -42.03 4.05 47.24 -42.03 3.53 0.82 0x0000FF
49.61 -42.03 4.82 47.97 -42.03 4.05 0.82 0x0000FF
50.53 -42.03 5.58 49.61 -42.03 4.82 0.64 0x0000FF
51.07 -41.67 6.03 50.53 -42.03 5.58 0.64 0x0000FF
51.99 -42.21 7.54 51.07 -41.67 6.03 0.82 0x0000FF
52.72 -42.03 7.24 51.99 -42.21 7.54 0.82 0x0000FF
54.18 -42.21 6.79 52.72 -42.03 7.24 0.82 0x0000FF
56.55 -42.58 5.5 54.18 -42.21 6.79 0.82 0x0000FF
59.83 -41.67 6.79 56.55 -42.58 5.5 0.455 0x0000FF
62.39 -41.48 6.86 59.83 -41.67 6.79 0.455 0x0000FF
64.58 -41.67 7.17 62.39 -41.48 6.86 0.455 0x0000FF
67.13 -41.85 7.32 64.58 -41.67 7.17 0.455 0x0000FF
71.51 -42.21 7.92 67.13 -41.85 7.32 0.455 0x0000FF
72.59 -42.58 8.38 71.51 -42.21 7.92 0.455 0x0000FF
74.25 -42.94 8.52 72.59 -42.58 8.38 0.455 0x0000FF
76.06 -43.67 8.68 74.25 -42.94 8.52 0.455 0x0000FF
80.45 -43.12 8.98 76.06 -43.67 8.68 0.365 0x0000FF
81.73 -43.12 9.14 80.45 -43.12 8.98 0.365 0x0000FF
83.37 -43.12 9.36 81.73 -43.12 9.14 0.365 0x0000FF
85.92 -43.85 9.97 83.37 -43.12 9.36 0.18 0x0000FF
87.2 -44.58 10.03 85.92 -43.85 9.97 0.18 0x0000FF
88.29 -45.31 10.42 87.2 -44.58 10.03 0.18 0x0000FF
89.02 -45.68 10.73 88.29 -45.31 10.42 0.18 0x0000FF
89.57 -45.86 11.18 89.02 -45.68 10.73 0.18 0x0000FF
91.03 -45.86 11.71 89.57 -45.86 11.18 0.18 0x0000FF
93.04 -45.31 12.24 91.03 -45.86 11.71 0.18 0x0000FF
95.04 -45.31 12.77 93.04 -45.31 12.24 0.18 0x0000FF
98.51 -46.59 13.0 95.04 -45.31 12.77 0.18 0x0000FF
100.88 -47.5 13.07 98.51 -46.59 13.0 0.18 0x0000FF
103.07 -48.23 13.3 100.88 -47.5 13.07 0.18 0x0000FF
105.63 -48.95 13.68 103.07 -48.23 13.3 0.18 0x0000FF
107.82 -49.32 14.13 105.63 -48.95 13.68 0.18 0x0000FF
110.74 -49.87 14.36 107.82 -49.32 14.13 0.18 0x0000FF
111.47 -49.87 14.59 110.74 -49.87 14.36 0.18 0x0000FF
114.93 -50.41 15.73 111.47 -49.87 14.59 0.18 0x0000FF
118.03 -50.59 16.03 114.93 -50.41 15.73 0.18 0x0000FF
119.13 -50.96 16.55 118.03 -50.59 16.03 0.18 0x0000FF
120.41 -51.14 17.09 119.13 -50.96 16.55 0.18 0x0000FF
121.68 -51.32 17.7 120.41 -51.14 17.09 0.18 0x0000FF
123.87 -52.05 18.38 121.68 -51.32 17.7 0.18 0x0000FF
127.16 -52.96 18.98 123.87 -52.05 18.38 0.18 0x0000FF
130.99 -53.87 19.66 127.16 -52.96 18.98 0.18 0x0000FF
135.72 -54.06 20.27 130.99 -53.87 19.66 0.18 0x0000FF
143.58 -54.79 20.73 135.72 -54.06 20.27 0.18 0x0000FF
151.24 -55.33 21.33 143.58 -54.79 20.73 0.18 0x0000FF
158.72 -57.15 21.79 151.24 -55.33 21.33 0.18 0x0000FF
161.82 -58.43 22.32 158.72 -57.15 21.79 0.18 0x0000FF
163.1 -58.79 22.47 161.82 -58.43 22.32 0.18 0x0000FF
174.4 -59.99 22.69 163.1 -58.79 22.47 0.18 0x0000FF
177.14 -60.72 22.77 174.4 -59.99 22.69 0.18 0x0000FF
179.87 -62.18 22.92 177.14 -60.72 22.77 0.18 0x0000FF
58.37 -43.31 5.12 56.55 -42.58 5.5 0.73 0x0000FF
59.47 -43.49 5.27 58.37 -43.31 5.12 0.73 0x0000FF
60.93 -43.85 6.11 59.47 -43.49 5.27 0.64 0x0000FF
61.66 -44.04 7.09 60.93 -43.85 6.11 0.64 0x0000FF
63.3 -44.22 7.77 61.66 -44.04 7.09 0.455 0x0000FF
64.39 -44.76 8.15 63.3 -44.22 7.77 0.455 0x0000FF
66.03 -45.13 8.61 64.39 -44.76 8.15 0.455 0x0000FF
68.77 -46.04 9.21 66.03 -45.13 8.61 0.455 0x0000FF
70.78 -46.59 9.59 68.77 -46.04 9.21 0.455 0x0000FF
72.23 -47.13 10.5 70.78 -46.59 9.59 0.365 0x0000FF
74.61 -48.23 10.95 72.23 -47.13 10.5 0.365 0x0000FF
75.89 -48.95 11.41 74.61 -48.23 10.95 0.365 0x0000FF
78.44 -50.41 12.32 75.89 -48.95 11.41 0.365 0x0000FF
79.54 -51.51 12.39 78.44 -50.41 12.32 0.365 0x0000FF
82.46 -53.69 13.68 79.54 -51.51 12.39 0.365 0x0000FF
85.19 -54.6 13.91 82.46 -53.69 13.68 0.365 0x0000FF
86.47 -54.79 14.21 85.19 -54.6 13.91 0.365 0x0000FF
88.11 -53.87 14.36 86.47 -54.79 14.21 0.365 0x0000FF
90.12 -52.23 14.51 88.11 -53.87 14.36 0.365 0x0000FF
92.13 -50.05 14.97 90.12 -52.23 14.51 0.365 0x0000FF
93.4 -47.86 15.73 92.13 -50.05 14.97 0.365 0x0000FF
94.5 -46.04 15.73 93.4 -47.86 15.73 0.365 0x0000FF
98.33 -41.48 16.79 94.5 -46.04 15.73 0.275 0x0000FF
100.15 -39.11 17.39 98.33 -41.48 16.79 0.275 0x0000FF
102.34 -37.11 17.7 100.15 -39.11 17.39 0.275 0x0000FF
104.35 -35.65 18.07 102.34 -37.11 17.7 0.275 0x0000FF
51.99 -39.29 6.71 51.07 -41.67 6.03 0.455 0x0000FF
52.17 -38.75 6.94 51.99 -39.29 6.71 0.455 0x0000FF
51.62 -36.2 7.09 52.17 -38.75 6.94 0.365 0x0000FF
50.71 -35.11 7.32 51.62 -36.2 7.09 0.365 0x0000FF
49.8 -33.83 7.47 50.71 -35.11 7.32 0.365 0x0000FF
49.07 -32.74 7.77 49.8 -33.83 7.47 0.365 0x0000FF
48.7 -31.65 8.0 49.07 -32.74 7.77 0.365 0x0000FF
48.7 -30.55 8.3 48.7 -31.65 8.0 0.365 0x0000FF
48.88 -29.28 8.52 48.7 -30.55 8.3 0.365 0x0000FF
49.43 -28.18 8.83 48.88 -29.28 8.52 0.365 0x0000FF
49.98 -27.09 9.06 49.43 -28.18 8.83 0.365 0x0000FF
50.34 -25.63 9.21 49.98 -27.09 9.06 0.365 0x0000FF
50.89 -24.72 9.44 50.34 -25.63 9.21 0.365 0x0000FF
51.26 -23.26 10.11 50.89 -24.72 9.44 0.365 0x0000FF
51.62 -22.35 11.41 51.26 -23.26 10.11 0.365 0x0000FF
52.17 -21.08 12.39 51.62 -22.35 11.41 0.365 0x0000FF
52.35 -17.62 13.53 52.17 -21.08 12.39 0.275 0x0000FF
52.53 -16.89 14.06 52.35 -17.62 13.53 0.275 0x0000FF
52.9 -16.16 14.13 52.53 -16.89 14.06 0.275 0x0000FF
53.45 -15.25 14.51 52.9 -16.16 14.13 0.275 0x0000FF
54.36 -13.97 14.82 53.45 -15.25 14.51 0.275 0x0000FF
56.0 -11.97 15.35 54.36 -13.97 14.82 0.275 0x0000FF
58.37 -10.33 15.88 56.0 -11.97 15.35 0.275 0x0000FF
60.56 -9.05 16.41 58.37 -10.33 15.88 0.275 0x0000FF
62.75 -7.05 16.94 60.56 -9.05 16.41 0.275 0x0000FF
64.03 -5.77 17.77 62.75 -7.05 16.94 0.275 0x0000FF
64.76 -5.04 18.45 64.03 -5.77 17.77 0.275 0x0000FF
65.3 -4.32 19.21 64.76 -5.04 18.45 0.275 0x0000FF
66.22 -3.4 19.66 65.3 -4.32 19.21 0.275 0x0000FF
67.68 -2.13 20.19 66.22 -3.4 19.66 0.275 0x0000FF
71.14 2.24 20.95 67.68 -2.13 20.19 0.275 0x0000FF
72.59 3.88 21.63 71.14 2.24 20.95 0.275 0x0000FF
73.33 4.61 22.16 72.59 3.88 21.63 0.275 0x0000FF
74.06 5.71 23.22 73.33 4.61 22.16 0.275 0x0000FF
75.16 8.07 23.83 74.06 5.71 23.22 0.275 0x0000FF
75.34 8.98 24.44 75.16 8.07 23.83 0.275 0x0000FF
75.52 9.9 25.27 75.34 8.98 24.44 0.275 0x0000FF
75.89 12.81 26.25 75.52 9.9 25.27 0.275 0x0000FF
76.06 15.36 26.86 75.89 12.81 26.25 0.275 0x0000FF
76.06 17.55 27.77 76.06 15.36 26.86 0.275 0x0000FF
76.43 20.1 28.07 76.06 17.55 27.77 0.275 0x0000FF
76.8 24.11 28.83 76.43 20.1 28.07 0.275 0x0000FF
77.53 27.02 29.51 76.8 24.11 28.83 0.275 0x0000FF
78.08 27.75 30.88 77.53 27.02 29.51 0.275 0x0000FF
33.5 -24.79 -2.23 32.27 -35.96 -3.21 2.1 0x0000FF
35.69 -18.78 -2.68 33.5 -24.79 -2.23 1.825 0x0000FF
37.15 -15.86 -3.14 35.69 -18.78 -2.68 1.825 0x0000FF
38.06 -12.95 -3.29 37.15 -15.86 -3.14 1.825 0x0000FF
39.89 -9.85 -3.36 38.06 -12.95 -3.29 1.825 0x0000FF
41.16 -6.93 -2.45 39.89 -9.85 -3.36 1.37 0x0000FF
42.99 -1.1 -2.23 41.16 -6.93 -2.45 1.37 0x0000FF
44.81 5.09 -1.55 42.99 -1.1 -2.23 1.37 0x0000FF
46.09 8.55 -1.32 44.81 5.09 -1.55 1.37 0x0000FF
46.27 11.47 -0.86 46.09 8.55 -1.32 1.37 0x0000FF
46.64 13.47 -0.41 46.27 11.47 -0.86 1.37 0x0000FF
46.82 16.39 -0.03 46.64 13.47 -0.41 1.37 0x0000FF
46.64 23.13 0.2 46.82 16.39 -0.03 1.275 0x0000FF
47.37 26.41 0.42 46.64 23.13 0.2 1.275 0x0000FF
48.46 31.33 0.65 47.37 26.41 0.42 1.095 0x0000FF
49.92 35.52 0.95 48.46 31.33 0.65 1.095 0x0000FF
54.48 44.81 1.33 49.92 35.52 0.95 1.005 0x0000FF
55.39 48.09 1.64 54.48 44.81 1.33 1.005 0x0000FF
55.76 49.0 1.94 55.39 48.09 1.64 1.005 0x0000FF
55.94 50.09 2.17 55.76 49.0 1.94 1.005 0x0000FF
57.13 55.03 2.47 55.94 50.09 2.17 1.005 0x0000FF
58.41 57.39 2.92 57.13 55.03 2.47 1.005 0x0000FF
59.5 61.58 3.3 58.41 57.39 2.92 0.91 0x0000FF
60.41 64.86 3.68 59.5 61.58 3.3 0.91 0x0000FF
60.78 66.31 4.36 60.41 64.86 3.68 0.91 0x0000FF
61.33 69.78 4.82 60.78 66.31 4.36 0.91 0x0000FF
60.41 73.43 5.35 61.33 69.78 4.82 0.91 0x0000FF
59.68 75.25 5.65 60.41 73.43 5.35 0.91 0x0000FF
58.77 79.98 6.03 59.68 75.25 5.65 0.91 0x0000FF
59.14 83.63 6.71 58.77 79.98 6.03 0.91 0x0000FF
59.68 86.55 7.17 59.14 83.63 6.71 0.91 0x0000FF
59.87 90.55 7.39 59.68 86.55 7.17 0.91 0x0000FF
60.78 94.74 7.92 59.87 90.55 7.39 0.91 0x0000FF
62.42 100.76 8.44 60.78 94.74 7.92 0.91 0x0000FF
64.06 103.85 8.91 62.42 100.76 8.44 0.91 0x0000FF
64.98 105.86 9.14 64.06 103.85 8.91 0.91 0x0000FF
66.8 111.14 9.51 64.98 105.86 9.14 0.91 0x0000FF
68.98 124.26 10.27 66.8 111.14 9.51 0.91 0x0000FF
69.54 130.09 11.64 68.98 124.26 10.27 0.91 0x0000FF
69.72 133.91 11.86 69.54 130.09 11.64 0.91 0x0000FF
70.27 136.47 12.54 69.72 133.91 11.86 0.91 0x0000FF
70.64 139.02 13.15 70.27 136.47 12.54 0.91 0x0000FF
71.73 142.66 13.53 70.64 139.02 13.15 0.91 0x0000FF
73.55 149.77 13.98 71.73 142.66 13.53 0.91 0x0000FF
76.11 156.88 14.44 73.55 149.77 13.98 0.91 0x0000FF
76.66 160.88 14.67 76.11 156.88 14.44 0.91 0x0000FF
76.84 163.8 14.82 76.66 160.88 14.67 0.91 0x0000FF
76.11 169.63 15.27 76.84 163.8 14.82 0.91 0x0000FF
76.47 178.37 15.73 76.11 169.63 15.27 0.91 0x0000FF
77.02 182.2 16.1 76.47 178.37 15.73 0.91 0x0000FF
79.2 189.12 16.41 77.02 182.2 16.1 0.91 0x0000FF
80.67 198.05 16.94 79.2 189.12 16.41 0.91 0x0000FF
82.49 213.36 17.16 80.67 198.05 16.94 0.91 0x0000FF
82.96 218.19 18.45 82.49 213.36 17.16 0.91 0x0000FF
83.33 223.48 18.98 82.96 218.19 18.45 0.91 0x0000FF
83.33 225.3 19.59 83.33 223.48 18.98 0.91 0x0000FF
84.42 228.03 19.89 83.33 225.3 19.59 0.91 0x0000FF
85.15 232.22 20.42 84.42 228.03 19.89 0.91 0x0000FF
85.7 236.6 20.8 85.15 232.22 20.42 0.91 0x0000FF
85.88 248.08 21.18 85.7 236.6 20.8 0.82 0x0000FF
84.79 256.27 21.48 85.88 248.08 21.18 0.82 0x0000FF
83.15 267.2 21.71 84.79 256.27 21.48 0.73 0x0000FF
81.31 277.58 21.86 83.15 267.2 21.71 0.73 0x0000FF
81.69 286.33 22.69 81.31 277.58 21.86 0.73 0x0000FF
81.69 289.98 23.0 81.69 286.33 22.69 0.73 0x0000FF
80.95 293.81 23.68 81.69 289.98 23.0 0.73 0x0000FF
80.41 297.82 24.06 80.95 293.81 23.68 0.73 0x0000FF
79.86 303.83 24.59 80.41 297.82 24.06 0.73 0x0000FF
79.86 306.2 25.12 79.86 303.83 24.59 0.73 0x0000FF
79.5 309.83 25.57 79.86 306.2 25.12 0.73 0x0000FF
78.95 313.48 25.65 79.5 309.83 25.57 0.73 0x0000FF
79.31 316.64 27.16 78.95 313.48 25.65 0.73 0x0000FF
79.5 318.64 27.54 79.31 316.64 27.16 0.73 0x0000FF
80.05 320.45 28.07 79.5 318.64 27.54 0.73 0x0000FF
80.95 323.74 28.38 80.05 320.45 28.07 0.73 0x0000FF
81.69 327.02 28.91 80.95 323.74 28.38 0.73 0x0000FF
82.79 334.31 29.28 81.69 327.02 28.91 0.73 0x0000FF
82.61 339.05 29.51 82.79 334.31 29.28 0.73 0x0000FF
81.33 343.6 29.74 82.61 339.05 29.51 0.73 0x0000FF
80.59 347.06 29.82 81.33 343.6 29.74 0.73 0x0000FF
79.5 354.53 30.27 80.59 347.06 29.82 0.73 0x0000FF
80.23 360.73 30.5 79.5 354.53 30.27 0.73 0x0000FF
81.33 364.19 30.95 80.23 360.73 30.5 0.73 0x0000FF
80.69 364.57 29.06 81.33 364.19 30.95 0.64 0x0000FF
80.51 364.94 29.28 80.69 364.57 29.06 0.64 0x0000FF
79.59 365.12 29.82 80.51 364.94 29.28 0.64 0x0000FF
78.87 365.48 31.18 79.59 365.12 29.82 0.64 0x0000FF
77.95 366.03 31.63 78.87 365.48 31.18 0.64 0x0000FF
77.04 366.76 32.09 77.95 366.03 31.63 0.64 0x0000FF
76.13 367.49 32.69 77.04 366.76 32.09 0.64 0x0000FF
75.04 368.95 33.38 76.13 367.49 32.69 0.64 0x0000FF
73.76 371.13 34.13 75.04 368.95 33.38 0.64 0x0000FF
72.12 374.23 34.59 73.76 371.13 34.13 0.64 0x0000FF
71.02 377.51 34.97 72.12 374.23 34.59 0.64 0x0000FF
69.73 380.42 35.19 71.02 377.51 34.97 0.64 0x0000FF
68.09 385.34 35.88 69.73 380.42 35.19 0.545 0x0000FF
65.73 388.99 36.03 68.09 385.34 35.88 0.545 0x0000FF
63.36 391.9 36.86 65.73 388.99 36.03 0.455 0x0000FF
61.53 393.54 36.86 63.36 391.9 36.86 0.455 0x0000FF
60.8 394.64 36.1 61.53 393.54 36.86 0.455 0x0000FF
59.89 396.09 35.65 60.8 394.64 36.1 0.455 0x0000FF
58.62 398.1 34.81 59.89 396.09 35.65 0.455 0x0000FF
57.34 399.55 34.06 58.62 398.1 34.81 0.455 0x0000FF
55.88 401.56 33.83 57.34 399.55 34.06 0.455 0x0000FF
52.59 406.3 33.15 55.88 401.56 33.83 0.365 0x0000FF
49.67 409.03 32.92 52.59 406.3 33.15 0.365 0x0000FF
46.76 413.22 32.39 49.67 409.03 32.92 0.365 0x0000FF
39.64 420.14 31.56 46.76 413.22 32.39 0.365 0x0000FF
37.27 423.97 31.33 39.64 420.14 31.56 0.365 0x0000FF
34.71 427.61 31.1 37.27 423.97 31.33 0.365 0x0000FF
32.71 430.53 30.8 34.71 427.61 31.1 0.365 0x0000FF
29.61 433.63 30.57 32.71 430.53 30.8 0.365 0x0000FF
28.69 435.08 31.03 29.61 433.63 30.57 0.365 0x0000FF
27.6 437.82 31.48 28.69 435.08 31.03 0.365 0x0000FF
25.96 440.73 31.63 27.6 437.82 31.48 0.365 0x0000FF
82.79 371.84 31.1 81.33 364.19 30.95 0.64 0x0000FF
84.07 373.48 31.18 82.79 371.84 31.1 0.64 0x0000FF
85.71 375.49 31.56 84.07 373.48 31.18 0.64 0x0000FF
87.35 377.49 31.71 85.71 375.49 31.56 0.64 0x0000FF
88.26 378.77 30.88 87.35 377.49 31.71 0.64 0x0000FF
89.36 381.5 30.27 88.26 378.77 30.88 0.64 0x0000FF
91.0 385.14 29.28 89.36 381.5 30.27 0.64 0x0000FF
93.19 388.42 28.38 91.0 385.14 29.28 0.64 0x0000FF
95.19 391.34 27.39 93.19 388.42 28.38 0.64 0x0000FF
96.65 393.89 27.16 95.19 391.34 27.39 0.64 0x0000FF
98.11 396.99 25.88 96.65 393.89 27.16 0.64 0x0000FF
99.57 400.27 25.27 98.11 396.99 25.88 0.64 0x0000FF
101.58 404.27 24.51 99.57 400.27 25.27 0.64 0x0000FF
104.13 408.65 24.06 101.58 404.27 24.51 0.64 0x0000FF
105.78 413.02 23.6 104.13 408.65 24.06 0.64 0x0000FF
106.97 414.13 24.29 105.78 413.02 23.6 0.365 0x0000FF
107.33 414.86 23.83 106.97 414.13 24.29 0.365 0x0000FF
107.69 415.59 23.3 107.33 414.86 23.83 0.365 0x0000FF
108.06 416.32 22.85 107.69 415.59 23.3 0.365 0x0000FF
108.42 417.05 22.16 108.06 416.32 22.85 0.365 0x0000FF
108.79 418.32 21.56 108.42 417.05 22.16 0.365 0x0000FF
109.34 419.6 20.57 108.79 418.32 21.56 0.365 0x0000FF
109.7 421.24 20.27 109.34 419.6 20.57 0.365 0x0000FF
110.25 423.24 19.21 109.7 421.24 20.27 0.365 0x0000FF
111.16 425.43 18.91 110.25 423.24 19.21 0.365 0x0000FF
112.44 426.52 18.45 111.16 425.43 18.91 0.365 0x0000FF
113.53 427.43 18.07 112.44 426.52 18.45 0.365 0x0000FF
114.45 427.8 17.54 113.53 427.43 18.07 0.365 0x0000FF
115.72 428.16 16.79 114.45 427.8 17.54 0.365 0x0000FF
116.45 428.16 16.18 115.72 428.16 16.79 0.365 0x0000FF
117.73 428.52 14.89 116.45 428.16 16.18 0.365 0x0000FF
118.64 429.07 14.06 117.73 428.52 14.89 0.365 0x0000FF
119.92 430.16 13.3 118.64 429.07 14.06 0.365 0x0000FF
121.2 432.17 12.39 119.92 430.16 13.3 0.365 0x0000FF
123.93 435.45 11.56 121.2 432.17 12.39 0.365 0x0000FF
125.76 439.64 11.03 123.93 435.45 11.56 0.365 0x0000FF
126.67 441.64 9.74 125.76 439.64 11.03 0.365 0x0000FF
127.4 443.65 9.21 126.67 441.64 9.74 0.365 0x0000FF
129.22 446.38 8.61 127.4 443.65 9.21 0.365 0x0000FF
130.32 448.57 8.38 129.22 446.38 8.61 0.365 0x0000FF
130.87 449.48 8.0 130.32 448.57 8.38 0.365 0x0000FF
131.22 450.57 7.39 130.87 449.48 8.0 0.365 0x0000FF
131.96 452.39 6.48 131.22 450.57 7.39 0.365 0x0000FF
132.33 453.49 5.8 131.96 452.39 6.48 0.365 0x0000FF
132.87 454.21 5.27 132.33 453.49 5.8 0.365 0x0000FF
133.6 455.67 4.13 132.87 454.21 5.27 0.365 0x0000FF
133.97 456.4 3.61 133.6 455.67 4.13 0.365 0x0000FF
134.52 457.13 2.85 133.97 456.4 3.61 0.365 0x0000FF
135.06 457.68 1.94 134.52 457.13 2.85 0.365 0x0000FF
136.16 459.13 0.95 135.06 457.68 1.94 0.365 0x0000FF
136.52 460.41 0.27 136.16 459.13 0.95 0.365 0x0000FF
136.69 461.14 -0.26 136.52 460.41 0.27 0.365 0x0000FF
136.69 462.23 -0.94 136.69 461.14 -0.26 0.365 0x0000FF
137.43 463.51 -1.55 136.69 462.23 -0.94 0.365 0x0000FF
137.62 464.24 -2.0 137.43 463.51 -1.55 0.365 0x0000FF
106.05 415.41 22.62 105.78 413.02 23.6 0.64 0x0000FF
106.05 416.5 21.94 106.05 415.41 22.62 0.64 0x0000FF
106.24 418.14 21.94 106.05 416.5 21.94 0.545 0x0000FF
106.24 418.87 22.69 106.24 418.14 21.94 0.545 0x0000FF
106.24 419.78 23.3 106.24 418.87 22.69 0.545 0x0000FF
106.05 420.69 23.91 106.24 419.78 23.3 0.545 0x0000FF
105.69 421.78 24.66 106.05 420.69 23.91 0.545 0x0000FF
105.69 422.51 25.19 105.69 421.78 24.66 0.545 0x0000FF
106.05 423.61 26.18 105.69 422.51 25.19 0.455 0x0000FF
106.24 424.33 27.01 106.05 423.61 26.18 0.455 0x0000FF
106.97 425.06 27.47 106.24 424.33 27.01 0.455 0x0000FF
107.69 425.43 28.3 106.97 425.06 27.47 0.455 0x0000FF
108.42 426.16 29.06 107.69 425.43 28.3 0.455 0x0000FF
109.15 426.88 29.97 108.42 426.16 29.06 0.455 0x0000FF
109.88 427.61 30.88 109.15 426.88 29.97 0.455 0x0000FF
111.34 429.62 32.09 109.88 427.61 30.88 0.455 0x0000FF
112.26 431.08 32.15 111.34 429.62 32.09 0.455 0x0000FF
113.35 432.35 34.51 112.26 431.08 32.15 0.455 0x0000FF
113.9 433.63 35.19 113.35 432.35 34.51 0.455 0x0000FF
114.63 434.54 36.03 113.9 433.63 35.19 0.455 0x0000FF
114.99 435.08 36.78 114.63 434.54 36.03 0.455 0x0000FF
115.54 435.63 37.47 114.99 435.08 36.78 0.455 0x0000FF
116.09 435.99 38.36 115.54 435.63 37.47 0.455 0x0000FF
116.64 436.18 39.06 116.09 435.99 38.36 0.455 0x0000FF
117.36 436.54 39.97 116.64 436.18 39.06 0.455 0x0000FF
118.09 436.91 40.72 117.36 436.54 39.97 0.455 0x0000FF
119.74 438.0 41.1 118.09 436.91 40.72 0.365 0x0000FF
120.65 438.73 41.48 119.74 438.0 41.1 0.365 0x0000FF
40.79 -9.85 -3.36 39.89 -9.85 -3.36 0.91 0x0000FF
42.44 -9.3 -3.67 40.79 -9.85 -3.36 0.64 0x0000FF
42.81 -9.3 -4.12 42.44 -9.3 -3.67 0.64 0x0000FF
43.72 -9.11 -4.26 42.81 -9.3 -4.12 0.64 0x0000FF
43.9 -9.3 -4.34 43.72 -9.11 -4.26 0.64 0x0000FF
44.63 -9.3 -4.95 43.9 -9.3 -4.34 0.64 0x0000FF
45.18 -9.3 -5.26 44.63 -9.3 -4.95 0.64 0x0000FF
46.09 -9.48 -5.71 45.18 -9.3 -5.26 0.64 0x0000FF
47.18 -9.67 -6.24 46.09 -9.48 -5.71 0.64 0x0000FF
47.55 -9.67 -6.85 47.18 -9.67 -6.24 0.64 0x0000FF
49.56 -9.67 -9.88 47.55 -9.67 -6.85 0.365 0x0000FF
50.83 -10.21 -9.94 49.56 -9.67 -9.88 0.365 0x0000FF
51.75 -10.76 -10.71 50.83 -10.21 -9.94 0.365 0x0000FF
52.48 -11.12 -11.39 51.75 -10.76 -10.71 0.365 0x0000FF
53.39 -11.67 -11.92 52.48 -11.12 -11.39 0.365 0x0000FF
54.85 -12.58 -12.3 53.39 -11.67 -11.92 0.365 0x0000FF
55.76 -12.76 -13.44 54.85 -12.58 -12.3 0.365 0x0000FF
56.85 -12.22 -13.74 55.76 -12.76 -13.44 0.365 0x0000FF
57.22 -12.04 -14.12 56.85 -12.22 -13.74 0.365 0x0000FF
57.4 -12.04 -15.33 57.22 -12.04 -14.12 0.365 0x0000FF
57.77 -12.04 -15.63 57.4 -12.04 -15.33 0.365 0x0000FF
58.86 -12.22 -16.23 57.77 -12.04 -15.63 0.365 0x0000FF
59.23 -12.22 -17.07 58.86 -12.22 -16.23 0.365 0x0000FF
59.59 -12.22 -18.21 59.23 -12.22 -17.07 0.365 0x0000FF
60.32 -12.4 -19.42 59.59 -12.22 -18.21 0.365 0x0000FF
60.69 -12.58 -20.48 60.32 -12.4 -19.42 0.365 0x0000FF
62.69 -12.95 -24.72 60.69 -12.58 -20.48 0.275 0x0000FF
