-46.82 28.64 4.67 -36.91 34.22 0.08 1.005 0x0000FF
-51.56 26.64 4.44 -46.82 28.64 4.67 1.005 0x0000FF
-53.75 26.46 4.13 -51.56 26.64 4.44 1.005 0x0000FF
-59.41 26.27 3.83 -53.75 26.46 4.13 1.005 0x0000FF
-65.23 25.73 3.61 -59.41 26.27 3.83 0.82 0x0000FF
-71.45 25.0 3.45 -65.23 25.73 3.61 0.64 0x0000FF
-76.01 25.18 3.23 -71.45 25.0 3.45 0.545 0x0000FF
-82.21 25.18 3.0 -76.01 25.18 3.23 0.545 0x0000FF
-88.96 24.64 2.77 -82.21 25.18 3.0 0.545 0x0000FF
-95.71 24.27 2.39 -88.96 24.64 2.77 0.545 0x0000FF
-98.27 24.09 3.0 -95.71 24.27 2.39 0.545 0x0000FF
-102.65 23.36 3.61 -98.27 24.09 3.0 0.545 0x0000FF
-105.57 22.45 4.21 -102.65 23.36 3.61 0.545 0x0000FF
-110.68 20.81 4.74 -105.57 22.45 4.21 0.545 0x0000FF
-121.99 15.53 5.88 -110.68 20.81 4.74 0.365 0x0000FF
-125.82 13.34 7.09 -121.99 15.53 5.88 0.365 0x0000FF
-137.68 6.96 7.09 -125.82 13.34 7.09 0.365 0x0000FF
-143.69 4.59 7.24 -137.68 6.96 7.09 0.365 0x0000FF
-147.35 2.59 7.77 -143.69 4.59 7.24 0.365 0x0000FF
-151.18 1.12 7.39 -147.35 2.59 7.77 0.365 0x0000FF
-154.46 -0.51 6.94 -151.18 1.12 7.39 0.365 0x0000FF
-157.02 -2.15 5.88 -154.46 -0.51 6.94 0.365 0x0000FF
-160.68 -4.21 4.88 -157.02 -2.15 5.88 0.365 0x0000FF
-165.78 -4.94 4.05 -160.68 -4.21 4.88 0.365 0x0000FF
-168.7 -5.85 3.3 -165.78 -4.94 4.05 0.365 0x0000FF
-171.8 -6.94 2.7 -168.7 -5.85 3.3 0.365 0x0000FF
-173.45 -7.85 1.86 -171.8 -6.94 2.7 0.365 0x0000FF
-176.37 -8.94 1.03 -173.45 -7.85 1.86 0.365 0x0000FF
-179.47 -10.58 0.27 -176.37 -8.94 1.03 0.365 0x0000FF
-182.57 -12.22 -0.64 -179.47 -10.58 0.27 0.365 0x0000FF
-184.94 -13.68 -1.55 -182.57 -12.22 -0.64 0.365 0x0000FF
-189.87 -15.87 -2.29 -184.94 -13.68 -1.55 0.365 0x0000FF
-194.06 -17.51 -2.83 -189.87 -15.87 -2.29 0.365 0x0000FF
-197.35 -18.78 -3.97 -194.06 -17.51 -2.83 0.365 0x0000FF
-200.81 -20.23 -5.48 -197.35 -18.78 -3.97 0.365 0x0000FF
-205.01 -21.52 -6.17 -200.81 -20.23 -5.48 0.365 0x0000FF
-208.48 -22.43 -7.68 -205.01 -21.52 -6.17 0.365 0x0000FF
-214.32 -22.24 -8.89 -208.48 -22.43 -7.68 0.365 0x0000FF
-224.72 -26.43 -10.71 -214.32 -22.24 -8.89 0.365 0x0000FF
-229.64 -28.62 -11.39 -224.72 -26.43 -10.71 0.365 0x0000FF
-232.93 -29.71 -12.45 -229.64 -28.62 -11.39 0.365 0x0000FF
-241.5 -33.18 -13.29 -232.93 -29.71 -12.45 0.365 0x0000FF
-247.89 -34.82 -14.04 -241.5 -33.18 -13.29 0.365 0x0000FF
-253.91 -36.46 -14.57 -247.89 -34.82 -14.04 0.365 0x0000FF
-257.19 -37.54 -15.1 -253.91 -36.46 -14.57 0.365 0x0000FF
-258.83 -38.28 -15.71 -257.19 -37.54 -15.1 0.365 0x0000FF
-260.66 -39.19 -17.23 -258.83 -38.28 -15.71 0.365 0x0000FF
-262.67 -40.28 -18.36 -260.66 -39.19 -17.23 0.365 0x0000FF
-265.39 -43.01 -19.12 -262.67 -40.28 -18.36 0.365 0x0000FF
-267.41 -47.57 -21.09 -265.39 -43.01 -19.12 0.275 0x0000FF
-127.29 13.83 8.91 -125.82 13.34 7.09 0.365 0x0000FF
-128.02 13.83 9.74 -127.29 13.83 8.91 0.365 0x0000FF
-128.75 13.65 10.11 -128.02 13.83 9.74 0.365 0x0000FF
-129.47 13.65 10.73 -128.75 13.65 10.11 0.365 0x0000FF
-131.47 13.47 10.95 -129.47 13.65 10.73 0.365 0x0000FF
-132.76 13.28 11.18 -131.47 13.47 10.95 0.365 0x0000FF
-133.66 12.92 11.71 -132.76 13.28 11.18 0.365 0x0000FF
-134.58 12.92 12.7 -133.66 12.92 11.71 0.365 0x0000FF
-136.04 12.74 13.38 -134.58 12.92 12.7 0.365 0x0000FF
-137.69 12.74 13.98 -136.04 12.74 13.38 0.365 0x0000FF
-138.22 12.74 14.44 -137.69 12.74 13.98 0.365 0x0000FF
-139.33 12.74 15.35 -138.22 12.74 14.44 0.365 0x0000FF
-140.79 12.74 16.41 -139.33 12.74 15.35 0.365 0x0000FF
-144.8 14.38 17.92 -140.79 12.74 16.41 0.275 0x0000FF
-145.71 14.92 18.91 -144.8 14.38 17.92 0.275 0x0000FF
-147.16 15.84 19.73 -145.71 14.92 18.91 0.275 0x0000FF
-148.63 16.75 21.03 -147.16 15.84 19.73 0.275 0x0000FF
-150.28 17.84 21.41 -148.63 16.75 21.03 0.275 0x0000FF
-152.65 18.57 22.16 -150.28 17.84 21.41 0.275 0x0000FF
-154.29 18.57 23.15 -152.65 18.57 22.16 0.275 0x0000FF
-157.38 17.48 24.13 -154.29 18.57 23.15 0.275 0x0000FF
-159.94 16.38 24.44 -157.38 17.48 24.13 0.275 0x0000FF
-161.59 15.47 24.74 -159.94 16.38 24.44 0.275 0x0000FF
-163.22 14.74 25.12 -161.59 15.47 24.74 0.275 0x0000FF
-165.05 14.2 25.57 -163.22 14.74 25.12 0.275 0x0000FF
-167.06 13.65 26.48 -165.05 14.2 25.57 0.275 0x0000FF
-59.78 24.76 4.88 -59.41 26.27 3.83 0.455 0x0000FF
-60.14 24.03 5.65 -59.78 24.76 4.88 0.455 0x0000FF
-61.24 23.12 6.41 -60.14 24.03 5.65 0.365 0x0000FF
-61.6 22.58 6.56 -61.24 23.12 6.41 0.365 0x0000FF
-62.33 22.03 7.92 -61.6 22.58 6.56 0.365 0x0000FF
-64.34 21.48 9.28 -62.33 22.03 7.92 0.365 0x0000FF
-65.06 21.12 10.19 -64.34 21.48 9.28 0.365 0x0000FF
-66.34 20.94 10.35 -65.06 21.12 10.19 0.365 0x0000FF
-67.26 20.76 11.1 -66.34 20.94 10.35 0.365 0x0000FF
-68.17 20.57 11.64 -67.26 20.76 11.1 0.365 0x0000FF
-69.63 20.03 12.24 -68.17 20.57 11.64 0.365 0x0000FF
-70.54 19.66 13.23 -69.63 20.03 12.24 0.365 0x0000FF
-71.27 19.48 14.13 -70.54 19.66 13.23 0.365 0x0000FF
-72.19 18.93 14.97 -71.27 19.48 14.13 0.365 0x0000FF
-72.73 18.75 16.1 -72.19 18.93 14.97 0.365 0x0000FF
-73.09 18.2 16.18 -72.73 18.75 16.1 0.365 0x0000FF
-74.01 17.48 17.85 -73.09 18.2 16.18 0.365 0x0000FF
-73.83 14.92 18.23 -74.01 17.48 17.85 0.275 0x0000FF
-73.65 14.01 18.38 -73.83 14.92 18.23 0.275 0x0000FF
-73.45 13.47 18.91 -73.65 14.01 18.38 0.275 0x0000FF
-73.09 11.65 19.13 -73.45 13.47 18.91 0.09 0x0000FF
-73.28 10.37 19.29 -73.09 11.65 19.13 0.09 0x0000FF
-73.83 9.27 19.59 -73.28 10.37 19.29 0.09 0x0000FF
-74.92 8.18 19.89 -73.83 9.27 19.59 0.09 0x0000FF
-76.75 7.64 20.27 -74.92 8.18 19.89 0.09 0x0000FF
-75.09 18.2 17.77 -74.01 17.48 17.85 0.275 0x0000FF
-75.65 18.93 17.62 -75.09 18.2 17.77 0.275 0x0000FF
-76.2 19.66 18.3 -75.65 18.93 17.62 0.275 0x0000FF
-77.11 20.03 19.21 -76.2 19.66 18.3 0.275 0x0000FF
-78.2 20.03 19.59 -77.11 20.03 19.21 0.275 0x0000FF
-80.03 20.03 20.04 -78.2 20.03 19.59 0.275 0x0000FF
-81.31 19.48 20.95 -80.03 20.03 20.04 0.275 0x0000FF
-82.4 19.3 21.71 -81.31 19.48 20.95 0.275 0x0000FF
-84.23 18.75 21.71 -82.4 19.3 21.71 0.275 0x0000FF
-42.99 38.06 -0.26 -36.91 34.22 0.08 1.64 0x0000FF
-44.82 39.7 -0.94 -42.99 38.06 -0.26 1.64 0x0000FF
-47.01 40.61 -1.32 -44.82 39.7 -0.94 1.64 0x0000FF
-47.74 41.34 -1.39 -47.01 40.61 -1.32 1.64 0x0000FF
-49.74 41.34 -0.64 -47.74 41.34 -1.39 1.185 0x0000FF
-51.02 41.16 -1.47 -49.74 41.34 -0.64 1.185 0x0000FF
-52.66 41.53 -2.08 -51.02 41.16 -1.47 1.005 0x0000FF
-54.67 41.71 -3.74 -52.66 41.53 -2.08 1.005 0x0000FF
-55.58 42.07 -4.8 -54.67 41.71 -3.74 1.005 0x0000FF
-56.86 42.98 -5.41 -55.58 42.07 -4.8 0.91 0x0000FF
-58.14 43.89 -6.54 -56.86 42.98 -5.41 0.64 0x0000FF
-59.41 44.62 -7.53 -58.14 43.89 -6.54 0.64 0x0000FF
-59.96 44.81 -8.06 -59.41 44.62 -7.53 0.64 0x0000FF
-60.33 44.81 -9.19 -59.96 44.81 -8.06 0.64 0x0000FF
-62.15 44.81 -9.19 -60.33 44.81 -9.19 0.545 0x0000FF
-62.7 44.81 -8.36 -62.15 44.81 -9.19 0.545 0x0000FF
-63.61 44.81 -7.45 -62.7 44.81 -8.36 0.545 0x0000FF
-65.8 44.81 -6.54 -63.61 44.81 -7.45 0.545 0x0000FF
-69.81 45.72 -5.71 -65.8 44.81 -6.54 0.545 0x0000FF
-74.92 46.45 -4.88 -69.81 45.72 -5.71 0.455 0x0000FF
-81.67 48.09 -4.5 -74.92 46.45 -4.88 0.455 0x0000FF
-84.59 49.0 -3.89 -81.67 48.09 -4.5 0.455 0x0000FF
-86.96 49.54 -3.82 -84.59 49.0 -3.89 0.455 0x0000FF
-89.52 50.27 -5.11 -86.96 49.54 -3.82 0.455 0x0000FF
-91.53 50.45 -5.94 -89.52 50.27 -5.11 0.455 0x0000FF
-94.26 50.64 -6.62 -91.53 50.45 -5.94 0.455 0x0000FF
-97.73 51.18 -7.15 -94.26 50.64 -6.62 0.455 0x0000FF
-107.76 53.19 -7.76 -97.73 51.18 -7.15 0.365 0x0000FF
-114.7 54.46 -7.98 -107.76 53.19 -7.76 0.365 0x0000FF
-120.54 55.37 -8.28 -114.7 54.46 -7.98 0.455 0x0000FF
-124.91 59.02 -8.28 -120.54 55.37 -8.28 0.365 0x0000FF
-129.29 62.11 -8.28 -124.91 59.02 -8.28 0.275 0x0000FF
-125.46 55.74 -8.28 -120.54 55.37 -8.28 0.365 0x0000FF
-130.75 57.56 -8.28 -125.46 55.74 -8.28 0.365 0x0000FF
-132.58 58.83 -8.28 -130.75 57.56 -8.28 0.365 0x0000FF
-135.68 61.2 -8.28 -132.58 58.83 -8.28 0.365 0x0000FF
-138.05 63.57 -8.21 -135.68 61.2 -8.28 0.365 0x0000FF
-140.61 65.58 -8.21 -138.05 63.57 -8.21 0.365 0x0000FF
-144.97 68.13 -8.21 -140.61 65.58 -8.21 0.275 0x0000FF
-146.44 70.5 -8.59 -144.97 68.13 -8.21 0.275 0x0000FF
-148.27 75.41 -8.67 -146.44 70.5 -8.59 0.275 0x0000FF
-149.36 79.06 -8.06 -148.27 75.41 -8.67 0.275 0x0000FF
-156.84 87.62 -7.38 -149.36 79.06 -8.06 0.275 0x0000FF
-158.66 89.81 -7.08 -156.84 87.62 -7.38 0.275 0x0000FF
-159.56 95.24 -6.32 -158.66 89.81 -7.08 0.275 0x0000FF
-160.1 96.7 -5.79 -159.56 95.24 -6.32 0.275 0x0000FF
-162.47 100.34 -4.95 -160.1 96.7 -5.79 0.275 0x0000FF
-48.81 43.13 -1.02 -47.74 41.34 -1.39 0.82 0x0000FF
-49.72 45.32 -0.94 -48.81 43.13 -1.02 0.545 0x0000FF
-50.27 45.68 -0.48 -49.72 45.32 -0.94 0.545 0x0000FF
-50.45 46.23 -1.09 -50.27 45.68 -0.48 0.545 0x0000FF
-50.63 46.77 -1.85 -50.45 46.23 -1.09 0.545 0x0000FF
-51.18 47.69 -3.14 -50.63 46.77 -1.85 0.545 0x0000FF
-51.73 48.41 -4.2 -51.18 47.69 -3.14 0.545 0x0000FF
-52.09 49.14 -5.41 -51.73 48.41 -4.2 0.455 0x0000FF
-52.64 49.87 -7.3 -52.09 49.14 -5.41 0.455 0x0000FF
-53.19 50.78 -8.36 -52.64 49.87 -7.3 0.455 0x0000FF
-53.73 51.69 -9.03 -53.19 50.78 -8.36 0.455 0x0000FF
-54.83 53.15 -10.02 -53.73 51.69 -9.03 0.455 0x0000FF
-55.92 54.24 -11.32 -54.83 53.15 -10.02 0.455 0x0000FF
-58.48 54.97 -12.23 -55.92 54.24 -11.32 0.365 0x0000FF
-59.21 55.34 -13.59 -58.48 54.97 -12.23 0.365 0x0000FF
-59.94 55.7 -14.57 -59.21 55.34 -13.59 0.365 0x0000FF
-61.76 56.25 -15.63 -59.94 55.7 -14.57 0.365 0x0000FF
-61.76 56.43 -16.39 -61.76 56.25 -15.63 0.365 0x0000FF
-63.04 56.43 -17.76 -61.76 56.43 -16.39 0.365 0x0000FF
-64.31 57.16 -18.97 -63.04 56.43 -17.76 0.365 0x0000FF
-65.23 57.71 -20.1 -64.31 57.16 -18.97 0.365 0x0000FF
-65.78 58.44 -21.54 -65.23 57.71 -20.1 0.365 0x0000FF
-66.5 59.16 -22.38 -65.78 58.44 -21.54 0.275 0x0000FF
-66.69 59.71 -24.04 -66.5 59.16 -22.38 0.275 0x0000FF
-67.42 61.71 -24.65 -66.69 59.71 -24.04 0.18 0x0000FF
-67.42 62.99 -25.56 -67.42 61.71 -24.65 0.18 0x0000FF
-67.42 63.72 -26.47 -67.42 62.99 -25.56 0.18 0x0000FF
-67.42 64.45 -26.62 -67.42 63.72 -26.47 0.18 0x0000FF
-67.42 65.36 -28.82 -67.42 64.45 -26.62 0.18 0x0000FF
-67.23 65.91 -30.1 -67.42 65.36 -28.82 0.18 0x0000FF
-66.69 66.63 -31.01 -67.23 65.91 -30.1 0.18 0x0000FF
-65.78 67.91 -33.81 -66.69 66.63 -31.01 0.18 0x0000FF
-62.86 69.18 -34.19 -65.78 67.91 -33.81 0.18 0x0000FF
-61.03 69.91 -34.72 -62.86 69.18 -34.19 0.18 0x0000FF
-59.57 70.81 -35.25 -61.03 69.91 -34.72 0.18 0x0000FF
-57.56 72.65 -36.39 -59.57 70.81 -35.25 0.18 0x0000FF
-56.65 74.29 -37.45 -57.56 72.65 -36.39 0.18 0x0000FF
-56.29 76.11 -37.75 -56.65 74.29 -37.45 0.18 0x0000FF
-56.65 78.66 -38.21 -56.29 76.11 -37.75 0.18 0x0000FF
-57.38 81.03 -38.44 -56.65 78.66 -38.21 0.18 0x0000FF
-50.27 43.86 2.85 -48.81 43.13 -1.02 0.365 0x0000FF
-51.73 45.32 2.92 -50.27 43.86 2.85 0.365 0x0000FF
-52.64 46.41 3.83 -51.73 45.32 2.92 0.365 0x0000FF
-53.92 48.05 4.44 -52.64 46.41 3.83 0.365 0x0000FF
-56.11 50.78 4.88 -53.92 48.05 4.44 0.365 0x0000FF
-58.48 52.97 5.12 -56.11 50.78 4.88 0.365 0x0000FF
-60.48 55.34 5.58 -58.48 52.97 5.12 0.365 0x0000FF
-62.13 57.71 5.95 -60.48 55.34 5.58 0.365 0x0000FF
-65.41 62.08 6.48 -62.13 57.71 5.95 0.365 0x0000FF
-69.61 65.36 6.94 -65.41 62.08 6.48 0.365 0x0000FF
-74.72 68.27 7.24 -69.61 65.36 6.94 0.365 0x0000FF
-78.18 71.55 7.62 -74.72 68.27 7.24 0.365 0x0000FF
-80.55 75.73 8.3 -78.18 71.55 7.62 0.365 0x0000FF
-83.29 81.03 8.76 -80.55 75.73 8.3 0.365 0x0000FF
-86.76 85.22 9.82 -83.29 81.03 8.76 0.365 0x0000FF
-90.95 93.78 10.11 -86.76 85.22 9.82 0.275 0x0000FF
-91.68 97.06 10.27 -90.95 93.78 10.11 0.275 0x0000FF
-92.6 100.89 10.57 -91.68 97.06 10.27 0.275 0x0000FF
-93.14 102.89 10.65 -92.6 100.89 10.57 0.275 0x0000FF
-93.69 105.26 9.74 -93.14 102.89 10.65 0.275 0x0000FF
-94.6 106.9 8.68 -93.69 105.26 9.74 0.275 0x0000FF
-95.88 108.36 8.15 -94.6 106.9 8.68 0.275 0x0000FF
-97.7 110.0 6.26 -95.88 108.36 8.15 0.275 0x0000FF
-102.45 113.64 5.73 -97.7 110.0 6.26 0.275 0x0000FF
-107.01 117.47 5.27 -102.45 113.64 5.73 0.275 0x0000FF
-111.94 122.57 4.29 -107.01 117.47 5.27 0.275 0x0000FF
-116.13 127.85 3.53 -111.94 122.57 4.29 0.275 0x0000FF
-125.25 132.77 3.38 -116.13 127.85 3.53 0.275 0x0000FF
-129.82 137.69 3.3 -125.25 132.77 3.38 0.275 0x0000FF
-131.46 138.79 3.98 -129.82 137.69 3.3 0.275 0x0000FF
-133.47 140.24 3.98 -131.46 138.79 3.98 0.275 0x0000FF
-135.84 141.15 3.91 -133.47 140.24 3.98 0.275 0x0000FF
-141.68 141.88 3.15 -135.84 141.15 3.91 0.275 0x0000FF
-146.05 141.69 3.15 -141.68 141.88 3.15 0.275 0x0000FF
-150.25 141.88 2.62 -146.05 141.69 3.15 0.275 0x0000FF
-152.62 141.88 2.47 -150.25 141.88 2.62 0.275 0x0000FF
-155.36 141.88 2.09 -152.62 141.88 2.47 0.275 0x0000FF
-159.01 141.69 1.64 -155.36 141.88 2.09 0.275 0x0000FF
-120.88 132.77 3.45 -116.13 127.85 3.53 0.275 0x0000FF
-124.16 136.05 3.45 -120.88 132.77 3.45 0.275 0x0000FF
-124.89 137.69 3.91 -124.16 136.05 3.45 0.275 0x0000FF
-134.19 146.8 4.29 -124.89 137.69 3.91 0.275 0x0000FF
-146.41 155.37 3.91 -134.19 146.8 4.29 0.275 0x0000FF
-154.63 162.29 3.45 -146.41 155.37 3.91 0.275 0x0000FF
-166.12 174.5 3.0 -154.63 162.29 3.45 0.275 0x0000FF
-171.78 179.6 2.7 -166.12 174.5 3.0 0.275 0x0000FF
-173.06 181.24 2.7 -171.78 179.6 2.7 0.275 0x0000FF
-189.12 189.74 2.39 -173.06 181.24 2.7 0.275 0x0000FF
-90.91 87.98 9.67 -86.76 85.22 9.82 0.365 0x0000FF
-94.74 90.17 9.74 -90.91 87.98 9.67 0.365 0x0000FF
-97.11 92.36 9.82 -94.74 90.17 9.74 0.365 0x0000FF
-101.13 100.56 10.03 -97.11 92.36 9.82 0.365 0x0000FF
-103.32 102.2 10.11 -101.13 100.56 10.03 0.365 0x0000FF
-104.96 103.84 10.35 -103.32 102.2 10.11 0.365 0x0000FF
-107.33 105.84 10.5 -104.96 103.84 10.35 0.365 0x0000FF
-111.53 108.94 10.5 -107.33 105.84 10.5 0.365 0x0000FF
-113.9 112.03 10.65 -111.53 108.94 10.5 0.365 0x0000FF
-114.81 113.86 10.8 -113.9 112.03 10.65 0.365 0x0000FF
-115.54 115.5 10.95 -114.81 113.86 10.8 0.365 0x0000FF
-116.64 117.5 11.1 -115.54 115.5 10.95 0.365 0x0000FF
-117.18 118.96 10.73 -116.64 117.5 11.1 0.365 0x0000FF
-119.01 121.14 10.27 -117.18 118.96 10.73 0.365 0x0000FF
-121.02 122.78 10.11 -119.01 121.14 10.27 0.365 0x0000FF
-122.66 125.15 10.65 -121.02 122.78 10.11 0.365 0x0000FF
-126.12 129.53 11.26 -122.66 125.15 10.65 0.365 0x0000FF
-128.86 132.99 11.26 -126.12 129.53 11.26 0.365 0x0000FF
-131.41 137.36 11.56 -128.86 132.99 11.26 0.365 0x0000FF
-133.41 140.82 11.86 -131.41 137.36 11.56 0.365 0x0000FF
-134.52 142.63 12.47 -133.41 140.82 11.86 0.365 0x0000FF
-136.34 145.19 12.77 -134.52 142.63 12.47 0.365 0x0000FF
-142.18 154.12 13.68 -136.34 145.19 12.77 0.365 0x0000FF
-144.72 158.5 14.13 -142.18 154.12 13.68 0.365 0x0000FF
-147.11 163.22 14.51 -144.72 158.5 14.13 0.365 0x0000FF
-153.49 174.35 14.97 -147.11 163.22 14.51 0.365 0x0000FF
-154.94 177.44 15.12 -153.49 174.35 14.97 0.365 0x0000FF
-154.94 178.36 15.42 -154.94 177.44 15.12 0.365 0x0000FF
-166.93 196.52 15.8 -154.94 178.36 15.42 0.365 0x0000FF
-170.03 203.26 16.03 -166.93 196.52 15.8 0.365 0x0000FF
-172.95 209.09 14.89 -170.03 203.26 16.03 0.275 0x0000FF
-173.5 211.46 14.29 -172.95 209.09 14.89 0.275 0x0000FF
-176.79 219.48 14.13 -173.5 211.46 14.29 0.275 0x0000FF
-180.98 231.14 14.13 -176.79 219.48 14.13 0.275 0x0000FF
-29.49 38.5 3.38 -36.91 34.22 0.08 2.28 0x0000FF
-29.13 39.59 3.53 -29.49 38.5 3.38 2.28 0x0000FF
-26.76 41.23 3.91 -29.13 39.59 3.53 2.28 0x0000FF
-25.66 42.32 4.05 -26.76 41.23 3.91 2.28 0x0000FF
-25.3 42.69 4.44 -25.66 42.32 4.05 2.28 0x0000FF
-23.47 41.78 6.26 -25.3 42.69 4.44 0.73 0x0000FF
-20.19 42.32 6.48 -23.47 41.78 6.26 0.73 0x0000FF
-18.91 42.87 6.79 -20.19 42.32 6.48 0.73 0x0000FF
-16.18 44.87 7.09 -18.91 42.87 6.79 0.545 0x0000FF
-13.07 45.6 5.88 -16.18 44.87 7.09 0.545 0x0000FF
-12.16 46.33 5.42 -13.07 45.6 5.88 0.545 0x0000FF
-10.15 48.15 4.88 -12.16 46.33 5.42 0.545 0x0000FF
-8.51 50.16 4.36 -10.15 48.15 4.88 0.545 0x0000FF
-7.24 51.07 4.13 -8.51 50.16 4.36 0.545 0x0000FF
-5.23 52.35 3.83 -7.24 51.07 4.13 0.545 0x0000FF
-2.67 54.17 3.68 -5.23 52.35 3.83 0.545 0x0000FF
1.34 56.72 3.15 -2.67 54.17 3.68 0.365 0x0000FF
2.62 57.08 3.08 1.34 56.72 3.15 0.365 0x0000FF
4.44 58.18 2.92 2.62 57.08 3.08 0.365 0x0000FF
6.63 59.09 2.47 4.44 58.18 2.92 0.365 0x0000FF
10.1 60.18 2.47 6.63 59.09 2.47 0.365 0x0000FF
15.57 61.09 2.47 10.1 60.18 2.47 0.365 0x0000FF
19.95 62.73 2.47 15.57 61.09 2.47 0.365 0x0000FF
22.69 65.09 2.39 19.95 62.73 2.47 0.365 0x0000FF
24.15 65.65 2.39 22.69 65.09 2.39 0.275 0x0000FF
-25.12 42.51 3.68 -25.3 42.69 4.44 0.73 0x0000FF
-25.12 43.05 3.53 -25.12 42.51 3.68 0.73 0x0000FF
-24.93 43.24 2.0 -25.12 43.05 3.53 0.73 0x0000FF
-24.57 43.78 0.88 -24.93 43.24 2.0 0.73 0x0000FF
-24.39 44.33 -0.71 -24.57 43.78 0.88 0.73 0x0000FF
-24.02 45.24 -2.45 -24.39 44.33 -0.71 0.73 0x0000FF
-23.47 46.15 -4.2 -24.02 45.24 -2.45 0.73 0x0000FF
-22.74 47.06 -5.03 -23.47 46.15 -4.2 0.73 0x0000FF
-21.83 48.52 -6.01 -22.74 47.06 -5.03 0.73 0x0000FF
-20.92 49.79 -6.54 -21.83 48.52 -6.01 0.73 0x0000FF
-17.09 55.81 -7.61 -20.92 49.79 -6.54 0.64 0x0000FF
-15.08 58.9 -7.45 -17.09 55.81 -7.61 0.64 0x0000FF
-12.34 61.09 -7.68 -15.08 58.9 -7.45 0.64 0x0000FF
-8.33 63.28 -8.06 -12.34 61.09 -7.68 0.64 0x0000FF
-4.68 65.45 -8.59 -8.33 63.28 -8.06 0.64 0x0000FF
1.89 70.02 -8.89 -4.68 65.45 -8.59 0.64 0x0000FF
9.91 75.3 -9.19 1.89 70.02 -8.89 0.545 0x0000FF
13.38 77.48 -9.42 9.91 75.3 -9.19 0.545 0x0000FF
16.85 79.86 -9.42 13.38 77.48 -9.42 0.545 0x0000FF
20.68 83.5 -9.42 16.85 79.86 -9.42 0.545 0x0000FF
24.15 85.87 -9.42 20.68 83.5 -9.42 0.545 0x0000FF
29.07 87.15 -9.42 24.15 85.87 -9.42 0.545 0x0000FF
37.28 92.43 -9.5 29.07 87.15 -9.42 0.455 0x0000FF
41.84 95.89 -9.5 37.28 92.43 -9.5 0.455 0x0000FF
48.23 99.53 -9.5 41.84 95.89 -9.5 0.365 0x0000FF
51.33 102.09 -9.5 48.23 99.53 -9.5 0.275 0x0000FF
52.79 103.73 -9.5 51.33 102.09 -9.5 0.275 0x0000FF
54.62 106.28 -9.5 52.79 103.73 -9.5 0.275 0x0000FF
56.99 109.19 -9.5 54.62 106.28 -9.5 0.275 0x0000FF
58.81 110.1 -9.5 56.99 109.19 -9.5 0.275 0x0000FF
62.83 114.84 -9.5 58.81 110.1 -9.5 0.275 0x0000FF
65.75 118.3 -9.5 62.83 114.84 -9.5 0.275 0x0000FF
32.17 86.96 -9.42 29.07 87.15 -9.42 0.275 0x0000FF
34.36 85.14 -9.35 32.17 86.96 -9.42 0.275 0x0000FF
36.36 83.5 -9.35 34.36 85.14 -9.35 0.275 0x0000FF
39.47 80.4 -9.35 36.36 83.5 -9.35 0.275 0x0000FF
40.93 78.58 -9.35 39.47 80.4 -9.35 0.275 0x0000FF
42.57 76.58 -9.27 40.93 78.58 -9.35 0.275 0x0000FF
43.49 73.84 -9.27 42.57 76.58 -9.27 0.275 0x0000FF
44.76 70.93 -9.27 43.49 73.84 -9.27 0.275 0x0000FF
45.68 67.29 -9.27 44.76 70.93 -9.27 0.275 0x0000FF
46.22 64.92 -9.19 45.68 67.29 -9.27 0.275 0x0000FF
-30.83 23.14 2.85 -36.91 34.22 0.08 2.735 0x0000FF
-27.73 17.48 3.23 -30.83 23.14 2.85 2.735 0x0000FF
-24.45 12.57 3.68 -27.73 17.48 3.23 2.37 0x0000FF
-23.17 8.75 4.05 -24.45 12.57 3.68 2.37 0x0000FF
-20.07 1.82 4.21 -23.17 8.75 4.05 2.37 0x0000FF
-17.88 1.09 4.29 -20.07 1.82 4.21 0.91 0x0000FF
-14.78 0.73 4.05 -17.88 1.09 4.29 0.545 0x0000FF
-11.68 0.91 3.91 -14.78 0.73 4.05 0.455 0x0000FF
-6.2 1.28 3.76 -11.68 0.91 3.91 0.455 0x0000FF
-18.79 -0.73 4.44 -20.07 1.82 4.21 1.735 0x0000FF
-18.61 -1.64 4.67 -18.79 -0.73 4.44 1.735 0x0000FF
-18.05 -2.92 5.2 -18.61 -1.64 4.67 1.735 0x0000FF
-17.52 -4.37 4.29 -18.05 -2.92 5.2 1.735 0x0000FF
-16.79 -6.56 4.13 -17.52 -4.37 4.29 1.735 0x0000FF
-17.14 -7.47 4.13 -16.79 -6.56 4.13 0.91 0x0000FF
-17.14 -8.19 3.76 -17.14 -7.47 4.13 0.91 0x0000FF
-17.32 -8.56 3.38 -17.14 -8.19 3.76 0.91 0x0000FF
-17.32 -9.28 3.3 -17.32 -8.56 3.38 0.91 0x0000FF
-17.32 -9.84 2.77 -17.32 -9.28 3.3 0.91 0x0000FF
-17.52 -10.75 2.09 -17.32 -9.84 2.77 0.91 0x0000FF
-17.7 -11.84 1.41 -17.52 -10.75 2.09 0.91 0x0000FF
-18.43 -14.39 0.88 -17.7 -11.84 1.41 0.545 0x0000FF
-18.79 -14.94 0.5 -18.43 -14.39 0.88 0.545 0x0000FF
-18.98 -16.22 -0.18 -18.79 -14.94 0.5 0.545 0x0000FF
-18.61 -18.04 -0.79 -18.98 -16.22 -0.18 0.545 0x0000FF
-18.61 -20.59 -1.24 -18.61 -18.04 -0.79 0.545 0x0000FF
-19.16 -23.14 -1.7 -18.61 -20.59 -1.24 0.455 0x0000FF
-19.34 -24.05 -2.45 -19.16 -23.14 -1.7 0.455 0x0000FF
-20.07 -26.24 -3.44 -19.34 -24.05 -2.45 0.275 0x0000FF
-21.71 -27.33 -5.26 -20.07 -26.24 -3.44 0.275 0x0000FF
-22.26 -28.24 -5.41 -21.71 -27.33 -5.26 0.275 0x0000FF
-24.08 -32.25 -5.94 -22.26 -28.24 -5.41 0.275 0x0000FF
-24.27 -32.61 -6.7 -24.08 -32.25 -5.94 0.275 0x0000FF
-24.27 -33.71 -7.0 -24.27 -32.61 -6.7 0.275 0x0000FF
-24.27 -34.25 -7.61 -24.27 -33.71 -7.0 0.275 0x0000FF
-23.9 -35.15 -9.03 -24.27 -34.25 -7.61 0.275 0x0000FF
-23.9 -36.61 -11.17 -23.9 -35.15 -9.03 0.275 0x0000FF
-14.23 -10.75 5.2 -16.79 -6.56 4.13 1.275 0x0000FF
-11.68 -14.76 5.58 -14.23 -10.75 5.2 1.275 0x0000FF
-10.02 -18.04 5.73 -11.68 -14.76 5.58 1.275 0x0000FF
-9.31 -20.04 6.26 -10.02 -18.04 5.73 1.275 0x0000FF
-8.58 -24.78 6.64 -9.31 -20.04 6.26 1.275 0x0000FF
-8.02 -28.24 7.01 -8.58 -24.78 6.64 1.275 0x0000FF
-7.48 -31.16 7.09 -8.02 -28.24 7.01 1.275 0x0000FF
-6.93 -36.08 7.85 -7.48 -31.16 7.09 1.275 0x0000FF
-6.57 -40.99 8.44 -6.93 -36.08 7.85 1.275 0x0000FF
-6.39 -45.0 9.44 -6.57 -40.99 8.44 1.275 0x0000FF
-6.2 -50.47 9.97 -6.39 -45.0 9.44 1.275 0x0000FF
-5.66 -52.66 10.57 -6.2 -50.47 9.97 1.275 0x0000FF
-5.47 -55.39 11.41 -5.66 -52.66 10.57 1.275 0x0000FF
-5.29 -59.4 12.01 -5.47 -55.39 11.41 1.275 0x0000FF
-2.74 -70.51 13.07 -5.29 -59.4 12.01 1.275 0x0000FF
-2.37 -72.33 13.53 -2.74 -70.51 13.07 1.275 0x0000FF
-3.1 -73.97 15.5 -2.37 -72.33 13.53 0.73 0x0000FF
-4.2 -76.89 15.73 -3.1 -73.97 15.5 0.545 0x0000FF
-4.74 -78.34 15.95 -4.2 -76.89 15.73 0.545 0x0000FF
-6.2 -79.06 16.41 -4.74 -78.34 15.95 0.545 0x0000FF
-8.58 -79.8 16.71 -6.2 -79.06 16.41 0.455 0x0000FF
-11.13 -80.53 17.01 -8.58 -79.8 16.71 0.455 0x0000FF
-14.6 -81.63 17.39 -11.13 -80.53 17.01 0.455 0x0000FF
-16.97 -83.08 18.07 -14.6 -81.63 17.39 0.455 0x0000FF
-18.98 -84.72 18.53 -16.97 -83.08 18.07 0.455 0x0000FF
-21.89 -88.0 18.98 -18.98 -84.72 18.53 0.455 0x0000FF
-22.81 -91.65 19.13 -21.89 -88.0 18.98 0.455 0x0000FF
-24.27 -96.75 19.51 -22.81 -91.65 19.13 0.455 0x0000FF
-25.18 -100.21 20.19 -24.27 -96.75 19.51 0.455 0x0000FF
-27.55 -103.67 21.03 -25.18 -100.21 20.19 0.455 0x0000FF
-31.02 -108.23 21.18 -27.55 -103.67 21.03 0.455 0x0000FF
-33.94 -111.87 21.86 -31.02 -108.23 21.18 0.455 0x0000FF
-35.92 -113.3 24.82 -33.94 -111.87 21.86 0.365 0x0000FF
-37.02 -114.03 25.27 -35.92 -113.3 24.82 0.365 0x0000FF
-38.29 -114.4 25.5 -37.02 -114.03 25.27 0.365 0x0000FF
-39.57 -114.76 26.03 -38.29 -114.4 25.5 0.365 0x0000FF
-41.03 -115.85 26.56 -39.57 -114.76 26.03 0.365 0x0000FF
-41.94 -116.95 26.94 -41.03 -115.85 26.56 0.365 0x0000FF
-42.67 -118.04 27.77 -41.94 -116.95 26.94 0.365 0x0000FF
-43.04 -118.77 28.3 -42.67 -118.04 27.77 0.365 0x0000FF
-43.77 -119.5 29.21 -43.04 -118.77 28.3 0.365 0x0000FF
-45.23 -120.59 29.21 -43.77 -119.5 29.21 0.365 0x0000FF
-46.32 -121.14 29.74 -45.23 -120.59 29.21 0.365 0x0000FF
-47.96 -121.87 30.72 -46.32 -121.14 29.74 0.365 0x0000FF
-50.15 -122.6 31.63 -47.96 -121.87 30.72 0.365 0x0000FF
-52.71 -123.87 32.61 -50.15 -122.6 31.63 0.365 0x0000FF
-54.17 -124.96 33.53 -52.71 -123.87 32.61 0.365 0x0000FF
-55.81 -126.24 33.9 -54.17 -124.96 33.53 0.365 0x0000FF
-57.63 -127.7 34.74 -55.81 -126.24 33.9 0.365 0x0000FF
-59.46 -129.69 35.72 -57.63 -127.7 34.74 0.365 0x0000FF
-60.92 -131.16 36.71 -59.46 -129.69 35.72 0.365 0x0000FF
-65.11 -135.16 38.36 -60.92 -131.16 36.71 0.275 0x0000FF
-66.56 -136.08 38.75 -65.11 -135.16 38.36 0.275 0x0000FF
-67.12 -136.44 40.04 -66.56 -136.08 38.75 0.275 0x0000FF
-69.48 -138.81 41.25 -67.12 -136.44 40.04 0.275 0x0000FF
-37.93 -117.13 21.1 -33.94 -111.87 21.86 0.365 0x0000FF
-41.03 -122.41 21.56 -37.93 -117.13 21.1 0.365 0x0000FF
-43.95 -126.97 22.01 -41.03 -122.41 21.56 0.365 0x0000FF
-46.5 -130.61 22.16 -43.95 -126.97 22.01 0.365 0x0000FF
-48.69 -134.97 22.47 -46.5 -130.61 22.16 0.365 0x0000FF
-49.06 -138.44 22.92 -48.69 -134.97 22.47 0.365 0x0000FF
-49.24 -142.82 23.45 -49.06 -138.44 22.92 0.365 0x0000FF
-50.7 -154.84 23.98 -49.24 -142.82 23.45 0.365 0x0000FF
-53.44 -169.97 24.29 -50.7 -154.84 23.98 0.365 0x0000FF
-58.73 -180.72 24.82 -53.44 -169.97 24.29 0.365 0x0000FF
-61.1 -185.82 25.27 -58.73 -180.72 24.82 0.365 0x0000FF
-62.74 -191.83 25.72 -61.1 -185.82 25.27 0.365 0x0000FF
-62.56 -196.75 26.18 -62.74 -191.83 25.72 0.365 0x0000FF
-62.01 -201.67 26.86 -62.56 -196.75 26.18 0.365 0x0000FF
-63.11 -205.31 27.32 -62.01 -201.67 26.86 0.365 0x0000FF
-65.3 -207.5 27.85 -63.11 -205.31 27.32 0.365 0x0000FF
-67.48 -208.59 28.38 -65.3 -207.5 27.85 0.365 0x0000FF
-68.95 -209.87 29.06 -67.48 -208.59 28.38 0.365 0x0000FF
-70.09 -211.92 29.74 -68.95 -209.87 29.06 0.365 0x0000FF
-70.47 -212.84 30.04 -70.09 -211.92 29.74 0.365 0x0000FF
-71.02 -214.47 30.57 -70.47 -212.84 30.04 0.365 0x0000FF
-71.75 -216.84 31.03 -71.02 -214.47 30.57 0.365 0x0000FF
-72.29 -219.21 31.48 -71.75 -216.84 31.03 0.365 0x0000FF
-72.84 -220.49 32.69 -72.29 -219.21 31.48 0.365 0x0000FF
-74.84 -223.22 34.28 -72.84 -220.49 32.69 0.365 0x0000FF
-77.04 -224.31 34.74 -74.84 -223.22 34.28 0.365 0x0000FF
-78.13 -225.22 35.11 -77.04 -224.31 34.74 0.365 0x0000FF
-79.41 -226.32 37.01 -78.13 -225.22 35.11 0.365 0x0000FF
-81.42 -228.87 37.69 -79.41 -226.32 37.01 0.365 0x0000FF
-82.33 -230.87 38.29 -81.42 -228.87 37.69 0.365 0x0000FF
-82.69 -232.88 39.13 -82.33 -230.87 38.29 0.365 0x0000FF
-82.33 -236.34 40.79 -82.69 -232.88 39.13 0.365 0x0000FF
-82.15 -238.34 41.1 -82.33 -236.34 40.79 0.365 0x0000FF
-81.59 -239.98 41.56 -82.15 -238.34 41.1 0.365 0x0000FF
-81.42 -241.62 42.16 -81.59 -239.98 41.56 0.365 0x0000FF
-81.05 -243.81 42.39 -81.42 -241.62 42.16 0.365 0x0000FF
-80.69 -246.0 42.92 -81.05 -243.81 42.39 0.365 0x0000FF
-80.69 -248.0 43.6 -80.69 -246.0 42.92 0.365 0x0000FF
-80.31 -249.46 43.98 -80.69 -248.0 43.6 0.365 0x0000FF
-79.59 -250.91 44.36 -80.31 -249.46 43.98 0.365 0x0000FF
-78.68 -251.83 44.89 -79.59 -250.91 44.36 0.365 0x0000FF
-1.12 -75.26 13.23 -2.37 -72.33 13.53 1.095 0x0000FF
-0.75 -76.72 13.53 -1.12 -75.26 13.23 1.095 0x0000FF
0.52 -79.63 14.13 -0.75 -76.72 13.53 1.095 0x0000FF
1.62 -83.46 14.59 0.52 -79.63 14.13 1.095 0x0000FF
3.44 -89.11 15.12 1.62 -83.46 14.59 1.095 0x0000FF
4.34 -93.3 15.57 3.44 -89.11 15.12 1.095 0x0000FF
5.08 -98.4 15.88 4.34 -93.3 15.57 1.095 0x0000FF
5.27 -104.78 16.55 5.08 -98.4 15.88 1.095 0x0000FF
5.27 -109.7 17.32 5.27 -104.78 16.55 1.095 0x0000FF
8.0 -129.37 18.3 5.27 -109.7 17.32 1.095 0x0000FF
9.65 -141.03 19.05 8.0 -129.37 18.3 1.095 0x0000FF
10.01 -145.94 19.36 9.65 -141.03 19.05 1.095 0x0000FF
12.38 -154.52 19.73 10.01 -145.94 19.36 1.095 0x0000FF
14.94 -162.16 18.98 12.38 -154.52 19.73 1.095 0x0000FF
17.68 -167.77 17.7 14.94 -162.16 18.98 1.095 0x0000FF
19.86 -173.78 17.32 17.68 -167.77 17.7 1.095 0x0000FF
22.05 -181.25 16.55 19.86 -173.78 17.32 1.095 0x0000FF
23.88 -191.64 16.32 22.05 -181.25 16.55 1.095 0x0000FF
24.06 -196.74 16.18 23.88 -191.64 16.32 1.095 0x0000FF
23.33 -202.75 16.03 24.06 -196.74 16.18 1.095 0x0000FF
22.6 -210.22 15.8 23.33 -202.75 16.03 1.095 0x0000FF
22.97 -215.14 15.57 22.6 -210.22 15.8 1.095 0x0000FF
23.88 -228.62 15.42 22.97 -215.14 15.57 1.095 0x0000FF
24.61 -235.91 15.12 23.88 -228.62 15.42 1.095 0x0000FF
25.34 -238.28 14.89 24.61 -235.91 15.12 1.095 0x0000FF
26.25 -241.19 15.73 25.34 -238.28 14.89 1.095 0x0000FF
26.98 -245.39 16.18 26.25 -241.19 15.73 1.095 0x0000FF
28.26 -250.12 16.79 26.98 -245.39 16.18 1.095 0x0000FF
29.17 -253.4 17.16 28.26 -250.12 16.79 1.095 0x0000FF
30.27 -261.42 17.62 29.17 -253.4 17.16 1.095 0x0000FF
31.0 -268.7 17.92 30.27 -261.42 17.62 1.095 0x0000FF
32.09 -275.45 18.45 31.0 -268.7 17.92 1.095 0x0000FF
36.84 -290.2 19.05 32.09 -275.45 18.45 1.095 0x0000FF
39.76 -295.31 19.44 36.84 -290.2 19.05 1.095 0x0000FF
42.13 -298.22 19.51 39.76 -295.31 19.44 0.73 0x0000FF
46.69 -304.05 19.82 42.13 -298.22 19.51 0.73 0x0000FF
51.43 -311.89 20.19 46.69 -304.05 19.82 0.73 0x0000FF
51.8 -312.25 20.19 51.43 -311.89 20.19 0.73 0x0000FF
53.26 -314.07 19.82 51.8 -312.25 20.19 0.73 0x0000FF
54.9 -316.26 19.13 53.26 -314.07 19.82 0.73 0x0000FF
57.09 -317.89 17.92 54.9 -316.26 19.13 0.73 0x0000FF
59.46 -321.0 17.09 57.09 -317.89 17.92 0.64 0x0000FF
60.74 -322.64 16.55 59.46 -321.0 17.09 0.64 0x0000FF
64.75 -328.29 15.95 60.74 -322.64 16.55 0.64 0x0000FF
67.84 -329.93 14.82 64.75 -328.29 15.95 0.64 0x0000FF
76.43 -336.49 14.13 67.84 -329.93 14.82 0.64 0x0000FF
79.7 -341.22 13.0 76.43 -336.49 14.13 0.64 0x0000FF
81.17 -343.59 12.62 79.7 -341.22 13.0 0.64 0x0000FF
86.83 -350.03 12.09 81.17 -343.59 12.62 0.545 0x0000FF
91.03 -351.85 11.64 86.83 -350.03 12.09 0.455 0x0000FF
96.13 -353.13 11.41 91.03 -351.85 11.64 0.455 0x0000FF
98.32 -355.13 11.41 96.13 -353.13 11.41 0.275 0x0000FF
99.97 -357.32 11.41 98.32 -355.13 11.41 0.275 0x0000FF
102.52 -359.87 11.41 99.97 -357.32 11.41 0.275 0x0000FF
105.99 -362.6 11.41 102.52 -359.87 11.41 0.275 0x0000FF
86.65 -351.67 12.09 86.83 -350.03 12.09 0.275 0x0000FF
86.46 -355.5 12.09 86.65 -351.67 12.09 0.275 0x0000FF
86.28 -358.78 12.62 86.46 -355.5 12.09 0.275 0x0000FF
86.46 -362.42 12.77 86.28 -358.78 12.62 0.275 0x0000FF
86.28 -364.24 12.92 86.46 -362.42 12.77 0.275 0x0000FF
85.55 -366.07 13.07 86.28 -364.24 12.92 0.275 0x0000FF
39.21 -298.47 19.82 39.76 -295.31 19.44 0.82 0x0000FF
38.84 -302.11 20.27 39.21 -298.47 19.82 0.73 0x0000FF
39.21 -304.85 20.95 38.84 -302.11 20.27 0.73 0x0000FF
39.03 -309.22 21.26 39.21 -304.85 20.95 0.64 0x0000FF
38.29 -313.05 21.56 39.03 -309.22 21.26 0.64 0x0000FF
35.93 -318.51 21.86 38.29 -313.05 21.56 0.64 0x0000FF
33.36 -324.33 22.24 35.93 -318.51 21.86 0.64 0x0000FF
31.55 -328.72 21.18 33.36 -324.33 22.24 0.64 0x0000FF
29.72 -334.36 20.88 31.55 -328.72 21.18 0.64 0x0000FF
28.26 -338.37 19.89 29.72 -334.36 20.88 0.64 0x0000FF
26.07 -343.84 19.66 28.26 -338.37 19.89 0.64 0x0000FF
24.61 -349.3 19.13 26.07 -343.84 19.66 0.64 0x0000FF
22.97 -356.41 18.53 24.61 -349.3 19.13 0.545 0x0000FF
22.06 -360.78 18.38 22.97 -356.41 18.53 0.545 0x0000FF
21.33 -365.7 18.07 22.06 -360.78 18.38 0.545 0x0000FF
20.96 -369.35 18.07 21.33 -365.7 18.07 0.545 0x0000FF
19.5 -375.9 17.7 20.96 -369.35 18.07 0.545 0x0000FF
19.14 -377.36 17.39 19.5 -375.9 17.7 0.545 0x0000FF
18.23 -379.18 18.14 19.14 -377.36 17.39 0.545 0x0000FF
15.86 -383.56 19.05 18.23 -379.18 18.14 0.545 0x0000FF
13.85 -386.84 19.36 15.86 -383.56 19.05 0.545 0x0000FF
11.29 -390.48 19.73 13.85 -386.84 19.36 0.545 0x0000FF
8.92 -394.67 20.57 11.29 -390.48 19.73 0.545 0x0000FF
6.19 -398.5 21.18 8.92 -394.67 20.57 0.545 0x0000FF
3.27 -402.14 21.79 6.19 -398.5 21.18 0.545 0x0000FF
-2.39 -409.07 22.54 3.27 -402.14 21.79 0.455 0x0000FF
-4.94 -412.89 22.69 -2.39 -409.07 22.54 0.455 0x0000FF
-6.95 -418.36 23.07 -4.94 -412.89 22.69 0.455 0x0000FF
-8.59 -422.18 23.15 -6.95 -418.36 23.07 0.455 0x0000FF
-11.51 -426.37 23.98 -8.59 -422.18 23.15 0.365 0x0000FF
-13.34 -428.56 23.6 -11.51 -426.37 23.98 0.365 0x0000FF
-14.43 -429.47 22.62 -13.34 -428.56 23.6 0.365 0x0000FF
-16.44 -430.56 22.09 -14.43 -429.47 22.62 0.365 0x0000FF
-18.26 -432.57 21.56 -16.44 -430.56 22.09 0.365 0x0000FF
-19.57 -434.79 20.8 -18.26 -432.57 21.56 0.275 0x0000FF
-19.93 -435.34 19.66 -19.57 -434.79 20.8 0.275 0x0000FF
-20.12 -436.25 18.98 -19.93 -435.34 19.66 0.275 0x0000FF
-23.58 -440.98 18.45 -20.12 -436.25 18.98 0.275 0x0000FF
-26.32 -444.63 18.07 -23.58 -440.98 18.45 0.275 0x0000FF
-29.79 -449.0 17.54 -26.32 -444.63 18.07 0.275 0x0000FF
-34.35 -452.46 17.23 -29.79 -449.0 17.54 0.275 0x0000FF
-38.54 -456.65 16.94 -34.35 -452.46 17.23 0.275 0x0000FF
-41.28 -460.3 16.63 -38.54 -456.65 16.94 0.275 0x0000FF
-44.93 -464.67 16.1 -41.28 -460.3 16.63 0.275 0x0000FF
-54.23 -470.14 15.27 -44.93 -464.67 16.1 0.275 0x0000FF
-58.98 -473.41 14.59 -54.23 -470.14 15.27 0.275 0x0000FF
-63.17 -476.33 14.13 -58.98 -473.41 14.59 0.275 0x0000FF
-69.01 -486.53 13.3 -63.17 -476.33 14.13 0.275 0x0000FF
