8.46 35.92 3.38 4.29 44.64 -1.59 1.165 0x0000FF
8.83 35.31 3.38 8.46 35.92 3.38 1.165 0x0000FF
8.83 34.94 3.38 8.83 35.31 3.38 1.165 0x0000FF
7.73 33.6 3.38 8.83 34.94 3.38 0.49 0x0000FF
6.99 33.11 3.61 7.73 33.6 3.38 0.49 0x0000FF
6.01 32.26 4.05 6.99 33.11 3.61 0.49 0x0000FF
5.64 31.53 4.36 6.01 32.26 4.05 0.49 0x0000FF
4.91 31.05 4.51 5.64 31.53 4.36 0.49 0x0000FF
4.54 30.68 4.67 4.91 31.05 4.51 0.49 0x0000FF
4.05 30.32 5.04 4.54 30.68 4.67 0.49 0x0000FF
3.19 30.19 5.2 4.05 30.32 5.04 0.43 0x0000FF
2.45 30.07 5.73 3.19 30.19 5.2 0.43 0x0000FF
2.21 29.95 5.95 2.45 30.07 5.73 0.43 0x0000FF
1.72 29.95 6.18 2.21 29.95 5.95 0.43 0x0000FF
1.1 29.95 6.48 1.72 29.95 6.18 0.43 0x0000FF
0.49 29.95 6.71 1.1 29.95 6.48 0.43 0x0000FF
0.37 29.95 6.86 0.49 29.95 6.71 0.43 0x0000FF
0.12 29.95 7.17 0.37 29.95 6.86 0.43 0x0000FF
-0.25 29.95 7.32 0.12 29.95 7.17 0.43 0x0000FF
-0.61 29.95 7.54 -0.25 29.95 7.32 0.43 0x0000FF
-0.98 30.07 7.77 -0.61 29.95 7.54 0.43 0x0000FF
-1.47 30.32 8.0 -0.98 30.07 7.77 0.43 0x0000FF
-1.72 30.44 8.07 -1.47 30.32 8.0 0.37 0x0000FF
-2.21 30.8 8.23 -1.72 30.44 8.07 0.37 0x0000FF
-3.07 31.41 8.68 -2.21 30.8 8.23 0.37 0x0000FF
-3.31 31.41 8.91 -3.07 31.41 8.68 0.37 0x0000FF
-3.68 31.66 9.14 -3.31 31.41 8.91 0.37 0x0000FF
-4.17 31.9 9.51 -3.68 31.66 9.14 0.37 0x0000FF
-4.54 31.9 9.74 -4.17 31.9 9.51 0.37 0x0000FF
-5.15 32.02 10.19 -4.54 31.9 9.74 0.37 0x0000FF
-5.64 32.02 10.42 -5.15 32.02 10.19 0.37 0x0000FF
-6.13 32.02 10.73 -5.64 32.02 10.42 0.37 0x0000FF
-6.99 32.02 11.48 -6.13 32.02 10.73 0.37 0x0000FF
-7.36 32.02 11.79 -6.99 32.02 11.48 0.37 0x0000FF
-7.97 32.14 12.01 -7.36 32.02 11.79 0.37 0x0000FF
-8.34 32.14 12.39 -7.97 32.14 12.01 0.37 0x0000FF
-9.19 32.14 13.0 -8.34 32.14 12.39 0.37 0x0000FF
-9.44 32.14 13.23 -9.19 32.14 13.0 0.37 0x0000FF
-10.06 32.14 13.53 -9.44 32.14 13.23 0.37 0x0000FF
-10.3 32.02 13.68 -10.06 32.14 13.53 0.37 0x0000FF
-10.67 32.02 13.91 -10.3 32.02 13.68 0.37 0x0000FF
-11.16 32.02 14.13 -10.67 32.02 13.91 0.37 0x0000FF
-11.53 31.9 14.51 -11.16 32.02 14.13 0.37 0x0000FF
-11.9 31.78 14.82 -11.53 31.9 14.51 0.37 0x0000FF
-12.14 31.41 14.97 -11.9 31.78 14.82 0.37 0x0000FF
-12.51 30.92 15.27 -12.14 31.41 14.97 0.37 0x0000FF
-12.88 30.8 15.5 -12.51 30.92 15.27 0.37 0x0000FF
-13.74 30.56 15.57 -12.88 30.8 15.5 0.37 0x0000FF
-14.48 30.44 15.73 -13.74 30.56 15.57 0.305 0x0000FF
-14.84 30.32 15.88 -14.48 30.44 15.73 0.305 0x0000FF
-15.33 30.32 16.03 -14.84 30.32 15.88 0.305 0x0000FF
-15.82 30.07 16.32 -15.33 30.32 16.03 0.305 0x0000FF
-16.68 30.07 16.41 -15.82 30.07 16.32 0.305 0x0000FF
-17.42 30.07 16.48 -16.68 30.07 16.41 0.305 0x0000FF
9.57 32.99 3.83 8.83 34.94 3.38 0.795 0x0000FF
10.55 31.66 3.61 9.57 32.99 3.83 0.795 0x0000FF
11.29 29.83 3.3 10.55 31.66 3.61 0.795 0x0000FF
12.14 28.49 3.08 11.29 29.83 3.3 0.795 0x0000FF
12.88 26.79 2.85 12.14 28.49 3.08 0.795 0x0000FF
13.37 24.84 2.54 12.88 26.79 2.85 0.795 0x0000FF
13.86 23.86 2.24 13.37 24.84 2.54 0.795 0x0000FF
13.86 23.25 1.86 13.86 23.86 2.24 0.795 0x0000FF
13.98 22.52 2.09 13.86 23.25 1.86 0.795 0x0000FF
13.62 21.18 2.39 13.98 22.52 2.09 0.735 0x0000FF
13.62 20.32 2.85 13.62 21.18 2.39 0.615 0x0000FF
13.74 19.48 3.3 13.62 20.32 2.85 0.615 0x0000FF
13.86 18.63 3.83 13.74 19.48 3.3 0.55 0x0000FF
13.98 18.14 4.44 13.86 18.63 3.83 0.55 0x0000FF
14.11 17.89 4.59 13.98 18.14 4.44 0.55 0x0000FF
14.11 17.53 4.88 14.11 17.89 4.59 0.55 0x0000FF
14.11 17.05 5.12 14.11 17.53 4.88 0.55 0x0000FF
14.11 17.05 5.42 14.11 17.05 5.12 0.55 0x0000FF
14.35 16.44 5.65 14.11 17.05 5.42 0.55 0x0000FF
13.98 15.34 5.65 14.35 16.44 5.65 0.55 0x0000FF
13.98 15.1 6.03 13.98 15.34 5.65 0.55 0x0000FF
13.98 14.85 6.41 13.98 15.1 6.03 0.55 0x0000FF
13.86 14.49 6.94 13.98 14.85 6.41 0.55 0x0000FF
13.62 14.0 7.32 13.86 14.49 6.94 0.55 0x0000FF
13.49 13.76 7.39 13.62 14.0 7.32 0.49 0x0000FF
13.25 12.78 7.77 13.49 13.76 7.39 0.49 0x0000FF
13.25 12.42 8.23 13.25 12.78 7.77 0.49 0x0000FF
12.76 12.05 8.52 13.25 12.42 8.23 0.49 0x0000FF
12.27 11.2 8.68 12.76 12.05 8.52 0.49 0x0000FF
12.14 10.35 9.06 12.27 11.2 8.68 0.49 0x0000FF
11.9 9.86 9.28 12.14 10.35 9.06 0.49 0x0000FF
11.53 8.52 9.44 11.9 9.86 9.28 0.43 0x0000FF
11.41 7.43 9.67 11.53 8.52 9.44 0.43 0x0000FF
14.72 15.34 5.88 14.35 16.44 5.65 0.43 0x0000FF
15.46 14.73 6.11 14.72 15.34 5.88 0.43 0x0000FF
15.95 14.0 6.26 15.46 14.73 6.11 0.37 0x0000FF
16.32 13.27 6.48 15.95 14.0 6.26 0.37 0x0000FF
16.93 12.42 6.79 16.32 13.27 6.48 0.37 0x0000FF
17.91 11.81 7.01 16.93 12.42 6.79 0.37 0x0000FF
18.89 11.32 7.32 17.91 11.81 7.01 0.37 0x0000FF
19.87 10.71 7.39 18.89 11.32 7.32 0.37 0x0000FF
20.73 10.71 7.62 19.87 10.71 7.39 0.37 0x0000FF
21.34 10.71 7.92 20.73 10.71 7.62 0.37 0x0000FF
22.69 9.98 8.23 21.34 10.71 7.92 0.37 0x0000FF
23.43 9.13 8.38 22.69 9.98 8.23 0.37 0x0000FF
24.29 8.4 8.52 23.43 9.13 8.38 0.37 0x0000FF
25.27 7.79 8.76 24.29 8.4 8.52 0.37 0x0000FF
25.64 7.06 8.91 25.27 7.79 8.76 0.37 0x0000FF
26.74 6.21 9.28 25.64 7.06 8.91 0.37 0x0000FF
27.48 5.24 9.51 26.74 6.21 9.28 0.37 0x0000FF
28.09 4.5 9.67 27.48 5.24 9.51 0.37 0x0000FF
28.95 3.53 10.19 28.09 4.5 9.67 0.37 0x0000FF
29.69 2.68 10.35 28.95 3.53 10.19 0.37 0x0000FF
30.3 1.95 10.73 29.69 2.68 10.35 0.37 0x0000FF
30.67 1.1 11.03 30.3 1.95 10.73 0.37 0x0000FF
31.77 0.49 11.33 30.67 1.1 11.03 0.37 0x0000FF
32.88 -0.61 11.56 31.77 0.49 11.33 0.37 0x0000FF
33.61 -1.34 11.56 32.88 -0.61 11.56 0.37 0x0000FF
34.72 -2.31 11.94 33.61 -1.34 11.56 0.37 0x0000FF
35.82 -3.17 12.09 34.72 -2.31 11.94 0.37 0x0000FF
36.45 -4.37 12.32 35.82 -3.17 12.09 0.37 0x0000FF
37.06 -5.34 12.54 36.45 -4.37 12.32 0.37 0x0000FF
37.92 -5.83 12.77 37.06 -5.34 12.54 0.37 0x0000FF
38.65 -6.68 13.0 37.92 -5.83 12.77 0.37 0x0000FF
39.39 -7.41 13.15 38.65 -6.68 13.0 0.37 0x0000FF
40.5 -8.39 13.3 39.39 -7.41 13.15 0.37 0x0000FF
41.73 -9.48 13.6 40.5 -8.39 13.3 0.37 0x0000FF
42.22 -10.09 13.83 41.73 -9.48 13.6 0.37 0x0000FF
42.95 -10.82 13.98 42.22 -10.09 13.83 0.37 0x0000FF
43.93 -11.19 14.06 42.95 -10.82 13.98 0.37 0x0000FF
44.67 -11.43 14.29 43.93 -11.19 14.06 0.37 0x0000FF
45.65 -11.55 14.44 44.67 -11.43 14.29 0.37 0x0000FF
46.51 -11.8 14.67 45.65 -11.55 14.44 0.37 0x0000FF
47.49 -12.4 14.89 46.51 -11.8 14.67 0.37 0x0000FF
47.98 -12.4 15.2 47.49 -12.4 14.89 0.37 0x0000FF
48.59 -12.65 15.42 47.98 -12.4 15.2 0.37 0x0000FF
49.09 -12.65 15.65 48.59 -12.65 15.42 0.37 0x0000FF
49.82 -12.65 15.88 49.09 -12.65 15.65 0.37 0x0000FF
51.05 -12.65 16.1 49.82 -12.65 15.88 0.37 0x0000FF
52.03 -13.01 16.18 51.05 -12.65 16.1 0.37 0x0000FF
52.28 -13.01 16.48 52.03 -13.01 16.18 0.37 0x0000FF
52.89 -13.01 16.79 52.28 -13.01 16.48 0.37 0x0000FF
53.38 -13.01 17.09 52.89 -13.01 16.79 0.37 0x0000FF
54.24 -13.38 17.39 53.38 -13.01 17.09 0.37 0x0000FF
55.46 -13.74 17.85 54.24 -13.38 17.39 0.37 0x0000FF
56.32 -13.74 18.3 55.46 -13.74 17.85 0.37 0x0000FF
57.55 -13.87 18.76 56.32 -13.74 18.3 0.37 0x0000FF
59.02 -13.99 19.13 57.55 -13.87 18.76 0.37 0x0000FF
60.0 -14.47 19.66 59.02 -13.99 19.13 0.37 0x0000FF
61.23 -15.08 20.12 60.0 -14.47 19.66 0.37 0x0000FF
62.58 -15.45 20.65 61.23 -15.08 20.12 0.37 0x0000FF
63.93 -15.81 21.1 62.58 -15.45 20.65 0.37 0x0000FF
64.91 -16.42 21.56 63.93 -15.81 21.1 0.37 0x0000FF
66.87 -16.67 21.86 64.91 -16.42 21.56 0.37 0x0000FF
68.47 -16.67 22.24 66.87 -16.67 21.86 0.37 0x0000FF
70.31 -17.03 22.54 68.47 -16.67 22.24 0.37 0x0000FF
72.27 -17.27 22.92 70.31 -17.03 22.54 0.305 0x0000FF
74.11 -17.64 23.3 72.27 -17.27 22.92 0.305 0x0000FF
75.95 -18.98 23.45 74.11 -17.64 23.3 0.245 0x0000FF
77.42 -19.95 23.68 75.95 -18.98 23.45 0.245 0x0000FF
79.02 -20.93 23.91 77.42 -19.95 23.68 0.245 0x0000FF
80.61 -22.75 23.91 79.02 -20.93 23.91 0.245 0x0000FF
81.34 -23.85 24.06 80.61 -22.75 23.91 0.245 0x0000FF
82.08 -25.19 24.13 81.34 -23.85 24.06 0.245 0x0000FF
82.7 -25.8 24.29 82.08 -25.19 24.13 0.245 0x0000FF
84.41 -27.26 24.29 82.7 -25.8 24.29 0.245 0x0000FF
86.87 -27.74 24.44 84.41 -27.26 24.29 0.245 0x0000FF
89.2 -28.96 24.51 86.87 -27.74 24.44 0.245 0x0000FF
91.28 -30.18 24.51 89.2 -28.96 24.51 0.245 0x0000FF
93.25 -30.91 24.59 91.28 -30.18 24.51 0.245 0x0000FF
94.47 -32.01 24.74 93.25 -30.91 24.59 0.245 0x0000FF
95.7 -32.86 25.04 94.47 -32.01 24.74 0.245 0x0000FF
96.56 -34.2 25.12 95.7 -32.86 25.04 0.245 0x0000FF
98.15 -35.29 25.27 96.56 -34.2 25.12 0.245 0x0000FF
99.14 -36.15 25.42 98.15 -35.29 25.27 0.245 0x0000FF
100.36 -37.36 25.65 99.14 -36.15 25.42 0.245 0x0000FF
14.98 21.32 3.0 13.98 22.52 2.09 0.55 0x0000FF
15.47 19.73 2.62 14.98 21.32 3.0 0.55 0x0000FF
15.72 18.52 2.39 15.47 19.73 2.62 0.55 0x0000FF
15.84 17.18 2.24 15.72 18.52 2.39 0.55 0x0000FF
16.21 16.21 2.0 15.84 17.18 2.24 0.55 0x0000FF
16.32 15.35 1.79 16.21 16.21 2.0 0.55 0x0000FF
16.32 14.26 1.56 16.32 15.35 1.79 0.55 0x0000FF
16.46 13.16 1.26 16.32 14.26 1.56 0.55 0x0000FF
16.46 11.58 1.11 16.46 13.16 1.26 0.55 0x0000FF
16.57 10.24 0.8 16.46 11.58 1.11 0.55 0x0000FF
16.57 8.53 0.57 16.57 10.24 0.8 0.55 0x0000FF
16.57 7.68 0.35 16.57 8.53 0.57 0.55 0x0000FF
16.95 6.35 0.2 16.57 7.68 0.35 0.55 0x0000FF
17.44 5.49 -0.11 16.95 6.35 0.2 0.55 0x0000FF
17.93 4.4 -0.48 17.44 5.49 -0.11 0.55 0x0000FF
18.79 3.06 -0.94 17.93 4.4 -0.48 0.55 0x0000FF
19.64 1.72 -1.24 18.79 3.06 -0.94 0.55 0x0000FF
20.87 0.26 -1.7 19.64 1.72 -1.24 0.55 0x0000FF
22.22 -0.35 -2.15 20.87 0.26 -1.7 0.55 0x0000FF
23.45 -1.08 -2.52 22.22 -0.35 -2.15 0.55 0x0000FF
24.18 -1.81 -2.76 23.45 -1.08 -2.52 0.55 0x0000FF
24.55 -2.18 -2.76 24.18 -1.81 -2.76 0.55 0x0000FF
25.04 -2.54 -3.14 24.55 -2.18 -2.76 0.55 0x0000FF
26.15 -2.66 -3.59 25.04 -2.54 -3.14 0.49 0x0000FF
27.37 -2.54 -3.97 26.15 -2.66 -3.59 0.43 0x0000FF
28.48 -2.66 -4.2 27.37 -2.54 -3.97 0.43 0x0000FF
29.46 -2.79 -4.5 28.48 -2.66 -4.2 0.37 0x0000FF
30.81 -2.79 -5.03 29.46 -2.79 -4.5 0.37 0x0000FF
32.65 -2.91 -5.41 30.81 -2.79 -5.03 0.37 0x0000FF
33.63 -2.91 -5.64 32.65 -2.91 -5.41 0.37 0x0000FF
34.61 -2.66 -5.86 33.63 -2.91 -5.64 0.37 0x0000FF
35.47 -2.42 -6.09 34.61 -2.66 -5.86 0.37 0x0000FF
36.57 -1.45 -6.24 35.47 -2.42 -6.09 0.37 0x0000FF
37.43 -1.08 -6.7 36.57 -1.45 -6.24 0.37 0x0000FF
38.29 -0.59 -7.15 37.43 -1.08 -6.7 0.37 0x0000FF
39.15 -0.84 -7.38 38.29 -0.59 -7.15 0.37 0x0000FF
40.25 -1.32 -7.76 39.15 -0.84 -7.38 0.37 0x0000FF
41.36 -2.06 -8.06 40.25 -1.32 -7.76 0.37 0x0000FF
42.34 -2.54 -8.44 41.36 -2.06 -8.06 0.37 0x0000FF
43.57 -3.39 -8.82 42.34 -2.54 -8.44 0.37 0x0000FF
45.16 -4.0 -9.19 43.57 -3.39 -8.82 0.37 0x0000FF
46.51 -4.25 -9.5 45.16 -4.0 -9.19 0.37 0x0000FF
47.61 -4.13 -9.94 46.51 -4.25 -9.5 0.37 0x0000FF
48.84 -3.64 -10.33 47.61 -4.13 -9.94 0.37 0x0000FF
50.19 -3.15 -10.79 48.84 -3.64 -10.33 0.37 0x0000FF
51.17 -2.66 -11.17 50.19 -3.15 -10.79 0.37 0x0000FF
52.15 -2.06 -11.7 51.17 -2.66 -11.17 0.37 0x0000FF
53.5 -1.57 -12.07 52.15 -2.06 -11.7 0.37 0x0000FF
54.48 -0.59 -12.53 53.5 -1.57 -12.07 0.37 0x0000FF
55.71 0.14 -12.91 54.48 -0.59 -12.53 0.37 0x0000FF
56.81 0.87 -13.36 55.71 0.14 -12.91 0.37 0x0000FF
57.67 2.08 -13.67 56.81 0.87 -13.36 0.37 0x0000FF
58.65 3.18 -13.97 57.67 2.08 -13.67 0.305 0x0000FF
59.27 3.91 -14.27 58.65 3.18 -13.97 0.245 0x0000FF
59.76 4.51 -14.65 59.27 3.91 -14.27 0.305 0x0000FF
60.13 5.13 -14.95 59.76 4.51 -14.65 0.305 0x0000FF
60.62 5.61 -15.33 60.13 5.13 -14.95 0.305 0x0000FF
61.11 5.86 -15.79 60.62 5.61 -15.33 0.305 0x0000FF
61.48 6.22 -16.23 61.11 5.86 -15.79 0.305 0x0000FF
61.72 6.47 -16.62 61.48 6.22 -16.23 0.305 0x0000FF
62.09 6.59 -17.07 61.72 6.47 -16.62 0.305 0x0000FF
62.82 6.83 -17.53 62.09 6.59 -17.07 0.305 0x0000FF
63.44 7.2 -17.82 62.82 6.83 -17.53 0.305 0x0000FF
64.3 7.2 -18.21 63.44 7.2 -17.82 0.305 0x0000FF
65.03 7.32 -18.59 64.3 7.2 -18.21 0.305 0x0000FF
65.89 7.44 -19.12 65.03 7.32 -18.59 0.305 0x0000FF
66.87 7.68 -19.42 65.89 7.44 -19.12 0.305 0x0000FF
67.48 7.81 -19.88 66.87 7.68 -19.42 0.305 0x0000FF
68.59 8.42 -20.26 67.48 7.81 -19.88 0.305 0x0000FF
69.69 8.66 -20.63 68.59 8.42 -20.26 0.305 0x0000FF
70.68 9.02 -21.01 69.69 8.66 -20.63 0.305 0x0000FF
71.66 9.27 -21.39 70.68 9.02 -21.01 0.305 0x0000FF
72.88 9.02 -21.85 71.66 9.27 -21.39 0.305 0x0000FF
74.11 9.15 -22.23 72.88 9.02 -21.85 0.305 0x0000FF
75.45 9.15 -22.68 74.11 9.15 -22.23 0.305 0x0000FF
76.93 8.66 -22.98 75.45 9.15 -22.68 0.305 0x0000FF
78.53 8.53 -23.44 76.93 8.66 -22.98 0.305 0x0000FF
80.37 8.53 -23.74 78.53 8.53 -23.44 0.305 0x0000FF
81.96 8.28 -24.12 80.37 8.53 -23.74 0.305 0x0000FF
83.43 7.93 -24.5 81.96 8.28 -24.12 0.305 0x0000FF
84.41 7.93 -24.88 83.43 7.93 -24.5 0.305 0x0000FF
85.89 7.68 -25.26 84.41 7.93 -24.88 0.305 0x0000FF
86.99 7.32 -25.48 85.89 7.68 -25.26 0.305 0x0000FF
88.22 6.83 -25.71 86.99 7.32 -25.48 0.305 0x0000FF
89.2 6.83 -25.86 88.22 6.83 -25.71 0.305 0x0000FF
89.93 6.59 -25.86 89.2 6.83 -25.86 0.305 0x0000FF
90.92 6.35 -26.01 89.93 6.59 -25.86 0.305 0x0000FF
91.77 6.35 -26.39 90.92 6.35 -26.01 0.305 0x0000FF
92.39 6.1 -26.69 91.77 6.35 -26.39 0.305 0x0000FF
93.0 5.98 -26.92 92.39 6.1 -26.69 0.305 0x0000FF
93.98 5.86 -27.3 93.0 5.98 -26.92 0.305 0x0000FF
94.72 5.86 -28.06 93.98 5.86 -27.3 0.305 0x0000FF
95.82 5.49 -28.21 94.72 5.86 -28.06 0.305 0x0000FF
96.93 4.76 -28.36 95.82 5.49 -28.21 0.245 0x0000FF
98.4 4.4 -28.59 96.93 4.76 -28.36 0.245 0x0000FF
99.14 3.91 -28.97 98.4 4.4 -28.59 0.245 0x0000FF
99.99 3.55 -29.19 99.14 3.91 -28.97 0.245 0x0000FF
100.73 3.55 -29.27 99.99 3.55 -29.19 0.245 0x0000FF
25.41 -3.76 -3.82 25.04 -2.54 -3.14 0.305 0x0000FF
26.15 -4.73 -3.82 25.41 -3.76 -3.82 0.305 0x0000FF
26.51 -5.46 -3.82 26.15 -4.73 -3.82 0.305 0x0000FF
27.37 -6.07 -4.12 26.51 -5.46 -3.82 0.305 0x0000FF
28.23 -7.05 -4.5 27.37 -6.07 -4.12 0.305 0x0000FF
29.09 -8.02 -4.26 28.23 -7.05 -4.5 0.305 0x0000FF
29.83 -9.36 -3.89 29.09 -8.02 -4.26 0.305 0x0000FF
30.44 -10.58 -3.59 29.83 -9.36 -3.89 0.305 0x0000FF
30.81 -11.19 -3.29 30.44 -10.58 -3.59 0.305 0x0000FF
31.54 -11.8 -3.29 30.81 -11.19 -3.29 0.305 0x0000FF
32.28 -12.4 -2.98 31.54 -11.8 -3.29 0.305 0x0000FF
32.4 -12.89 -2.83 32.28 -12.4 -2.98 0.305 0x0000FF
32.65 -13.38 -2.68 32.4 -12.89 -2.83 0.305 0x0000FF
33.02 -13.99 -2.29 32.65 -13.38 -2.68 0.305 0x0000FF
33.02 -14.72 -2.08 33.02 -13.99 -2.29 0.305 0x0000FF
33.02 -15.33 -1.92 33.02 -14.72 -2.08 0.305 0x0000FF
33.26 -16.05 -1.77 33.02 -15.33 -1.92 0.305 0x0000FF
33.63 -16.91 -1.77 33.26 -16.05 -1.77 0.305 0x0000FF
34.11 -17.64 -1.39 33.63 -16.91 -1.77 0.305 0x0000FF
34.72 -18.37 -1.17 34.11 -17.64 -1.39 0.305 0x0000FF
35.59 -18.98 -0.86 34.72 -18.37 -1.17 0.305 0x0000FF
36.45 -20.07 -0.56 35.59 -18.98 -0.86 0.305 0x0000FF
36.94 -20.81 -0.41 36.45 -20.07 -0.56 0.305 0x0000FF
37.06 -22.14 -0.41 36.94 -20.81 -0.41 0.305 0x0000FF
37.06 -22.63 -0.18 37.06 -22.14 -0.41 0.305 0x0000FF
37.19 -23.12 -0.03 37.06 -22.63 -0.18 0.305 0x0000FF
37.19 -23.48 0.05 37.19 -23.12 -0.03 0.305 0x0000FF
37.19 -23.97 0.2 37.19 -23.48 0.05 0.305 0x0000FF
37.19 -24.58 0.42 37.19 -23.97 0.2 0.305 0x0000FF
37.19 -25.68 0.73 37.19 -24.58 0.42 0.305 0x0000FF
37.19 -26.77 0.88 37.19 -25.68 0.73 0.305 0x0000FF
37.19 -27.87 1.11 37.19 -26.77 0.88 0.305 0x0000FF
37.06 -28.96 1.41 37.19 -27.87 1.11 0.305 0x0000FF
36.94 -29.94 1.64 37.06 -28.96 1.41 0.305 0x0000FF
36.45 -31.4 1.86 36.94 -29.94 1.64 0.305 0x0000FF
36.45 -32.97 2.09 36.45 -31.4 1.86 0.305 0x0000FF
36.21 -33.59 2.31 36.45 -32.97 2.09 0.305 0x0000FF
35.96 -34.32 2.39 36.21 -33.59 2.31 0.305 0x0000FF
35.96 -34.93 2.7 35.96 -34.32 2.39 0.305 0x0000FF
35.96 -35.54 2.85 35.96 -34.93 2.7 0.305 0x0000FF
35.96 -36.15 3.0 35.96 -35.54 2.85 0.305 0x0000FF
35.96 -37.24 3.38 35.96 -36.15 3.0 0.305 0x0000FF
35.84 -38.34 3.45 35.96 -37.24 3.38 0.305 0x0000FF
35.96 -39.07 3.76 35.84 -38.34 3.45 0.305 0x0000FF
36.33 -39.79 4.88 35.96 -39.07 3.76 0.305 0x0000FF
36.7 -40.89 5.04 36.33 -39.79 4.88 0.305 0x0000FF
36.94 -42.6 5.2 36.7 -40.89 5.04 0.245 0x0000FF
36.94 -44.06 5.35 36.94 -42.6 5.2 0.245 0x0000FF
37.31 -45.4 5.65 36.94 -44.06 5.35 0.245 0x0000FF
37.79 -46.25 5.88 37.31 -45.4 5.65 0.245 0x0000FF
38.4 -47.22 6.03 37.79 -46.25 5.88 0.245 0x0000FF
39.27 -48.32 6.11 38.4 -47.22 6.03 0.245 0x0000FF
40.61 -49.66 6.18 39.27 -48.32 6.11 0.245 0x0000FF
42.22 -50.39 6.33 40.61 -49.66 6.18 0.245 0x0000FF
42.71 -51.12 6.48 42.22 -50.39 6.33 0.245 0x0000FF
43.69 -51.97 6.56 42.71 -51.12 6.48 0.245 0x0000FF
44.63 -53.02 6.64 43.69 -51.97 6.56 0.245 0x0000FF
45.61 -54.96 6.79 44.63 -53.02 6.64 0.245 0x0000FF
46.72 -56.3 6.94 45.61 -54.96 6.79 0.245 0x0000FF
48.68 -57.64 7.09 46.72 -56.3 6.94 0.245 0x0000FF
49.05 -58.86 7.32 48.68 -57.64 7.09 0.245 0x0000FF
50.03 -59.71 7.32 49.05 -58.86 7.32 0.245 0x0000FF
50.4 -61.05 7.47 50.03 -59.71 7.32 0.245 0x0000FF
50.77 -61.78 7.7 50.4 -61.05 7.47 0.245 0x0000FF
51.38 -63.0 7.77 50.77 -61.78 7.7 0.245 0x0000FF
52.85 -64.95 7.92 51.38 -63.0 7.77 0.245 0x0000FF
54.2 -66.65 8.07 52.85 -64.95 7.92 0.245 0x0000FF
55.06 -67.26 8.07 54.2 -66.65 8.07 0.245 0x0000FF
35.43 -40.22 3.76 35.96 -39.07 3.76 0.305 0x0000FF
35.43 -41.45 4.05 35.43 -40.22 3.76 0.305 0x0000FF
35.19 -42.18 4.21 35.43 -41.45 4.05 0.305 0x0000FF
35.19 -43.28 4.36 35.19 -42.18 4.21 0.305 0x0000FF
35.92 -44.74 4.51 35.19 -43.28 4.36 0.305 0x0000FF
35.92 -46.2 4.67 35.92 -44.74 4.51 0.305 0x0000FF
36.29 -47.42 4.67 35.92 -46.2 4.67 0.305 0x0000FF
36.54 -48.63 5.04 36.29 -47.42 4.67 0.305 0x0000FF
36.54 -50.09 5.2 36.54 -48.63 5.04 0.305 0x0000FF
35.92 -51.68 5.42 36.54 -50.09 5.2 0.305 0x0000FF
35.92 -53.26 5.58 35.92 -51.68 5.42 0.305 0x0000FF
35.43 -54.84 5.8 35.92 -53.26 5.58 0.305 0x0000FF
35.31 -56.3 5.95 35.43 -54.84 5.8 0.305 0x0000FF
34.94 -57.64 6.11 35.31 -56.3 5.95 0.305 0x0000FF
34.57 -59.1 6.18 34.94 -57.64 6.11 0.305 0x0000FF
34.08 -60.44 6.26 34.57 -59.1 6.18 0.305 0x0000FF
33.59 -61.78 6.33 34.08 -60.44 6.26 0.305 0x0000FF
33.47 -63.49 6.56 33.59 -61.78 6.33 0.305 0x0000FF
33.47 -65.06 6.79 33.47 -63.49 6.56 0.305 0x0000FF
33.59 -66.29 6.94 33.47 -65.06 6.79 0.305 0x0000FF
33.71 -67.63 7.01 33.59 -66.29 6.94 0.305 0x0000FF
33.71 -69.33 7.01 33.71 -67.63 7.01 0.305 0x0000FF
33.84 -70.79 7.17 33.71 -69.33 7.01 0.305 0x0000FF
33.84 -72.25 7.32 33.84 -70.79 7.17 0.305 0x0000FF
33.84 -73.7 7.39 33.84 -72.25 7.32 0.305 0x0000FF
33.71 -75.05 7.47 33.84 -73.7 7.39 0.305 0x0000FF
26.23 -7.24 -4.2 26.51 -5.46 -3.82 0.305 0x0000FF
26.23 -8.33 -4.5 26.23 -7.24 -4.2 0.305 0x0000FF
26.11 -9.31 -5.03 26.23 -8.33 -4.5 0.305 0x0000FF
26.11 -9.78 -5.41 26.11 -9.31 -5.03 0.305 0x0000FF
25.99 -10.53 -6.01 26.11 -9.78 -5.41 0.305 0x0000FF
25.74 -11.26 -6.39 25.99 -10.53 -6.01 0.305 0x0000FF
25.37 -12.35 -6.54 25.74 -11.26 -6.39 0.305 0x0000FF
25.13 -13.33 -7.08 25.37 -12.35 -6.54 0.305 0x0000FF
24.64 -14.42 -7.23 25.13 -13.33 -7.08 0.305 0x0000FF
24.76 -15.52 -7.68 24.64 -14.42 -7.23 0.305 0x0000FF
24.64 -16.13 -7.91 24.76 -15.52 -7.68 0.305 0x0000FF
24.51 -17.22 -8.36 24.64 -16.13 -7.91 0.305 0x0000FF
24.76 -17.95 -8.59 24.51 -17.22 -8.36 0.305 0x0000FF
24.76 -18.8 -8.97 24.76 -17.95 -8.59 0.305 0x0000FF
24.51 -20.14 -9.35 24.76 -18.8 -8.97 0.305 0x0000FF
23.66 -21.0 -9.57 24.51 -20.14 -9.35 0.305 0x0000FF
23.04 -21.97 -9.8 23.66 -21.0 -9.57 0.305 0x0000FF
22.67 -23.31 -9.88 23.04 -21.97 -9.8 0.305 0x0000FF
22.67 -24.28 -10.18 22.67 -23.31 -9.88 0.305 0x0000FF
22.67 -25.14 -10.48 22.67 -24.28 -10.18 0.305 0x0000FF
22.55 -25.99 -10.94 22.67 -25.14 -10.48 0.305 0x0000FF
22.55 -26.6 -11.32 22.55 -25.99 -10.94 0.305 0x0000FF
22.43 -27.94 -11.47 22.55 -26.6 -11.32 0.245 0x0000FF
22.06 -28.67 -11.92 22.43 -27.94 -11.47 0.245 0x0000FF
21.94 -29.76 -12.23 22.06 -28.67 -11.92 0.245 0x0000FF
21.57 -31.22 -12.53 21.94 -29.76 -12.23 0.245 0x0000FF
21.45 -32.56 -12.76 21.57 -31.22 -12.53 0.245 0x0000FF
20.83 -33.54 -12.98 21.45 -32.56 -12.76 0.245 0x0000FF
20.1 -35.0 -13.21 20.83 -33.54 -12.98 0.245 0x0000FF
19.61 -36.46 -13.29 20.1 -35.0 -13.21 0.245 0x0000FF
19.61 -37.92 -13.44 19.61 -36.46 -13.29 0.245 0x0000FF
19.61 -39.61 -13.74 19.61 -37.92 -13.44 0.245 0x0000FF
19.61 -41.33 -13.89 19.61 -39.61 -13.74 0.245 0x0000FF
19.73 -43.15 -14.2 19.61 -41.33 -13.89 0.245 0x0000FF
19.73 -44.49 -14.42 19.73 -43.15 -14.2 0.245 0x0000FF
19.73 -46.81 -14.73 19.73 -44.49 -14.42 0.245 0x0000FF
19.61 -49.12 -14.73 19.73 -46.81 -14.73 0.245 0x0000FF
19.48 -50.7 -15.1 19.61 -49.12 -14.73 0.245 0x0000FF
19.61 -52.29 -15.18 19.48 -50.7 -15.1 0.245 0x0000FF
19.98 -53.99 -15.33 19.61 -52.29 -15.18 0.245 0x0000FF
20.34 -55.82 -15.79 19.98 -53.99 -15.33 0.245 0x0000FF
20.47 -56.91 -16.23 20.34 -55.82 -15.79 0.245 0x0000FF
20.71 -58.01 -16.47 20.47 -56.91 -16.23 0.245 0x0000FF
21.32 -59.23 -16.7 20.71 -58.01 -16.47 0.245 0x0000FF
22.18 -60.2 -16.92 21.32 -59.23 -16.7 0.245 0x0000FF
22.92 -61.05 -17.07 22.18 -60.2 -16.92 0.245 0x0000FF
23.66 -61.66 -17.23 22.92 -61.05 -17.07 0.245 0x0000FF
24.64 -62.39 -17.53 23.66 -61.66 -17.23 0.245 0x0000FF
12.27 43.1 -2.76 4.29 44.64 -1.59 1.045 0x0000FF
12.76 42.73 -2.76 12.27 43.1 -2.76 0.86 0x0000FF
13.98 41.64 -2.91 12.76 42.73 -2.76 0.735 0x0000FF
15.58 40.54 -3.21 13.98 41.64 -2.91 0.735 0x0000FF
17.05 39.93 -3.59 15.58 40.54 -3.21 0.675 0x0000FF
18.39 39.08 -3.89 17.05 39.93 -3.59 0.675 0x0000FF
19.26 38.6 -4.2 18.39 39.08 -3.89 0.675 0x0000FF
20.12 38.11 -4.58 19.26 38.6 -4.2 0.675 0x0000FF
21.1 37.5 -4.88 20.12 38.11 -4.58 0.675 0x0000FF
22.08 36.89 -5.26 21.1 37.5 -4.88 0.675 0x0000FF
23.18 36.15 -5.56 22.08 36.89 -5.26 0.675 0x0000FF
24.17 35.43 -5.94 23.18 36.15 -5.56 0.675 0x0000FF
25.15 34.58 -6.24 24.17 35.43 -5.94 0.675 0x0000FF
26.37 33.97 -6.62 25.15 34.58 -6.24 0.675 0x0000FF
27.6 32.99 -6.92 26.37 33.97 -6.62 0.675 0x0000FF
29.07 32.39 -7.3 27.6 32.99 -6.92 0.675 0x0000FF
30.3 31.41 -7.68 29.07 32.39 -7.3 0.675 0x0000FF
31.89 31.05 -8.06 30.3 31.41 -7.68 0.675 0x0000FF
33.24 30.8 -8.28 31.89 31.05 -8.06 0.675 0x0000FF
34.35 30.68 -8.59 33.24 30.8 -8.28 0.675 0x0000FF
35.45 30.68 -8.82 34.35 30.68 -8.59 0.675 0x0000FF
36.43 30.68 -9.27 35.45 30.68 -8.82 0.675 0x0000FF
37.29 30.56 -9.73 36.43 30.68 -9.27 0.675 0x0000FF
38.4 30.19 -10.11 37.29 30.56 -9.73 0.675 0x0000FF
39.5 29.71 -10.64 38.4 30.19 -10.11 0.675 0x0000FF
40.6 28.98 -11.01 39.5 29.71 -10.64 0.675 0x0000FF
41.46 28.49 -11.54 40.6 28.98 -11.01 0.675 0x0000FF
42.32 27.88 -12.0 41.46 28.49 -11.54 0.675 0x0000FF
42.93 27.52 -12.45 42.32 27.88 -12.0 0.675 0x0000FF
44.53 27.03 -12.53 42.93 27.52 -12.45 0.615 0x0000FF
45.88 26.42 -12.83 44.53 27.03 -12.53 0.615 0x0000FF
47.11 25.93 -12.68 45.88 26.42 -12.83 0.615 0x0000FF
48.45 25.93 -12.98 47.11 25.93 -12.68 0.615 0x0000FF
49.85 25.01 -13.21 48.45 25.93 -12.98 0.55 0x0000FF
51.07 24.53 -13.44 49.85 25.01 -13.21 0.55 0x0000FF
52.54 24.16 -13.51 51.07 24.53 -13.44 0.49 0x0000FF
53.77 23.67 -13.82 52.54 24.16 -13.51 0.43 0x0000FF
55.0 23.43 -13.89 53.77 23.67 -13.82 0.37 0x0000FF
55.98 23.19 -14.27 55.0 23.43 -13.89 0.37 0x0000FF
57.08 22.82 -14.65 55.98 23.19 -14.27 0.37 0x0000FF
58.68 22.94 -14.8 57.08 22.82 -14.65 0.37 0x0000FF
59.78 22.94 -15.1 58.68 22.94 -14.8 0.305 0x0000FF
60.89 22.82 -15.33 59.78 22.94 -15.1 0.305 0x0000FF
61.99 22.09 -15.41 60.89 22.82 -15.33 0.305 0x0000FF
63.09 21.24 -15.48 61.99 22.09 -15.41 0.305 0x0000FF
64.56 20.26 -15.63 63.09 21.24 -15.48 0.305 0x0000FF
65.79 19.66 -15.79 64.56 20.26 -15.63 0.305 0x0000FF
67.02 19.29 -15.86 65.79 19.66 -15.79 0.305 0x0000FF
68.25 19.05 -16.01 67.02 19.29 -15.86 0.305 0x0000FF
69.84 18.93 -16.09 68.25 19.05 -16.01 0.305 0x0000FF
71.56 18.93 -16.32 69.84 18.93 -16.09 0.305 0x0000FF
73.4 18.55 -16.39 71.56 18.93 -16.32 0.305 0x0000FF
74.75 18.07 -16.23 73.4 18.55 -16.39 0.305 0x0000FF
75.97 17.71 -16.17 74.75 18.07 -16.23 0.305 0x0000FF
77.2 16.86 -16.01 75.97 17.71 -16.17 0.305 0x0000FF
78.8 16.25 -15.86 77.2 16.86 -16.01 0.305 0x0000FF
79.65 15.76 -15.63 78.8 16.25 -15.86 0.305 0x0000FF
80.39 14.79 -15.86 79.65 15.76 -15.63 0.305 0x0000FF
81.73 13.57 -16.17 80.39 14.79 -15.86 0.305 0x0000FF
82.72 12.84 -16.39 81.73 13.57 -16.17 0.305 0x0000FF
84.19 11.99 -16.62 82.72 12.84 -16.39 0.305 0x0000FF
85.3 11.62 -16.92 84.19 11.99 -16.62 0.305 0x0000FF
86.52 10.77 -17.07 85.3 11.62 -16.92 0.305 0x0000FF
87.87 10.16 -17.14 86.52 10.77 -17.07 0.305 0x0000FF
89.22 9.31 -17.3 87.87 10.16 -17.14 0.305 0x0000FF
90.94 8.82 -17.45 89.22 9.31 -17.3 0.305 0x0000FF
91.92 8.33 -17.53 90.94 8.82 -17.45 0.245 0x0000FF
93.64 7.72 -17.68 91.92 8.33 -17.53 0.245 0x0000FF
95.36 7.36 -17.76 93.64 7.72 -17.68 0.245 0x0000FF
97.07 6.39 -17.82 95.36 7.36 -17.76 0.245 0x0000FF
98.3 5.65 -17.91 97.07 6.39 -17.82 0.245 0x0000FF
100.26 5.17 -17.91 98.3 5.65 -17.91 0.245 0x0000FF
101.74 4.8 -18.05 100.26 5.17 -17.91 0.245 0x0000FF
103.33 3.83 -18.13 101.74 4.8 -18.05 0.245 0x0000FF
104.68 2.49 -18.29 103.33 3.83 -18.13 0.245 0x0000FF
105.66 0.91 -18.36 104.68 2.49 -18.29 0.245 0x0000FF
106.89 -0.43 -18.51 105.66 0.91 -18.36 0.245 0x0000FF
107.87 -1.89 -18.59 106.89 -0.43 -18.51 0.245 0x0000FF
108.6 -3.11 -18.66 107.87 -1.89 -18.59 0.245 0x0000FF
109.22 -4.33 -18.73 108.6 -3.11 -18.66 0.245 0x0000FF
110.2 -5.42 -18.82 109.22 -4.33 -18.73 0.245 0x0000FF
110.81 -7.12 -19.2 110.2 -5.42 -18.82 0.245 0x0000FF
111.42 -8.58 -19.35 110.81 -7.12 -19.2 0.245 0x0000FF
111.79 -10.4 -19.64 111.42 -8.58 -19.35 0.245 0x0000FF
111.91 -11.74 -19.95 111.79 -10.4 -19.64 0.245 0x0000FF
111.91 -13.08 -20.1 111.91 -11.74 -19.95 0.245 0x0000FF
111.67 -14.54 -20.26 111.91 -13.08 -20.1 0.245 0x0000FF
111.42 -16.48 -20.48 111.67 -14.54 -20.26 0.245 0x0000FF
111.17 -17.95 -20.71 111.42 -16.48 -20.48 0.245 0x0000FF
54.63 22.7 -13.82 53.77 23.67 -13.82 0.305 0x0000FF
55.0 21.48 -14.12 54.63 22.7 -13.82 0.245 0x0000FF
55.24 20.51 -13.97 55.0 21.48 -14.12 0.305 0x0000FF
55.86 19.78 -13.51 55.24 20.51 -13.97 0.305 0x0000FF
56.96 18.93 -13.06 55.86 19.78 -13.51 0.305 0x0000FF
58.06 18.19 -12.68 56.96 18.93 -13.06 0.305 0x0000FF
59.54 18.19 -12.23 58.06 18.19 -12.68 0.305 0x0000FF
60.89 18.8 -11.7 59.54 18.19 -12.23 0.305 0x0000FF
62.24 18.93 -11.32 60.89 18.8 -11.7 0.305 0x0000FF
63.71 18.8 -10.79 62.24 18.93 -11.32 0.305 0x0000FF
65.06 18.93 -10.41 63.71 18.8 -10.79 0.305 0x0000FF
66.53 19.17 -10.26 65.06 18.93 -10.41 0.305 0x0000FF
67.88 19.05 -10.26 66.53 19.17 -10.26 0.305 0x0000FF
68.98 18.68 -9.88 67.88 19.05 -10.26 0.305 0x0000FF
69.47 17.82 -9.73 68.98 18.68 -9.88 0.305 0x0000FF
70.58 16.98 -9.57 69.47 17.82 -9.73 0.305 0x0000FF
71.31 16.48 -9.42 70.58 16.98 -9.57 0.305 0x0000FF
73.15 16.0 -9.35 71.31 16.48 -9.42 0.305 0x0000FF
74.13 16.0 -9.03 73.15 16.0 -9.35 0.305 0x0000FF
75.12 15.76 -8.97 74.13 16.0 -9.03 0.305 0x0000FF
76.09 15.52 -8.82 75.12 15.76 -8.97 0.305 0x0000FF
76.95 15.15 -8.59 76.09 15.52 -8.82 0.305 0x0000FF
77.81 14.91 -8.36 76.95 15.15 -8.59 0.305 0x0000FF
78.8 14.42 -8.36 77.81 14.91 -8.36 0.305 0x0000FF
79.78 14.18 -8.14 78.8 14.42 -8.36 0.305 0x0000FF
80.39 13.57 -7.98 79.78 14.18 -8.14 0.305 0x0000FF
81.0 13.45 -7.61 80.39 13.57 -7.98 0.305 0x0000FF
81.48 13.2 -7.45 81.0 13.45 -7.61 0.305 0x0000FF
81.86 12.84 -7.38 81.48 13.2 -7.45 0.305 0x0000FF
82.35 12.23 -7.15 81.86 12.84 -7.38 0.305 0x0000FF
83.09 11.74 -6.92 82.35 12.23 -7.15 0.305 0x0000FF
83.95 11.62 -6.7 83.09 11.74 -6.92 0.305 0x0000FF
84.68 11.62 -6.62 83.95 11.62 -6.7 0.305 0x0000FF
85.79 11.5 -6.54 84.68 11.62 -6.62 0.305 0x0000FF
86.4 11.5 -6.47 85.79 11.5 -6.54 0.305 0x0000FF
49.07 26.66 -13.29 48.45 25.93 -12.98 0.37 0x0000FF
50.17 27.52 -13.74 49.07 26.66 -13.29 0.37 0x0000FF
51.15 28.37 -14.12 50.17 27.52 -13.74 0.305 0x0000FF
52.5 28.98 -14.5 51.15 28.37 -14.12 0.245 0x0000FF
53.48 29.34 -14.88 52.5 28.98 -14.5 0.305 0x0000FF
54.59 29.95 -15.1 53.48 29.34 -14.88 0.305 0x0000FF
56.31 30.8 -15.48 54.59 29.95 -15.1 0.305 0x0000FF
57.9 31.66 -15.86 56.31 30.8 -15.48 0.305 0x0000FF
59.62 32.26 -16.17 57.9 31.66 -15.86 0.305 0x0000FF
60.6 33.11 -16.62 59.62 32.26 -16.17 0.305 0x0000FF
61.83 34.09 -16.92 60.6 33.11 -16.62 0.305 0x0000FF
63.42 34.58 -17.23 61.83 34.09 -16.92 0.305 0x0000FF
65.02 36.15 -17.53 63.42 34.58 -17.23 0.305 0x0000FF
66.36 37.01 -17.91 65.02 36.15 -17.53 0.305 0x0000FF
67.59 37.86 -18.13 66.36 37.01 -17.91 0.305 0x0000FF
69.31 38.72 -18.44 67.59 37.86 -18.13 0.305 0x0000FF
70.66 39.08 -18.82 69.31 38.72 -18.44 0.305 0x0000FF
72.01 39.33 -19.35 70.66 39.08 -18.82 0.305 0x0000FF
73.72 39.45 -19.8 72.01 39.33 -19.35 0.305 0x0000FF
75.2 39.69 -20.26 73.72 39.45 -19.8 0.305 0x0000FF
77.04 39.81 -20.63 75.2 39.69 -20.26 0.305 0x0000FF
78.51 39.93 -21.01 77.04 39.81 -20.63 0.305 0x0000FF
79.98 39.81 -21.32 78.51 39.93 -21.01 0.305 0x0000FF
81.81 40.06 -21.69 79.98 39.81 -21.32 0.305 0x0000FF
83.42 39.93 -22.0 81.81 40.06 -21.69 0.305 0x0000FF
85.34 39.27 -22.45 83.42 39.93 -22.0 0.305 0x0000FF
86.69 38.65 -22.76 85.34 39.27 -22.45 0.305 0x0000FF
88.16 38.17 -23.13 86.69 38.65 -22.76 0.37 0x0000FF
89.88 38.17 -23.36 88.16 38.17 -23.13 0.37 0x0000FF
43.55 26.42 -12.83 42.93 27.52 -12.45 0.49 0x0000FF
44.16 25.57 -13.29 43.55 26.42 -12.83 0.43 0x0000FF
44.77 24.72 -13.74 44.16 25.57 -13.29 0.43 0x0000FF
45.39 23.98 -14.2 44.77 24.72 -13.74 0.43 0x0000FF
46.12 23.38 -14.57 45.39 23.98 -14.2 0.43 0x0000FF
46.49 22.52 -15.03 46.12 23.38 -14.57 0.43 0x0000FF
46.61 22.28 -15.41 46.49 22.52 -15.03 0.43 0x0000FF
46.74 21.92 -15.86 46.61 22.28 -15.41 0.43 0x0000FF
46.86 21.18 -16.39 46.74 21.92 -15.86 0.43 0x0000FF
47.23 20.32 -16.85 46.86 21.18 -16.39 0.43 0x0000FF
47.47 19.23 -17.23 47.23 20.32 -16.85 0.43 0x0000FF
47.6 18.26 -17.68 47.47 19.23 -17.23 0.43 0x0000FF
47.72 17.17 -18.05 47.6 18.26 -17.68 0.43 0x0000FF
47.84 16.19 -18.51 47.72 17.17 -18.05 0.43 0x0000FF
48.45 14.98 -18.89 47.84 16.19 -18.51 0.37 0x0000FF
48.7 14.37 -19.12 48.45 14.98 -18.89 0.305 0x0000FF
49.07 13.39 -19.57 48.7 14.37 -19.12 0.305 0x0000FF
49.07 12.3 -20.03 49.07 13.39 -19.57 0.305 0x0000FF
49.31 11.32 -20.41 49.07 12.3 -20.03 0.305 0x0000FF
49.19 10.11 -20.79 49.31 11.32 -20.41 0.305 0x0000FF
49.19 8.89 -21.09 49.19 10.11 -20.79 0.305 0x0000FF
49.31 7.55 -21.47 49.19 8.89 -21.09 0.305 0x0000FF
49.44 6.45 -21.85 49.31 7.55 -21.47 0.305 0x0000FF
49.56 5.36 -22.15 49.44 6.45 -21.85 0.305 0x0000FF
11.04 52.96 -2.61 4.29 44.64 -1.59 0.86 0x0000FF
11.53 53.81 -2.83 11.04 52.96 -2.61 0.86 0x0000FF
11.78 54.67 -2.98 11.53 53.81 -2.83 0.795 0x0000FF
12.27 55.4 -3.29 11.78 54.67 -2.98 0.795 0x0000FF
12.51 56.37 -3.29 12.27 55.4 -3.29 0.795 0x0000FF
13.0 57.47 -3.59 12.51 56.37 -3.29 0.795 0x0000FF
13.37 58.56 -3.82 13.0 57.47 -3.59 0.795 0x0000FF
13.74 59.54 -3.97 13.37 58.56 -3.82 0.795 0x0000FF
14.23 60.14 -4.12 13.74 59.54 -3.97 0.795 0x0000FF
14.48 61.36 -4.2 14.23 60.14 -4.12 0.795 0x0000FF
15.09 62.46 -4.34 14.48 61.36 -4.2 0.795 0x0000FF
14.72 64.41 -4.12 15.09 62.46 -4.34 0.615 0x0000FF
14.48 65.75 -3.74 14.72 64.41 -4.12 0.55 0x0000FF
13.98 67.56 -3.51 14.48 65.75 -3.74 0.49 0x0000FF
13.49 69.03 -3.21 13.98 67.56 -3.51 0.49 0x0000FF
13.25 70.48 -2.68 13.49 69.03 -3.21 0.43 0x0000FF
13.25 71.95 -2.29 13.25 70.48 -2.68 0.43 0x0000FF
13.37 73.05 -1.85 13.25 71.95 -2.29 0.43 0x0000FF
13.37 74.27 -1.55 13.37 73.05 -1.85 0.43 0x0000FF
13.49 75.36 -1.09 13.37 74.27 -1.55 0.43 0x0000FF
13.86 76.58 -0.71 13.49 75.36 -1.09 0.43 0x0000FF
13.74 77.8 -0.48 13.86 76.58 -0.71 0.37 0x0000FF
13.49 78.65 -0.26 13.74 77.8 -0.48 0.37 0x0000FF
13.49 79.02 -0.11 13.49 78.65 -0.26 0.37 0x0000FF
13.49 79.26 0.05 13.49 79.02 -0.11 0.37 0x0000FF
13.49 79.63 0.2 13.49 79.26 0.05 0.37 0x0000FF
13.49 80.11 0.65 13.49 79.63 0.2 0.37 0x0000FF
13.49 80.72 0.88 13.49 80.11 0.65 0.37 0x0000FF
13.62 81.09 1.18 13.49 80.72 0.88 0.37 0x0000FF
13.98 81.81 1.33 13.62 81.09 1.18 0.37 0x0000FF
14.23 82.43 1.48 13.98 81.81 1.33 0.37 0x0000FF
14.6 82.79 1.48 14.23 82.43 1.48 0.245 0x0000FF
14.97 83.4 1.64 14.6 82.79 1.48 0.245 0x0000FF
14.97 83.76 1.86 14.97 83.4 1.64 0.245 0x0000FF
15.09 84.13 2.09 14.97 83.76 1.86 0.245 0x0000FF
15.09 84.5 2.39 15.09 84.13 2.09 0.245 0x0000FF
15.09 84.74 2.7 15.09 84.5 2.39 0.245 0x0000FF
15.09 85.1 2.77 15.09 84.74 2.7 0.245 0x0000FF
15.09 85.59 3.0 15.09 85.1 2.77 0.245 0x0000FF
15.46 86.2 3.15 15.09 85.59 3.0 0.245 0x0000FF
15.82 86.81 3.61 15.46 86.2 3.15 0.245 0x0000FF
15.95 87.17 4.13 15.82 86.81 3.61 0.245 0x0000FF
16.19 87.42 4.44 15.95 87.17 4.13 0.245 0x0000FF
16.44 88.15 4.67 16.19 87.42 4.44 0.245 0x0000FF
16.64 88.75 4.74 16.44 88.15 4.67 0.245 0x0000FF
16.88 89.48 5.27 16.64 88.75 4.74 0.245 0x0000FF
17.25 89.85 5.58 16.88 89.48 5.27 0.245 0x0000FF
17.37 89.97 5.88 17.25 89.85 5.58 0.245 0x0000FF
17.5 90.33 6.11 17.37 89.97 5.88 0.245 0x0000FF
17.62 90.7 6.48 17.5 90.33 6.11 0.245 0x0000FF
17.62 90.94 6.79 17.62 90.7 6.48 0.245 0x0000FF
17.87 91.55 7.32 17.62 90.94 6.79 0.245 0x0000FF
17.87 91.67 7.62 17.87 91.55 7.32 0.245 0x0000FF
17.87 92.28 8.15 17.87 91.67 7.62 0.245 0x0000FF
17.98 92.65 8.52 17.87 92.28 8.15 0.245 0x0000FF
17.98 92.89 8.83 17.98 92.65 8.52 0.245 0x0000FF
18.23 93.5 9.14 17.98 92.89 8.83 0.245 0x0000FF
18.36 93.74 9.44 18.23 93.5 9.14 0.245 0x0000FF
18.36 94.11 9.74 18.36 93.74 9.44 0.245 0x0000FF
18.36 94.35 10.03 18.36 94.11 9.74 0.245 0x0000FF
18.36 95.08 10.35 18.36 94.35 10.03 0.245 0x0000FF
14.4 78.15 -1.24 13.86 76.58 -0.71 0.305 0x0000FF
14.89 79.13 -1.02 14.4 78.15 -1.24 0.305 0x0000FF
15.51 79.98 -0.79 14.89 79.13 -1.02 0.305 0x0000FF
15.88 80.83 -0.56 15.51 79.98 -0.79 0.305 0x0000FF
16.61 81.68 -0.33 15.88 80.83 -0.56 0.305 0x0000FF
17.22 82.78 -0.18 16.61 81.68 -0.33 0.305 0x0000FF
17.84 84.24 -0.11 17.22 82.78 -0.18 0.245 0x0000FF
18.45 85.46 0.12 17.84 84.24 -0.11 0.245 0x0000FF
19.3 86.43 0.35 18.45 85.46 0.12 0.245 0x0000FF
20.05 87.65 0.42 19.3 86.43 0.35 0.245 0x0000FF
20.29 88.74 0.57 20.05 87.65 0.42 0.245 0x0000FF
20.54 90.33 0.8 20.29 88.74 0.57 0.245 0x0000FF
20.66 91.91 0.95 20.54 90.33 0.8 0.245 0x0000FF
20.66 93.13 1.11 20.66 91.91 0.95 0.245 0x0000FF
20.66 94.22 1.18 20.66 93.13 1.11 0.245 0x0000FF
20.78 95.56 1.26 20.66 94.22 1.18 0.245 0x0000FF
20.78 97.15 1.41 20.78 95.56 1.26 0.245 0x0000FF
21.38 98.56 1.56 20.78 97.15 1.41 0.245 0x0000FF
21.75 100.02 1.56 21.38 98.56 1.56 0.245 0x0000FF
22.36 101.36 1.71 21.75 100.02 1.56 0.245 0x0000FF
22.97 103.43 1.94 22.36 101.36 1.71 0.245 0x0000FF
23.1 105.38 2.0 22.97 103.43 1.94 0.245 0x0000FF
23.1 106.96 2.17 23.1 105.38 2.0 0.245 0x0000FF
23.1 107.94 2.09 23.1 106.96 2.17 0.245 0x0000FF
23.1 109.28 1.64 23.1 107.94 2.09 0.245 0x0000FF
23.34 110.74 1.41 23.1 109.28 1.64 0.245 0x0000FF
23.59 112.32 1.86 23.34 110.74 1.41 0.245 0x0000FF
23.59 114.02 1.94 23.59 112.32 1.86 0.245 0x0000FF
23.59 115.36 2.09 23.59 114.02 1.94 0.245 0x0000FF
23.59 116.95 2.24 23.59 115.36 2.09 0.245 0x0000FF
23.71 118.77 2.31 23.59 116.95 2.24 0.245 0x0000FF
23.83 120.23 2.39 23.71 118.77 2.31 0.245 0x0000FF
23.83 121.45 2.62 23.83 120.23 2.39 0.245 0x0000FF
23.96 123.03 2.77 23.83 121.45 2.62 0.245 0x0000FF
24.2 124.25 2.62 23.96 123.03 2.77 0.245 0x0000FF
24.45 125.71 2.62 24.2 124.25 2.62 0.245 0x0000FF
24.94 127.05 2.7 24.45 125.71 2.62 0.245 0x0000FF
25.67 129.0 2.85 24.94 127.05 2.7 0.245 0x0000FF
27.64 130.22 2.92 25.67 129.0 2.85 0.245 0x0000FF
28.86 131.19 3.0 27.64 130.22 2.92 0.185 0x0000FF
29.6 132.41 3.08 28.86 131.19 3.0 0.185 0x0000FF
30.7 133.51 3.23 29.6 132.41 3.08 0.185 0x0000FF
31.44 134.36 3.0 30.7 133.51 3.23 0.185 0x0000FF
32.04 134.72 2.54 31.44 134.36 3.0 0.185 0x0000FF
33.52 134.84 2.39 32.04 134.72 2.54 0.185 0x0000FF
35.11 134.97 2.17 33.52 134.84 2.39 0.185 0x0000FF
36.1 135.33 2.0 35.11 134.97 2.17 0.185 0x0000FF
37.08 136.43 1.94 36.1 135.33 2.0 0.185 0x0000FF
38.31 136.91 1.71 37.08 136.43 1.94 0.185 0x0000FF
39.04 137.4 1.56 38.31 136.91 1.71 0.185 0x0000FF
39.29 138.25 1.41 39.04 137.4 1.56 0.185 0x0000FF
39.9 139.35 1.33 39.29 138.25 1.41 0.185 0x0000FF
15.98 64.34 -4.5 15.09 62.46 -4.34 0.795 0x0000FF
16.84 65.69 -4.58 15.98 64.34 -4.5 0.795 0x0000FF
17.57 66.79 -4.58 16.84 65.69 -4.58 0.675 0x0000FF
18.07 67.64 -4.65 17.57 66.79 -4.58 0.615 0x0000FF
18.44 67.88 -4.8 18.07 67.64 -4.65 0.615 0x0000FF
19.17 68.86 -4.8 18.44 67.88 -4.8 0.615 0x0000FF
19.05 70.06 -4.8 19.17 68.86 -4.8 0.55 0x0000FF
19.54 71.41 -4.88 19.05 70.06 -4.8 0.49 0x0000FF
19.54 72.87 -4.88 19.54 71.41 -4.88 0.49 0x0000FF
19.54 74.33 -4.95 19.54 72.87 -4.88 0.49 0x0000FF
19.66 75.67 -4.95 19.54 74.33 -4.95 0.43 0x0000FF
19.79 77.26 -5.03 19.66 75.67 -4.95 0.43 0x0000FF
20.03 78.72 -5.11 19.79 77.26 -5.03 0.43 0x0000FF
20.39 80.06 -5.18 20.03 78.72 -5.11 0.43 0x0000FF
21.01 81.52 -5.18 20.39 80.06 -5.18 0.43 0x0000FF
21.5 83.47 -5.03 21.01 81.52 -5.18 0.43 0x0000FF
22.12 85.41 -5.03 21.5 83.47 -5.03 0.43 0x0000FF
22.73 86.63 -4.88 22.12 85.41 -5.03 0.43 0x0000FF
23.1 87.97 -4.73 22.73 86.63 -4.88 0.43 0x0000FF
23.96 89.07 -4.58 23.1 87.97 -4.73 0.43 0x0000FF
25.06 89.8 -4.5 23.96 89.07 -4.58 0.37 0x0000FF
25.67 90.65 -4.42 25.06 89.8 -4.5 0.37 0x0000FF
26.65 91.62 -4.2 25.67 90.65 -4.42 0.37 0x0000FF
28.25 91.26 -3.97 26.65 91.62 -4.2 0.37 0x0000FF
29.48 90.65 -4.12 28.25 91.26 -3.97 0.37 0x0000FF
30.95 90.77 -3.29 29.48 90.65 -4.12 0.37 0x0000FF
32.04 91.26 -3.29 30.95 90.77 -3.29 0.305 0x0000FF
33.03 91.26 -3.06 32.04 91.26 -3.29 0.305 0x0000FF
33.89 91.38 -2.83 33.03 91.26 -3.06 0.305 0x0000FF
34.63 92.23 -2.68 33.89 91.38 -2.83 0.305 0x0000FF
35.85 92.6 -2.52 34.63 92.23 -2.68 0.305 0x0000FF
37.08 93.21 -2.29 35.85 92.6 -2.52 0.305 0x0000FF
38.19 93.94 -1.85 37.08 93.21 -2.29 0.305 0x0000FF
39.29 94.54 -1.47 38.19 93.94 -1.85 0.305 0x0000FF
40.27 95.03 -1.02 39.29 94.54 -1.47 0.305 0x0000FF
41.25 95.88 -0.71 40.27 95.03 -1.02 0.305 0x0000FF
42.6 96.74 -0.26 41.25 95.88 -0.71 0.305 0x0000FF
43.83 97.83 0.27 42.6 96.74 -0.26 0.245 0x0000FF
45.18 98.93 0.73 43.83 97.83 0.27 0.245 0x0000FF
46.65 100.02 1.18 45.18 98.93 0.73 0.245 0x0000FF
47.75 101.12 1.64 46.65 100.02 1.18 0.245 0x0000FF
49.35 102.09 2.0 47.75 101.12 1.64 0.245 0x0000FF
50.33 103.43 2.39 49.35 102.09 2.0 0.245 0x0000FF
51.43 104.77 2.77 50.33 103.43 2.39 0.245 0x0000FF
53.4 105.87 3.08 51.43 104.77 2.77 0.245 0x0000FF
55.24 107.09 3.38 53.4 105.87 3.08 0.245 0x0000FF
56.83 108.55 3.61 55.24 107.09 3.38 0.245 0x0000FF
58.43 110.13 3.83 56.83 108.55 3.61 0.245 0x0000FF
60.02 111.35 3.83 58.43 110.13 3.83 0.245 0x0000FF
61.0 112.44 3.98 60.02 111.35 3.83 0.245 0x0000FF
62.11 113.78 4.13 61.0 112.44 3.98 0.245 0x0000FF
63.46 115.61 4.13 62.11 113.78 4.13 0.245 0x0000FF
64.44 116.83 4.29 63.46 115.61 4.13 0.245 0x0000FF
65.54 118.16 4.36 64.44 116.83 4.29 0.245 0x0000FF
65.79 119.87 4.44 65.54 118.16 4.36 0.245 0x0000FF
66.4 122.3 4.51 65.79 119.87 4.44 0.245 0x0000FF
67.5 124.37 4.59 66.4 122.3 4.51 0.245 0x0000FF
69.22 125.59 4.67 67.5 124.37 4.59 0.245 0x0000FF
70.2 127.3 4.74 69.22 125.59 4.67 0.245 0x0000FF
71.55 128.51 4.88 70.2 127.3 4.74 0.245 0x0000FF
73.02 129.49 4.97 71.55 128.51 4.88 0.245 0x0000FF
74.25 130.58 5.04 73.02 129.49 4.97 0.245 0x0000FF
75.59 131.31 5.2 74.25 130.58 5.04 0.245 0x0000FF
76.83 132.04 5.2 75.59 131.31 5.2 0.185 0x0000FF
78.42 132.53 5.27 76.83 132.04 5.2 0.185 0x0000FF
79.4 133.26 5.35 78.42 132.53 5.27 0.185 0x0000FF
80.63 134.11 5.42 79.4 133.26 5.35 0.185 0x0000FF
81.98 134.97 5.5 80.63 134.11 5.42 0.185 0x0000FF
83.82 135.94 5.58 81.98 134.97 5.5 0.185 0x0000FF
85.41 136.79 5.73 83.82 135.94 5.58 0.185 0x0000FF
86.76 137.28 5.8 85.41 136.79 5.73 0.185 0x0000FF
88.24 138.13 5.88 86.76 137.28 5.8 0.185 0x0000FF
89.83 138.62 5.95 88.24 138.13 5.88 0.185 0x0000FF
92.65 138.86 6.03 89.83 138.62 5.95 0.185 0x0000FF
94.86 139.22 6.11 92.65 138.86 6.03 0.185 0x0000FF
95.98 139.24 6.18 94.86 139.22 6.11 0.185 0x0000FF
97.82 139.12 6.33 95.98 139.24 6.18 0.185 0x0000FF
99.54 139.85 6.41 97.82 139.12 6.33 0.185 0x0000FF
101.01 141.43 6.64 99.54 139.85 6.41 0.185 0x0000FF
101.99 142.53 6.94 101.01 141.43 6.64 0.185 0x0000FF
102.36 143.75 7.09 101.99 142.53 6.94 0.185 0x0000FF
103.22 144.47 6.94 102.36 143.75 7.09 0.185 0x0000FF
103.59 145.57 6.33 103.22 144.47 6.94 0.185 0x0000FF
104.44 147.28 6.11 103.59 145.57 6.33 0.185 0x0000FF
105.43 148.25 5.8 104.44 147.28 6.11 0.185 0x0000FF
105.55 149.47 5.73 105.43 148.25 5.8 0.185 0x0000FF
105.92 150.81 5.73 105.55 149.47 5.73 0.185 0x0000FF
106.41 152.63 5.5 105.92 150.81 5.73 0.185 0x0000FF
106.41 153.24 5.35 106.41 152.63 5.5 0.185 0x0000FF
27.43 92.96 -4.58 26.65 91.62 -4.2 0.43 0x0000FF
28.28 94.05 -4.58 27.43 92.96 -4.58 0.43 0x0000FF
29.39 95.15 -4.26 28.28 94.05 -4.58 0.37 0x0000FF
30.0 96.61 -4.2 29.39 95.15 -4.26 0.37 0x0000FF
30.98 97.95 -3.97 30.0 96.61 -4.2 0.37 0x0000FF
31.6 99.41 -3.82 30.98 97.95 -3.97 0.37 0x0000FF
31.84 101.12 -3.74 31.6 99.41 -3.82 0.37 0x0000FF
32.21 102.21 -3.74 31.84 101.12 -3.74 0.37 0x0000FF
32.7 103.79 -3.67 32.21 102.21 -3.74 0.37 0x0000FF
33.07 104.65 -3.51 32.7 103.79 -3.67 0.37 0x0000FF
33.56 105.62 -3.36 33.07 104.65 -3.51 0.37 0x0000FF
34.17 106.47 -3.36 33.56 105.62 -3.36 0.305 0x0000FF
34.42 107.2 -3.59 34.17 106.47 -3.36 0.305 0x0000FF
34.54 107.93 -3.67 34.42 107.2 -3.59 0.305 0x0000FF
34.54 108.54 -3.82 34.54 107.93 -3.67 0.305 0x0000FF
34.04 109.76 -4.2 34.54 108.54 -3.82 0.245 0x0000FF
33.93 110.25 -4.26 34.04 109.76 -4.2 0.245 0x0000FF
33.93 110.61 -4.5 33.93 110.25 -4.26 0.245 0x0000FF
33.93 110.73 -4.88 33.93 110.61 -4.5 0.245 0x0000FF
33.68 110.98 -5.26 33.93 110.73 -4.88 0.245 0x0000FF
33.68 111.34 -5.56 33.68 110.98 -5.26 0.245 0x0000FF
33.68 111.83 -6.09 33.68 111.34 -5.56 0.245 0x0000FF
33.31 112.44 -6.32 33.68 111.83 -6.09 0.245 0x0000FF
33.19 112.8 -6.77 33.31 112.44 -6.32 0.245 0x0000FF
32.95 113.41 -7.0 33.19 112.8 -6.77 0.245 0x0000FF
32.58 114.14 -7.38 32.95 113.41 -7.0 0.245 0x0000FF
32.58 115.0 -7.76 32.58 114.14 -7.38 0.245 0x0000FF
32.58 115.36 -8.06 32.58 115.0 -7.76 0.245 0x0000FF
32.58 115.85 -8.36 32.58 115.36 -8.06 0.245 0x0000FF
32.58 116.46 -8.59 32.58 115.85 -8.36 0.245 0x0000FF
32.45 117.06 -8.89 32.58 116.46 -8.59 0.245 0x0000FF
32.21 117.92 -8.97 32.45 117.06 -8.89 0.185 0x0000FF
32.21 118.04 -9.35 32.21 117.92 -8.97 0.185 0x0000FF
31.96 118.77 -9.5 32.21 118.04 -9.35 0.185 0x0000FF
31.96 119.5 -9.8 31.96 118.77 -9.5 0.185 0x0000FF
31.96 120.23 -10.11 31.96 119.5 -9.8 0.185 0x0000FF
31.6 120.72 -10.26 31.96 120.23 -10.11 0.185 0x0000FF
31.47 121.45 -10.48 31.6 120.72 -10.26 0.185 0x0000FF
31.47 122.54 -10.79 31.47 121.45 -10.48 0.185 0x0000FF
31.11 123.52 -11.01 31.47 122.54 -10.79 0.185 0x0000FF
31.11 124.49 -11.32 31.11 123.52 -11.01 0.185 0x0000FF
30.98 125.1 -11.62 31.11 124.49 -11.32 0.185 0x0000FF
30.74 126.32 -12.07 30.98 125.1 -11.62 0.185 0x0000FF
30.49 127.17 -12.38 30.74 126.32 -12.07 0.185 0x0000FF
30.37 128.02 -12.6 30.49 127.17 -12.38 0.185 0x0000FF
30.12 128.75 -12.83 30.37 128.02 -12.6 0.185 0x0000FF
29.76 129.24 -12.98 30.12 128.75 -12.83 0.185 0x0000FF
29.39 130.09 -13.14 29.76 129.24 -12.98 0.185 0x0000FF
29.14 130.82 -13.36 29.39 130.09 -13.14 0.185 0x0000FF
28.9 131.55 -13.59 29.14 130.82 -13.36 0.185 0x0000FF
28.41 132.88 -13.74 28.9 131.55 -13.59 0.185 0x0000FF
28.28 134.11 -13.97 28.41 132.88 -13.74 0.185 0x0000FF
27.92 135.21 -14.2 28.28 134.11 -13.97 0.185 0x0000FF
27.43 136.3 -14.42 27.92 135.21 -14.2 0.185 0x0000FF
27.06 137.15 -14.73 27.43 136.3 -14.42 0.185 0x0000FF
26.69 137.76 -15.03 27.06 137.15 -14.73 0.185 0x0000FF
26.44 138.37 -15.03 26.69 137.76 -15.03 0.185 0x0000FF
26.08 139.1 -15.18 26.44 138.37 -15.03 0.185 0x0000FF
25.83 140.24 -15.18 26.08 139.1 -15.18 0.185 0x0000FF
25.83 141.09 -15.33 25.83 140.24 -15.18 0.185 0x0000FF
25.83 142.07 -15.33 25.83 141.09 -15.33 0.185 0x0000FF
25.83 142.8 -15.41 25.83 142.07 -15.33 0.185 0x0000FF
35.28 109.44 -3.74 34.54 108.54 -3.82 0.305 0x0000FF
36.02 110.53 -3.59 35.28 109.44 -3.74 0.305 0x0000FF
36.63 111.39 -3.36 36.02 110.53 -3.59 0.305 0x0000FF
37.11 112.36 -3.14 36.63 111.39 -3.36 0.305 0x0000FF
37.72 113.46 -3.06 37.11 112.36 -3.14 0.305 0x0000FF
38.1 114.92 -2.83 37.72 113.46 -3.06 0.305 0x0000FF
38.84 116.13 -2.61 38.1 114.92 -2.83 0.305 0x0000FF
39.33 117.23 -2.45 38.84 116.13 -2.61 0.305 0x0000FF
39.94 117.96 -2.38 39.33 117.23 -2.45 0.245 0x0000FF
40.79 118.81 -2.23 39.94 117.96 -2.38 0.245 0x0000FF
41.54 119.66 -2.23 40.79 118.81 -2.23 0.245 0x0000FF
42.15 120.4 -2.08 41.54 119.66 -2.23 0.245 0x0000FF
43.13 121.37 -1.92 42.15 120.4 -2.08 0.245 0x0000FF
43.5 122.34 -1.77 43.13 121.37 -1.92 0.245 0x0000FF
44.11 123.56 -1.7 43.5 122.34 -1.77 0.245 0x0000FF
44.73 125.27 -1.62 44.11 123.56 -1.7 0.245 0x0000FF
45.83 126.48 -1.32 44.73 125.27 -1.62 0.245 0x0000FF
46.69 127.34 -1.24 45.83 126.48 -1.32 0.245 0x0000FF
47.3 128.66 -1.02 46.69 127.34 -1.24 0.245 0x0000FF
47.92 130.01 -0.79 47.3 128.66 -1.02 0.245 0x0000FF
48.77 131.35 -0.71 47.92 130.01 -0.79 0.245 0x0000FF
49.63 132.69 -0.64 48.77 131.35 -0.71 0.245 0x0000FF
50.25 133.66 -0.48 49.63 132.69 -0.64 0.245 0x0000FF
50.98 134.88 -0.26 50.25 133.66 -0.48 0.245 0x0000FF
51.35 135.74 0.05 50.98 134.88 -0.26 0.245 0x0000FF
51.96 136.59 0.2 51.35 135.74 0.05 0.245 0x0000FF
52.45 137.56 0.35 51.96 136.59 0.2 0.245 0x0000FF
53.44 138.9 0.5 52.45 137.56 0.35 0.245 0x0000FF
54.42 140.0 0.57 53.44 138.9 0.5 0.245 0x0000FF
55.03 141.58 0.8 54.42 140.0 0.57 0.245 0x0000FF
55.89 142.55 0.88 55.03 141.58 0.8 0.245 0x0000FF
56.01 143.28 0.88 55.89 142.55 0.88 0.185 0x0000FF
56.87 144.13 0.88 56.01 143.28 0.88 0.185 0x0000FF
57.48 145.72 0.95 56.87 144.13 0.88 0.185 0x0000FF
57.85 146.94 1.11 57.48 145.72 0.95 0.185 0x0000FF
57.97 148.03 1.33 57.85 146.94 1.11 0.185 0x0000FF
58.34 149.37 1.48 57.97 148.03 1.33 0.185 0x0000FF
58.46 150.22 1.56 58.34 149.37 1.48 0.125 0x0000FF
58.71 151.32 1.64 58.46 150.22 1.56 0.125 0x0000FF
58.71 152.9 1.79 58.71 151.32 1.64 0.125 0x0000FF
58.71 154.49 1.86 58.71 152.9 1.79 0.125 0x0000FF
58.96 156.07 1.86 58.71 154.49 1.86 0.125 0x0000FF
20.46 69.22 -4.88 19.17 68.86 -4.8 0.43 0x0000FF
21.32 69.22 -4.88 20.46 69.22 -4.88 0.37 0x0000FF
21.69 69.22 -4.88 21.32 69.22 -4.88 0.37 0x0000FF
22.55 69.22 -5.03 21.69 69.22 -4.88 0.37 0x0000FF
23.68 68.91 -5.03 22.55 69.22 -5.03 0.37 0x0000FF
25.15 68.3 -5.26 23.68 68.91 -5.03 0.37 0x0000FF
26.86 68.55 -5.26 25.15 68.3 -5.26 0.37 0x0000FF
28.7 67.81 -5.33 26.86 68.55 -5.26 0.37 0x0000FF
30.3 66.84 -5.41 28.7 67.81 -5.33 0.37 0x0000FF
32.26 66.23 -5.48 30.3 66.84 -5.41 0.37 0x0000FF
33.72 65.98 -5.79 32.26 66.23 -5.48 0.37 0x0000FF
34.59 65.75 -6.01 33.72 65.98 -5.79 0.37 0x0000FF
35.33 65.75 -6.09 34.59 65.75 -6.01 0.37 0x0000FF
36.31 65.98 -6.32 35.33 65.75 -6.09 0.37 0x0000FF
37.65 66.23 -6.39 36.31 65.98 -6.32 0.305 0x0000FF
38.89 66.11 -6.47 37.65 66.23 -6.39 0.245 0x0000FF
40.24 65.98 -6.62 38.89 66.11 -6.47 0.245 0x0000FF
41.09 65.75 -6.77 40.24 65.98 -6.62 0.245 0x0000FF
42.32 65.62 -6.85 41.09 65.75 -6.77 0.245 0x0000FF
43.67 65.5 -7.08 42.32 65.62 -6.85 0.245 0x0000FF
44.53 65.5 -7.23 43.67 65.5 -7.08 0.245 0x0000FF
45.27 65.38 -7.38 44.53 65.5 -7.23 0.245 0x0000FF
46.37 65.38 -7.45 45.27 65.38 -7.38 0.245 0x0000FF
47.35 65.26 -7.61 46.37 65.38 -7.45 0.245 0x0000FF
48.82 65.5 -7.83 47.35 65.26 -7.61 0.245 0x0000FF
50.29 65.5 -7.98 48.82 65.5 -7.83 0.245 0x0000FF
51.77 65.87 -7.98 50.29 65.5 -7.98 0.245 0x0000FF
52.99 66.23 -8.06 51.77 65.87 -7.98 0.245 0x0000FF
54.1 66.72 -8.28 52.99 66.23 -8.06 0.245 0x0000FF
54.83 67.33 -8.51 54.1 66.72 -8.28 0.245 0x0000FF
55.69 67.56 -8.74 54.83 67.33 -8.51 0.245 0x0000FF
56.55 68.06 -9.03 55.69 67.56 -8.74 0.245 0x0000FF
57.78 68.67 -9.27 56.55 68.06 -9.03 0.245 0x0000FF
59.0 69.15 -9.65 57.78 68.67 -9.27 0.245 0x0000FF
59.49 69.52 -9.88 59.0 69.15 -9.65 0.245 0x0000FF
60.6 69.89 -10.02 59.49 69.52 -9.88 0.245 0x0000FF
61.7 70.37 -10.02 60.6 69.89 -10.02 0.245 0x0000FF
62.68 70.98 -10.26 61.7 70.37 -10.02 0.245 0x0000FF
64.16 71.47 -10.41 62.68 70.98 -10.26 0.245 0x0000FF
65.26 71.47 -10.64 64.16 71.47 -10.41 0.245 0x0000FF
66.61 72.08 -10.79 65.26 71.47 -10.64 0.245 0x0000FF
67.84 72.31 -10.79 66.61 72.08 -10.79 0.245 0x0000FF
69.06 72.31 -11.01 67.84 72.31 -10.79 0.245 0x0000FF
70.17 72.44 -11.17 69.06 72.31 -11.01 0.245 0x0000FF
71.27 72.56 -11.24 70.17 72.44 -11.17 0.245 0x0000FF
72.27 72.29 -11.24 71.27 72.56 -11.24 0.245 0x0000FF
74.11 72.29 -11.32 72.27 72.29 -11.24 0.245 0x0000FF
75.7 72.65 -11.39 74.11 72.29 -11.32 0.245 0x0000FF
77.05 73.02 -11.54 75.7 72.65 -11.39 0.245 0x0000FF
78.15 73.38 -11.62 77.05 73.02 -11.54 0.245 0x0000FF
79.63 73.98 -11.77 78.15 73.38 -11.62 0.245 0x0000FF
80.97 74.59 -11.85 79.63 73.98 -11.77 0.245 0x0000FF
81.83 75.33 -12.0 80.97 74.59 -11.85 0.245 0x0000FF
83.06 75.94 -12.07 81.83 75.33 -12.0 0.245 0x0000FF
84.53 76.55 -12.23 83.06 75.94 -12.07 0.245 0x0000FF
86.0 77.04 -12.38 84.53 76.55 -12.23 0.245 0x0000FF
87.11 77.04 -12.68 86.0 77.04 -12.38 0.245 0x0000FF
88.34 77.04 -12.68 87.11 77.04 -12.68 0.245 0x0000FF
90.05 77.04 -12.38 88.34 77.04 -12.68 0.245 0x0000FF
91.16 77.52 -12.0 90.05 77.04 -12.38 0.245 0x0000FF
92.38 77.65 -12.0 91.16 77.52 -12.0 0.245 0x0000FF
93.36 78.13 -11.92 92.38 77.65 -12.0 0.245 0x0000FF
94.59 78.13 -11.92 93.36 78.13 -11.92 0.245 0x0000FF
95.57 78.25 -11.85 94.59 78.13 -11.92 0.245 0x0000FF
97.29 78.25 -11.7 95.57 78.25 -11.85 0.245 0x0000FF
99.13 78.25 -11.62 97.29 78.25 -11.7 0.245 0x0000FF
100.23 78.73 -11.54 99.13 78.25 -11.62 0.245 0x0000FF
101.46 78.98 -11.32 100.23 78.73 -11.54 0.245 0x0000FF
102.93 79.23 -11.09 101.46 78.98 -11.32 0.245 0x0000FF
104.04 79.11 -11.24 102.93 79.23 -11.09 0.245 0x0000FF
105.39 78.73 -11.47 104.04 79.11 -11.24 0.245 0x0000FF
107.35 78.5 -11.7 105.39 78.73 -11.47 0.245 0x0000FF
108.7 78.5 -11.85 107.35 78.5 -11.7 0.245 0x0000FF
110.17 78.5 -12.07 108.7 78.5 -11.85 0.245 0x0000FF
111.64 79.11 -12.15 110.17 78.5 -12.07 0.245 0x0000FF
112.99 79.11 -12.3 111.64 79.11 -12.15 0.245 0x0000FF
114.46 79.47 -12.53 112.99 79.11 -12.3 0.245 0x0000FF
23.53 69.95 -5.41 22.55 69.22 -5.03 0.37 0x0000FF
24.26 71.05 -5.48 23.53 69.95 -5.41 0.37 0x0000FF
24.75 71.65 -5.79 24.26 71.05 -5.48 0.37 0x0000FF
25.12 72.38 -6.01 24.75 71.65 -5.79 0.37 0x0000FF
25.61 72.87 -6.17 25.12 72.38 -6.01 0.37 0x0000FF
25.98 73.48 -6.47 25.61 72.87 -6.17 0.37 0x0000FF
26.47 74.09 -6.7 25.98 73.48 -6.47 0.37 0x0000FF
27.21 74.58 -6.85 26.47 74.09 -6.7 0.37 0x0000FF
28.19 75.43 -6.92 27.21 74.58 -6.85 0.37 0x0000FF
29.29 76.16 -7.08 28.19 75.43 -6.92 0.37 0x0000FF
30.52 77.01 -7.3 29.29 76.16 -7.08 0.37 0x0000FF
30.89 77.62 -7.53 30.52 77.01 -7.3 0.37 0x0000FF
31.13 77.73 -7.76 30.89 77.62 -7.53 0.37 0x0000FF
31.38 77.98 -7.98 31.13 77.73 -7.76 0.37 0x0000FF
31.75 78.11 -8.21 31.38 77.98 -7.98 0.37 0x0000FF
32.11 78.34 -8.44 31.75 78.11 -8.21 0.37 0x0000FF
32.72 78.72 -8.67 32.11 78.34 -8.44 0.37 0x0000FF
33.22 78.84 -8.97 32.72 78.72 -8.67 0.37 0x0000FF
34.08 79.56 -9.03 33.22 78.84 -8.97 0.37 0x0000FF
34.94 80.05 -9.03 34.08 79.56 -9.03 0.37 0x0000FF
35.67 80.3 -9.19 34.94 80.05 -9.03 0.305 0x0000FF
36.53 80.3 -9.35 35.67 80.3 -9.19 0.305 0x0000FF
37.88 80.54 -9.42 36.53 80.3 -9.35 0.305 0x0000FF
38.86 81.03 -9.65 37.88 80.54 -9.42 0.305 0x0000FF
39.22 81.39 -9.8 38.86 81.03 -9.65 0.305 0x0000FF
39.72 81.64 -9.88 39.22 81.39 -9.8 0.305 0x0000FF
40.33 81.76 -10.18 39.72 81.64 -9.88 0.305 0x0000FF
41.19 82.0 -10.26 40.33 81.76 -10.18 0.305 0x0000FF
41.93 82.73 -10.48 41.19 82.0 -10.26 0.305 0x0000FF
42.79 83.22 -10.64 41.93 82.73 -10.48 0.305 0x0000FF
43.28 83.83 -10.86 42.79 83.22 -10.64 0.305 0x0000FF
44.01 84.44 -11.01 43.28 83.83 -10.86 0.305 0x0000FF
44.87 85.17 -11.24 44.01 84.44 -11.01 0.305 0x0000FF
45.12 85.9 -11.39 44.87 85.17 -11.24 0.305 0x0000FF
45.61 86.51 -11.54 45.12 85.9 -11.39 0.305 0x0000FF
45.98 86.87 -11.77 45.61 86.51 -11.54 0.305 0x0000FF
46.71 87.24 -11.85 45.98 86.87 -11.77 0.305 0x0000FF
47.08 87.6 -12.07 46.71 87.24 -11.85 0.305 0x0000FF
47.69 87.72 -12.15 47.08 87.6 -12.07 0.305 0x0000FF
48.18 88.21 -12.3 47.69 87.72 -12.15 0.305 0x0000FF
49.04 88.7 -12.45 48.18 88.21 -12.3 0.305 0x0000FF
49.53 89.06 -12.6 49.04 88.7 -12.45 0.305 0x0000FF
50.88 89.43 -12.83 49.53 89.06 -12.6 0.305 0x0000FF
51.74 90.16 -12.83 50.88 89.43 -12.83 0.305 0x0000FF
51.99 90.4 -12.98 51.74 90.16 -12.83 0.305 0x0000FF
52.48 90.77 -13.29 51.99 90.4 -12.98 0.305 0x0000FF
52.97 90.89 -13.59 52.48 90.77 -13.29 0.305 0x0000FF
53.21 91.26 -13.74 52.97 90.89 -13.59 0.305 0x0000FF
53.83 91.26 -13.89 53.21 91.26 -13.74 0.305 0x0000FF
54.07 91.26 -14.35 53.83 91.26 -13.89 0.305 0x0000FF
55.05 91.5 -14.65 54.07 91.26 -14.35 0.305 0x0000FF
55.79 91.5 -14.95 55.05 91.5 -14.65 0.305 0x0000FF
56.28 91.74 -15.33 55.79 91.5 -14.95 0.305 0x0000FF
57.26 91.99 -15.71 56.28 91.74 -15.33 0.305 0x0000FF
58.49 92.23 -16.01 57.26 91.99 -15.71 0.305 0x0000FF
59.35 93.08 -16.47 58.49 92.23 -16.01 0.305 0x0000FF
60.08 93.81 -16.77 59.35 93.08 -16.47 0.305 0x0000FF
61.31 94.79 -17.07 60.08 93.81 -16.77 0.305 0x0000FF
62.17 95.52 -17.38 61.31 94.79 -17.07 0.305 0x0000FF
62.41 95.88 -17.6 62.17 95.52 -17.38 0.305 0x0000FF
62.78 96.13 -17.82 62.41 95.88 -17.6 0.305 0x0000FF
63.27 96.73 -18.05 62.78 96.13 -17.82 0.305 0x0000FF
63.89 97.22 -18.36 63.27 96.73 -18.05 0.305 0x0000FF
64.13 97.59 -18.73 63.89 97.22 -18.36 0.305 0x0000FF
64.75 97.95 -19.04 64.13 97.59 -18.73 0.305 0x0000FF
65.23 98.32 -19.27 64.75 97.95 -19.04 0.305 0x0000FF
65.97 98.8 -19.57 65.23 98.32 -19.27 0.305 0x0000FF
66.83 99.29 -19.64 65.97 98.8 -19.57 0.245 0x0000FF
67.81 100.02 -19.8 66.83 99.29 -19.64 0.245 0x0000FF
68.18 100.63 -19.95 67.81 100.02 -19.8 0.245 0x0000FF
68.92 101.36 -20.1 68.18 100.63 -19.95 0.245 0x0000FF
69.77 101.97 -20.26 68.92 101.36 -20.1 0.245 0x0000FF
70.76 102.46 -20.48 69.77 101.97 -20.26 0.245 0x0000FF
71.61 103.19 -20.79 70.76 102.46 -20.48 0.245 0x0000FF
72.11 103.92 -21.01 71.61 103.19 -20.79 0.245 0x0000FF
72.59 104.4 -21.47 72.11 103.92 -21.01 0.245 0x0000FF
72.95 104.77 -21.69 72.59 104.4 -21.47 0.245 0x0000FF
73.45 105.87 -21.92 72.95 104.77 -21.69 0.245 0x0000FF
73.95 107.21 -21.92 73.45 105.87 -21.92 0.245 0x0000FF
74.06 108.42 -22.3 73.95 107.21 -21.92 0.245 0x0000FF
74.44 109.4 -22.53 74.06 108.42 -22.3 0.245 0x0000FF
75.29 110.37 -22.76 74.44 109.4 -22.53 0.245 0x0000FF
75.54 111.22 -22.98 75.29 110.37 -22.76 0.245 0x0000FF
76.15 111.83 -23.13 75.54 111.22 -22.98 0.245 0x0000FF
76.52 112.68 -23.29 76.15 111.83 -23.13 0.245 0x0000FF
76.89 113.54 -23.44 76.52 112.68 -23.29 0.245 0x0000FF
76.89 114.63 -23.66 76.89 113.54 -23.44 0.245 0x0000FF
76.89 115.36 -23.82 76.89 114.63 -23.66 0.245 0x0000FF
77.5 116.58 -23.82 76.89 115.36 -23.82 0.245 0x0000FF
78.19 117.7 -24.04 77.5 116.58 -23.82 0.245 0x0000FF
78.56 118.43 -24.04 78.19 117.7 -24.04 0.245 0x0000FF
79.17 119.16 -24.19 78.56 118.43 -24.04 0.245 0x0000FF
-5.4 47.73 1.11 4.29 44.64 -1.59 1.535 0x0000FF
-6.38 48.09 1.11 -5.4 47.73 1.11 1.535 0x0000FF
-9.08 48.94 1.33 -6.38 48.09 1.11 1.535 0x0000FF
-11.78 50.28 1.71 -9.08 48.94 1.33 1.535 0x0000FF
-14.6 51.62 2.0 -11.78 50.28 1.71 1.535 0x0000FF
-17.3 52.47 2.39 -14.6 51.62 2.0 1.535 0x0000FF
-19.5 53.33 2.77 -17.3 52.47 2.39 1.47 0x0000FF
-21.59 54.06 3.3 -19.5 53.33 2.77 1.47 0x0000FF
-23.68 54.79 3.61 -21.59 54.06 3.3 1.47 0x0000FF
-25.27 55.27 3.98 -23.68 54.79 3.61 1.41 0x0000FF
-28.1 56.79 4.51 -25.27 55.27 3.98 1.045 0x0000FF
-30.56 57.52 4.51 -28.1 56.79 4.51 1.105 0x0000FF
-32.64 58.25 4.88 -30.56 57.52 4.51 1.105 0x0000FF
-34.97 59.23 5.2 -32.64 58.25 4.88 1.105 0x0000FF
-36.08 59.23 5.42 -34.97 59.23 5.2 1.105 0x0000FF
-37.06 59.59 5.65 -36.08 59.23 5.42 1.105 0x0000FF
-38.15 59.84 5.88 -37.06 59.59 5.65 1.105 0x0000FF
-38.65 59.84 6.11 -38.15 59.84 5.88 1.105 0x0000FF
-39.63 60.2 6.26 -38.65 59.84 6.11 1.105 0x0000FF
-42.33 61.11 7.54 -39.63 60.2 6.26 1.105 0x0000FF
-43.8 60.87 7.92 -42.33 61.11 7.54 1.105 0x0000FF
-45.52 60.38 8.3 -43.8 60.87 7.92 1.105 0x0000FF
-47.36 60.51 8.61 -45.52 60.38 8.3 1.105 0x0000FF
-48.71 60.38 8.98 -47.36 60.51 8.61 1.105 0x0000FF
-49.93 60.26 9.21 -48.71 60.38 8.98 1.105 0x0000FF
-50.55 60.14 9.21 -49.93 60.26 9.21 1.105 0x0000FF
-52.63 59.65 9.28 -50.55 60.14 9.21 0.98 0x0000FF
-54.59 59.29 9.82 -52.63 59.65 9.28 0.98 0x0000FF
-56.31 59.04 10.27 -54.59 59.29 9.82 0.98 0x0000FF
-58.03 58.56 10.57 -56.31 59.04 10.27 0.98 0x0000FF
-59.75 58.31 11.03 -58.03 58.56 10.57 0.98 0x0000FF
-61.59 57.83 11.33 -59.75 58.31 11.03 0.98 0x0000FF
-63.18 57.1 11.86 -61.59 57.83 11.33 0.98 0x0000FF
-64.41 56.85 12.32 -63.18 57.1 11.86 0.98 0x0000FF
-65.76 56.37 12.77 -64.41 56.85 12.32 0.98 0x0000FF
-67.13 55.92 13.23 -65.76 56.37 12.77 0.98 0x0000FF
-68.84 55.8 13.6 -67.13 55.92 13.23 0.98 0x0000FF
-70.68 55.92 14.13 -68.84 55.8 13.6 0.98 0x0000FF
-72.77 55.92 14.51 -70.68 55.92 14.13 0.92 0x0000FF
-74.73 55.92 14.97 -72.77 55.92 14.51 0.86 0x0000FF
-76.56 56.29 15.5 -74.73 55.92 14.97 0.795 0x0000FF
-78.41 56.77 15.95 -76.56 56.29 15.5 0.795 0x0000FF
-79.15 56.77 16.41 -78.41 56.77 15.95 0.795 0x0000FF
-80.5 57.14 16.86 -79.15 56.77 16.41 0.795 0x0000FF
-81.48 57.38 17.23 -80.5 57.14 16.86 0.795 0x0000FF
-82.61 57.31 17.77 -81.48 57.38 17.23 0.795 0x0000FF
-83.96 57.68 17.85 -82.61 57.31 17.77 0.795 0x0000FF
-85.31 58.77 18.38 -83.96 57.68 17.85 0.675 0x0000FF
-86.54 59.62 18.68 -85.31 58.77 18.38 0.735 0x0000FF
-88.13 60.23 19.05 -86.54 59.62 18.68 0.735 0x0000FF
-89.11 60.96 19.21 -88.13 60.23 19.05 0.735 0x0000FF
-89.48 61.21 19.51 -89.11 60.96 19.21 0.735 0x0000FF
-89.72 61.45 19.82 -89.48 61.21 19.51 0.735 0x0000FF
-89.97 61.57 19.97 -89.72 61.45 19.82 0.735 0x0000FF
-90.34 61.69 20.19 -89.97 61.57 19.97 0.735 0x0000FF
-90.95 62.18 20.5 -90.34 61.69 20.19 0.735 0x0000FF
-91.44 62.42 20.8 -90.95 62.18 20.5 0.735 0x0000FF
-91.93 62.67 21.03 -91.44 62.42 20.8 0.735 0x0000FF
-92.18 62.91 21.26 -91.93 62.67 21.03 0.735 0x0000FF
-92.42 62.91 21.41 -92.18 62.91 21.26 0.735 0x0000FF
-92.91 63.16 21.41 -92.42 62.91 21.41 0.735 0x0000FF
-94.26 63.52 21.56 -92.91 63.16 21.41 0.43 0x0000FF
-94.63 63.52 21.63 -94.26 63.52 21.56 0.43 0x0000FF
-95.24 63.52 21.71 -94.63 63.52 21.63 0.305 0x0000FF
-95.61 63.52 22.01 -95.24 63.52 21.71 0.305 0x0000FF
-96.1 63.52 22.24 -95.61 63.52 22.01 0.305 0x0000FF
-96.72 63.52 22.47 -96.1 63.52 22.24 0.305 0x0000FF
-97.45 63.52 22.62 -96.72 63.52 22.47 0.305 0x0000FF
-98.31 63.28 22.85 -97.45 63.52 22.62 0.305 0x0000FF
-98.31 62.79 23.07 -98.31 63.28 22.85 0.305 0x0000FF
-98.92 62.79 23.15 -98.31 62.79 23.07 0.305 0x0000FF
-99.29 62.79 23.45 -98.92 62.79 23.15 0.305 0x0000FF
-99.78 62.67 23.53 -99.29 62.79 23.45 0.305 0x0000FF
-100.27 62.67 23.76 -99.78 62.67 23.53 0.305 0x0000FF
-101.38 62.67 23.91 -100.27 62.67 23.76 0.305 0x0000FF
-102.24 62.3 24.29 -101.38 62.67 23.91 0.305 0x0000FF
-103.1 61.94 24.36 -102.24 62.3 24.29 0.305 0x0000FF
-103.95 61.82 24.51 -103.1 61.94 24.36 0.305 0x0000FF
-104.94 61.69 24.66 -103.95 61.82 24.51 0.305 0x0000FF
-93.28 64.37 21.41 -92.91 63.16 21.41 0.615 0x0000FF
-93.28 64.98 21.63 -93.28 64.37 21.41 0.615 0x0000FF
-93.28 65.47 21.71 -93.28 64.98 21.63 0.615 0x0000FF
-93.4 65.83 21.94 -93.28 65.47 21.71 0.615 0x0000FF
-93.4 66.44 22.24 -93.4 65.83 21.94 0.615 0x0000FF
-93.53 66.93 22.39 -93.4 66.44 22.24 0.615 0x0000FF
-93.53 67.29 22.62 -93.53 66.93 22.39 0.615 0x0000FF
-93.53 67.78 22.85 -93.53 67.29 22.62 0.615 0x0000FF
-93.65 68.03 23.15 -93.53 67.78 22.85 0.615 0x0000FF
-93.77 68.63 23.3 -93.65 68.03 23.15 0.615 0x0000FF
-93.77 69.0 23.53 -93.77 68.63 23.3 0.615 0x0000FF
-93.9 69.36 23.6 -93.77 69.0 23.53 0.615 0x0000FF
-93.9 69.84 23.76 -93.9 69.36 23.6 0.615 0x0000FF
-94.26 70.58 23.76 -93.9 69.84 23.76 0.615 0x0000FF
-94.39 71.06 23.91 -94.26 70.58 23.76 0.55 0x0000FF
-94.39 71.56 24.06 -94.39 71.06 23.91 0.55 0x0000FF
-94.39 72.16 24.29 -94.39 71.56 24.06 0.55 0x0000FF
-94.63 72.9 24.36 -94.39 72.16 24.29 0.55 0x0000FF
-85.55 57.43 17.85 -83.96 57.68 17.85 0.55 0x0000FF
-87.03 57.43 18.14 -85.55 57.43 17.85 0.55 0x0000FF
-88.74 57.07 18.45 -87.03 57.43 18.14 0.55 0x0000FF
-90.46 56.22 18.76 -88.74 57.07 18.45 0.55 0x0000FF
-91.81 55.36 19.21 -90.46 56.22 18.76 0.55 0x0000FF
-92.67 54.75 18.91 -91.81 55.36 19.21 0.55 0x0000FF
-94.02 53.78 18.6 -92.67 54.75 18.91 0.55 0x0000FF
-95.37 53.42 18.14 -94.02 53.78 18.6 0.55 0x0000FF
-96.72 53.05 17.85 -95.37 53.42 18.14 0.55 0x0000FF
-98.43 52.56 17.47 -96.72 53.05 17.85 0.55 0x0000FF
-99.78 52.2 17.16 -98.43 52.56 17.47 0.49 0x0000FF
-101.62 52.08 16.86 -99.78 52.2 17.16 0.49 0x0000FF
-102.97 51.83 16.48 -101.62 52.08 16.86 0.49 0x0000FF
-103.95 51.83 16.26 -102.97 51.83 16.48 0.49 0x0000FF
-105.55 51.59 15.88 -103.95 51.83 16.26 0.49 0x0000FF
-107.02 51.1 15.5 -105.55 51.59 15.88 0.49 0x0000FF
-108.37 50.37 15.2 -107.02 51.1 15.5 0.49 0x0000FF
-110.09 49.76 14.97 -108.37 50.37 15.2 0.49 0x0000FF
-111.81 49.03 14.67 -110.09 49.76 14.97 0.43 0x0000FF
-113.77 47.94 14.36 -111.81 49.03 14.67 0.43 0x0000FF
-115.73 47.08 14.21 -113.77 47.94 14.36 0.43 0x0000FF
-117.33 46.11 13.98 -115.73 47.08 14.21 0.43 0x0000FF
-119.41 45.01 13.76 -117.33 46.11 13.98 0.43 0x0000FF
-120.51 44.04 13.53 -119.41 45.01 13.76 0.43 0x0000FF
-121.37 43.92 13.38 -120.51 44.04 13.53 0.43 0x0000FF
-122.11 43.43 13.53 -121.37 43.92 13.38 0.43 0x0000FF
-123.21 42.82 13.76 -122.11 43.43 13.53 0.43 0x0000FF
-124.07 42.21 14.06 -123.21 42.82 13.76 0.43 0x0000FF
-125.18 41.97 14.36 -124.07 42.21 14.06 0.43 0x0000FF
-126.4 41.24 14.51 -125.18 41.97 14.36 0.43 0x0000FF
-127.51 39.9 14.59 -126.4 41.24 14.51 0.43 0x0000FF
-128.86 39.65 14.74 -127.51 39.9 14.59 0.43 0x0000FF
-130.33 38.81 14.82 -128.86 39.65 14.74 0.37 0x0000FF
-131.91 37.95 14.97 -130.33 38.81 14.82 0.305 0x0000FF
-133.27 36.74 15.12 -131.91 37.95 14.97 0.305 0x0000FF
-134.74 35.88 15.27 -133.27 36.74 15.12 0.305 0x0000FF
-135.97 34.79 15.42 -134.74 35.88 15.27 0.305 0x0000FF
-137.19 33.81 15.65 -135.97 34.79 15.42 0.305 0x0000FF
-138.79 32.84 15.88 -137.19 33.81 15.65 0.305 0x0000FF
-140.02 32.22 16.03 -138.79 32.84 15.88 0.305 0x0000FF
-141.25 31.38 16.18 -140.02 32.22 16.03 0.305 0x0000FF
-143.09 30.77 16.41 -141.25 31.38 16.18 0.305 0x0000FF
-143.82 30.28 16.48 -143.09 30.77 16.41 0.305 0x0000FF
-144.68 29.8 16.63 -143.82 30.28 16.48 0.305 0x0000FF
-145.16 29.06 16.79 -144.68 29.8 16.63 0.305 0x0000FF
-146.77 28.21 16.86 -145.16 29.06 16.79 0.305 0x0000FF
-147.99 27.73 17.01 -146.77 28.21 16.86 0.305 0x0000FF
-148.85 27.36 17.16 -147.99 27.73 17.01 0.305 0x0000FF
-150.08 27.12 17.32 -148.85 27.36 17.16 0.305 0x0000FF
-151.18 26.26 17.7 -150.08 27.12 17.32 0.305 0x0000FF
-152.29 25.66 17.77 -151.18 26.26 17.7 0.305 0x0000FF
-153.63 25.53 17.85 -152.29 25.66 17.77 0.305 0x0000FF
-154.99 24.56 18.0 -153.63 25.53 17.85 0.305 0x0000FF
-156.21 24.56 18.07 -154.99 24.56 18.0 0.305 0x0000FF
-157.19 23.59 18.14 -156.21 24.56 18.07 0.305 0x0000FF
-158.3 22.86 18.23 -157.19 23.59 18.14 0.305 0x0000FF
-159.88 22.25 18.3 -158.3 22.86 18.23 0.305 0x0000FF
-161.12 21.64 18.45 -159.88 22.25 18.3 0.305 0x0000FF
-162.47 21.39 18.53 -161.12 21.64 18.45 0.305 0x0000FF
-163.33 21.76 18.45 -162.47 21.39 18.53 0.305 0x0000FF
-164.06 22.13 18.23 -163.33 21.76 18.45 0.305 0x0000FF
-164.55 22.37 18.45 -164.06 22.13 18.23 0.305 0x0000FF
-82.58 56.65 17.39 -81.48 57.38 17.23 0.49 0x0000FF
-83.81 56.04 17.01 -82.58 56.65 17.39 0.49 0x0000FF
-84.67 55.31 17.16 -83.81 56.04 17.01 0.43 0x0000FF
-85.53 54.1 17.39 -84.67 55.31 17.16 0.37 0x0000FF
-86.63 53.0 17.77 -85.53 54.1 17.39 0.305 0x0000FF
-87.98 52.27 18.14 -86.63 53.0 17.77 0.245 0x0000FF
-89.57 51.78 18.68 -87.98 52.27 18.14 0.245 0x0000FF
-91.05 51.29 19.05 -89.57 51.78 18.68 0.245 0x0000FF
-92.64 50.56 19.36 -91.05 51.29 19.05 0.245 0x0000FF
-94.24 50.2 19.66 -92.64 50.56 19.36 0.245 0x0000FF
-95.46 49.83 19.89 -94.24 50.2 19.66 0.245 0x0000FF
-96.94 49.35 19.97 -95.46 49.83 19.89 0.245 0x0000FF
-98.65 48.25 20.12 -96.94 49.35 19.97 0.245 0x0000FF
-99.51 47.76 20.35 -98.65 48.25 20.12 0.245 0x0000FF
-100.49 47.28 20.65 -99.51 47.76 20.35 0.245 0x0000FF
-101.23 47.03 20.88 -100.49 47.28 20.65 0.245 0x0000FF
-102.46 46.79 21.33 -101.23 47.03 20.88 0.245 0x0000FF
-103.31 46.67 21.48 -102.46 46.79 21.33 0.245 0x0000FF
-104.42 46.18 21.63 -103.31 46.67 21.48 0.245 0x0000FF
-105.15 45.94 21.86 -104.42 46.18 21.63 0.245 0x0000FF
-106.38 45.82 22.09 -105.15 45.94 21.86 0.245 0x0000FF
-107.61 45.82 22.24 -106.38 45.82 22.09 0.245 0x0000FF
-108.96 45.57 22.32 -107.61 45.82 22.24 0.245 0x0000FF
-110.67 44.96 22.47 -108.96 45.57 22.32 0.245 0x0000FF
-112.15 44.36 22.62 -110.67 44.96 22.47 0.245 0x0000FF
-113.13 43.87 22.85 -112.15 44.36 22.62 0.245 0x0000FF
-113.99 43.5 23.0 -113.13 43.87 22.85 0.245 0x0000FF
-115.09 42.65 23.07 -113.99 43.5 23.0 0.245 0x0000FF
-115.98 41.97 23.07 -115.09 42.65 23.07 0.245 0x0000FF
-116.96 41.48 23.38 -115.98 41.97 23.07 0.245 0x0000FF
-117.69 41.12 23.68 -116.96 41.48 23.38 0.245 0x0000FF
-118.55 40.63 24.06 -117.69 41.12 23.68 0.245 0x0000FF
-119.41 40.51 24.29 -118.55 40.63 24.06 0.245 0x0000FF
-120.51 39.9 24.44 -119.41 40.51 24.29 0.245 0x0000FF
-121.5 39.17 24.74 -120.51 39.9 24.44 0.245 0x0000FF
-122.23 38.56 24.89 -121.5 39.17 24.74 0.245 0x0000FF
-123.46 37.83 24.97 -122.23 38.56 24.89 0.245 0x0000FF
-51.4 60.87 9.21 -50.55 60.14 9.21 0.675 0x0000FF
-52.14 61.84 9.21 -51.4 60.87 9.21 0.675 0x0000FF
-52.51 62.7 9.44 -52.14 61.84 9.21 0.615 0x0000FF
-52.88 63.55 9.51 -52.51 62.7 9.44 0.49 0x0000FF
-53.49 64.28 9.74 -52.88 63.55 9.51 0.49 0x0000FF
-53.86 64.77 9.89 -53.49 64.28 9.74 0.49 0x0000FF
-54.47 65.38 9.97 -53.86 64.77 9.89 0.49 0x0000FF
-54.96 65.86 9.74 -54.47 65.38 9.97 0.49 0x0000FF
-55.58 66.34 9.74 -54.96 65.86 9.74 0.49 0x0000FF
-56.31 66.95 9.21 -55.58 66.34 9.74 0.49 0x0000FF
-56.8 67.56 9.06 -56.31 66.95 9.21 0.43 0x0000FF
-58.03 68.54 8.68 -56.8 67.56 9.06 0.43 0x0000FF
-59.13 69.27 8.44 -58.03 68.54 8.68 0.43 0x0000FF
-59.5 69.52 8.3 -59.13 69.27 8.44 0.37 0x0000FF
-59.99 69.64 8.0 -59.5 69.52 8.3 0.37 0x0000FF
-60.36 69.64 7.77 -59.99 69.64 8.0 0.37 0x0000FF
-60.85 69.27 7.77 -60.36 69.64 7.77 0.305 0x0000FF
-61.71 69.15 7.62 -60.85 69.27 7.77 0.305 0x0000FF
-62.32 69.39 7.54 -61.71 69.15 7.62 0.305 0x0000FF
-40.61 61.42 6.41 -39.63 60.2 6.26 0.675 0x0000FF
-41.11 63.12 6.71 -40.61 61.42 6.41 0.615 0x0000FF
-41.35 64.58 7.01 -41.11 63.12 6.71 0.55 0x0000FF
-41.35 67.02 7.39 -41.35 64.58 7.01 0.49 0x0000FF
-41.72 68.48 7.7 -41.35 67.02 7.39 0.43 0x0000FF
-41.72 70.19 8.0 -41.72 68.48 7.7 0.43 0x0000FF
-41.84 71.65 8.38 -41.72 70.19 8.0 0.43 0x0000FF
-41.72 73.11 8.68 -41.84 71.65 8.38 0.37 0x0000FF
-41.47 74.69 9.06 -41.72 73.11 8.68 0.37 0x0000FF
-41.47 76.27 9.36 -41.47 74.69 9.06 0.37 0x0000FF
-41.72 78.09 9.67 -41.47 76.27 9.36 0.37 0x0000FF
-41.96 79.68 9.97 -41.72 78.09 9.67 0.37 0x0000FF
-42.21 81.39 10.27 -41.96 79.68 9.97 0.37 0x0000FF
-41.96 83.21 10.65 -42.21 81.39 10.27 0.37 0x0000FF
-41.35 84.55 11.1 -41.96 83.21 10.65 0.37 0x0000FF
-41.23 86.01 11.56 -41.35 84.55 11.1 0.37 0x0000FF
-40.98 87.47 11.94 -41.23 86.01 11.56 0.305 0x0000FF
-40.49 88.45 12.47 -40.98 87.47 11.94 0.305 0x0000FF
-40.25 89.67 12.77 -40.49 88.45 12.47 0.305 0x0000FF
-40.11 91.25 13.15 -40.25 89.67 12.77 0.305 0x0000FF
-39.63 92.71 13.45 -40.11 91.25 13.15 0.305 0x0000FF
-38.9 94.05 13.68 -39.63 92.71 13.45 0.305 0x0000FF
-37.92 95.27 14.06 -38.9 94.05 13.68 0.305 0x0000FF
-37.18 96.73 14.36 -37.92 95.27 14.06 0.305 0x0000FF
-35.95 98.07 14.67 -37.18 96.73 14.36 0.305 0x0000FF
-35.09 100.38 15.04 -35.95 98.07 14.67 0.305 0x0000FF
-34.47 102.33 15.42 -35.09 100.38 15.04 0.305 0x0000FF
-34.11 103.67 15.65 -34.47 102.33 15.42 0.305 0x0000FF
-34.11 105.01 15.88 -34.11 103.67 15.65 0.305 0x0000FF
-33.99 107.14 16.18 -34.11 105.01 15.88 0.305 0x0000FF
-34.35 109.57 16.41 -33.99 107.14 16.18 0.305 0x0000FF
-34.97 111.64 16.79 -34.35 109.57 16.41 0.305 0x0000FF
-35.58 112.86 17.01 -34.97 111.64 16.79 0.305 0x0000FF
-36.68 114.2 17.39 -35.58 112.86 17.01 0.245 0x0000FF
-37.79 116.02 17.7 -36.68 114.2 17.39 0.245 0x0000FF
-38.89 117.36 18.14 -37.79 116.02 17.7 0.245 0x0000FF
-40.24 118.22 18.45 -38.89 117.36 18.14 0.245 0x0000FF
-41.35 118.58 18.45 -40.24 118.22 18.45 0.245 0x0000FF
-42.33 119.07 18.82 -41.35 118.58 18.45 0.245 0x0000FF
-43.92 119.68 19.13 -42.33 119.07 18.82 0.245 0x0000FF
-45.39 120.04 19.51 -43.92 119.68 19.13 0.245 0x0000FF
-46.25 120.41 19.66 -45.39 120.04 19.51 0.245 0x0000FF
-47.11 121.14 19.66 -46.25 120.41 19.66 0.245 0x0000FF
-47.6 122.11 19.73 -47.11 121.14 19.66 0.245 0x0000FF
-47.72 122.96 19.89 -47.6 122.11 19.73 0.245 0x0000FF
-48.22 124.06 20.04 -47.72 122.96 19.89 0.245 0x0000FF
-48.83 124.91 20.12 -48.22 124.06 20.04 0.245 0x0000FF
-27.36 54.91 3.98 -25.27 55.27 3.98 0.92 0x0000FF
-28.83 54.18 4.29 -27.36 54.91 3.98 0.615 0x0000FF
-30.3 53.94 4.67 -28.83 54.18 4.29 0.55 0x0000FF
-32.14 53.21 5.04 -30.3 53.94 4.67 0.49 0x0000FF
-33.49 52.47 5.5 -32.14 53.21 5.04 0.49 0x0000FF
-35.08 51.62 5.12 -33.49 52.47 5.5 0.49 0x0000FF
-36.56 50.77 4.88 -35.08 51.62 5.12 0.49 0x0000FF
-38.4 49.8 4.44 -36.56 50.77 4.88 0.49 0x0000FF
-40.24 49.55 3.98 -38.4 49.8 4.44 0.49 0x0000FF
-41.95 49.07 3.61 -40.24 49.55 3.98 0.49 0x0000FF
-43.67 49.07 3.23 -41.95 49.07 3.61 0.49 0x0000FF
-45.51 48.94 2.77 -43.67 49.07 3.23 0.49 0x0000FF
-47.23 48.46 2.47 -45.51 48.94 2.77 0.49 0x0000FF
-49.07 47.85 2.09 -47.23 48.46 2.47 0.49 0x0000FF
-50.91 47.12 1.94 -49.07 47.85 2.09 0.49 0x0000FF
-52.75 46.27 1.71 -50.91 47.12 1.94 0.49 0x0000FF
-54.83 45.29 1.41 -52.75 46.27 1.71 0.49 0x0000FF
-56.92 44.44 1.26 -54.83 45.29 1.41 0.49 0x0000FF
-58.88 43.71 1.11 -56.92 44.44 1.26 0.49 0x0000FF
-60.23 42.98 0.95 -58.88 43.71 1.11 0.49 0x0000FF
-61.21 42.13 1.26 -60.23 42.98 0.95 0.49 0x0000FF
-61.83 41.52 1.26 -61.21 42.13 1.26 0.49 0x0000FF
-63.34 40.74 1.18 -61.83 41.52 1.26 0.305 0x0000FF
-64.56 40.36 1.41 -63.34 40.74 1.18 0.305 0x0000FF
-65.79 40.01 1.56 -64.56 40.36 1.41 0.305 0x0000FF
-67.14 39.28 1.86 -65.79 40.01 1.56 0.305 0x0000FF
-68.25 39.03 2.09 -67.14 39.28 1.86 0.305 0x0000FF
-70.09 38.54 2.24 -68.25 39.03 2.09 0.305 0x0000FF
-72.29 38.42 2.39 -70.09 38.54 2.24 0.305 0x0000FF
-74.26 37.94 2.7 -72.29 38.42 2.39 0.305 0x0000FF
-77.08 37.94 2.7 -74.26 37.94 2.7 0.305 0x0000FF
-79.04 37.94 2.85 -77.08 37.94 2.7 0.305 0x0000FF
-81.37 37.81 2.92 -79.04 37.94 2.85 0.305 0x0000FF
-83.09 38.42 3.0 -81.37 37.81 2.92 0.305 0x0000FF
-84.32 38.42 3.23 -83.09 38.42 3.0 0.305 0x0000FF
-85.54 38.67 3.45 -84.32 38.42 3.23 0.305 0x0000FF
-87.02 38.54 3.53 -85.54 38.67 3.45 0.305 0x0000FF
-88.24 38.18 3.53 -87.02 38.54 3.53 0.245 0x0000FF
-89.84 37.69 3.68 -88.24 38.18 3.53 0.245 0x0000FF
-91.19 37.08 3.76 -89.84 37.69 3.68 0.245 0x0000FF
-92.66 36.6 3.91 -91.19 37.08 3.76 0.245 0x0000FF
-94.01 35.99 3.98 -92.66 36.6 3.91 0.245 0x0000FF
-95.11 35.14 4.05 -94.01 35.99 3.98 0.245 0x0000FF
-96.71 34.53 4.29 -95.11 35.14 4.05 0.245 0x0000FF
-98.18 34.4 4.44 -96.71 34.53 4.29 0.245 0x0000FF
-99.41 34.15 4.51 -98.18 34.4 4.44 0.245 0x0000FF
-101.0 33.43 4.74 -99.41 34.15 4.51 0.245 0x0000FF
-102.47 33.19 4.82 -101.0 33.43 4.74 0.245 0x0000FF
-103.82 32.7 5.04 -102.47 33.19 4.82 0.245 0x0000FF
-104.8 32.58 5.2 -103.82 32.7 5.04 0.245 0x0000FF
-105.66 32.58 5.42 -104.8 32.58 5.2 0.245 0x0000FF
-106.89 32.46 5.5 -105.66 32.58 5.42 0.245 0x0000FF
-107.75 32.09 5.65 -106.89 32.46 5.5 0.245 0x0000FF
-108.48 31.73 5.8 -107.75 32.09 5.65 0.245 0x0000FF
-109.34 31.61 5.88 -108.48 31.73 5.8 0.245 0x0000FF
-110.2 31.61 5.95 -109.34 31.61 5.88 0.245 0x0000FF
-111.55 31.24 6.33 -110.2 31.61 5.95 0.245 0x0000FF
-112.65 30.75 6.79 -111.55 31.24 6.33 0.245 0x0000FF
-113.76 30.02 7.09 -112.65 30.75 6.79 0.245 0x0000FF
-115.47 29.29 7.47 -113.76 30.02 7.09 0.245 0x0000FF
-116.82 28.93 7.77 -115.47 29.29 7.47 0.245 0x0000FF
-118.42 28.56 8.07 -116.82 28.93 7.77 0.245 0x0000FF
-120.14 28.07 8.44 -118.42 28.56 8.07 0.245 0x0000FF
-121.49 27.71 8.83 -120.14 28.07 8.44 0.245 0x0000FF
-122.83 27.22 9.14 -121.49 27.71 8.83 0.245 0x0000FF
-124.8 26.61 9.51 -122.83 27.22 9.14 0.245 0x0000FF
-126.02 26.25 9.97 -124.8 26.61 9.51 0.245 0x0000FF
-127.99 25.64 10.27 -126.02 26.25 9.97 0.245 0x0000FF
-129.69 24.79 10.73 -127.99 25.64 10.27 0.245 0x0000FF
-130.81 24.06 11.1 -129.69 24.79 10.73 0.245 0x0000FF
-132.28 23.33 11.56 -130.81 24.06 11.1 0.245 0x0000FF
-133.51 22.96 11.86 -132.28 23.33 11.56 0.245 0x0000FF
-134.61 22.6 12.24 -133.51 22.96 11.86 0.245 0x0000FF
-135.59 22.11 12.54 -134.61 22.6 12.24 0.245 0x0000FF
-137.19 21.13 13.0 -135.59 22.11 12.54 0.245 0x0000FF
-138.41 20.53 13.38 -137.19 21.13 13.0 0.245 0x0000FF
-139.76 20.04 13.76 -138.41 20.53 13.38 0.245 0x0000FF
-140.99 19.43 14.06 -139.76 20.04 13.76 0.245 0x0000FF
-143.13 18.43 14.51 -140.99 19.43 14.06 0.245 0x0000FF
-144.84 17.94 14.89 -143.13 18.43 14.51 0.245 0x0000FF
-146.81 17.94 15.2 -144.84 17.94 14.89 0.245 0x0000FF
-148.52 17.82 15.5 -146.81 17.94 15.2 0.245 0x0000FF
-150.36 17.32 15.73 -148.52 17.82 15.5 0.245 0x0000FF
-152.08 16.72 15.88 -150.36 17.32 15.73 0.245 0x0000FF
-153.91 16.11 16.1 -152.08 16.72 15.88 0.245 0x0000FF
-155.38 16.23 15.57 -153.91 16.11 16.1 0.245 0x0000FF
-156.99 16.36 15.27 -155.38 16.23 15.57 0.245 0x0000FF
-158.94 16.23 15.12 -156.99 16.36 15.27 0.245 0x0000FF
-160.41 16.23 14.97 -158.94 16.23 15.12 0.245 0x0000FF
-162.13 16.23 14.82 -160.41 16.23 14.97 0.245 0x0000FF
-163.49 16.36 14.74 -162.13 16.23 14.82 0.245 0x0000FF
-164.47 16.36 14.59 -163.49 16.36 14.74 0.245 0x0000FF
-165.82 16.48 14.21 -164.47 16.36 14.59 0.245 0x0000FF
-167.41 16.6 14.06 -165.82 16.48 14.21 0.245 0x0000FF
-168.52 16.97 13.98 -167.41 16.6 14.06 0.245 0x0000FF
-170.36 17.32 13.83 -168.52 16.97 13.98 0.245 0x0000FF
-171.83 17.32 13.76 -170.36 17.32 13.83 0.245 0x0000FF
-173.79 17.32 13.68 -171.83 17.32 13.76 0.245 0x0000FF
-61.7 39.45 1.26 -61.83 41.52 1.26 0.37 0x0000FF
-61.83 38.22 1.64 -61.7 39.45 1.26 0.37 0x0000FF
-62.07 37.13 1.26 -61.83 38.22 1.64 0.37 0x0000FF
-62.68 36.15 1.03 -62.07 37.13 1.26 0.37 0x0000FF
-63.79 35.43 0.57 -62.68 36.15 1.03 0.37 0x0000FF
-65.06 35.01 0.27 -63.79 35.43 0.57 0.37 0x0000FF
-65.92 34.65 -0.18 -65.06 35.01 0.27 0.37 0x0000FF
-66.9 34.15 -0.48 -65.92 34.65 -0.18 0.37 0x0000FF
-67.88 33.67 -0.86 -66.9 34.15 -0.48 0.37 0x0000FF
-69.23 33.07 -1.09 -67.88 33.67 -0.86 0.37 0x0000FF
-70.58 32.82 -1.39 -69.23 33.07 -1.09 0.37 0x0000FF
-72.17 32.34 -1.7 -70.58 32.82 -1.39 0.37 0x0000FF
-73.4 31.97 -2.0 -72.17 32.34 -1.7 0.37 0x0000FF
-74.87 31.0 -2.38 -73.4 31.97 -2.0 0.37 0x0000FF
-76.7 30.02 -2.61 -74.87 31.0 -2.38 0.37 0x0000FF
-77.69 29.17 -2.68 -76.7 30.02 -2.61 0.305 0x0000FF
-79.41 28.44 -2.76 -77.69 29.17 -2.68 0.305 0x0000FF
-80.39 27.59 -2.98 -79.41 28.44 -2.76 0.305 0x0000FF
-81.5 26.74 -3.14 -80.39 27.59 -2.98 0.305 0x0000FF
-82.72 25.27 -3.36 -81.5 26.74 -3.14 0.305 0x0000FF
-83.7 24.18 -3.44 -82.72 25.27 -3.36 0.305 0x0000FF
-84.93 23.2 -3.67 -83.7 24.18 -3.44 0.305 0x0000FF
-86.03 21.62 -3.67 -84.93 23.2 -3.67 0.305 0x0000FF
-87.14 20.89 -3.82 -86.03 21.62 -3.67 0.305 0x0000FF
-88.36 19.92 -3.89 -87.14 20.89 -3.82 0.305 0x0000FF
-88.98 18.57 -3.97 -88.36 19.92 -3.89 0.305 0x0000FF
