43.55 41.88 -2.29 39.9 33.76 -1.34 0.615 0x0000FF
43.92 42.37 -2.29 43.55 41.88 -2.29 0.615 0x0000FF
44.28 43.34 -2.68 43.92 42.37 -2.29 0.55 0x0000FF
44.65 44.44 -3.14 44.28 43.34 -2.68 0.49 0x0000FF
44.53 46.14 -3.36 44.65 44.44 -3.14 0.43 0x0000FF
44.41 47.24 -3.67 44.53 46.14 -3.36 0.43 0x0000FF
44.28 47.6 -3.89 44.41 47.24 -3.67 0.43 0x0000FF
43.43 49.31 -3.89 44.28 47.6 -3.89 0.37 0x0000FF
42.69 51.14 -4.26 43.43 49.31 -3.89 0.305 0x0000FF
41.83 52.84 -4.58 42.69 51.14 -4.26 0.305 0x0000FF
40.97 54.79 -4.8 41.83 52.84 -4.58 0.305 0x0000FF
40.24 55.64 -5.26 40.97 54.79 -4.8 0.305 0x0000FF
39.99 56.86 -5.56 40.24 55.64 -5.26 0.305 0x0000FF
39.5 57.71 -5.86 39.99 56.86 -5.56 0.305 0x0000FF
39.13 58.93 -5.94 39.5 57.71 -5.86 0.305 0x0000FF
38.76 60.27 -6.32 39.13 58.93 -5.94 0.305 0x0000FF
38.52 60.75 -6.62 38.76 60.27 -6.32 0.305 0x0000FF
38.15 61.48 -6.85 38.52 60.75 -6.62 0.305 0x0000FF
38.64 62.58 -7.0 38.15 61.48 -6.85 0.305 0x0000FF
38.76 63.31 -7.23 38.64 62.58 -7.0 0.305 0x0000FF
38.76 64.04 -7.38 38.76 63.31 -7.23 0.305 0x0000FF
39.25 65.14 -7.53 38.76 64.04 -7.38 0.245 0x0000FF
39.61 65.75 -7.76 39.25 65.14 -7.53 0.245 0x0000FF
39.99 66.34 -7.98 39.61 65.75 -7.76 0.245 0x0000FF
40.11 66.72 -8.28 39.99 66.34 -7.98 0.245 0x0000FF
40.85 67.45 -8.36 40.11 66.72 -8.28 0.245 0x0000FF
41.22 67.69 -8.59 40.85 67.45 -8.36 0.245 0x0000FF
41.46 68.18 -8.97 41.22 67.69 -8.59 0.245 0x0000FF
41.83 69.03 -9.42 41.46 68.18 -8.97 0.245 0x0000FF
37.4 62.21 -7.0 38.15 61.48 -6.85 0.37 0x0000FF
36.68 62.95 -7.38 37.4 62.21 -7.0 0.37 0x0000FF
36.06 63.55 -7.76 36.68 62.95 -7.38 0.37 0x0000FF
35.45 64.41 -8.14 36.06 63.55 -7.76 0.37 0x0000FF
34.72 65.14 -8.51 35.45 64.41 -8.14 0.37 0x0000FF
33.97 65.87 -8.89 34.72 65.14 -8.51 0.37 0x0000FF
33.24 66.72 -9.27 33.97 65.87 -8.89 0.37 0x0000FF
32.75 67.08 -9.57 33.24 66.72 -9.27 0.37 0x0000FF
31.89 67.69 -9.8 32.75 67.08 -9.57 0.37 0x0000FF
31.4 67.81 -10.11 31.89 67.69 -9.8 0.37 0x0000FF
30.67 68.42 -10.33 31.4 67.81 -10.11 0.305 0x0000FF
30.42 68.67 -10.64 30.67 68.42 -10.33 0.305 0x0000FF
30.18 69.15 -10.86 30.42 68.67 -10.64 0.305 0x0000FF
29.69 69.64 -11.01 30.18 69.15 -10.86 0.305 0x0000FF
44.65 49.07 -3.97 44.28 47.6 -3.89 0.49 0x0000FF
45.14 51.01 -4.26 44.65 49.07 -3.97 0.43 0x0000FF
45.88 52.96 -4.58 45.14 51.01 -4.26 0.37 0x0000FF
46.12 54.18 -4.73 45.88 52.96 -4.58 0.37 0x0000FF
46.86 55.64 -4.95 46.12 54.18 -4.73 0.305 0x0000FF
47.47 56.98 -5.18 46.86 55.64 -4.95 0.305 0x0000FF
48.09 58.08 -5.48 47.47 56.98 -5.18 0.305 0x0000FF
48.7 59.17 -5.56 48.09 58.08 -5.48 0.305 0x0000FF
49.31 60.63 -5.86 48.7 59.17 -5.56 0.305 0x0000FF
50.17 61.73 -6.01 49.31 60.63 -5.86 0.305 0x0000FF
50.79 62.95 -6.09 50.17 61.73 -6.01 0.305 0x0000FF
51.52 64.16 -6.32 50.79 62.95 -6.09 0.305 0x0000FF
53.61 65.01 -6.32 51.52 64.16 -6.32 0.305 0x0000FF
55.32 65.26 -6.54 53.61 65.01 -6.32 0.305 0x0000FF
56.31 65.5 -6.77 55.32 65.26 -6.54 0.305 0x0000FF
57.65 66.34 -6.85 56.31 65.5 -6.77 0.305 0x0000FF
58.76 67.69 -7.0 57.65 66.34 -6.85 0.305 0x0000FF
60.23 68.18 -7.0 58.76 67.69 -7.0 0.305 0x0000FF
61.58 68.67 -7.15 60.23 68.18 -7.0 0.305 0x0000FF
62.68 69.52 -7.3 61.58 68.67 -7.15 0.305 0x0000FF
64.16 70.13 -7.38 62.68 69.52 -7.3 0.305 0x0000FF
65.14 70.62 -7.61 64.16 70.13 -7.38 0.305 0x0000FF
65.87 71.09 -7.91 65.14 70.62 -7.61 0.305 0x0000FF
67.47 71.22 -8.14 65.87 71.09 -7.91 0.305 0x0000FF
68.7 72.44 -8.14 67.47 71.22 -8.14 0.305 0x0000FF
69.55 73.54 -8.28 68.7 72.44 -8.14 0.305 0x0000FF
69.92 74.27 -8.44 69.55 73.54 -8.28 0.305 0x0000FF
70.78 74.51 -8.74 69.92 74.27 -8.44 0.305 0x0000FF
72.98 75.48 -9.03 70.78 74.51 -8.74 0.305 0x0000FF
74.95 75.73 -9.19 72.98 75.48 -9.03 0.305 0x0000FF
76.55 76.7 -9.35 74.95 75.73 -9.19 0.305 0x0000FF
78.14 77.8 -9.5 76.55 76.7 -9.35 0.305 0x0000FF
79.48 78.77 -9.57 78.14 77.8 -9.5 0.305 0x0000FF
81.2 79.75 -9.73 79.48 78.77 -9.57 0.305 0x0000FF
83.32 81.2 -9.73 81.2 79.75 -9.73 0.305 0x0000FF
84.55 82.18 -9.8 83.32 81.2 -9.73 0.305 0x0000FF
85.78 83.03 -9.94 84.55 82.18 -9.8 0.305 0x0000FF
86.88 83.76 -10.02 85.78 83.03 -9.94 0.305 0x0000FF
88.11 84.49 -10.11 86.88 83.76 -10.02 0.305 0x0000FF
89.46 84.98 -10.18 88.11 84.49 -10.11 0.305 0x0000FF
90.68 86.44 -10.41 89.46 84.98 -10.18 0.305 0x0000FF
92.89 87.41 -10.56 90.68 86.44 -10.41 0.305 0x0000FF
93.14 88.75 -10.79 92.89 87.41 -10.56 0.305 0x0000FF
94.73 90.34 -10.79 93.14 88.75 -10.79 0.305 0x0000FF
95.47 91.92 -10.86 94.73 90.34 -10.79 0.305 0x0000FF
96.45 93.38 -11.01 95.47 91.92 -10.86 0.305 0x0000FF
97.31 94.6 -11.01 96.45 93.38 -11.01 0.245 0x0000FF
99.39 96.06 -11.09 97.31 94.6 -11.01 0.245 0x0000FF
100.5 97.4 -11.17 99.39 96.06 -11.09 0.245 0x0000FF
101.48 98.25 -11.32 100.5 97.4 -11.17 0.245 0x0000FF
102.46 99.35 -11.39 101.48 98.25 -11.32 0.245 0x0000FF
103.44 100.81 -11.54 102.46 99.35 -11.39 0.245 0x0000FF
105.04 102.15 -11.7 103.44 100.81 -11.54 0.245 0x0000FF
106.51 102.63 -11.92 105.04 102.15 -11.7 0.245 0x0000FF
108.1 103.85 -12.07 106.51 102.63 -11.92 0.245 0x0000FF
110.06 105.19 -12.23 108.1 103.85 -12.07 0.245 0x0000FF
111.29 106.41 -12.3 110.06 105.19 -12.23 0.245 0x0000FF
112.27 107.63 -12.38 111.29 106.41 -12.3 0.245 0x0000FF
112.76 109.45 -12.45 112.27 107.63 -12.38 0.245 0x0000FF
114.73 111.77 -12.68 112.76 109.45 -12.45 0.245 0x0000FF
116.32 113.23 -12.76 114.73 111.77 -12.68 0.245 0x0000FF
117.92 114.08 -12.91 116.32 113.23 -12.76 0.245 0x0000FF
119.14 114.93 -13.06 117.92 114.08 -12.91 0.245 0x0000FF
120.74 115.42 -13.06 119.14 114.93 -13.06 0.245 0x0000FF
121.96 115.9 -13.36 120.74 115.42 -13.06 0.245 0x0000FF
123.31 116.39 -13.67 121.96 115.9 -13.36 0.245 0x0000FF
125.64 116.88 -13.74 123.31 116.39 -13.67 0.245 0x0000FF
126.87 117.12 -13.89 125.64 116.88 -13.74 0.245 0x0000FF
128.22 117.24 -13.97 126.87 117.12 -13.89 0.245 0x0000FF
130.66 117.37 -14.04 128.22 117.24 -13.97 0.245 0x0000FF
131.78 117.37 -14.35 130.66 117.37 -14.04 0.245 0x0000FF
133.62 116.76 -14.5 131.78 117.37 -14.35 0.245 0x0000FF
134.72 116.27 -14.57 133.62 116.76 -14.5 0.245 0x0000FF
46.0 26.3 -1.32 39.9 33.76 -1.34 0.86 0x0000FF
46.61 25.69 -1.32 46.0 26.3 -1.32 0.86 0x0000FF
48.33 24.72 -1.62 46.61 25.69 -1.32 0.37 0x0000FF
49.44 23.86 -2.0 48.33 24.72 -1.62 0.37 0x0000FF
50.42 22.77 -2.45 49.44 23.86 -2.0 0.37 0x0000FF
51.52 21.43 -2.76 50.42 22.77 -2.45 0.37 0x0000FF
52.75 21.06 -2.91 51.52 21.43 -2.76 0.37 0x0000FF
53.97 20.7 -3.21 52.75 21.06 -2.91 0.37 0x0000FF
54.47 20.7 -3.44 53.97 20.7 -3.21 0.37 0x0000FF
55.2 20.45 -3.74 54.47 20.7 -3.44 0.37 0x0000FF
55.57 20.45 -4.05 55.2 20.45 -3.74 0.37 0x0000FF
56.31 20.32 -4.42 55.57 20.45 -4.05 0.37 0x0000FF
56.43 20.32 -4.58 56.31 20.32 -4.42 0.37 0x0000FF
57.65 20.7 -4.95 56.43 20.32 -4.58 0.245 0x0000FF
58.76 20.94 -5.33 57.65 20.7 -4.95 0.245 0x0000FF
59.99 21.31 -5.56 58.76 20.94 -5.33 0.245 0x0000FF
61.58 21.31 -6.01 59.99 21.31 -5.56 0.245 0x0000FF
63.05 20.94 -6.32 61.58 21.31 -6.01 0.245 0x0000FF
64.77 20.09 -6.62 63.05 20.94 -6.32 0.245 0x0000FF
66.23 19.11 -6.85 64.77 20.09 -6.62 0.245 0x0000FF
67.59 18.26 -7.15 66.23 19.11 -6.85 0.245 0x0000FF
68.94 18.26 -6.62 67.59 18.26 -7.15 0.245 0x0000FF
70.66 17.41 -6.39 68.94 18.26 -6.62 0.245 0x0000FF
71.76 16.92 -6.09 70.66 17.41 -6.39 0.245 0x0000FF
72.87 16.07 -5.71 71.76 16.92 -6.09 0.245 0x0000FF
74.09 15.22 -5.41 72.87 16.07 -5.71 0.245 0x0000FF
75.31 14.37 -4.95 74.09 15.22 -5.41 0.245 0x0000FF
76.3 13.39 -4.65 75.31 14.37 -4.95 0.245 0x0000FF
77.53 12.42 -4.2 76.3 13.39 -4.65 0.245 0x0000FF
79.61 12.3 -3.89 77.53 12.42 -4.2 0.245 0x0000FF
81.81 11.32 -3.44 79.61 12.3 -3.89 0.245 0x0000FF
83.42 11.08 -3.29 81.81 11.32 -3.44 0.245 0x0000FF
84.89 10.71 -3.06 83.42 11.08 -3.29 0.245 0x0000FF
86.73 10.23 -2.91 84.89 10.71 -3.06 0.245 0x0000FF
88.45 9.61 -2.83 86.73 10.23 -2.91 0.245 0x0000FF
88.94 9.13 -2.61 88.45 9.61 -2.83 0.245 0x0000FF
89.55 9.13 -2.45 88.94 9.13 -2.61 0.245 0x0000FF
90.53 9.01 -2.23 89.55 9.13 -2.45 0.245 0x0000FF
91.63 9.01 -2.15 90.53 9.01 -2.23 0.245 0x0000FF
92.98 9.01 -2.0 91.63 9.01 -2.15 0.245 0x0000FF
93.97 9.01 -1.85 92.98 9.01 -2.0 0.245 0x0000FF
94.95 9.36 -1.7 93.97 9.01 -1.85 0.245 0x0000FF
96.54 9.86 -1.62 94.95 9.36 -1.7 0.245 0x0000FF
97.28 10.23 -1.55 96.54 9.86 -1.62 0.245 0x0000FF
98.87 10.23 -1.32 97.28 10.23 -1.55 0.245 0x0000FF
99.98 10.23 -1.09 98.87 10.23 -1.32 0.245 0x0000FF
101.45 10.23 -1.02 99.98 10.23 -1.09 0.245 0x0000FF
103.04 10.23 -0.86 101.45 10.23 -1.02 0.245 0x0000FF
103.9 11.2 -0.79 103.04 10.23 -0.86 0.245 0x0000FF
105.13 11.93 -0.64 103.9 11.2 -0.79 0.245 0x0000FF
106.35 13.27 -0.48 105.13 11.93 -0.64 0.245 0x0000FF
107.58 14.12 -0.41 106.35 13.27 -0.48 0.245 0x0000FF
108.69 14.73 -0.33 107.58 14.12 -0.41 0.245 0x0000FF
109.79 15.58 -0.26 108.69 14.73 -0.33 0.245 0x0000FF
111.14 16.19 -0.18 109.79 15.58 -0.26 0.245 0x0000FF
111.88 16.55 -0.11 111.14 16.19 -0.18 0.245 0x0000FF
57.29 19.23 -4.95 56.43 20.32 -4.58 0.305 0x0000FF
58.27 18.51 -5.11 57.29 19.23 -4.95 0.305 0x0000FF
59.49 17.64 -5.41 58.27 18.51 -5.11 0.305 0x0000FF
60.6 16.8 -5.56 59.49 17.64 -5.41 0.305 0x0000FF
61.34 15.46 -5.79 60.6 16.8 -5.56 0.305 0x0000FF
61.7 14.24 -6.09 61.34 15.46 -5.79 0.305 0x0000FF
61.83 13.27 -6.24 61.7 14.24 -6.09 0.305 0x0000FF
62.44 12.3 -6.39 61.83 13.27 -6.24 0.305 0x0000FF
62.68 11.93 -6.39 62.44 12.3 -6.39 0.305 0x0000FF
63.91 11.57 -6.47 62.68 11.93 -6.39 0.305 0x0000FF
65.02 10.47 -6.47 63.91 11.57 -6.47 0.305 0x0000FF
65.63 8.89 -6.85 65.02 10.47 -6.47 0.305 0x0000FF
66.23 7.43 -6.85 65.63 8.89 -6.85 0.245 0x0000FF
66.73 6.45 -7.15 66.23 7.43 -6.85 0.245 0x0000FF
67.09 5.36 -7.53 66.73 6.45 -7.15 0.245 0x0000FF
67.7 4.26 -7.76 67.09 5.36 -7.53 0.245 0x0000FF
68.7 2.44 -7.83 67.7 4.26 -7.76 0.245 0x0000FF
69.92 1.46 -8.06 68.7 2.44 -7.83 0.245 0x0000FF
71.15 0.0 -8.28 69.92 1.46 -8.06 0.245 0x0000FF
72.38 -0.73 -8.44 71.15 0.0 -8.28 0.245 0x0000FF
73.59 -1.34 -8.59 72.38 -0.73 -8.44 0.245 0x0000FF
74.7 -2.68 -8.74 73.59 -1.34 -8.59 0.245 0x0000FF
75.56 -4.26 -8.89 74.7 -2.68 -8.74 0.245 0x0000FF
76.91 -5.48 -9.11 75.56 -4.26 -8.89 0.245 0x0000FF
78.75 -5.97 -9.19 76.91 -5.48 -9.11 0.245 0x0000FF
80.23 -6.33 -9.27 78.75 -5.97 -9.19 0.245 0x0000FF
82.31 -7.06 -9.35 80.23 -6.33 -9.27 0.245 0x0000FF
84.03 -7.43 -9.5 82.31 -7.06 -9.35 0.245 0x0000FF
85.26 -7.79 -9.73 84.03 -7.43 -9.5 0.245 0x0000FF
86.73 -8.89 -9.94 85.26 -7.79 -9.73 0.245 0x0000FF
87.95 -9.36 -10.26 86.73 -8.89 -9.94 0.245 0x0000FF
88.69 -9.98 -10.71 87.95 -9.36 -10.26 0.245 0x0000FF
89.79 -10.59 -10.94 88.69 -9.98 -10.71 0.245 0x0000FF
90.16 -12.05 -11.24 89.79 -10.59 -10.94 0.245 0x0000FF
91.39 -13.51 -11.47 90.16 -12.05 -11.24 0.245 0x0000FF
92.62 -14.98 -11.7 91.39 -13.51 -11.47 0.245 0x0000FF
94.46 -16.55 -11.7 92.62 -14.98 -11.7 0.245 0x0000FF
95.93 -16.8 -11.85 94.46 -16.55 -11.7 0.245 0x0000FF
97.77 -17.29 -11.85 95.93 -16.8 -11.85 0.245 0x0000FF
99.24 -17.41 -12.07 97.77 -17.29 -11.85 0.245 0x0000FF
100.59 -18.14 -12.23 99.24 -17.41 -12.07 0.245 0x0000FF
102.55 -18.75 -12.45 100.59 -18.14 -12.23 0.245 0x0000FF
103.78 -19.23 -12.76 102.55 -18.75 -12.45 0.245 0x0000FF
104.76 -19.6 -12.91 103.78 -19.23 -12.76 0.245 0x0000FF
105.99 -20.94 -13.14 104.76 -19.6 -12.91 0.245 0x0000FF
107.34 -22.4 -13.36 105.99 -20.94 -13.14 0.245 0x0000FF
108.56 -23.38 -13.74 107.34 -22.4 -13.36 0.245 0x0000FF
109.05 -24.35 -13.59 108.56 -23.38 -13.74 0.245 0x0000FF
109.67 -25.81 -13.21 109.05 -24.35 -13.59 0.245 0x0000FF
110.28 -26.79 -12.98 109.67 -25.81 -13.21 0.245 0x0000FF
110.53 -28.12 -12.83 110.28 -26.79 -12.98 0.245 0x0000FF
111.14 -29.71 -12.6 110.53 -28.12 -12.83 0.245 0x0000FF
111.63 -30.32 -12.45 111.14 -29.71 -12.6 0.245 0x0000FF
111.88 -31.78 -12.38 111.63 -30.32 -12.45 0.245 0x0000FF
112.12 -32.75 -12.23 111.88 -31.78 -12.38 0.245 0x0000FF
112.24 -33.97 -12.0 112.12 -32.75 -12.23 0.245 0x0000FF
112.86 -34.82 -11.92 112.24 -33.97 -12.0 0.245 0x0000FF
62.81 10.11 -6.54 62.68 11.93 -6.39 0.245 0x0000FF
62.81 9.5 -6.7 62.81 10.11 -6.54 0.245 0x0000FF
63.42 7.67 -6.85 62.81 9.5 -6.7 0.245 0x0000FF
63.42 6.09 -7.0 63.42 7.67 -6.85 0.245 0x0000FF
63.54 4.26 -7.15 63.42 6.09 -7.0 0.245 0x0000FF
63.54 2.8 -7.23 63.54 4.26 -7.15 0.245 0x0000FF
63.67 1.22 -7.38 63.54 2.8 -7.23 0.245 0x0000FF
63.79 -0.49 -7.68 63.67 1.22 -7.38 0.245 0x0000FF
64.16 -1.22 -7.83 63.79 -0.49 -7.68 0.245 0x0000FF
46.86 24.35 -1.32 46.61 25.69 -1.32 0.615 0x0000FF
47.35 23.13 -1.85 46.86 24.35 -1.32 0.55 0x0000FF
47.96 21.67 -2.23 47.35 23.13 -1.85 0.55 0x0000FF
48.33 20.94 -2.76 47.96 21.67 -2.23 0.55 0x0000FF
48.45 20.21 -3.14 48.33 20.94 -2.76 0.55 0x0000FF
48.95 19.48 -3.67 48.45 20.21 -3.14 0.55 0x0000FF
49.31 18.26 -4.05 48.95 19.48 -3.67 0.55 0x0000FF
50.05 17.05 -4.42 49.31 18.26 -4.05 0.55 0x0000FF
50.54 16.19 -4.95 50.05 17.05 -4.42 0.49 0x0000FF
51.03 15.46 -5.33 50.54 16.19 -4.95 0.49 0x0000FF
51.4 14.73 -5.79 51.03 15.46 -5.33 0.49 0x0000FF
51.77 13.88 -6.17 51.4 14.73 -5.79 0.49 0x0000FF
52.5 12.78 -6.7 51.77 13.88 -6.17 0.49 0x0000FF
53.24 11.81 -7.15 52.5 12.78 -6.7 0.49 0x0000FF
54.34 11.69 -7.61 53.24 11.81 -7.15 0.43 0x0000FF
55.2 11.2 -8.06 54.34 11.69 -7.61 0.37 0x0000FF
55.45 10.96 -8.44 55.2 11.2 -8.06 0.37 0x0000FF
55.57 10.96 -8.97 55.45 10.96 -8.44 0.37 0x0000FF
56.67 11.08 -9.19 55.57 10.96 -8.97 0.305 0x0000FF
58.02 11.2 -9.5 56.67 11.08 -9.19 0.305 0x0000FF
59.49 10.96 -9.88 58.02 11.2 -9.5 0.305 0x0000FF
60.6 10.47 -10.11 59.49 10.96 -9.88 0.305 0x0000FF
61.46 9.86 -10.33 60.6 10.47 -10.11 0.305 0x0000FF
62.19 9.5 -10.64 61.46 9.86 -10.33 0.305 0x0000FF
63.05 9.01 -11.01 62.19 9.5 -10.64 0.305 0x0000FF
63.54 8.52 -11.32 63.05 9.01 -11.01 0.305 0x0000FF
64.77 7.31 -11.47 63.54 8.52 -11.32 0.305 0x0000FF
65.38 6.94 -11.92 64.77 7.31 -11.47 0.305 0x0000FF
65.87 6.33 -12.07 65.38 6.94 -11.92 0.305 0x0000FF
66.48 5.6 -12.38 65.87 6.33 -12.07 0.305 0x0000FF
67.59 4.87 -12.6 66.48 5.6 -12.38 0.305 0x0000FF
68.7 4.5 -12.83 67.59 4.87 -12.6 0.305 0x0000FF
70.29 4.13 -12.98 68.7 4.5 -12.83 0.305 0x0000FF
71.76 3.65 -13.21 70.29 4.13 -12.98 0.305 0x0000FF
72.38 3.17 -13.51 71.76 3.65 -13.21 0.305 0x0000FF
73.11 2.8 -13.67 72.38 3.17 -13.51 0.305 0x0000FF
74.45 2.06 -13.97 73.11 2.8 -13.67 0.305 0x0000FF
75.93 1.46 -14.27 74.45 2.06 -13.97 0.305 0x0000FF
77.4 0.97 -14.8 75.93 1.46 -14.27 0.305 0x0000FF
79.0 0.37 -15.33 77.4 0.97 -14.8 0.305 0x0000FF
80.72 0.12 -15.86 79.0 0.37 -15.33 0.305 0x0000FF
82.31 0.24 -16.32 80.72 0.12 -15.86 0.305 0x0000FF
83.91 0.24 -16.7 82.31 0.24 -16.32 0.305 0x0000FF
85.87 -0.49 -17.07 83.91 0.24 -16.7 0.305 0x0000FF
87.95 -0.61 -17.45 85.87 -0.49 -17.07 0.305 0x0000FF
89.79 -0.85 -17.91 87.95 -0.61 -17.45 0.305 0x0000FF
91.76 -0.97 -18.21 89.79 -0.85 -17.91 0.305 0x0000FF
93.47 -1.34 -18.66 91.76 -0.97 -18.21 0.305 0x0000FF
95.44 -1.22 -19.04 93.47 -1.34 -18.66 0.305 0x0000FF
97.4 -0.61 -19.42 95.44 -1.22 -19.04 0.305 0x0000FF
99.24 1.1 -19.8 97.4 -0.61 -19.42 0.305 0x0000FF
101.08 2.19 -19.95 99.24 1.1 -19.8 0.305 0x0000FF
102.92 2.19 -20.1 101.08 2.19 -19.95 0.245 0x0000FF
104.15 2.56 -20.26 102.92 2.19 -20.1 0.245 0x0000FF
105.25 2.92 -20.41 104.15 2.56 -20.26 0.245 0x0000FF
106.72 3.9 -20.56 105.25 2.92 -20.41 0.245 0x0000FF
107.95 5.11 -20.71 106.72 3.9 -20.56 0.245 0x0000FF
108.81 6.21 -20.86 107.95 5.11 -20.71 0.245 0x0000FF
109.54 7.18 -21.09 108.81 6.21 -20.86 0.245 0x0000FF
110.16 8.52 -21.16 109.54 7.18 -21.09 0.245 0x0000FF
111.14 9.61 -21.39 110.16 8.52 -21.16 0.245 0x0000FF
111.88 10.59 -21.54 111.14 9.61 -21.39 0.245 0x0000FF
113.35 10.96 -21.85 111.88 10.59 -21.54 0.245 0x0000FF
114.82 10.96 -22.0 113.35 10.96 -21.85 0.245 0x0000FF
115.92 10.96 -22.23 114.82 10.96 -22.0 0.245 0x0000FF
117.15 10.84 -22.45 115.92 10.96 -22.23 0.245 0x0000FF
118.62 10.11 -22.53 117.15 10.84 -22.45 0.245 0x0000FF
120.34 10.11 -22.76 118.62 10.11 -22.53 0.245 0x0000FF
123.16 9.61 -22.83 120.34 10.11 -22.76 0.245 0x0000FF
124.51 9.5 -23.06 123.16 9.61 -22.83 0.245 0x0000FF
126.1 9.01 -23.21 124.51 9.5 -23.06 0.245 0x0000FF
128.19 8.16 -23.44 126.1 9.01 -23.21 0.245 0x0000FF
129.05 6.82 -23.66 128.19 8.16 -23.44 0.245 0x0000FF
130.28 5.72 -23.82 129.05 6.82 -23.66 0.245 0x0000FF
131.5 5.11 -23.89 130.28 5.72 -23.82 0.245 0x0000FF
56.18 9.74 -9.27 55.57 10.96 -8.97 0.37 0x0000FF
56.31 9.36 -9.65 56.18 9.74 -9.27 0.37 0x0000FF
56.31 9.01 -10.11 56.31 9.36 -9.65 0.37 0x0000FF
56.31 9.01 -10.64 56.31 9.01 -10.11 0.37 0x0000FF
56.31 8.89 -10.94 56.31 9.01 -10.64 0.37 0x0000FF
56.31 8.77 -11.17 56.31 8.89 -10.94 0.37 0x0000FF
56.92 8.4 -11.7 56.31 8.77 -11.17 0.305 0x0000FF
57.65 7.79 -12.07 56.92 8.4 -11.7 0.305 0x0000FF
58.02 7.31 -12.45 57.65 7.79 -12.07 0.305 0x0000FF
58.76 6.7 -12.83 58.02 7.31 -12.45 0.305 0x0000FF
59.37 6.09 -13.29 58.76 6.7 -12.83 0.305 0x0000FF
60.35 5.36 -13.74 59.37 6.09 -13.29 0.305 0x0000FF
61.46 4.75 -14.2 60.35 5.36 -13.74 0.305 0x0000FF
62.32 4.38 -14.65 61.46 4.75 -14.2 0.305 0x0000FF
63.3 4.38 -15.1 62.32 4.38 -14.65 0.305 0x0000FF
64.4 4.13 -15.56 63.3 4.38 -15.1 0.305 0x0000FF
65.63 4.01 -15.94 64.4 4.13 -15.56 0.305 0x0000FF
66.73 3.77 -16.09 65.63 4.01 -15.94 0.305 0x0000FF
66.98 3.77 -16.23 66.73 3.77 -16.09 0.305 0x0000FF
67.22 3.53 -16.85 66.98 3.77 -16.23 0.305 0x0000FF
67.47 3.53 -17.07 67.22 3.53 -16.85 0.305 0x0000FF
67.95 3.29 -17.6 67.47 3.53 -17.07 0.305 0x0000FF
68.56 3.29 -17.98 67.95 3.29 -17.6 0.305 0x0000FF
69.19 3.29 -18.36 68.56 3.29 -17.98 0.305 0x0000FF
69.43 3.17 -18.89 69.19 3.29 -18.36 0.305 0x0000FF
70.04 2.92 -19.2 69.43 3.17 -18.89 0.305 0x0000FF
70.78 2.8 -19.2 70.04 2.92 -19.2 0.305 0x0000FF
70.9 2.8 -19.57 70.78 2.8 -19.2 0.305 0x0000FF
71.15 2.8 -20.1 70.9 2.8 -19.57 0.305 0x0000FF
71.27 2.56 -20.48 71.15 2.8 -20.1 0.305 0x0000FF
71.52 2.56 -20.79 71.27 2.56 -20.48 0.305 0x0000FF
71.76 2.56 -21.54 71.52 2.56 -20.79 0.305 0x0000FF
72.13 2.56 -21.85 71.76 2.56 -21.54 0.305 0x0000FF
72.5 2.56 -22.23 72.13 2.56 -21.85 0.305 0x0000FF
72.87 2.68 -22.6 72.5 2.56 -22.23 0.305 0x0000FF
73.48 3.53 -22.0 72.87 2.68 -22.6 0.305 0x0000FF
73.72 4.26 -22.0 73.48 3.53 -22.0 0.245 0x0000FF
73.84 4.63 -22.15 73.72 4.26 -22.0 0.245 0x0000FF
73.84 5.48 -22.38 73.84 4.63 -22.15 0.185 0x0000FF
73.84 6.09 -22.83 73.84 5.48 -22.38 0.185 0x0000FF
73.72 6.82 -23.29 73.84 6.09 -22.83 0.185 0x0000FF
73.72 7.18 -23.51 73.72 6.82 -23.29 0.185 0x0000FF
73.59 7.91 -24.04 73.72 7.18 -23.51 0.185 0x0000FF
73.23 8.52 -24.19 73.59 7.91 -24.04 0.185 0x0000FF
72.87 9.13 -24.5 73.23 8.52 -24.19 0.185 0x0000FF
71.88 10.11 -24.8 72.87 9.13 -24.5 0.185 0x0000FF
71.15 10.71 -25.18 71.88 10.11 -24.8 0.185 0x0000FF
70.54 11.08 -25.41 71.15 10.71 -25.18 0.185 0x0000FF
69.8 11.57 -25.63 70.54 11.08 -25.41 0.185 0x0000FF
69.31 11.93 -25.71 69.8 11.57 -25.63 0.185 0x0000FF
68.56 12.54 -25.79 69.31 11.93 -25.71 0.185 0x0000FF
68.2 12.42 -26.01 68.56 12.54 -25.79 0.185 0x0000FF
67.7 12.66 -26.32 68.2 12.42 -26.01 0.185 0x0000FF
67.09 12.91 -26.47 67.7 12.66 -26.32 0.185 0x0000FF
66.61 13.27 -26.69 67.09 12.91 -26.47 0.185 0x0000FF
66.12 13.27 -27.07 66.61 13.27 -26.69 0.185 0x0000FF
65.75 13.51 -27.22 66.12 13.27 -27.07 0.185 0x0000FF
65.02 13.88 -27.38 65.75 13.51 -27.22 0.185 0x0000FF
64.52 14.0 -27.6 65.02 13.88 -27.38 0.185 0x0000FF
55.69 8.03 -11.54 56.31 8.77 -11.17 0.37 0x0000FF
54.96 7.18 -11.92 55.69 8.03 -11.54 0.37 0x0000FF
53.85 6.33 -12.07 54.96 7.18 -11.92 0.305 0x0000FF
53.36 5.97 -12.38 53.85 6.33 -12.07 0.305 0x0000FF
52.63 5.36 -12.68 53.36 5.97 -12.38 0.305 0x0000FF
51.77 4.75 -12.98 52.63 5.36 -12.68 0.305 0x0000FF
50.79 3.9 -13.36 51.77 4.75 -12.98 0.305 0x0000FF
50.29 2.68 -13.59 50.79 3.9 -13.36 0.305 0x0000FF
49.07 0.85 -13.59 50.29 2.68 -13.59 0.245 0x0000FF
48.7 -0.12 -13.97 49.07 0.85 -13.59 0.245 0x0000FF
48.21 -1.34 -14.12 48.7 -0.12 -13.97 0.245 0x0000FF
47.6 -2.8 -14.42 48.21 -1.34 -14.12 0.245 0x0000FF
47.47 -3.9 -14.65 47.6 -2.8 -14.42 0.245 0x0000FF
47.47 -4.5 -14.95 47.47 -3.9 -14.65 0.245 0x0000FF
47.6 -4.87 -15.18 47.47 -4.5 -14.95 0.245 0x0000FF
47.6 -5.48 -15.48 47.6 -4.87 -15.18 0.245 0x0000FF
47.6 -6.09 -15.79 47.6 -5.48 -15.48 0.245 0x0000FF
47.96 -6.7 -16.17 47.6 -6.09 -15.79 0.245 0x0000FF
48.21 -7.31 -16.47 47.96 -6.7 -16.17 0.245 0x0000FF
48.33 -8.16 -16.85 48.21 -7.31 -16.47 0.245 0x0000FF
48.33 -8.64 -17.14 48.33 -8.16 -16.85 0.245 0x0000FF
48.58 -9.5 -17.38 48.33 -8.64 -17.14 0.245 0x0000FF
49.07 -10.23 -17.6 48.58 -9.5 -17.38 0.245 0x0000FF
49.07 -10.84 -17.98 49.07 -10.23 -17.6 0.245 0x0000FF
49.07 -11.81 -18.21 49.07 -10.84 -17.98 0.245 0x0000FF
49.07 -12.54 -18.51 49.07 -11.81 -18.21 0.245 0x0000FF
49.07 -13.51 -18.82 49.07 -12.54 -18.51 0.245 0x0000FF
48.95 -14.24 -19.27 49.07 -13.51 -18.82 0.245 0x0000FF
48.09 -15.46 -19.64 48.95 -14.24 -19.27 0.245 0x0000FF
48.33 -16.8 -20.1 48.09 -15.46 -19.64 0.245 0x0000FF
48.33 -17.89 -20.48 48.33 -16.8 -20.1 0.245 0x0000FF
48.33 -19.11 -20.94 48.33 -17.89 -20.48 0.245 0x0000FF
48.21 -20.45 -21.24 48.33 -19.11 -20.94 0.245 0x0000FF
47.96 -21.92 -21.54 48.21 -20.45 -21.24 0.245 0x0000FF
47.6 -23.01 -21.85 47.96 -21.92 -21.54 0.245 0x0000FF
47.6 -24.35 -22.15 47.6 -23.01 -21.85 0.245 0x0000FF
47.6 -25.69 -22.45 47.6 -24.35 -22.15 0.245 0x0000FF
47.23 -27.03 -22.76 47.6 -25.69 -22.45 0.245 0x0000FF
46.98 -27.88 -22.83 47.23 -27.03 -22.76 0.245 0x0000FF
46.61 -28.49 -23.29 46.98 -27.88 -22.83 0.245 0x0000FF
46.49 -29.46 -23.51 46.61 -28.49 -23.29 0.245 0x0000FF
46.25 -30.19 -23.82 46.49 -29.46 -23.51 0.245 0x0000FF
46.12 -30.92 -24.19 46.25 -30.19 -23.82 0.245 0x0000FF
46.12 -31.9 -24.5 46.12 -30.92 -24.19 0.245 0x0000FF
46.12 -33.11 -24.8 46.12 -31.9 -24.5 0.245 0x0000FF
46.25 -34.09 -25.03 46.12 -33.11 -24.8 0.245 0x0000FF
46.49 -35.19 -25.18 46.25 -34.09 -25.03 0.245 0x0000FF
46.74 -35.92 -25.41 46.49 -35.19 -25.18 0.245 0x0000FF
47.23 -36.28 -25.56 46.74 -35.92 -25.41 0.245 0x0000FF
28.83 31.78 -1.47 39.9 33.76 -1.34 1.78 0x0000FF
27.23 31.53 -1.47 28.83 31.78 -1.47 1.78 0x0000FF
24.9 31.17 -1.47 27.23 31.53 -1.47 1.165 0x0000FF
23.31 30.68 -1.17 24.9 31.17 -1.47 1.165 0x0000FF
21.1 30.19 -0.94 23.31 30.68 -1.17 1.165 0x0000FF
19.01 29.46 -0.64 21.1 30.19 -0.94 1.165 0x0000FF
17.05 28.49 -0.41 19.01 29.46 -0.64 1.225 0x0000FF
15.33 27.88 -0.11 17.05 28.49 -0.41 1.225 0x0000FF
15.09 27.64 -0.11 15.33 27.88 -0.11 1.225 0x0000FF
12.69 27.96 -0.41 15.09 27.64 -0.11 0.98 0x0000FF
10.6 28.08 -0.56 12.69 27.96 -0.41 0.98 0x0000FF
9.13 27.96 -0.94 10.6 28.08 -0.56 0.98 0x0000FF
7.54 28.21 -1.24 9.13 27.96 -0.94 0.98 0x0000FF
5.82 28.08 -1.47 7.54 28.21 -1.24 0.98 0x0000FF
4.71 28.08 -1.77 5.82 28.08 -1.47 0.98 0x0000FF
3.24 28.08 -1.85 4.71 28.08 -1.77 0.98 0x0000FF
0.67 27.72 -2.15 3.24 28.08 -1.85 0.92 0x0000FF
-1.66 27.35 -2.29 0.67 27.72 -2.15 0.92 0x0000FF
-3.87 26.99 -2.76 -1.66 27.35 -2.29 0.92 0x0000FF
-5.71 26.62 -3.06 -3.87 26.99 -2.76 0.92 0x0000FF
-7.06 26.62 -3.36 -5.71 26.62 -3.06 0.92 0x0000FF
-8.41 26.62 -3.67 -7.06 26.62 -3.36 0.92 0x0000FF
-9.64 26.74 -3.74 -8.41 26.62 -3.67 0.92 0x0000FF
-10.74 26.99 -3.14 -9.64 26.74 -3.74 0.92 0x0000FF
-11.72 26.99 -2.83 -10.74 26.99 -3.14 0.92 0x0000FF
-12.83 26.74 -2.29 -11.72 26.99 -2.83 0.92 0x0000FF
-13.44 26.74 -1.92 -12.83 26.74 -2.29 0.92 0x0000FF
-14.54 26.74 -1.55 -13.44 26.74 -1.92 0.92 0x0000FF
-15.53 26.74 -1.24 -14.54 26.74 -1.55 0.92 0x0000FF
-18.16 24.92 -1.62 -15.53 26.74 -1.24 0.795 0x0000FF
-20.12 23.71 -2.08 -18.16 24.92 -1.62 0.795 0x0000FF
-21.96 22.97 -2.52 -20.12 23.71 -2.08 0.795 0x0000FF
-25.15 21.88 -2.98 -21.96 22.97 -2.52 0.795 0x0000FF
-28.46 21.03 -3.21 -25.15 21.88 -2.98 0.795 0x0000FF
-31.16 20.54 -3.44 -28.46 21.03 -3.21 0.795 0x0000FF
-34.35 20.17 -3.74 -31.16 20.54 -3.44 0.795 0x0000FF
-36.07 19.8 -4.05 -34.35 20.17 -3.74 0.795 0x0000FF
-37.78 19.69 -4.05 -36.07 19.8 -4.05 0.735 0x0000FF
-39.13 19.57 -4.2 -37.78 19.69 -4.05 0.735 0x0000FF
-39.86 19.44 -4.2 -39.13 19.57 -4.2 0.735 0x0000FF
-42.88 20.14 -4.65 -39.86 19.44 -4.2 0.735 0x0000FF
-44.72 20.39 -5.03 -42.88 20.14 -4.65 0.735 0x0000FF
-47.42 20.14 -5.26 -44.72 20.39 -5.03 0.735 0x0000FF
-49.63 19.54 -5.41 -47.42 20.14 -5.26 0.735 0x0000FF
-52.08 18.93 -5.56 -49.63 19.54 -5.41 0.735 0x0000FF
-55.64 18.07 -5.71 -52.08 18.93 -5.56 0.735 0x0000FF
-58.34 17.47 -5.94 -55.64 18.07 -5.71 0.735 0x0000FF
-60.55 17.96 -6.09 -58.34 17.47 -5.94 0.735 0x0000FF
-62.02 18.44 -6.32 -60.55 17.96 -6.09 0.735 0x0000FF
-63.86 19.54 -6.39 -62.02 18.44 -6.32 0.675 0x0000FF
-65.56 20.27 -6.62 -63.86 19.54 -6.39 0.675 0x0000FF
-67.41 21.0 -6.7 -65.56 20.27 -6.62 0.615 0x0000FF
-68.76 21.97 -6.85 -67.41 21.0 -6.7 0.615 0x0000FF
-70.11 22.71 -7.08 -68.76 21.97 -6.85 0.615 0x0000FF
-71.83 24.17 -7.08 -70.11 22.71 -7.08 0.55 0x0000FF
-73.06 25.02 -7.23 -71.83 24.17 -7.08 0.55 0x0000FF
-74.41 25.75 -7.45 -73.06 25.02 -7.23 0.55 0x0000FF
-75.76 26.24 -7.45 -74.41 25.75 -7.45 0.55 0x0000FF
-76.61 26.72 -8.06 -75.76 26.24 -7.45 0.55 0x0000FF
-77.23 27.21 -8.44 -76.61 26.72 -8.06 0.55 0x0000FF
-78.45 27.7 -8.59 -77.23 27.21 -8.44 0.55 0x0000FF
-80.11 28.44 -8.74 -78.45 27.7 -8.59 0.55 0x0000FF
-82.2 29.54 -9.11 -80.11 28.44 -8.74 0.55 0x0000FF
-84.28 30.27 -9.42 -82.2 29.54 -9.11 0.55 0x0000FF
-86.0 31.73 -9.8 -84.28 30.27 -9.42 0.55 0x0000FF
-88.45 32.46 -10.18 -86.0 31.73 -9.8 0.55 0x0000FF
-90.66 32.7 -10.56 -88.45 32.46 -10.18 0.55 0x0000FF
-92.99 32.58 -10.79 -90.66 32.7 -10.56 0.55 0x0000FF
-95.57 33.19 -11.17 -92.99 32.58 -10.79 0.55 0x0000FF
-98.14 33.92 -11.47 -95.57 33.19 -11.17 0.55 0x0000FF
-100.84 35.01 -11.85 -98.14 33.92 -11.47 0.55 0x0000FF
-103.91 35.75 -12.07 -100.84 35.01 -11.85 0.55 0x0000FF
-106.61 36.35 -12.45 -103.91 35.75 -12.07 0.55 0x0000FF
-109.55 36.35 -12.76 -106.61 36.35 -12.45 0.55 0x0000FF
-112.13 35.61 -13.06 -109.55 36.35 -12.76 0.55 0x0000FF
-114.83 36.22 -13.44 -112.13 35.61 -13.06 0.55 0x0000FF
-117.4 37.45 -13.74 -114.83 36.22 -13.44 0.55 0x0000FF
-120.23 38.29 -14.04 -117.4 37.45 -13.74 0.55 0x0000FF
-122.92 39.64 -14.35 -120.23 38.29 -14.04 0.55 0x0000FF
-126.36 40.86 -14.57 -122.92 39.64 -14.35 0.49 0x0000FF
-129.43 40.74 -14.88 -126.36 40.86 -14.57 0.49 0x0000FF
-132.97 41.35 -15.18 -129.43 40.74 -14.88 0.49 0x0000FF
-136.66 42.2 -15.63 -132.97 41.35 -15.18 0.49 0x0000FF
-139.72 43.17 -15.94 -136.66 42.2 -15.63 0.49 0x0000FF
-142.43 43.05 -16.32 -139.72 43.17 -15.94 0.49 0x0000FF
-145.37 42.44 -16.7 -142.43 43.05 -16.32 0.49 0x0000FF
-147.21 41.59 -16.77 -145.37 42.44 -16.7 0.49 0x0000FF
-148.56 40.86 -17.14 -147.21 41.59 -16.77 0.49 0x0000FF
-150.16 40.13 -17.3 -148.56 40.86 -17.14 0.49 0x0000FF
-151.87 39.64 -17.6 -150.16 40.13 -17.3 0.49 0x0000FF
-154.82 38.29 -17.91 -151.87 39.64 -17.6 0.49 0x0000FF
-156.54 37.82 -18.05 -154.82 38.29 -17.91 0.49 0x0000FF
-158.09 37.4 -18.51 -156.54 37.82 -18.05 0.49 0x0000FF
-159.56 37.28 -18.89 -158.09 37.4 -18.51 0.49 0x0000FF
-160.91 36.9 -19.2 -159.56 37.28 -18.89 0.49 0x0000FF
-162.38 37.04 -19.57 -160.91 36.9 -19.2 0.49 0x0000FF
-163.36 36.9 -19.95 -162.38 37.04 -19.57 0.49 0x0000FF
-165.26 38.22 -20.18 -163.36 36.9 -19.95 0.43 0x0000FF
-166.98 39.2 -20.56 -165.26 38.22 -20.18 0.43 0x0000FF
-168.32 40.04 -20.94 -166.98 39.2 -20.56 0.43 0x0000FF
-169.06 40.4 -21.09 -168.32 40.04 -20.94 0.43 0x0000FF
-170.16 41.15 -21.32 -169.06 40.4 -21.09 0.43 0x0000FF
-171.02 41.51 -21.39 -170.16 41.15 -21.32 0.43 0x0000FF
-172.0 42.24 -21.47 -171.02 41.51 -21.39 0.43 0x0000FF
-173.23 43.21 -21.62 -172.0 42.24 -21.47 0.37 0x0000FF
-174.21 43.34 -21.77 -173.23 43.21 -21.62 0.37 0x0000FF
-175.32 43.58 -21.85 -174.21 43.34 -21.77 0.37 0x0000FF
-176.3 43.58 -22.0 -175.32 43.58 -21.85 0.37 0x0000FF
-177.89 43.7 -22.07 -176.3 43.58 -22.0 0.37 0x0000FF
-164.96 35.7 -20.18 -163.36 36.9 -19.95 0.49 0x0000FF
-166.43 34.6 -20.32 -164.96 35.7 -20.18 0.49 0x0000FF
-168.03 33.26 -20.48 -166.43 34.6 -20.32 0.49 0x0000FF
-170.6 33.02 -20.71 -168.03 33.26 -20.48 0.49 0x0000FF
-173.18 32.9 -21.09 -170.6 33.02 -20.71 0.49 0x0000FF
-175.02 32.9 -21.32 -173.18 32.9 -21.09 0.49 0x0000FF
-178.33 32.9 -21.47 -175.02 32.9 -21.32 0.49 0x0000FF
-182.13 32.65 -21.62 -178.33 32.9 -21.47 0.49 0x0000FF
-183.97 31.92 -21.85 -182.13 32.65 -21.62 0.49 0x0000FF
-186.67 30.7 -22.0 -183.97 31.92 -21.85 0.49 0x0000FF
-188.76 29.85 -22.23 -186.67 30.7 -22.0 0.49 0x0000FF
-190.96 29.0 -22.45 -188.76 29.85 -22.23 0.49 0x0000FF
-193.17 27.9 -22.68 -190.96 29.0 -22.45 0.49 0x0000FF
-195.01 27.05 -22.68 -193.17 27.9 -22.68 0.43 0x0000FF
-197.22 26.08 -22.83 -195.01 27.05 -22.68 0.43 0x0000FF
-199.43 24.86 -23.13 -197.22 26.08 -22.83 0.43 0x0000FF
-201.15 23.52 -23.36 -199.43 24.86 -23.13 0.43 0x0000FF
-202.5 23.16 -23.59 -201.15 23.52 -23.36 0.43 0x0000FF
-203.85 22.3 -23.59 -202.5 23.16 -23.59 0.37 0x0000FF
-204.7 21.21 -23.97 -203.85 22.3 -23.59 0.37 0x0000FF
-206.05 20.6 -24.04 -204.7 21.21 -23.97 0.37 0x0000FF
-207.89 19.5 -24.35 -206.05 20.6 -24.04 0.37 0x0000FF
-209.73 18.41 -24.57 -207.89 19.5 -24.35 0.37 0x0000FF
-210.96 17.55 -24.88 -209.73 18.41 -24.57 0.37 0x0000FF
-212.06 16.57 -25.1 -210.96 17.55 -24.88 0.37 0x0000FF
-213.17 15.73 -25.41 -212.06 16.57 -25.1 0.37 0x0000FF
-214.27 15.24 -25.1 -213.17 15.73 -25.41 0.37 0x0000FF
-215.62 14.27 -24.72 -214.27 15.24 -25.1 0.37 0x0000FF
-217.22 12.81 -24.42 -215.62 14.27 -24.72 0.305 0x0000FF
-218.44 10.74 -24.04 -217.22 12.81 -24.42 0.305 0x0000FF
-219.79 8.67 -23.59 -218.44 10.74 -24.04 0.245 0x0000FF
-220.9 7.33 -23.21 -219.79 8.67 -23.59 0.245 0x0000FF
-222.12 6.6 -22.91 -220.9 7.33 -23.21 0.245 0x0000FF
-223.35 5.62 -22.83 -222.12 6.6 -22.91 0.245 0x0000FF
-224.58 4.76 -22.53 -223.35 5.62 -22.83 0.245 0x0000FF
-225.56 2.95 -22.38 -224.58 4.76 -22.53 0.245 0x0000FF
-226.29 1.61 -22.15 -225.56 2.95 -22.38 0.245 0x0000FF
-227.52 1.0 -22.0 -226.29 1.61 -22.15 0.245 0x0000FF
-229.12 0.02 -21.77 -227.52 1.0 -22.0 0.245 0x0000FF
-230.83 -1.32 -21.62 -229.12 0.02 -21.77 0.245 0x0000FF
-232.92 -2.41 -21.47 -230.83 -1.32 -21.62 0.245 0x0000FF
-233.41 -3.14 -21.39 -232.92 -2.41 -21.47 0.245 0x0000FF
-234.76 -3.99 -21.24 -233.41 -3.14 -21.39 0.245 0x0000FF
-236.93 -5.27 -21.24 -234.76 -3.99 -21.24 0.245 0x0000FF
-238.15 -5.63 -20.79 -236.93 -5.27 -21.24 0.245 0x0000FF
-239.26 -6.0 -20.79 -238.15 -5.63 -20.79 0.245 0x0000FF
-240.85 -6.97 -20.63 -239.26 -6.0 -20.79 0.245 0x0000FF
-241.95 -7.7 -20.56 -240.85 -6.97 -20.63 0.245 0x0000FF
-242.81 -9.03 -20.48 -241.95 -7.7 -20.56 0.245 0x0000FF
-243.43 -10.38 -20.41 -242.81 -9.03 -20.48 0.245 0x0000FF
-244.41 -11.6 -20.26 -243.43 -10.38 -20.41 0.245 0x0000FF
-245.64 -12.21 -20.18 -244.41 -11.6 -20.26 0.245 0x0000FF
-246.74 -12.57 -20.18 -245.64 -12.21 -20.18 0.245 0x0000FF
-41.59 18.23 -4.2 -39.86 19.44 -4.2 0.615 0x0000FF
-42.94 17.37 -4.42 -41.59 18.23 -4.2 0.615 0x0000FF
-44.53 16.77 -4.65 -42.94 17.37 -4.42 0.615 0x0000FF
-47.23 15.91 -4.73 -44.53 16.77 -4.65 0.615 0x0000FF
-50.79 14.21 -4.88 -47.23 15.91 -4.73 0.615 0x0000FF
-54.47 13.23 -4.95 -50.79 14.21 -4.88 0.55 0x0000FF
-56.68 12.63 -5.03 -54.47 13.23 -4.95 0.55 0x0000FF
-59.01 11.65 -5.11 -56.68 12.63 -5.03 0.55 0x0000FF
-60.6 10.31 -5.18 -59.01 11.65 -5.11 0.55 0x0000FF
-61.83 8.73 -5.18 -60.6 10.31 -5.18 0.55 0x0000FF
-62.56 6.9 -5.26 -61.83 8.73 -5.18 0.49 0x0000FF
-63.67 4.96 -5.33 -62.56 6.9 -5.26 0.49 0x0000FF
-65.39 2.64 -5.41 -63.67 4.96 -5.33 0.49 0x0000FF
-66.0 1.06 -5.11 -65.39 2.64 -5.41 0.49 0x0000FF
-66.73 -0.16 -5.03 -66.0 1.06 -5.11 0.49 0x0000FF
-67.84 -2.47 -4.58 -66.73 -0.16 -5.03 0.49 0x0000FF
-68.33 -4.18 -4.5 -67.84 -2.47 -4.58 0.49 0x0000FF
-69.31 -5.76 -4.26 -68.33 -4.18 -4.5 0.43 0x0000FF
-70.54 -7.71 -3.97 -69.31 -5.76 -4.26 0.43 0x0000FF
-71.27 -9.65 -3.82 -70.54 -7.71 -3.97 0.43 0x0000FF
-71.64 -11.36 -3.44 -71.27 -9.65 -3.82 0.43 0x0000FF
-71.89 -13.55 -3.29 -71.64 -11.36 -3.44 0.37 0x0000FF
-72.13 -15.01 -2.98 -71.89 -13.55 -3.29 0.37 0x0000FF
-72.5 -16.84 -2.83 -72.13 -15.01 -2.98 0.37 0x0000FF
-72.5 -18.91 -2.68 -72.5 -16.84 -2.83 0.37 0x0000FF
-72.25 -20.98 -2.38 -72.5 -18.91 -2.68 0.37 0x0000FF
-71.89 -21.95 -2.29 -72.25 -20.98 -2.38 0.37 0x0000FF
-71.45 -23.44 -1.85 -71.89 -21.95 -2.29 0.37 0x0000FF
-71.83 -25.75 -1.32 -71.45 -23.44 -1.85 0.305 0x0000FF
-72.2 -27.21 -0.71 -71.83 -25.75 -1.32 0.245 0x0000FF
-72.69 -29.04 -0.33 -72.2 -27.21 -0.71 0.245 0x0000FF
-73.06 -31.11 0.2 -72.69 -29.04 -0.33 0.245 0x0000FF
-73.43 -32.93 0.35 -73.06 -31.11 0.2 0.245 0x0000FF
-73.92 -34.27 0.65 -73.43 -32.93 0.35 0.245 0x0000FF
-74.16 -35.86 0.88 -73.92 -34.27 0.65 0.245 0x0000FF
-74.9 -36.95 1.26 -74.16 -35.86 0.88 0.245 0x0000FF
-75.39 -38.78 1.64 -74.9 -36.95 1.26 0.245 0x0000FF
-76.25 -39.75 1.94 -75.39 -38.78 1.64 0.245 0x0000FF
-77.11 -40.97 2.24 -76.25 -39.75 1.94 0.245 0x0000FF
-77.95 -41.94 2.47 -77.11 -40.97 2.24 0.245 0x0000FF
-78.95 -43.28 2.77 -77.95 -41.94 2.47 0.245 0x0000FF
-79.68 -45.11 3.08 -78.95 -43.28 2.77 0.245 0x0000FF
-80.17 -46.08 3.45 -79.68 -45.11 3.08 0.245 0x0000FF
-80.91 -46.69 3.83 -80.17 -46.08 3.45 0.245 0x0000FF
-81.89 -47.18 4.13 -80.91 -46.69 3.83 0.245 0x0000FF
-83.24 -47.91 4.51 -81.89 -47.18 4.13 0.245 0x0000FF
-84.22 -48.4 4.67 -83.24 -47.91 4.51 0.245 0x0000FF
-85.32 -49.37 5.04 -84.22 -48.4 4.67 0.245 0x0000FF
-86.55 -50.95 5.5 -85.32 -49.37 5.04 0.245 0x0000FF
-87.66 -51.68 5.8 -86.55 -50.95 5.5 0.245 0x0000FF
-88.51 -52.66 6.18 -87.66 -51.68 5.8 0.245 0x0000FF
-89.62 -53.51 6.41 -88.51 -52.66 6.18 0.245 0x0000FF
-90.48 -54.48 6.71 -89.62 -53.51 6.41 0.245 0x0000FF
-91.09 -55.34 6.94 -90.48 -54.48 6.71 0.245 0x0000FF
-91.58 -55.95 7.17 -91.09 -55.34 6.94 0.245 0x0000FF
-92.19 -56.8 7.39 -91.58 -55.95 7.17 0.245 0x0000FF
-93.3 -57.41 7.62 -92.19 -56.8 7.39 0.245 0x0000FF
-94.16 -58.5 8.0 -93.3 -57.41 7.62 0.245 0x0000FF
-95.26 -60.21 8.38 -94.16 -58.5 8.0 0.245 0x0000FF
-96.12 -61.67 8.68 -95.26 -60.21 8.38 0.245 0x0000FF
-96.36 -62.64 8.91 -96.12 -61.67 8.68 0.245 0x0000FF
-96.49 -64.22 9.21 -96.36 -62.64 8.91 0.245 0x0000FF
-96.49 -65.2 9.44 -96.49 -64.22 9.21 0.245 0x0000FF
-96.49 -66.66 9.59 -96.49 -65.2 9.44 0.245 0x0000FF
-95.02 -67.63 9.82 -96.49 -66.66 9.59 0.245 0x0000FF
-93.79 -68.0 9.97 -95.02 -67.63 9.82 0.245 0x0000FF
-17.23 26.87 -0.71 -15.53 26.74 -1.24 0.92 0x0000FF
-18.22 27.11 -0.64 -17.23 26.87 -0.71 0.92 0x0000FF
-18.84 27.48 -0.41 -18.22 27.11 -0.64 0.92 0x0000FF
-19.32 27.72 -0.18 -18.84 27.48 -0.41 0.92 0x0000FF
-20.43 28.21 -0.48 -19.32 27.72 -0.18 0.92 0x0000FF
-21.66 28.94 -0.94 -20.43 28.21 -0.48 0.92 0x0000FF
-23.01 30.03 -1.32 -21.66 28.94 -0.94 0.92 0x0000FF
-24.11 31.25 -1.85 -23.01 30.03 -1.32 0.92 0x0000FF
-25.34 32.47 -2.15 -24.11 31.25 -1.85 0.92 0x0000FF
-26.93 33.93 -2.61 -25.34 32.47 -2.15 0.86 0x0000FF
-28.65 34.9 -2.83 -26.93 33.93 -2.61 0.86 0x0000FF
-29.88 36.0 -3.14 -28.65 34.9 -2.83 0.86 0x0000FF
-31.11 37.09 -3.51 -29.88 36.0 -3.14 0.86 0x0000FF
-32.7 38.68 -3.82 -31.11 37.09 -3.51 0.86 0x0000FF
-34.29 39.89 -4.2 -32.7 38.68 -3.82 0.86 0x0000FF
-35.4 41.11 -4.58 -34.29 39.89 -4.2 0.86 0x0000FF
-36.63 42.82 -5.03 -35.4 41.11 -4.58 0.86 0x0000FF
-38.22 44.03 -5.41 -36.63 42.82 -5.03 0.795 0x0000FF
-39.45 45.62 -5.86 -38.22 44.03 -5.41 0.795 0x0000FF
-41.04 47.2 -6.24 -39.45 45.62 -5.86 0.795 0x0000FF
-42.51 49.51 -6.62 -41.04 47.2 -6.24 0.795 0x0000FF
-43.86 51.09 -6.92 -42.51 49.51 -6.62 0.735 0x0000FF
-45.09 53.04 -7.3 -43.86 51.09 -6.92 0.675 0x0000FF
-46.56 54.26 -7.68 -45.09 53.04 -7.3 0.615 0x0000FF
-47.54 55.23 -7.83 -46.56 54.26 -7.68 0.615 0x0000FF
-49.26 56.09 -7.91 -47.54 55.23 -7.83 0.615 0x0000FF
-51.22 56.09 -8.14 -49.26 56.09 -7.91 0.615 0x0000FF
-53.55 56.21 -8.21 -51.22 56.09 -8.14 0.615 0x0000FF
-57.23 56.33 -8.28 -53.55 56.21 -8.21 0.615 0x0000FF
-61.53 57.18 -8.36 -57.23 56.33 -8.28 0.615 0x0000FF
-62.51 57.3 -8.44 -61.53 57.18 -8.36 0.615 0x0000FF
-63.61 57.67 -8.44 -62.51 57.3 -8.44 0.615 0x0000FF
-65.03 58.4 -8.14 -63.61 57.67 -8.44 0.615 0x0000FF
-66.98 58.88 -7.83 -65.03 58.4 -8.14 0.615 0x0000FF
-68.34 59.61 -7.68 -66.98 58.88 -7.83 0.615 0x0000FF
-70.05 61.56 -7.61 -68.34 59.61 -7.68 0.55 0x0000FF
-71.53 63.51 -7.53 -70.05 61.56 -7.61 0.55 0x0000FF
-73.12 64.97 -7.38 -71.53 63.51 -7.53 0.55 0x0000FF
-74.72 66.68 -7.3 -73.12 64.97 -7.38 0.49 0x0000FF
-75.94 68.26 -7.15 -74.72 66.68 -7.3 0.49 0x0000FF
-76.68 69.48 -7.0 -75.94 68.26 -7.15 0.49 0x0000FF
-77.17 70.81 -6.77 -76.68 69.48 -7.0 0.49 0x0000FF
-78.27 72.28 -6.7 -77.17 70.81 -6.77 0.49 0x0000FF
-79.26 73.86 -6.62 -78.27 72.28 -6.7 0.49 0x0000FF
-80.36 75.2 -6.54 -79.26 73.86 -6.62 0.49 0x0000FF
-81.59 76.78 -6.32 -80.36 75.2 -6.54 0.49 0x0000FF
-82.69 78.12 -6.32 -81.59 76.78 -6.32 0.43 0x0000FF
-83.43 79.45 -6.17 -82.69 78.12 -6.32 0.43 0x0000FF
-84.65 80.8 -6.01 -83.43 79.45 -6.17 0.43 0x0000FF
-85.63 82.5 -5.94 -84.65 80.8 -6.01 0.43 0x0000FF
-86.98 83.72 -5.86 -85.63 82.5 -5.94 0.43 0x0000FF
-88.09 84.82 -6.17 -86.98 83.72 -5.86 0.43 0x0000FF
-90.3 85.79 -5.86 -88.09 84.82 -6.17 0.43 0x0000FF
-92.63 86.03 -5.41 -90.3 85.79 -5.86 0.43 0x0000FF
-94.47 86.03 -5.26 -92.63 86.03 -5.41 0.43 0x0000FF
-96.06 86.03 -4.95 -94.47 86.03 -5.26 0.43 0x0000FF
-98.15 85.91 -4.8 -96.06 86.03 -4.95 0.43 0x0000FF
-99.74 85.55 -4.58 -98.15 85.91 -4.8 0.43 0x0000FF
-102.07 85.55 -4.42 -99.74 85.55 -4.58 0.43 0x0000FF
-103.91 85.3 -3.97 -102.07 85.55 -4.42 0.43 0x0000FF
-105.14 85.18 -3.82 -103.91 85.3 -3.97 0.43 0x0000FF
-106.24 85.18 -3.51 -105.14 85.18 -3.82 0.43 0x0000FF
-107.35 85.18 -3.36 -106.24 85.18 -3.51 0.43 0x0000FF
-108.45 85.18 -3.06 -107.35 85.18 -3.36 0.43 0x0000FF
-110.66 85.18 -2.68 -108.45 85.18 -3.06 0.43 0x0000FF
-112.38 85.3 -2.52 -110.66 85.18 -2.68 0.43 0x0000FF
-114.09 85.91 -2.52 -112.38 85.3 -2.52 0.37 0x0000FF
-115.44 85.91 -2.15 -114.09 85.91 -2.52 0.37 0x0000FF
-117.28 85.91 -1.92 -115.44 85.91 -2.15 0.37 0x0000FF
-118.51 86.28 -1.7 -117.28 85.91 -1.92 0.37 0x0000FF
-119.74 86.52 -1.47 -118.51 86.28 -1.7 0.37 0x0000FF
-121.7 86.89 -1.24 -119.74 86.52 -1.47 0.37 0x0000FF
-123.05 87.25 -1.09 -121.7 86.89 -1.24 0.37 0x0000FF
-124.64 87.62 -0.86 -123.05 87.25 -1.09 0.37 0x0000FF
-125.99 87.86 -0.56 -124.64 87.62 -0.86 0.37 0x0000FF
-127.59 87.98 -0.26 -125.99 87.86 -0.56 0.37 0x0000FF
-129.66 88.35 0.05 -127.59 87.98 -0.26 0.37 0x0000FF
-131.13 88.59 0.35 -129.66 88.35 0.05 0.37 0x0000FF
-132.97 88.71 0.65 -131.13 88.59 0.35 0.37 0x0000FF
-134.94 88.83 0.88 -132.97 88.71 0.65 0.37 0x0000FF
-136.54 88.71 1.18 -134.94 88.83 0.88 0.37 0x0000FF
-138.63 88.59 1.56 -136.54 88.71 1.18 0.37 0x0000FF
-139.85 88.35 1.56 -138.63 88.59 1.56 0.37 0x0000FF
-141.08 88.1 1.71 -139.85 88.35 1.56 0.37 0x0000FF
-142.69 87.53 1.94 -141.08 88.1 1.71 0.37 0x0000FF
-144.16 87.53 2.09 -142.69 87.53 1.94 0.37 0x0000FF
-146.0 87.53 2.31 -144.16 87.53 2.09 0.37 0x0000FF
-147.72 87.89 2.09 -146.0 87.53 2.31 0.37 0x0000FF
-150.16 88.74 1.71 -147.72 87.89 2.09 0.305 0x0000FF
-151.88 88.74 1.56 -150.16 88.74 1.71 0.305 0x0000FF
-153.36 88.87 1.26 -151.88 88.74 1.56 0.305 0x0000FF
-155.08 88.87 0.95 -153.36 88.87 1.26 0.305 0x0000FF
-156.8 88.87 0.8 -155.08 88.87 0.95 0.305 0x0000FF
-159.0 88.87 0.73 -156.8 88.87 0.8 0.245 0x0000FF
-160.47 88.74 0.57 -159.0 88.87 0.73 0.245 0x0000FF
-161.58 88.26 0.5 -160.47 88.74 0.57 0.245 0x0000FF
-162.81 87.65 0.2 -161.58 88.26 0.5 0.245 0x0000FF
-164.03 86.8 -0.11 -162.81 87.65 0.2 0.245 0x0000FF
-165.51 86.43 -0.56 -164.03 86.8 -0.11 0.245 0x0000FF
-167.47 86.19 -0.64 -165.51 86.43 -0.56 0.245 0x0000FF
-168.94 86.19 -0.71 -167.47 86.19 -0.64 0.245 0x0000FF
-170.78 86.19 -1.02 -168.94 86.19 -0.71 0.245 0x0000FF
-172.38 86.55 -1.09 -170.78 86.19 -1.02 0.245 0x0000FF
-173.72 87.16 -1.24 -172.38 86.55 -1.09 0.245 0x0000FF
-176.18 87.65 -1.32 -173.72 87.16 -1.24 0.245 0x0000FF
2.75 29.18 -1.85 3.24 28.08 -1.85 0.615 0x0000FF
2.63 30.52 -2.23 2.75 29.18 -1.85 0.49 0x0000FF
2.38 31.37 -2.61 2.63 30.52 -2.23 0.43 0x0000FF
2.5 32.59 -2.91 2.38 31.37 -2.61 0.43 0x0000FF
2.38 33.93 -2.98 2.5 32.59 -2.91 0.43 0x0000FF
2.38 35.39 -3.36 2.38 33.93 -2.98 0.43 0x0000FF
2.38 37.22 -3.67 2.38 35.39 -3.36 0.43 0x0000FF
2.5 38.79 -3.74 2.38 37.22 -3.67 0.43 0x0000FF
3.0 40.38 -3.82 2.5 38.79 -3.74 0.37 0x0000FF
3.0 41.84 -3.89 3.0 40.38 -3.82 0.37 0x0000FF
2.87 42.82 -3.97 3.0 41.84 -3.89 0.37 0x0000FF
2.5 43.67 -4.42 2.87 42.82 -3.97 0.37 0x0000FF
2.14 45.13 -4.58 2.5 43.67 -4.42 0.37 0x0000FF
1.65 46.59 -4.58 2.14 45.13 -4.58 0.37 0x0000FF
0.79 47.93 -4.8 1.65 46.59 -4.58 0.37 0x0000FF
0.18 49.39 -4.95 0.79 47.93 -4.8 0.37 0x0000FF
-0.07 51.34 -5.11 0.18 49.39 -4.95 0.305 0x0000FF
-0.19 52.8 -5.26 -0.07 51.34 -5.11 0.305 0x0000FF
-0.32 54.02 -5.33 -0.19 52.8 -5.26 0.305 0x0000FF
-0.32 55.11 -5.48 -0.32 54.02 -5.33 0.305 0x0000FF
-0.32 55.84 -5.48 -0.32 55.11 -5.48 0.305 0x0000FF
13.86 25.93 -0.11 15.09 27.64 -0.11 0.675 0x0000FF
13.13 24.59 -0.26 13.86 25.93 -0.11 0.615 0x0000FF
12.02 23.25 -0.56 13.13 24.59 -0.26 0.615 0x0000FF
11.04 22.28 -0.86 12.02 23.25 -0.56 0.55 0x0000FF
10.43 20.7 -0.64 11.04 22.28 -0.86 0.55 0x0000FF
9.94 18.87 -0.64 10.43 20.7 -0.64 0.55 0x0000FF
9.69 16.92 -0.56 9.94 18.87 -0.64 0.55 0x0000FF
9.94 14.73 -0.48 9.69 16.92 -0.56 0.49 0x0000FF
9.94 12.91 -0.48 9.94 14.73 -0.48 0.49 0x0000FF
10.18 11.2 -0.41 9.94 12.91 -0.48 0.49 0x0000FF
10.18 10.84 -0.41 10.18 11.2 -0.41 0.49 0x0000FF
9.61 9.56 -0.33 10.18 10.84 -0.41 0.305 0x0000FF
8.64 7.97 -0.11 9.61 9.56 -0.33 0.305 0x0000FF
7.17 5.05 0.12 8.64 7.97 -0.11 0.305 0x0000FF
6.43 2.98 0.12 7.17 5.05 0.12 0.305 0x0000FF
5.45 1.28 0.27 6.43 2.98 0.12 0.305 0x0000FF
4.72 -1.15 0.35 5.45 1.28 0.27 0.305 0x0000FF
4.59 -3.23 0.42 4.72 -1.15 0.35 0.305 0x0000FF
4.34 -5.17 0.5 4.59 -3.23 0.42 0.305 0x0000FF
4.09 -7.37 0.5 4.34 -5.17 0.5 0.305 0x0000FF
3.49 -10.03 0.73 4.09 -7.37 0.5 0.305 0x0000FF
2.88 -11.26 0.8 3.49 -10.03 0.73 0.305 0x0000FF
2.14 -12.36 1.11 2.88 -11.26 0.8 0.305 0x0000FF
1.53 -13.58 1.26 2.14 -12.36 1.11 0.305 0x0000FF
0.55 -15.28 1.33 1.53 -13.58 1.26 0.305 0x0000FF
-0.44 -17.35 1.64 0.55 -15.28 1.33 0.305 0x0000FF
-1.66 -18.8 1.64 -0.44 -17.35 1.64 0.305 0x0000FF
-2.64 -20.03 1.71 -1.66 -18.8 1.64 0.305 0x0000FF
-3.26 -21.73 1.94 -2.64 -20.03 1.71 0.305 0x0000FF
-3.87 -23.32 2.0 -3.26 -21.73 1.94 0.305 0x0000FF
-5.09 -25.14 2.17 -3.87 -23.32 2.0 0.305 0x0000FF
-5.96 -26.6 2.24 -5.09 -25.14 2.17 0.305 0x0000FF
-7.18 -28.31 2.24 -5.96 -26.6 2.24 0.305 0x0000FF
-8.52 -30.01 2.31 -7.18 -28.31 2.24 0.305 0x0000FF
-10.13 -30.74 2.39 -8.52 -30.01 2.31 0.305 0x0000FF
-11.48 -31.84 2.54 -10.13 -30.74 2.39 0.305 0x0000FF
-12.95 -32.57 2.54 -11.48 -31.84 2.54 0.305 0x0000FF
-14.17 -34.27 2.62 -12.95 -32.57 2.54 0.305 0x0000FF
-15.52 -36.1 2.77 -14.17 -34.27 2.62 0.305 0x0000FF
-16.01 -37.93 2.77 -15.52 -36.1 2.77 0.305 0x0000FF
-16.5 -39.51 2.85 -16.01 -37.93 2.77 0.305 0x0000FF
-17.12 -40.97 2.85 -16.5 -39.51 2.85 0.305 0x0000FF
-18.0 -42.94 3.0 -17.12 -40.97 2.85 0.305 0x0000FF
-18.98 -44.65 3.0 -18.0 -42.94 3.0 0.305 0x0000FF
-19.72 -46.35 3.23 -18.98 -44.65 3.0 0.305 0x0000FF
-20.21 -47.69 3.38 -19.72 -46.35 3.23 0.305 0x0000FF
-20.82 -49.27 3.53 -20.21 -47.69 3.38 0.305 0x0000FF
-21.43 -50.49 3.61 -20.82 -49.27 3.53 0.305 0x0000FF
-22.05 -52.68 3.83 -21.43 -50.49 3.61 0.305 0x0000FF
-22.54 -54.27 3.91 -22.05 -52.68 3.83 0.305 0x0000FF
-22.54 -55.97 4.21 -22.54 -54.27 3.91 0.305 0x0000FF
-22.54 -57.43 4.36 -22.54 -55.97 4.21 0.305 0x0000FF
-22.54 -58.77 4.51 -22.54 -57.43 4.36 0.305 0x0000FF
-22.66 -60.84 4.82 -22.54 -58.77 4.51 0.305 0x0000FF
-22.78 -62.67 4.82 -22.66 -60.84 4.82 0.305 0x0000FF
-22.78 -64.48 4.88 -22.78 -62.67 4.82 0.245 0x0000FF
-22.78 -65.95 5.04 -22.78 -64.48 4.88 0.245 0x0000FF
-22.78 -68.39 5.2 -22.78 -65.95 5.04 0.245 0x0000FF
-22.78 -70.34 5.35 -22.78 -68.39 5.2 0.245 0x0000FF
-22.41 -71.43 5.5 -22.78 -70.34 5.35 0.245 0x0000FF
-22.29 -72.28 5.58 -22.41 -71.43 5.5 0.245 0x0000FF
-21.43 -73.38 5.73 -22.29 -72.28 5.58 0.245 0x0000FF
-21.07 -74.72 5.95 -21.43 -73.38 5.73 0.245 0x0000FF
-20.7 -75.94 6.11 -21.07 -74.72 5.95 0.245 0x0000FF
-20.21 -77.15 6.26 -20.7 -75.94 6.11 0.245 0x0000FF
-19.59 -78.25 6.41 -20.21 -77.15 6.26 0.245 0x0000FF
10.67 9.36 -0.41 10.18 10.84 -0.41 0.43 0x0000FF
11.53 7.43 -0.79 10.67 9.36 -0.41 0.43 0x0000FF
12.64 5.97 -0.79 11.53 7.43 -0.79 0.43 0x0000FF
13.86 4.63 -0.79 12.64 5.97 -0.79 0.43 0x0000FF
14.72 2.8 -0.79 13.86 4.63 -0.79 0.43 0x0000FF
15.33 0.85 -0.79 14.72 2.8 -0.79 0.37 0x0000FF
16.32 -0.24 -0.79 15.33 0.85 -0.79 0.37 0x0000FF
17.54 -1.46 -0.79 16.32 -0.24 -0.79 0.37 0x0000FF
18.52 -2.8 -0.56 17.54 -1.46 -0.79 0.37 0x0000FF
18.89 -4.75 -0.41 18.52 -2.8 -0.56 0.37 0x0000FF
18.89 -6.09 -0.11 18.89 -4.75 -0.41 0.37 0x0000FF
18.89 -7.67 0.12 18.89 -6.09 -0.11 0.37 0x0000FF
19.14 -9.25 0.27 18.89 -7.67 0.12 0.37 0x0000FF
20.12 -10.35 0.27 19.14 -9.25 0.27 0.37 0x0000FF
21.1 -12.05 0.35 20.12 -10.35 0.27 0.37 0x0000FF
22.47 -13.06 0.35 21.1 -12.05 0.35 0.37 0x0000FF
23.58 -14.76 0.57 22.47 -13.06 0.35 0.37 0x0000FF
24.44 -15.86 0.65 23.58 -14.76 0.57 0.37 0x0000FF
25.29 -17.32 0.95 24.44 -15.86 0.65 0.37 0x0000FF
26.03 -18.78 1.26 25.29 -17.32 0.95 0.305 0x0000FF
26.52 -20.12 1.48 26.03 -18.78 1.26 0.305 0x0000FF
27.13 -22.31 1.79 26.52 -20.12 1.48 0.305 0x0000FF
27.87 -24.26 2.09 27.13 -22.31 1.79 0.305 0x0000FF
28.73 -25.6 2.47 27.87 -24.26 2.09 0.305 0x0000FF
29.83 -27.54 2.77 28.73 -25.6 2.47 0.305 0x0000FF
30.81 -29.37 3.08 29.83 -27.54 2.77 0.305 0x0000FF
32.04 -30.47 2.7 30.81 -29.37 3.08 0.245 0x0000FF
33.02 -31.2 2.39 32.04 -30.47 2.7 0.305 0x0000FF
33.76 -32.04 2.09 33.02 -31.2 2.39 0.305 0x0000FF
35.22 -33.14 1.79 33.76 -32.04 2.09 0.305 0x0000FF
36.21 -34.11 1.41 35.22 -33.14 1.79 0.305 0x0000FF
37.07 -35.34 0.95 36.21 -34.11 1.41 0.305 0x0000FF
38.42 -36.43 0.65 37.07 -35.34 0.95 0.305 0x0000FF
39.52 -37.65 0.2 38.42 -36.43 0.65 0.305 0x0000FF
40.14 -38.86 -0.18 39.52 -37.65 0.2 0.305 0x0000FF
41.24 -40.08 -0.48 40.14 -38.86 -0.18 0.305 0x0000FF
42.22 -41.42 -0.86 41.24 -40.08 -0.48 0.305 0x0000FF
43.57 -42.88 -1.24 42.22 -41.42 -0.86 0.305 0x0000FF
44.31 -45.08 -1.55 43.57 -42.88 -1.24 0.305 0x0000FF
44.55 -47.02 -1.92 44.31 -45.08 -1.55 0.305 0x0000FF
44.55 -48.73 -2.29 44.55 -47.02 -1.92 0.245 0x0000FF
44.55 -50.43 -2.68 44.55 -48.73 -2.29 0.185 0x0000FF
44.19 -51.89 -3.14 44.55 -50.43 -2.68 0.185 0x0000FF
43.7 -53.72 -3.36 44.19 -51.89 -3.14 0.185 0x0000FF
42.59 -54.94 -3.51 43.7 -53.72 -3.36 0.185 0x0000FF
41.36 -56.52 -3.74 42.59 -54.94 -3.51 0.185 0x0000FF
40.86 -58.23 -3.82 41.36 -56.52 -3.74 0.185 0x0000FF
40.86 -59.56 -3.97 40.86 -58.23 -3.82 0.185 0x0000FF
40.75 -61.27 -3.97 40.86 -59.56 -3.97 0.185 0x0000FF
39.96 -62.98 -4.05 40.75 -61.27 -3.97 0.185 0x0000FF
38.24 -64.08 -4.05 39.96 -62.98 -4.05 0.185 0x0000FF
36.65 -64.93 -4.05 38.24 -64.08 -4.05 0.185 0x0000FF
34.93 -65.66 -4.2 36.65 -64.93 -4.05 0.185 0x0000FF
33.09 -66.15 -4.2 34.93 -65.66 -4.2 0.185 0x0000FF
31.01 -66.63 -4.34 33.09 -66.15 -4.2 0.185 0x0000FF
