-95.42 -30.25 -0.64 -87.82 -22.74 -1.23 0.73 0x0000FF
-94.33 -32.61 -0.64 -95.42 -30.25 -0.64 0.73 0x0000FF
-93.96 -33.71 -0.64 -94.33 -32.61 -0.64 0.73 0x0000FF
-93.42 -34.25 -0.86 -93.96 -33.71 -0.64 0.73 0x0000FF
-92.87 -35.35 -1.17 -93.42 -34.25 -0.86 0.73 0x0000FF
-92.32 -35.89 -1.17 -92.87 -35.35 -1.17 0.73 0x0000FF
-91.04 -36.99 -1.17 -92.32 -35.89 -1.17 0.73 0x0000FF
-90.68 -37.35 -1.24 -91.04 -36.99 -1.17 0.73 0x0000FF
-89.58 -38.44 -1.24 -90.68 -37.35 -1.24 0.73 0x0000FF
-89.22 -39.17 -1.24 -89.58 -38.44 -1.24 0.73 0x0000FF
-88.31 -39.72 -1.39 -89.22 -39.17 -1.24 0.73 0x0000FF
-87.58 -40.45 -1.09 -88.31 -39.72 -1.39 0.73 0x0000FF
-86.48 -41.18 -0.79 -87.58 -40.45 -1.09 0.73 0x0000FF
-85.57 -41.54 -0.48 -86.48 -41.18 -0.79 0.73 0x0000FF
-83.93 -41.91 -0.11 -85.57 -41.54 -0.48 0.73 0x0000FF
-82.83 -42.09 0.27 -83.93 -41.91 -0.11 0.73 0x0000FF
-81.19 -42.63 1.11 -82.83 -42.09 0.27 0.73 0x0000FF
-78.45 -43.55 1.26 -81.19 -42.63 1.11 0.73 0x0000FF
-77.0 -43.91 1.79 -78.45 -43.55 1.26 0.73 0x0000FF
-74.98 -44.64 1.94 -77.0 -43.91 1.79 0.73 0x0000FF
-73.89 -44.82 2.17 -74.98 -44.64 1.94 0.73 0x0000FF
-70.06 -44.27 2.7 -73.89 -44.82 2.17 0.64 0x0000FF
-67.87 -44.64 2.77 -70.06 -44.27 2.7 0.64 0x0000FF
-63.68 -43.36 2.92 -67.87 -44.64 2.77 0.64 0x0000FF
-60.21 -41.91 3.15 -63.68 -43.36 2.92 0.455 0x0000FF
-57.47 -40.63 3.38 -60.21 -41.91 3.15 0.455 0x0000FF
-55.65 -39.36 3.68 -57.47 -40.63 3.38 0.455 0x0000FF
-53.28 -37.72 4.13 -55.65 -39.36 3.68 0.455 0x0000FF
-51.63 -36.26 4.13 -53.28 -37.72 4.13 0.455 0x0000FF
-50.36 -34.44 3.98 -51.63 -36.26 4.13 0.455 0x0000FF
-47.44 -29.88 2.17 -50.36 -34.44 3.98 0.455 0x0000FF
-46.16 -26.05 2.0 -47.44 -29.88 2.17 0.455 0x0000FF
-45.07 -22.23 1.33 -46.16 -26.05 2.0 0.455 0x0000FF
-43.97 -19.68 0.5 -45.07 -22.23 1.33 0.365 0x0000FF
-43.06 -18.04 0.27 -43.97 -19.68 0.5 0.365 0x0000FF
-42.15 -16.76 -0.11 -43.06 -18.04 0.27 0.365 0x0000FF
-41.6 -15.49 -0.64 -42.15 -16.76 -0.11 0.365 0x0000FF
-41.6 -14.39 -1.17 -41.6 -15.49 -0.64 0.365 0x0000FF
-41.23 -12.39 -1.32 -41.6 -14.39 -1.17 0.365 0x0000FF
-41.05 -10.19 -2.0 -41.23 -12.39 -1.32 0.365 0x0000FF
-41.42 -8.56 -2.91 -41.05 -10.19 -2.0 0.365 0x0000FF
-41.96 -7.29 -3.14 -41.42 -8.56 -2.91 0.365 0x0000FF
-42.15 -6.19 -3.44 -41.96 -7.29 -3.14 0.365 0x0000FF
-42.69 -1.28 -4.12 -42.15 -6.19 -3.44 0.365 0x0000FF
-42.15 1.28 -4.42 -42.69 -1.28 -4.12 0.365 0x0000FF
-41.42 7.11 -4.88 -42.15 1.28 -4.42 0.275 0x0000FF
-40.14 10.57 -4.95 -41.42 7.11 -4.88 0.275 0x0000FF
-38.68 13.66 -5.18 -40.14 10.57 -4.95 0.275 0x0000FF
-35.4 16.76 -5.48 -38.68 13.66 -5.18 0.275 0x0000FF
-31.93 17.48 -5.79 -35.4 16.76 -5.48 0.275 0x0000FF
-30.29 17.86 -5.79 -31.93 17.48 -5.79 0.275 0x0000FF
-68.78 -45.73 3.23 -70.06 -44.27 2.7 0.545 0x0000FF
-67.33 -46.64 3.53 -68.78 -45.73 3.23 0.545 0x0000FF
-66.78 -47.01 3.68 -67.33 -46.64 3.53 0.545 0x0000FF
-89.04 -40.45 -1.24 -89.22 -39.17 -1.24 0.64 0x0000FF
-89.4 -40.81 -1.24 -89.04 -40.45 -1.24 0.64 0x0000FF
-89.77 -41.91 -1.24 -89.4 -40.81 -1.24 0.64 0x0000FF
-89.77 -43.18 -1.39 -89.77 -41.91 -1.24 0.64 0x0000FF
-89.95 -44.82 -1.39 -89.77 -43.18 -1.39 0.64 0x0000FF
-89.95 -45.73 -1.39 -89.95 -44.82 -1.39 0.64 0x0000FF
-90.86 -46.46 -1.32 -89.95 -45.73 -1.39 0.455 0x0000FF
-91.59 -49.92 -1.09 -90.86 -46.46 -1.32 0.365 0x0000FF
-92.32 -52.66 -0.94 -91.59 -49.92 -1.09 0.365 0x0000FF
-92.5 -53.75 -0.86 -92.32 -52.66 -0.94 0.365 0x0000FF
-92.87 -55.21 -0.71 -92.5 -53.75 -0.86 0.365 0x0000FF
-93.6 -56.85 -0.86 -92.87 -55.21 -0.71 0.365 0x0000FF
-93.96 -57.94 -1.39 -93.6 -56.85 -0.86 0.365 0x0000FF
-94.15 -59.4 -1.7 -93.96 -57.94 -1.39 0.365 0x0000FF
-94.51 -61.4 -2.45 -94.15 -59.4 -1.7 0.365 0x0000FF
-95.24 -64.86 -3.67 -94.51 -61.4 -2.45 0.275 0x0000FF
-95.42 -65.59 -3.82 -95.24 -64.86 -3.67 0.275 0x0000FF
-95.97 -67.95 -4.42 -95.42 -65.59 -3.82 0.275 0x0000FF
-96.34 -69.42 -4.73 -95.97 -67.95 -4.42 0.275 0x0000FF
-96.88 -71.06 -4.88 -96.34 -69.42 -4.73 0.275 0x0000FF
-97.07 -71.59 -5.26 -96.88 -71.06 -4.88 0.275 0x0000FF
-98.34 -73.79 -5.33 -97.07 -71.59 -5.26 0.275 0x0000FF
-99.07 -77.06 -5.64 -98.34 -73.79 -5.33 0.275 0x0000FF
-99.98 -80.53 -5.64 -99.07 -77.06 -5.64 0.275 0x0000FF
-100.53 -83.27 -5.56 -99.98 -80.53 -5.64 0.275 0x0000FF
-101.44 -85.82 -5.41 -100.53 -83.27 -5.56 0.275 0x0000FF
-102.17 -87.82 -5.03 -101.44 -85.82 -5.41 0.275 0x0000FF
-103.09 -90.01 -4.65 -102.17 -87.82 -5.03 0.275 0x0000FF
-104.18 -92.56 -4.42 -103.09 -90.01 -4.65 0.275 0x0000FF
-106.37 -98.21 -3.97 -104.18 -92.56 -4.42 0.275 0x0000FF
-106.55 -99.48 -3.74 -106.37 -98.21 -3.97 0.275 0x0000FF
-106.31 -108.15 -3.59 -106.55 -99.48 -3.74 0.275 0x0000FF
-105.58 -111.79 -3.21 -106.31 -108.15 -3.59 0.275 0x0000FF
-105.4 -114.89 -3.14 -105.58 -111.79 -3.21 0.275 0x0000FF
-89.95 -46.46 -1.62 -89.95 -45.73 -1.39 0.64 0x0000FF
-89.22 -49.01 -1.62 -89.95 -46.46 -1.62 0.64 0x0000FF
-88.85 -50.47 -1.39 -89.22 -49.01 -1.62 0.64 0x0000FF
-88.67 -51.38 -1.24 -88.85 -50.47 -1.39 0.64 0x0000FF
-88.31 -52.11 -0.94 -88.67 -51.38 -1.24 0.64 0x0000FF
-88.12 -52.66 -0.71 -88.31 -52.11 -0.94 0.64 0x0000FF
-87.94 -53.93 -0.41 -88.12 -52.66 -0.71 0.64 0x0000FF
-87.58 -55.02 -0.86 -87.94 -53.93 -0.41 0.64 0x0000FF
-87.58 -55.39 -1.39 -87.58 -55.02 -0.86 0.64 0x0000FF
-87.39 -56.85 -1.77 -87.58 -55.39 -1.39 0.64 0x0000FF
-87.03 -57.94 -1.92 -87.39 -56.85 -1.77 0.64 0x0000FF
-86.85 -58.49 -2.08 -87.03 -57.94 -1.92 0.64 0x0000FF
-85.21 -59.03 -1.7 -86.85 -58.49 -2.08 0.365 0x0000FF
-84.66 -59.58 -1.7 -85.21 -59.03 -1.7 0.365 0x0000FF
-83.93 -60.49 -1.62 -84.66 -59.58 -1.7 0.365 0x0000FF
-83.2 -61.04 -1.24 -83.93 -60.49 -1.62 0.365 0x0000FF
-81.56 -61.95 -1.02 -83.2 -61.04 -1.24 0.365 0x0000FF
-80.28 -62.68 -0.79 -81.56 -61.95 -1.02 0.365 0x0000FF
-79.18 -63.04 -1.39 -80.28 -62.68 -0.79 0.365 0x0000FF
-78.45 -63.41 -2.0 -79.18 -63.04 -1.39 0.365 0x0000FF
-77.54 -63.59 -2.23 -78.45 -63.41 -2.0 0.365 0x0000FF
-77.0 -63.95 -2.38 -77.54 -63.59 -2.23 0.365 0x0000FF
-76.08 -64.5 -2.76 -77.0 -63.95 -2.38 0.365 0x0000FF
-74.98 -65.05 -3.21 -76.08 -64.5 -2.76 0.365 0x0000FF
-74.44 -65.59 -3.44 -74.98 -65.05 -3.21 0.365 0x0000FF
-73.34 -66.5 -3.67 -74.44 -65.59 -3.44 0.275 0x0000FF
-72.8 -67.05 -3.97 -73.34 -66.5 -3.67 0.275 0x0000FF
-72.06 -67.41 -3.51 -72.8 -67.05 -3.97 0.275 0x0000FF
-71.7 -67.41 -0.94 -72.06 -67.41 -3.51 0.275 0x0000FF
-66.95 -71.06 0.12 -71.7 -67.41 -0.94 0.275 0x0000FF
-86.48 -61.77 -2.08 -86.85 -58.49 -2.08 0.455 0x0000FF
-86.48 -63.59 -2.08 -86.48 -61.77 -2.08 0.455 0x0000FF
-85.94 -65.59 -2.08 -86.48 -63.59 -2.08 0.455 0x0000FF
-84.84 -69.23 -2.08 -85.94 -65.59 -2.08 0.365 0x0000FF
-83.93 -70.51 -2.08 -84.84 -69.23 -2.08 0.365 0x0000FF
-83.2 -71.59 -2.23 -83.93 -70.51 -2.08 0.365 0x0000FF
-81.92 -72.7 -2.29 -83.2 -71.59 -2.23 0.365 0x0000FF
-80.45 -75.8 -2.38 -81.92 -72.7 -2.29 0.275 0x0000FF
-80.28 -77.8 -2.38 -80.45 -75.8 -2.38 0.275 0x0000FF
-80.45 -79.06 -2.38 -80.28 -77.8 -2.38 0.275 0x0000FF
-95.36 -26.89 0.8 -87.82 -22.74 -1.23 1.005 0x0000FF
-101.38 -28.16 1.48 -95.36 -26.89 0.8 1.005 0x0000FF
-103.75 -28.71 2.09 -101.38 -28.16 1.48 1.005 0x0000FF
-105.21 -29.8 2.24 -103.75 -28.71 2.09 1.005 0x0000FF
-107.77 -32.9 2.54 -105.21 -29.8 2.24 0.64 0x0000FF
-109.23 -36.0 2.77 -107.77 -32.9 2.54 0.64 0x0000FF
-111.78 -42.37 3.08 -109.23 -36.0 2.77 0.455 0x0000FF
-113.06 -44.92 3.45 -111.78 -42.37 3.08 0.455 0x0000FF
-114.15 -48.39 2.47 -113.06 -44.92 3.45 0.455 0x0000FF
-115.25 -52.39 2.0 -114.15 -48.39 2.47 0.455 0x0000FF
-116.34 -54.95 1.48 -115.25 -52.39 2.0 0.455 0x0000FF
-117.44 -58.77 1.18 -116.34 -54.95 1.48 0.365 0x0000FF
-117.8 -60.23 0.42 -117.44 -58.77 1.18 0.365 0x0000FF
-117.99 -62.42 0.2 -117.8 -60.23 0.42 0.365 0x0000FF
-118.35 -65.51 -0.03 -117.99 -62.42 0.2 0.365 0x0000FF
-117.44 -72.62 0.05 -118.35 -65.51 -0.03 0.365 0x0000FF
-117.44 -76.44 -0.18 -117.44 -72.62 0.05 0.365 0x0000FF
-117.26 -80.81 -0.33 -117.44 -76.44 -0.18 0.365 0x0000FF
-117.26 -84.64 -0.48 -117.26 -80.81 -0.33 0.365 0x0000FF
-117.26 -87.19 0.5 -117.26 -84.64 -0.48 0.365 0x0000FF
-117.44 -90.29 -7.45 -117.26 -87.19 0.5 0.275 0x0000FF
-117.07 -92.66 -7.45 -117.44 -90.29 -7.45 0.275 0x0000FF
-116.34 -94.48 -7.45 -117.07 -92.66 -7.45 0.275 0x0000FF
-116.34 -97.4 -7.45 -116.34 -94.48 -7.45 0.275 0x0000FF
-117.44 -101.04 -7.45 -116.34 -97.4 -7.45 0.275 0x0000FF
-114.34 -34.54 3.0 -105.21 -29.8 2.24 0.73 0x0000FF
-95.73 -24.15 6.56 -87.82 -22.74 -1.23 0.73 0x0000FF
-99.56 -23.97 6.94 -95.73 -24.15 6.56 0.73 0x0000FF
-103.02 -25.43 7.24 -99.56 -23.97 6.94 0.64 0x0000FF
-103.75 -25.43 7.77 -103.02 -25.43 7.24 0.64 0x0000FF
-105.03 -25.25 6.56 -103.75 -25.43 7.77 0.64 0x0000FF
-105.21 -25.25 6.33 -105.03 -25.25 6.56 0.64 0x0000FF
-105.94 -25.06 7.7 -105.21 -25.25 6.33 0.64 0x0000FF
-106.67 -25.06 7.92 -105.94 -25.06 7.7 0.64 0x0000FF
-107.95 -25.06 8.38 -106.67 -25.06 7.92 0.64 0x0000FF
-109.05 -25.43 8.76 -107.95 -25.06 8.38 0.64 0x0000FF
-111.23 -25.43 9.44 -109.05 -25.43 8.76 0.64 0x0000FF
-112.51 -25.06 10.73 -111.23 -25.43 9.44 0.545 0x0000FF
-112.69 -24.88 11.41 -112.51 -25.06 10.73 0.545 0x0000FF
-113.42 -24.34 12.24 -112.69 -24.88 11.41 0.545 0x0000FF
-114.88 -23.24 13.0 -113.42 -24.34 12.24 0.545 0x0000FF
-116.71 -22.88 13.83 -114.88 -23.24 13.0 0.455 0x0000FF
-118.9 -21.42 14.44 -116.71 -22.88 13.83 0.455 0x0000FF
-122.73 -18.51 14.74 -118.9 -21.42 14.44 0.455 0x0000FF
-126.93 -17.23 15.95 -122.73 -18.51 14.74 0.455 0x0000FF
-131.49 -17.05 16.32 -126.93 -17.23 15.95 0.455 0x0000FF
-136.22 -17.41 16.86 -131.49 -17.05 16.32 0.455 0x0000FF
-141.16 -19.78 17.16 -136.22 -17.41 16.86 0.455 0x0000FF
-142.97 -24.34 17.32 -141.16 -19.78 17.16 0.365 0x0000FF
-144.08 -25.61 17.54 -142.97 -24.34 17.32 0.365 0x0000FF
-145.35 -27.07 17.23 -144.08 -25.61 17.54 0.365 0x0000FF
-146.63 -28.71 16.55 -145.35 -27.07 17.23 0.365 0x0000FF
-148.27 -30.71 16.26 -146.63 -28.71 16.55 0.365 0x0000FF
-149.72 -32.9 15.73 -148.27 -30.71 16.26 0.365 0x0000FF
-151.37 -36.36 15.04 -149.72 -32.9 15.73 0.365 0x0000FF
-153.02 -39.09 14.74 -151.37 -36.36 15.04 0.365 0x0000FF
-154.29 -42.01 14.67 -153.02 -39.09 14.74 0.365 0x0000FF
-157.4 -50.57 14.13 -154.29 -42.01 14.67 0.365 0x0000FF
-159.77 -52.76 13.91 -157.4 -50.57 14.13 0.365 0x0000FF
-163.05 -54.95 13.68 -159.77 -52.76 13.91 0.365 0x0000FF
-166.7 -58.22 13.38 -163.05 -54.95 13.68 0.365 0x0000FF
-171.08 -62.6 13.0 -166.7 -58.22 13.38 0.365 0x0000FF
-173.45 -64.97 13.23 -171.08 -62.6 13.0 0.275 0x0000FF
-174.0 -65.88 13.91 -173.45 -64.97 13.23 0.275 0x0000FF
-176.01 -68.25 14.21 -174.0 -65.88 13.91 0.275 0x0000FF
-176.37 -69.16 14.89 -176.01 -68.25 14.21 0.275 0x0000FF
-177.65 -70.61 15.5 -176.37 -69.16 14.89 0.275 0x0000FF
-178.92 -71.53 16.18 -177.65 -70.61 15.5 0.275 0x0000FF
-181.66 -73.17 17.01 -178.92 -71.53 16.18 0.275 0x0000FF
-145.54 -24.34 16.71 -141.16 -19.78 17.16 0.365 0x0000FF
-148.46 -25.25 16.32 -145.54 -24.34 16.71 0.365 0x0000FF
-150.28 -25.79 16.03 -148.46 -25.25 16.32 0.365 0x0000FF
-152.29 -26.16 14.97 -150.28 -25.79 16.03 0.365 0x0000FF
-155.57 -26.34 14.51 -152.29 -26.16 14.97 0.365 0x0000FF
-158.13 -26.34 13.83 -155.57 -26.34 14.51 0.365 0x0000FF
-162.13 -27.43 13.15 -158.13 -26.34 13.83 0.365 0x0000FF
-165.42 -29.26 12.7 -162.13 -27.43 13.15 0.365 0x0000FF
-167.07 -30.17 12.32 -165.42 -29.26 12.7 0.365 0x0000FF
-170.17 -33.45 11.41 -167.07 -30.17 12.32 0.275 0x0000FF
-102.11 -20.87 7.17 -99.56 -23.97 6.94 0.64 0x0000FF
-104.85 -19.78 7.24 -102.11 -20.87 7.17 0.545 0x0000FF
-106.67 -18.69 7.39 -104.85 -19.78 7.24 0.545 0x0000FF
-107.95 -17.78 7.62 -106.67 -18.69 7.39 0.545 0x0000FF
-108.5 -17.23 9.06 -107.95 -17.78 7.62 0.545 0x0000FF
-109.05 -17.05 6.79 -108.5 -17.23 9.06 0.455 0x0000FF
-110.14 -16.32 6.48 -109.05 -17.05 6.79 0.365 0x0000FF
-112.88 -15.04 6.26 -110.14 -16.32 6.48 0.365 0x0000FF
-91.17 -35.09 5.58 -87.82 -22.74 -1.23 0.455 0x0000FF
-93.35 -37.45 5.58 -91.17 -35.09 5.58 0.455 0x0000FF
-95.54 -41.64 5.58 -93.35 -37.45 5.58 0.455 0x0000FF
-98.28 -48.93 5.65 -95.54 -41.64 5.58 0.455 0x0000FF
-103.21 -58.04 5.65 -98.28 -48.93 5.65 0.455 0x0000FF
-106.13 -63.14 5.65 -103.21 -58.04 5.65 0.455 0x0000FF
-109.96 -68.79 5.65 -106.13 -63.14 5.65 0.365 0x0000FF
-112.51 -72.98 5.5 -109.96 -68.79 5.65 0.365 0x0000FF
-115.25 -79.36 5.5 -112.51 -72.98 5.5 0.365 0x0000FF
-116.53 -83.92 5.35 -115.25 -79.36 5.5 0.365 0x0000FF
-117.07 -88.65 5.27 -116.53 -83.92 5.35 0.365 0x0000FF
-117.26 -93.03 5.2 -117.07 -88.65 5.27 0.365 0x0000FF
-117.44 -99.95 5.65 -117.26 -93.03 5.2 0.18 0x0000FF
-118.17 -102.32 5.8 -117.44 -99.95 5.65 0.18 0x0000FF
-118.53 -104.5 6.26 -118.17 -102.32 5.8 0.18 0x0000FF
-119.08 -105.6 6.33 -118.53 -104.5 6.26 0.18 0x0000FF
-120.36 -108.33 6.48 -119.08 -105.6 6.33 0.18 0x0000FF
-120.9 -110.88 5.95 -120.36 -108.33 6.48 0.18 0x0000FF
-120.72 -113.61 5.42 -120.9 -110.88 5.95 0.18 0x0000FF
-119.45 -116.53 5.35 -120.72 -113.61 5.42 0.18 0x0000FF
-88.61 -35.45 -2.83 -87.82 -22.74 -1.23 0.91 0x0000FF
-87.15 -37.45 -2.83 -88.61 -35.45 -2.83 0.91 0x0000FF
-85.51 -40.54 -2.83 -87.15 -37.45 -2.83 0.91 0x0000FF
-83.32 -43.47 -2.83 -85.51 -40.54 -2.83 0.91 0x0000FF
-78.94 -47.29 -2.83 -83.32 -43.47 -2.83 0.91 0x0000FF
-75.29 -50.57 -2.91 -78.94 -47.29 -2.83 0.82 0x0000FF
-73.83 -52.21 -3.21 -75.29 -50.57 -2.91 0.82 0x0000FF
-70.37 -57.31 -3.44 -73.83 -52.21 -3.21 0.73 0x0000FF
-69.81 -59.5 -3.67 -70.37 -57.31 -3.44 0.73 0x0000FF
-69.45 -62.96 -3.67 -69.81 -59.5 -3.67 0.73 0x0000FF
-69.27 -65.51 -3.44 -69.45 -62.96 -3.67 0.73 0x0000FF
-70.55 -70.61 -3.36 -69.27 -65.51 -3.44 0.275 0x0000FF
-69.45 -72.98 -3.36 -70.55 -70.61 -3.36 0.275 0x0000FF
-68.54 -74.62 -3.21 -69.45 -72.98 -3.36 0.275 0x0000FF
-66.72 -76.44 -2.76 -68.54 -74.62 -3.21 0.275 0x0000FF
-65.62 -77.17 -2.61 -66.72 -76.44 -2.76 0.275 0x0000FF
-64.34 -77.9 -2.23 -65.62 -77.17 -2.61 0.275 0x0000FF
-63.25 -78.81 -1.92 -64.34 -77.9 -2.23 0.275 0x0000FF
-60.51 -81.36 -1.47 -63.25 -78.81 -1.92 0.275 0x0000FF
-59.42 -82.64 -1.24 -60.51 -81.36 -1.47 0.275 0x0000FF
-57.59 -83.73 -0.86 -59.42 -82.64 -1.24 0.275 0x0000FF
-55.22 -85.55 -0.41 -57.59 -83.73 -0.86 0.275 0x0000FF
-53.94 -86.65 -0.03 -55.22 -85.55 -0.41 0.275 0x0000FF
-52.85 -87.92 0.35 -53.94 -86.65 -0.03 0.275 0x0000FF
-51.21 -87.92 0.88 -52.85 -87.92 0.35 0.275 0x0000FF
-49.57 -87.92 1.33 -51.21 -87.92 0.88 0.275 0x0000FF
-48.11 -87.19 2.0 -49.57 -87.92 1.33 0.275 0x0000FF
-47.19 -87.38 2.24 -48.11 -87.19 2.0 0.275 0x0000FF
-45.19 -87.92 2.62 -47.19 -87.38 2.24 0.275 0x0000FF
-43.73 -88.47 3.3 -45.19 -87.92 2.62 0.275 0x0000FF
-41.72 -90.11 3.76 -43.73 -88.47 3.3 0.275 0x0000FF
-40.44 -91.57 4.05 -41.72 -90.11 3.76 0.275 0x0000FF
-39.71 -93.03 4.29 -40.44 -91.57 4.05 0.275 0x0000FF
-39.35 -95.94 4.67 -39.71 -93.03 4.29 0.275 0x0000FF
-65.26 -70.06 -3.36 -69.27 -65.51 -3.44 0.64 0x0000FF
-59.6 -74.26 -3.36 -65.26 -70.06 -3.36 0.545 0x0000FF
-56.86 -76.44 -3.36 -59.6 -74.26 -3.36 0.545 0x0000FF
-52.49 -78.45 -3.36 -56.86 -76.44 -3.36 0.545 0x0000FF
-51.03 -79.18 -3.14 -52.49 -78.45 -3.36 0.545 0x0000FF
-36.97 -86.28 -3.06 -51.03 -79.18 -3.14 0.545 0x0000FF
-34.06 -87.92 -3.21 -36.97 -86.28 -3.06 0.545 0x0000FF
-31.5 -89.93 -3.36 -34.06 -87.92 -3.21 0.545 0x0000FF
-29.13 -92.3 -3.74 -31.5 -89.93 -3.36 0.545 0x0000FF
-24.02 -99.77 -3.74 -29.13 -92.3 -3.74 0.455 0x0000FF
-20.19 -103.23 -3.82 -24.02 -99.77 -3.74 0.275 0x0000FF
-16.72 -103.23 -3.82 -20.19 -103.23 -3.82 0.275 0x0000FF
-11.07 -103.96 -3.82 -16.72 -103.23 -3.82 0.275 0x0000FF
-4.68 -102.86 -3.82 -11.07 -103.96 -3.82 0.275 0x0000FF
-1.4 -101.04 -3.82 -4.68 -102.86 -3.82 0.275 0x0000FF
0.79 -98.86 -3.82 -1.4 -101.04 -3.82 0.275 0x0000FF
-22.75 -105.6 -3.74 -24.02 -99.77 -3.74 0.365 0x0000FF
-22.56 -108.88 -3.97 -22.75 -105.6 -3.74 0.365 0x0000FF
-22.02 -110.7 -4.34 -22.56 -108.88 -3.97 0.365 0x0000FF
-21.83 -112.88 -4.8 -22.02 -110.7 -4.34 0.365 0x0000FF
-21.83 -113.98 -5.03 -21.83 -112.88 -4.8 0.365 0x0000FF
-22.02 -116.35 -5.11 -21.83 -113.98 -5.03 0.365 0x0000FF
-22.56 -118.35 -5.18 -22.02 -116.35 -5.11 0.365 0x0000FF
-23.11 -121.81 -5.41 -22.56 -118.35 -5.18 0.365 0x0000FF
-22.56 -125.09 -5.86 -23.11 -121.81 -5.41 0.365 0x0000FF
-21.47 -131.1 -6.24 -22.56 -125.09 -5.86 0.365 0x0000FF
-22.56 -136.02 -6.54 -21.47 -131.1 -6.24 0.365 0x0000FF
-24.57 -141.49 -6.85 -22.56 -136.02 -6.54 0.365 0x0000FF
-27.49 -148.05 -7.3 -24.57 -141.49 -6.85 0.365 0x0000FF
-27.31 -152.41 -7.53 -27.49 -148.05 -7.3 0.365 0x0000FF
-27.49 -157.34 -7.53 -27.31 -152.41 -7.53 0.365 0x0000FF
-27.12 -162.81 -7.76 -27.49 -157.34 -7.53 0.365 0x0000FF
-27.12 -169.37 -7.91 -27.12 -162.81 -7.76 0.365 0x0000FF
-25.85 -171.55 -8.14 -27.12 -169.37 -7.91 0.275 0x0000FF
-24.75 -173.19 -8.21 -25.85 -171.55 -8.14 0.275 0x0000FF
-23.29 -175.38 -8.21 -24.75 -173.19 -8.21 0.275 0x0000FF
-21.83 -177.75 -8.21 -23.29 -175.38 -8.21 0.275 0x0000FF
-20.37 -181.21 -8.21 -21.83 -177.75 -8.21 0.275 0x0000FF
-86.42 -30.9 2.62 -87.82 -22.74 -1.23 0.73 0x0000FF
-83.87 -32.35 2.62 -86.42 -30.9 2.62 0.73 0x0000FF
-82.41 -34.17 2.62 -83.87 -32.35 2.62 0.73 0x0000FF
-80.95 -36.18 2.62 -82.41 -34.17 2.62 0.73 0x0000FF
-80.04 -38.36 2.31 -80.95 -36.18 2.62 0.73 0x0000FF
-78.94 -41.28 2.09 -80.04 -38.36 2.31 0.73 0x0000FF
-78.03 -43.65 1.86 -78.94 -41.28 2.09 0.73 0x0000FF
-76.2 -46.2 1.79 -78.03 -43.65 1.86 0.73 0x0000FF
-73.83 -49.84 1.79 -76.2 -46.2 1.79 0.73 0x0000FF
-73.28 -51.12 1.71 -73.83 -49.84 1.79 0.73 0x0000FF
-70.0 -56.4 1.48 -73.28 -51.12 1.71 0.64 0x0000FF
-69.27 -57.5 1.48 -70.0 -56.4 1.48 0.64 0x0000FF
-66.34 -61.5 1.33 -69.27 -57.5 1.48 0.545 0x0000FF
-62.88 -64.97 0.95 -66.34 -61.5 1.33 0.455 0x0000FF
-61.43 -66.42 0.88 -62.88 -64.97 0.95 0.455 0x0000FF
-60.33 -68.97 0.88 -61.43 -66.42 0.88 0.455 0x0000FF
-59.78 -70.8 0.8 -60.33 -68.97 0.88 0.455 0x0000FF
-58.32 -72.06 0.8 -59.78 -70.8 0.8 0.365 0x0000FF
-57.78 -72.98 0.8 -58.32 -72.06 0.8 0.365 0x0000FF
-55.95 -74.98 0.8 -57.78 -72.98 0.8 0.365 0x0000FF
-54.13 -76.63 0.8 -55.95 -74.98 0.8 0.365 0x0000FF
-51.57 -77.72 0.73 -54.13 -76.63 0.8 0.365 0x0000FF
-47.92 -79.0 0.73 -51.57 -77.72 0.73 0.365 0x0000FF
-47.01 -79.72 0.73 -47.92 -79.0 0.73 0.365 0x0000FF
-45.73 -80.45 0.73 -47.01 -79.72 0.73 0.365 0x0000FF
-44.09 -80.81 0.73 -45.73 -80.45 0.73 0.365 0x0000FF
-43.0 -81.0 0.73 -44.09 -80.81 0.73 0.365 0x0000FF
-37.93 -82.03 0.95 -43.0 -81.0 0.73 0.275 0x0000FF
-34.83 -81.48 0.88 -37.93 -82.03 0.95 0.275 0x0000FF
-27.9 -81.3 0.57 -34.83 -81.48 0.88 0.275 0x0000FF
-19.69 -80.94 0.42 -27.9 -81.3 0.57 0.275 0x0000FF
-16.04 -80.03 0.42 -19.69 -80.94 0.42 0.275 0x0000FF
-11.29 -77.29 0.42 -16.04 -80.03 0.42 0.275 0x0000FF
-9.83 -76.2 0.27 -11.29 -77.29 0.42 0.275 0x0000FF
-8.92 -75.84 1.18 -9.83 -76.2 0.27 0.275 0x0000FF
-7.64 -75.11 2.09 -8.92 -75.84 1.18 0.275 0x0000FF
-5.82 -74.73 2.7 -7.64 -75.11 2.09 0.275 0x0000FF
-3.08 -74.56 2.7 -5.82 -74.73 2.7 0.275 0x0000FF
-1.44 -74.56 3.08 -3.08 -74.56 2.7 0.275 0x0000FF
1.11 -74.56 3.45 -1.44 -74.56 3.08 0.275 0x0000FF
2.94 -74.01 3.98 1.11 -74.56 3.45 0.275 0x0000FF
4.58 -73.83 4.88 2.94 -74.01 3.98 0.275 0x0000FF
6.77 -73.29 5.58 4.58 -73.83 4.88 0.275 0x0000FF
9.51 -73.47 5.58 6.77 -73.29 5.58 0.275 0x0000FF
10.6 -73.29 5.88 9.51 -73.47 5.58 0.275 0x0000FF
11.33 -72.92 6.11 10.6 -73.29 5.88 0.275 0x0000FF
14.25 -73.65 7.01 11.33 -72.92 6.11 0.275 0x0000FF
18.63 -73.09 7.85 14.25 -73.65 7.01 0.275 0x0000FF
21.55 -72.73 8.61 18.63 -73.09 7.85 0.275 0x0000FF
26.48 -72.19 9.59 21.55 -72.73 8.61 0.275 0x0000FF
29.94 -71.28 10.5 26.48 -72.19 9.59 0.275 0x0000FF
31.95 -70.92 11.03 29.94 -71.28 10.5 0.275 0x0000FF
34.32 -70.19 11.94 31.95 -70.92 11.03 0.275 0x0000FF
36.69 -69.28 12.92 34.32 -70.19 11.94 0.275 0x0000FF
38.88 -68.37 13.3 36.69 -69.28 12.92 0.275 0x0000FF
39.97 -67.64 13.98 38.88 -68.37 13.3 0.275 0x0000FF
44.36 -66.91 14.44 39.97 -67.64 13.98 0.275 0x0000FF
50.74 -66.18 15.2 44.36 -66.91 14.44 0.275 0x0000FF
57.49 -66.0 15.95 50.74 -66.18 15.2 0.275 0x0000FF
63.15 -66.18 17.01 57.49 -66.0 15.95 0.275 0x0000FF
64.06 -66.36 17.77 63.15 -66.18 17.01 0.275 0x0000FF
69.72 -67.09 19.05 64.06 -66.36 17.77 0.275 0x0000FF
77.01 -68.0 19.66 69.72 -67.09 19.05 0.275 0x0000FF
77.01 -68.37 19.97 77.01 -68.0 19.66 0.275 0x0000FF
84.5 -69.09 20.42 77.01 -68.37 19.97 0.275 0x0000FF
-40.26 -75.34 0.73 -43.0 -81.0 0.73 0.275 0x0000FF
-37.52 -71.89 0.73 -40.26 -75.34 0.73 0.275 0x0000FF
-32.6 -67.7 0.88 -37.52 -71.89 0.73 0.275 0x0000FF
-26.21 -64.59 0.88 -32.6 -67.7 0.88 0.275 0x0000FF
-19.82 -61.32 0.88 -26.21 -64.59 0.88 0.275 0x0000FF
-17.64 -57.5 0.95 -19.82 -61.32 0.88 0.275 0x0000FF
-5.59 -52.21 0.95 -17.64 -57.5 0.95 0.275 0x0000FF
-1.76 -51.12 1.03 -5.59 -52.21 0.95 0.275 0x0000FF
3.53 -49.11 1.18 -1.76 -51.12 1.03 0.275 0x0000FF
12.1 -46.38 1.33 3.53 -49.11 1.18 0.275 0x0000FF
18.48 -45.29 1.33 12.1 -46.38 1.33 0.275 0x0000FF
20.5 -45.11 1.41 18.48 -45.29 1.33 0.275 0x0000FF
23.96 -45.11 1.41 20.5 -45.11 1.41 0.275 0x0000FF
27.94 -43.04 3.3 23.96 -45.11 1.41 0.275 0x0000FF
29.03 -42.49 3.61 27.94 -43.04 3.3 0.275 0x0000FF
33.04 -42.68 4.21 29.03 -42.49 3.61 0.275 0x0000FF
36.51 -43.22 4.67 33.04 -42.68 4.21 0.275 0x0000FF
39.06 -43.22 4.67 36.51 -43.22 4.67 0.275 0x0000FF
41.25 -44.32 4.74 39.06 -43.22 4.67 0.275 0x0000FF
43.08 -45.41 4.74 41.25 -44.32 4.74 0.275 0x0000FF
44.36 -47.78 4.88 43.08 -45.41 4.74 0.275 0x0000FF
45.82 -49.96 4.97 44.36 -47.78 4.88 0.275 0x0000FF
47.46 -52.15 5.2 45.82 -49.96 4.97 0.275 0x0000FF
48.92 -54.34 5.27 47.46 -52.15 5.2 0.275 0x0000FF
50.01 -56.34 5.27 48.92 -54.34 5.27 0.275 0x0000FF
-57.59 -76.98 0.57 -59.78 -70.8 0.8 0.365 0x0000FF
-56.86 -77.9 0.35 -57.59 -76.98 0.57 0.365 0x0000FF
-55.22 -79.72 0.27 -56.86 -77.9 0.35 0.365 0x0000FF
-52.67 -82.82 -0.03 -55.22 -79.72 0.27 0.365 0x0000FF
-52.3 -83.55 -0.11 -52.67 -82.82 -0.03 0.365 0x0000FF
-51.57 -85.01 -0.26 -52.3 -83.55 -0.11 0.365 0x0000FF
-51.03 -85.55 -0.64 -51.57 -85.01 -0.26 0.365 0x0000FF
-50.11 -86.47 -0.64 -51.03 -85.55 -0.64 0.365 0x0000FF
-49.02 -86.83 -0.86 -50.11 -86.47 -0.64 0.365 0x0000FF
-48.29 -87.38 -0.33 -49.02 -86.83 -0.86 0.365 0x0000FF
-47.56 -87.38 0.35 -48.29 -87.38 -0.33 0.365 0x0000FF
-46.1 -87.92 1.18 -47.56 -87.38 0.35 0.365 0x0000FF
-44.82 -88.29 1.86 -46.1 -87.92 1.18 0.365 0x0000FF
-42.45 -89.2 2.54 -44.82 -88.29 1.86 0.365 0x0000FF
-42.09 -89.2 3.23 -42.45 -89.2 2.54 0.365 0x0000FF
-38.61 -90.11 4.74 -42.09 -89.2 3.23 0.365 0x0000FF
-37.15 -89.93 5.58 -38.61 -90.11 4.74 0.365 0x0000FF
-36.43 -89.93 6.18 -37.15 -89.93 5.58 0.365 0x0000FF
-34.97 -90.47 6.41 -36.43 -89.93 6.18 0.365 0x0000FF
-34.42 -90.66 8.07 -34.97 -90.47 6.41 0.365 0x0000FF
-33.86 -91.2 8.61 -34.42 -90.66 8.07 0.365 0x0000FF
-31.5 -92.66 9.82 -33.86 -91.2 8.61 0.275 0x0000FF
-31.14 -92.84 9.89 -31.5 -92.66 9.82 0.275 0x0000FF
-30.77 -92.84 10.8 -31.14 -92.84 9.89 0.275 0x0000FF
-29.5 -93.39 12.24 -30.77 -92.84 10.8 0.275 0x0000FF
-28.95 -93.57 12.62 -29.5 -93.39 12.24 0.275 0x0000FF
-26.76 -93.75 13.38 -28.95 -93.57 12.62 0.275 0x0000FF
-24.93 -93.57 13.83 -26.76 -93.75 13.38 0.275 0x0000FF
-23.29 -93.39 14.36 -24.93 -93.57 13.83 0.275 0x0000FF
-20.92 -93.03 14.97 -23.29 -93.39 14.36 0.275 0x0000FF
-19.1 -92.3 15.57 -20.92 -93.03 14.97 0.275 0x0000FF
-15.63 -91.93 15.8 -19.1 -92.3 15.57 0.275 0x0000FF
-12.35 -89.38 16.1 -15.63 -91.93 15.8 0.275 0x0000FF
-7.97 -87.01 16.32 -12.35 -89.38 16.1 0.275 0x0000FF
-5.23 -86.65 16.41 -7.97 -87.01 16.32 0.275 0x0000FF
-1.58 -85.74 16.41 -5.23 -86.65 16.41 0.275 0x0000FF
2.25 -85.55 16.41 -1.58 -85.74 16.41 0.275 0x0000FF
4.62 -85.19 16.41 2.25 -85.55 16.41 0.275 0x0000FF
8.44 -85.55 16.41 4.62 -85.19 16.41 0.275 0x0000FF
10.64 -85.92 16.41 8.44 -85.55 16.41 0.275 0x0000FF
13.93 -85.19 16.41 10.64 -85.92 16.41 0.275 0x0000FF
14.66 -84.28 16.41 13.93 -85.19 16.41 0.275 0x0000FF
-3.04 -73.17 17.47 -7.97 -87.01 16.32 0.275 0x0000FF
-84.64 -25.37 8.91 -87.82 -22.74 -1.23 1.095 0x0000FF
-83.54 -26.46 8.98 -84.64 -25.37 8.91 1.095 0x0000FF
-82.63 -27.37 9.06 -83.54 -26.46 8.98 1.095 0x0000FF
-81.72 -28.1 9.06 -82.63 -27.37 9.06 1.095 0x0000FF
-80.44 -28.1 9.14 -81.72 -28.1 9.06 1.095 0x0000FF
-76.61 -28.28 9.44 -80.44 -28.1 9.14 0.275 0x0000FF
-75.52 -28.28 9.28 -76.61 -28.28 9.44 0.275 0x0000FF
-74.23 -28.65 8.98 -75.52 -28.28 9.28 0.275 0x0000FF
-73.33 -29.01 8.61 -74.23 -28.65 8.98 0.275 0x0000FF
-72.59 -29.19 8.61 -73.33 -29.01 8.61 0.275 0x0000FF
-70.77 -29.92 9.06 -72.59 -29.19 8.61 0.275 0x0000FF
-69.68 -30.1 9.21 -70.77 -29.92 9.06 0.275 0x0000FF
-68.4 -30.65 9.74 -69.68 -30.1 9.21 0.275 0x0000FF
-67.31 -31.2 9.74 -68.4 -30.65 9.74 0.275 0x0000FF
-66.58 -31.56 10.11 -67.31 -31.2 9.74 0.275 0x0000FF
-66.2 -31.93 10.5 -66.58 -31.56 10.11 0.275 0x0000FF
-65.48 -32.47 10.95 -66.2 -31.93 10.5 0.275 0x0000FF
-65.3 -32.84 11.48 -65.48 -32.47 10.95 0.275 0x0000FF
-64.56 -33.75 11.64 -65.3 -32.84 11.48 0.275 0x0000FF
-64.2 -34.11 11.79 -64.56 -33.75 11.64 0.275 0x0000FF
-63.84 -34.65 12.32 -64.2 -34.11 11.79 0.275 0x0000FF
-63.29 -35.75 13.23 -63.84 -34.65 12.32 0.275 0x0000FF
-63.11 -36.29 13.53 -63.29 -35.75 13.23 0.275 0x0000FF
-62.93 -36.65 13.98 -63.11 -36.29 13.53 0.275 0x0000FF
-62.38 -37.57 14.36 -62.93 -36.65 13.98 0.275 0x0000FF
-61.65 -37.76 14.59 -62.38 -37.57 14.36 0.275 0x0000FF
-60.55 -38.11 14.89 -61.65 -37.76 14.59 0.275 0x0000FF
-58.91 -39.58 15.12 -60.55 -38.11 14.89 0.275 0x0000FF
-57.27 -41.22 15.8 -58.91 -39.58 15.12 0.275 0x0000FF
-56.91 -41.22 15.88 -57.27 -41.22 15.8 0.275 0x0000FF
-53.99 -42.31 15.95 -56.91 -41.22 15.88 0.275 0x0000FF
-48.51 -45.77 16.18 -53.99 -42.31 15.95 0.275 0x0000FF
-47.05 -48.69 16.26 -48.51 -45.77 16.18 0.275 0x0000FF
-44.86 -50.33 16.32 -47.05 -48.69 16.26 0.275 0x0000FF
-39.94 -51.42 16.41 -44.86 -50.33 16.32 0.275 0x0000FF
-37.75 -52.7 16.41 -39.94 -51.42 16.41 0.275 0x0000FF
-37.02 -53.61 16.63 -37.75 -52.7 16.41 0.275 0x0000FF
-33.72 -54.88 16.63 -37.02 -53.61 16.63 0.275 0x0000FF
-77.34 -27.01 9.28 -80.44 -28.1 9.14 0.73 0x0000FF
-76.25 -25.37 9.59 -77.34 -27.01 9.28 0.545 0x0000FF
-75.15 -23.91 9.89 -76.25 -25.37 9.59 0.545 0x0000FF
-73.87 -22.63 10.19 -75.15 -23.91 9.89 0.545 0x0000FF
-73.51 -21.72 10.42 -73.87 -22.63 10.19 0.545 0x0000FF
-72.78 -20.63 10.57 -73.51 -21.72 10.42 0.545 0x0000FF
-72.41 -19.35 10.73 -72.78 -20.63 10.57 0.545 0x0000FF
-71.87 -18.07 10.95 -72.41 -19.35 10.73 0.545 0x0000FF
-70.95 -16.98 11.26 -71.87 -18.07 10.95 0.455 0x0000FF
-70.59 -15.53 11.26 -70.95 -16.98 11.26 0.455 0x0000FF
-70.22 -14.25 12.09 -70.59 -15.53 11.26 0.365 0x0000FF
-69.86 -13.34 12.32 -70.22 -14.25 12.09 0.365 0x0000FF
-69.68 -12.61 13.07 -69.86 -13.34 12.32 0.365 0x0000FF
-68.76 -10.79 13.76 -69.68 -12.61 13.07 0.275 0x0000FF
-67.84 -9.88 13.76 -68.76 -10.79 13.76 0.275 0x0000FF
-84.48 -11.84 6.71 -87.82 -22.74 -1.23 1.915 0x0000FF
-84.29 -9.66 7.24 -84.48 -11.84 6.71 1.915 0x0000FF
-83.75 -7.65 7.92 -84.29 -9.66 7.24 1.735 0x0000FF
-83.2 -6.38 8.44 -83.75 -7.65 7.92 1.64 0x0000FF
-82.1 -3.28 9.06 -83.2 -6.38 8.44 1.37 0x0000FF
-81.56 -0.91 9.28 -82.1 -3.28 9.06 1.37 0x0000FF
-81.01 0.55 9.97 -81.56 -0.91 9.28 1.37 0x0000FF
-80.64 1.82 9.97 -81.01 0.55 9.97 1.37 0x0000FF
-80.64 2.54 8.44 -80.64 1.82 9.97 1.37 0x0000FF
-80.28 3.28 7.92 -80.64 2.54 8.44 1.37 0x0000FF
-79.91 4.37 9.44 -80.28 3.28 7.92 1.37 0x0000FF
-79.55 5.83 9.97 -79.91 4.37 9.44 1.37 0x0000FF
-79.37 6.92 11.03 -79.55 5.83 9.97 1.37 0x0000FF
-79.37 7.47 11.71 -79.37 6.92 11.03 1.37 0x0000FF
-79.37 8.38 12.09 -79.37 7.47 11.71 1.37 0x0000FF
-78.45 13.48 12.62 -79.37 8.38 12.09 1.37 0x0000FF
-78.64 15.3 13.15 -78.45 13.48 12.62 1.37 0x0000FF
-79.37 18.95 13.38 -78.64 15.3 13.15 1.37 0x0000FF
-80.28 23.69 12.24 -79.37 18.95 13.38 1.37 0x0000FF
-80.09 26.6 11.41 -80.28 23.69 12.24 1.37 0x0000FF
-83.2 44.09 11.1 -80.09 26.6 11.41 1.37 0x0000FF
-83.75 51.2 10.19 -83.2 44.09 11.1 1.37 0x0000FF
-83.38 62.49 9.67 -83.75 51.2 10.19 1.37 0x0000FF
-81.37 75.25 9.51 -83.38 62.49 9.67 1.37 0x0000FF
-81.01 77.62 10.5 -81.37 75.25 9.51 1.37 0x0000FF
-81.01 83.27 11.03 -81.01 77.62 10.5 1.37 0x0000FF
-80.04 92.92 11.48 -81.01 83.27 11.03 1.37 0x0000FF
-80.23 98.94 11.79 -80.04 92.92 11.48 1.37 0x0000FF
-80.04 101.85 12.39 -80.23 98.94 11.79 1.185 0x0000FF
-80.41 106.59 12.62 -80.04 101.85 12.39 1.185 0x0000FF
-80.95 111.14 13.23 -80.41 106.59 12.62 1.185 0x0000FF
-81.87 118.61 13.76 -80.95 111.14 13.23 1.185 0x0000FF
-83.15 126.08 14.29 -81.87 118.61 13.76 1.185 0x0000FF
-85.88 136.47 14.59 -83.15 126.08 14.29 1.185 0x0000FF
-86.43 145.94 15.35 -85.88 136.47 14.59 1.185 0x0000FF
-88.07 162.71 15.88 -86.43 145.94 15.35 1.185 0x0000FF
-87.89 170.72 16.32 -88.07 162.71 15.88 1.185 0x0000FF
-87.34 172.91 16.71 -87.89 170.72 16.32 1.185 0x0000FF
-85.35 181.19 17.32 -87.34 172.91 16.71 1.185 0x0000FF
-84.62 186.47 17.7 -85.35 181.19 17.32 1.095 0x0000FF
-83.89 193.94 18.07 -84.62 186.47 17.7 1.095 0x0000FF
-83.71 200.87 18.53 -83.89 193.94 18.07 1.095 0x0000FF
-83.35 203.78 18.82 -83.71 200.87 18.53 1.095 0x0000FF
-84.44 207.06 19.05 -83.35 203.78 18.82 1.005 0x0000FF
-85.54 209.43 19.44 -84.44 207.06 19.05 0.91 0x0000FF
-88.82 213.44 19.97 -85.54 209.43 19.44 0.91 0x0000FF
-96.3 225.46 20.19 -88.82 213.44 19.97 0.91 0x0000FF
-98.86 232.57 20.88 -96.3 225.46 20.19 0.91 0x0000FF
-99.04 233.3 19.51 -98.86 232.57 20.88 0.91 0x0000FF
-99.95 238.58 18.45 -99.04 233.3 19.51 0.91 0x0000FF
-100.5 243.87 17.47 -99.95 238.58 18.45 0.91 0x0000FF
-101.96 258.99 16.94 -100.5 243.87 17.47 0.91 0x0000FF
-101.78 262.45 15.88 -101.96 258.99 16.94 0.91 0x0000FF
-101.96 264.27 15.12 -101.78 262.45 15.88 0.91 0x0000FF
-101.73 267.47 14.51 -101.96 264.27 15.12 0.91 0x0000FF
-101.73 270.02 14.29 -101.73 267.47 14.51 0.91 0x0000FF
-101.73 270.57 13.45 -101.73 270.02 14.29 0.91 0x0000FF
-101.91 272.57 12.54 -101.73 270.57 13.45 0.91 0x0000FF
-102.27 274.02 12.01 -101.91 272.57 12.54 0.91 0x0000FF
-102.82 279.13 9.06 -102.27 274.02 12.01 0.82 0x0000FF
-103.37 286.42 8.44 -102.82 279.13 9.06 0.82 0x0000FF
-103.92 290.25 7.62 -103.37 286.42 8.44 0.82 0x0000FF
-105.19 298.08 6.94 -103.92 290.25 7.62 0.73 0x0000FF
-106.65 300.27 6.79 -105.19 298.08 6.94 0.64 0x0000FF
-106.47 302.27 6.64 -106.65 300.27 6.79 0.455 0x0000FF
-104.83 305.0 6.71 -106.47 302.27 6.64 0.365 0x0000FF
-101.73 308.64 6.71 -104.83 305.0 6.71 0.275 0x0000FF
-108.11 304.82 6.71 -106.65 300.27 6.79 0.275 0x0000FF
-108.48 311.02 6.71 -108.11 304.82 6.71 0.275 0x0000FF
-108.66 314.11 6.71 -108.48 311.02 6.71 0.09 0x0000FF
-82.57 210.99 18.0 -83.35 203.78 18.82 0.365 0x0000FF
-83.12 215.54 18.23 -82.57 210.99 18.0 0.365 0x0000FF
-83.85 224.84 18.38 -83.12 215.54 18.23 0.365 0x0000FF
-84.21 235.22 18.38 -83.85 224.84 18.38 0.365 0x0000FF
-84.58 241.96 18.53 -84.21 235.22 18.38 0.365 0x0000FF
-84.58 247.79 18.6 -84.58 241.96 18.53 0.365 0x0000FF
-86.95 256.36 18.82 -84.58 247.79 18.6 0.365 0x0000FF
-87.86 258.36 18.91 -86.95 256.36 18.82 0.365 0x0000FF
-87.86 260.36 18.98 -87.86 258.36 18.91 0.365 0x0000FF
-87.49 263.64 19.13 -87.86 260.36 18.98 0.365 0x0000FF
-86.95 265.47 19.36 -87.49 263.64 19.13 0.365 0x0000FF
-85.49 270.39 19.44 -86.95 265.47 19.36 0.365 0x0000FF
-85.12 272.02 19.59 -85.49 270.39 19.44 0.365 0x0000FF
-85.12 273.67 19.73 -85.12 272.02 19.59 0.365 0x0000FF
-85.67 275.67 19.82 -85.12 273.67 19.73 0.365 0x0000FF
-86.4 277.31 19.97 -85.67 275.67 19.82 0.365 0x0000FF
-88.22 280.04 19.97 -86.4 277.31 19.97 0.365 0x0000FF
-88.59 281.5 20.04 -88.22 280.04 19.97 0.365 0x0000FF
-90.41 284.6 20.19 -88.59 281.5 20.04 0.365 0x0000FF
-90.78 285.51 20.27 -90.41 284.6 20.19 0.365 0x0000FF
-91.33 288.61 20.42 -90.78 285.51 20.27 0.365 0x0000FF
-91.51 291.89 20.5 -91.33 288.61 20.42 0.365 0x0000FF
-92.97 298.99 20.88 -91.51 291.89 20.5 0.365 0x0000FF
-94.61 305.0 21.03 -92.97 298.99 20.88 0.365 0x0000FF
-96.8 308.47 21.1 -94.61 305.0 21.03 0.365 0x0000FF
-99.17 312.83 21.26 -96.8 308.47 21.1 0.365 0x0000FF
-101.0 317.2 21.33 -99.17 312.83 21.26 0.365 0x0000FF
-101.54 319.76 21.41 -101.0 317.2 21.33 0.365 0x0000FF
-102.27 326.87 20.95 -101.54 319.76 21.41 0.365 0x0000FF
-103.19 341.63 20.65 -102.27 326.87 20.95 0.365 0x0000FF
-104.1 348.55 20.19 -103.19 341.63 20.65 0.365 0x0000FF
-105.74 345.63 20.04 -104.1 348.55 20.19 0.365 0x0000FF
-107.56 354.93 20.04 -105.74 345.63 20.04 0.365 0x0000FF
-109.14 357.69 19.59 -107.56 354.93 20.04 0.365 0x0000FF
-110.96 359.87 18.98 -109.14 357.69 19.59 0.365 0x0000FF
-112.06 361.15 19.05 -110.96 359.87 18.98 0.365 0x0000FF
-113.15 362.06 19.73 -112.06 361.15 19.05 0.365 0x0000FF
-113.52 362.79 20.42 -113.15 362.06 19.73 0.365 0x0000FF
-114.61 364.07 21.1 -113.52 362.79 20.42 0.365 0x0000FF
-115.16 364.61 21.71 -114.61 364.07 21.1 0.365 0x0000FF
-116.07 366.25 21.86 -115.16 364.61 21.71 0.365 0x0000FF
-119.36 371.35 21.86 -116.07 366.25 21.86 0.275 0x0000FF
-120.45 374.09 22.01 -119.36 371.35 21.86 0.275 0x0000FF
-120.63 378.64 22.24 -120.45 374.09 22.01 0.18 0x0000FF
-120.45 383.38 22.32 -120.63 378.64 22.24 0.18 0x0000FF
-119.9 385.38 22.62 -120.45 383.38 22.32 0.18 0x0000FF
-120.45 388.84 22.69 -119.9 385.38 22.62 0.18 0x0000FF
-122.28 391.58 22.92 -120.45 388.84 22.69 0.18 0x0000FF
-123.92 392.85 23.15 -122.28 391.58 22.92 0.18 0x0000FF
-118.63 368.26 21.48 -116.07 366.25 21.86 0.365 0x0000FF
-120.82 370.62 21.33 -118.63 368.26 21.48 0.365 0x0000FF
-122.28 372.08 21.26 -120.82 370.62 21.33 0.365 0x0000FF
-123.92 375.0 20.27 -122.28 372.08 21.26 0.365 0x0000FF
-125.19 377.0 19.51 -123.92 375.0 20.27 0.365 0x0000FF
-125.92 379.01 18.82 -125.19 377.0 19.51 0.365 0x0000FF
-127.75 382.47 17.62 -125.92 379.01 18.82 0.365 0x0000FF
-130.49 389.76 17.09 -127.75 382.47 17.62 0.365 0x0000FF
-133.59 396.5 16.1 -130.49 389.76 17.09 0.365 0x0000FF
-137.97 403.97 15.57 -133.59 396.5 16.1 0.365 0x0000FF
-140.88 410.71 15.12 -137.97 403.97 15.57 0.365 0x0000FF
-145.44 416.72 14.29 -140.88 410.71 15.12 0.365 0x0000FF
-148.72 419.64 13.45 -145.44 416.72 14.29 0.365 0x0000FF
-152.01 424.56 13.15 -148.72 419.64 13.45 0.365 0x0000FF
-154.75 428.56 12.7 -152.01 424.56 13.15 0.365 0x0000FF
-157.66 431.84 11.86 -154.75 428.56 12.7 0.365 0x0000FF
-162.22 436.4 11.56 -157.66 431.84 11.86 0.365 0x0000FF
-165.7 438.59 10.73 -162.22 436.4 11.56 0.365 0x0000FF
-169.53 438.77 10.11 -165.7 438.59 10.73 0.365 0x0000FF
-170.26 438.4 9.74 -169.53 438.77 10.11 0.365 0x0000FF
