110.17 17.32 68.9 99.54 15.25 67.28 1.185 0x0000FF
111.08 19.14 69.2 110.17 17.32 68.9 1.185 0x0000FF
112.54 20.42 69.95 111.08 19.14 69.2 1.185 0x0000FF
113.82 21.15 70.11 112.54 20.42 69.95 1.185 0x0000FF
117.28 21.69 70.56 113.82 21.15 70.11 1.185 0x0000FF
118.38 21.69 70.72 117.28 21.69 70.56 1.185 0x0000FF
120.02 22.06 70.8 118.38 21.69 70.72 0.91 0x0000FF
123.31 23.15 70.95 120.02 22.06 70.8 0.82 0x0000FF
128.05 28.07 70.95 123.31 23.15 70.95 0.82 0x0000FF
130.41 30.62 71.02 128.05 28.07 70.95 0.545 0x0000FF
133.16 33.54 71.09 130.41 30.62 71.02 0.545 0x0000FF
145.02 50.3 71.09 133.16 33.54 71.09 0.545 0x0000FF
144.11 66.88 70.19 145.02 50.3 71.09 0.365 0x0000FF
144.65 68.34 70.72 144.11 66.88 70.19 0.365 0x0000FF
146.11 72.53 71.17 144.65 68.34 70.72 0.365 0x0000FF
147.02 74.9 71.7 146.11 72.53 71.17 0.365 0x0000FF
152.5 79.27 72.16 147.02 74.9 71.7 0.365 0x0000FF
158.34 84.01 72.23 152.5 79.27 72.16 0.365 0x0000FF
159.97 86.56 72.69 158.34 84.01 72.23 0.365 0x0000FF
160.71 87.65 72.98 159.97 86.56 72.69 0.365 0x0000FF
161.99 89.11 73.45 160.71 87.65 72.98 0.275 0x0000FF
163.08 89.84 73.67 161.99 89.11 73.45 0.18 0x0000FF
155.6 53.76 70.64 145.02 50.3 71.09 0.455 0x0000FF
157.79 56.49 70.04 155.6 53.76 70.64 0.455 0x0000FF
158.88 57.95 69.89 157.79 56.49 70.04 0.455 0x0000FF
161.07 60.5 69.51 158.88 57.95 69.89 0.365 0x0000FF
162.16 61.78 70.19 161.07 60.5 69.51 0.365 0x0000FF
163.63 62.87 70.72 162.16 61.78 70.19 0.365 0x0000FF
164.9 63.42 71.02 163.63 62.87 70.72 0.365 0x0000FF
166.36 63.6 71.63 164.9 63.42 71.02 0.365 0x0000FF
169.47 63.78 71.78 166.36 63.6 71.63 0.365 0x0000FF
173.12 64.15 72.01 169.47 63.78 71.78 0.365 0x0000FF
180.41 64.51 72.69 173.12 64.15 72.01 0.365 0x0000FF
181.69 64.87 72.84 180.41 64.51 72.69 0.365 0x0000FF
183.88 67.97 72.77 181.69 64.87 72.84 0.275 0x0000FF
187.53 71.43 72.84 183.88 67.97 72.77 0.275 0x0000FF
196.1 75.08 72.98 187.53 71.43 72.84 0.275 0x0000FF
199.39 75.98 73.06 196.1 75.08 72.98 0.275 0x0000FF
206.69 77.45 73.22 199.39 75.98 73.06 0.275 0x0000FF
209.24 78.9 73.3 206.69 77.45 73.22 0.275 0x0000FF
214.17 82.37 73.3 209.24 78.9 73.3 0.275 0x0000FF
216.17 82.91 73.45 214.17 82.37 73.3 0.275 0x0000FF
217.27 84.73 73.67 216.17 82.91 73.45 0.275 0x0000FF
208.33 74.7 73.37 206.69 77.45 73.22 0.275 0x0000FF
197.2 67.79 73.22 181.69 64.87 72.84 0.275 0x0000FF
202.86 66.51 73.3 197.2 67.79 73.22 0.275 0x0000FF
205.04 66.15 73.37 202.86 66.51 73.3 0.275 0x0000FF
206.87 65.59 73.59 205.04 66.15 73.37 0.275 0x0000FF
209.97 63.78 74.05 206.87 65.59 73.59 0.275 0x0000FF
99.4 26.61 64.43 99.54 15.25 67.28 0.73 0x0000FF
99.59 28.62 64.51 99.4 26.61 64.43 0.73 0x0000FF
99.04 31.17 64.05 99.59 28.62 64.51 0.64 0x0000FF
99.04 32.81 64.28 99.04 31.17 64.05 0.545 0x0000FF
99.04 33.54 65.34 99.04 32.81 64.28 0.545 0x0000FF
99.04 34.08 64.05 99.04 33.54 65.34 0.545 0x0000FF
96.53 37.18 64.51 99.04 34.08 64.05 0.275 0x0000FF
95.44 39.54 64.73 96.53 37.18 64.51 0.275 0x0000FF
95.8 41.92 64.81 95.44 39.54 64.73 0.275 0x0000FF
97.44 45.56 64.95 95.8 41.92 64.81 0.275 0x0000FF
98.36 47.02 65.04 97.44 45.56 64.95 0.275 0x0000FF
100.18 48.84 65.19 98.36 47.02 65.04 0.275 0x0000FF
101.64 51.03 65.34 100.18 48.84 65.19 0.275 0x0000FF
102.73 53.94 65.56 101.64 51.03 65.34 0.275 0x0000FF
102.73 56.13 65.56 102.73 53.94 65.56 0.275 0x0000FF
102.0 57.95 65.64 102.73 56.13 65.56 0.275 0x0000FF
101.28 60.14 65.8 102.0 57.95 65.64 0.275 0x0000FF
100.55 62.51 65.87 101.28 60.14 65.8 0.275 0x0000FF
100.91 64.33 65.87 100.55 62.51 65.87 0.275 0x0000FF
98.49 36.82 63.98 99.04 34.08 64.05 0.455 0x0000FF
98.49 37.9 63.75 98.49 36.82 63.98 0.455 0x0000FF
98.67 39.9 63.52 98.49 37.9 63.75 0.455 0x0000FF
99.22 43.19 63.37 98.67 39.9 63.52 0.455 0x0000FF
103.78 52.3 63.15 99.22 43.19 63.37 0.365 0x0000FF
111.08 56.68 63.15 103.78 52.3 63.15 0.365 0x0000FF
136.81 79.45 62.92 111.08 56.68 63.15 0.365 0x0000FF
141.55 83.64 62.61 136.81 79.45 62.92 0.365 0x0000FF
143.91 86.01 63.45 141.55 83.64 62.61 0.365 0x0000FF
147.21 89.11 63.83 143.91 86.01 63.45 0.365 0x0000FF
149.21 90.93 63.98 147.21 89.11 63.83 0.365 0x0000FF
160.03 94.57 64.36 149.21 90.93 63.98 0.275 0x0000FF
163.13 96.94 64.66 160.03 94.57 64.36 0.275 0x0000FF
166.23 98.58 65.27 163.13 96.94 64.66 0.275 0x0000FF
168.97 99.31 65.34 166.23 98.58 65.27 0.275 0x0000FF
171.15 98.76 64.66 168.97 99.31 65.34 0.275 0x0000FF
172.98 97.85 64.28 171.15 98.76 64.66 0.275 0x0000FF
174.07 96.94 63.75 172.98 97.85 64.28 0.275 0x0000FF
174.62 95.67 63.52 174.07 96.94 63.75 0.275 0x0000FF
174.8 94.94 63.45 174.62 95.67 63.52 0.275 0x0000FF
175.72 94.21 63.22 174.8 94.94 63.45 0.275 0x0000FF
176.99 93.48 62.92 175.72 94.21 63.22 0.275 0x0000FF
178.27 92.75 62.77 176.99 93.48 62.92 0.275 0x0000FF
178.82 91.84 62.61 178.27 92.75 62.77 0.275 0x0000FF
179.18 90.2 62.61 178.82 91.84 62.61 0.275 0x0000FF
179.91 87.29 62.46 179.18 90.2 62.61 0.275 0x0000FF
180.28 86.19 62.31 179.91 87.29 62.46 0.275 0x0000FF
180.82 84.37 62.16 180.28 86.19 62.31 0.275 0x0000FF
181.37 83.09 61.93 180.82 84.37 62.16 0.275 0x0000FF
181.92 81.64 61.78 181.37 83.09 61.93 0.275 0x0000FF
182.47 80.18 61.71 181.92 81.64 61.78 0.275 0x0000FF
181.92 77.26 61.33 182.47 80.18 61.71 0.275 0x0000FF
182.47 76.34 61.4 181.92 77.26 61.33 0.275 0x0000FF
184.11 75.62 61.71 182.47 76.34 61.4 0.275 0x0000FF
186.66 74.7 61.86 184.11 75.62 61.71 0.275 0x0000FF
188.67 72.7 61.33 186.66 74.7 61.86 0.275 0x0000FF
189.95 71.43 61.02 188.67 72.7 61.33 0.275 0x0000FF
191.22 68.34 60.19 189.95 71.43 61.02 0.275 0x0000FF
191.59 67.79 59.58 191.22 68.34 60.19 0.275 0x0000FF
192.87 66.33 58.9 191.59 67.79 59.58 0.275 0x0000FF
94.16 27.52 64.43 99.54 15.25 67.28 1.185 0x0000FF
88.5 37.36 63.98 94.16 27.52 64.43 1.185 0x0000FF
85.22 39.36 63.98 88.5 37.36 63.98 0.18 0x0000FF
82.48 40.1 64.05 85.22 39.36 63.98 0.18 0x0000FF
80.29 40.82 64.2 82.48 40.1 64.05 0.18 0x0000FF
79.02 42.83 64.36 80.29 40.82 64.2 0.18 0x0000FF
77.56 45.56 64.58 79.02 42.83 64.36 0.18 0x0000FF
77.01 48.29 64.58 77.56 45.56 64.58 0.18 0x0000FF
76.64 49.93 64.66 77.01 48.29 64.58 0.18 0x0000FF
74.45 53.76 64.81 76.64 49.93 64.66 0.18 0x0000FF
73.72 54.31 64.95 74.45 53.76 64.81 0.18 0x0000FF
72.63 55.76 65.48 73.72 54.31 64.95 0.18 0x0000FF
72.27 57.04 65.87 72.63 55.76 65.48 0.18 0x0000FF
71.9 57.77 66.09 72.27 57.04 65.87 0.18 0x0000FF
70.81 59.59 66.55 71.9 57.77 66.09 0.18 0x0000FF
70.08 60.32 66.7 70.81 59.59 66.55 0.18 0x0000FF
68.98 60.87 66.93 70.08 60.32 66.7 0.18 0x0000FF
88.14 39.9 63.98 88.5 37.36 63.98 0.64 0x0000FF
87.59 42.28 63.83 88.14 39.9 63.98 0.64 0x0000FF
86.5 46.29 63.83 87.59 42.28 63.83 0.365 0x0000FF
86.31 52.3 63.6 86.5 46.29 63.83 0.365 0x0000FF
86.31 61.05 63.6 86.31 52.3 63.6 0.275 0x0000FF
87.77 65.06 63.37 86.31 61.05 63.6 0.275 0x0000FF
89.6 69.06 63.3 87.77 65.06 63.37 0.275 0x0000FF
91.06 71.06 63.22 89.6 69.06 63.3 0.275 0x0000FF
91.42 72.53 63.22 91.06 71.06 63.22 0.275 0x0000FF
91.79 73.98 63.22 91.42 72.53 63.22 0.275 0x0000FF
91.79 75.44 63.22 91.79 73.98 63.22 0.275 0x0000FF
88.87 76.72 63.22 91.79 75.44 63.22 0.18 0x0000FF
89.23 79.09 63.22 88.87 76.72 63.22 0.18 0x0000FF
90.88 81.81 63.22 89.23 79.09 63.22 0.18 0x0000FF
95.98 82.73 63.22 90.88 81.81 63.22 0.18 0x0000FF
98.17 82.55 63.15 95.98 82.73 63.22 0.18 0x0000FF
99.27 82.55 63.15 98.17 82.55 63.15 0.18 0x0000FF
101.82 84.01 63.15 99.27 82.55 63.15 0.18 0x0000FF
90.77 19.2 69.58 99.54 15.25 67.28 0.82 0x0000FF
87.3 17.93 69.95 90.77 19.2 69.58 0.82 0x0000FF
86.39 17.2 70.48 87.3 17.93 69.95 0.82 0x0000FF
85.66 15.92 70.64 86.39 17.2 70.48 0.82 0x0000FF
85.48 13.37 70.11 85.66 15.92 70.64 0.275 0x0000FF
85.84 12.46 69.51 85.48 13.37 70.11 0.275 0x0000FF
86.02 12.1 69.36 85.84 12.46 69.51 0.275 0x0000FF
86.21 11.19 69.43 86.02 12.1 69.36 0.275 0x0000FF
86.57 10.82 69.95 86.21 11.19 69.43 0.275 0x0000FF
86.57 9.91 70.42 86.57 10.82 69.95 0.275 0x0000FF
86.57 9.18 70.87 86.57 9.91 70.42 0.275 0x0000FF
86.75 8.82 71.33 86.57 9.18 70.87 0.275 0x0000FF
86.75 8.44 71.55 86.75 8.82 71.33 0.275 0x0000FF
86.75 8.09 72.01 86.75 8.44 71.55 0.275 0x0000FF
86.75 7.54 72.45 86.75 8.09 72.01 0.275 0x0000FF
86.94 6.81 72.98 86.75 7.54 72.45 0.275 0x0000FF
86.94 6.45 73.3 86.94 6.81 72.98 0.275 0x0000FF
86.94 5.72 73.75 86.94 6.45 73.3 0.275 0x0000FF
87.3 5.17 74.05 86.94 5.72 73.75 0.275 0x0000FF
87.67 4.63 74.2 87.3 5.17 74.05 0.275 0x0000FF
87.67 4.45 74.95 87.67 4.63 74.2 0.275 0x0000FF
82.92 12.65 70.87 85.66 15.92 70.64 0.64 0x0000FF
81.65 11.92 71.48 82.92 12.65 70.87 0.64 0x0000FF
80.37 11.37 71.86 81.65 11.92 71.48 0.64 0x0000FF
78.91 11.01 71.25 80.37 11.37 71.86 0.64 0x0000FF
76.72 10.64 70.11 78.91 11.01 71.25 0.64 0x0000FF
74.7 9.91 68.75 76.72 10.64 70.11 0.64 0x0000FF
74.34 9.91 67.31 74.7 9.91 68.75 0.64 0x0000FF
72.7 9.18 67.16 74.34 9.91 67.31 0.64 0x0000FF
71.06 7.73 68.83 72.7 9.18 67.16 0.545 0x0000FF
70.52 7.54 69.58 71.06 7.73 68.83 0.455 0x0000FF
68.87 8.09 70.8 70.52 7.54 69.58 0.365 0x0000FF
67.78 7.73 70.87 68.87 8.09 70.8 0.365 0x0000FF
66.31 7.18 70.87 67.78 7.73 70.87 0.365 0x0000FF
63.95 6.81 70.95 66.31 7.18 70.87 0.365 0x0000FF
57.93 6.45 71.4 63.95 6.81 70.95 0.275 0x0000FF
55.74 7.18 71.48 57.93 6.45 71.4 0.275 0x0000FF
53.0 8.27 71.7 55.74 7.18 71.48 0.275 0x0000FF
50.81 10.46 71.93 53.0 8.27 71.7 0.275 0x0000FF
48.8 11.92 72.23 50.81 10.46 71.93 0.275 0x0000FF
45.34 14.28 72.45 48.8 11.92 72.23 0.275 0x0000FF
43.88 15.2 72.77 45.34 14.28 72.45 0.275 0x0000FF
40.78 15.74 73.06 43.88 15.2 72.77 0.275 0x0000FF
38.04 16.11 73.22 40.78 15.74 73.06 0.275 0x0000FF
28.37 17.02 73.67 38.04 16.11 73.22 0.18 0x0000FF
24.54 19.57 73.67 28.37 17.02 73.67 0.18 0x0000FF
19.05 20.48 73.75 24.54 19.57 73.67 0.18 0x0000FF
15.05 20.48 73.98 19.05 20.48 73.75 0.18 0x0000FF
11.4 20.3 74.05 15.05 20.48 73.98 0.18 0x0000FF
9.21 19.75 74.36 11.4 20.3 74.05 0.18 0x0000FF
6.66 19.75 74.51 9.21 19.75 74.36 0.18 0x0000FF
2.1 19.93 74.66 6.66 19.75 74.51 0.18 0x0000FF
-4.11 20.66 74.81 2.1 19.93 74.66 0.09 0x0000FF
-9.94 22.67 74.81 -4.11 20.66 74.81 0.09 0x0000FF
103.94 2.18 71.4 99.54 15.25 67.28 3.285 0x0000FF
105.76 -1.65 70.95 103.94 2.18 71.4 3.285 0x0000FF
105.58 -4.38 70.48 105.76 -1.65 70.95 3.285 0x0000FF
106.13 -6.2 70.34 105.58 -4.38 70.48 3.285 0x0000FF
107.59 -8.75 71.25 106.13 -6.2 70.34 2.465 0x0000FF
108.86 -11.85 71.33 107.59 -8.75 71.25 2.465 0x0000FF
110.51 -14.22 71.55 108.86 -11.85 71.33 2.28 0x0000FF
112.88 -17.5 71.7 110.51 -14.22 71.55 2.28 0x0000FF
114.7 -20.05 72.01 112.88 -17.5 71.7 2.28 0x0000FF
115.8 -22.06 71.86 114.7 -20.05 72.01 2.28 0x0000FF
117.08 -24.42 71.55 115.8 -22.06 71.86 2.28 0x0000FF
118.17 -26.06 71.02 117.08 -24.42 71.55 2.28 0x0000FF
120.54 -29.16 70.48 118.17 -26.06 71.02 2.19 0x0000FF
121.64 -31.35 70.34 120.54 -29.16 70.48 2.19 0x0000FF
122.0 -34.08 69.73 121.64 -31.35 70.34 2.19 0x0000FF
122.73 -37.9 69.13 122.0 -34.08 69.73 2.005 0x0000FF
122.73 -42.83 68.75 122.73 -37.9 69.13 2.005 0x0000FF
122.55 -48.29 68.37 122.73 -42.83 68.75 2.005 0x0000FF
122.73 -53.21 68.22 122.55 -48.29 68.37 1.735 0x0000FF
123.46 -57.22 67.98 122.73 -53.21 68.22 1.735 0x0000FF
124.74 -62.69 67.92 123.46 -57.22 67.98 1.735 0x0000FF
125.47 -67.61 67.77 124.74 -62.69 67.92 1.55 0x0000FF
126.75 -73.06 67.61 125.47 -67.61 67.77 1.55 0x0000FF
129.3 -79.98 67.39 126.75 -73.06 67.61 1.55 0x0000FF
131.85 -88.51 67.16 129.3 -79.98 67.39 1.55 0x0000FF
134.4 -96.34 67.16 131.85 -88.51 67.16 1.55 0x0000FF
138.41 -106.91 67.39 134.4 -96.34 67.16 1.55 0x0000FF
142.25 -113.84 67.69 138.41 -106.91 67.39 1.55 0x0000FF
147.18 -125.5 68.14 142.25 -113.84 67.69 1.55 0x0000FF
149.72 -131.87 68.37 147.18 -125.5 68.14 1.55 0x0000FF
153.56 -141.71 68.9 149.72 -131.87 68.37 1.55 0x0000FF
156.3 -149.36 69.2 153.56 -141.71 68.9 1.55 0x0000FF
158.49 -158.47 69.95 156.3 -149.36 69.2 1.55 0x0000FF
159.4 -162.12 70.27 158.49 -158.47 69.95 1.55 0x0000FF
161.94 -168.13 70.48 159.4 -162.12 70.27 1.55 0x0000FF
162.79 -173.42 71.48 161.94 -168.13 70.48 1.55 0x0000FF
164.07 -177.61 71.86 162.79 -173.42 71.48 1.55 0x0000FF
165.16 -183.08 72.08 164.07 -177.61 71.86 1.55 0x0000FF
166.99 -191.27 72.39 165.16 -183.08 72.08 1.55 0x0000FF
167.53 -195.1 72.84 166.99 -191.27 72.39 1.55 0x0000FF
168.41 -198.86 75.64 167.53 -195.1 72.84 1.275 0x0000FF
168.59 -201.95 75.95 168.41 -198.86 75.64 1.275 0x0000FF
168.95 -208.15 76.25 168.59 -201.95 75.95 1.275 0x0000FF
170.41 -216.53 76.48 168.95 -208.15 76.25 1.275 0x0000FF
170.96 -223.63 76.78 170.41 -216.53 76.48 1.275 0x0000FF
170.44 -223.68 77.23 170.96 -223.63 76.78 0.455 0x0000FF
170.07 -224.22 76.93 170.44 -223.68 77.23 0.455 0x0000FF
169.89 -225.14 76.55 170.07 -224.22 76.93 0.455 0x0000FF
169.34 -226.23 76.09 169.89 -225.14 76.55 0.455 0x0000FF
168.98 -226.96 75.64 169.34 -226.23 76.09 0.455 0x0000FF
168.61 -227.87 75.64 168.98 -226.96 75.64 0.455 0x0000FF
168.06 -229.51 75.42 168.61 -227.87 75.64 0.455 0x0000FF
167.33 -232.06 74.95 168.06 -229.51 75.42 0.455 0x0000FF
166.79 -233.7 74.95 167.33 -232.06 74.95 0.455 0x0000FF
166.06 -236.61 74.66 166.79 -233.7 74.95 0.455 0x0000FF
165.51 -238.25 74.43 166.06 -236.61 74.66 0.455 0x0000FF
165.33 -240.26 73.98 165.51 -238.25 74.43 0.455 0x0000FF
164.96 -243.54 73.45 165.33 -240.26 73.98 0.455 0x0000FF
164.96 -247.18 72.84 164.96 -243.54 73.45 0.455 0x0000FF
165.14 -249.55 72.23 164.96 -247.18 72.84 0.455 0x0000FF
165.33 -252.65 71.63 165.14 -249.55 72.23 0.455 0x0000FF
165.51 -255.2 71.25 165.33 -252.65 71.63 0.455 0x0000FF
165.51 -257.93 70.64 165.51 -255.2 71.25 0.455 0x0000FF
165.69 -261.76 70.04 165.51 -257.93 70.64 0.455 0x0000FF
165.33 -272.32 69.28 165.69 -261.76 70.04 0.455 0x0000FF
164.41 -280.33 68.98 165.33 -272.32 69.28 0.455 0x0000FF
164.05 -284.89 68.59 164.41 -280.33 68.98 0.365 0x0000FF
163.87 -289.45 68.3 164.05 -284.89 68.59 0.365 0x0000FF
164.05 -295.45 67.92 163.87 -289.45 68.3 0.365 0x0000FF
163.87 -302.75 67.61 164.05 -295.45 67.92 0.365 0x0000FF
164.78 -310.39 67.31 163.87 -302.75 67.61 0.365 0x0000FF
164.78 -313.32 67.23 164.78 -310.39 67.31 0.275 0x0000FF
164.6 -314.05 67.08 164.78 -313.32 67.23 0.275 0x0000FF
165.28 -334.51 66.48 164.6 -314.05 67.08 0.275 0x0000FF
164.18 -342.52 66.48 165.28 -334.51 66.48 0.275 0x0000FF
163.09 -356.19 66.25 164.18 -342.52 66.48 0.275 0x0000FF
163.09 -363.84 66.02 163.09 -356.19 66.25 0.275 0x0000FF
163.63 -373.31 65.95 163.09 -363.84 66.02 0.275 0x0000FF
164.91 -382.42 65.8 163.63 -373.31 65.95 0.275 0x0000FF
165.64 -389.17 65.72 164.91 -382.42 65.8 0.275 0x0000FF
165.1 -393.54 65.64 165.64 -389.17 65.72 0.275 0x0000FF
163.44 -397.73 65.64 165.1 -393.54 65.64 0.275 0x0000FF
162.36 -401.01 65.64 163.44 -397.73 65.64 0.275 0x0000FF
162.54 -404.65 65.56 162.36 -401.01 65.64 0.275 0x0000FF
164.62 -413.26 65.48 162.54 -404.65 65.56 0.275 0x0000FF
164.8 -418.91 65.42 164.62 -413.26 65.48 0.275 0x0000FF
164.07 -425.83 65.34 164.8 -418.91 65.42 0.275 0x0000FF
160.79 -436.77 65.11 164.07 -425.83 65.34 0.275 0x0000FF
159.51 -440.23 65.04 160.79 -436.77 65.11 0.275 0x0000FF
158.96 -441.32 64.95 159.51 -440.23 65.04 0.275 0x0000FF
157.5 -444.42 64.73 158.96 -441.32 64.95 0.275 0x0000FF
156.59 -447.15 65.27 157.5 -444.42 64.73 0.275 0x0000FF
155.5 -449.7 65.87 156.59 -447.15 65.27 0.275 0x0000FF
154.59 -453.35 66.78 155.5 -449.7 65.87 0.275 0x0000FF
154.4 -453.89 67.16 154.59 -453.35 66.78 0.275 0x0000FF
154.22 -455.35 66.09 154.4 -453.89 67.16 0.275 0x0000FF
154.04 -456.81 65.64 154.22 -455.35 66.09 0.275 0x0000FF
153.49 -461.55 65.27 154.04 -456.81 65.64 0.275 0x0000FF
153.49 -464.1 64.81 153.49 -461.55 65.27 0.275 0x0000FF
153.49 -467.74 64.73 153.49 -464.1 64.81 0.275 0x0000FF
153.86 -473.57 64.43 153.49 -467.74 64.73 0.275 0x0000FF
155.31 -480.49 64.28 153.86 -473.57 64.43 0.275 0x0000FF
156.22 -489.97 64.13 155.31 -480.49 64.28 0.275 0x0000FF
155.86 -493.79 64.13 156.22 -489.97 64.13 0.275 0x0000FF
155.55 -499.88 64.05 155.86 -493.79 64.13 0.275 0x0000FF
172.79 -228.74 76.4 170.96 -223.63 76.78 1.185 0x0000FF
174.24 -234.02 76.78 172.79 -228.74 76.4 1.185 0x0000FF
174.79 -239.67 76.93 174.24 -234.02 76.78 1.185 0x0000FF
177.35 -245.86 77.08 174.79 -239.67 76.93 1.185 0x0000FF
178.26 -249.51 77.23 177.35 -245.86 77.08 1.185 0x0000FF
178.99 -252.24 77.31 178.26 -249.51 77.23 1.185 0x0000FF
179.9 -258.98 77.45 178.99 -252.24 77.31 1.185 0x0000FF
180.08 -263.89 77.54 179.9 -258.98 77.45 1.185 0x0000FF
180.08 -270.64 77.69 180.08 -263.89 77.54 1.185 0x0000FF
178.44 -277.02 77.69 180.08 -270.64 77.69 1.185 0x0000FF
177.71 -283.02 77.69 178.44 -277.02 77.69 1.185 0x0000FF
178.62 -290.14 77.76 177.71 -283.02 77.69 1.095 0x0000FF
179.54 -299.43 77.92 178.62 -290.14 77.76 1.095 0x0000FF
181.91 -308.36 78.22 179.54 -299.43 77.92 1.005 0x0000FF
182.09 -317.64 78.45 181.91 -308.36 78.22 0.91 0x0000FF
182.82 -326.2 78.67 182.09 -317.64 78.45 0.91 0x0000FF
184.28 -341.15 79.13 182.82 -326.2 78.67 0.91 0x0000FF
183.73 -345.71 79.43 184.28 -341.15 79.13 0.91 0x0000FF
183.0 -348.08 79.51 183.73 -345.71 79.43 0.91 0x0000FF
182.4 -351.6 80.48 183.0 -348.08 79.51 0.91 0x0000FF
181.49 -353.97 81.09 182.4 -351.6 80.48 0.91 0x0000FF
181.67 -355.24 81.55 181.49 -353.97 81.09 0.91 0x0000FF
182.22 -357.06 82.08 181.67 -355.24 81.55 0.91 0x0000FF
182.95 -358.52 82.31 182.22 -357.06 82.08 0.91 0x0000FF
186.23 -360.52 82.46 182.95 -358.52 82.31 0.82 0x0000FF
190.06 -361.07 82.99 186.23 -360.52 82.46 0.545 0x0000FF
191.52 -361.98 83.29 190.06 -361.07 82.99 0.545 0x0000FF
192.25 -362.71 83.75 191.52 -361.98 83.29 0.545 0x0000FF
193.53 -364.53 84.13 192.25 -362.71 83.75 0.545 0x0000FF
194.63 -368.91 84.43 193.53 -364.53 84.13 0.365 0x0000FF
195.72 -371.09 84.51 194.63 -368.91 84.43 0.365 0x0000FF
197.36 -374.01 84.73 195.72 -371.09 84.51 0.365 0x0000FF
197.73 -376.56 84.96 197.36 -374.01 84.73 0.365 0x0000FF
197.73 -378.02 85.19 197.73 -376.56 84.96 0.365 0x0000FF
199.19 -380.38 85.49 197.73 -378.02 85.19 0.365 0x0000FF
200.83 -382.21 85.04 199.19 -380.38 85.49 0.365 0x0000FF
202.47 -383.85 84.96 200.83 -382.21 85.04 0.365 0x0000FF
203.02 -384.94 85.19 202.47 -383.85 84.96 0.365 0x0000FF
203.02 -385.3 85.64 203.02 -384.94 85.19 0.365 0x0000FF
203.38 -387.13 86.02 203.02 -385.3 85.64 0.365 0x0000FF
203.93 -395.32 86.63 203.38 -387.13 86.02 0.275 0x0000FF
203.93 -398.6 86.7 203.93 -395.32 86.63 0.275 0x0000FF
203.93 -401.16 87.01 203.93 -398.6 86.7 0.275 0x0000FF
203.2 -402.98 87.54 203.93 -401.16 87.01 0.275 0x0000FF
203.2 -404.8 87.69 203.2 -402.98 87.54 0.275 0x0000FF
204.11 -409.35 87.99 203.2 -404.8 87.69 0.275 0x0000FF
205.21 -413.36 88.6 204.11 -409.35 87.99 0.275 0x0000FF
206.3 -417.37 88.6 205.21 -413.36 88.6 0.275 0x0000FF
206.85 -417.92 88.75 206.3 -417.37 88.6 0.275 0x0000FF
207.58 -419.19 89.05 206.85 -417.92 88.75 0.275 0x0000FF
207.94 -420.1 89.43 207.58 -419.19 89.05 0.275 0x0000FF
208.49 -421.01 89.96 207.94 -420.1 89.43 0.275 0x0000FF
210.86 -424.48 91.1 208.49 -421.01 89.96 0.275 0x0000FF
211.41 -427.76 91.7 210.86 -424.48 91.1 0.275 0x0000FF
211.59 -429.4 91.85 211.41 -427.76 91.7 0.275 0x0000FF
210.68 -432.86 92.54 211.59 -429.4 91.85 0.275 0x0000FF
214.13 -434.94 92.54 210.68 -432.86 92.54 0.275 0x0000FF
214.67 -437.12 92.54 214.13 -434.94 92.54 0.275 0x0000FF
216.68 -442.23 92.38 214.67 -437.12 92.54 0.275 0x0000FF
219.05 -445.14 92.38 216.68 -442.23 92.38 0.275 0x0000FF
223.98 -451.15 92.31 219.05 -445.14 92.38 0.275 0x0000FF
227.99 -454.62 92.31 223.98 -451.15 92.31 0.275 0x0000FF
233.65 -458.99 92.01 227.99 -454.62 92.31 0.275 0x0000FF
237.85 -462.09 91.7 233.65 -458.99 92.01 0.275 0x0000FF
241.86 -465.36 91.7 237.85 -462.09 91.7 0.275 0x0000FF
245.51 -468.28 91.55 241.86 -465.36 91.7 0.275 0x0000FF
247.33 -469.56 91.25 245.51 -468.28 91.55 0.275 0x0000FF
252.08 -471.92 90.87 247.33 -469.56 91.25 0.275 0x0000FF
253.9 -472.65 90.64 252.08 -471.92 90.87 0.275 0x0000FF
257.37 -473.56 90.34 253.9 -472.65 90.64 0.275 0x0000FF
258.45 -473.75 89.88 257.37 -473.56 90.34 0.275 0x0000FF
260.64 -473.56 89.35 258.45 -473.75 89.88 0.275 0x0000FF
263.94 -473.2 88.98 260.64 -473.56 89.35 0.275 0x0000FF
270.32 -474.47 88.52 263.94 -473.2 88.98 0.275 0x0000FF
279.63 -480.67 87.76 270.32 -474.47 88.52 0.275 0x0000FF
281.63 -483.77 87.76 279.63 -480.67 87.76 0.275 0x0000FF
286.01 -489.23 87.54 281.63 -483.77 87.76 0.275 0x0000FF
290.76 -492.69 87.46 286.01 -489.23 87.54 0.275 0x0000FF
206.46 -442.59 93.29 210.68 -432.86 92.54 0.275 0x0000FF
204.64 -447.69 93.45 206.46 -442.59 93.29 0.275 0x0000FF
203.73 -450.97 93.82 204.64 -447.69 93.45 0.275 0x0000FF
202.09 -454.98 94.13 203.73 -450.97 93.82 0.275 0x0000FF
201.17 -457.35 94.2 202.09 -454.98 94.13 0.275 0x0000FF
199.9 -463.18 94.43 201.17 -457.35 94.2 0.275 0x0000FF
197.89 -469.56 94.66 199.9 -463.18 94.43 0.275 0x0000FF
193.14 -476.11 94.73 197.89 -469.56 94.66 0.275 0x0000FF
188.95 -480.31 95.04 193.14 -476.11 94.73 0.275 0x0000FF
183.66 -487.23 95.26 188.95 -480.31 95.04 0.275 0x0000FF
180.37 -492.15 95.41 183.66 -487.23 95.26 0.275 0x0000FF
178.91 -493.97 95.87 180.37 -492.15 95.41 0.275 0x0000FF
105.4 -6.75 70.42 106.13 -6.2 70.34 1.825 0x0000FF
104.3 -7.12 71.17 105.4 -6.75 70.42 1.46 0x0000FF
102.3 -7.12 71.25 104.3 -7.12 71.17 1.185 0x0000FF
100.65 -7.48 71.63 102.3 -7.12 71.25 0.91 0x0000FF
99.74 -8.02 71.02 100.65 -7.48 71.63 0.91 0x0000FF
97.19 -8.75 70.42 99.74 -8.02 71.02 0.64 0x0000FF
92.81 -9.11 69.89 97.19 -8.75 70.42 0.64 0x0000FF
89.89 -9.11 69.28 92.81 -9.11 69.89 0.455 0x0000FF
88.61 -8.57 68.45 89.89 -9.11 69.28 0.455 0x0000FF
86.42 -7.66 67.77 88.61 -8.57 68.45 0.275 0x0000FF
82.96 -6.39 67.54 86.42 -7.66 67.77 0.275 0x0000FF
81.31 -4.55 67.31 82.96 -6.39 67.54 0.275 0x0000FF
77.84 3.45 67.23 81.31 -4.55 67.31 0.275 0x0000FF
73.83 5.27 67.16 77.84 3.45 67.23 0.275 0x0000FF
71.64 5.09 67.16 73.83 5.27 67.16 0.275 0x0000FF
