-668.29 -387.34 27.62 -664.3 -399.77 24.38 1.595 0x0000FF
-668.66 -386.24 27.62 -668.29 -387.34 27.62 1.595 0x0000FF
-668.79 -385.51 27.62 -668.66 -386.24 27.62 1.595 0x0000FF
-668.79 -384.29 27.62 -668.79 -385.51 27.62 1.595 0x0000FF
-668.79 -382.83 27.54 -668.79 -384.29 27.62 1.595 0x0000FF
-668.91 -381.25 27.47 -668.79 -382.83 27.54 1.595 0x0000FF
-669.03 -380.4 27.39 -668.91 -381.25 27.47 1.595 0x0000FF
-669.15 -380.03 27.24 -669.03 -380.4 27.39 1.595 0x0000FF
-669.15 -379.67 27.09 -669.15 -380.03 27.24 1.595 0x0000FF
-670.38 -377.72 27.09 -669.15 -379.67 27.09 1.225 0x0000FF
-670.99 -376.74 27.09 -670.38 -377.72 27.09 1.225 0x0000FF
-671.36 -376.01 26.79 -670.99 -376.74 27.09 1.225 0x0000FF
-671.61 -375.16 26.63 -671.36 -376.01 26.79 1.225 0x0000FF
-674.43 -372.61 26.33 -671.61 -375.16 26.63 0.675 0x0000FF
-675.53 -372.0 26.03 -674.43 -372.61 26.33 0.675 0x0000FF
-676.27 -371.63 25.8 -675.53 -372.0 26.03 0.675 0x0000FF
-677.13 -371.39 25.57 -676.27 -371.63 25.8 0.675 0x0000FF
-677.49 -371.02 25.19 -677.13 -371.39 25.57 0.675 0x0000FF
-678.11 -370.54 24.82 -677.49 -371.02 25.19 0.675 0x0000FF
-678.6 -370.05 24.59 -678.11 -370.54 24.82 0.675 0x0000FF
-679.95 -368.47 24.29 -678.6 -370.05 24.59 0.43 0x0000FF
-680.56 -367.74 23.76 -679.95 -368.47 24.29 0.43 0x0000FF
-680.93 -367.13 23.38 -680.56 -367.74 23.76 0.43 0x0000FF
-681.3 -366.4 23.15 -680.93 -367.13 23.38 0.43 0x0000FF
-681.42 -365.91 22.62 -681.3 -366.4 23.15 0.43 0x0000FF
-682.03 -365.06 22.24 -681.42 -365.91 22.62 0.43 0x0000FF
-682.65 -364.08 22.24 -682.03 -365.06 22.24 0.43 0x0000FF
-683.14 -363.6 22.24 -682.65 -364.08 22.24 0.43 0x0000FF
-671.61 -374.07 25.88 -671.61 -375.16 26.63 0.795 0x0000FF
-672.22 -372.12 25.57 -671.61 -374.07 25.88 0.795 0x0000FF
-673.08 -370.54 25.42 -672.22 -372.12 25.57 0.795 0x0000FF
-673.94 -369.32 24.97 -673.08 -370.54 25.42 0.795 0x0000FF
-674.67 -368.22 24.44 -673.94 -369.32 24.97 0.795 0x0000FF
-675.29 -367.37 24.13 -674.67 -368.22 24.44 0.795 0x0000FF
-676.15 -366.27 23.83 -675.29 -367.37 24.13 0.795 0x0000FF
-676.88 -365.3 23.45 -676.15 -366.27 23.83 0.795 0x0000FF
-677.99 -363.23 23.38 -676.88 -365.3 23.45 0.795 0x0000FF
-678.48 -362.5 23.38 -677.99 -363.23 23.38 0.795 0x0000FF
-678.84 -361.65 23.38 -678.48 -362.5 23.38 0.795 0x0000FF
-679.58 -360.55 23.38 -678.84 -361.65 23.38 0.795 0x0000FF
-680.56 -359.21 23.3 -679.58 -360.55 23.38 0.795 0x0000FF
-680.93 -358.85 23.07 -680.56 -359.21 23.3 0.795 0x0000FF
-681.79 -357.39 22.69 -680.93 -358.85 23.07 0.795 0x0000FF
-682.16 -356.9 22.39 -681.79 -357.39 22.69 0.795 0x0000FF
-682.77 -356.17 22.24 -682.16 -356.9 22.39 0.795 0x0000FF
-685.22 -355.93 22.24 -682.77 -356.17 22.24 0.675 0x0000FF
-686.08 -355.19 22.24 -685.22 -355.93 22.24 0.675 0x0000FF
-686.94 -354.22 21.79 -686.08 -355.19 22.24 0.675 0x0000FF
-687.8 -353.0 21.71 -686.94 -354.22 21.79 0.675 0x0000FF
-688.78 -351.79 21.41 -687.8 -353.0 21.71 0.675 0x0000FF
-690.01 -350.45 21.41 -688.78 -351.79 21.41 0.49 0x0000FF
-690.99 -349.23 21.33 -690.01 -350.45 21.41 0.49 0x0000FF
-691.85 -348.13 21.03 -690.99 -349.23 21.33 0.49 0x0000FF
-692.83 -346.55 21.03 -691.85 -348.13 21.03 0.49 0x0000FF
-694.65 -343.24 20.95 -692.83 -346.55 21.03 0.49 0x0000FF
-695.14 -342.51 20.73 -694.65 -343.24 20.95 0.49 0x0000FF
-695.75 -341.65 20.57 -695.14 -342.51 20.73 0.49 0x0000FF
-696.0 -341.17 20.19 -695.75 -341.65 20.57 0.49 0x0000FF
-696.49 -340.44 19.36 -696.0 -341.17 20.19 0.49 0x0000FF
-696.86 -339.83 19.05 -696.49 -340.44 19.36 0.49 0x0000FF
-697.22 -339.34 18.6 -696.86 -339.83 19.05 0.49 0x0000FF
-697.59 -338.85 17.92 -697.22 -339.34 18.6 0.49 0x0000FF
-698.21 -338.12 17.16 -697.59 -338.85 17.92 0.49 0x0000FF
-699.06 -337.27 16.32 -698.21 -338.12 17.16 0.49 0x0000FF
-700.17 -336.3 15.5 -699.06 -337.27 16.32 0.49 0x0000FF
-700.41 -335.93 14.89 -700.17 -336.3 15.5 0.49 0x0000FF
-701.64 -335.08 14.29 -700.41 -335.93 14.89 0.49 0x0000FF
-702.87 -333.86 13.68 -701.64 -335.08 14.29 0.49 0x0000FF
-703.97 -332.77 13.68 -702.87 -333.86 13.68 0.49 0x0000FF
-704.83 -331.67 13.68 -703.97 -332.77 13.68 0.49 0x0000FF
-706.06 -331.18 13.68 -704.83 -331.67 13.68 0.49 0x0000FF
-707.77 -330.45 13.53 -706.06 -331.18 13.68 0.49 0x0000FF
-708.88 -330.21 13.15 -707.77 -330.45 13.53 0.49 0x0000FF
-709.74 -329.85 12.85 -708.88 -330.21 13.15 0.49 0x0000FF
-710.35 -329.72 12.47 -709.74 -329.85 12.85 0.49 0x0000FF
-711.82 -329.24 11.86 -710.35 -329.72 12.47 0.49 0x0000FF
-714.03 -328.75 11.86 -711.82 -329.24 11.86 0.305 0x0000FF
-715.99 -328.26 11.18 -714.03 -328.75 11.86 0.305 0x0000FF
-717.96 -327.41 11.18 -715.99 -328.26 11.18 0.305 0x0000FF
-720.16 -326.8 11.18 -717.96 -327.41 11.18 0.305 0x0000FF
-721.27 -326.19 11.18 -720.16 -326.8 11.18 0.305 0x0000FF
-722.25 -325.45 11.18 -721.27 -326.19 11.18 0.305 0x0000FF
-724.33 -324.49 11.18 -722.25 -325.45 11.18 0.305 0x0000FF
-725.56 -323.88 11.18 -724.33 -324.49 11.18 0.305 0x0000FF
-728.01 -323.27 11.18 -725.56 -323.88 11.18 0.305 0x0000FF
-729.98 -323.02 11.18 -728.01 -323.27 11.18 0.305 0x0000FF
-732.06 -323.02 11.18 -729.98 -323.02 11.18 0.305 0x0000FF
-735.13 -323.02 11.18 -732.06 -323.02 11.18 0.305 0x0000FF
-737.71 -322.91 11.18 -735.13 -323.02 11.18 0.305 0x0000FF
-739.67 -322.66 11.18 -737.71 -322.91 11.18 0.305 0x0000FF
-741.39 -322.66 11.18 -739.67 -322.66 11.18 0.305 0x0000FF
-743.23 -322.17 11.18 -741.39 -322.66 11.18 0.305 0x0000FF
-744.94 -321.32 11.18 -743.23 -322.17 11.18 0.305 0x0000FF
-748.01 -320.1 11.18 -744.94 -321.32 11.18 0.305 0x0000FF
-749.24 -319.5 11.18 -748.01 -320.1 11.18 0.305 0x0000FF
-750.83 -318.89 11.18 -749.24 -319.5 11.18 0.305 0x0000FF
-752.92 -318.16 11.18 -750.83 -318.89 11.18 0.305 0x0000FF
-754.76 -318.16 11.18 -752.92 -318.16 11.18 0.305 0x0000FF
-756.11 -318.16 11.18 -754.76 -318.16 11.18 0.305 0x0000FF
-758.07 -318.27 11.18 -756.11 -318.16 11.18 0.305 0x0000FF
-760.15 -318.52 11.18 -758.07 -318.27 11.18 0.305 0x0000FF
-761.75 -318.89 11.18 -760.15 -318.52 11.18 0.305 0x0000FF
-763.47 -319.98 11.18 -761.75 -318.89 11.18 0.305 0x0000FF
-765.55 -322.05 11.18 -763.47 -319.98 11.18 0.305 0x0000FF
-767.39 -322.54 11.18 -765.55 -322.05 11.18 0.305 0x0000FF
-769.23 -322.17 11.18 -767.39 -322.54 11.18 0.305 0x0000FF
-704.71 -331.31 13.3 -704.83 -331.67 13.68 0.305 0x0000FF
-705.69 -330.33 13.3 -704.71 -331.31 13.3 0.305 0x0000FF
-706.18 -329.24 12.62 -705.69 -330.33 13.3 0.305 0x0000FF
-706.55 -327.9 12.62 -706.18 -329.24 12.62 0.305 0x0000FF
-707.41 -326.44 12.47 -706.55 -327.9 12.62 0.305 0x0000FF
-709.12 -324.0 12.24 -707.41 -326.44 12.47 0.305 0x0000FF
-709.98 -322.54 12.09 -709.12 -324.0 12.24 0.305 0x0000FF
-710.72 -320.58 12.09 -709.98 -322.54 12.09 0.305 0x0000FF
-711.09 -318.89 12.09 -710.72 -320.58 12.09 0.305 0x0000FF
-711.7 -316.94 12.09 -711.09 -318.89 12.09 0.305 0x0000FF
-711.82 -316.2 12.09 -711.7 -316.94 12.09 0.305 0x0000FF
-682.26 -355.53 21.33 -682.77 -356.17 22.24 0.55 0x0000FF
-682.5 -354.68 21.33 -682.26 -355.53 21.33 0.55 0x0000FF
-682.63 -353.46 21.33 -682.5 -354.68 21.33 0.55 0x0000FF
-682.63 -352.25 21.03 -682.63 -353.46 21.33 0.55 0x0000FF
-682.63 -351.39 20.65 -682.63 -352.25 21.03 0.55 0x0000FF
-682.63 -350.06 20.5 -682.63 -351.39 20.65 0.55 0x0000FF
-682.63 -348.59 19.97 -682.63 -350.06 20.5 0.55 0x0000FF
-682.63 -347.38 19.44 -682.63 -348.59 19.97 0.55 0x0000FF
-682.63 -346.52 19.21 -682.63 -347.38 19.44 0.55 0x0000FF
-682.5 -345.92 19.44 -682.63 -346.52 19.21 0.55 0x0000FF
-682.14 -345.43 19.82 -682.5 -345.92 19.44 0.55 0x0000FF
-682.01 -344.82 20.35 -682.14 -345.43 19.82 0.55 0x0000FF
-682.01 -343.97 21.1 -682.01 -344.82 20.35 0.55 0x0000FF
-682.01 -342.87 21.18 -682.01 -343.97 21.1 0.55 0x0000FF
-682.14 -341.65 22.09 -682.01 -342.87 21.18 0.55 0x0000FF
-682.14 -340.56 22.85 -682.14 -341.65 22.09 0.55 0x0000FF
-682.14 -339.71 23.68 -682.14 -340.56 22.85 0.55 0x0000FF
-681.89 -338.85 24.59 -682.14 -339.71 23.68 0.55 0x0000FF
-681.65 -338.0 24.82 -681.89 -338.85 24.59 0.55 0x0000FF
-681.15 -336.66 25.19 -681.65 -338.0 24.82 0.55 0x0000FF
-680.17 -334.96 25.8 -681.15 -336.66 25.19 0.55 0x0000FF
-679.44 -333.98 26.18 -680.17 -334.96 25.8 0.55 0x0000FF
-678.7 -333.01 26.41 -679.44 -333.98 26.18 0.55 0x0000FF
-678.33 -331.67 26.48 -678.7 -333.01 26.41 0.37 0x0000FF
-677.96 -331.18 26.94 -678.33 -331.67 26.48 0.37 0x0000FF
-677.72 -330.21 27.32 -677.96 -331.18 26.94 0.37 0x0000FF
-677.72 -328.87 27.32 -677.72 -330.21 27.32 0.37 0x0000FF
-677.6 -324.24 28.15 -677.72 -328.87 27.32 0.37 0x0000FF
-677.6 -322.17 28.53 -677.6 -324.24 28.15 0.37 0x0000FF
-677.35 -320.95 28.6 -677.6 -322.17 28.53 0.37 0x0000FF
-676.74 -319.01 29.06 -677.35 -320.95 28.6 0.37 0x0000FF
-676.49 -317.79 29.13 -676.74 -319.01 29.06 0.37 0x0000FF
-676.0 -316.2 29.89 -676.49 -317.79 29.13 0.37 0x0000FF
-675.14 -314.75 30.19 -676.0 -316.2 29.89 0.37 0x0000FF
-674.28 -312.92 30.42 -675.14 -314.75 30.19 0.37 0x0000FF
-673.67 -311.58 31.03 -674.28 -312.92 30.42 0.37 0x0000FF
-672.81 -310.12 31.78 -673.67 -311.58 31.03 0.37 0x0000FF
-672.2 -309.39 32.31 -672.81 -310.12 31.78 0.37 0x0000FF
-671.95 -308.66 32.54 -672.2 -309.39 32.31 0.37 0x0000FF
-671.46 -307.69 33.07 -671.95 -308.66 32.54 0.37 0x0000FF
-670.85 -306.7 33.75 -671.46 -307.69 33.07 0.37 0x0000FF
-670.11 -305.37 34.36 -670.85 -306.7 33.75 0.37 0x0000FF
-669.5 -304.39 34.81 -670.11 -305.37 34.36 0.37 0x0000FF
-668.64 -302.69 35.11 -669.5 -304.39 34.81 0.37 0x0000FF
-668.64 -301.72 35.79 -668.64 -302.69 35.11 0.37 0x0000FF
-668.03 -299.89 35.79 -668.64 -301.72 35.79 0.37 0x0000FF
-668.03 -297.58 35.88 -668.03 -299.89 35.79 0.37 0x0000FF
-668.79 -293.45 35.88 -668.03 -297.58 35.88 0.37 0x0000FF
-670.14 -292.61 35.88 -668.79 -293.45 35.88 0.37 0x0000FF
-671.86 -291.63 36.4 -670.14 -292.61 35.88 0.37 0x0000FF
-673.21 -290.66 36.47 -671.86 -291.63 36.4 0.37 0x0000FF
-676.03 -289.08 37.01 -673.21 -290.66 36.47 0.37 0x0000FF
-677.38 -287.74 37.24 -676.03 -289.08 37.01 0.37 0x0000FF
-679.22 -285.3 37.47 -677.38 -287.74 37.24 0.37 0x0000FF
-680.08 -282.62 37.84 -679.22 -285.3 37.47 0.37 0x0000FF
-680.2 -279.2 37.77 -680.08 -282.62 37.84 0.37 0x0000FF
-679.96 -276.54 37.77 -680.2 -279.2 37.77 0.37 0x0000FF
-679.22 -274.33 37.77 -679.96 -276.54 37.77 0.37 0x0000FF
-677.75 -272.02 37.77 -679.22 -274.33 37.77 0.37 0x0000FF
-675.3 -269.23 37.77 -677.75 -272.02 37.77 0.37 0x0000FF
-673.7 -267.64 37.77 -675.3 -269.23 37.77 0.37 0x0000FF
-672.35 -266.43 37.77 -673.7 -267.64 37.77 0.37 0x0000FF
-670.51 -264.36 37.77 -672.35 -266.43 37.77 0.37 0x0000FF
-669.41 -262.89 37.54 -670.51 -264.36 37.77 0.37 0x0000FF
-667.94 -260.45 36.94 -669.41 -262.89 37.54 0.37 0x0000FF
-667.08 -259.25 36.78 -667.94 -260.45 36.94 0.37 0x0000FF
-666.1 -258.02 36.4 -667.08 -259.25 36.78 0.37 0x0000FF
-664.75 -256.81 36.1 -666.1 -258.02 36.4 0.37 0x0000FF
-663.64 -255.47 36.63 -664.75 -256.81 36.1 0.37 0x0000FF
-662.54 -254.01 36.78 -663.64 -255.47 36.63 0.37 0x0000FF
-662.17 -253.53 37.61 -662.54 -254.01 36.78 0.37 0x0000FF
-661.19 -252.92 38.07 -662.17 -253.53 37.61 0.37 0x0000FF
-659.96 -252.19 38.29 -661.19 -252.92 38.07 0.37 0x0000FF
-659.23 -251.82 38.97 -659.96 -252.19 38.29 0.37 0x0000FF
-658.12 -251.46 39.74 -659.23 -251.82 38.97 0.37 0x0000FF
-656.28 -251.21 39.89 -658.12 -251.46 39.74 0.37 0x0000FF
-654.57 -250.72 39.89 -656.28 -251.21 39.89 0.37 0x0000FF
-653.22 -250.12 40.19 -654.57 -250.72 39.89 0.37 0x0000FF
-665.61 -297.36 36.94 -668.03 -299.89 35.79 0.37 0x0000FF
-665.61 -296.75 37.01 -665.61 -297.36 36.94 0.37 0x0000FF
-665.24 -296.02 37.01 -665.61 -296.75 37.01 0.37 0x0000FF
-664.87 -294.92 37.77 -665.24 -296.02 37.01 0.37 0x0000FF
-664.5 -294.19 37.84 -664.87 -294.92 37.77 0.37 0x0000FF
-664.38 -293.45 38.53 -664.5 -294.19 37.84 0.37 0x0000FF
-664.01 -292.61 39.21 -664.38 -293.45 38.53 0.37 0x0000FF
-663.77 -291.02 39.65 -664.01 -292.61 39.21 0.37 0x0000FF
-663.77 -290.29 40.42 -663.77 -291.02 39.65 0.37 0x0000FF
-663.77 -289.81 40.72 -663.77 -290.29 40.42 0.37 0x0000FF
-663.52 -289.56 41.4 -663.77 -289.81 40.72 0.37 0x0000FF
-663.4 -288.95 42.31 -663.52 -289.56 41.4 0.37 0x0000FF
-663.27 -287.98 42.69 -663.4 -288.95 42.31 0.37 0x0000FF
-663.03 -287.01 43.53 -663.27 -287.98 42.69 0.37 0x0000FF
-663.03 -285.91 44.21 -663.03 -287.01 43.53 0.37 0x0000FF
-663.03 -284.82 45.12 -663.03 -285.91 44.21 0.37 0x0000FF
-663.03 -283.72 45.95 -663.03 -284.82 45.12 0.37 0x0000FF
-663.15 -282.87 45.95 -663.03 -283.72 45.95 0.37 0x0000FF
-663.64 -281.64 47.01 -663.15 -282.87 45.95 0.37 0x0000FF
-664.13 -280.19 48.0 -663.64 -281.64 47.01 0.37 0x0000FF
-664.5 -279.45 48.9 -664.13 -280.19 48.0 0.37 0x0000FF
-665.11 -278.36 49.21 -664.5 -279.45 48.9 0.37 0x0000FF
-665.11 -277.14 50.19 -665.11 -278.36 49.21 0.37 0x0000FF
-665.11 -275.56 50.8 -665.11 -277.14 50.19 0.37 0x0000FF
-665.11 -273.86 50.8 -665.11 -275.56 50.8 0.37 0x0000FF
-665.24 -272.02 51.18 -665.11 -273.86 50.8 0.37 0x0000FF
-665.61 -270.2 51.93 -665.24 -272.02 51.18 0.37 0x0000FF
-665.97 -269.6 52.16 -665.61 -270.2 51.93 0.37 0x0000FF
-666.22 -268.01 52.99 -665.97 -269.6 52.16 0.37 0x0000FF
-666.22 -267.16 53.07 -666.22 -268.01 52.99 0.37 0x0000FF
-666.34 -265.58 53.07 -666.22 -267.16 53.07 0.37 0x0000FF
-667.2 -264.48 53.68 -666.34 -265.58 53.07 0.37 0x0000FF
-667.81 -263.87 53.68 -667.2 -264.48 53.68 0.37 0x0000FF
-668.67 -262.77 53.68 -667.81 -263.87 53.68 0.37 0x0000FF
-669.29 -262.29 54.43 -668.67 -262.77 53.68 0.37 0x0000FF
-669.9 -261.68 54.51 -669.29 -262.29 54.43 0.37 0x0000FF
-670.63 -261.2 54.81 -669.9 -261.68 54.51 0.37 0x0000FF
-672.72 -260.83 54.89 -670.63 -261.2 54.81 0.37 0x0000FF
-673.33 -260.58 55.49 -672.72 -260.83 54.89 0.37 0x0000FF
-674.68 -260.33 55.95 -673.33 -260.58 55.49 0.37 0x0000FF
-675.05 -260.22 56.55 -674.68 -260.33 55.95 0.37 0x0000FF
-675.42 -259.98 56.71 -675.05 -260.22 56.55 0.37 0x0000FF
-676.15 -259.49 57.16 -675.42 -259.98 56.71 0.37 0x0000FF
-676.77 -259.13 57.69 -676.15 -259.49 57.16 0.37 0x0000FF
-677.26 -258.88 58.22 -676.77 -259.13 57.69 0.37 0x0000FF
-677.63 -258.52 58.9 -677.26 -258.88 58.22 0.37 0x0000FF
-678.36 -258.02 59.96 -677.63 -258.52 58.9 0.37 0x0000FF
-678.98 -257.66 60.42 -678.36 -258.02 59.96 0.37 0x0000FF
-679.47 -257.66 60.87 -678.98 -257.66 60.42 0.37 0x0000FF
-681.55 -257.66 61.25 -679.47 -257.66 60.87 0.37 0x0000FF
-683.64 -257.66 61.78 -681.55 -257.66 61.25 0.37 0x0000FF
-685.72 -257.66 62.08 -683.64 -257.66 61.78 0.37 0x0000FF
-689.28 -257.66 62.61 -685.72 -257.66 62.08 0.37 0x0000FF
-692.96 -257.42 62.77 -689.28 -257.66 62.61 0.37 0x0000FF
-694.06 -257.3 63.37 -692.96 -257.42 62.77 0.37 0x0000FF
-695.29 -257.3 63.37 -694.06 -257.3 63.37 0.37 0x0000FF
-696.4 -257.18 63.37 -695.29 -257.3 63.37 0.37 0x0000FF
-698.6 -256.57 63.45 -696.4 -257.18 63.37 0.185 0x0000FF
-667.57 -378.7 29.36 -669.15 -379.67 27.09 0.98 0x0000FF
-666.83 -377.36 29.36 -667.57 -378.7 29.36 0.98 0x0000FF
-666.34 -376.63 29.36 -666.83 -377.36 29.36 0.98 0x0000FF
-665.61 -375.17 29.36 -666.34 -376.63 29.36 0.98 0x0000FF
-664.75 -374.56 29.36 -665.61 -375.17 29.36 0.98 0x0000FF
-663.15 -373.71 29.44 -664.75 -374.56 29.36 0.98 0x0000FF
-660.82 -373.71 29.66 -663.15 -373.71 29.44 0.49 0x0000FF
-660.09 -373.71 29.66 -660.82 -373.71 29.66 0.49 0x0000FF
-658.98 -373.46 29.66 -660.09 -373.71 29.66 0.49 0x0000FF
-657.88 -373.1 29.89 -658.98 -373.46 29.66 0.49 0x0000FF
-657.14 -372.61 30.04 -657.88 -373.1 29.89 0.49 0x0000FF
-655.79 -372.12 30.35 -657.14 -372.61 30.04 0.49 0x0000FF
-654.69 -371.64 30.35 -655.79 -372.12 30.35 0.49 0x0000FF
-653.58 -371.03 30.57 -654.69 -371.64 30.35 0.49 0x0000FF
-652.97 -370.66 30.57 -653.58 -371.03 30.57 0.49 0x0000FF
-651.74 -369.81 30.72 -652.97 -370.66 30.57 0.49 0x0000FF
-650.76 -368.96 30.72 -651.74 -369.81 30.72 0.49 0x0000FF
-650.03 -368.23 30.95 -650.76 -368.96 30.72 0.49 0x0000FF
-647.82 -365.67 31.25 -650.03 -368.23 30.95 0.49 0x0000FF
-647.08 -364.82 31.25 -647.82 -365.67 31.25 0.49 0x0000FF
-645.73 -362.75 31.56 -647.08 -364.82 31.25 0.305 0x0000FF
-645.61 -362.14 31.18 -645.73 -362.75 31.56 0.305 0x0000FF
-645.0 -361.41 30.95 -645.61 -362.14 31.18 0.305 0x0000FF
-644.63 -360.44 30.42 -645.0 -361.41 30.95 0.305 0x0000FF
-644.51 -359.34 30.12 -644.63 -360.44 30.42 0.305 0x0000FF
-643.77 -358.0 29.36 -644.51 -359.34 30.12 0.305 0x0000FF
-643.28 -356.91 29.06 -643.77 -358.0 29.36 0.305 0x0000FF
-643.03 -356.05 28.53 -643.28 -356.91 29.06 0.305 0x0000FF
-642.79 -355.08 27.92 -643.03 -356.05 28.53 0.305 0x0000FF
-642.29 -354.23 27.92 -642.79 -355.08 27.92 0.305 0x0000FF
-641.92 -353.5 27.47 -642.29 -354.23 27.92 0.305 0x0000FF
-641.32 -352.77 27.16 -641.92 -353.5 27.47 0.305 0x0000FF
-640.83 -352.04 26.79 -641.32 -352.77 27.16 0.305 0x0000FF
-640.46 -351.43 26.48 -640.83 -352.04 26.79 0.305 0x0000FF
-639.97 -351.06 25.95 -640.46 -351.43 26.48 0.305 0x0000FF
-639.35 -350.57 25.8 -639.97 -351.06 25.95 0.305 0x0000FF
-639.11 -350.33 25.19 -639.35 -350.57 25.8 0.305 0x0000FF
-638.5 -350.09 25.12 -639.11 -350.33 25.19 0.305 0x0000FF
-638.0 -349.97 25.04 -638.5 -350.09 25.12 0.305 0x0000FF
-637.15 -349.48 24.59 -638.0 -349.97 25.04 0.305 0x0000FF
-635.91 -348.87 24.51 -637.15 -349.48 24.59 0.305 0x0000FF
-634.45 -347.9 24.51 -635.91 -348.87 24.51 0.305 0x0000FF
-633.34 -347.04 24.21 -634.45 -347.9 24.51 0.305 0x0000FF
-632.24 -345.83 23.98 -633.34 -347.04 24.21 0.305 0x0000FF
-631.26 -344.73 23.6 -632.24 -345.83 23.98 0.305 0x0000FF
-629.79 -343.76 23.53 -631.26 -344.73 23.6 0.305 0x0000FF
-628.3 -342.9 23.3 -629.79 -343.76 23.53 0.305 0x0000FF
-626.96 -342.17 23.0 -628.3 -342.9 23.3 0.305 0x0000FF
-625.74 -341.44 22.92 -626.96 -342.17 23.0 0.305 0x0000FF
-624.76 -341.08 22.69 -625.74 -341.44 22.92 0.305 0x0000FF
-624.27 -340.96 22.39 -624.76 -341.08 22.69 0.305 0x0000FF
-623.41 -340.96 22.39 -624.27 -340.96 22.39 0.305 0x0000FF
-621.8 -340.47 21.86 -623.41 -340.96 22.39 0.305 0x0000FF
-619.73 -339.5 21.71 -621.8 -340.47 21.86 0.305 0x0000FF
-618.87 -338.64 21.03 -619.73 -339.5 21.71 0.305 0x0000FF
-617.76 -337.67 21.03 -618.87 -338.64 21.03 0.305 0x0000FF
-616.91 -336.94 20.42 -617.76 -337.67 21.03 0.305 0x0000FF
-616.04 -336.21 20.35 -616.91 -336.94 20.42 0.305 0x0000FF
-615.19 -335.6 19.89 -616.04 -336.21 20.35 0.305 0x0000FF
-614.08 -335.23 19.89 -615.19 -335.6 19.89 0.305 0x0000FF
-613.35 -334.87 19.21 -614.08 -335.23 19.89 0.305 0x0000FF
-611.26 -334.38 19.05 -613.35 -334.87 19.21 0.305 0x0000FF
-610.16 -334.26 18.3 -611.26 -334.38 19.05 0.305 0x0000FF
-609.04 -333.89 18.3 -610.16 -334.26 18.3 0.305 0x0000FF
-608.2 -333.53 17.54 -609.04 -333.89 18.3 0.305 0x0000FF
-606.6 -332.68 17.54 -608.2 -333.53 17.54 0.305 0x0000FF
-605.62 -331.95 16.79 -606.6 -332.68 17.54 0.305 0x0000FF
-604.52 -330.85 16.79 -605.62 -331.95 16.79 0.305 0x0000FF
-603.66 -329.88 16.03 -604.52 -330.85 16.79 0.305 0x0000FF
-602.54 -328.66 16.03 -603.66 -329.88 16.03 0.305 0x0000FF
-600.42 -324.83 15.95 -602.54 -328.66 16.03 0.305 0x0000FF
-599.57 -323.12 15.57 -600.42 -324.83 15.95 0.305 0x0000FF
-599.08 -321.42 15.42 -599.57 -323.12 15.57 0.305 0x0000FF
-598.71 -319.35 14.82 -599.08 -321.42 15.42 0.305 0x0000FF
-597.98 -317.04 14.44 -598.71 -319.35 14.82 0.305 0x0000FF
-597.0 -314.97 14.21 -597.98 -317.04 14.44 0.305 0x0000FF
-595.89 -312.29 14.21 -597.0 -314.97 14.21 0.305 0x0000FF
-595.77 -309.61 14.06 -595.89 -312.29 14.21 0.305 0x0000FF
-595.53 -307.66 13.76 -595.77 -309.61 14.06 0.305 0x0000FF
-594.66 -305.11 13.76 -595.53 -307.66 13.76 0.305 0x0000FF
-594.17 -303.16 13.76 -594.66 -305.11 13.76 0.305 0x0000FF
-593.19 -301.2 13.76 -594.17 -303.16 13.76 0.305 0x0000FF
-592.34 -298.64 13.76 -593.19 -301.2 13.76 0.305 0x0000FF
-591.35 -295.12 13.76 -592.34 -298.64 13.76 0.305 0x0000FF
-590.86 -292.32 13.76 -591.35 -295.12 13.76 0.305 0x0000FF
-590.5 -290.01 13.76 -590.86 -292.32 13.76 0.305 0x0000FF
-590.37 -288.55 13.76 -590.5 -290.01 13.76 0.305 0x0000FF
-590.01 -287.08 13.76 -590.37 -288.55 13.76 0.185 0x0000FF
-663.36 -372.56 27.85 -663.15 -373.71 29.44 0.615 0x0000FF
-663.24 -371.95 27.54 -663.36 -372.56 27.85 0.615 0x0000FF
-662.87 -371.34 27.32 -663.24 -371.95 27.54 0.615 0x0000FF
-662.5 -371.09 26.63 -662.87 -371.34 27.32 0.615 0x0000FF
-662.13 -370.85 26.56 -662.5 -371.09 26.63 0.615 0x0000FF
-661.4 -370.12 26.56 -662.13 -370.85 26.56 0.615 0x0000FF
-660.91 -369.51 26.56 -661.4 -370.12 26.56 0.615 0x0000FF
-660.42 -369.15 26.94 -660.91 -369.51 26.56 0.615 0x0000FF
-660.29 -368.54 27.54 -660.42 -369.15 26.94 0.615 0x0000FF
-660.05 -368.29 27.77 -660.29 -368.54 27.54 0.615 0x0000FF
-659.68 -367.69 28.38 -660.05 -368.29 27.77 0.615 0x0000FF
-659.19 -366.95 29.13 -659.68 -367.69 28.38 0.615 0x0000FF
-659.07 -366.47 29.82 -659.19 -366.95 29.13 0.615 0x0000FF
-658.95 -365.98 30.35 -659.07 -366.47 29.82 0.615 0x0000FF
-658.58 -365.13 30.57 -658.95 -365.98 30.35 0.615 0x0000FF
-658.45 -364.52 31.25 -658.58 -365.13 30.57 0.615 0x0000FF
-658.09 -364.15 31.71 -658.45 -364.52 31.25 0.615 0x0000FF
-657.47 -363.18 32.77 -658.09 -364.15 31.71 0.615 0x0000FF
-657.11 -362.57 33.22 -657.47 -363.18 32.77 0.615 0x0000FF
-656.86 -362.33 33.97 -657.11 -362.57 33.22 0.615 0x0000FF
-656.49 -361.96 34.74 -656.86 -362.33 33.97 0.615 0x0000FF
-655.76 -361.23 34.97 -656.49 -361.96 34.74 0.615 0x0000FF
-655.27 -360.5 35.95 -655.76 -361.23 34.97 0.615 0x0000FF
-655.02 -359.41 36.33 -655.27 -360.5 35.95 0.615 0x0000FF
-654.9 -357.82 36.86 -655.02 -359.41 36.33 0.305 0x0000FF
-654.9 -357.46 38.07 -654.9 -357.82 36.86 0.305 0x0000FF
-654.65 -356.97 38.22 -654.9 -357.46 38.07 0.305 0x0000FF
-654.53 -356.36 39.13 -654.65 -356.97 38.22 0.305 0x0000FF
-654.28 -355.88 39.89 -654.53 -356.36 39.13 0.305 0x0000FF
-654.16 -354.54 40.11 -654.28 -355.88 39.89 0.305 0x0000FF
-654.16 -353.44 40.65 -654.16 -354.54 40.11 0.305 0x0000FF
-654.16 -352.34 41.03 -654.16 -353.44 40.65 0.305 0x0000FF
-654.41 -350.76 41.33 -654.16 -352.34 41.03 0.305 0x0000FF
-654.77 -349.54 41.71 -654.41 -350.76 41.33 0.305 0x0000FF
-655.02 -348.21 42.16 -654.77 -349.54 41.71 0.305 0x0000FF
-655.51 -347.23 42.92 -655.02 -348.21 42.16 0.305 0x0000FF
-655.63 -346.87 43.75 -655.51 -347.23 42.92 0.305 0x0000FF
-655.51 -345.77 44.51 -655.63 -346.87 43.75 0.305 0x0000FF
-655.51 -345.28 44.59 -655.51 -345.77 44.51 0.305 0x0000FF
-655.51 -344.43 45.12 -655.51 -345.28 44.59 0.305 0x0000FF
-655.51 -342.48 45.12 -655.51 -344.43 45.12 0.125 0x0000FF
-666.57 -408.11 20.04 -664.3 -399.77 24.38 1.225 0x0000FF
-666.81 -408.6 20.04 -666.57 -408.11 20.04 1.225 0x0000FF
-667.18 -409.45 20.04 -666.81 -408.6 20.04 1.225 0x0000FF
-667.18 -410.67 20.04 -667.18 -409.45 20.04 1.225 0x0000FF
-667.18 -411.52 20.04 -667.18 -410.67 20.04 1.225 0x0000FF
-667.18 -412.25 20.04 -667.18 -411.52 20.04 1.225 0x0000FF
-666.93 -413.59 20.04 -667.18 -412.25 20.04 0.55 0x0000FF
-666.93 -413.83 20.04 -666.93 -413.59 20.04 0.55 0x0000FF
-666.93 -415.66 20.04 -666.93 -413.83 20.04 0.55 0x0000FF
-667.3 -418.7 20.04 -666.93 -415.66 20.04 0.55 0x0000FF
-667.67 -421.01 19.89 -667.3 -418.7 20.04 0.55 0x0000FF
-668.53 -425.4 19.82 -667.67 -421.01 19.89 0.55 0x0000FF
-668.16 -430.51 19.73 -668.53 -425.4 19.82 0.245 0x0000FF
-668.16 -432.95 19.73 -668.16 -430.51 19.73 0.245 0x0000FF
-667.92 -435.75 19.73 -668.16 -432.95 19.73 0.245 0x0000FF
-668.04 -413.22 19.89 -667.18 -412.25 20.04 0.795 0x0000FF
-668.9 -414.44 19.89 -668.04 -413.22 19.89 0.795 0x0000FF
-670.37 -416.51 19.89 -668.9 -414.44 19.89 0.795 0x0000FF
-671.84 -418.09 19.89 -670.37 -416.51 19.89 0.795 0x0000FF
-673.31 -419.55 19.89 -671.84 -418.09 19.89 0.795 0x0000FF
-674.05 -420.65 19.89 -673.31 -419.55 19.89 0.795 0x0000FF
-674.79 -422.72 19.82 -674.05 -420.65 19.89 0.795 0x0000FF
-675.52 -424.3 19.82 -674.79 -422.72 19.82 0.795 0x0000FF
-676.26 -425.64 19.82 -675.52 -424.3 19.82 0.795 0x0000FF
-677.61 -426.98 19.82 -676.26 -425.64 19.82 0.795 0x0000FF
-678.96 -428.69 19.82 -677.61 -426.98 19.82 0.795 0x0000FF
-680.43 -430.15 19.82 -678.96 -428.69 19.82 0.795 0x0000FF
-682.64 -431.61 19.82 -680.43 -430.15 19.82 0.49 0x0000FF
-683.62 -432.22 19.51 -682.64 -431.61 19.82 0.49 0x0000FF
-684.6 -432.7 19.51 -683.62 -432.22 19.51 0.49 0x0000FF
-686.07 -434.41 19.29 -684.6 -432.7 19.51 0.49 0x0000FF
-687.42 -435.99 19.29 -686.07 -434.41 19.29 0.49 0x0000FF
-688.65 -437.33 19.29 -687.42 -435.99 19.29 0.49 0x0000FF
-689.87 -438.91 19.21 -688.65 -437.33 19.29 0.49 0x0000FF
-691.1 -440.25 19.21 -689.87 -438.91 19.21 0.49 0x0000FF
-692.45 -441.83 19.21 -691.1 -440.25 19.21 0.49 0x0000FF
-693.8 -443.3 19.21 -692.45 -441.83 19.21 0.49 0x0000FF
-694.78 -444.39 19.13 -693.8 -443.3 19.21 0.49 0x0000FF
-695.39 -445.49 19.13 -694.78 -444.39 19.13 0.49 0x0000FF
-696.38 -447.56 19.05 -695.39 -445.49 19.13 0.49 0x0000FF
-697.6 -449.26 19.05 -696.38 -447.56 19.05 0.49 0x0000FF
-698.46 -450.24 18.91 -697.6 -449.26 19.05 0.49 0x0000FF
-699.07 -451.33 18.6 -698.46 -450.24 18.91 0.49 0x0000FF
-699.93 -452.91 18.45 -699.07 -451.33 18.6 0.49 0x0000FF
-700.42 -453.89 18.23 -699.93 -452.91 18.45 0.49 0x0000FF
-701.41 -455.11 18.23 -700.42 -453.89 18.23 0.49 0x0000FF
-702.02 -456.32 18.23 -701.41 -455.11 18.23 0.49 0x0000FF
-702.88 -457.91 18.23 -702.02 -456.32 18.23 0.49 0x0000FF
-703.74 -459.61 18.23 -702.88 -457.91 18.23 0.49 0x0000FF
-704.84 -460.95 18.0 -703.74 -459.61 18.23 0.49 0x0000FF
-706.8 -462.29 18.0 -704.84 -460.95 18.0 0.49 0x0000FF
-708.03 -462.78 18.0 -706.8 -462.29 18.0 0.49 0x0000FF
-709.75 -463.75 18.0 -708.03 -462.78 18.0 0.49 0x0000FF
-711.22 -466.18 18.0 -709.75 -463.75 18.0 0.49 0x0000FF
-712.08 -467.65 18.0 -711.22 -466.18 18.0 0.49 0x0000FF
-712.45 -469.84 18.0 -712.08 -467.65 18.0 0.49 0x0000FF
-712.57 -471.05 18.0 -712.45 -469.84 18.0 0.49 0x0000FF
-712.57 -473.25 18.0 -712.57 -471.05 18.0 0.49 0x0000FF
-712.57 -475.07 18.0 -712.57 -473.25 18.0 0.49 0x0000FF
-712.57 -475.92 18.0 -712.57 -475.07 18.0 0.49 0x0000FF
-712.94 -477.87 18.0 -712.57 -475.92 18.0 0.49 0x0000FF
-713.92 -479.82 18.0 -712.94 -477.87 18.0 0.49 0x0000FF
-714.41 -480.43 18.0 -713.92 -479.82 18.0 0.49 0x0000FF
-715.14 -481.89 18.0 -714.41 -480.43 18.0 0.49 0x0000FF
-715.88 -483.23 18.0 -715.14 -481.89 18.0 0.49 0x0000FF
-716.13 -484.57 18.0 -715.88 -483.23 18.0 0.49 0x0000FF
-716.13 -485.91 18.0 -716.13 -484.57 18.0 0.49 0x0000FF
-716.25 -487.37 18.0 -716.13 -485.91 18.0 0.49 0x0000FF
-716.36 -491.83 17.92 -716.25 -487.37 18.0 0.49 0x0000FF
-716.36 -493.04 17.92 -716.36 -491.83 17.92 0.49 0x0000FF
-716.85 -495.48 17.85 -716.36 -493.04 17.92 0.49 0x0000FF
-717.22 -496.45 17.32 -716.85 -495.48 17.85 0.49 0x0000FF
-717.59 -497.79 17.09 -717.22 -496.45 17.32 0.49 0x0000FF
-717.71 -498.03 16.79 -717.59 -497.79 17.09 0.49 0x0000FF
-718.08 -499.74 16.26 -717.71 -498.03 16.79 0.49 0x0000FF
-718.2 -502.66 16.26 -718.08 -499.74 16.26 0.49 0x0000FF
-718.33 -504.49 17.23 -718.2 -502.66 16.26 0.49 0x0000FF
-718.33 -505.83 17.39 -718.33 -504.49 17.23 0.49 0x0000FF
-718.57 -507.04 18.07 -718.33 -505.83 17.39 0.49 0x0000FF
-718.82 -507.77 18.91 -718.57 -507.04 18.07 0.49 0x0000FF
-718.82 -508.75 18.98 -718.82 -507.77 18.91 0.49 0x0000FF
-718.82 -509.84 19.66 -718.82 -508.75 18.98 0.49 0x0000FF
-718.82 -511.18 19.97 -718.82 -509.84 19.66 0.49 0x0000FF
-718.82 -513.86 20.12 -718.82 -511.18 19.97 0.49 0x0000FF
-719.31 -517.03 20.12 -718.82 -513.86 20.12 0.49 0x0000FF
-719.92 -520.32 20.12 -719.31 -517.03 20.12 0.49 0x0000FF
-721.15 -523.97 20.12 -719.92 -520.32 20.12 0.49 0x0000FF
-722.01 -527.38 20.12 -721.15 -523.97 20.12 0.49 0x0000FF
-722.25 -529.32 20.12 -722.01 -527.38 20.12 0.49 0x0000FF
-723.6 -531.76 20.12 -722.25 -529.32 20.12 0.49 0x0000FF
-725.32 -533.83 20.12 -723.6 -531.76 20.12 0.49 0x0000FF
-726.79 -535.9 20.12 -725.32 -533.83 20.12 0.49 0x0000FF
-728.02 -537.85 20.12 -726.79 -535.9 20.12 0.49 0x0000FF
-731.26 -541.64 20.19 -728.02 -537.85 20.12 0.37 0x0000FF
-732.0 -543.46 20.19 -731.26 -541.64 20.19 0.37 0x0000FF
-732.49 -546.14 20.19 -732.0 -543.46 20.19 0.37 0x0000FF
-732.61 -547.0 20.19 -732.49 -546.14 20.19 0.37 0x0000FF
-653.23 -402.56 22.62 -664.3 -399.77 24.38 2.635 0x0000FF
-652.5 -402.56 22.62 -653.23 -402.56 22.62 2.635 0x0000FF
-651.15 -402.56 22.62 -652.5 -402.56 22.62 2.635 0x0000FF
-648.82 -404.39 22.62 -651.15 -402.56 22.62 1.595 0x0000FF
-648.2 -404.39 22.62 -648.82 -404.39 22.62 1.595 0x0000FF
-646.98 -405.24 22.62 -648.2 -404.39 22.62 1.595 0x0000FF
-646.36 -405.6 22.54 -646.98 -405.24 22.62 1.595 0x0000FF
-645.87 -405.72 22.39 -646.36 -405.6 22.54 1.595 0x0000FF
-645.38 -406.09 21.79 -645.87 -405.72 22.39 1.595 0x0000FF
-644.77 -406.46 21.48 -645.38 -406.09 21.79 1.595 0x0000FF
-644.4 -406.94 20.88 -644.77 -406.46 21.48 1.595 0x0000FF
-643.91 -407.43 20.27 -644.4 -406.94 20.88 1.595 0x0000FF
-643.41 -407.79 20.27 -643.91 -407.43 20.27 1.595 0x0000FF
-642.8 -408.77 19.66 -643.41 -407.79 20.27 1.595 0x0000FF
-642.07 -409.38 19.66 -642.8 -408.77 19.66 1.595 0x0000FF
-639.13 -410.47 19.59 -642.07 -409.38 19.66 0.98 0x0000FF
-638.02 -410.59 19.59 -639.13 -410.47 19.59 0.98 0x0000FF
-636.54 -411.2 19.59 -638.02 -410.59 19.59 0.98 0x0000FF
-635.08 -411.45 19.59 -636.54 -411.2 19.59 0.98 0x0000FF
-634.46 -411.69 19.05 -635.08 -411.45 19.59 0.98 0x0000FF
-634.22 -411.69 18.98 -634.46 -411.69 19.05 0.98 0x0000FF
-633.48 -411.81 18.53 -634.22 -411.69 18.98 0.98 0x0000FF
-632.87 -411.93 18.98 -633.48 -411.81 18.53 0.98 0x0000FF
-632.62 -411.93 19.44 -632.87 -411.93 18.98 0.98 0x0000FF
-632.26 -411.93 19.66 -632.62 -411.93 19.44 0.98 0x0000FF
-631.4 -412.3 19.36 -632.26 -411.93 19.66 0.98 0x0000FF
-630.04 -412.3 18.98 -631.4 -412.3 19.36 0.98 0x0000FF
-629.55 -412.3 18.38 -630.04 -412.3 18.98 0.98 0x0000FF
-629.3 -412.3 17.39 -629.55 -412.3 18.38 0.98 0x0000FF
-628.94 -412.42 17.01 -629.3 -412.3 17.39 0.98 0x0000FF
-628.45 -412.42 16.26 -628.94 -412.42 17.01 0.98 0x0000FF
-627.96 -412.91 15.27 -628.45 -412.42 16.26 0.735 0x0000FF
-627.59 -413.03 14.21 -627.96 -412.91 15.27 0.735 0x0000FF
-627.47 -413.03 12.77 -627.59 -413.03 14.21 0.735 0x0000FF
-626.86 -413.03 12.39 -627.47 -413.03 12.77 0.735 0x0000FF
-626.49 -413.03 11.64 -626.86 -413.03 12.39 0.735 0x0000FF
-626.12 -413.03 10.88 -626.49 -413.03 11.64 0.735 0x0000FF
-625.75 -413.03 10.42 -626.12 -413.03 10.88 0.735 0x0000FF
-625.02 -413.03 9.59 -625.75 -413.03 10.42 0.735 0x0000FF
-624.53 -412.79 8.91 -625.02 -413.03 9.59 0.735 0x0000FF
-624.28 -412.79 8.83 -624.53 -412.79 8.91 0.735 0x0000FF
-623.79 -412.79 8.23 -624.28 -412.79 8.83 0.735 0x0000FF
-623.79 -412.79 7.47 -623.79 -412.79 8.23 0.735 0x0000FF
-621.83 -413.27 7.62 -623.79 -412.79 7.47 0.735 0x0000FF
-619.99 -413.52 7.62 -621.83 -413.27 7.62 0.735 0x0000FF
-618.64 -412.54 7.62 -619.99 -413.52 7.62 0.49 0x0000FF
-617.41 -412.54 7.62 -618.64 -412.54 7.62 0.49 0x0000FF
-616.19 -412.18 7.62 -617.41 -412.54 7.62 0.49 0x0000FF
-615.21 -412.18 7.62 -616.19 -412.18 7.62 0.49 0x0000FF
-612.26 -411.93 7.62 -615.21 -412.18 7.62 0.49 0x0000FF
-610.17 -411.93 7.62 -612.26 -411.93 7.62 0.49 0x0000FF
-608.34 -411.69 7.62 -610.17 -411.93 7.62 0.49 0x0000FF
-618.27 -414.61 7.62 -619.99 -413.52 7.62 0.615 0x0000FF
-616.42 -415.34 7.62 -618.27 -414.61 7.62 0.615 0x0000FF
-614.96 -415.46 7.62 -616.42 -415.34 7.62 0.615 0x0000FF
-612.26 -415.46 7.62 -614.96 -415.46 7.62 0.615 0x0000FF
-610.91 -415.34 7.62 -612.26 -415.46 7.62 0.615 0x0000FF
-608.46 -415.34 7.39 -610.91 -415.34 7.62 0.305 0x0000FF
-607.97 -415.59 7.09 -608.46 -415.34 7.39 0.305 0x0000FF
-607.23 -415.83 7.01 -607.97 -415.59 7.09 0.305 0x0000FF
-606.74 -415.83 6.64 -607.23 -415.83 7.01 0.305 0x0000FF
-606.01 -415.83 6.48 -606.74 -415.83 6.64 0.305 0x0000FF
-605.51 -415.83 5.95 -606.01 -415.83 6.48 0.305 0x0000FF
-604.29 -415.83 5.95 -605.51 -415.83 5.95 0.305 0x0000FF
-602.32 -416.2 5.73 -604.29 -415.83 5.95 0.305 0x0000FF
-600.48 -416.2 5.65 -602.32 -416.2 5.73 0.305 0x0000FF
-599.75 -416.2 5.58 -600.48 -416.2 5.65 0.305 0x0000FF
-598.64 -416.2 4.82 -599.75 -416.2 5.58 0.305 0x0000FF
-597.79 -416.2 4.74 -598.64 -416.2 4.82 0.305 0x0000FF
-596.67 -416.44 4.13 -597.79 -416.2 4.74 0.305 0x0000FF
-594.6 -417.05 4.05 -596.67 -416.44 4.13 0.305 0x0000FF
-593.37 -417.17 4.05 -594.6 -417.05 4.05 0.305 0x0000FF
-592.63 -417.66 4.05 -593.37 -417.17 4.05 0.305 0x0000FF
-591.16 -418.39 4.05 -592.63 -417.66 4.05 0.305 0x0000FF
-589.32 -418.75 4.05 -591.16 -418.39 4.05 0.305 0x0000FF
-587.35 -418.36 4.05 -589.32 -418.75 4.05 0.305 0x0000FF
-586.5 -418.36 4.05 -587.35 -418.36 4.05 0.305 0x0000FF
-585.51 -420.07 4.05 -586.5 -418.36 4.05 0.305 0x0000FF
-583.91 -421.29 4.05 -585.51 -420.07 4.05 0.305 0x0000FF
-582.69 -422.87 4.05 -583.91 -421.29 4.05 0.305 0x0000FF
-580.85 -425.55 4.05 -582.69 -422.87 4.05 0.305 0x0000FF
-579.75 -426.89 4.05 -580.85 -425.55 4.05 0.305 0x0000FF
-578.28 -427.98 4.05 -579.75 -426.89 4.05 0.305 0x0000FF
-586.25 -418.36 4.05 -586.5 -418.36 4.05 0.49 0x0000FF
-584.41 -418.36 4.05 -586.25 -418.36 4.05 0.49 0x0000FF
-582.45 -418.36 4.05 -584.41 -418.36 4.05 0.49 0x0000FF
-580.85 -418.12 4.05 -582.45 -418.36 4.05 0.49 0x0000FF
-579.14 -417.76 3.98 -580.85 -418.12 4.05 0.49 0x0000FF
-575.58 -417.63 3.98 -579.14 -417.76 3.98 0.245 0x0000FF
-574.23 -418.61 3.98 -575.58 -417.63 3.98 0.245 0x0000FF
-572.14 -420.92 3.98 -574.23 -418.61 3.98 0.245 0x0000FF
-571.16 -422.5 3.98 -572.14 -420.92 3.98 0.245 0x0000FF
-570.29 -424.94 3.98 -571.16 -422.5 3.98 0.245 0x0000FF
-568.71 -427.37 3.98 -570.29 -424.94 3.98 0.245 0x0000FF
-567.48 -429.81 3.98 -568.71 -427.37 3.98 0.245 0x0000FF
-565.4 -432.0 3.98 -567.48 -429.81 3.98 0.245 0x0000FF
-563.3 -433.83 3.98 -565.4 -432.0 3.98 0.245 0x0000FF
-561.84 -434.92 3.98 -563.3 -433.83 3.98 0.245 0x0000FF
-558.77 -436.38 3.98 -561.84 -434.92 3.98 0.245 0x0000FF
-556.32 -436.75 3.98 -558.77 -436.38 3.98 0.245 0x0000FF
-553.25 -436.87 3.98 -556.32 -436.75 3.98 0.245 0x0000FF
-551.41 -436.99 3.98 -553.25 -436.87 3.98 0.245 0x0000FF
-548.59 -437.84 3.98 -551.41 -436.99 3.98 0.245 0x0000FF
-545.89 -438.82 3.98 -548.59 -437.84 3.98 0.245 0x0000FF
-642.3 -411.55 19.05 -642.07 -409.38 19.66 0.92 0x0000FF
-641.08 -412.52 19.05 -642.3 -411.55 19.05 0.92 0x0000FF
-640.96 -413.37 18.98 -641.08 -412.52 19.05 0.92 0x0000FF
-640.84 -413.98 18.76 -640.96 -413.37 18.98 0.92 0x0000FF
-640.72 -415.08 18.6 -640.84 -413.98 18.76 0.92 0x0000FF
-640.23 -416.42 18.3 -640.72 -415.08 18.6 0.92 0x0000FF
-640.23 -417.76 18.0 -640.23 -416.42 18.3 0.92 0x0000FF
-639.98 -418.61 17.77 -640.23 -417.76 18.0 0.92 0x0000FF
-638.75 -419.95 17.47 -639.98 -418.61 17.77 0.92 0x0000FF
-637.65 -421.77 17.47 -638.75 -419.95 17.47 0.92 0x0000FF
-636.41 -422.87 16.94 -637.65 -421.77 17.47 0.92 0x0000FF
-634.83 -423.84 16.86 -636.41 -422.87 16.94 0.92 0x0000FF
-633.97 -424.09 16.55 -634.83 -423.84 16.86 0.92 0x0000FF
-633.6 -424.94 16.32 -633.97 -424.09 16.55 0.675 0x0000FF
-632.37 -425.67 16.03 -633.6 -424.94 16.32 0.675 0x0000FF
-631.03 -426.52 15.8 -632.37 -425.67 16.03 0.675 0x0000FF
-628.57 -426.89 15.5 -631.03 -426.52 15.8 0.675 0x0000FF
-627.22 -427.13 15.35 -628.57 -426.89 15.5 0.675 0x0000FF
-626.0 -427.98 14.97 -627.22 -427.13 15.35 0.675 0x0000FF
-624.77 -429.2 14.89 -626.0 -427.98 14.97 0.675 0x0000FF
-624.03 -430.17 14.59 -624.77 -429.2 14.89 0.675 0x0000FF
-623.41 -432.0 14.36 -624.03 -430.17 14.59 0.675 0x0000FF
-622.92 -433.83 14.36 -623.41 -432.0 14.36 0.675 0x0000FF
-621.82 -436.75 14.36 -622.92 -433.83 14.36 0.675 0x0000FF
-621.58 -438.7 13.83 -621.82 -436.75 14.36 0.675 0x0000FF
-621.46 -440.16 13.83 -621.58 -438.7 13.83 0.675 0x0000FF
-621.33 -442.23 13.23 -621.46 -440.16 13.83 0.675 0x0000FF
-621.21 -443.93 13.07 -621.33 -442.23 13.23 0.675 0x0000FF
-620.11 -446.85 12.77 -621.21 -443.93 13.07 0.43 0x0000FF
-619.86 -448.19 12.54 -620.11 -446.85 12.77 0.43 0x0000FF
-619.86 -450.26 12.39 -619.86 -448.19 12.54 0.43 0x0000FF
-619.74 -452.33 12.09 -619.86 -450.26 12.39 0.43 0x0000FF
-619.0 -454.04 11.94 -619.74 -452.33 12.09 0.43 0x0000FF
-617.41 -457.08 11.86 -619.0 -454.04 11.94 0.43 0x0000FF
-616.54 -459.03 11.48 -617.41 -457.08 11.86 0.43 0x0000FF
-615.69 -460.86 11.41 -616.54 -459.03 11.48 0.43 0x0000FF
-615.2 -463.17 11.41 -615.69 -460.86 11.41 0.43 0x0000FF
-613.73 -466.46 11.41 -615.2 -463.17 11.41 0.43 0x0000FF
-613.48 -468.28 11.41 -613.73 -466.46 11.41 0.43 0x0000FF
-612.33 -471.87 11.41 -613.48 -468.28 11.41 0.43 0x0000FF
-611.1 -475.65 11.41 -612.33 -471.87 11.41 0.43 0x0000FF
-610.36 -476.99 11.41 -611.1 -475.65 11.41 0.43 0x0000FF
-608.4 -480.15 11.1 -610.36 -476.99 11.41 0.43 0x0000FF
-607.41 -482.1 11.1 -608.4 -480.15 11.1 0.43 0x0000FF
-606.44 -484.41 11.1 -607.41 -482.1 11.1 0.43 0x0000FF
-605.09 -487.46 11.1 -606.44 -484.41 11.1 0.43 0x0000FF
-605.09 -490.26 10.95 -605.09 -487.46 11.1 0.43 0x0000FF
-605.09 -490.99 10.88 -605.09 -490.26 10.95 0.43 0x0000FF
-605.09 -491.48 10.11 -605.09 -490.99 10.88 0.43 0x0000FF
-604.97 -492.69 9.97 -605.09 -491.48 10.11 0.43 0x0000FF
-604.84 -493.54 9.51 -604.97 -492.69 9.97 0.43 0x0000FF
-604.84 -494.64 9.06 -604.84 -493.54 9.51 0.43 0x0000FF
-604.84 -495.61 8.76 -604.84 -494.64 9.06 0.43 0x0000FF
-604.84 -496.59 7.92 -604.84 -495.61 8.76 0.43 0x0000FF
-604.72 -498.17 7.32 -604.84 -496.59 7.92 0.43 0x0000FF
-604.72 -499.27 7.09 -604.72 -498.17 7.32 0.43 0x0000FF
-604.72 -500.48 6.41 -604.72 -499.27 7.09 0.43 0x0000FF
-603.62 -503.16 6.26 -604.72 -500.48 6.41 0.43 0x0000FF
-602.15 -506.57 5.73 -603.62 -503.16 6.26 0.43 0x0000FF
-600.91 -508.52 5.12 -602.15 -506.57 5.73 0.43 0x0000FF
-600.54 -509.49 4.74 -600.91 -508.52 5.12 0.43 0x0000FF
-600.29 -509.62 3.98 -600.54 -509.49 4.74 0.43 0x0000FF
-599.8 -509.86 3.91 -600.29 -509.62 3.98 0.43 0x0000FF
-598.96 -510.35 3.15 -599.8 -509.86 3.91 0.43 0x0000FF
-598.1 -510.59 3.0 -598.96 -510.35 3.15 0.43 0x0000FF
-596.87 -511.2 2.39 -598.1 -510.59 3.0 0.43 0x0000FF
-596.38 -511.56 1.64 -596.87 -511.2 2.39 0.43 0x0000FF
-595.64 -512.29 1.56 -596.38 -511.56 1.64 0.43 0x0000FF
-595.15 -512.54 1.03 -595.64 -512.29 1.56 0.43 0x0000FF
-595.03 -513.39 1.03 -595.15 -512.54 1.03 0.43 0x0000FF
-594.41 -514.24 0.95 -595.03 -513.39 1.03 0.43 0x0000FF
-594.04 -514.97 0.95 -594.41 -514.24 0.95 0.43 0x0000FF
-593.67 -515.7 0.95 -594.04 -514.97 0.95 0.43 0x0000FF
-593.19 -516.3 0.8 -593.67 -515.7 0.95 0.43 0x0000FF
-592.58 -518.02 0.5 -593.19 -516.3 0.8 0.43 0x0000FF
-590.4 -520.28 0.42 -592.58 -518.02 0.5 0.43 0x0000FF
-589.29 -521.98 0.35 -590.4 -520.28 0.42 0.43 0x0000FF
-588.55 -523.32 -0.18 -589.29 -521.98 0.35 0.43 0x0000FF
-588.3 -523.92 -1.02 -588.55 -523.32 -0.18 0.43 0x0000FF
-587.82 -524.78 -1.09 -588.3 -523.92 -1.02 0.43 0x0000FF
-586.96 -525.39 -1.92 -587.82 -524.78 -1.09 0.43 0x0000FF
-586.72 -525.39 -2.68 -586.96 -525.39 -1.92 0.43 0x0000FF
-586.47 -525.63 -2.83 -586.72 -525.39 -2.68 0.43 0x0000FF
-586.23 -526.24 -3.44 -586.47 -525.63 -2.83 0.43 0x0000FF
-585.98 -526.85 -3.82 -586.23 -526.24 -3.44 0.43 0x0000FF
-585.37 -527.7 -4.34 -585.98 -526.85 -3.82 0.43 0x0000FF
-584.63 -528.79 -4.88 -585.37 -527.7 -4.34 0.43 0x0000FF
-584.63 -529.29 -5.41 -584.63 -528.79 -4.88 0.43 0x0000FF
-584.39 -530.26 -5.48 -584.63 -529.29 -5.41 0.43 0x0000FF
-583.53 -531.48 -6.01 -584.39 -530.26 -5.48 0.43 0x0000FF
-583.4 -531.97 -6.24 -583.53 -531.48 -6.01 0.43 0x0000FF
-581.69 -533.79 -6.54 -583.4 -531.97 -6.24 0.43 0x0000FF
-578.86 -537.32 -7.45 -581.69 -533.79 -6.54 0.245 0x0000FF
-578.01 -538.78 -7.61 -578.86 -537.32 -7.45 0.245 0x0000FF
-577.15 -540.49 -8.21 -578.01 -538.78 -7.61 0.245 0x0000FF
-576.53 -541.58 -8.44 -577.15 -540.49 -8.21 0.245 0x0000FF
-575.79 -542.67 -9.11 -576.53 -541.58 -8.44 0.245 0x0000FF
-575.05 -543.9 -9.19 -575.79 -542.67 -9.11 0.245 0x0000FF
-574.33 -544.63 -9.88 -575.05 -543.9 -9.19 0.245 0x0000FF
-573.22 -545.6 -10.26 -574.33 -544.63 -9.88 0.245 0x0000FF
-571.5 -546.82 -10.56 -573.22 -545.6 -10.26 0.245 0x0000FF
-571.01 -547.79 -11.17 -571.5 -546.82 -10.56 0.245 0x0000FF
-569.04 -550.11 -11.24 -571.01 -547.79 -11.17 0.245 0x0000FF
-566.84 -552.41 -11.24 -569.04 -550.11 -11.24 0.245 0x0000FF
-565.37 -554.0 -11.24 -566.84 -552.41 -11.24 0.245 0x0000FF
-563.78 -555.71 -11.77 -565.37 -554.0 -11.24 0.245 0x0000FF
-563.04 -557.04 -12.07 -563.78 -555.71 -11.77 0.245 0x0000FF
-561.94 -559.36 -12.6 -563.04 -557.04 -12.07 0.245 0x0000FF
-561.08 -562.52 -12.68 -561.94 -559.36 -12.6 0.245 0x0000FF
-559.85 -564.35 -12.68 -561.08 -562.52 -12.68 0.245 0x0000FF
-559.24 -565.33 -12.68 -559.85 -564.35 -12.68 0.245 0x0000FF
-557.64 -567.15 -12.68 -559.24 -565.33 -12.68 0.245 0x0000FF
-555.73 -571.95 -12.83 -557.64 -567.15 -12.68 0.245 0x0000FF
-648.53 -401.73 21.56 -651.15 -402.56 22.62 1.595 0x0000FF
-647.66 -401.73 21.41 -648.53 -401.73 21.56 1.595 0x0000FF
-647.05 -401.61 21.1 -647.66 -401.73 21.41 1.595 0x0000FF
-646.2 -401.24 20.8 -647.05 -401.61 21.1 1.595 0x0000FF
-645.34 -401.0 20.5 -646.2 -401.24 20.8 1.595 0x0000FF
-644.85 -400.63 20.04 -645.34 -401.0 20.5 1.595 0x0000FF
-644.48 -400.51 19.44 -644.85 -400.63 20.04 1.595 0x0000FF
-642.89 -400.27 19.29 -644.48 -400.51 19.44 1.595 0x0000FF
-641.91 -399.9 18.91 -642.89 -400.27 19.29 1.595 0x0000FF
-641.04 -399.42 18.68 -641.91 -399.9 18.91 1.595 0x0000FF
-639.82 -398.69 18.68 -641.04 -399.42 18.68 1.595 0x0000FF
-637.49 -399.66 18.6 -639.82 -398.69 18.68 0.735 0x0000FF
-637.25 -399.66 18.6 -637.49 -399.66 18.6 0.735 0x0000FF
-636.76 -399.9 18.53 -637.25 -399.66 18.6 0.735 0x0000FF
-635.65 -400.15 18.14 -636.76 -399.9 18.53 0.735 0x0000FF
-635.16 -400.39 18.14 -635.65 -400.15 18.14 0.735 0x0000FF
-634.41 -400.39 18.14 -635.16 -400.39 18.14 0.735 0x0000FF
-633.44 -400.27 18.07 -634.41 -400.39 18.14 0.735 0x0000FF
-631.97 -401.49 18.07 -633.44 -400.27 18.07 0.735 0x0000FF
-631.48 -401.61 18.07 -631.97 -401.49 18.07 0.735 0x0000FF
-630.38 -401.97 18.07 -631.48 -401.61 18.07 0.735 0x0000FF
-629.27 -401.97 18.07 -630.38 -401.97 18.07 0.735 0x0000FF
-628.54 -401.97 18.07 -629.27 -401.97 18.07 0.735 0x0000FF
-626.45 -402.22 18.07 -628.54 -401.97 18.07 0.55 0x0000FF
-625.72 -402.09 17.39 -626.45 -402.22 18.07 0.55 0x0000FF
-625.35 -402.09 17.32 -625.72 -402.09 17.39 0.55 0x0000FF
-623.63 -402.09 16.55 -625.35 -402.09 17.32 0.55 0x0000FF
-623.38 -402.09 16.41 -623.63 -402.09 16.55 0.55 0x0000FF
-622.77 -402.09 15.8 -623.38 -402.09 16.41 0.55 0x0000FF
-621.29 -402.09 15.12 -622.77 -402.09 15.8 0.55 0x0000FF
-620.69 -402.09 14.82 -621.29 -402.09 15.12 0.55 0x0000FF
-619.21 -401.97 14.44 -620.69 -402.09 14.82 0.55 0x0000FF
-617.99 -401.61 13.98 -619.21 -401.97 14.44 0.55 0x0000FF
-616.88 -401.24 13.68 -617.99 -401.61 13.98 0.55 0x0000FF
-615.78 -400.51 13.45 -616.88 -401.24 13.68 0.55 0x0000FF
-614.67 -399.9 14.06 -615.78 -400.51 13.45 0.55 0x0000FF
-613.82 -399.17 14.29 -614.67 -399.9 14.06 0.55 0x0000FF
-612.84 -398.81 15.12 -613.82 -399.17 14.29 0.55 0x0000FF
-611.36 -398.56 15.12 -612.84 -398.81 15.12 0.55 0x0000FF
-610.5 -398.32 15.95 -611.36 -398.56 15.12 0.55 0x0000FF
-609.28 -398.08 16.86 -610.5 -398.32 15.95 0.55 0x0000FF
-608.29 -397.83 17.32 -609.28 -398.08 16.86 0.55 0x0000FF
-607.67 -397.59 17.7 -608.29 -397.83 17.32 0.55 0x0000FF
-607.19 -397.22 18.45 -607.67 -397.59 17.7 0.55 0x0000FF
-605.97 -396.37 18.91 -607.19 -397.22 18.45 0.55 0x0000FF
-604.0 -396.13 19.13 -605.97 -396.37 18.91 0.305 0x0000FF
-600.32 -397.1 19.89 -604.0 -396.13 19.13 0.305 0x0000FF
-598.97 -397.1 19.97 -600.32 -397.1 19.89 0.305 0x0000FF
-597.62 -397.1 20.35 -598.97 -397.1 19.97 0.305 0x0000FF
-595.41 -397.83 20.57 -597.62 -397.1 20.35 0.305 0x0000FF
-593.94 -399.05 20.57 -595.41 -397.83 20.57 0.305 0x0000FF
-591.0 -400.39 20.8 -593.94 -399.05 20.57 0.305 0x0000FF
-590.26 -400.76 20.95 -591.0 -400.39 20.8 0.305 0x0000FF
-587.8 -401.61 20.95 -590.26 -400.76 20.95 0.305 0x0000FF
-585.72 -402.09 20.95 -587.8 -401.61 20.95 0.305 0x0000FF
-584.38 -402.22 20.95 -585.72 -402.09 20.95 0.305 0x0000FF
-581.54 -403.07 20.95 -584.38 -402.22 20.95 0.305 0x0000FF
-579.22 -403.19 20.95 -581.54 -403.07 20.95 0.305 0x0000FF
-627.91 -403.56 18.53 -628.54 -401.97 18.07 0.305 0x0000FF
-627.19 -403.56 18.53 -627.91 -403.56 18.53 0.305 0x0000FF
-624.37 -404.65 18.6 -627.19 -403.56 18.53 0.305 0x0000FF
-621.17 -405.5 18.98 -624.37 -404.65 18.6 0.305 0x0000FF
-618.97 -405.87 18.98 -621.17 -405.5 18.98 0.305 0x0000FF
-617.74 -406.6 19.29 -618.97 -405.87 18.98 0.305 0x0000FF
-616.76 -406.84 19.44 -617.74 -406.6 19.29 0.305 0x0000FF
-613.69 -407.57 19.44 -616.76 -406.84 19.44 0.305 0x0000FF
-612.34 -407.69 19.82 -613.69 -407.57 19.44 0.305 0x0000FF
-611.85 -407.69 19.89 -612.34 -407.69 19.82 0.305 0x0000FF
-610.26 -408.43 19.89 -611.85 -407.69 19.89 0.305 0x0000FF
-609.03 -408.91 19.89 -610.26 -408.43 19.89 0.305 0x0000FF
-607.67 -409.64 19.89 -609.03 -408.91 19.89 0.305 0x0000FF
-606.95 -409.89 20.04 -607.67 -409.64 19.89 0.305 0x0000FF
-604.62 -410.74 20.04 -606.95 -409.89 20.04 0.305 0x0000FF
-603.39 -410.74 19.97 -604.62 -410.74 20.04 0.305 0x0000FF
-601.05 -410.74 19.51 -603.39 -410.74 19.97 0.305 0x0000FF
-600.32 -410.62 19.36 -601.05 -410.74 19.51 0.305 0x0000FF
-598.61 -410.5 18.82 -600.32 -410.62 19.36 0.305 0x0000FF
-597.99 -410.37 18.82 -598.61 -410.5 18.82 0.305 0x0000FF
-595.91 -410.37 18.82 -597.99 -410.37 18.82 0.305 0x0000FF
-594.55 -410.62 18.82 -595.91 -410.37 18.82 0.305 0x0000FF
-592.59 -410.98 18.82 -594.55 -410.62 18.82 0.305 0x0000FF
-638.72 -397.1 18.68 -639.82 -398.69 18.68 1.165 0x0000FF
-637.86 -396.62 18.38 -638.72 -397.1 18.68 1.165 0x0000FF
-637.25 -396.37 18.23 -637.86 -396.62 18.38 1.165 0x0000FF
-636.51 -395.89 17.77 -637.25 -396.37 18.23 1.165 0x0000FF
-635.65 -395.28 17.39 -636.51 -395.89 17.77 1.165 0x0000FF
-634.29 -394.55 17.16 -635.65 -395.28 17.39 1.165 0x0000FF
-632.83 -393.94 16.79 -634.29 -394.55 17.16 1.165 0x0000FF
-631.11 -393.57 16.71 -632.83 -393.94 16.79 1.165 0x0000FF
-629.76 -392.84 16.71 -631.11 -393.57 16.71 1.165 0x0000FF
-629.15 -392.23 16.71 -629.76 -392.84 16.71 1.165 0x0000FF
-627.55 -391.87 16.63 -629.15 -392.23 16.71 0.615 0x0000FF
-624.49 -391.99 16.63 -627.55 -391.87 16.63 0.615 0x0000FF
-623.14 -391.26 16.41 -624.49 -391.99 16.63 0.615 0x0000FF
-621.54 -390.16 16.41 -623.14 -391.26 16.41 0.615 0x0000FF
-620.69 -389.31 16.41 -621.54 -390.16 16.41 0.615 0x0000FF
-619.34 -388.09 16.41 -620.69 -389.31 16.41 0.615 0x0000FF
-617.5 -387.24 16.1 -619.34 -388.09 16.41 0.615 0x0000FF
-617.01 -387.0 15.8 -617.5 -387.24 16.1 0.615 0x0000FF
-615.9 -386.51 15.35 -617.01 -387.0 15.8 0.615 0x0000FF
-615.04 -386.27 15.04 -615.9 -386.51 15.35 0.615 0x0000FF
-612.34 -386.27 14.74 -615.04 -386.27 15.04 0.615 0x0000FF
-610.75 -386.39 14.21 -612.34 -386.27 14.74 0.615 0x0000FF
-609.15 -386.51 13.68 -610.75 -386.39 14.21 0.615 0x0000FF
-607.07 -386.63 13.6 -609.15 -386.51 13.68 0.615 0x0000FF
-606.21 -386.75 13.15 -607.07 -386.63 13.6 0.615 0x0000FF
-605.11 -386.75 13.07 -606.21 -386.75 13.15 0.615 0x0000FF
-603.02 -386.75 12.7 -605.11 -386.75 13.07 0.615 0x0000FF
-601.42 -386.75 12.62 -603.02 -386.75 12.7 0.615 0x0000FF
-598.36 -386.39 12.54 -601.42 -386.75 12.62 0.37 0x0000FF
-595.54 -386.15 12.54 -598.36 -386.39 12.54 0.37 0x0000FF
-594.67 -385.78 12.54 -595.54 -386.15 12.54 0.37 0x0000FF
-628.41 -391.26 16.18 -629.15 -392.23 16.71 0.735 0x0000FF
-627.79 -389.55 16.03 -628.41 -391.26 16.18 0.735 0x0000FF
-627.67 -388.82 15.95 -627.79 -389.55 16.03 0.735 0x0000FF
-627.3 -387.85 16.41 -627.67 -388.82 15.95 0.735 0x0000FF
-626.82 -387.0 16.63 -627.3 -387.85 16.41 0.735 0x0000FF
-626.57 -386.27 17.09 -626.82 -387.0 16.63 0.735 0x0000FF
-626.21 -385.41 17.47 -626.57 -386.27 17.09 0.735 0x0000FF
-625.84 -383.71 16.94 -626.21 -385.41 17.47 0.43 0x0000FF
-625.35 -383.1 16.94 -625.84 -383.71 16.94 0.43 0x0000FF
-624.37 -381.88 16.63 -625.35 -383.1 16.94 0.43 0x0000FF
-623.63 -381.03 16.26 -624.37 -381.88 16.63 0.43 0x0000FF
-622.4 -380.3 16.18 -623.63 -381.03 16.26 0.43 0x0000FF
-621.29 -379.69 16.1 -622.4 -380.3 16.18 0.43 0x0000FF
-619.95 -378.84 15.65 -621.29 -379.69 16.1 0.43 0x0000FF
-617.99 -376.4 15.57 -619.95 -378.84 15.65 0.43 0x0000FF
-616.76 -375.55 15.42 -617.99 -376.4 15.57 0.43 0x0000FF
-615.9 -374.46 15.04 -616.76 -375.55 15.42 0.43 0x0000FF
-614.91 -373.24 14.82 -615.9 -374.46 15.04 0.43 0x0000FF
-613.94 -371.66 14.44 -614.91 -373.24 14.82 0.43 0x0000FF
-612.71 -369.59 14.06 -613.94 -371.66 14.44 0.43 0x0000FF
-611.98 -368.25 13.98 -612.71 -369.59 14.06 0.43 0x0000FF
-610.63 -367.03 13.98 -611.98 -368.25 13.98 0.43 0x0000FF
-609.15 -365.81 13.83 -610.63 -367.03 13.98 0.43 0x0000FF
-606.21 -364.23 13.83 -609.15 -365.81 13.83 0.43 0x0000FF
-604.98 -363.13 13.68 -606.21 -364.23 13.83 0.43 0x0000FF
-603.76 -362.4 13.3 -604.98 -363.13 13.68 0.43 0x0000FF
-602.04 -361.43 13.3 -603.76 -362.4 13.3 0.43 0x0000FF
-599.46 -360.58 13.0 -602.04 -361.43 13.3 0.43 0x0000FF
-596.52 -359.36 13.0 -599.46 -360.58 13.0 0.43 0x0000FF
-593.21 -358.39 13.0 -596.52 -359.36 13.0 0.43 0x0000FF
-591.74 -357.41 12.92 -593.21 -358.39 13.0 0.43 0x0000FF
-590.51 -356.44 12.7 -591.74 -357.41 12.92 0.43 0x0000FF
-589.04 -355.22 12.7 -590.51 -356.44 12.7 0.43 0x0000FF
-587.32 -354.0 12.7 -589.04 -355.22 12.7 0.43 0x0000FF
-581.82 -347.04 12.62 -587.32 -354.0 12.7 0.43 0x0000FF
-581.2 -346.31 12.62 -581.82 -347.04 12.62 0.43 0x0000FF
-579.36 -344.6 12.62 -581.2 -346.31 12.62 0.43 0x0000FF
-577.4 -341.92 12.62 -579.36 -344.6 12.62 0.43 0x0000FF
-576.16 -340.71 12.39 -577.4 -341.92 12.62 0.43 0x0000FF
-574.7 -339.25 12.17 -576.16 -340.71 12.39 0.43 0x0000FF
-573.35 -337.3 11.86 -574.7 -339.25 12.17 0.43 0x0000FF
-571.76 -335.59 11.79 -573.35 -337.3 11.86 0.43 0x0000FF
-569.66 -333.64 11.56 -571.76 -335.59 11.79 0.43 0x0000FF
-567.22 -331.45 11.56 -569.66 -333.64 11.56 0.43 0x0000FF
-565.87 -330.24 11.1 -567.22 -331.45 11.56 0.43 0x0000FF
-564.03 -328.9 10.88 -565.87 -330.24 11.1 0.43 0x0000FF
-562.3 -327.92 11.26 -564.03 -328.9 10.88 0.43 0x0000FF
-561.45 -327.56 11.48 -562.3 -327.92 11.26 0.43 0x0000FF
-560.84 -327.07 11.94 -561.45 -327.56 11.48 0.43 0x0000FF
-560.23 -326.83 12.47 -560.84 -327.07 11.94 0.43 0x0000FF
-559.98 -326.83 12.92 -560.23 -326.83 12.47 0.43 0x0000FF
-558.39 -326.83 13.15 -559.98 -326.83 12.92 0.43 0x0000FF
-557.4 -326.83 13.45 -558.39 -326.83 13.15 0.43 0x0000FF
-556.66 -326.83 13.98 -557.4 -326.83 13.45 0.43 0x0000FF
-555.44 -326.83 13.98 -556.66 -326.83 13.98 0.43 0x0000FF
-554.09 -326.83 13.98 -555.44 -326.83 13.98 0.43 0x0000FF
-552.62 -326.83 13.98 -554.09 -326.83 13.98 0.43 0x0000FF
-551.03 -326.95 13.98 -552.62 -326.83 13.98 0.43 0x0000FF
-549.05 -326.95 13.98 -551.03 -326.95 13.98 0.43 0x0000FF
-547.47 -326.95 13.98 -549.05 -326.95 13.98 0.43 0x0000FF
-546.85 -326.95 13.98 -547.47 -326.95 13.98 0.43 0x0000FF
-540.11 -327.19 13.98 -546.85 -326.95 13.98 0.185 0x0000FF
-537.78 -327.07 14.06 -540.11 -327.19 13.98 0.185 0x0000FF
-536.54 -326.83 14.06 -537.78 -327.07 14.06 0.185 0x0000FF
-665.27 -410.49 27.32 -664.3 -399.77 24.38 0.55 0x0000FF
-665.27 -410.86 27.24 -665.27 -410.49 27.32 0.55 0x0000FF
-665.15 -412.69 27.32 -665.27 -410.86 27.24 0.55 0x0000FF
-665.15 -413.17 27.32 -665.15 -412.69 27.32 0.37 0x0000FF
-666.74 -416.46 27.32 -665.15 -413.17 27.32 0.37 0x0000FF
-668.46 -418.53 27.32 -666.74 -416.46 27.32 0.37 0x0000FF
-673.25 -425.1 27.32 -668.46 -418.53 27.32 0.37 0x0000FF
-674.96 -427.66 27.32 -673.25 -425.1 27.32 0.37 0x0000FF
-676.56 -430.58 27.32 -674.96 -427.66 27.32 0.37 0x0000FF
-677.91 -433.51 27.32 -676.56 -430.58 27.32 0.37 0x0000FF
-679.62 -436.91 27.32 -677.91 -433.51 27.32 0.37 0x0000FF
-682.57 -440.81 27.32 -679.62 -436.91 27.32 0.37 0x0000FF
-685.14 -443.85 27.32 -682.57 -440.81 27.32 0.37 0x0000FF
-687.11 -447.26 27.09 -685.14 -443.85 27.32 0.37 0x0000FF
-688.09 -448.6 26.86 -687.11 -447.26 27.09 0.37 0x0000FF
-689.19 -450.06 26.33 -688.09 -448.6 26.86 0.37 0x0000FF
-690.42 -451.52 26.25 -689.19 -450.06 26.33 0.37 0x0000FF
-691.77 -452.99 25.72 -690.42 -451.52 26.25 0.37 0x0000FF
-692.87 -454.32 25.72 -691.77 -452.99 25.72 0.37 0x0000FF
-694.71 -456.39 25.72 -692.87 -454.32 25.72 0.37 0x0000FF
-695.94 -458.34 25.72 -694.71 -456.39 25.72 0.37 0x0000FF
-697.78 -460.9 25.72 -695.94 -458.34 25.72 0.37 0x0000FF
-698.88 -461.99 25.65 -697.78 -460.9 25.72 0.37 0x0000FF
-700.11 -463.33 25.19 -698.88 -461.99 25.65 0.37 0x0000FF
-701.46 -465.16 25.19 -700.11 -463.33 25.19 0.37 0x0000FF
-704.63 -469.19 25.12 -701.46 -465.16 25.19 0.37 0x0000FF
-707.08 -472.73 25.12 -704.63 -469.19 25.12 0.37 0x0000FF
-708.8 -476.38 25.12 -707.08 -472.73 25.12 0.37 0x0000FF
-710.03 -479.06 25.12 -708.8 -476.38 25.12 0.37 0x0000FF
-711.87 -483.68 25.12 -710.03 -479.06 25.12 0.37 0x0000FF
-712.6 -488.19 25.12 -711.87 -483.68 25.12 0.37 0x0000FF
-712.97 -491.35 25.12 -712.6 -488.19 25.12 0.37 0x0000FF
-714.44 -495.25 25.12 -712.97 -491.35 25.12 0.185 0x0000FF
-664.18 -413.1 26.94 -665.15 -412.69 27.32 0.185 0x0000FF
-662.58 -413.95 26.94 -664.18 -413.1 26.94 0.185 0x0000FF
-660.01 -415.17 26.94 -662.58 -413.95 26.94 0.185 0x0000FF
-657.92 -416.02 26.86 -660.01 -415.17 26.94 0.185 0x0000FF
-656.33 -416.51 26.79 -657.92 -416.02 26.86 0.185 0x0000FF
-654.98 -417.97 26.79 -656.33 -416.51 26.79 0.185 0x0000FF
-654.0 -419.8 26.79 -654.98 -417.97 26.79 0.185 0x0000FF
-652.03 -420.77 26.79 -654.0 -419.8 26.79 0.185 0x0000FF
-649.33 -421.13 26.79 -652.03 -420.77 26.79 0.185 0x0000FF
-646.51 -422.35 26.79 -649.33 -421.13 26.79 0.185 0x0000FF
-643.8 -423.45 26.79 -646.51 -422.35 26.79 0.185 0x0000FF
-641.12 -424.91 26.79 -643.8 -423.45 26.79 0.185 0x0000FF
-638.04 -427.22 26.71 -641.12 -424.91 26.79 0.185 0x0000FF
-635.47 -428.44 26.71 -638.04 -427.22 26.71 0.185 0x0000FF
-631.91 -429.66 26.71 -635.47 -428.44 26.71 0.185 0x0000FF
-629.22 -430.14 26.71 -631.91 -429.66 26.71 0.185 0x0000FF
-628.11 -430.27 26.71 -629.22 -430.14 26.71 0.185 0x0000FF
-626.03 -431.61 26.71 -628.11 -430.27 26.71 0.185 0x0000FF
-624.3 -433.19 26.71 -626.03 -431.61 26.71 0.185 0x0000FF
-620.75 -437.21 26.71 -624.3 -433.19 26.71 0.185 0x0000FF
-620.14 -442.68 26.71 -620.75 -437.21 26.71 0.185 0x0000FF
-619.89 -444.75 26.71 -620.14 -442.68 26.71 0.185 0x0000FF
-618.79 -447.55 26.71 -619.89 -444.75 26.71 0.185 0x0000FF
-617.8 -449.14 26.71 -618.79 -447.55 26.71 0.185 0x0000FF
-616.83 -450.35 26.71 -617.8 -449.14 26.71 0.185 0x0000FF
-615.23 -453.64 26.71 -616.83 -450.35 26.71 0.185 0x0000FF
-614.74 -456.56 26.71 -615.23 -453.64 26.71 0.185 0x0000FF
-613.64 -458.76 26.71 -614.74 -456.56 26.71 0.185 0x0000FF
-612.41 -460.34 26.71 -613.64 -458.76 26.71 0.185 0x0000FF
-611.3 -461.68 26.71 -612.41 -460.34 26.71 0.185 0x0000FF
-610.69 -463.26 26.71 -611.3 -461.68 26.71 0.185 0x0000FF
-606.66 -468.66 26.71 -610.69 -463.26 26.71 0.185 0x0000FF
-604.34 -471.71 26.71 -606.66 -468.66 26.71 0.185 0x0000FF
-603.11 -474.14 26.03 -604.34 -471.71 26.71 0.185 0x0000FF
-602.87 -474.87 25.88 -603.11 -474.14 26.03 0.185 0x0000FF
-602.62 -475.36 25.19 -602.87 -474.87 25.88 0.185 0x0000FF
-602.5 -476.46 24.82 -602.62 -475.36 25.19 0.185 0x0000FF
-602.5 -477.19 24.74 -602.5 -476.46 24.82 0.185 0x0000FF
-602.25 -478.16 24.36 -602.5 -477.19 24.74 0.185 0x0000FF
-601.03 -480.72 24.36 -602.25 -478.16 24.36 0.185 0x0000FF
-599.79 -483.15 24.36 -601.03 -480.72 24.36 0.185 0x0000FF
-599.05 -485.34 24.36 -599.79 -483.15 24.36 0.185 0x0000FF
-596.24 -490.58 24.36 -599.05 -485.34 24.36 0.185 0x0000FF
-593.29 -494.72 24.36 -596.24 -490.58 24.36 0.185 0x0000FF
-589.25 -499.47 24.36 -593.29 -494.72 24.36 0.185 0x0000FF
-586.91 -501.78 24.36 -589.25 -499.47 24.36 0.185 0x0000FF
-584.71 -503.85 24.36 -586.91 -501.78 24.36 0.185 0x0000FF
-582.99 -505.8 24.36 -584.71 -503.85 24.36 0.185 0x0000FF
-580.41 -508.11 24.36 -582.99 -505.8 24.36 0.185 0x0000FF
-577.47 -510.3 24.36 -580.41 -508.11 24.36 0.185 0x0000FF
-575.27 -511.89 24.36 -577.47 -510.3 24.36 0.185 0x0000FF
-572.2 -514.69 24.36 -575.27 -511.89 24.36 0.185 0x0000FF
-677.03 -397.99 31.78 -664.3 -399.77 24.38 2.575 0x0000FF
-676.91 -398.84 31.78 -677.03 -397.99 31.78 3.005 0x0000FF
-679.85 -397.86 31.78 -676.91 -398.84 31.78 2.39 0x0000FF
-680.71 -397.62 31.78 -679.85 -397.86 31.78 2.39 0x0000FF
-680.83 -397.62 32.54 -680.71 -397.62 31.78 2.39 0x0000FF
-681.45 -397.62 33.07 -680.83 -397.62 32.54 2.39 0x0000FF
-681.82 -397.62 34.06 -681.45 -397.62 33.07 2.39 0x0000FF
-681.94 -397.62 35.19 -681.82 -397.62 34.06 2.39 0x0000FF
-682.8 -397.5 36.18 -681.94 -397.62 35.19 2.39 0x0000FF
-683.04 -397.38 38.36 -682.8 -397.5 36.18 2.39 0x0000FF
-683.78 -397.38 41.33 -683.04 -397.38 38.36 2.39 0x0000FF
-684.51 -397.38 41.56 -683.78 -397.38 41.33 2.39 0x0000FF
-685.25 -397.01 43.9 -684.51 -397.38 41.56 2.39 0x0000FF
-686.23 -396.65 46.78 -685.25 -397.01 43.9 2.39 0x0000FF
-686.35 -396.53 49.13 -686.23 -396.65 46.78 2.39 0x0000FF
-686.84 -396.53 50.34 -686.35 -396.53 49.13 2.39 0x0000FF
-687.58 -396.53 52.16 -686.84 -396.53 50.34 2.39 0x0000FF
-688.07 -396.53 53.15 -687.58 -396.53 52.16 2.39 0x0000FF
-688.81 -396.53 53.98 -688.07 -396.53 53.15 2.39 0x0000FF
-689.42 -396.53 54.43 -688.81 -396.53 53.98 2.39 0x0000FF
-690.28 -396.16 55.34 -689.42 -396.53 54.43 2.39 0x0000FF
-691.63 -395.55 56.48 -690.28 -396.16 55.34 2.39 0x0000FF
-692.61 -395.31 56.78 -691.63 -395.55 56.48 2.39 0x0000FF
-693.1 -395.19 57.62 -692.61 -395.31 56.78 2.39 0x0000FF
-693.47 -395.19 58.22 -693.1 -395.19 57.62 2.39 0x0000FF
-694.82 -395.19 58.75 -693.47 -395.19 58.22 2.39 0x0000FF
-696.54 -395.06 58.83 -694.82 -395.19 58.75 2.39 0x0000FF
-697.88 -394.94 58.75 -696.54 -395.06 58.83 2.39 0x0000FF
-700.09 -394.94 58.75 -697.88 -394.94 58.75 2.39 0x0000FF
-700.58 -394.94 58.75 -700.09 -394.94 58.75 2.39 0x0000FF
-702.42 -394.7 59.43 -700.58 -394.94 58.75 1.84 0x0000FF
-703.65 -394.7 59.81 -702.42 -394.7 59.43 1.84 0x0000FF
-704.14 -394.7 59.96 -703.65 -394.7 59.81 1.84 0x0000FF
-705.98 -394.7 60.27 -704.14 -394.7 59.96 1.595 0x0000FF
-706.96 -394.7 60.8 -705.98 -394.7 60.27 1.595 0x0000FF
-707.33 -394.7 61.55 -706.96 -394.7 60.8 1.595 0x0000FF
-708.07 -394.7 62.16 -707.33 -394.7 61.55 1.595 0x0000FF
-708.56 -394.58 62.69 -708.07 -394.7 62.16 1.595 0x0000FF
-709.05 -394.46 63.37 -708.56 -394.58 62.69 1.595 0x0000FF
-709.66 -394.33 64.13 -709.05 -394.46 63.37 1.595 0x0000FF
-710.03 -394.21 64.28 -709.66 -394.33 64.13 1.595 0x0000FF
-710.77 -394.21 64.89 -710.03 -394.21 64.28 1.595 0x0000FF
-711.26 -394.21 65.56 -710.77 -394.21 64.89 1.595 0x0000FF
-712.11 -394.21 66.4 -711.26 -394.21 65.56 1.595 0x0000FF
-712.61 -393.97 66.93 -712.11 -394.21 66.4 1.595 0x0000FF
-713.71 -393.85 67.45 -712.61 -393.97 66.93 1.595 0x0000FF
-714.57 -393.85 68.22 -713.71 -393.85 67.45 1.595 0x0000FF
-715.67 -393.85 68.3 -714.57 -393.85 68.22 1.595 0x0000FF
-716.78 -393.85 68.98 -715.67 -393.85 68.3 1.595 0x0000FF
-717.63 -393.85 69.51 -716.78 -393.85 68.98 1.595 0x0000FF
-718.62 -393.48 69.58 -717.63 -393.85 69.51 1.595 0x0000FF
-719.23 -393.24 70.8 -718.62 -393.48 69.58 1.595 0x0000FF
-719.84 -393.12 71.4 -719.23 -393.24 70.8 1.595 0x0000FF
-720.58 -392.99 72.69 -719.84 -393.12 71.4 1.595 0x0000FF
-720.7 -390.56 73.14 -720.58 -392.99 72.69 0.735 0x0000FF
-720.7 -390.07 73.52 -720.7 -390.56 73.14 0.735 0x0000FF
-720.7 -389.34 73.9 -720.7 -390.07 73.52 0.735 0x0000FF
-721.44 -387.64 74.36 -720.7 -389.34 73.9 0.735 0x0000FF
-722.05 -386.18 74.66 -721.44 -387.64 74.36 0.735 0x0000FF
-722.79 -385.2 75.27 -722.05 -386.18 74.66 0.735 0x0000FF
-723.52 -383.86 75.56 -722.79 -385.2 75.27 0.735 0x0000FF
-724.14 -382.28 75.95 -723.52 -383.86 75.56 0.735 0x0000FF
-724.14 -380.94 76.09 -724.14 -382.28 75.95 0.735 0x0000FF
-724.14 -379.85 76.4 -724.14 -380.94 76.09 0.735 0x0000FF
-724.01 -378.02 76.4 -724.14 -379.85 76.4 0.735 0x0000FF
-723.77 -375.83 76.4 -724.01 -378.02 76.4 0.735 0x0000FF
-723.77 -373.51 76.4 -723.77 -375.83 76.4 0.735 0x0000FF
-723.65 -371.93 76.4 -723.77 -373.51 76.4 0.735 0x0000FF
-722.91 -369.62 76.4 -723.65 -371.93 76.4 0.735 0x0000FF
-722.05 -368.04 76.4 -722.91 -369.62 76.4 0.735 0x0000FF
-721.56 -366.57 76.4 -722.05 -368.04 76.4 0.735 0x0000FF
-721.19 -365.24 76.4 -721.56 -366.57 76.4 0.735 0x0000FF
-720.09 -363.41 76.4 -721.19 -365.24 76.4 0.735 0x0000FF
-719.84 -362.56 76.4 -720.09 -363.41 76.4 0.735 0x0000FF
-719.84 -361.1 76.09 -719.84 -362.56 76.4 0.735 0x0000FF
-719.84 -360.24 75.95 -719.84 -361.1 76.09 0.735 0x0000FF
-719.23 -359.03 75.42 -719.84 -360.24 75.95 0.735 0x0000FF
-719.23 -357.69 74.51 -719.23 -359.03 75.42 0.735 0x0000FF
-719.11 -356.96 74.13 -719.23 -357.69 74.51 0.735 0x0000FF
-718.98 -356.35 73.9 -719.11 -356.96 74.13 0.735 0x0000FF
-718.62 -355.74 73.14 -718.98 -356.35 73.9 0.735 0x0000FF
-717.88 -354.03 73.06 -718.62 -355.74 73.14 0.43 0x0000FF
-717.51 -353.3 72.98 -717.88 -354.03 73.06 0.43 0x0000FF
-716.9 -352.33 72.45 -717.51 -353.3 72.98 0.43 0x0000FF
-716.53 -350.99 72.16 -716.9 -352.33 72.45 0.43 0x0000FF
-715.06 -348.8 72.08 -716.53 -350.99 72.16 0.43 0x0000FF
-714.94 -347.95 71.55 -715.06 -348.8 72.08 0.43 0x0000FF
-714.32 -346.36 71.48 -714.94 -347.95 71.55 0.43 0x0000FF
-713.22 -345.15 71.48 -714.32 -346.36 71.48 0.43 0x0000FF
-712.38 -344.21 71.4 -713.22 -345.15 71.48 0.43 0x0000FF
-711.89 -343.23 71.02 -712.38 -344.21 71.4 0.43 0x0000FF
-711.65 -342.75 70.64 -711.89 -343.23 71.02 0.43 0x0000FF
-711.65 -342.38 70.48 -711.65 -342.75 70.64 0.43 0x0000FF
-711.03 -341.41 70.11 -711.65 -342.38 70.48 0.43 0x0000FF
-710.17 -340.19 69.66 -711.03 -341.41 70.11 0.43 0x0000FF
-709.81 -338.73 69.58 -710.17 -340.19 69.66 0.43 0x0000FF
-709.68 -337.15 69.28 -709.81 -338.73 69.58 0.43 0x0000FF
-708.09 -334.35 69.28 -709.68 -337.15 69.28 0.43 0x0000FF
-707.23 -333.62 69.2 -708.09 -334.35 69.28 0.43 0x0000FF
-706.0 -332.64 69.2 -707.23 -333.62 69.2 0.43 0x0000FF
-704.65 -331.3 69.2 -706.0 -332.64 69.2 0.43 0x0000FF
-703.55 -329.23 69.2 -704.65 -331.3 69.2 0.43 0x0000FF
-703.3 -327.41 69.2 -703.55 -329.23 69.2 0.43 0x0000FF
-703.18 -326.31 69.2 -703.3 -327.41 69.2 0.43 0x0000FF
-703.18 -325.94 68.45 -703.18 -326.31 69.2 0.43 0x0000FF
-703.18 -324.73 67.92 -703.18 -325.94 68.45 0.43 0x0000FF
-703.18 -323.88 67.39 -703.18 -324.73 67.92 0.43 0x0000FF
-703.43 -323.14 67.16 -703.18 -323.88 67.39 0.43 0x0000FF
-703.92 -322.54 66.93 -703.43 -323.14 67.16 0.43 0x0000FF
-704.9 -321.2 66.63 -703.92 -322.54 66.93 0.43 0x0000FF
-705.88 -320.1 66.63 -704.9 -321.2 66.63 0.43 0x0000FF
-706.98 -316.69 66.25 -705.88 -320.1 66.63 0.43 0x0000FF
-707.6 -315.6 65.64 -706.98 -316.69 66.25 0.43 0x0000FF
-707.6 -314.38 65.56 -707.6 -315.6 65.64 0.43 0x0000FF
-707.6 -313.27 65.04 -707.6 -314.38 65.56 0.43 0x0000FF
-707.84 -310.97 64.73 -707.6 -313.27 65.04 0.43 0x0000FF
-708.21 -309.02 64.66 -707.84 -310.97 64.73 0.43 0x0000FF
-708.58 -307.2 65.42 -708.21 -309.02 64.66 0.43 0x0000FF
-709.19 -305.86 65.42 -708.58 -307.2 65.42 0.43 0x0000FF
-709.93 -304.14 66.02 -709.19 -305.86 65.42 0.43 0x0000FF
-710.42 -302.93 66.63 -709.93 -304.14 66.02 0.43 0x0000FF
-711.4 -301.58 67.23 -710.42 -302.93 66.63 0.43 0x0000FF
-711.89 -300.5 67.77 -711.4 -301.58 67.23 0.43 0x0000FF
-712.26 -298.43 67.77 -711.89 -300.5 67.77 0.43 0x0000FF
-712.5 -296.36 67.84 -712.26 -298.43 67.77 0.43 0x0000FF
-713.53 -292.88 67.98 -712.5 -296.36 67.84 0.43 0x0000FF
-714.02 -292.02 68.59 -713.53 -292.88 67.98 0.43 0x0000FF
-714.39 -291.42 68.9 -714.02 -292.02 68.59 0.43 0x0000FF
-714.51 -290.08 69.43 -714.39 -291.42 68.9 0.43 0x0000FF
-714.63 -289.22 70.04 -714.51 -290.08 69.43 0.43 0x0000FF
-714.63 -288.49 70.48 -714.63 -289.22 70.04 0.43 0x0000FF
-715.49 -286.42 70.87 -714.63 -288.49 70.48 0.43 0x0000FF
-715.98 -285.45 71.4 -715.49 -286.42 70.87 0.43 0x0000FF
-716.84 -284.23 71.93 -715.98 -285.45 71.4 0.43 0x0000FF
-717.82 -283.38 72.16 -716.84 -284.23 71.93 0.43 0x0000FF
-718.56 -282.77 72.45 -717.82 -283.38 72.16 0.43 0x0000FF
-719.17 -282.64 72.92 -718.56 -282.77 72.45 0.43 0x0000FF
-719.54 -282.64 73.3 -719.17 -282.64 72.92 0.43 0x0000FF
-720.28 -282.52 73.75 -719.54 -282.64 73.3 0.43 0x0000FF
-721.01 -282.41 73.9 -720.28 -282.52 73.75 0.43 0x0000FF
-721.99 -282.41 74.28 -721.01 -282.41 73.9 0.43 0x0000FF
-722.61 -282.41 74.73 -721.99 -282.41 74.28 0.43 0x0000FF
-725.31 -281.55 74.81 -722.61 -282.41 74.73 0.245 0x0000FF
-727.39 -281.07 74.81 -725.31 -281.55 74.81 0.245 0x0000FF
-728.25 -280.58 74.81 -727.39 -281.07 74.81 0.245 0x0000FF
-722.2 -392.32 72.92 -720.58 -392.99 72.69 1.47 0x0000FF
-723.18 -392.32 72.45 -722.2 -392.32 72.92 1.47 0x0000FF
-723.8 -392.32 72.16 -723.18 -392.32 72.45 1.47 0x0000FF
-724.17 -392.32 71.55 -723.8 -392.32 72.16 1.47 0x0000FF
-724.53 -392.32 71.02 -724.17 -392.32 71.55 1.47 0x0000FF
-725.15 -392.32 70.72 -724.53 -392.32 71.02 1.47 0x0000FF
-725.88 -392.32 70.19 -725.15 -392.32 70.72 1.47 0x0000FF
-726.62 -391.96 69.51 -725.88 -392.32 70.19 1.47 0x0000FF
-728.58 -391.59 69.13 -726.62 -391.96 69.51 1.47 0x0000FF
-729.93 -391.47 69.58 -728.58 -391.59 69.13 1.47 0x0000FF
-731.16 -391.47 70.04 -729.93 -391.47 69.58 1.47 0x0000FF
-732.02 -391.47 70.64 -731.16 -391.47 70.04 1.47 0x0000FF
-733.24 -391.47 71.02 -732.02 -391.47 70.64 1.47 0x0000FF
-734.47 -391.47 71.55 -733.24 -391.47 71.02 1.47 0x0000FF
-736.92 -391.47 72.23 -734.47 -391.47 71.55 1.84 0x0000FF
-738.52 -391.22 72.84 -736.92 -391.47 72.23 1.84 0x0000FF
-739.25 -390.86 72.84 -738.52 -391.22 72.84 1.84 0x0000FF
-740.24 -388.79 72.84 -739.25 -390.86 72.84 0.795 0x0000FF
-740.97 -387.82 73.45 -740.24 -388.79 72.84 0.795 0x0000FF
-741.46 -387.33 73.9 -740.97 -387.82 73.45 0.795 0x0000FF
-742.2 -386.23 74.36 -741.46 -387.33 73.9 0.795 0x0000FF
-743.06 -385.26 75.04 -742.2 -386.23 74.36 0.795 0x0000FF
-743.79 -384.41 75.48 -743.06 -385.26 75.04 0.795 0x0000FF
-744.04 -383.92 75.95 -743.79 -384.41 75.48 0.795 0x0000FF
-744.65 -382.34 76.09 -744.04 -383.92 75.95 0.795 0x0000FF
-745.88 -380.27 76.78 -744.65 -382.34 76.09 0.795 0x0000FF
-746.86 -378.93 77.23 -745.88 -380.27 76.78 0.795 0x0000FF
-747.6 -376.61 77.61 -746.86 -378.93 77.23 0.795 0x0000FF
-748.45 -375.15 78.06 -747.6 -376.61 77.61 0.795 0x0000FF
-749.31 -374.3 78.59 -748.45 -375.15 78.06 0.795 0x0000FF
-749.8 -373.81 79.13 -749.31 -374.3 78.59 0.795 0x0000FF
-750.78 -372.35 79.13 -749.8 -373.81 79.13 0.795 0x0000FF
-752.01 -368.7 79.2 -750.78 -372.35 79.13 0.795 0x0000FF
-753.24 -366.75 79.51 -752.01 -368.7 79.2 0.795 0x0000FF
-753.97 -365.9 79.51 -753.24 -366.75 79.51 0.795 0x0000FF
-756.06 -364.44 79.73 -753.97 -365.9 79.51 0.55 0x0000FF
-757.04 -363.71 79.95 -756.06 -364.44 79.73 0.55 0x0000FF
-758.51 -362.74 80.11 -757.04 -363.71 79.95 0.55 0x0000FF
-759.74 -361.52 80.48 -758.51 -362.74 80.11 0.55 0x0000FF
-760.35 -360.42 80.48 -759.74 -361.52 80.48 0.55 0x0000FF
-761.7 -358.72 80.56 -760.35 -360.42 80.48 0.55 0x0000FF
-762.32 -357.62 80.64 -761.7 -358.72 80.56 0.55 0x0000FF
-763.17 -356.53 81.09 -762.32 -357.62 80.64 0.55 0x0000FF
-764.16 -354.46 81.33 -763.17 -356.53 81.09 0.55 0x0000FF
-765.14 -353.48 81.33 -764.16 -354.46 81.33 0.55 0x0000FF
-766.12 -352.39 81.48 -765.14 -353.48 81.33 0.55 0x0000FF
-767.84 -349.95 81.78 -766.12 -352.39 81.48 0.55 0x0000FF
-768.94 -348.49 81.78 -767.84 -349.95 81.78 0.55 0x0000FF
-770.04 -348.25 81.78 -768.94 -348.49 81.78 0.55 0x0000FF
-771.52 -345.93 81.78 -770.04 -348.25 81.78 0.55 0x0000FF
-772.5 -344.23 81.78 -771.52 -345.93 81.78 0.55 0x0000FF
-773.6 -341.92 81.78 -772.5 -344.23 81.78 0.55 0x0000FF
-774.41 -339.73 81.86 -773.6 -341.92 81.78 0.43 0x0000FF
-775.76 -337.91 82.31 -774.41 -339.73 81.86 0.43 0x0000FF
-776.49 -336.81 82.61 -775.76 -337.91 82.31 0.43 0x0000FF
-777.6 -335.47 82.92 -776.49 -336.81 82.61 0.43 0x0000FF
-778.21 -334.74 83.29 -777.6 -335.47 82.92 0.43 0x0000FF
-778.7 -334.13 83.37 -778.21 -334.74 83.29 0.43 0x0000FF
-780.17 -332.67 83.67 -778.7 -334.13 83.37 0.43 0x0000FF
-781.52 -331.45 83.67 -780.17 -332.67 83.67 0.43 0x0000FF
-782.5 -330.36 83.07 -781.52 -331.45 83.67 0.43 0x0000FF
-783.49 -329.51 82.99 -782.5 -330.36 83.07 0.43 0x0000FF
-784.71 -328.41 82.31 -783.49 -329.51 82.99 0.43 0x0000FF
-786.55 -327.31 81.78 -784.71 -328.41 82.31 0.43 0x0000FF
-787.41 -327.07 81.55 -786.55 -327.31 81.78 0.43 0x0000FF
-789.13 -326.7 80.79 -787.41 -327.07 81.55 0.43 0x0000FF
-791.09 -325.98 80.19 -789.13 -326.7 80.79 0.43 0x0000FF
-791.58 -325.61 80.11 -791.09 -325.98 80.19 0.43 0x0000FF
-792.44 -325.12 79.43 -791.58 -325.61 80.11 0.43 0x0000FF
-792.93 -324.76 79.13 -792.44 -325.12 79.43 0.43 0x0000FF
-793.79 -323.66 78.67 -792.93 -324.76 79.13 0.43 0x0000FF
-794.77 -322.69 77.92 -793.79 -323.66 78.67 0.43 0x0000FF
-796.0 -320.86 77.54 -794.77 -322.69 77.92 0.43 0x0000FF
-796.49 -320.38 77.08 -796.0 -320.86 77.54 0.43 0x0000FF
-796.86 -320.01 76.4 -796.49 -320.38 77.08 0.43 0x0000FF
-797.35 -319.64 75.72 -796.86 -320.01 76.4 0.43 0x0000FF
-797.72 -319.27 75.64 -797.35 -319.64 75.72 0.43 0x0000FF
-798.57 -318.43 75.64 -797.72 -319.27 75.64 0.43 0x0000FF
-799.92 -317.08 75.19 -798.57 -318.43 75.64 0.185 0x0000FF
-800.78 -316.48 74.73 -799.92 -317.08 75.19 0.185 0x0000FF
-801.27 -316.11 74.36 -800.78 -316.48 74.73 0.185 0x0000FF
-803.11 -315.02 74.36 -801.27 -316.11 74.36 0.185 0x0000FF
-804.22 -314.17 74.36 -803.11 -315.02 74.36 0.185 0x0000FF
-805.44 -313.19 74.05 -804.22 -314.17 74.36 0.185 0x0000FF
-740.8 -391.23 72.92 -739.25 -390.86 72.84 1.715 0x0000FF
-742.02 -391.36 72.92 -740.8 -391.23 72.92 1.715 0x0000FF
-742.76 -392.09 72.92 -742.02 -391.36 72.92 2.085 0x0000FF
-744.48 -392.21 72.92 -742.76 -392.09 72.92 2.085 0x0000FF
-746.19 -391.48 72.92 -744.48 -392.21 72.92 1.35 0x0000FF
-747.54 -391.11 72.92 -746.19 -391.48 72.92 1.35 0x0000FF
-748.28 -390.99 72.69 -747.54 -391.11 72.92 1.35 0x0000FF
-749.02 -390.87 72.61 -748.28 -390.99 72.69 1.35 0x0000FF
-751.47 -390.38 72.61 -749.02 -390.87 72.61 1.35 0x0000FF
-752.08 -388.92 72.61 -751.47 -390.38 72.61 0.49 0x0000FF
-752.08 -388.56 72.31 -752.08 -388.92 72.61 0.49 0x0000FF
-752.45 -387.83 72.16 -752.08 -388.56 72.31 0.49 0x0000FF
-752.94 -386.85 71.7 -752.45 -387.83 72.16 0.49 0x0000FF
-753.31 -386.0 71.63 -752.94 -386.85 71.7 0.49 0x0000FF
-753.8 -385.15 71.25 -753.31 -386.0 71.63 0.49 0x0000FF
-754.54 -383.81 70.95 -753.8 -385.15 71.25 0.49 0x0000FF
-755.15 -382.83 70.87 -754.54 -383.81 70.95 0.49 0x0000FF
-756.87 -381.37 70.64 -755.15 -382.83 70.87 0.49 0x0000FF
-757.97 -380.4 70.64 -756.87 -381.37 70.64 0.49 0x0000FF
-758.71 -379.18 70.56 -757.97 -380.4 70.64 0.49 0x0000FF
-759.44 -378.21 70.27 -758.71 -379.18 70.56 0.49 0x0000FF
-760.06 -377.35 70.27 -759.44 -378.21 70.27 0.49 0x0000FF
-760.91 -376.26 70.27 -760.06 -377.35 70.27 0.49 0x0000FF
-762.02 -374.92 70.19 -760.91 -376.26 70.27 0.49 0x0000FF
-763.98 -373.95 69.89 -762.02 -374.92 70.19 0.49 0x0000FF
-765.33 -372.97 69.36 -763.98 -373.95 69.89 0.49 0x0000FF
-766.07 -372.24 69.28 -765.33 -372.97 69.36 0.49 0x0000FF
-766.56 -371.75 68.83 -766.07 -372.24 69.28 0.49 0x0000FF
-767.42 -370.9 68.37 -766.56 -371.75 68.83 0.49 0x0000FF
-767.78 -370.66 68.3 -767.42 -370.9 68.37 0.49 0x0000FF
-768.03 -370.29 68.3 -767.78 -370.66 68.3 0.49 0x0000FF
-769.38 -371.51 68.22 -768.03 -370.29 68.3 0.245 0x0000FF
-769.75 -371.39 68.22 -769.38 -371.51 68.22 0.245 0x0000FF
-770.48 -371.15 68.22 -769.75 -371.39 68.22 0.245 0x0000FF
-771.22 -370.9 68.22 -770.48 -371.15 68.22 0.245 0x0000FF
-772.32 -370.05 68.22 -771.22 -370.9 68.22 0.245 0x0000FF
-773.06 -369.08 67.98 -772.32 -370.05 68.22 0.245 0x0000FF
-773.92 -367.98 67.77 -773.06 -369.08 67.98 0.245 0x0000FF
-774.9 -367.01 67.23 -773.92 -367.98 67.77 0.245 0x0000FF
-775.76 -366.52 66.93 -774.9 -367.01 67.23 0.245 0x0000FF
-777.35 -365.54 66.7 -775.76 -366.52 66.93 0.245 0x0000FF
-778.82 -364.94 66.48 -777.35 -365.54 66.7 0.245 0x0000FF
-779.68 -364.45 66.09 -778.82 -364.94 66.48 0.245 0x0000FF
-780.3 -363.84 66.02 -779.68 -364.45 66.09 0.245 0x0000FF
-781.03 -362.99 66.02 -780.3 -363.84 66.02 0.245 0x0000FF
-781.77 -362.38 66.02 -781.03 -362.99 66.02 0.245 0x0000FF
-782.38 -361.77 65.42 -781.77 -362.38 66.02 0.245 0x0000FF
-782.75 -361.41 65.34 -782.38 -361.77 65.42 0.245 0x0000FF
-783.49 -360.92 65.34 -782.75 -361.41 65.34 0.245 0x0000FF
-784.34 -360.31 65.34 -783.49 -360.92 65.34 0.245 0x0000FF
-785.33 -359.94 65.34 -784.34 -360.31 65.34 0.245 0x0000FF
-771.95 -372.12 67.98 -771.22 -370.9 68.22 0.245 0x0000FF
-772.69 -372.0 67.98 -771.95 -372.12 67.98 0.245 0x0000FF
-774.04 -373.58 67.98 -772.69 -372.0 67.98 0.245 0x0000FF
-774.65 -374.43 67.98 -774.04 -373.58 67.98 0.245 0x0000FF
-775.76 -375.53 67.98 -774.65 -374.43 67.98 0.245 0x0000FF
-776.86 -376.02 67.98 -775.76 -375.53 67.98 0.245 0x0000FF
-778.46 -376.38 68.06 -776.86 -376.02 67.98 0.245 0x0000FF
-779.68 -376.5 68.06 -778.46 -376.38 68.06 0.245 0x0000FF
-781.28 -376.99 68.06 -779.68 -376.5 68.06 0.245 0x0000FF
-782.99 -377.84 68.06 -781.28 -376.99 68.06 0.245 0x0000FF
-784.84 -378.08 68.06 -782.99 -377.84 68.06 0.245 0x0000FF
-787.29 -377.96 68.06 -784.84 -378.08 68.06 0.245 0x0000FF
-768.64 -369.32 68.3 -768.03 -370.29 68.3 0.615 0x0000FF
-769.38 -367.61 68.22 -768.64 -369.32 68.3 0.615 0x0000FF
-769.75 -367.01 67.98 -769.38 -367.61 68.22 0.615 0x0000FF
-769.99 -365.91 67.45 -769.75 -367.01 67.98 0.615 0x0000FF
-770.36 -365.06 67.01 -769.99 -365.91 67.45 0.615 0x0000FF
-770.61 -364.57 66.78 -770.36 -365.06 67.01 0.615 0x0000FF
-770.73 -364.21 66.25 -770.61 -364.57 66.78 0.615 0x0000FF
-770.97 -363.47 65.04 -770.73 -364.21 66.25 0.615 0x0000FF
-771.71 -361.89 65.04 -770.97 -363.47 65.04 0.615 0x0000FF
-771.83 -360.92 64.73 -771.71 -361.89 65.04 0.43 0x0000FF
-772.57 -359.58 64.2 -771.83 -360.92 64.73 0.43 0x0000FF
-772.94 -358.97 63.52 -772.57 -359.58 64.2 0.43 0x0000FF
-773.3 -358.36 63.15 -772.94 -358.97 63.52 0.43 0x0000FF
-773.92 -357.87 62.54 -773.3 -358.36 63.15 0.43 0x0000FF
-774.9 -356.66 61.1 -773.92 -357.87 62.54 0.43 0x0000FF
-776.74 -355.8 60.34 -774.9 -356.66 61.1 0.185 0x0000FF
-777.35 -355.56 60.12 -776.74 -355.8 60.34 0.185 0x0000FF
-778.09 -355.2 59.58 -777.35 -355.56 60.12 0.185 0x0000FF
-778.7 -354.59 58.75 -778.09 -355.2 59.58 0.185 0x0000FF
-779.56 -353.86 58.6 -778.7 -354.59 58.75 0.185 0x0000FF
-780.54 -353.0 58.07 -779.56 -353.86 58.6 0.185 0x0000FF
-781.65 -352.03 57.46 -780.54 -353.0 58.07 0.185 0x0000FF
-782.5 -351.18 56.93 -781.65 -352.03 57.46 0.185 0x0000FF
-783.49 -350.45 56.55 -782.5 -351.18 56.93 0.185 0x0000FF
-784.84 -349.6 56.4 -783.49 -350.45 56.55 0.185 0x0000FF
-789.5 -348.13 55.42 -784.84 -349.6 56.4 0.185 0x0000FF
-791.21 -347.77 55.19 -789.5 -348.13 55.42 0.185 0x0000FF
-791.7 -347.4 54.59 -791.21 -347.77 55.19 0.185 0x0000FF
-793.91 -346.31 54.51 -791.7 -347.4 54.59 0.185 0x0000FF
-795.14 -345.82 53.98 -793.91 -346.31 54.51 0.185 0x0000FF
-796.98 -345.46 53.75 -795.14 -345.82 53.98 0.185 0x0000FF
-799.31 -344.6 53.6 -796.98 -345.46 53.75 0.185 0x0000FF
-802.62 -343.87 52.99 -799.31 -344.6 53.6 0.185 0x0000FF
-805.57 -342.66 52.92 -802.62 -343.87 52.99 0.185 0x0000FF
-806.55 -342.17 52.39 -805.57 -342.66 52.92 0.185 0x0000FF
-808.02 -341.68 52.24 -806.55 -342.17 52.39 0.185 0x0000FF
-810.47 -341.32 51.63 -808.02 -341.68 52.24 0.185 0x0000FF
-811.7 -341.07 51.56 -810.47 -341.32 51.63 0.185 0x0000FF
-812.93 -340.71 50.87 -811.7 -341.07 51.56 0.185 0x0000FF
-813.54 -340.46 50.42 -812.93 -340.71 50.87 0.185 0x0000FF
-815.26 -340.22 50.12 -813.54 -340.46 50.42 0.185 0x0000FF
-817.22 -339.86 49.59 -815.26 -340.22 50.12 0.185 0x0000FF
-820.29 -339.25 49.13 -817.22 -339.86 49.59 0.185 0x0000FF
-821.39 -338.76 48.9 -820.29 -339.25 49.13 0.185 0x0000FF
-822.62 -338.03 48.9 -821.39 -338.76 48.9 0.185 0x0000FF
-822.99 -337.91 48.9 -822.62 -338.03 48.9 0.185 0x0000FF
-825.32 -337.18 48.9 -822.99 -337.91 48.9 0.185 0x0000FF
-826.79 -336.57 48.9 -825.32 -337.18 48.9 0.185 0x0000FF
-827.77 -336.45 48.9 -826.79 -336.57 48.9 0.185 0x0000FF
-752.94 -390.99 71.63 -751.47 -390.38 72.61 0.86 0x0000FF
-753.43 -391.23 71.63 -752.94 -390.99 71.63 0.86 0x0000FF
-754.66 -391.36 71.63 -753.43 -391.23 71.63 0.86 0x0000FF
-755.64 -391.36 71.63 -754.66 -391.36 71.63 0.86 0x0000FF
-757.23 -391.36 71.63 -755.64 -391.36 71.63 0.86 0x0000FF
-758.09 -391.36 71.55 -757.23 -391.36 71.63 0.86 0x0000FF
-759.07 -391.11 71.4 -758.09 -391.36 71.55 0.86 0x0000FF
-760.18 -391.11 70.95 -759.07 -391.11 71.4 0.86 0x0000FF
-760.67 -390.99 70.56 -760.18 -391.11 70.95 0.86 0x0000FF
-761.65 -390.63 70.42 -760.67 -390.99 70.56 0.86 0x0000FF
-762.39 -390.5 70.04 -761.65 -390.63 70.42 0.86 0x0000FF
-763.98 -390.26 69.73 -762.39 -390.5 70.04 0.86 0x0000FF
-764.72 -389.89 70.34 -763.98 -390.26 69.73 0.86 0x0000FF
-765.45 -389.53 70.72 -764.72 -389.89 70.34 0.86 0x0000FF
-766.43 -389.53 71.09 -765.45 -389.53 70.72 0.86 0x0000FF
-766.93 -389.29 71.63 -766.43 -389.53 71.09 0.86 0x0000FF
-767.91 -388.8 71.93 -766.93 -389.29 71.63 0.86 0x0000FF
-768.89 -388.31 72.39 -767.91 -388.8 71.93 0.86 0x0000FF
-769.87 -387.7 72.69 -768.89 -388.31 72.39 0.86 0x0000FF
-771.1 -387.22 72.92 -769.87 -387.7 72.69 0.86 0x0000FF
-771.95 -387.22 73.14 -771.1 -387.22 72.92 0.86 0x0000FF
-773.43 -387.09 73.45 -771.95 -387.22 73.14 0.86 0x0000FF
-774.16 -386.85 73.83 -773.43 -387.09 73.45 0.86 0x0000FF
-775.51 -386.0 74.05 -774.16 -386.85 73.83 0.86 0x0000FF
-776.13 -385.88 74.51 -775.51 -386.0 74.05 0.86 0x0000FF
-777.84 -385.76 74.58 -776.13 -385.88 74.51 0.86 0x0000FF
-780.66 -385.63 75.19 -777.84 -385.76 74.58 0.86 0x0000FF
-782.63 -385.39 75.42 -780.66 -385.63 75.19 0.86 0x0000FF
-784.59 -385.02 75.64 -782.63 -385.39 75.42 0.675 0x0000FF
-786.06 -384.78 75.64 -784.59 -385.02 75.64 0.675 0x0000FF
-786.55 -384.66 76.17 -786.06 -384.78 75.64 0.675 0x0000FF
-787.66 -384.42 76.17 -786.55 -384.66 76.17 0.675 0x0000FF
-790.11 -383.93 76.48 -787.66 -384.42 76.17 0.675 0x0000FF
-791.58 -383.2 76.7 -790.11 -383.93 76.48 0.675 0x0000FF
-792.69 -382.83 77.08 -791.58 -383.2 76.7 0.675 0x0000FF
-793.79 -382.59 77.69 -792.69 -382.83 77.08 0.43 0x0000FF
-794.77 -382.47 78.22 -793.79 -382.59 77.69 0.43 0x0000FF
-796.49 -381.98 78.22 -794.77 -382.47 78.22 0.43 0x0000FF
-796.98 -381.86 78.75 -796.49 -381.98 78.22 0.43 0x0000FF
-797.96 -381.37 78.98 -796.98 -381.86 78.75 0.43 0x0000FF
-798.45 -381.13 79.2 -797.96 -381.37 78.98 0.43 0x0000FF
-801.15 -379.91 79.73 -798.45 -381.13 79.2 0.43 0x0000FF
-802.13 -379.55 79.73 -801.15 -379.91 79.73 0.43 0x0000FF
-803.73 -379.18 80.11 -802.13 -379.55 79.73 0.43 0x0000FF
-804.46 -379.18 80.48 -803.73 -379.18 80.11 0.43 0x0000FF
-806.18 -378.94 80.87 -804.46 -379.18 80.48 0.43 0x0000FF
-806.92 -378.69 81.4 -806.18 -378.94 80.87 0.43 0x0000FF
-808.02 -377.96 81.93 -806.92 -378.69 81.4 0.43 0x0000FF
-809.49 -377.11 82.01 -808.02 -377.96 81.93 0.43 0x0000FF
-810.11 -376.38 82.61 -809.49 -377.11 82.01 0.43 0x0000FF
-810.72 -375.77 83.14 -810.11 -376.38 82.61 0.43 0x0000FF
-811.33 -375.28 83.29 -810.72 -375.77 83.14 0.43 0x0000FF
-812.07 -373.82 83.9 -811.33 -375.28 83.29 0.305 0x0000FF
-812.44 -372.73 84.05 -812.07 -373.82 83.9 0.305 0x0000FF
-813.79 -370.78 84.66 -812.44 -372.73 84.05 0.305 0x0000FF
-814.77 -368.95 84.96 -813.79 -370.78 84.66 0.305 0x0000FF
-816.36 -367.13 85.26 -814.77 -368.95 84.96 0.305 0x0000FF
-817.71 -365.54 85.64 -816.36 -367.13 85.26 0.305 0x0000FF
-820.16 -363.72 85.87 -817.71 -365.54 85.64 0.305 0x0000FF
-821.27 -362.74 86.1 -820.16 -363.72 85.87 0.305 0x0000FF
-823.11 -361.53 86.48 -821.27 -362.74 86.1 0.305 0x0000FF
-825.56 -360.19 87.01 -823.11 -361.53 86.48 0.305 0x0000FF
-826.42 -359.58 87.46 -825.56 -360.19 87.01 0.305 0x0000FF
-827.4 -358.97 87.54 -826.42 -359.58 87.46 0.305 0x0000FF
-827.77 -358.48 87.76 -827.4 -358.97 87.54 0.305 0x0000FF
-830.35 -357.39 87.99 -827.77 -358.48 87.76 0.305 0x0000FF
-831.2 -356.41 88.07 -830.35 -357.39 87.99 0.305 0x0000FF
-831.69 -355.68 87.39 -831.2 -356.41 88.07 0.305 0x0000FF
-832.68 -354.47 87.08 -831.69 -355.68 87.39 0.305 0x0000FF
-833.78 -353.49 86.48 -832.68 -354.47 87.08 0.305 0x0000FF
-835.25 -352.4 85.95 -833.78 -353.49 86.48 0.305 0x0000FF
-835.99 -351.66 85.64 -835.25 -352.4 85.95 0.305 0x0000FF
-837.09 -350.81 85.11 -835.99 -351.66 85.64 0.305 0x0000FF
-838.07 -350.08 84.81 -837.09 -350.81 85.11 0.305 0x0000FF
-839.18 -349.47 84.28 -838.07 -350.08 84.81 0.305 0x0000FF
-839.91 -348.74 84.13 -839.18 -349.47 84.28 0.305 0x0000FF
-840.65 -348.13 84.05 -839.91 -348.74 84.13 0.305 0x0000FF
-841.63 -346.79 84.05 -840.65 -348.13 84.05 0.305 0x0000FF
-811.95 -375.16 83.22 -811.33 -375.28 83.29 0.55 0x0000FF
-812.19 -374.8 83.22 -811.95 -375.16 83.22 0.55 0x0000FF
-813.79 -373.34 82.61 -812.19 -374.8 83.22 0.55 0x0000FF
-815.13 -372.73 82.16 -813.79 -373.34 82.61 0.55 0x0000FF
-815.99 -372.36 81.78 -815.13 -372.73 82.16 0.55 0x0000FF
-817.1 -371.75 81.55 -815.99 -372.36 81.78 0.55 0x0000FF
-818.32 -371.15 81.7 -817.1 -371.75 81.55 0.55 0x0000FF
-819.31 -370.78 82.01 -818.32 -371.15 81.7 0.55 0x0000FF
-819.92 -370.54 82.54 -819.31 -370.78 82.01 0.55 0x0000FF
-820.53 -370.17 83.07 -819.92 -370.54 82.54 0.55 0x0000FF
-821.64 -369.93 83.45 -820.53 -370.17 83.07 0.55 0x0000FF
-822.25 -369.81 83.9 -821.64 -369.93 83.45 0.55 0x0000FF
-823.35 -369.81 84.05 -822.25 -369.81 83.9 0.55 0x0000FF
-823.84 -369.81 84.58 -823.35 -369.81 84.05 0.55 0x0000FF
-825.19 -369.81 85.04 -823.84 -369.81 84.58 0.55 0x0000FF
-826.79 -369.81 85.79 -825.19 -369.81 85.04 0.55 0x0000FF
-827.4 -369.81 86.17 -826.79 -369.81 85.79 0.55 0x0000FF
-828.75 -369.56 86.78 -827.4 -369.81 86.17 0.55 0x0000FF
-830.96 -368.59 86.93 -828.75 -369.56 86.78 0.37 0x0000FF
-832.55 -367.86 87.31 -830.96 -368.59 86.93 0.37 0x0000FF
-833.66 -367.37 87.61 -832.55 -367.86 87.31 0.37 0x0000FF
-835.13 -366.76 87.76 -833.66 -367.37 87.61 0.37 0x0000FF
-836.48 -366.76 88.37 -835.13 -366.76 87.76 0.37 0x0000FF
-838.2 -366.88 88.45 -836.48 -366.76 88.37 0.37 0x0000FF
-840.28 -366.88 88.52 -838.2 -366.88 88.45 0.37 0x0000FF
-841.51 -367.37 88.67 -840.28 -366.88 88.52 0.37 0x0000FF
-844.82 -368.1 88.82 -841.51 -367.37 88.67 0.37 0x0000FF
-846.05 -368.1 88.98 -844.82 -368.1 88.82 0.37 0x0000FF
-847.27 -368.1 89.28 -846.05 -368.1 88.98 0.37 0x0000FF
-848.5 -367.37 89.35 -847.27 -368.1 89.28 0.37 0x0000FF
