-35.61 -14.74 82.54 -23.34 -10.68 77.99 1.825 0x0000FF
-37.61 -14.74 82.31 -35.61 -14.74 82.54 1.825 0x0000FF
-39.26 -14.92 81.63 -37.61 -14.74 82.31 1.825 0x0000FF
-41.09 -15.28 81.33 -39.26 -14.92 81.63 1.825 0x0000FF
-42.18 -15.47 81.33 -41.09 -15.28 81.33 1.825 0x0000FF
-45.0 -20.78 82.08 -42.18 -15.47 81.33 0.365 0x0000FF
-43.66 -26.04 82.76 -45.0 -20.78 82.08 0.455 0x0000FF
-40.74 -32.22 82.76 -43.66 -26.04 82.76 0.365 0x0000FF
-40.2 -40.07 82.84 -40.74 -32.22 82.76 0.365 0x0000FF
-39.47 -45.72 82.99 -40.2 -40.07 82.84 0.365 0x0000FF
-38.01 -56.83 83.29 -39.47 -45.72 82.99 0.365 0x0000FF
-37.83 -58.65 83.29 -38.01 -56.83 83.29 0.365 0x0000FF
-38.01 -60.66 82.69 -37.83 -58.65 83.29 0.365 0x0000FF
-38.54 -64.3 81.63 -38.01 -60.66 82.69 0.365 0x0000FF
-38.54 -67.4 81.17 -38.54 -64.3 81.63 0.365 0x0000FF
-38.74 -69.59 80.19 -38.54 -67.4 81.17 0.365 0x0000FF
-39.47 -71.77 79.58 -38.74 -69.59 80.19 0.365 0x0000FF
-39.65 -73.41 78.98 -39.47 -71.77 79.58 0.365 0x0000FF
-41.47 -78.51 77.92 -39.65 -73.41 78.98 0.365 0x0000FF
-41.47 -81.61 76.86 -41.47 -78.51 77.92 0.365 0x0000FF
-41.47 -83.25 75.8 -41.47 -81.61 76.86 0.365 0x0000FF
-41.84 -84.34 74.13 -41.47 -83.25 75.8 0.365 0x0000FF
-42.2 -86.89 73.52 -41.84 -84.34 74.13 0.365 0x0000FF
-42.2 -87.99 72.98 -42.2 -86.89 73.52 0.365 0x0000FF
-42.39 -89.81 72.39 -42.2 -87.99 72.98 0.365 0x0000FF
-43.12 -93.27 71.33 -42.39 -89.81 72.39 0.365 0x0000FF
-44.21 -96.0 70.56 -43.12 -93.27 71.33 0.365 0x0000FF
-45.85 -101.11 69.2 -44.21 -96.0 70.56 0.365 0x0000FF
-47.5 -104.2 68.22 -45.85 -101.11 69.2 0.365 0x0000FF
-49.87 -109.85 67.16 -47.5 -104.2 68.22 0.365 0x0000FF
-51.51 -112.04 66.25 -49.87 -109.85 67.16 0.365 0x0000FF
-53.33 -113.68 65.04 -51.51 -112.04 66.25 0.365 0x0000FF
-54.25 -114.59 63.9 -53.33 -113.68 65.04 0.365 0x0000FF
-54.98 -117.5 63.3 -54.25 -114.59 63.9 0.275 0x0000FF
-47.92 -29.16 82.08 -45.0 -20.78 82.08 0.365 0x0000FF
-49.74 -32.07 82.46 -47.92 -29.16 82.08 0.365 0x0000FF
-50.11 -32.79 82.69 -49.74 -32.07 82.46 0.365 0x0000FF
-50.47 -33.89 82.99 -50.11 -32.79 82.69 0.365 0x0000FF
-51.2 -35.17 82.39 -50.47 -33.89 82.99 0.365 0x0000FF
-51.93 -35.9 82.01 -51.2 -35.17 82.39 0.365 0x0000FF
-52.48 -36.81 81.55 -51.93 -35.9 82.01 0.365 0x0000FF
-52.85 -37.72 80.95 -52.48 -36.81 81.55 0.365 0x0000FF
-53.21 -39.18 80.26 -52.85 -37.72 80.95 0.365 0x0000FF
-53.58 -41.73 79.81 -53.21 -39.18 80.26 0.365 0x0000FF
-53.94 -45.37 79.43 -53.58 -41.73 79.81 0.365 0x0000FF
-53.58 -50.11 79.05 -53.94 -45.37 79.43 0.365 0x0000FF
-53.58 -54.66 78.52 -53.58 -50.11 79.05 0.365 0x0000FF
-53.39 -59.4 78.14 -53.58 -54.66 78.52 0.365 0x0000FF
-53.21 -63.77 77.08 -53.39 -59.4 78.14 0.365 0x0000FF
-53.58 -65.05 76.48 -53.21 -63.77 77.08 0.365 0x0000FF
-53.58 -65.78 76.09 -53.58 -65.05 76.48 0.365 0x0000FF
-53.58 -66.87 74.73 -53.58 -65.78 76.09 0.365 0x0000FF
-53.21 -70.33 73.98 -53.58 -66.87 74.73 0.365 0x0000FF
-52.66 -72.16 73.59 -53.21 -70.33 73.98 0.365 0x0000FF
-51.93 -74.89 73.3 -52.66 -72.16 73.59 0.365 0x0000FF
-51.69 -79.61 72.45 -51.93 -74.89 73.3 0.365 0x0000FF
-51.51 -82.52 72.31 -51.69 -79.61 72.45 0.365 0x0000FF
-52.6 -86.71 71.86 -51.51 -82.52 72.31 0.365 0x0000FF
-53.7 -90.36 71.7 -52.6 -86.71 71.86 0.365 0x0000FF
-54.79 -94.0 71.78 -53.7 -90.36 71.7 0.365 0x0000FF
-55.16 -97.83 71.63 -54.79 -94.0 71.78 0.365 0x0000FF
-54.06 -102.56 71.55 -55.16 -97.83 71.63 0.365 0x0000FF
-52.06 -106.03 71.55 -54.06 -102.56 71.55 0.365 0x0000FF
-49.68 -108.58 71.55 -52.06 -106.03 71.55 0.365 0x0000FF
-46.22 -112.77 71.4 -49.68 -108.58 71.55 0.365 0x0000FF
-44.76 -116.23 71.55 -46.22 -112.77 71.4 0.365 0x0000FF
-43.12 -119.87 71.7 -44.76 -116.23 71.55 0.365 0x0000FF
-40.93 -123.33 72.23 -43.12 -119.87 71.7 0.365 0x0000FF
-40.38 -124.06 72.39 -40.93 -123.33 72.23 0.365 0x0000FF
-37.83 -126.98 72.01 -40.38 -124.06 72.39 0.365 0x0000FF
-33.45 -130.26 71.55 -37.83 -126.98 72.01 0.365 0x0000FF
-27.43 -135.91 71.09 -33.45 -130.26 71.55 0.365 0x0000FF
-18.67 -143.38 70.8 -27.43 -135.91 71.09 0.365 0x0000FF
-9.53 -149.57 70.27 -18.67 -143.38 70.8 0.365 0x0000FF
-4.8 -154.13 69.89 -9.53 -149.57 70.27 0.365 0x0000FF
-0.6 -157.77 69.73 -4.8 -154.13 69.89 0.365 0x0000FF
-45.83 -15.83 81.63 -42.18 -15.47 81.33 1.095 0x0000FF
-48.02 -15.65 82.16 -45.83 -15.83 81.63 1.005 0x0000FF
-50.03 -15.65 82.31 -48.02 -15.65 82.16 1.005 0x0000FF
-52.4 -16.01 81.7 -50.03 -15.65 82.31 1.005 0x0000FF
-54.22 -16.2 81.17 -52.4 -16.01 81.7 1.005 0x0000FF
-60.97 -18.38 80.56 -54.22 -16.2 81.17 1.005 0x0000FF
-62.43 -18.93 80.42 -60.97 -18.38 80.56 0.91 0x0000FF
-65.9 -20.93 80.11 -62.43 -18.93 80.42 0.91 0x0000FF
-68.81 -22.94 79.81 -65.9 -20.93 80.11 0.91 0x0000FF
-71.92 -24.03 79.36 -68.81 -22.94 79.81 0.91 0x0000FF
-78.31 -26.58 79.2 -71.92 -24.03 79.36 0.91 0x0000FF
-83.96 -29.86 78.83 -78.31 -26.58 79.2 0.82 0x0000FF
-92.54 -32.78 78.06 -83.96 -29.86 78.83 0.73 0x0000FF
-97.28 -33.5 76.55 -92.54 -32.78 78.06 0.64 0x0000FF
-106.22 -29.13 75.8 -97.28 -33.5 76.55 0.64 0x0000FF
-110.97 -25.85 75.48 -106.22 -29.13 75.8 0.64 0x0000FF
-135.96 -7.45 75.04 -110.97 -25.85 75.48 0.64 0x0000FF
-138.52 -6.17 74.95 -135.96 -7.45 75.04 0.545 0x0000FF
-155.75 -1.64 75.11 -138.52 -6.17 74.95 0.365 0x0000FF
-162.13 2.36 75.34 -155.75 -1.64 75.11 0.275 0x0000FF
-168.7 7.83 75.95 -162.13 2.36 75.34 0.18 0x0000FF
-170.53 10.56 75.95 -168.7 7.83 75.95 0.18 0x0000FF
-144.72 0.2 74.81 -138.52 -6.17 74.95 0.455 0x0000FF
-152.02 9.5 74.81 -144.72 0.2 74.81 0.455 0x0000FF
-157.86 15.33 74.81 -152.02 9.5 74.81 0.455 0x0000FF
-162.13 18.39 74.43 -157.86 15.33 74.81 0.365 0x0000FF
-162.5 19.13 75.04 -162.13 18.39 74.43 0.455 0x0000FF
-163.05 19.85 75.42 -162.5 19.13 75.04 0.455 0x0000FF
-163.41 20.95 76.7 -163.05 19.85 75.42 0.365 0x0000FF
-163.96 22.04 77.31 -163.41 20.95 76.7 0.365 0x0000FF
-164.14 22.95 77.76 -163.96 22.04 77.31 0.365 0x0000FF
-164.51 24.05 78.37 -164.14 22.95 77.76 0.365 0x0000FF
-164.87 24.96 79.13 -164.51 24.05 78.37 0.365 0x0000FF
-167.79 28.24 80.72 -164.87 24.96 79.13 0.275 0x0000FF
-170.89 30.6 81.02 -167.79 28.24 80.72 0.275 0x0000FF
-173.45 32.61 81.25 -170.89 30.6 81.02 0.275 0x0000FF
-176.91 35.15 81.48 -173.45 32.61 81.25 0.275 0x0000FF
-179.83 36.79 81.7 -176.91 35.15 81.48 0.275 0x0000FF
-181.66 38.07 81.93 -179.83 36.79 81.7 0.275 0x0000FF
-182.39 38.79 82.39 -181.66 38.07 81.93 0.275 0x0000FF
-182.75 39.53 82.54 -182.39 38.79 82.39 0.275 0x0000FF
-186.04 43.9 83.07 -182.75 39.53 82.54 0.275 0x0000FF
-188.77 45.73 83.52 -186.04 43.9 83.07 0.275 0x0000FF
-191.33 47.91 83.98 -188.77 45.73 83.52 0.275 0x0000FF
-193.33 49.92 84.05 -191.33 47.91 83.98 0.275 0x0000FF
-166.51 18.57 77.76 -162.13 18.39 74.43 0.275 0x0000FF
-168.52 18.57 78.22 -166.51 18.57 77.76 0.275 0x0000FF
-169.43 18.57 78.52 -168.52 18.57 78.22 0.275 0x0000FF
-23.59 -22.4 81.48 -23.34 -10.68 77.99 0.82 0x0000FF
-24.51 -25.68 81.4 -23.59 -22.4 81.48 0.82 0x0000FF
-24.69 -27.86 80.42 -24.51 -25.68 81.4 0.82 0x0000FF
-24.87 -30.78 79.28 -24.69 -27.86 80.42 0.82 0x0000FF
-25.24 -33.51 78.67 -24.87 -30.78 79.28 0.82 0x0000FF
-25.78 -36.97 77.84 -25.24 -33.51 78.67 0.82 0x0000FF
-26.51 -39.34 76.09 -25.78 -36.97 77.84 0.82 0x0000FF
-26.7 -49.0 73.06 -26.51 -39.34 76.09 0.82 0x0000FF
-27.24 -52.28 72.39 -26.7 -49.0 73.06 0.82 0x0000FF
-27.24 -55.37 71.7 -27.24 -52.28 72.39 0.73 0x0000FF
-28.7 -58.11 69.89 -27.24 -55.37 71.7 0.64 0x0000FF
-29.98 -59.93 69.05 -28.7 -58.11 69.89 0.64 0x0000FF
-30.89 -61.75 68.75 -29.98 -59.93 69.05 0.64 0x0000FF
-30.89 -65.58 69.13 -30.89 -61.75 68.75 0.455 0x0000FF
-31.07 -68.13 69.43 -30.89 -65.58 69.13 0.455 0x0000FF
-31.62 -70.68 69.81 -31.07 -68.13 69.43 0.455 0x0000FF
-31.99 -72.14 69.95 -31.62 -70.68 69.81 0.455 0x0000FF
-32.72 -74.5 68.83 -31.99 -72.14 69.95 0.455 0x0000FF
-32.9 -76.87 68.22 -32.72 -74.5 68.83 0.455 0x0000FF
-33.26 -80.88 67.01 -32.9 -76.87 68.22 0.365 0x0000FF
-33.45 -82.89 66.33 -33.26 -80.88 67.01 0.365 0x0000FF
-34.18 -85.98 65.56 -33.45 -82.89 66.33 0.365 0x0000FF
-34.72 -87.99 64.81 -34.18 -85.98 65.56 0.365 0x0000FF
-35.45 -90.72 63.98 -34.72 -87.99 64.81 0.365 0x0000FF
-36.0 -92.54 62.39 -35.45 -90.72 63.98 0.365 0x0000FF
-36.36 -93.45 61.63 -36.0 -92.54 62.39 0.365 0x0000FF
-36.54 -94.0 60.87 -36.36 -93.45 61.63 0.365 0x0000FF
-36.9 -95.82 60.04 -36.54 -94.0 60.87 0.365 0x0000FF
-38.01 -100.01 58.68 -36.9 -95.82 60.04 0.365 0x0000FF
-38.01 -102.38 57.69 -38.01 -100.01 58.68 0.365 0x0000FF
-37.83 -104.57 56.71 -38.01 -102.38 57.69 0.365 0x0000FF
-37.64 -107.3 55.57 -37.83 -104.57 56.71 0.365 0x0000FF
-38.54 -110.76 54.43 -37.64 -107.3 55.57 0.365 0x0000FF
-40.38 -113.31 53.37 -38.54 -110.76 54.43 0.365 0x0000FF
-41.66 -116.77 52.01 -40.38 -113.31 53.37 0.365 0x0000FF
-42.39 -118.05 51.33 -41.66 -116.77 52.01 0.365 0x0000FF
-43.3 -119.69 50.65 -42.39 -118.05 51.33 0.365 0x0000FF
-43.85 -120.05 48.68 -43.3 -119.69 50.65 0.365 0x0000FF
-46.22 -124.25 47.24 -43.85 -120.05 48.68 0.365 0x0000FF
-46.77 -124.97 46.4 -46.22 -124.25 47.24 0.365 0x0000FF
-46.95 -125.52 45.12 -46.77 -124.97 46.4 0.365 0x0000FF
-47.13 -127.34 43.98 -46.95 -125.52 45.12 0.365 0x0000FF
-46.95 -129.35 43.07 -47.13 -127.34 43.98 0.365 0x0000FF
-46.22 -133.72 42.09 -46.95 -129.35 43.07 0.365 0x0000FF
-47.5 -139.37 41.25 -46.22 -133.72 42.09 0.365 0x0000FF
-31.8 -62.84 70.34 -30.89 -61.75 68.75 0.545 0x0000FF
-31.99 -63.21 71.55 -31.8 -62.84 70.34 0.545 0x0000FF
-32.9 -63.94 72.08 -31.99 -63.21 71.55 0.545 0x0000FF
-35.64 -65.39 74.36 -32.9 -63.94 72.08 0.365 0x0000FF
-35.64 -65.39 75.11 -35.64 -65.39 74.36 0.365 0x0000FF
-38.54 -66.31 75.87 -35.64 -65.39 75.11 0.365 0x0000FF
-39.83 -67.22 76.86 -38.54 -66.31 75.87 0.365 0x0000FF
-41.84 -68.48 76.93 -39.83 -67.22 76.86 0.365 0x0000FF
-43.66 -69.95 77.84 -41.84 -68.48 76.93 0.365 0x0000FF
-45.49 -71.95 78.59 -43.66 -69.95 77.84 0.365 0x0000FF
-20.67 -21.85 80.42 -23.34 -10.68 77.99 0.91 0x0000FF
-17.76 -25.31 80.42 -20.67 -21.85 80.42 0.91 0x0000FF
-15.75 -26.77 80.26 -17.76 -25.31 80.42 0.91 0x0000FF
-14.47 -27.86 79.51 -15.75 -26.77 80.26 0.82 0x0000FF
-13.74 -28.41 80.79 -14.47 -27.86 79.51 0.82 0x0000FF
-13.01 -29.14 81.93 -13.74 -28.41 80.79 0.82 0x0000FF
-12.28 -29.68 82.61 -13.01 -29.14 81.93 0.82 0x0000FF
-9.91 -32.04 83.45 -12.28 -29.68 82.61 0.82 0x0000FF
-8.44 -33.51 83.82 -9.91 -32.04 83.45 0.82 0x0000FF
-5.71 -36.61 84.51 -8.44 -33.51 83.82 0.82 0x0000FF
-4.44 -37.7 84.81 -5.71 -36.61 84.51 0.82 0x0000FF
-2.43 -38.79 85.72 -4.44 -37.7 84.81 0.73 0x0000FF
-0.24 -39.89 85.95 -2.43 -38.79 85.72 0.64 0x0000FF
0.49 -40.07 86.78 -0.24 -39.89 85.95 0.64 0x0000FF
2.13 -40.61 86.48 0.49 -40.07 86.78 0.545 0x0000FF
5.96 -41.53 86.63 2.13 -40.61 86.48 0.455 0x0000FF
9.43 -42.26 86.78 5.96 -41.53 86.63 0.365 0x0000FF
-16.66 -19.84 81.7 -23.34 -10.68 77.99 1.275 0x0000FF
-11.55 -23.12 82.16 -16.66 -19.84 81.7 1.275 0x0000FF
-9.0 -25.49 82.46 -11.55 -23.12 82.16 1.275 0x0000FF
-6.99 -24.4 82.08 -9.0 -25.49 82.46 0.545 0x0000FF
-5.35 -24.58 81.48 -6.99 -24.4 82.08 0.545 0x0000FF
-4.62 -24.76 80.79 -5.35 -24.58 81.48 0.545 0x0000FF
-3.34 -24.95 79.81 -4.62 -24.76 80.79 0.545 0x0000FF
-2.43 -24.95 78.83 -3.34 -24.95 79.81 0.545 0x0000FF
1.22 -26.59 78.22 -2.43 -24.95 78.83 0.545 0x0000FF
2.09 -29.17 77.69 1.22 -26.59 78.22 0.365 0x0000FF
2.63 -30.63 77.69 2.09 -29.17 77.69 0.365 0x0000FF
2.63 -31.18 77.54 2.63 -30.63 77.69 0.365 0x0000FF
3.0 -32.27 77.45 2.63 -31.18 77.54 0.365 0x0000FF
3.54 -34.82 77.39 3.0 -32.27 77.45 0.365 0x0000FF
4.09 -36.46 77.23 3.54 -34.82 77.39 0.365 0x0000FF
5.0 -39.56 77.01 4.09 -36.46 77.23 0.275 0x0000FF
5.73 -41.2 76.93 5.0 -39.56 77.01 0.275 0x0000FF
7.38 -43.75 76.78 5.73 -41.2 76.93 0.275 0x0000FF
9.38 -46.66 76.86 7.38 -43.75 76.78 0.275 0x0000FF
10.66 -47.76 76.86 9.38 -46.66 76.86 0.275 0x0000FF
12.85 -49.03 76.86 10.66 -47.76 76.86 0.275 0x0000FF
14.86 -51.58 76.86 12.85 -49.03 76.86 0.275 0x0000FF
16.32 -55.41 76.86 14.86 -51.58 76.86 0.275 0x0000FF
16.86 -59.78 76.86 16.32 -55.41 76.86 0.275 0x0000FF
2.13 -27.68 78.14 1.22 -26.59 78.22 0.545 0x0000FF
5.05 -29.32 77.92 2.13 -27.68 78.14 0.545 0x0000FF
6.69 -29.87 77.92 5.05 -29.32 77.92 0.545 0x0000FF
8.47 -30.99 76.93 6.69 -29.87 77.92 0.365 0x0000FF
10.3 -32.63 76.55 8.47 -30.99 76.93 0.365 0x0000FF
11.94 -34.09 75.72 10.3 -32.63 76.55 0.365 0x0000FF
12.67 -34.82 75.11 11.94 -34.09 75.72 0.365 0x0000FF
13.76 -36.1 74.51 12.67 -34.82 75.11 0.365 0x0000FF
14.13 -36.64 72.69 13.76 -36.1 74.51 0.365 0x0000FF
14.31 -37.01 71.86 14.13 -36.64 72.69 0.365 0x0000FF
14.67 -38.46 71.09 14.31 -37.01 71.86 0.365 0x0000FF
16.13 -41.74 70.04 14.67 -38.46 71.09 0.365 0x0000FF
16.68 -42.84 69.95 16.13 -41.74 70.04 0.365 0x0000FF
17.78 -45.21 69.66 16.68 -42.84 69.95 0.275 0x0000FF
17.96 -47.57 69.2 17.78 -45.21 69.66 0.275 0x0000FF
11.98 -28.77 77.31 6.69 -29.87 77.92 0.545 0x0000FF
17.82 -27.31 77.23 11.98 -28.77 77.31 0.545 0x0000FF
22.93 -24.04 77.23 17.82 -27.31 77.23 0.455 0x0000FF
26.22 -22.4 77.23 22.93 -24.04 77.23 0.455 0x0000FF
30.59 -21.67 77.23 26.22 -22.4 77.23 0.455 0x0000FF
35.7 -20.57 77.84 30.59 -21.67 77.23 0.455 0x0000FF
41.91 -16.75 78.06 35.7 -20.57 77.84 0.455 0x0000FF
46.65 -16.2 78.14 41.91 -16.75 78.06 0.455 0x0000FF
52.12 -15.47 78.14 46.65 -16.2 78.14 0.455 0x0000FF
55.41 -14.01 78.22 52.12 -15.47 78.14 0.455 0x0000FF
58.69 -11.65 78.3 55.41 -14.01 78.22 0.455 0x0000FF
65.63 -7.27 78.37 58.69 -11.65 78.3 0.455 0x0000FF
73.11 -3.99 78.52 65.63 -7.27 78.37 0.455 0x0000FF
76.03 -3.08 78.52 73.11 -3.99 78.52 0.455 0x0000FF
81.63 -2.02 79.43 76.03 -3.08 78.52 0.455 0x0000FF
83.46 -1.66 79.81 81.63 -2.02 79.43 0.455 0x0000FF
84.92 -1.48 79.89 83.46 -1.66 79.81 0.455 0x0000FF
86.56 -1.84 80.26 84.92 -1.48 79.89 0.455 0x0000FF
87.84 -2.02 80.72 86.56 -1.84 80.26 0.455 0x0000FF
90.39 -1.84 81.17 87.84 -2.02 80.72 0.455 0x0000FF
92.4 -1.3 81.33 90.39 -1.84 81.17 0.455 0x0000FF
93.31 -0.75 81.93 92.4 -1.3 81.33 0.455 0x0000FF
95.14 -0.39 82.54 93.31 -0.75 81.93 0.455 0x0000FF
97.51 0.16 82.99 95.14 -0.39 82.54 0.455 0x0000FF
99.7 0.71 84.05 97.51 0.16 82.99 0.365 0x0000FF
101.89 0.89 84.81 99.7 0.71 84.05 0.365 0x0000FF
103.53 0.89 85.49 101.89 0.89 84.81 0.365 0x0000FF
105.17 0.89 85.79 103.53 0.89 85.49 0.365 0x0000FF
106.27 1.07 86.48 105.17 0.89 85.79 0.365 0x0000FF
107.91 1.8 87.01 106.27 1.07 86.48 0.365 0x0000FF
108.82 2.35 87.76 107.91 1.8 87.01 0.365 0x0000FF
110.64 3.08 88.22 108.82 2.35 87.76 0.365 0x0000FF
111.74 3.44 88.82 110.64 3.08 88.22 0.365 0x0000FF
113.75 3.81 89.58 111.74 3.44 88.82 0.365 0x0000FF
115.94 5.45 90.72 113.75 3.81 89.58 0.275 0x0000FF
48.66 -11.1 78.22 41.91 -16.75 78.06 0.455 0x0000FF
51.21 -6.0 79.05 48.66 -11.1 78.22 0.365 0x0000FF
53.4 -1.99 79.05 51.21 -6.0 79.05 0.275 0x0000FF
53.95 0.38 79.05 53.4 -1.99 79.05 0.275 0x0000FF
54.31 3.66 79.05 53.95 0.38 79.05 0.275 0x0000FF
54.13 6.76 79.05 54.31 3.66 79.05 0.275 0x0000FF
54.31 8.4 79.05 54.13 6.76 79.05 0.275 0x0000FF
54.5 -4.54 79.05 51.21 -6.0 79.05 0.275 0x0000FF
56.69 -3.45 79.05 54.5 -4.54 79.05 0.275 0x0000FF
59.42 -3.08 79.05 56.69 -3.45 79.05 0.275 0x0000FF
61.79 -2.9 79.05 59.42 -3.08 79.05 0.275 0x0000FF
-7.72 -28.41 83.52 -9.0 -25.49 82.46 1.005 0x0000FF
-9.18 -29.32 84.36 -7.72 -28.41 83.52 0.365 0x0000FF
-11.0 -31.14 84.43 -9.18 -29.32 84.36 0.365 0x0000FF
-13.38 -32.96 84.73 -11.0 -31.14 84.43 0.365 0x0000FF
-15.2 -34.79 85.11 -13.38 -32.96 84.73 0.365 0x0000FF
-17.94 -37.7 85.42 -15.2 -34.79 85.11 0.365 0x0000FF
-19.57 -42.26 85.49 -17.94 -37.7 85.42 0.365 0x0000FF
-19.76 -43.71 84.58 -19.57 -42.26 85.49 0.365 0x0000FF
-20.13 -45.72 83.9 -19.76 -43.71 84.58 0.365 0x0000FF
-20.49 -49.18 83.45 -20.13 -45.72 83.9 0.365 0x0000FF
-21.77 -52.46 82.84 -20.49 -49.18 83.45 0.365 0x0000FF
-23.23 -57.38 82.23 -21.77 -52.46 82.84 0.365 0x0000FF
-23.41 -62.84 81.86 -23.23 -57.38 82.23 0.365 0x0000FF
-25.05 -68.48 81.4 -23.41 -62.84 81.86 0.365 0x0000FF
-27.06 -71.22 80.79 -25.05 -68.48 81.4 0.365 0x0000FF
-29.8 -74.87 80.04 -27.06 -71.22 80.79 0.365 0x0000FF
-31.44 -78.51 79.36 -29.8 -74.87 80.04 0.365 0x0000FF
-32.17 -81.79 78.98 -31.44 -78.51 79.36 0.365 0x0000FF
-32.17 -85.07 78.22 -32.17 -81.79 78.98 0.365 0x0000FF
-30.71 -87.26 77.98 -32.17 -85.07 78.22 0.365 0x0000FF
-30.34 -87.81 78.59 -30.71 -87.26 77.98 0.365 0x0000FF
-29.07 -89.26 78.83 -30.34 -87.81 78.59 0.365 0x0000FF
-28.34 -91.27 79.2 -29.07 -89.26 78.83 0.365 0x0000FF
-28.16 -94.0 80.19 -28.34 -91.27 79.2 0.365 0x0000FF
-27.97 -96.0 81.02 -28.16 -94.0 80.19 0.365 0x0000FF
-29.25 -100.01 81.48 -27.97 -96.0 81.02 0.365 0x0000FF
-30.53 -103.11 81.93 -29.25 -100.01 81.48 0.365 0x0000FF
-31.8 -104.75 82.54 -30.53 -103.11 81.93 0.365 0x0000FF
-33.26 -105.66 83.29 -31.8 -104.75 82.54 0.365 0x0000FF
-36.0 -106.21 83.82 -33.26 -105.66 83.29 0.365 0x0000FF
-6.44 -30.59 83.75 -7.72 -28.41 83.52 0.73 0x0000FF
-4.25 -33.86 83.98 -6.44 -30.59 83.75 0.73 0x0000FF
-2.06 -36.79 84.28 -4.25 -33.86 83.98 0.545 0x0000FF
-0.6 -40.25 84.66 -2.06 -36.79 84.28 0.545 0x0000FF
1.04 -43.53 84.81 -0.6 -40.25 84.66 0.545 0x0000FF
4.87 -50.09 85.49 1.04 -43.53 84.81 0.545 0x0000FF
5.6 -53.55 85.64 4.87 -50.09 85.49 0.545 0x0000FF
6.88 -56.47 86.1 5.6 -53.55 85.64 0.545 0x0000FF
7.61 -58.11 86.17 6.88 -56.47 86.1 0.545 0x0000FF
8.88 -60.29 85.57 7.61 -58.11 86.17 0.545 0x0000FF
9.98 -61.75 84.66 8.88 -60.29 85.57 0.545 0x0000FF
10.71 -63.39 83.98 9.98 -61.75 84.66 0.545 0x0000FF
11.8 -65.39 83.29 10.71 -63.39 83.98 0.545 0x0000FF
12.17 -66.48 82.92 11.8 -65.39 83.29 0.545 0x0000FF
12.35 -68.86 81.86 12.17 -66.48 82.92 0.545 0x0000FF
13.81 -73.78 80.72 12.35 -68.86 81.86 0.545 0x0000FF
14.36 -75.42 80.48 13.81 -73.78 80.72 0.545 0x0000FF
14.36 -84.53 78.75 14.36 -75.42 80.48 0.455 0x0000FF
13.99 -90.36 78.67 14.36 -84.53 78.75 0.455 0x0000FF
10.53 -99.1 77.54 13.99 -90.36 78.67 0.365 0x0000FF
8.69 -102.93 77.31 10.53 -99.1 77.54 0.365 0x0000FF
6.69 -107.3 76.63 8.69 -102.93 77.31 0.365 0x0000FF
3.59 -112.22 75.8 6.69 -107.3 76.63 0.365 0x0000FF
2.68 -116.41 74.58 3.59 -112.22 75.8 0.365 0x0000FF
2.31 -124.25 74.13 2.68 -116.41 74.58 0.365 0x0000FF
2.68 -129.35 73.9 2.31 -124.25 74.13 0.365 0x0000FF
3.23 -134.99 73.67 2.68 -129.35 73.9 0.365 0x0000FF
2.86 -141.74 73.37 3.23 -134.99 73.67 0.365 0x0000FF
-12.15 -11.32 82.31 -23.34 -10.68 77.99 1.46 0x0000FF
-6.13 -13.5 82.31 -12.15 -11.32 82.31 1.46 0x0000FF
-5.21 -13.69 82.54 -6.13 -13.5 82.31 0.64 0x0000FF
-4.3 -13.87 82.08 -5.21 -13.69 82.54 0.82 0x0000FF
-1.38 -14.05 80.64 -4.3 -13.87 82.08 0.91 0x0000FF
-0.1 -14.41 80.19 -1.38 -14.05 80.64 0.545 0x0000FF
0.26 -14.41 79.43 -0.1 -14.41 80.19 0.545 0x0000FF
0.63 -14.41 78.83 0.26 -14.41 79.43 0.545 0x0000FF
1.54 -14.6 77.16 0.63 -14.41 78.83 0.545 0x0000FF
2.09 -14.78 76.09 1.54 -14.6 77.16 0.545 0x0000FF
2.45 -14.96 75.27 2.09 -14.78 76.09 0.545 0x0000FF
3.36 -14.78 73.98 2.45 -14.96 75.27 0.545 0x0000FF
4.09 -14.96 73.52 3.36 -14.78 73.98 0.545 0x0000FF
4.63 -15.14 73.22 4.09 -14.96 73.52 0.545 0x0000FF
5.33 -14.27 74.13 4.63 -15.14 73.22 0.455 0x0000FF
6.97 -12.81 67.54 5.33 -14.27 74.13 0.455 0x0000FF
7.52 -11.36 66.4 6.97 -12.81 67.54 0.455 0x0000FF
7.33 -10.63 65.72 7.52 -11.36 66.4 0.455 0x0000FF
7.15 -10.08 64.73 7.33 -10.63 65.72 0.455 0x0000FF
7.15 -10.08 63.75 7.15 -10.08 64.73 0.455 0x0000FF
7.15 -9.72 61.93 7.15 -10.08 63.75 0.455 0x0000FF
6.97 -8.99 61.25 7.15 -9.72 61.93 0.455 0x0000FF
6.97 -8.44 60.27 6.97 -8.99 61.25 0.455 0x0000FF
7.15 -7.9 60.12 6.97 -8.44 60.27 0.455 0x0000FF
7.52 -7.17 59.66 7.15 -7.9 60.12 0.455 0x0000FF
8.61 -6.26 58.83 7.52 -7.17 59.66 0.455 0x0000FF
10.57 -4.29 56.86 8.61 -6.26 58.83 0.455 0x0000FF
10.93 -2.47 56.4 10.57 -4.29 56.86 0.455 0x0000FF
11.12 -1.2 56.1 10.93 -2.47 56.4 0.455 0x0000FF
11.48 -0.65 55.42 11.12 -1.2 56.1 0.455 0x0000FF
11.85 0.44 54.66 11.48 -0.65 55.42 0.455 0x0000FF
12.39 0.99 53.68 11.85 0.44 54.66 0.455 0x0000FF
14.76 3.18 51.93 12.39 0.99 53.68 0.365 0x0000FF
15.68 4.45 51.33 14.76 3.18 51.93 0.365 0x0000FF
16.04 5.0 50.57 15.68 4.45 51.33 0.365 0x0000FF
16.77 5.55 49.66 16.04 5.0 50.57 0.365 0x0000FF
17.14 5.73 49.59 16.77 5.55 49.66 0.365 0x0000FF
17.68 5.91 48.83 17.14 5.73 49.59 0.365 0x0000FF
18.78 6.27 48.15 17.68 5.91 48.83 0.365 0x0000FF
19.32 6.46 47.84 18.78 6.27 48.15 0.365 0x0000FF
20.23 6.64 47.46 19.32 6.46 47.84 0.365 0x0000FF
21.52 7.19 47.01 20.23 6.64 47.46 0.365 0x0000FF
22.43 7.91 46.4 21.52 7.19 47.01 0.365 0x0000FF
23.16 8.46 46.33 22.43 7.91 46.4 0.365 0x0000FF
23.89 9.55 45.57 23.16 8.46 46.33 0.365 0x0000FF
24.8 10.65 44.89 23.89 9.55 45.57 0.365 0x0000FF
25.16 11.19 44.66 24.8 10.65 44.89 0.365 0x0000FF
26.26 11.74 43.9 25.16 11.19 44.66 0.365 0x0000FF
28.45 12.47 43.15 26.26 11.74 43.9 0.365 0x0000FF
30.27 12.65 42.69 28.45 12.47 43.15 0.365 0x0000FF
31.0 12.65 41.78 30.27 12.65 42.69 0.365 0x0000FF
33.01 12.65 40.86 31.0 12.65 41.78 0.365 0x0000FF
33.74 12.47 39.74 33.01 12.65 40.86 0.365 0x0000FF
34.29 12.29 39.51 33.74 12.47 39.74 0.365 0x0000FF
35.02 12.29 39.06 34.29 12.29 39.51 0.365 0x0000FF
36.65 11.74 38.15 35.02 12.29 39.06 0.365 0x0000FF
38.29 11.56 37.39 36.65 11.74 38.15 0.365 0x0000FF
41.04 11.56 36.94 38.29 11.56 37.39 0.365 0x0000FF
43.23 11.92 36.86 41.04 11.56 36.94 0.365 0x0000FF
44.69 12.47 36.63 43.23 11.92 36.86 0.365 0x0000FF
45.42 13.2 36.25 44.69 12.47 36.63 0.365 0x0000FF
49.98 12.29 35.79 45.42 13.2 36.25 0.365 0x0000FF
55.09 13.93 35.57 49.98 12.29 35.79 0.365 0x0000FF
64.39 16.11 35.11 55.09 13.93 35.57 0.365 0x0000FF
70.41 16.29 34.74 64.39 16.11 35.11 0.365 0x0000FF
5.92 -15.87 70.8 4.63 -15.14 73.22 0.545 0x0000FF
6.1 -16.23 70.42 5.92 -15.87 70.8 0.545 0x0000FF
6.1 -16.97 69.43 6.1 -16.23 70.42 0.545 0x0000FF
6.28 -17.51 68.59 6.1 -16.97 69.43 0.545 0x0000FF
5.73 -18.79 67.77 6.28 -17.51 68.59 0.545 0x0000FF
5.19 -19.7 67.61 5.73 -18.79 67.77 0.545 0x0000FF
4.63 -19.88 67.08 5.19 -19.7 67.61 0.545 0x0000FF
3.73 -20.43 66.33 4.63 -19.88 67.08 0.545 0x0000FF
2.82 -21.34 65.42 3.73 -20.43 66.33 0.455 0x0000FF
2.27 -22.43 65.04 2.82 -21.34 65.42 0.455 0x0000FF
1.9 -23.16 64.58 2.27 -22.43 65.04 0.455 0x0000FF
1.17 -25.16 64.13 1.9 -23.16 64.58 0.455 0x0000FF
0.81 -26.44 63.45 1.17 -25.16 64.13 0.455 0x0000FF
0.63 -28.08 63.3 0.81 -26.44 63.45 0.455 0x0000FF
0.63 -29.17 62.46 0.63 -28.08 63.3 0.455 0x0000FF
0.63 -30.45 61.55 0.63 -29.17 62.46 0.455 0x0000FF
0.63 -31.72 61.02 0.63 -30.45 61.55 0.455 0x0000FF
0.63 -33.18 60.27 0.63 -31.72 61.02 0.455 0x0000FF
0.81 -34.09 59.43 0.63 -33.18 60.27 0.455 0x0000FF
0.81 -34.64 58.98 0.81 -34.09 59.43 0.455 0x0000FF
1.17 -35.72 58.6 0.81 -34.64 58.98 0.455 0x0000FF
1.36 -36.46 57.77 1.17 -35.72 58.6 0.455 0x0000FF
2.09 -39.19 57.24 1.36 -36.46 57.77 0.455 0x0000FF
2.09 -41.02 56.78 2.09 -39.19 57.24 0.455 0x0000FF
1.9 -42.29 55.87 2.09 -41.02 56.78 0.455 0x0000FF
1.72 -43.75 54.96 1.9 -42.29 55.87 0.455 0x0000FF
0.99 -45.39 54.43 1.72 -43.75 54.96 0.455 0x0000FF
0.44 -46.85 53.98 0.99 -45.39 54.43 0.455 0x0000FF
-0.65 -48.3 53.98 0.44 -46.85 53.98 0.455 0x0000FF
-3.57 -54.68 53.52 -0.65 -48.3 53.98 0.365 0x0000FF
-3.75 -57.05 52.92 -3.57 -54.68 53.52 0.365 0x0000FF
-3.94 -60.69 52.09 -3.75 -57.05 52.92 0.365 0x0000FF
-5.21 -64.34 51.33 -3.94 -60.69 52.09 0.365 0x0000FF
-13.61 -79.45 50.8 -5.21 -64.34 51.33 0.365 0x0000FF
-15.61 -83.47 50.65 -13.61 -79.45 50.8 0.365 0x0000FF
-17.07 -87.29 50.42 -15.61 -83.47 50.65 0.365 0x0000FF
-19.26 -92.94 50.27 -17.07 -87.29 50.42 0.365 0x0000FF
-19.63 -95.31 49.89 -19.26 -92.94 50.27 0.365 0x0000FF
-24.59 -101.91 48.83 -19.63 -95.31 49.89 0.365 0x0000FF
-26.05 -102.82 48.0 -24.59 -101.91 48.83 0.365 0x0000FF
0.44 -13.32 80.64 -1.38 -14.05 80.64 0.455 0x0000FF
1.54 -12.41 80.42 0.44 -13.32 80.64 0.455 0x0000FF
3.0 -11.5 80.11 1.54 -12.41 80.42 0.455 0x0000FF
4.09 -10.95 79.81 3.0 -11.5 80.11 0.455 0x0000FF
5.0 -10.22 79.58 4.09 -10.95 79.81 0.455 0x0000FF
7.74 -9.31 79.05 5.0 -10.22 79.58 0.455 0x0000FF
10.11 -8.77 79.66 7.74 -9.31 79.05 0.455 0x0000FF
10.66 -8.58 80.72 10.11 -8.77 79.66 0.365 0x0000FF
11.76 -8.22 81.55 10.66 -8.58 80.72 0.365 0x0000FF
12.67 -8.03 82.69 11.76 -8.22 81.55 0.365 0x0000FF
15.22 -7.13 83.6 12.67 -8.03 82.69 0.365 0x0000FF
18.51 -4.94 84.36 15.22 -7.13 83.6 0.365 0x0000FF
21.61 -0.2 84.89 18.51 -4.94 84.36 0.365 0x0000FF
22.34 2.35 85.49 21.61 -0.2 84.89 0.275 0x0000FF
23.43 3.62 85.95 22.34 2.35 85.49 0.275 0x0000FF
25.26 5.63 86.25 23.43 3.62 85.95 0.275 0x0000FF
28.54 8.36 86.63 25.26 5.63 86.25 0.275 0x0000FF
30.91 9.09 87.16 28.54 8.36 86.63 0.275 0x0000FF
-5.4 -14.6 82.31 -6.13 -13.5 82.31 1.005 0x0000FF
-4.67 -15.14 82.16 -5.4 -14.6 82.31 1.005 0x0000FF
-3.02 -16.23 81.86 -4.67 -15.14 82.16 1.005 0x0000FF
-2.66 -16.6 81.25 -3.02 -16.23 81.86 1.005 0x0000FF
-1.93 -16.97 82.84 -2.66 -16.6 81.25 1.005 0x0000FF
-0.83 -17.51 83.37 -1.93 -16.97 82.84 0.91 0x0000FF
0.63 -18.05 84.05 -0.83 -17.51 83.37 0.73 0x0000FF
3.0 -17.69 83.52 0.63 -18.05 84.05 0.73 0x0000FF
5.73 -17.69 82.99 3.0 -17.69 83.52 0.64 0x0000FF
6.83 -17.69 82.84 5.73 -17.69 82.99 0.64 0x0000FF
8.47 -17.69 82.69 6.83 -17.69 82.84 0.64 0x0000FF
10.11 -17.69 83.14 8.47 -17.69 82.69 0.545 0x0000FF
11.03 -17.69 83.82 10.11 -17.69 83.14 0.545 0x0000FF
11.94 -17.69 84.36 11.03 -17.69 83.82 0.545 0x0000FF
13.03 -17.51 84.81 11.94 -17.69 84.36 0.545 0x0000FF
13.94 -17.69 85.49 13.03 -17.51 84.81 0.545 0x0000FF
16.32 -18.42 86.1 13.94 -17.69 85.49 0.545 0x0000FF
18.51 -19.32 86.78 16.32 -18.42 86.1 0.545 0x0000FF
21.61 -21.34 87.08 18.51 -19.32 86.78 0.545 0x0000FF
24.71 -23.52 87.61 21.61 -21.34 87.08 0.545 0x0000FF
27.45 -24.98 87.99 24.71 -23.52 87.61 0.545 0x0000FF
30.18 -25.89 88.52 27.45 -24.98 87.99 0.545 0x0000FF
32.74 -26.99 88.9 30.18 -25.89 88.52 0.545 0x0000FF
34.56 -28.08 89.28 32.74 -26.99 88.9 0.545 0x0000FF
36.02 -28.99 89.81 34.56 -28.08 89.28 0.545 0x0000FF
36.93 -30.08 90.04 36.02 -28.99 89.81 0.545 0x0000FF
38.21 -31.36 90.49 36.93 -30.08 90.04 0.545 0x0000FF
39.67 -32.63 91.1 38.21 -31.36 90.49 0.545 0x0000FF
41.5 -34.27 91.55 39.67 -32.63 91.1 0.545 0x0000FF
42.95 -35.72 91.78 41.5 -34.27 91.55 0.545 0x0000FF
43.87 -36.83 92.23 42.95 -35.72 91.78 0.545 0x0000FF
44.23 -37.54 92.61 43.87 -36.83 92.23 0.545 0x0000FF
45.14 -38.46 92.99 44.23 -37.54 92.61 0.545 0x0000FF
46.42 -39.92 93.67 45.14 -38.46 92.99 0.545 0x0000FF
47.88 -41.56 94.05 46.42 -39.92 93.67 0.545 0x0000FF
50.07 -43.38 94.66 47.88 -41.56 94.05 0.545 0x0000FF
50.98 -44.48 95.19 50.07 -43.38 94.66 0.545 0x0000FF
53.54 -46.12 95.87 50.98 -44.48 95.19 0.545 0x0000FF
55.18 -48.12 96.55 53.54 -46.12 95.87 0.545 0x0000FF
59.01 -52.31 97.23 55.18 -48.12 96.55 0.545 0x0000FF
63.02 -56.5 97.69 59.01 -52.31 97.23 0.545 0x0000FF
68.31 -60.88 98.52 63.02 -56.5 97.69 0.455 0x0000FF
70.87 -62.52 98.97 68.31 -60.88 98.52 0.455 0x0000FF
72.51 -63.61 99.66 70.87 -62.52 98.97 0.455 0x0000FF
78.34 -65.98 100.11 72.51 -63.61 99.66 0.455 0x0000FF
83.82 -67.43 100.11 78.34 -65.98 100.11 0.455 0x0000FF
87.84 -68.53 100.41 83.82 -67.43 100.11 0.455 0x0000FF
90.39 -69.44 100.64 87.84 -68.53 100.41 0.455 0x0000FF
93.68 -70.17 101.25 90.39 -69.44 100.64 0.455 0x0000FF
95.32 -70.34 102.23 93.68 -70.17 101.25 0.455 0x0000FF
96.23 -70.34 102.46 95.32 -70.34 102.23 0.455 0x0000FF
97.69 -70.9 102.99 96.23 -70.34 102.46 0.455 0x0000FF
99.33 -71.44 103.75 97.69 -70.9 102.99 0.455 0x0000FF
101.52 -71.98 104.28 99.33 -71.44 103.75 0.455 0x0000FF
103.16 -72.17 104.81 101.52 -71.98 104.28 0.455 0x0000FF
105.54 -72.54 105.34 103.16 -72.17 104.81 0.455 0x0000FF
107.36 -72.72 106.25 105.54 -72.54 105.34 0.455 0x0000FF
109.37 -72.72 107.08 107.36 -72.72 106.25 0.455 0x0000FF
110.64 -72.72 108.14 109.37 -72.72 107.08 0.455 0x0000FF
113.38 -72.72 109.35 110.64 -72.72 108.14 0.455 0x0000FF
115.21 -72.9 110.03 113.38 -72.72 109.35 0.455 0x0000FF
118.31 -72.72 110.94 115.21 -72.9 110.03 0.455 0x0000FF
121.23 -72.34 111.55 118.31 -72.72 110.94 0.455 0x0000FF
124.51 -71.98 112.38 121.23 -72.34 111.55 0.455 0x0000FF
128.16 -72.17 112.76 124.51 -71.98 112.38 0.455 0x0000FF
131.08 -73.08 114.05 128.16 -72.17 112.76 0.455 0x0000FF
133.09 -73.98 114.96 131.08 -73.08 114.05 0.455 0x0000FF
139.84 -76.0 115.94 133.09 -73.98 114.96 0.365 0x0000FF
144.22 -76.36 116.02 139.84 -76.0 115.94 0.365 0x0000FF
-17.35 -0.65 80.04 -23.34 -10.68 77.99 2.735 0x0000FF
-17.16 0.44 80.72 -17.35 -0.65 80.04 2.735 0x0000FF
-17.16 1.9 81.09 -17.16 0.44 80.72 2.735 0x0000FF
-16.62 5.0 81.7 -17.16 1.9 81.09 2.735 0x0000FF
-15.89 9.55 82.08 -16.62 5.0 81.7 2.735 0x0000FF
-16.8 13.02 82.31 -15.89 9.55 82.08 2.735 0x0000FF
-17.53 15.93 82.54 -16.8 13.02 82.31 2.735 0x0000FF
-17.53 22.49 82.92 -17.53 15.93 82.54 2.555 0x0000FF
-16.25 26.68 83.14 -17.53 22.49 82.92 2.465 0x0000FF
-15.34 29.6 83.22 -16.25 26.68 83.14 2.465 0x0000FF
-15.89 30.51 83.29 -15.34 29.6 83.22 2.28 0x0000FF
-16.07 33.06 83.52 -15.89 30.51 83.29 2.005 0x0000FF
-16.25 36.34 83.98 -16.07 33.06 83.52 1.915 0x0000FF
-15.71 44.72 84.28 -16.25 36.34 83.98 1.915 0x0000FF
-15.34 50.0 84.51 -15.71 44.72 84.28 1.825 0x0000FF
-13.7 56.93 84.89 -15.34 50.0 84.51 1.735 0x0000FF
-13.7 64.76 85.11 -13.7 56.93 84.89 1.64 0x0000FF
-13.7 72.95 85.49 -13.7 64.76 85.11 1.64 0x0000FF
-15.16 86.99 85.72 -13.7 72.95 85.49 1.64 0x0000FF
-15.27 89.8 86.7 -15.16 86.99 85.72 1.64 0x0000FF
-15.27 91.63 87.31 -15.27 89.8 86.7 1.64 0x0000FF
-15.45 92.54 87.92 -15.27 91.63 87.31 1.64 0x0000FF
-15.45 93.08 87.99 -15.45 92.54 87.92 1.64 0x0000FF
-15.63 93.81 88.6 -15.45 93.08 87.99 1.64 0x0000FF
-15.45 96.0 89.05 -15.63 93.81 88.6 1.64 0x0000FF
-15.27 97.46 89.35 -15.45 96.0 89.05 1.64 0x0000FF
-13.99 102.19 90.19 -15.27 97.46 89.35 1.55 0x0000FF
-13.44 104.74 90.49 -13.99 102.19 90.19 1.55 0x0000FF
-13.26 106.93 90.95 -13.44 104.74 90.49 1.55 0x0000FF
-13.26 108.75 91.25 -13.26 106.93 90.95 1.55 0x0000FF
-13.44 110.21 91.7 -13.26 108.75 91.25 1.55 0x0000FF
-13.44 112.76 92.01 -13.44 110.21 91.7 1.55 0x0000FF
-13.08 119.87 92.84 -13.44 112.76 92.01 1.55 0x0000FF
-12.71 123.51 93.37 -13.08 119.87 92.84 1.55 0x0000FF
-13.08 130.8 94.05 -12.71 123.51 93.37 1.55 0x0000FF
-14.9 138.63 94.43 -13.08 130.8 94.05 1.55 0x0000FF
-15.82 144.83 95.19 -14.9 138.63 94.43 1.46 0x0000FF
-16.0 149.19 95.41 -15.82 144.83 95.19 1.46 0x0000FF
-15.82 152.47 96.02 -16.0 149.19 95.41 1.46 0x0000FF
-15.45 158.31 96.32 -15.82 152.47 96.02 1.46 0x0000FF
-15.82 163.78 97.01 -15.45 158.31 96.32 1.46 0x0000FF
-16.55 169.06 97.84 -15.82 163.78 97.01 1.46 0x0000FF
-17.09 173.25 98.29 -16.55 169.06 97.84 1.46 0x0000FF
-17.28 175.62 98.82 -17.09 173.25 98.29 1.46 0x0000FF
-17.46 178.17 99.13 -17.28 175.62 98.82 1.46 0x0000FF
-17.98 180.64 100.79 -17.46 178.17 99.13 1.46 0x0000FF
-18.35 183.74 101.55 -17.98 180.64 100.79 1.37 0x0000FF
-18.35 185.01 101.63 -18.35 183.74 101.55 1.37 0x0000FF
-18.53 187.93 102.16 -18.35 185.01 101.63 1.37 0x0000FF
-18.72 190.11 102.69 -18.53 187.93 102.16 1.37 0x0000FF
-18.72 191.75 103.44 -18.72 190.11 102.69 1.37 0x0000FF
-18.72 193.21 104.05 -18.72 191.75 103.44 1.37 0x0000FF
-18.53 193.94 104.96 -18.72 193.21 104.05 1.37 0x0000FF
-18.17 195.76 105.72 -18.53 193.94 104.96 1.37 0x0000FF
-17.98 199.22 106.32 -18.17 195.76 105.72 1.37 0x0000FF
-17.44 202.69 106.78 -17.98 199.22 106.32 1.37 0x0000FF
-16.89 205.6 107.53 -17.44 202.69 106.78 1.37 0x0000FF
-15.98 211.25 108.52 -16.89 205.6 107.53 1.275 0x0000FF
-15.43 214.35 109.05 -15.98 211.25 108.52 1.275 0x0000FF
-15.25 217.08 109.43 -15.43 214.35 109.05 1.275 0x0000FF
-14.7 229.1 110.34 -15.25 217.08 109.43 1.275 0x0000FF
-14.7 233.3 111.47 -14.7 229.1 110.34 1.275 0x0000FF
-14.34 234.93 111.93 -14.7 233.3 111.47 1.275 0x0000FF
-13.24 239.85 113.14 -14.34 234.93 111.93 1.275 0x0000FF
-13.24 243.13 113.44 -13.24 239.85 113.14 1.275 0x0000FF
-12.51 250.97 114.58 -13.24 243.13 113.44 1.275 0x0000FF
-13.79 258.62 114.73 -12.51 250.97 114.58 1.275 0x0000FF
-14.52 266.45 115.34 -13.79 258.62 114.73 1.275 0x0000FF
-14.52 269.73 115.94 -14.52 266.45 115.34 1.275 0x0000FF
-14.27 276.69 117.0 -14.52 269.73 115.94 1.275 0x0000FF
-13.54 284.7 117.76 -14.27 276.69 117.0 1.275 0x0000FF
-12.27 289.08 118.37 -13.54 284.7 117.76 1.275 0x0000FF
-11.35 298.56 119.12 -12.27 289.08 118.37 1.275 0x0000FF
-11.9 304.2 119.81 -11.35 298.56 119.12 1.185 0x0000FF
-10.99 311.86 120.26 -11.9 304.2 119.81 1.185 0x0000FF
-10.26 315.5 120.94 -10.99 311.86 120.26 0.82 0x0000FF
-8.61 323.52 121.25 -10.26 315.5 120.94 0.82 0x0000FF
-7.71 331.35 121.62 -8.61 323.52 121.25 0.82 0x0000FF
-7.34 351.76 121.78 -7.71 331.35 121.62 0.82 0x0000FF
-7.16 357.59 122.0 -7.34 351.76 121.78 0.82 0x0000FF
-4.76 365.53 121.32 -7.16 357.59 122.0 0.545 0x0000FF
-3.68 367.89 120.79 -4.76 365.53 121.32 0.545 0x0000FF
-2.77 371.36 120.49 -3.68 367.89 120.79 0.545 0x0000FF
-3.74 373.43 120.79 -2.77 371.36 120.49 0.365 0x0000FF
-5.93 376.71 121.25 -3.74 373.43 120.79 0.365 0x0000FF
-7.21 378.71 121.47 -5.93 376.71 121.25 0.365 0x0000FF
-9.78 382.8 122.38 -7.21 378.71 121.47 0.365 0x0000FF
-10.52 385.72 122.99 -9.78 382.8 122.38 0.365 0x0000FF
-10.88 387.72 123.06 -10.52 385.72 122.99 0.365 0x0000FF
-11.07 389.18 123.52 -10.88 387.72 123.06 0.365 0x0000FF
-11.43 391.18 123.75 -11.07 389.18 123.52 0.365 0x0000FF
-11.98 394.83 123.9 -11.43 391.18 123.75 0.365 0x0000FF
-13.07 397.2 123.97 -11.98 394.83 123.9 0.365 0x0000FF
-15.44 399.38 124.2 -13.07 397.2 123.97 0.365 0x0000FF
-17.09 400.84 124.5 -15.44 399.38 124.2 0.365 0x0000FF
-18.18 401.93 124.58 -17.09 400.84 124.5 0.365 0x0000FF
-20.19 403.76 124.65 -18.18 401.93 124.58 0.275 0x0000FF
-21.1 404.49 123.75 -20.19 403.76 124.65 0.275 0x0000FF
-23.29 405.58 122.68 -21.1 404.49 123.75 0.275 0x0000FF
-23.84 406.31 122.46 -23.29 405.58 122.68 0.275 0x0000FF
-24.75 407.58 121.09 -23.84 406.31 122.46 0.275 0x0000FF
-25.66 408.86 120.49 -24.75 407.58 121.09 0.275 0x0000FF
-27.3 412.14 120.34 -25.66 408.86 120.49 0.275 0x0000FF
-27.67 416.51 120.18 -27.3 412.14 120.34 0.275 0x0000FF
-27.85 421.07 120.18 -27.67 416.51 120.18 0.275 0x0000FF
-28.4 426.35 120.03 -27.85 421.07 120.18 0.275 0x0000FF
-29.68 430.18 120.34 -28.4 426.35 120.03 0.275 0x0000FF
-30.22 431.45 120.56 -29.68 430.18 120.34 0.275 0x0000FF
-32.04 434.0 121.25 -30.22 431.45 120.56 0.275 0x0000FF
-0.39 374.45 120.18 -2.77 371.36 120.49 0.455 0x0000FF
0.34 375.91 120.03 -0.39 374.45 120.18 0.455 0x0000FF
0.7 376.82 119.88 0.34 375.91 120.03 0.455 0x0000FF
1.43 379.92 119.43 0.7 376.82 119.88 0.365 0x0000FF
1.61 381.19 119.05 1.43 379.92 119.43 0.365 0x0000FF
1.8 382.47 118.9 1.61 381.19 119.05 0.365 0x0000FF
2.34 384.66 118.52 1.8 382.47 118.9 0.365 0x0000FF
3.8 388.3 118.14 2.34 384.66 118.52 0.365 0x0000FF
6.36 391.94 117.76 3.8 388.3 118.14 0.365 0x0000FF
8.36 393.95 117.23 6.36 391.94 117.76 0.365 0x0000FF
10.92 395.04 117.15 8.36 393.95 117.23 0.365 0x0000FF
11.65 394.86 117.76 10.92 395.04 117.15 0.365 0x0000FF
13.11 395.22 118.37 11.65 394.86 117.76 0.365 0x0000FF
14.75 395.22 119.12 13.11 395.22 118.37 0.365 0x0000FF
15.12 395.22 119.58 14.75 395.22 119.12 0.365 0x0000FF
15.84 395.04 120.03 15.12 395.22 119.58 0.365 0x0000FF
16.39 395.41 120.41 15.84 395.04 120.03 0.365 0x0000FF
18.39 396.14 121.02 16.39 395.41 120.41 0.365 0x0000FF
23.14 398.87 121.09 18.39 396.14 121.02 0.365 0x0000FF
26.61 401.05 121.85 23.14 398.87 121.09 0.365 0x0000FF
30.08 402.88 122.23 26.61 401.05 121.85 0.365 0x0000FF
33.0 405.25 122.46 30.08 402.88 122.23 0.365 0x0000FF
35.36 406.89 121.85 33.0 405.25 122.46 0.365 0x0000FF
37.36 407.98 121.32 35.36 406.89 121.85 0.365 0x0000FF
42.3 409.98 120.64 37.36 407.98 121.32 0.365 0x0000FF
49.6 414.72 120.03 42.3 409.98 120.64 0.365 0x0000FF
55.44 418.18 119.43 49.6 414.72 120.03 0.365 0x0000FF
64.92 423.28 118.75 55.44 418.18 119.43 0.275 0x0000FF
70.22 425.83 118.44 64.92 423.28 118.75 0.275 0x0000FF
77.33 428.93 118.06 70.22 425.83 118.44 0.275 0x0000FF
84.81 431.12 117.69 77.33 428.93 118.06 0.275 0x0000FF
89.92 435.67 117.38 84.81 431.12 117.69 0.275 0x0000FF
98.5 439.68 117.15 89.92 435.67 117.38 0.275 0x0000FF
108.71 441.32 116.78 98.5 439.68 117.15 0.275 0x0000FF
111.82 441.5 116.32 108.71 441.32 116.78 0.275 0x0000FF
114.0 440.96 115.87 111.82 441.5 116.32 0.275 0x0000FF
116.68 440.11 114.88 114.0 440.96 115.87 0.275 0x0000FF
118.5 439.57 114.81 116.68 440.11 114.88 0.275 0x0000FF
120.51 438.29 114.66 118.5 439.57 114.81 0.275 0x0000FF
123.61 437.02 114.43 120.51 438.29 114.66 0.275 0x0000FF
127.62 436.47 114.12 123.61 437.02 114.43 0.275 0x0000FF
130.91 435.92 114.12 127.62 436.47 114.12 0.275 0x0000FF
-11.16 360.79 122.08 -7.16 357.59 122.0 0.64 0x0000FF
-13.53 363.7 122.46 -11.16 360.79 122.08 0.64 0x0000FF
-15.35 366.07 122.61 -13.53 363.7 122.46 0.64 0x0000FF
-16.27 367.35 123.52 -15.35 366.07 122.61 0.64 0x0000FF
-17.18 368.62 123.82 -16.27 367.35 123.52 0.64 0x0000FF
-18.46 370.26 124.12 -17.18 368.62 123.82 0.64 0x0000FF
-21.01 373.72 124.65 -18.46 370.26 124.12 0.545 0x0000FF
-22.11 375.36 124.81 -21.01 373.72 124.65 0.545 0x0000FF
-23.38 376.46 125.34 -22.11 375.36 124.81 0.545 0x0000FF
-24.11 377.0 125.56 -23.38 376.46 125.34 0.545 0x0000FF
-26.85 378.1 126.24 -24.11 377.0 125.56 0.455 0x0000FF
-27.58 378.46 126.47 -26.85 378.1 126.24 0.455 0x0000FF
-28.31 379.56 126.93 -27.58 378.46 126.47 0.455 0x0000FF
-29.22 380.47 127.61 -28.31 379.56 126.93 0.455 0x0000FF
-31.41 381.92 128.44 -29.22 380.47 127.61 0.365 0x0000FF
-33.6 384.66 128.66 -31.41 381.92 128.44 0.365 0x0000FF
-33.96 385.2 129.65 -33.6 384.66 128.66 0.365 0x0000FF
-34.33 385.75 130.03 -33.96 385.2 129.65 0.365 0x0000FF
-35.61 387.75 130.71 -34.33 385.75 130.03 0.365 0x0000FF
-36.34 388.85 131.93 -35.61 387.75 130.71 0.365 0x0000FF
-37.43 390.49 132.38 -36.34 388.85 131.93 0.365 0x0000FF
-38.15 391.94 133.13 -37.43 390.49 132.38 0.365 0x0000FF
-38.89 393.4 134.05 -38.15 391.94 133.13 0.365 0x0000FF
-10.99 313.68 124.96 -10.99 311.86 120.26 0.73 0x0000FF
-11.35 314.77 125.41 -10.99 313.68 124.96 0.73 0x0000FF
-11.72 315.87 125.64 -11.35 314.77 125.41 0.73 0x0000FF
-11.9 316.77 126.32 -11.72 315.87 125.64 0.73 0x0000FF
-12.08 320.42 126.85 -11.9 316.77 126.32 0.64 0x0000FF
-12.45 322.79 126.93 -12.08 320.42 126.85 0.64 0x0000FF
-12.81 326.98 128.06 -12.45 322.79 126.93 0.64 0x0000FF
-13.18 328.8 128.29 -12.81 326.98 128.06 0.64 0x0000FF
-14.09 330.81 128.66 -13.18 328.8 128.29 0.64 0x0000FF
-14.46 332.45 129.12 -14.09 330.81 128.66 0.64 0x0000FF
-15.0 333.91 129.5 -14.46 332.45 129.12 0.64 0x0000FF
-15.37 335.18 130.34 -15.0 333.91 129.5 0.64 0x0000FF
-16.28 335.73 130.71 -15.37 335.18 130.34 0.64 0x0000FF
-16.82 339.01 130.87 -16.28 335.73 130.71 0.365 0x0000FF
-16.1 342.47 131.16 -16.82 339.01 130.87 0.365 0x0000FF
-13.0 353.22 131.77 -16.1 342.47 131.16 0.365 0x0000FF
-12.63 355.77 131.85 -13.0 353.22 131.77 0.365 0x0000FF
-11.54 358.87 132.0 -12.63 355.77 131.85 0.365 0x0000FF
-21.02 337.55 131.16 -16.28 335.73 130.71 0.545 0x0000FF
-24.49 339.37 131.85 -21.02 337.55 131.16 0.545 0x0000FF
-31.61 341.56 132.38 -24.49 339.37 131.85 0.455 0x0000FF
-35.26 342.1 132.76 -31.61 341.56 132.38 0.455 0x0000FF
-37.81 341.38 132.84 -35.26 342.1 132.76 0.365 0x0000FF
-12.6 30.69 83.37 -15.34 29.6 83.22 1.005 0x0000FF
-11.51 32.33 82.69 -12.6 30.69 83.37 0.82 0x0000FF
-10.6 33.24 82.54 -11.51 32.33 82.69 0.82 0x0000FF
-8.59 35.06 82.01 -10.6 33.24 82.54 0.82 0x0000FF
-2.39 37.61 81.63 -8.59 35.06 82.01 0.64 0x0000FF
-0.38 38.34 81.33 -2.39 37.61 81.63 0.64 0x0000FF
2.54 40.15 80.95 -0.38 38.34 81.33 0.64 0x0000FF
6.37 42.53 80.87 2.54 40.15 80.95 0.64 0x0000FF
8.74 44.9 80.56 6.37 42.53 80.87 0.64 0x0000FF
9.66 45.81 80.48 8.74 44.9 80.56 0.64 0x0000FF
11.48 47.82 80.72 9.66 45.81 80.48 0.64 0x0000FF
12.39 48.91 81.4 11.48 47.82 80.72 0.64 0x0000FF
14.58 52.37 81.63 12.39 48.91 81.4 0.545 0x0000FF
16.04 54.56 81.86 14.58 52.37 81.63 0.545 0x0000FF
18.41 56.56 82.31 16.04 54.56 81.86 0.545 0x0000FF
22.43 58.57 82.54 18.41 56.56 82.31 0.545 0x0000FF
24.98 60.57 82.76 22.43 58.57 82.54 0.545 0x0000FF
25.35 62.21 83.37 24.98 60.57 82.76 0.455 0x0000FF
25.53 63.48 83.37 25.35 62.21 83.37 0.455 0x0000FF
