-113.41 -636.22 -9.65 -106.77 -643.39 -4.12 0.615 0x0000FF
-114.63 -635.0 -9.65 -113.41 -636.22 -9.65 0.615 0x0000FF
-116.35 -634.15 -9.65 -114.63 -635.0 -9.65 0.615 0x0000FF
-119.66 -632.92 -9.65 -116.35 -634.15 -9.65 0.615 0x0000FF
-121.99 -631.84 -9.65 -119.66 -632.92 -9.65 0.615 0x0000FF
-122.36 -631.35 -9.65 -121.99 -631.84 -9.65 0.615 0x0000FF
-122.53 -630.48 -9.88 -122.36 -631.35 -9.65 0.55 0x0000FF
-122.77 -630.0 -9.88 -122.53 -630.48 -9.88 0.55 0x0000FF
-123.75 -628.66 -9.88 -122.77 -630.0 -9.88 0.55 0x0000FF
-124.37 -627.44 -10.18 -123.75 -628.66 -9.88 0.55 0x0000FF
-124.98 -626.34 -10.56 -124.37 -627.44 -10.18 0.55 0x0000FF
-125.72 -624.52 -10.71 -124.98 -626.34 -10.56 0.55 0x0000FF
-125.72 -623.41 -11.47 -125.72 -624.52 -10.71 0.55 0x0000FF
-125.84 -622.69 -12.3 -125.72 -623.41 -11.47 0.55 0x0000FF
-126.08 -621.96 -13.14 -125.84 -622.69 -12.3 0.55 0x0000FF
-126.33 -621.35 -13.89 -126.08 -621.96 -13.14 0.55 0x0000FF
-126.7 -620.5 -14.8 -126.33 -621.35 -13.89 0.55 0x0000FF
-126.94 -619.77 -15.63 -126.7 -620.5 -14.8 0.55 0x0000FF
-126.94 -619.28 -15.94 -126.94 -619.77 -15.63 0.55 0x0000FF
-126.94 -618.42 -16.47 -126.94 -619.28 -15.94 0.55 0x0000FF
-126.94 -616.24 -17.38 -126.94 -618.42 -16.47 0.43 0x0000FF
-126.94 -614.29 -17.53 -126.94 -616.24 -17.38 0.43 0x0000FF
-126.94 -611.98 -17.6 -126.94 -614.29 -17.53 0.43 0x0000FF
-126.94 -610.03 -17.6 -126.94 -611.98 -17.6 0.43 0x0000FF
-126.94 -608.08 -17.6 -126.94 -610.03 -17.6 0.43 0x0000FF
-127.05 -604.29 -17.6 -126.94 -608.08 -17.6 0.305 0x0000FF
-128.15 -602.47 -17.6 -127.05 -604.29 -17.6 0.305 0x0000FF
-129.26 -601.13 -17.68 -128.15 -602.47 -17.6 0.305 0x0000FF
-130.24 -599.41 -17.91 -129.26 -601.13 -17.68 0.305 0x0000FF
-131.47 -597.23 -18.29 -130.24 -599.41 -17.91 0.305 0x0000FF
-132.94 -594.91 -18.44 -131.47 -597.23 -18.29 0.305 0x0000FF
-134.53 -591.75 -18.66 -132.94 -594.91 -18.44 0.305 0x0000FF
-136.25 -587.86 -18.66 -134.53 -591.75 -18.66 0.305 0x0000FF
-139.19 -581.04 -18.82 -136.25 -587.86 -18.66 0.305 0x0000FF
-142.51 -575.67 -18.82 -139.19 -581.04 -18.82 0.305 0x0000FF
-146.06 -573.0 -18.82 -142.51 -575.67 -18.82 0.305 0x0000FF
-148.88 -571.41 -18.82 -146.06 -573.0 -18.82 0.305 0x0000FF
-153.79 -568.99 -18.82 -148.88 -571.41 -18.82 0.305 0x0000FF
-155.13 -567.65 -18.82 -153.79 -568.99 -18.82 0.305 0x0000FF
-156.24 -566.3 -18.82 -155.13 -567.65 -18.82 0.305 0x0000FF
-157.72 -563.75 -18.82 -156.24 -566.3 -18.82 0.305 0x0000FF
-159.31 -560.71 -18.82 -157.72 -563.75 -18.82 0.305 0x0000FF
-159.26 -559.86 -18.97 -159.31 -560.71 -18.82 0.305 0x0000FF
-159.26 -555.12 -18.97 -159.26 -559.86 -18.97 0.305 0x0000FF
-160.49 -550.85 -18.97 -159.26 -555.12 -18.97 0.305 0x0000FF
-161.83 -548.41 -18.97 -160.49 -550.85 -18.97 0.305 0x0000FF
-163.31 -545.01 -18.97 -161.83 -548.41 -18.97 0.305 0x0000FF
-164.04 -541.24 -18.97 -163.31 -545.01 -18.97 0.305 0x0000FF
-164.9 -534.41 -18.97 -164.04 -541.24 -18.97 0.305 0x0000FF
-166.01 -531.37 -18.97 -164.9 -534.41 -18.97 0.305 0x0000FF
-167.11 -528.33 -18.97 -166.01 -531.37 -18.97 0.305 0x0000FF
-168.7 -524.55 -18.97 -167.11 -528.33 -18.97 0.305 0x0000FF
-170.18 -522.73 -18.97 -168.7 -524.55 -18.97 0.305 0x0000FF
-172.38 -520.29 -18.97 -170.18 -522.73 -18.97 0.305 0x0000FF
-174.35 -518.1 -18.97 -172.38 -520.29 -18.97 0.305 0x0000FF
-176.68 -516.03 -18.97 -174.35 -518.1 -18.97 0.305 0x0000FF
-179.99 -512.14 -18.97 -176.68 -516.03 -18.97 0.305 0x0000FF
-181.83 -509.34 -18.97 -179.99 -512.14 -18.97 0.305 0x0000FF
-185.47 -501.37 -18.97 -181.83 -509.34 -18.97 0.305 0x0000FF
-186.81 -497.84 -18.97 -185.47 -501.37 -18.97 0.305 0x0000FF
-188.9 -493.09 -18.97 -186.81 -497.84 -18.97 0.305 0x0000FF
-191.23 -487.49 -18.97 -188.9 -493.09 -18.97 0.305 0x0000FF
-192.95 -484.08 -18.97 -191.23 -487.49 -18.97 0.305 0x0000FF
-194.42 -481.16 -18.97 -192.95 -484.08 -18.97 0.305 0x0000FF
-196.51 -477.87 -18.97 -194.42 -481.16 -18.97 0.305 0x0000FF
-200.19 -475.31 -18.97 -196.51 -477.87 -18.97 0.305 0x0000FF
-203.99 -473.36 -18.97 -200.19 -475.31 -18.97 0.305 0x0000FF
-207.55 -471.9 -18.97 -203.99 -473.36 -18.97 0.305 0x0000FF
-210.12 -469.83 -18.97 -207.55 -471.9 -18.97 0.305 0x0000FF
-212.33 -466.79 -18.97 -210.12 -469.83 -18.97 0.305 0x0000FF
-213.8 -464.72 -18.97 -212.33 -466.79 -18.97 0.305 0x0000FF
-214.66 -462.41 -18.97 -213.8 -464.72 -18.97 0.305 0x0000FF
-214.91 -460.7 -18.97 -214.66 -462.41 -18.97 0.305 0x0000FF
-215.19 -459.93 -18.97 -214.91 -460.7 -18.97 0.43 0x0000FF
-214.92 -459.01 -18.97 -215.19 -459.93 -18.97 0.245 0x0000FF
-214.19 -455.6 -18.97 -214.92 -459.01 -18.97 0.245 0x0000FF
-214.19 -451.58 -18.97 -214.19 -455.6 -18.97 0.245 0x0000FF
-214.68 -447.8 -18.97 -214.19 -451.58 -18.97 0.245 0x0000FF
-215.54 -441.6 -18.97 -214.68 -447.8 -18.97 0.245 0x0000FF
-215.66 -437.09 -18.97 -215.54 -441.6 -18.97 0.245 0x0000FF
-215.78 -434.66 -18.97 -215.66 -437.09 -18.97 0.245 0x0000FF
-216.15 -432.22 -18.97 -215.78 -434.66 -18.97 0.245 0x0000FF
-216.89 -427.72 -18.97 -216.15 -432.22 -18.97 0.245 0x0000FF
-218.36 -424.67 -18.97 -216.89 -427.72 -18.97 0.245 0x0000FF
-220.32 -420.17 -18.97 -218.36 -424.67 -18.97 0.245 0x0000FF
-222.77 -415.91 -18.97 -220.32 -420.17 -18.97 0.245 0x0000FF
-224.98 -411.77 -18.97 -222.77 -415.91 -18.97 0.245 0x0000FF
-226.58 -407.38 -18.97 -224.98 -411.77 -18.97 0.245 0x0000FF
-227.19 -403.37 -18.97 -226.58 -407.38 -18.97 0.245 0x0000FF
-227.8 -400.44 -18.97 -227.19 -403.37 -18.97 0.245 0x0000FF
-227.93 -397.16 -18.97 -227.8 -400.44 -18.97 0.245 0x0000FF
-227.93 -394.6 -18.97 -227.93 -397.16 -18.97 0.245 0x0000FF
-227.93 -393.14 -18.97 -227.93 -394.6 -18.97 0.245 0x0000FF
-228.05 -390.95 -18.97 -227.93 -393.14 -18.97 0.245 0x0000FF
-228.29 -388.51 -18.97 -228.05 -390.95 -18.97 0.245 0x0000FF
-228.54 -386.56 -18.97 -228.29 -388.51 -18.97 0.245 0x0000FF
-228.54 -383.76 -18.97 -228.54 -386.56 -18.97 0.245 0x0000FF
-228.91 -381.45 -18.97 -228.54 -383.76 -18.97 0.245 0x0000FF
-230.19 -376.26 -18.97 -228.91 -381.45 -18.97 0.245 0x0000FF
-230.43 -373.95 -18.97 -230.19 -376.26 -18.97 0.245 0x0000FF
-230.43 -369.32 -18.97 -230.43 -373.95 -18.97 0.245 0x0000FF
-216.17 -458.59 -18.97 -215.19 -459.93 -18.97 0.245 0x0000FF
-217.15 -457.61 -18.97 -216.17 -458.59 -18.97 0.245 0x0000FF
-218.26 -456.64 -18.97 -217.15 -457.61 -18.97 0.245 0x0000FF
-220.71 -454.2 -18.97 -218.26 -456.64 -18.97 0.245 0x0000FF
-224.88 -451.4 -18.97 -220.71 -454.2 -18.97 0.245 0x0000FF
-227.58 -448.12 -18.97 -224.88 -451.4 -18.97 0.245 0x0000FF
-227.7 -446.78 -18.97 -227.58 -448.12 -18.97 0.245 0x0000FF
-227.7 -445.8 -18.97 -227.7 -446.78 -18.97 0.245 0x0000FF
-227.46 -444.34 -18.97 -227.7 -445.8 -18.97 0.245 0x0000FF
-227.21 -443.49 -18.97 -227.46 -444.34 -18.97 0.245 0x0000FF
-227.09 -442.4 -18.97 -227.21 -443.49 -18.97 0.245 0x0000FF
-227.09 -440.93 -18.97 -227.09 -442.4 -18.97 0.245 0x0000FF
-227.09 -439.84 -18.97 -227.09 -440.93 -18.97 0.245 0x0000FF
-227.09 -438.26 -18.97 -227.09 -439.84 -18.97 0.245 0x0000FF
-227.09 -436.55 -18.97 -227.09 -438.26 -18.97 0.245 0x0000FF
-227.46 -433.75 -18.97 -227.09 -436.55 -18.97 0.245 0x0000FF
-228.32 -431.8 -18.97 -227.46 -433.75 -18.97 0.245 0x0000FF
-228.66 -428.2 -18.97 -228.32 -431.8 -18.97 0.245 0x0000FF
-230.01 -425.16 -18.97 -228.66 -428.2 -18.97 0.245 0x0000FF
-232.34 -421.75 -18.97 -230.01 -425.16 -18.97 0.245 0x0000FF
-234.8 -418.58 -18.97 -232.34 -421.75 -18.97 0.245 0x0000FF
-236.51 -416.51 -18.97 -234.8 -418.58 -18.97 0.245 0x0000FF
-239.95 -409.21 -18.97 -236.51 -416.51 -18.97 0.245 0x0000FF
-241.79 -407.14 -18.97 -239.95 -409.21 -18.97 0.245 0x0000FF
-243.02 -406.04 -18.97 -241.79 -407.14 -18.97 0.245 0x0000FF
-163.11 -560.1 -18.82 -159.31 -560.71 -18.82 0.305 0x0000FF
-164.83 -558.39 -18.82 -163.11 -560.1 -18.82 0.305 0x0000FF
-166.89 -553.52 -18.89 -164.83 -558.39 -18.82 0.305 0x0000FF
-168.37 -550.96 -18.89 -166.89 -553.52 -18.89 0.305 0x0000FF
-169.71 -548.04 -18.89 -168.37 -550.96 -18.89 0.305 0x0000FF
-170.94 -545.6 -18.89 -169.71 -548.04 -18.89 0.305 0x0000FF
-172.41 -542.91 -18.89 -170.94 -545.6 -18.89 0.305 0x0000FF
-175.36 -536.71 -18.89 -172.41 -542.91 -18.89 0.305 0x0000FF
-176.71 -533.66 -18.89 -175.36 -536.71 -18.89 0.305 0x0000FF
-178.79 -530.5 -18.89 -176.71 -533.66 -18.89 0.305 0x0000FF
-180.51 -527.22 -19.27 -178.79 -530.5 -18.89 0.305 0x0000FF
-182.35 -525.27 -19.64 -180.51 -527.22 -19.27 0.305 0x0000FF
-183.21 -524.41 -20.18 -182.35 -525.27 -19.64 0.305 0x0000FF
-185.17 -522.96 -20.18 -183.21 -524.41 -20.18 0.305 0x0000FF
-185.17 -522.71 -20.18 -185.17 -522.96 -20.18 0.305 0x0000FF
-186.03 -520.28 -20.18 -185.17 -522.71 -20.18 0.305 0x0000FF
-187.26 -518.21 -20.18 -186.03 -520.28 -20.18 0.305 0x0000FF
-189.96 -514.67 -20.18 -187.26 -518.21 -20.18 0.305 0x0000FF
-191.06 -512.24 -20.18 -189.96 -514.67 -20.18 0.305 0x0000FF
-192.41 -510.29 -20.18 -191.06 -512.24 -20.18 0.305 0x0000FF
-193.39 -509.08 -20.18 -192.41 -510.29 -20.18 0.305 0x0000FF
-194.49 -507.86 -20.18 -193.39 -509.08 -20.18 0.305 0x0000FF
-197.75 -498.29 -20.26 -194.49 -507.86 -20.18 0.305 0x0000FF
-198.86 -495.98 -20.26 -197.75 -498.29 -20.26 0.305 0x0000FF
-200.45 -492.33 -20.26 -198.86 -495.98 -20.26 0.305 0x0000FF
-202.05 -488.68 -20.26 -200.45 -492.33 -20.26 0.305 0x0000FF
-203.39 -485.63 -20.26 -202.05 -488.68 -20.26 0.305 0x0000FF
-204.87 -483.32 -20.26 -203.39 -485.63 -20.26 0.305 0x0000FF
-206.46 -481.25 -20.26 -204.87 -483.32 -20.26 0.305 0x0000FF
-207.81 -479.42 -20.26 -206.46 -481.25 -20.26 0.305 0x0000FF
-209.28 -476.26 -20.41 -207.81 -479.42 -20.26 0.305 0x0000FF
-210.14 -474.8 -20.79 -209.28 -476.26 -20.41 0.305 0x0000FF
-211.61 -472.73 -21.32 -210.14 -474.8 -20.79 0.305 0x0000FF
-212.96 -470.05 -21.69 -211.61 -472.73 -21.32 0.305 0x0000FF
-213.94 -467.61 -22.15 -212.96 -470.05 -21.69 0.305 0x0000FF
-214.68 -466.27 -22.6 -213.94 -467.61 -22.15 0.305 0x0000FF
-215.42 -464.69 -22.91 -214.68 -466.27 -22.6 0.305 0x0000FF
-215.78 -463.72 -23.44 -215.42 -464.69 -22.91 0.305 0x0000FF
-216.64 -461.89 -23.97 -215.78 -463.72 -23.44 0.305 0x0000FF
-217.62 -460.55 -23.97 -216.64 -461.89 -23.97 0.305 0x0000FF
-218.24 -459.82 -23.97 -217.62 -460.55 -23.97 0.305 0x0000FF
-186.52 -521.86 -20.26 -185.17 -522.96 -20.18 0.305 0x0000FF
-188.36 -521.13 -20.26 -186.52 -521.86 -20.26 0.305 0x0000FF
-190.57 -520.76 -20.26 -188.36 -521.13 -20.26 0.305 0x0000FF
-193.02 -520.03 -20.26 -190.57 -520.76 -20.26 0.305 0x0000FF
-194.25 -519.54 -20.26 -193.02 -520.03 -20.26 0.305 0x0000FF
-123.83 -632.08 -9.65 -122.36 -631.35 -9.65 0.49 0x0000FF
-129.35 -631.47 -9.65 -123.83 -632.08 -9.65 0.49 0x0000FF
-131.93 -631.71 -9.65 -129.35 -631.47 -9.65 0.49 0x0000FF
-134.26 -632.8 -9.65 -131.93 -631.71 -9.65 0.49 0x0000FF
-135.61 -634.03 -9.65 -134.26 -632.8 -9.65 0.49 0x0000FF
-136.96 -636.71 -9.65 -135.61 -634.03 -9.65 0.49 0x0000FF
-138.43 -638.78 -9.65 -136.96 -636.71 -9.65 0.49 0x0000FF
-139.9 -640.24 -9.65 -138.43 -638.78 -9.65 0.49 0x0000FF
-143.71 -641.82 -9.65 -139.9 -640.24 -9.65 0.49 0x0000FF
-143.75 -641.67 -9.65 -143.71 -641.82 -9.65 0.43 0x0000FF
-144.72 -641.92 -9.65 -143.75 -641.67 -9.65 0.43 0x0000FF
-145.59 -642.16 -9.94 -144.72 -641.92 -9.65 0.43 0x0000FF
-146.82 -642.9 -10.11 -145.59 -642.16 -9.94 0.43 0x0000FF
-147.8 -643.51 -10.18 -146.82 -642.9 -10.11 0.43 0x0000FF
-148.9 -644.0 -10.18 -147.8 -643.51 -10.18 0.43 0x0000FF
-149.88 -644.48 -10.18 -148.9 -644.0 -10.18 0.37 0x0000FF
-151.85 -644.48 -10.18 -149.88 -644.48 -10.18 0.37 0x0000FF
-156.13 -644.36 -10.18 -151.85 -644.48 -10.18 0.37 0x0000FF
-158.59 -644.85 -10.18 -156.13 -644.36 -10.18 0.37 0x0000FF
-161.66 -646.07 -10.18 -158.59 -644.85 -10.18 0.37 0x0000FF
-163.74 -646.19 -10.18 -161.66 -646.07 -10.18 0.37 0x0000FF
-167.55 -646.42 -10.18 -163.74 -646.19 -10.18 0.37 0x0000FF
-170.37 -646.42 -10.18 -167.55 -646.42 -10.18 0.37 0x0000FF
-173.93 -647.04 -10.18 -170.37 -646.42 -10.18 0.37 0x0000FF
-177.12 -647.28 -10.18 -173.93 -647.04 -10.18 0.37 0x0000FF
-180.67 -647.65 -10.18 -177.12 -647.28 -10.18 0.37 0x0000FF
-183.62 -649.35 -10.18 -180.67 -647.65 -10.18 0.37 0x0000FF
-187.17 -651.54 -10.18 -183.62 -649.35 -10.18 0.37 0x0000FF
-189.26 -652.64 -10.18 -187.17 -651.54 -10.18 0.37 0x0000FF
-192.45 -653.37 -10.18 -189.26 -652.64 -10.18 0.37 0x0000FF
-196.25 -653.25 -10.18 -192.45 -653.37 -10.18 0.37 0x0000FF
-199.07 -653.13 -10.18 -196.25 -653.25 -10.18 0.37 0x0000FF
-201.65 -652.76 -10.18 -199.07 -653.13 -10.18 0.37 0x0000FF
-206.92 -655.2 -10.18 -201.65 -652.76 -10.18 0.37 0x0000FF
-209.99 -655.81 -10.18 -206.92 -655.2 -10.18 0.37 0x0000FF
-214.04 -655.44 -10.18 -209.99 -655.81 -10.18 0.37 0x0000FF
-217.23 -655.93 -10.18 -214.04 -655.44 -10.18 0.37 0x0000FF
-217.6 -655.93 -10.18 -217.23 -655.93 -10.18 0.37 0x0000FF
-149.02 -645.82 -10.18 -148.9 -644.0 -10.18 0.43 0x0000FF
-150.37 -648.87 -10.18 -149.02 -645.82 -10.18 0.43 0x0000FF
-152.09 -650.69 -10.18 -150.37 -648.87 -10.18 0.43 0x0000FF
-153.32 -651.79 -10.18 -152.09 -650.69 -10.18 0.305 0x0000FF
-154.54 -653.01 -10.18 -153.32 -651.79 -10.18 0.305 0x0000FF
-155.53 -654.59 -10.18 -154.54 -653.01 -10.18 0.305 0x0000FF
-156.88 -656.17 -10.18 -155.53 -654.59 -10.18 0.185 0x0000FF
-157.72 -657.76 -10.18 -156.88 -656.17 -10.18 0.185 0x0000FF
-143.22 -643.65 -9.65 -143.71 -641.82 -9.65 0.49 0x0000FF
-144.32 -645.47 -9.65 -143.22 -643.65 -9.65 0.49 0x0000FF
-144.19 -650.22 -9.65 -144.32 -645.47 -9.65 0.49 0x0000FF
-144.19 -652.78 -9.65 -144.19 -650.22 -9.65 0.49 0x0000FF
-144.19 -655.58 -9.65 -144.19 -652.78 -9.65 0.49 0x0000FF
-144.32 -657.28 -9.65 -144.19 -655.58 -9.65 0.49 0x0000FF
-144.12 -660.07 -9.65 -144.32 -657.28 -9.65 0.43 0x0000FF
-145.1 -664.33 -9.65 -144.12 -660.07 -9.65 0.43 0x0000FF
-145.1 -667.86 -9.65 -145.1 -664.33 -9.65 0.43 0x0000FF
-145.1 -670.17 -9.65 -145.1 -667.86 -9.65 0.43 0x0000FF
-108.37 -633.9 -1.85 -106.77 -643.39 -4.12 0.615 0x0000FF
-106.04 -630.74 -1.85 -108.37 -633.9 -1.85 0.615 0x0000FF
-103.71 -628.79 -1.85 -106.04 -630.74 -1.85 0.615 0x0000FF
-101.13 -626.23 -1.85 -103.71 -628.79 -1.85 0.615 0x0000FF
-95.98 -624.41 -1.85 -101.13 -626.23 -1.85 0.43 0x0000FF
-94.75 -622.95 -1.85 -95.98 -624.41 -1.85 0.43 0x0000FF
-93.49 -621.29 -1.85 -94.75 -622.95 -1.85 0.43 0x0000FF
-92.88 -620.45 -1.85 -93.49 -621.29 -1.85 0.43 0x0000FF
-92.51 -619.11 -1.85 -92.88 -620.45 -1.85 0.43 0x0000FF
-92.51 -618.14 -1.85 -92.51 -619.11 -1.85 0.43 0x0000FF
-92.39 -616.91 -1.85 -92.51 -618.14 -1.85 0.43 0x0000FF
-93.0 -616.07 -1.85 -92.39 -616.91 -1.85 0.43 0x0000FF
-93.49 -613.27 -1.85 -93.0 -616.07 -1.85 0.43 0x0000FF
-94.23 -609.49 -1.85 -93.49 -613.27 -1.85 0.43 0x0000FF
-94.23 -606.69 -1.85 -94.23 -609.49 -1.85 0.43 0x0000FF
-93.98 -606.65 -1.85 -94.23 -606.69 -1.85 0.305 0x0000FF
-93.37 -604.34 -1.85 -93.98 -606.65 -1.85 0.305 0x0000FF
-93.0 -601.54 -1.85 -93.37 -604.34 -1.85 0.305 0x0000FF
-92.88 -599.35 -1.85 -93.0 -601.54 -1.85 0.305 0x0000FF
-91.9 -596.17 -1.85 -92.88 -599.35 -1.85 0.305 0x0000FF
-89.93 -592.65 -1.85 -91.9 -596.17 -1.85 0.305 0x0000FF
-88.09 -590.34 -1.85 -89.93 -592.65 -1.85 0.305 0x0000FF
-85.89 -587.9 -1.85 -88.09 -590.34 -1.85 0.305 0x0000FF
-83.06 -585.1 -1.85 -85.89 -587.9 -1.85 0.305 0x0000FF
-80.86 -582.54 -1.85 -83.06 -585.1 -1.85 0.305 0x0000FF
-77.67 -578.16 -1.85 -80.86 -582.54 -1.85 0.305 0x0000FF
-76.06 -574.14 -1.85 -77.67 -578.16 -1.85 0.305 0x0000FF
-75.58 -571.1 -1.85 -76.06 -574.14 -1.85 0.305 0x0000FF
-75.58 -569.03 -1.85 -75.58 -571.1 -1.85 0.305 0x0000FF
-75.01 -568.74 -1.85 -75.58 -569.03 -1.85 0.305 0x0000FF
-71.45 -566.3 -1.85 -75.01 -568.74 -1.85 0.305 0x0000FF
-68.39 -564.97 -1.85 -71.45 -566.3 -1.85 0.305 0x0000FF
-64.7 -563.02 -1.85 -68.39 -564.97 -1.85 0.305 0x0000FF
-61.27 -559.25 -1.85 -64.7 -563.02 -1.85 0.305 0x0000FF
-60.17 -557.29 -1.85 -61.27 -559.25 -1.85 0.305 0x0000FF
-58.21 -554.62 -1.85 -60.17 -557.29 -1.85 0.305 0x0000FF
-56.74 -552.79 -1.85 -58.21 -554.62 -1.85 0.305 0x0000FF
-54.9 -551.21 -1.85 -56.74 -552.79 -1.85 0.305 0x0000FF
-52.44 -549.38 -1.85 -54.9 -551.21 -1.85 0.305 0x0000FF
-49.01 -546.95 -1.85 -52.44 -549.38 -1.85 0.305 0x0000FF
-45.57 -545.24 -1.85 -49.01 -546.95 -1.85 0.305 0x0000FF
-42.38 -543.54 -1.85 -45.57 -545.24 -1.85 0.305 0x0000FF
-39.93 -542.44 -1.85 -42.38 -543.54 -1.85 0.305 0x0000FF
-36.25 -542.08 -1.85 -39.93 -542.44 -1.85 0.305 0x0000FF
-33.54 -541.47 -1.85 -36.25 -542.08 -1.85 0.305 0x0000FF
-31.1 -540.01 -1.85 -33.54 -541.47 -1.85 0.305 0x0000FF
-29.01 -538.05 -1.85 -31.1 -540.01 -1.85 0.305 0x0000FF
-27.66 -536.48 -1.85 -29.01 -538.05 -1.85 0.305 0x0000FF
-25.45 -535.02 -1.85 -27.66 -536.48 -1.85 0.305 0x0000FF
-23.25 -533.42 -1.85 -25.45 -535.02 -1.85 0.305 0x0000FF
-20.92 -530.39 -1.85 -23.25 -533.42 -1.85 0.305 0x0000FF
-20.18 -528.8 -1.85 -20.92 -530.39 -1.85 0.305 0x0000FF
-17.73 -526.13 -1.85 -20.18 -528.8 -1.85 0.305 0x0000FF
-16.5 -524.66 -1.85 -17.73 -526.13 -1.85 0.305 0x0000FF
-77.05 -567.2 -1.85 -75.58 -569.03 -1.85 0.305 0x0000FF
-79.14 -564.89 -1.85 -77.05 -567.2 -1.85 0.305 0x0000FF
-81.22 -561.6 -1.85 -79.14 -564.89 -1.85 0.305 0x0000FF
-82.94 -559.41 -1.85 -81.22 -561.6 -1.85 0.305 0x0000FF
-85.15 -556.0 -1.85 -82.94 -559.41 -1.85 0.305 0x0000FF
-85.66 -552.97 -1.85 -85.15 -556.0 -1.85 0.305 0x0000FF
-87.63 -547.98 -1.85 -85.66 -552.97 -1.85 0.305 0x0000FF
-88.12 -542.62 -1.85 -87.63 -547.98 -1.85 0.305 0x0000FF
-89.47 -538.6 -1.85 -88.12 -542.62 -1.85 0.305 0x0000FF
-91.06 -534.83 -1.85 -89.47 -538.6 -1.85 0.305 0x0000FF
-92.04 -530.69 -1.85 -91.06 -534.83 -1.85 0.305 0x0000FF
-92.04 -527.16 -1.85 -92.04 -530.69 -1.85 0.305 0x0000FF
-92.04 -522.16 -1.85 -92.04 -527.16 -1.85 0.305 0x0000FF
-92.53 -517.66 -1.85 -92.04 -522.16 -1.85 0.305 0x0000FF
-94.0 -512.79 -1.85 -92.53 -517.66 -1.85 0.305 0x0000FF
-95.23 -509.75 -1.85 -94.0 -512.79 -1.85 0.305 0x0000FF
-95.48 -505.61 -1.85 -95.23 -509.75 -1.85 0.305 0x0000FF
-94.72 -500.94 -1.85 -95.48 -505.61 -1.85 0.305 0x0000FF
-94.84 -496.8 -1.85 -94.72 -500.94 -1.85 0.305 0x0000FF
-94.1 -491.57 -1.85 -94.84 -496.8 -1.85 0.305 0x0000FF
-94.1 -484.87 -1.85 -94.1 -491.57 -1.85 0.305 0x0000FF
-94.72 -480.97 -1.85 -94.1 -484.87 -1.85 0.305 0x0000FF
-94.72 -476.35 -1.85 -94.72 -480.97 -1.85 0.305 0x0000FF
-94.45 -473.47 -1.85 -94.72 -476.35 -1.85 0.305 0x0000FF
-94.2 -469.46 -1.85 -94.45 -473.47 -1.85 0.305 0x0000FF
-94.2 -463.86 -1.85 -94.2 -469.46 -1.85 0.305 0x0000FF
-95.43 -458.38 -1.85 -94.2 -463.86 -1.85 0.305 0x0000FF
-97.02 -454.72 -1.85 -95.43 -458.38 -1.85 0.305 0x0000FF
-98.62 -450.71 -1.85 -97.02 -454.72 -1.85 0.305 0x0000FF
-99.72 -446.45 -1.85 -98.62 -450.71 -1.85 0.305 0x0000FF
-101.07 -439.26 -1.85 -99.72 -446.45 -1.85 0.185 0x0000FF
-95.58 -474.77 -1.85 -94.72 -476.35 -1.85 0.305 0x0000FF
-97.66 -471.6 -1.85 -95.58 -474.77 -1.85 0.305 0x0000FF
-101.1 -468.8 -1.85 -97.66 -471.6 -1.85 0.305 0x0000FF
-103.43 -466.97 -1.85 -101.1 -468.8 -1.85 0.305 0x0000FF
-109.19 -461.13 -1.85 -103.43 -466.97 -1.85 0.305 0x0000FF
-111.4 -458.82 -1.85 -109.19 -461.13 -1.85 0.305 0x0000FF
-113.12 -455.89 -1.85 -111.4 -458.82 -1.85 0.305 0x0000FF
-114.93 -450.34 -1.85 -113.12 -455.89 -1.85 0.305 0x0000FF
-115.18 -445.11 -1.85 -114.93 -450.34 -1.85 0.305 0x0000FF
-115.92 -440.6 -1.85 -115.18 -445.11 -1.85 0.305 0x0000FF
-117.27 -437.31 -1.85 -115.92 -440.6 -1.85 0.305 0x0000FF
-118.61 -434.15 -1.85 -117.27 -437.31 -1.85 0.305 0x0000FF
-119.23 -431.11 -1.85 -118.61 -434.15 -1.85 0.305 0x0000FF
-119.23 -430.01 -1.85 -119.23 -431.11 -1.85 0.305 0x0000FF
-95.58 -605.72 -1.85 -94.23 -606.69 -1.85 0.305 0x0000FF
-95.7 -605.11 -1.85 -95.58 -605.72 -1.85 0.305 0x0000FF
-96.93 -603.65 -1.85 -95.7 -605.11 -1.85 0.305 0x0000FF
-99.51 -601.46 -1.85 -96.93 -603.65 -1.85 0.305 0x0000FF
-103.55 -599.51 -1.85 -99.51 -601.46 -1.85 0.305 0x0000FF
-105.03 -597.8 -1.85 -103.55 -599.51 -1.85 0.305 0x0000FF
-106.13 -595.86 -1.85 -105.03 -597.8 -1.85 0.305 0x0000FF
-107.6 -594.03 -1.85 -106.13 -595.86 -1.85 0.305 0x0000FF
-109.32 -592.21 -1.85 -107.6 -594.03 -1.85 0.305 0x0000FF
-111.16 -590.38 -1.85 -109.32 -592.21 -1.85 0.305 0x0000FF
-113.12 -586.97 -1.85 -111.16 -590.38 -1.85 0.305 0x0000FF
-114.72 -583.79 -1.85 -113.12 -586.97 -1.85 0.305 0x0000FF
-116.07 -582.1 -1.85 -114.72 -583.79 -1.85 0.305 0x0000FF
-117.78 -578.45 -1.85 -116.07 -582.1 -1.85 0.305 0x0000FF
-118.4 -572.97 -1.85 -117.78 -578.45 -1.85 0.305 0x0000FF
-118.4 -567.85 -1.85 -118.4 -572.97 -1.85 0.305 0x0000FF
-119.5 -561.16 -1.85 -118.4 -567.85 -1.85 0.305 0x0000FF
-121.83 -556.78 -1.85 -119.5 -561.16 -1.85 0.305 0x0000FF
-123.79 -553.0 -1.85 -121.83 -556.78 -1.85 0.305 0x0000FF
-124.22 -549.89 -1.85 -123.79 -553.0 -1.85 0.305 0x0000FF
-124.22 -545.87 -1.85 -124.22 -549.89 -1.85 0.305 0x0000FF
-124.34 -541.61 -1.85 -124.22 -545.87 -1.85 0.305 0x0000FF
-125.57 -537.59 -1.85 -124.34 -541.61 -1.85 0.305 0x0000FF
-127.41 -533.82 -1.85 -125.57 -537.59 -1.85 0.305 0x0000FF
-129.5 -531.26 -1.85 -127.41 -533.82 -1.85 0.305 0x0000FF
-130.97 -529.3 -1.85 -129.5 -531.26 -1.85 0.305 0x0000FF
-133.18 -527.12 -1.85 -130.97 -529.3 -1.85 0.305 0x0000FF
-134.77 -525.54 -1.85 -133.18 -527.12 -1.85 0.305 0x0000FF
-136.72 -522.62 -1.85 -134.77 -525.54 -1.85 0.305 0x0000FF
-136.97 -522.5 -1.85 -136.72 -522.62 -1.85 0.305 0x0000FF
-137.35 -518.72 -1.85 -136.97 -522.5 -1.85 0.305 0x0000FF
-137.96 -515.91 -1.85 -137.35 -518.72 -1.85 0.305 0x0000FF
-139.91 -512.15 -1.85 -137.96 -515.91 -1.85 0.305 0x0000FF
-142.25 -508.49 -1.85 -139.91 -512.15 -1.85 0.305 0x0000FF
-143.72 -507.28 -1.85 -142.25 -508.49 -1.85 0.305 0x0000FF
-144.83 -506.06 -1.85 -143.72 -507.28 -1.85 0.305 0x0000FF
-141.76 -520.54 -1.85 -136.72 -522.62 -1.85 0.305 0x0000FF
-144.22 -519.09 -1.85 -141.76 -520.54 -1.85 0.305 0x0000FF
-148.13 -517.5 -1.85 -144.22 -519.09 -1.85 0.305 0x0000FF
-150.72 -515.55 -1.85 -148.13 -517.5 -1.85 0.305 0x0000FF
-152.07 -514.22 -1.85 -150.72 -515.55 -1.85 0.305 0x0000FF
-91.04 -614.97 -1.85 -92.39 -616.91 -1.85 0.43 0x0000FF
-89.2 -610.71 -1.85 -91.04 -614.97 -1.85 0.43 0x0000FF
-88.22 -606.33 -1.85 -89.2 -610.71 -1.85 0.43 0x0000FF
-84.79 -603.04 -1.85 -88.22 -606.33 -1.85 0.43 0x0000FF
-79.51 -598.66 -1.85 -84.79 -603.04 -1.85 0.245 0x0000FF
-77.55 -597.32 -1.85 -79.51 -598.66 -1.85 0.245 0x0000FF
-76.2 -596.59 -1.85 -77.55 -597.32 -1.85 0.245 0x0000FF
-73.5 -596.47 -1.85 -76.2 -596.59 -1.85 0.245 0x0000FF
-69.08 -596.95 -1.85 -73.5 -596.47 -1.85 0.245 0x0000FF
-66.51 -597.2 -1.85 -69.08 -596.95 -1.85 0.245 0x0000FF
-63.93 -597.2 -1.85 -66.51 -597.2 -1.85 0.245 0x0000FF
-59.15 -596.59 -1.85 -63.93 -597.2 -1.85 0.245 0x0000FF
-55.96 -593.79 -1.85 -59.15 -596.59 -1.85 0.245 0x0000FF
-52.52 -590.99 -1.85 -55.96 -593.79 -1.85 0.245 0x0000FF
-48.97 -589.77 -1.85 -52.52 -590.99 -1.85 0.245 0x0000FF
-46.02 -588.91 -1.85 -48.97 -589.77 -1.85 0.245 0x0000FF
-42.59 -587.94 -1.85 -46.02 -588.91 -1.85 0.245 0x0000FF
-38.78 -586.24 -1.85 -42.59 -587.94 -1.85 0.245 0x0000FF
-36.09 -583.92 -1.85 -38.78 -586.24 -1.85 0.245 0x0000FF
-32.15 -582.47 -1.85 -36.09 -583.92 -1.85 0.245 0x0000FF
-27.99 -581.98 -1.85 -32.15 -582.47 -1.85 0.245 0x0000FF
-24.43 -581.86 -1.85 -27.99 -581.98 -1.85 0.245 0x0000FF
-22.71 -581.73 -1.85 -24.43 -581.86 -1.85 0.245 0x0000FF
-19.39 -581.49 -1.85 -22.71 -581.73 -1.85 0.245 0x0000FF
-15.97 -579.91 -1.85 -19.39 -581.49 -1.85 0.245 0x0000FF
-13.64 -578.45 -1.85 -15.97 -579.91 -1.85 0.245 0x0000FF
-10.19 -576.38 -1.85 -13.64 -578.45 -1.85 0.245 0x0000FF
-6.89 -574.79 -1.85 -10.19 -576.38 -1.85 0.245 0x0000FF
-4.68 -574.3 -1.85 -6.89 -574.79 -1.85 0.245 0x0000FF
-2.11 -574.54 -1.85 -4.68 -574.3 -1.85 0.245 0x0000FF
-0.51 -576.01 -1.85 -2.11 -574.54 -1.85 0.245 0x0000FF
0.59 -576.5 -1.85 -0.51 -576.01 -1.85 0.245 0x0000FF
-100.23 -648.23 1.41 -106.77 -643.39 -4.12 1.045 0x0000FF
-98.02 -650.05 1.41 -100.23 -648.23 1.41 1.045 0x0000FF
-95.81 -651.52 1.41 -98.02 -650.05 1.41 1.045 0x0000FF
-92.25 -654.08 1.41 -95.81 -651.52 1.41 1.045 0x0000FF
-89.92 -656.27 1.41 -92.25 -654.08 1.41 1.045 0x0000FF
-87.96 -657.24 1.41 -89.92 -656.27 1.41 1.045 0x0000FF
-88.48 -658.78 1.41 -87.96 -657.24 1.41 0.49 0x0000FF
-88.48 -660.12 1.41 -88.48 -658.78 1.41 0.49 0x0000FF
-88.73 -662.8 1.41 -88.48 -660.12 1.41 0.49 0x0000FF
-90.2 -664.99 1.41 -88.73 -662.8 1.41 0.49 0x0000FF
-92.04 -667.54 1.41 -90.2 -664.99 1.41 0.49 0x0000FF
-94.98 -671.68 1.41 -92.04 -667.54 1.41 0.49 0x0000FF
-97.31 -675.82 1.41 -94.98 -671.68 1.41 0.49 0x0000FF
-100.87 -680.57 1.41 -97.31 -675.82 1.41 0.49 0x0000FF
-103.57 -682.15 1.41 -100.87 -680.57 1.41 0.49 0x0000FF
-105.29 -683.49 1.41 -103.57 -682.15 1.41 0.245 0x0000FF
-107.01 -684.83 1.41 -105.29 -683.49 1.41 0.245 0x0000FF
-109.34 -688.12 1.41 -107.01 -684.83 1.41 0.245 0x0000FF
-110.32 -690.43 1.41 -109.34 -688.12 1.41 0.245 0x0000FF
-111.05 -693.48 1.41 -110.32 -690.43 1.41 0.245 0x0000FF
-111.05 -695.55 1.41 -111.05 -693.48 1.41 0.245 0x0000FF
-110.16 -698.66 1.41 -111.05 -695.55 1.41 0.245 0x0000FF
-108.07 -702.92 1.41 -110.16 -698.66 1.41 0.245 0x0000FF
-107.34 -706.45 1.41 -108.07 -702.92 1.41 0.245 0x0000FF
-106.6 -709.98 1.41 -107.34 -706.45 1.41 0.245 0x0000FF
-105.99 -715.58 1.41 -106.6 -709.98 1.41 0.245 0x0000FF
-106.23 -721.79 1.41 -105.99 -715.58 1.41 0.245 0x0000FF
-107.71 -726.18 1.41 -106.23 -721.79 1.41 0.245 0x0000FF
-109.05 -729.83 1.41 -107.71 -726.18 1.41 0.245 0x0000FF
-109.91 -731.53 1.41 -109.05 -729.83 1.41 0.245 0x0000FF
-87.59 -658.46 1.41 -87.96 -657.24 1.41 0.735 0x0000FF
-86.24 -659.19 1.41 -87.59 -658.46 1.41 0.735 0x0000FF
-84.04 -661.63 1.41 -86.24 -659.19 1.41 0.735 0x0000FF
-82.07 -663.45 1.41 -84.04 -661.63 1.41 0.735 0x0000FF
-81.54 -663.33 1.41 -82.07 -663.45 1.41 0.55 0x0000FF
-78.84 -661.87 1.41 -81.54 -663.33 1.41 0.55 0x0000FF
-75.77 -659.8 1.41 -78.84 -661.87 1.41 0.55 0x0000FF
-73.2 -658.34 1.41 -75.77 -659.8 1.41 0.55 0x0000FF
-70.13 -657.49 1.41 -73.2 -658.34 1.41 0.55 0x0000FF
-68.41 -657.12 1.41 -70.13 -657.49 1.41 0.55 0x0000FF
-67.75 -656.83 1.41 -68.41 -657.12 1.41 0.305 0x0000FF
-64.56 -656.71 1.41 -67.75 -656.83 1.41 0.305 0x0000FF
-61.37 -656.71 1.41 -64.56 -656.71 1.41 0.305 0x0000FF
-59.66 -656.47 1.41 -61.37 -656.71 1.41 0.305 0x0000FF
-53.15 -657.07 1.41 -59.66 -656.47 1.41 0.305 0x0000FF
-48.74 -657.44 1.41 -53.15 -657.07 1.41 0.305 0x0000FF
-46.04 -657.44 1.41 -48.74 -657.44 1.41 0.305 0x0000FF
-41.13 -657.56 1.41 -46.04 -657.44 1.41 0.305 0x0000FF
-38.07 -655.98 1.41 -41.13 -657.56 1.41 0.305 0x0000FF
-35.24 -654.88 1.41 -38.07 -655.98 1.41 0.305 0x0000FF
-31.2 -654.15 1.41 -35.24 -654.88 1.41 0.305 0x0000FF
-28.62 -653.17 1.41 -31.2 -654.15 1.41 0.305 0x0000FF
-24.94 -652.92 1.41 -28.62 -653.17 1.41 0.305 0x0000FF
-19.54 -651.84 1.41 -24.94 -652.92 1.41 0.305 0x0000FF
-15.37 -649.77 1.41 -19.54 -651.84 1.41 0.305 0x0000FF
-11.81 -648.42 1.41 -15.37 -649.77 1.41 0.305 0x0000FF
-6.17 -646.6 1.41 -11.81 -648.42 1.41 0.305 0x0000FF
-1.02 -645.02 1.41 -6.17 -646.6 1.41 0.305 0x0000FF
6.34 -642.95 1.41 -1.02 -645.02 1.41 0.305 0x0000FF
11.37 -641.12 1.41 6.34 -642.95 1.41 0.305 0x0000FF
16.28 -639.66 1.41 11.37 -641.12 1.41 0.305 0x0000FF
21.18 -638.08 1.41 16.28 -639.66 1.41 0.305 0x0000FF
25.6 -636.25 1.41 21.18 -638.08 1.41 0.305 0x0000FF
27.07 -635.16 1.41 25.6 -636.25 1.41 0.305 0x0000FF
-68.05 -656.52 1.41 -68.41 -657.12 1.41 0.43 0x0000FF
-67.56 -654.08 1.41 -68.05 -656.52 1.41 0.43 0x0000FF
-64.48 -650.3 1.41 -67.56 -654.08 1.41 0.43 0x0000FF
-62.77 -648.6 1.41 -64.48 -650.3 1.41 0.43 0x0000FF
-61.79 -648.72 1.41 -62.77 -648.6 1.41 0.305 0x0000FF
-60.32 -648.72 1.41 -61.79 -648.72 1.41 0.305 0x0000FF
-53.69 -646.78 1.41 -60.32 -648.72 1.41 0.305 0x0000FF
-51.98 -645.55 1.41 -53.69 -646.78 1.41 0.305 0x0000FF
-46.33 -644.46 1.41 -51.98 -645.55 1.41 0.305 0x0000FF
-44.0 -644.1 1.41 -46.33 -644.46 1.41 0.305 0x0000FF
-43.46 -644.16 1.41 -44.0 -644.1 1.41 0.49 0x0000FF
-41.87 -643.91 1.41 -43.46 -644.16 1.41 0.49 0x0000FF
-37.08 -643.91 1.41 -41.87 -643.91 1.41 0.49 0x0000FF
-33.28 -643.44 1.41 -37.08 -643.91 1.41 0.49 0x0000FF
-29.6 -642.34 1.41 -33.28 -643.44 1.41 0.49 0x0000FF
-27.02 -641.73 1.41 -29.6 -642.34 1.41 0.49 0x0000FF
-25.8 -641.12 1.41 -27.02 -641.73 1.41 0.49 0x0000FF
-23.59 -640.27 1.41 -25.8 -641.12 1.41 0.305 0x0000FF
-21.01 -639.54 1.41 -23.59 -640.27 1.41 0.305 0x0000FF
-19.3 -638.45 1.41 -21.01 -639.54 1.41 0.305 0x0000FF
-18.93 -637.23 1.41 -19.3 -638.45 1.41 0.305 0x0000FF
-18.44 -636.13 1.41 -18.93 -637.23 1.41 0.305 0x0000FF
-17.09 -635.04 1.41 -18.44 -636.13 1.41 0.305 0x0000FF
-14.39 -633.58 1.41 -17.09 -635.04 1.41 0.185 0x0000FF
-38.36 -647.02 1.41 -44.0 -644.1 1.41 0.305 0x0000FF
-35.42 -647.99 1.41 -38.36 -647.02 1.41 0.305 0x0000FF
-26.34 -649.21 1.41 -35.42 -647.99 1.41 0.305 0x0000FF
-22.9 -649.21 1.41 -26.34 -649.21 1.41 0.305 0x0000FF
-19.71 -649.21 1.41 -22.9 -649.21 1.41 0.305 0x0000FF
-16.03 -649.45 1.41 -19.71 -649.21 1.41 0.305 0x0000FF
-11.99 -650.79 1.41 -16.03 -649.45 1.41 0.305 0x0000FF
-9.9 -651.89 1.41 -11.99 -650.79 1.41 0.305 0x0000FF
-7.69 -653.47 1.41 -9.9 -651.89 1.41 0.305 0x0000FF
-6.71 -654.57 1.41 -7.69 -653.47 1.41 0.305 0x0000FF
-5.36 -655.91 1.41 -6.71 -654.57 1.41 0.305 0x0000FF
-4.63 -656.15 1.41 -5.36 -655.91 1.41 0.305 0x0000FF
-3.28 -656.52 1.41 -4.63 -656.15 1.41 0.305 0x0000FF
-61.54 -646.9 1.41 -62.77 -648.6 1.41 0.305 0x0000FF
-59.83 -645.19 1.41 -61.54 -646.9 1.41 0.305 0x0000FF
-56.39 -643.73 1.41 -59.83 -645.19 1.41 0.305 0x0000FF
-54.06 -642.15 1.41 -56.39 -643.73 1.41 0.305 0x0000FF
-50.14 -639.23 1.41 -54.06 -642.15 1.41 0.305 0x0000FF
-46.95 -636.79 1.41 -50.14 -639.23 1.41 0.305 0x0000FF
-41.79 -634.72 1.41 -46.95 -636.79 1.41 0.305 0x0000FF
-38.85 -633.99 1.41 -41.79 -634.72 1.41 0.305 0x0000FF
-81.7 -664.67 1.41 -82.07 -663.45 1.41 0.43 0x0000FF
-80.59 -666.13 1.41 -81.7 -664.67 1.41 0.43 0x0000FF
-78.39 -669.91 1.41 -80.59 -666.13 1.41 0.43 0x0000FF
-78.02 -682.32 1.41 -78.39 -669.91 1.41 0.43 0x0000FF
-77.9 -685.49 1.41 -78.02 -682.32 1.41 0.43 0x0000FF
-77.9 -689.51 1.41 -77.9 -685.49 1.41 0.43 0x0000FF
-77.29 -692.55 1.41 -77.9 -689.51 1.41 0.43 0x0000FF
-75.33 -695.72 1.41 -77.29 -692.55 1.41 0.43 0x0000FF
-73.12 -697.91 1.41 -75.33 -695.72 1.41 0.43 0x0000FF
-69.93 -699.86 1.41 -73.12 -697.91 1.41 0.43 0x0000FF
-67.84 -701.07 1.41 -69.93 -699.86 1.41 0.43 0x0000FF
-64.53 -702.66 1.41 -67.84 -701.07 1.41 0.43 0x0000FF
-59.75 -705.34 1.41 -64.53 -702.66 1.41 0.43 0x0000FF
-56.68 -706.19 1.41 -59.75 -705.34 1.41 0.43 0x0000FF
-52.39 -707.65 1.41 -56.68 -706.19 1.41 0.43 0x0000FF
-46.74 -709.6 1.41 -52.39 -707.65 1.41 0.43 0x0000FF
-44.29 -710.81 1.41 -46.74 -709.6 1.41 0.43 0x0000FF
-42.34 -711.41 1.41 -44.29 -710.81 1.41 0.37 0x0000FF
-40.26 -712.99 1.41 -42.34 -711.41 1.41 0.37 0x0000FF
-38.42 -714.82 1.41 -40.26 -712.99 1.41 0.37 0x0000FF
-35.22 -717.13 1.41 -38.42 -714.82 1.41 0.37 0x0000FF
-32.04 -719.57 1.41 -35.22 -717.13 1.41 0.37 0x0000FF
-29.46 -722.0 1.41 -32.04 -719.57 1.41 0.37 0x0000FF
-27.01 -724.43 1.41 -29.46 -722.0 1.41 0.37 0x0000FF
-23.94 -725.04 1.41 -27.01 -724.43 1.41 0.37 0x0000FF
-21.49 -725.29 1.41 -23.94 -725.04 1.41 0.37 0x0000FF
-17.68 -726.5 1.41 -21.49 -725.29 1.41 0.37 0x0000FF
-15.6 -727.6 1.41 -17.68 -726.5 1.41 0.37 0x0000FF
-13.02 -729.67 1.41 -15.6 -727.6 1.41 0.37 0x0000FF
-11.55 -731.62 1.41 -13.02 -729.67 1.41 0.37 0x0000FF
-8.98 -735.39 1.41 -11.55 -731.62 1.41 0.37 0x0000FF
-6.89 -739.9 1.41 -8.98 -735.39 1.41 0.37 0x0000FF
-5.66 -743.67 1.41 -6.89 -739.9 1.41 0.37 0x0000FF
-4.68 -745.86 1.41 -5.66 -743.67 1.41 0.37 0x0000FF
-3.33 -747.81 1.41 -4.68 -745.86 1.41 0.37 0x0000FF
-2.11 -749.04 1.41 -3.33 -747.81 1.41 0.305 0x0000FF
0.34 -751.96 1.41 -2.11 -749.04 1.41 0.305 0x0000FF
2.67 -755.98 1.41 0.34 -751.96 1.41 0.305 0x0000FF
3.78 -760.0 1.41 2.67 -755.98 1.41 0.305 0x0000FF
6.23 -763.29 1.41 3.78 -760.0 1.41 0.305 0x0000FF
10.03 -766.94 1.41 6.23 -763.29 1.41 0.305 0x0000FF
10.65 -768.04 1.41 10.03 -766.94 1.41 0.305 0x0000FF
15.31 -771.57 1.41 10.65 -768.04 1.41 0.305 0x0000FF
18.62 -775.46 1.41 15.31 -771.57 1.41 0.305 0x0000FF
24.14 -784.11 1.41 18.62 -775.46 1.41 0.305 0x0000FF
26.96 -788.12 1.41 24.14 -784.11 1.41 0.305 0x0000FF
-3.58 -748.05 1.41 -3.33 -747.81 1.41 0.37 0x0000FF
-2.47 -750.12 1.41 -3.58 -748.05 1.41 0.37 0x0000FF
-2.47 -753.9 1.41 -2.47 -750.12 1.41 0.37 0x0000FF
-2.47 -756.46 1.41 -2.47 -753.9 1.41 0.37 0x0000FF
-4.19 -760.84 1.41 -2.47 -756.46 1.41 0.37 0x0000FF
-4.44 -761.86 1.41 -4.19 -760.84 1.41 0.37 0x0000FF
-5.42 -765.63 1.41 -4.44 -761.86 1.41 0.37 0x0000FF
-5.91 -771.6 1.41 -5.42 -765.63 1.41 0.37 0x0000FF
-5.91 -778.54 1.41 -5.91 -771.6 1.41 0.37 0x0000FF
-7.26 -783.17 1.41 -5.91 -778.54 1.41 0.37 0x0000FF
-8.86 -788.28 1.41 -7.26 -783.17 1.41 0.37 0x0000FF
-9.96 -792.91 1.41 -8.86 -788.28 1.41 0.37 0x0000FF
-10.7 -796.32 1.41 -9.96 -792.91 1.41 0.37 0x0000FF
-12.29 -801.43 1.41 -10.7 -796.32 1.41 0.37 0x0000FF
-13.39 -804.84 1.41 -12.29 -801.43 1.41 0.37 0x0000FF
-13.64 -808.73 1.41 -13.39 -804.84 1.41 0.37 0x0000FF
-13.64 -810.93 1.41 -13.64 -808.73 1.41 0.37 0x0000FF
-15.15 -811.75 1.41 -13.64 -810.93 1.41 0.37 0x0000FF
-16.37 -819.06 1.41 -15.15 -811.75 1.41 0.37 0x0000FF
-19.2 -826.24 1.41 -16.37 -819.06 1.41 0.37 0x0000FF
-20.91 -831.35 1.41 -19.2 -826.24 1.41 0.37 0x0000FF
-42.46 -712.14 1.41 -44.29 -710.81 1.41 0.43 0x0000FF
-40.75 -714.45 1.41 -42.46 -712.14 1.41 0.43 0x0000FF
-40.13 -717.5 1.41 -40.75 -714.45 1.41 0.43 0x0000FF
-38.78 -720.9 1.41 -40.13 -717.5 1.41 0.43 0x0000FF
-35.35 -726.02 1.41 -38.78 -720.9 1.41 0.43 0x0000FF
-33.02 -729.79 1.41 -35.35 -726.02 1.41 0.43 0x0000FF
-31.42 -733.2 1.41 -33.02 -729.79 1.41 0.43 0x0000FF
-29.46 -736.98 1.41 -31.42 -733.2 1.41 0.43 0x0000FF
-27.13 -741.6 1.41 -29.46 -736.98 1.41 0.43 0x0000FF
-25.29 -746.11 1.41 -27.13 -741.6 1.41 0.43 0x0000FF
-23.82 -748.79 1.41 -25.29 -746.11 1.41 0.43 0x0000FF
-22.1 -750.98 1.41 -23.82 -748.79 1.41 0.43 0x0000FF
-20.87 -753.66 1.41 -22.1 -750.98 1.41 0.43 0x0000FF
-19.64 -755.48 1.41 -20.87 -753.66 1.41 0.43 0x0000FF
-102.96 -634.48 -8.67 -106.77 -643.39 -4.12 0.245 0x0000FF
-102.47 -633.26 -8.67 -102.96 -634.48 -8.67 0.245 0x0000FF
-102.47 -631.55 -8.67 -102.47 -633.26 -8.67 0.245 0x0000FF
-102.47 -630.83 -8.67 -102.47 -631.55 -8.67 0.245 0x0000FF
-102.35 -630.22 -8.67 -102.47 -630.83 -8.67 0.245 0x0000FF
-101.86 -630.22 -8.59 -102.35 -630.22 -8.67 0.245 0x0000FF
-97.69 -629.25 -8.59 -101.86 -630.22 -8.59 0.245 0x0000FF
-91.68 -630.1 -8.59 -97.69 -629.25 -8.59 0.245 0x0000FF
-90.2 -630.46 -8.59 -91.68 -630.1 -8.59 0.245 0x0000FF
-88.12 -630.95 -8.59 -90.2 -630.46 -8.59 0.245 0x0000FF
-84.93 -631.79 -8.59 -88.12 -630.95 -8.59 0.245 0x0000FF
-79.78 -632.9 -8.59 -84.93 -631.79 -8.59 0.245 0x0000FF
-74.01 -633.02 -8.59 -79.78 -632.9 -8.59 0.245 0x0000FF
-71.06 -632.53 -8.59 -74.01 -633.02 -8.59 0.245 0x0000FF
-67.02 -631.44 -8.59 -71.06 -632.53 -8.59 0.245 0x0000FF
-64.08 -630.71 -8.59 -67.02 -631.44 -8.59 0.245 0x0000FF
-61.13 -630.71 -8.59 -64.08 -630.71 -8.59 0.245 0x0000FF
-56.47 -630.95 -8.59 -61.13 -630.71 -8.59 0.245 0x0000FF
-102.1 -629.12 -8.59 -102.35 -630.22 -8.67 0.245 0x0000FF
-103.45 -626.57 -8.59 -102.1 -629.12 -8.59 0.245 0x0000FF
-103.82 -623.04 -8.59 -103.45 -626.57 -8.59 0.245 0x0000FF
-103.82 -620.6 -8.59 -103.82 -623.04 -8.59 0.245 0x0000FF
-103.82 -618.78 -8.59 -103.82 -620.6 -8.59 0.245 0x0000FF
-108.73 -652.74 -9.03 -106.77 -643.39 -4.12 0.245 0x0000FF
-108.73 -654.08 -9.94 -108.73 -652.74 -9.03 0.245 0x0000FF
-108.73 -658.1 -9.94 -108.73 -654.08 -9.94 0.245 0x0000FF
-109.09 -660.9 -9.94 -108.73 -658.1 -9.94 0.245 0x0000FF
-110.08 -663.09 -9.94 -109.09 -660.9 -9.94 0.245 0x0000FF
-110.44 -662.85 -9.94 -110.08 -663.09 -9.94 0.245 0x0000FF
-110.57 -663.95 -9.94 -110.44 -662.85 -9.94 0.245 0x0000FF
-110.81 -665.16 -9.94 -110.57 -663.95 -9.94 0.245 0x0000FF
-111.05 -665.64 -10.02 -110.81 -665.16 -9.94 0.37 0x0000FF
-111.66 -667.58 -10.02 -111.05 -665.64 -10.02 0.37 0x0000FF
-112.03 -670.51 -10.02 -111.66 -667.58 -10.02 0.37 0x0000FF
-112.89 -672.58 -10.02 -112.03 -670.51 -10.02 0.37 0x0000FF
-115.09 -676.59 -10.02 -112.89 -672.58 -10.02 0.37 0x0000FF
-117.42 -680.85 -10.02 -115.09 -676.59 -10.02 0.37 0x0000FF
-120.25 -687.43 -10.02 -117.42 -680.85 -10.02 0.37 0x0000FF
-121.84 -692.18 -10.02 -120.25 -687.43 -10.02 0.37 0x0000FF
-123.44 -696.32 -10.02 -121.84 -692.18 -10.02 0.37 0x0000FF
-124.54 -699.0 -10.02 -123.44 -696.32 -10.02 0.37 0x0000FF
-125.28 -701.92 -10.02 -124.54 -699.0 -10.02 0.37 0x0000FF
-125.28 -704.11 -10.02 -125.28 -701.92 -10.02 0.37 0x0000FF
-127.24 -706.06 -10.02 -125.28 -704.11 -10.02 0.185 0x0000FF
-128.71 -707.88 -10.02 -127.24 -706.06 -10.02 0.185 0x0000FF
-130.43 -709.95 -10.02 -128.71 -707.88 -10.02 0.185 0x0000FF
-133.25 -712.02 -10.02 -130.43 -709.95 -10.02 0.185 0x0000FF
-135.94 -712.51 -10.02 -133.25 -712.02 -10.02 0.185 0x0000FF
-138.03 -712.75 -10.02 -135.94 -712.51 -10.02 0.185 0x0000FF
-140.61 -712.75 -10.02 -138.03 -712.75 -10.02 0.185 0x0000FF
-142.94 -712.51 -10.02 -140.61 -712.75 -10.02 0.185 0x0000FF
-146.74 -713.48 -10.02 -142.94 -712.51 -10.02 0.185 0x0000FF
-150.3 -713.24 -10.02 -146.74 -713.48 -10.02 0.185 0x0000FF
-152.02 -713.36 -10.02 -150.3 -713.24 -10.02 0.185 0x0000FF
-158.76 -712.63 -10.02 -152.02 -713.36 -10.02 0.185 0x0000FF
-160.24 -712.39 -10.02 -158.76 -712.63 -10.02 0.185 0x0000FF
-162.44 -712.14 -10.02 -160.24 -712.39 -10.02 0.185 0x0000FF
-164.16 -711.66 -10.02 -162.44 -712.14 -10.02 0.185 0x0000FF
-111.67 -665.77 -9.94 -110.81 -665.16 -9.94 0.245 0x0000FF
-114.25 -668.08 -9.94 -111.67 -665.77 -9.94 0.245 0x0000FF
-116.46 -670.03 -9.94 -114.25 -668.08 -9.94 0.245 0x0000FF
-118.42 -671.25 -9.94 -116.46 -670.03 -9.94 0.245 0x0000FF
-120.99 -672.59 -9.94 -118.42 -671.25 -9.94 0.245 0x0000FF
-123.57 -673.93 -9.94 -120.99 -672.59 -9.94 0.245 0x0000FF
-127.25 -677.95 -9.94 -123.57 -673.93 -9.94 0.245 0x0000FF
-129.58 -681.36 -9.94 -127.25 -677.95 -9.94 0.245 0x0000FF
-131.41 -684.28 -9.94 -129.58 -681.36 -9.94 0.245 0x0000FF
-133.87 -686.47 -9.94 -131.41 -684.28 -9.94 0.245 0x0000FF
-136.32 -689.5 -10.02 -133.87 -686.47 -9.94 0.245 0x0000FF
-139.38 -691.33 -10.02 -136.32 -689.5 -10.02 0.245 0x0000FF
-145.03 -691.57 -10.02 -139.38 -691.33 -10.02 0.245 0x0000FF
-147.22 -691.93 -10.02 -145.03 -691.57 -10.02 0.245 0x0000FF
-154.22 -696.32 -10.02 -147.22 -691.93 -10.02 0.245 0x0000FF
-157.05 -697.9 -10.02 -154.22 -696.32 -10.02 0.245 0x0000FF
-161.94 -699.97 -10.02 -157.05 -697.9 -10.02 0.245 0x0000FF
-163.92 -701.31 -10.02 -161.94 -699.97 -10.02 0.245 0x0000FF
-167.96 -704.72 -10.02 -163.92 -701.31 -10.02 0.245 0x0000FF
-170.42 -707.88 -10.02 -167.96 -704.72 -10.02 0.245 0x0000FF
-172.75 -711.41 -10.02 -170.42 -707.88 -10.02 0.245 0x0000FF
-175.45 -713.61 -10.02 -172.75 -711.41 -10.02 0.245 0x0000FF
-177.66 -715.92 -10.02 -175.45 -713.61 -10.02 0.245 0x0000FF
-179.25 -717.5 -10.02 -177.66 -715.92 -10.02 0.245 0x0000FF
-180.85 -719.82 -10.02 -179.25 -717.5 -10.02 0.245 0x0000FF
-182.56 -721.03 -10.02 -180.85 -719.82 -10.02 0.245 0x0000FF
-183.91 -722.25 -10.02 -182.56 -721.03 -10.02 0.245 0x0000FF
-185.26 -725.05 -10.02 -183.91 -722.25 -10.02 0.245 0x0000FF
-185.63 -729.56 -10.02 -185.26 -725.05 -10.02 0.245 0x0000FF
-111.06 -663.09 -9.94 -110.08 -663.09 -9.94 0.245 0x0000FF
-111.92 -663.46 -9.94 -111.06 -663.09 -9.94 0.245 0x0000FF
-114.12 -664.31 -9.94 -111.92 -663.46 -9.94 0.245 0x0000FF
-115.72 -664.8 -9.94 -114.12 -664.31 -9.94 0.245 0x0000FF
-118.79 -667.11 -9.94 -115.72 -664.8 -9.94 0.245 0x0000FF
-120.63 -667.96 -9.94 -118.79 -667.11 -9.94 0.245 0x0000FF
-123.94 -668.82 -9.94 -120.63 -667.96 -9.94 0.245 0x0000FF
-126.76 -669.06 -9.94 -123.94 -668.82 -9.94 0.245 0x0000FF
-117.95 -638.54 21.03 -106.77 -643.39 -4.12 1.84 0x0000FF
-118.56 -637.92 21.18 -117.95 -638.54 21.03 1.84 0x0000FF
-119.05 -637.45 22.01 -118.56 -637.92 21.18 1.84 0x0000FF
-119.79 -636.72 22.01 -119.05 -637.45 22.01 1.84 0x0000FF
-120.28 -636.23 22.32 -119.79 -636.72 22.01 1.84 0x0000FF
-120.65 -635.74 22.85 -120.28 -636.23 22.32 1.84 0x0000FF
-122.24 -634.77 23.0 -120.65 -635.74 22.85 1.84 0x0000FF
-123.22 -633.91 23.3 -122.24 -634.77 23.0 1.84 0x0000FF
-124.08 -633.05 24.06 -123.22 -633.91 23.3 1.84 0x0000FF
-124.7 -632.46 24.82 -124.08 -633.05 24.06 1.84 0x0000FF
-125.06 -631.97 25.19 -124.7 -632.46 24.82 1.84 0x0000FF
-125.68 -631.6 25.8 -125.06 -631.97 25.19 1.84 0x0000FF
-126.78 -630.63 26.33 -125.68 -631.6 25.8 1.84 0x0000FF
-127.27 -630.02 26.41 -126.78 -630.63 26.33 1.84 0x0000FF
-128.99 -628.32 26.41 -127.27 -630.02 26.41 1.595 0x0000FF
-129.47 -627.95 26.41 -128.99 -628.32 26.41 1.595 0x0000FF
-130.09 -627.46 25.8 -129.47 -627.95 26.41 1.595 0x0000FF
-130.71 -626.98 25.5 -130.09 -627.46 25.8 1.595 0x0000FF
-132.41 -625.64 25.42 -130.71 -626.98 25.5 1.47 0x0000FF
-133.53 -624.41 25.42 -132.41 -625.64 25.42 1.47 0x0000FF
-134.02 -623.57 24.51 -133.53 -624.41 25.42 1.47 0x0000FF
-134.63 -622.84 24.21 -134.02 -623.57 24.51 1.47 0x0000FF
-135.61 -621.74 23.3 -134.63 -622.84 24.21 1.47 0x0000FF
-136.59 -620.77 22.47 -135.61 -621.74 23.3 1.29 0x0000FF
-137.58 -619.91 22.01 -136.59 -620.77 22.47 1.29 0x0000FF
-138.43 -618.94 21.18 -137.58 -619.91 22.01 1.105 0x0000FF
-139.29 -618.09 20.57 -138.43 -618.94 21.18 1.105 0x0000FF
-139.78 -617.36 20.27 -139.29 -618.09 20.57 1.105 0x0000FF
-140.77 -616.14 19.73 -139.78 -617.36 20.27 0.92 0x0000FF
-141.5 -615.41 18.76 -140.77 -616.14 19.73 0.92 0x0000FF
-141.99 -614.91 18.45 -141.5 -615.41 18.76 0.92 0x0000FF
-142.47 -614.44 17.54 -141.99 -614.91 18.45 0.92 0x0000FF
-142.97 -613.95 16.41 -142.47 -614.44 17.54 0.92 0x0000FF
-143.59 -613.34 15.42 -142.97 -613.95 16.41 0.92 0x0000FF
-144.44 -612.37 14.44 -143.59 -613.34 15.42 0.92 0x0000FF
-144.69 -611.88 13.68 -144.44 -612.37 14.44 0.92 0x0000FF
-145.3 -611.03 12.54 -144.69 -611.88 13.68 0.92 0x0000FF
-145.91 -610.04 11.48 -145.3 -611.03 12.54 0.92 0x0000FF
-146.41 -609.32 10.42 -145.91 -610.04 11.48 0.92 0x0000FF
-146.78 -608.96 9.28 -146.41 -609.32 10.42 0.92 0x0000FF
-147.63 -608.59 9.21 -146.78 -608.96 9.28 0.92 0x0000FF
-148.13 -608.11 8.15 -147.63 -608.59 9.21 0.92 0x0000FF
-148.86 -607.62 8.0 -148.13 -608.11 8.15 0.92 0x0000FF
-149.44 -606.62 8.15 -148.86 -607.62 8.0 0.49 0x0000FF
-149.57 -605.89 8.15 -149.44 -606.62 8.15 0.49 0x0000FF
-150.19 -605.04 8.15 -149.57 -605.89 8.15 0.49 0x0000FF
-150.68 -604.05 8.15 -150.19 -605.04 8.15 0.49 0x0000FF
-151.78 -602.36 8.98 -150.68 -604.05 8.15 0.49 0x0000FF
-152.63 -601.26 9.06 -151.78 -602.36 8.98 0.49 0x0000FF
-153.62 -599.91 9.51 -152.63 -601.26 9.06 0.49 0x0000FF
-155.09 -597.61 9.51 -153.62 -599.91 9.51 0.49 0x0000FF
-157.3 -596.03 8.98 -155.09 -597.61 9.51 0.49 0x0000FF
-159.63 -593.96 8.44 -157.3 -596.03 8.98 0.49 0x0000FF
-161.59 -592.62 8.38 -159.63 -593.96 8.44 0.49 0x0000FF
-162.69 -591.65 7.85 -161.59 -592.62 8.38 0.49 0x0000FF
-163.68 -590.79 7.24 -162.69 -591.65 7.85 0.49 0x0000FF
-163.92 -590.42 7.17 -163.68 -590.79 7.24 0.49 0x0000FF
-164.78 -589.7 6.71 -163.92 -590.42 7.17 0.49 0x0000FF
-166.01 -588.6 6.18 -164.78 -589.7 6.71 0.49 0x0000FF
-166.87 -587.75 5.95 -166.01 -588.6 6.18 0.49 0x0000FF
-168.1 -586.65 5.73 -166.87 -587.75 5.95 0.49 0x0000FF
-170.06 -585.19 5.42 -168.1 -586.65 5.73 0.49 0x0000FF
-171.16 -584.22 5.04 -170.06 -585.19 5.42 0.49 0x0000FF
-172.39 -583.37 4.67 -171.16 -584.22 5.04 0.49 0x0000FF
-173.62 -582.39 4.51 -172.39 -583.37 4.67 0.49 0x0000FF
-175.46 -581.16 3.91 -173.62 -582.39 4.51 0.49 0x0000FF
-176.8 -579.96 3.61 -175.46 -581.16 3.91 0.49 0x0000FF
-177.54 -579.35 3.3 -176.8 -579.96 3.61 0.49 0x0000FF
-179.01 -578.13 2.54 -177.54 -579.35 3.3 0.49 0x0000FF
-180.85 -576.79 2.24 -179.01 -578.13 2.54 0.49 0x0000FF
-182.08 -575.33 1.71 -180.85 -576.79 2.24 0.49 0x0000FF
-183.55 -574.11 1.03 -182.08 -575.33 1.71 0.49 0x0000FF
-184.9 -573.02 0.42 -183.55 -574.11 1.03 0.49 0x0000FF
-186.13 -572.29 0.2 -184.9 -573.02 0.42 0.49 0x0000FF
-186.99 -571.42 -0.33 -186.13 -572.29 0.2 0.49 0x0000FF
-187.48 -570.83 -1.17 -186.99 -571.42 -0.33 0.49 0x0000FF
-188.21 -570.1 -1.85 -187.48 -570.83 -1.17 0.49 0x0000FF
-188.7 -569.73 -2.61 -188.21 -570.1 -1.85 0.49 0x0000FF
-189.56 -568.88 -3.36 -188.7 -569.73 -2.61 0.49 0x0000FF
-191.53 -566.55 -3.36 -189.56 -568.88 -3.36 0.37 0x0000FF
-192.14 -566.08 -3.36 -191.53 -566.55 -3.36 0.37 0x0000FF
-193.0 -565.23 -2.68 -192.14 -566.08 -3.36 0.37 0x0000FF
-193.73 -564.49 -1.85 -193.0 -565.23 -2.68 0.37 0x0000FF
-194.71 -563.52 -1.24 -193.73 -564.49 -1.85 0.37 0x0000FF
-195.94 -562.29 -0.86 -194.71 -563.52 -1.24 0.37 0x0000FF
-196.43 -561.94 -0.41 -195.94 -562.29 -0.86 0.37 0x0000FF
-198.57 -557.44 1.79 -196.43 -561.94 -0.41 0.37 0x0000FF
-199.3 -556.35 1.79 -198.57 -557.44 1.79 0.37 0x0000FF
-200.41 -555.01 1.79 -199.3 -556.35 1.79 0.37 0x0000FF
-201.39 -553.79 1.86 -200.41 -555.01 1.79 0.37 0x0000FF
-202.74 -551.96 2.17 -201.39 -553.79 1.86 0.37 0x0000FF
-203.84 -550.14 2.39 -202.74 -551.96 2.17 0.37 0x0000FF
-204.58 -549.04 2.85 -203.84 -550.14 2.39 0.37 0x0000FF
-205.56 -547.82 3.38 -204.58 -549.04 2.85 0.37 0x0000FF
-206.29 -546.48 4.05 -205.56 -547.82 3.38 0.37 0x0000FF
-207.03 -545.51 4.67 -206.29 -546.48 4.05 0.37 0x0000FF
-207.77 -544.29 5.04 -207.03 -545.51 4.67 0.37 0x0000FF
-208.38 -543.08 5.42 -207.77 -544.29 5.04 0.37 0x0000FF
-209.36 -541.49 5.88 -208.38 -543.08 5.42 0.37 0x0000FF
-210.1 -540.4 6.41 -209.36 -541.49 5.88 0.37 0x0000FF
-210.71 -539.17 7.01 -210.1 -540.4 6.41 0.37 0x0000FF
-211.32 -537.72 7.85 -210.71 -539.17 7.01 0.37 0x0000FF
-211.94 -536.14 7.92 -211.32 -537.72 7.85 0.37 0x0000FF
-212.92 -534.54 8.23 -211.94 -536.14 7.92 0.37 0x0000FF
-213.66 -532.73 8.98 -212.92 -534.54 8.23 0.37 0x0000FF
-214.39 -531.27 9.51 -213.66 -532.73 8.98 0.37 0x0000FF
-214.76 -530.41 10.19 -214.39 -531.27 9.51 0.37 0x0000FF
-215.37 -529.2 10.73 -214.76 -530.41 10.19 0.37 0x0000FF
-216.11 -527.98 10.8 -215.37 -529.2 10.73 0.37 0x0000FF
-217.02 -526.92 10.8 -216.11 -527.98 10.8 0.49 0x0000FF
-219.22 -525.47 10.8 -217.02 -526.92 10.8 0.49 0x0000FF
-220.7 -524.62 10.8 -219.22 -525.47 10.8 0.49 0x0000FF
-221.92 -523.4 10.8 -220.7 -524.62 10.8 0.49 0x0000FF
-223.15 -522.17 10.8 -221.92 -523.4 10.8 0.49 0x0000FF
-224.24 -521.96 10.8 -223.15 -522.17 10.8 0.55 0x0000FF
-226.08 -521.23 10.8 -224.24 -521.96 10.8 0.55 0x0000FF
-225.84 -520.25 10.11 -226.08 -521.23 10.8 0.305 0x0000FF
-225.84 -518.42 10.11 -225.84 -520.25 10.11 0.305 0x0000FF
-225.84 -517.45 9.74 -225.84 -518.42 10.11 0.305 0x0000FF
-225.84 -516.72 9.14 -225.84 -517.45 9.74 0.305 0x0000FF
-225.84 -516.11 8.83 -225.84 -516.72 9.14 0.305 0x0000FF
-225.84 -515.26 8.23 -225.84 -516.11 8.83 0.305 0x0000FF
-225.84 -514.53 7.24 -225.84 -515.26 8.23 0.305 0x0000FF
-225.84 -513.55 6.71 -225.84 -514.53 7.24 0.305 0x0000FF
-225.96 -512.58 6.18 -225.84 -513.55 6.71 0.305 0x0000FF
-226.2 -512.1 5.2 -225.96 -512.58 6.18 0.305 0x0000FF
-226.57 -511.37 4.36 -226.2 -512.1 5.2 0.305 0x0000FF
-227.31 -510.51 3.76 -226.57 -511.37 4.36 0.305 0x0000FF
-228.04 -509.66 3.61 -227.31 -510.51 3.76 0.305 0x0000FF
-229.15 -508.32 3.0 -228.04 -509.66 3.61 0.305 0x0000FF
-230.74 -506.25 2.17 -229.15 -508.32 3.0 0.305 0x0000FF
-232.34 -504.67 1.56 -230.74 -506.25 2.17 0.305 0x0000FF
-234.91 -502.72 1.56 -232.34 -504.67 1.56 0.305 0x0000FF
-236.88 -501.75 0.95 -234.91 -502.72 1.56 0.305 0x0000FF
-240.43 -500.53 0.88 -236.88 -501.75 0.95 0.305 0x0000FF
-243.13 -499.56 0.35 -240.43 -500.53 0.88 0.305 0x0000FF
-246.81 -498.34 -0.11 -243.13 -499.56 0.35 0.305 0x0000FF
-248.77 -497.61 -0.18 -246.81 -498.34 -0.11 0.305 0x0000FF
-253.19 -495.66 -0.18 -248.77 -497.61 -0.18 0.305 0x0000FF
-255.94 -492.19 -0.18 -253.19 -495.66 -0.18 0.305 0x0000FF
-257.77 -489.75 -0.33 -255.94 -492.19 -0.18 0.305 0x0000FF
-258.64 -487.93 -0.94 -257.77 -489.75 -0.33 0.305 0x0000FF
-259.62 -486.22 -1.55 -258.64 -487.93 -0.94 0.305 0x0000FF
-260.97 -484.64 -1.85 -259.62 -486.22 -1.55 0.305 0x0000FF
-262.93 -483.55 -2.15 -260.97 -484.64 -1.85 0.305 0x0000FF
-264.39 -482.82 -2.68 -262.93 -483.55 -2.15 0.305 0x0000FF
-266.73 -482.45 -2.61 -264.39 -482.82 -2.68 0.305 0x0000FF
-267.83 -482.45 -1.7 -266.73 -482.45 -2.61 0.305 0x0000FF
-268.94 -482.45 -0.71 -267.83 -482.45 -1.7 0.305 0x0000FF
-270.29 -482.45 -0.56 -268.94 -482.45 -0.71 0.305 0x0000FF
-271.52 -482.33 -0.11 -270.29 -482.45 -0.56 0.305 0x0000FF
-272.87 -482.21 0.42 -271.52 -482.33 -0.11 0.305 0x0000FF
-274.45 -482.21 0.42 -272.87 -482.21 0.42 0.305 0x0000FF
-276.06 -482.08 0.65 -274.45 -482.21 0.42 0.305 0x0000FF
-277.89 -482.08 1.26 -276.06 -482.08 0.65 0.305 0x0000FF
-282.93 -480.62 1.71 -277.89 -482.08 1.26 0.305 0x0000FF
-283.91 -480.01 2.24 -282.93 -480.62 1.71 0.305 0x0000FF
-287.7 -478.8 2.47 -283.91 -480.01 2.24 0.305 0x0000FF
-288.94 -478.19 2.7 -287.7 -478.8 2.47 0.305 0x0000FF
-290.89 -477.21 3.15 -288.94 -478.19 2.7 0.305 0x0000FF
-293.11 -476.36 3.45 -290.89 -477.21 3.15 0.305 0x0000FF
-295.56 -475.51 3.53 -293.11 -476.36 3.45 0.305 0x0000FF
-296.67 -474.9 3.91 -295.56 -475.51 3.53 0.305 0x0000FF
-297.89 -474.66 3.91 -296.67 -474.9 3.91 0.305 0x0000FF
-299.49 -474.41 3.91 -297.89 -474.66 3.91 0.305 0x0000FF
-299.98 -474.29 3.91 -299.49 -474.41 3.91 0.305 0x0000FF
-227.06 -520.74 10.8 -226.08 -521.23 10.8 0.305 0x0000FF
-227.68 -520.13 10.8 -227.06 -520.74 10.8 0.305 0x0000FF
-228.41 -519.4 10.35 -227.68 -520.13 10.8 0.305 0x0000FF
-228.9 -518.79 9.89 -228.41 -519.4 10.35 0.305 0x0000FF
-229.52 -518.42 9.44 -228.9 -518.79 9.89 0.305 0x0000FF
-230.5 -517.82 8.83 -229.52 -518.42 9.44 0.305 0x0000FF
-231.11 -517.45 8.61 -230.5 -517.82 8.83 0.305 0x0000FF
-231.48 -517.09 7.77 -231.11 -517.45 8.61 0.305 0x0000FF
-232.95 -515.87 7.47 -231.48 -517.09 7.77 0.305 0x0000FF
-233.69 -515.14 6.79 -232.95 -515.87 7.47 0.305 0x0000FF
-234.42 -514.41 6.26 -233.69 -515.14 6.79 0.305 0x0000FF
-234.79 -513.91 6.11 -234.42 -514.41 6.26 0.305 0x0000FF
-235.28 -513.42 5.5 -234.79 -513.91 6.11 0.305 0x0000FF
-235.53 -513.07 4.88 -235.28 -513.42 5.5 0.305 0x0000FF
-235.89 -512.46 4.21 -235.53 -513.07 4.88 0.305 0x0000FF
-236.26 -511.97 3.53 -235.89 -512.46 4.21 0.305 0x0000FF
-236.88 -510.88 2.92 -236.26 -511.97 3.53 0.305 0x0000FF
-237.49 -510.27 2.62 -236.88 -510.88 2.92 0.305 0x0000FF
-238.47 -509.42 1.86 -237.49 -510.27 2.62 0.305 0x0000FF
-239.33 -508.56 1.71 -238.47 -509.42 1.86 0.305 0x0000FF
-239.82 -508.08 1.18 -239.33 -508.56 1.71 0.305 0x0000FF
-240.31 -507.59 0.73 -239.82 -508.08 1.18 0.305 0x0000FF
-241.17 -506.62 0.42 -240.31 -507.59 0.73 0.305 0x0000FF
-242.27 -505.52 -0.18 -241.17 -506.62 0.42 0.305 0x0000FF
-243.5 -504.55 -0.41 -242.27 -505.52 -0.18 0.305 0x0000FF
-245.22 -503.57 -0.79 -243.5 -504.55 -0.41 0.305 0x0000FF
-246.93 -502.96 -1.09 -245.22 -503.57 -0.79 0.305 0x0000FF
-247.43 -502.72 -1.17 -246.93 -502.96 -1.09 0.305 0x0000FF
-247.79 -502.6 -1.39 -247.43 -502.72 -1.17 0.305 0x0000FF
-248.77 -502.36 -1.47 -247.79 -502.6 -1.39 0.305 0x0000FF
-152.41 -607.62 8.0 -148.86 -607.62 8.0 0.675 0x0000FF
-155.24 -606.89 8.0 -152.41 -607.62 8.0 0.675 0x0000FF
-157.33 -606.16 7.32 -155.24 -606.89 8.0 0.675 0x0000FF
-159.41 -605.42 7.17 -157.33 -606.16 7.32 0.675 0x0000FF
-160.76 -604.82 6.64 -159.41 -605.42 7.17 0.675 0x0000FF
-166.4 -603.6 6.56 -160.76 -604.82 6.64 0.675 0x0000FF
-168.61 -602.5 6.56 -166.4 -603.6 6.56 0.675 0x0000FF
-171.43 -601.29 6.33 -168.61 -602.5 6.56 0.675 0x0000FF
-174.01 -599.95 6.03 -171.43 -601.29 6.33 0.675 0x0000FF
-176.46 -598.85 6.03 -174.01 -599.95 6.03 0.675 0x0000FF
-177.93 -598.0 5.88 -176.46 -598.85 6.03 0.675 0x0000FF
-179.53 -597.03 5.42 -177.93 -598.0 5.88 0.675 0x0000FF
-182.96 -595.55 4.88 -179.53 -597.03 5.42 0.675 0x0000FF
-189.22 -592.89 4.74 -182.96 -595.55 4.88 0.615 0x0000FF
-191.55 -591.79 4.44 -189.22 -592.89 4.74 0.615 0x0000FF
-194.13 -590.57 3.83 -191.55 -591.79 4.44 0.615 0x0000FF
-198.05 -588.99 3.38 -194.13 -590.57 3.83 0.615 0x0000FF
-201.36 -587.41 3.23 -198.05 -588.99 3.38 0.615 0x0000FF
-203.82 -585.82 3.23 -201.36 -587.41 3.23 0.615 0x0000FF
-207.25 -583.88 3.23 -203.82 -585.82 3.23 0.615 0x0000FF
-209.71 -582.41 3.23 -207.25 -583.88 3.23 0.615 0x0000FF
-217.18 -578.35 3.15 -209.71 -582.41 3.23 0.49 0x0000FF
-220.37 -575.91 3.15 -217.18 -578.35 3.15 0.49 0x0000FF
-221.96 -574.33 3.0 -220.37 -575.91 3.15 0.49 0x0000FF
-224.42 -572.87 2.85 -221.96 -574.33 3.0 0.49 0x0000FF
-229.57 -572.02 2.62 -224.42 -572.87 2.85 0.49 0x0000FF
-232.02 -571.53 2.54 -229.57 -572.02 2.62 0.49 0x0000FF
-234.6 -570.67 2.0 -232.02 -571.53 2.54 0.49 0x0000FF
-238.28 -569.58 1.86 -234.6 -570.67 2.0 0.49 0x0000FF
-241.22 -568.61 1.41 -238.28 -569.58 1.86 0.49 0x0000FF
-243.8 -567.39 0.88 -241.22 -568.61 1.41 0.49 0x0000FF
-246.01 -566.04 0.88 -243.8 -567.39 0.88 0.49 0x0000FF
-248.58 -563.86 0.88 -246.01 -566.04 0.88 0.49 0x0000FF
-249.81 -561.66 0.88 -248.58 -563.86 0.88 0.49 0x0000FF
-250.67 -560.21 0.88 -249.81 -561.66 0.88 0.49 0x0000FF
-251.77 -558.62 0.88 -250.67 -560.21 0.88 0.49 0x0000FF
-252.75 -556.42 0.88 -251.77 -558.62 0.88 0.49 0x0000FF
-254.1 -554.0 0.88 -252.75 -556.42 0.88 0.49 0x0000FF
-256.31 -549.98 0.65 -254.1 -554.0 0.88 0.49 0x0000FF
-258.14 -546.57 0.27 -256.31 -549.98 0.65 0.49 0x0000FF
-259.62 -545.11 0.05 -258.14 -546.57 0.27 0.49 0x0000FF
-261.45 -543.28 -0.11 -259.62 -545.11 0.05 0.49 0x0000FF
-262.93 -541.7 0.8 -261.45 -543.28 -0.11 0.49 0x0000FF
-264.77 -539.87 1.56 -262.93 -541.7 0.8 0.49 0x0000FF
-267.58 -537.79 1.64 -264.77 -539.87 1.56 0.49 0x0000FF
-269.31 -535.86 2.0 -267.58 -537.79 1.64 0.49 0x0000FF
-271.64 -532.8 2.77 -269.31 -535.86 2.0 0.49 0x0000FF
-272.75 -531.47 2.77 -271.64 -532.8 2.77 0.49 0x0000FF
-274.08 -529.32 2.85 -272.75 -531.47 2.77 0.37 0x0000FF
-274.83 -528.22 3.3 -274.08 -529.32 2.85 0.37 0x0000FF
-276.17 -526.52 3.68 -274.83 -528.22 3.3 0.37 0x0000FF
-278.01 -524.33 4.88 -276.17 -526.52 3.68 0.37 0x0000FF
-280.95 -522.87 5.65 -278.01 -524.33 4.88 0.37 0x0000FF
-282.55 -522.14 6.18 -280.95 -522.87 5.65 0.37 0x0000FF
-285.38 -521.65 6.41 -282.55 -522.14 6.18 0.37 0x0000FF
-289.55 -520.54 6.79 -285.38 -521.65 6.41 0.37 0x0000FF
-293.72 -519.46 7.32 -289.55 -520.54 6.79 0.37 0x0000FF
-297.02 -518.36 7.85 -293.72 -519.46 7.32 0.37 0x0000FF
-298.62 -517.51 7.85 -297.02 -518.36 7.85 0.37 0x0000FF
-299.85 -516.66 8.52 -298.62 -517.51 7.85 0.37 0x0000FF
-301.69 -515.32 8.52 -299.85 -516.66 8.52 0.37 0x0000FF
-302.3 -514.71 8.52 -301.69 -515.32 8.52 0.37 0x0000FF
