-24.69 -2.04 0.35 -14.08 -1.58 -0.87 1.915 0x0000FF
-28.15 -2.04 0.05 -24.69 -2.04 0.35 1.915 0x0000FF
-30.71 -2.04 -0.26 -28.15 -2.04 0.05 1.825 0x0000FF
-33.08 -2.04 -0.56 -30.71 -2.04 -0.26 1.64 0x0000FF
-34.17 -2.23 -0.64 -33.08 -2.04 -0.56 1.64 0x0000FF
-34.17 -2.42 -1.09 -34.17 -2.23 -0.64 1.64 0x0000FF
-35.27 -2.42 -0.41 -34.17 -2.42 -1.09 1.64 0x0000FF
-36.36 -2.78 0.5 -35.27 -2.42 -0.41 1.64 0x0000FF
-38.92 -2.6 0.88 -36.36 -2.78 0.5 1.64 0x0000FF
-41.47 -2.42 1.11 -38.92 -2.6 0.88 1.64 0x0000FF
-41.84 -2.23 1.26 -41.47 -2.42 1.11 1.64 0x0000FF
-42.74 -2.63 2.24 -41.84 -2.23 1.26 1.37 0x0000FF
-44.05 -2.9 2.24 -42.74 -2.63 2.24 1.37 0x0000FF
-47.33 -2.17 2.17 -44.05 -2.9 2.24 0.455 0x0000FF
-49.16 -1.63 2.47 -47.33 -2.17 2.17 0.455 0x0000FF
-50.62 -1.08 2.77 -49.16 -1.63 2.47 0.455 0x0000FF
-51.35 -0.9 2.85 -50.62 -1.08 2.77 0.455 0x0000FF
-52.26 -0.9 2.24 -51.35 -0.9 2.85 0.455 0x0000FF
-52.99 -1.08 1.64 -52.26 -0.9 2.24 0.455 0x0000FF
-53.9 -1.26 1.33 -52.99 -1.08 1.64 0.455 0x0000FF
-55.54 -1.26 0.88 -53.9 -1.26 1.33 0.455 0x0000FF
-56.45 -1.44 0.27 -55.54 -1.26 0.88 0.455 0x0000FF
-57.55 -1.63 -0.18 -56.45 -1.44 0.27 0.455 0x0000FF
-58.46 -1.81 -0.64 -57.55 -1.63 -0.18 0.455 0x0000FF
-60.1 -1.99 -1.55 -58.46 -1.81 -0.64 0.455 0x0000FF
-61.38 -1.99 -2.76 -60.1 -1.99 -1.55 0.455 0x0000FF
-63.75 -1.99 -2.83 -61.38 -1.99 -2.76 0.455 0x0000FF
-65.03 -1.99 -3.59 -63.75 -1.99 -2.83 0.455 0x0000FF
-66.67 -1.99 -4.2 -65.03 -1.99 -3.59 0.455 0x0000FF
-67.95 -1.81 -5.03 -66.67 -1.99 -4.2 0.455 0x0000FF
-68.86 -1.63 -5.41 -67.95 -1.81 -5.03 0.455 0x0000FF
-70.5 -1.81 -6.17 -68.86 -1.63 -5.41 0.455 0x0000FF
-73.61 -2.9 -6.92 -70.5 -1.81 -6.17 0.455 0x0000FF
-74.33 -3.63 -7.45 -73.61 -2.9 -6.92 0.455 0x0000FF
-74.7 -4.0 -8.21 -74.33 -3.63 -7.45 0.455 0x0000FF
-75.43 -4.72 -8.74 -74.7 -4.0 -8.21 0.455 0x0000FF
-76.52 -5.45 -9.27 -75.43 -4.72 -8.74 0.455 0x0000FF
-77.8 -6.0 -9.57 -76.52 -5.45 -9.27 0.455 0x0000FF
-79.08 -6.36 -10.18 -77.8 -6.0 -9.57 0.455 0x0000FF
-79.98 -6.91 -11.62 -79.08 -6.36 -10.18 0.455 0x0000FF
-81.81 -7.64 -12.3 -79.98 -6.91 -11.62 0.455 0x0000FF
-82.36 -8.36 -12.68 -81.81 -7.64 -12.3 0.455 0x0000FF
-83.09 -9.46 -13.14 -82.36 -8.36 -12.68 0.455 0x0000FF
-83.82 -10.19 -14.12 -83.09 -9.46 -13.14 0.455 0x0000FF
-84.55 -10.74 -14.65 -83.82 -10.19 -14.12 0.455 0x0000FF
-85.46 -11.1 -15.63 -84.55 -10.74 -14.65 0.455 0x0000FF
-86.74 -11.1 -16.23 -85.46 -11.1 -15.63 0.455 0x0000FF
-87.84 -11.65 -16.92 -86.74 -11.1 -16.23 0.455 0x0000FF
-88.57 -12.56 -17.82 -87.84 -11.65 -16.92 0.455 0x0000FF
-89.66 -13.29 -18.36 -88.57 -12.56 -17.82 0.455 0x0000FF
-90.94 -14.38 -18.97 -89.66 -13.29 -18.36 0.455 0x0000FF
-91.85 -15.11 -19.42 -90.94 -14.38 -18.97 0.455 0x0000FF
-93.13 -16.75 -20.18 -91.85 -15.11 -19.42 0.455 0x0000FF
-93.31 -17.3 -20.94 -93.13 -16.75 -20.18 0.455 0x0000FF
-94.22 -18.57 -22.15 -93.31 -17.3 -20.94 0.455 0x0000FF
-94.95 -20.03 -23.29 -94.22 -18.57 -22.15 0.455 0x0000FF
-96.96 -22.22 -24.12 -94.95 -20.03 -23.29 0.455 0x0000FF
-101.52 -25.68 -25.1 -96.96 -22.22 -24.12 0.365 0x0000FF
-102.62 -26.22 -25.48 -101.52 -25.68 -25.1 0.365 0x0000FF
-103.89 -26.59 -26.47 -102.62 -26.22 -25.48 0.365 0x0000FF
-105.72 -26.59 -27.45 -103.89 -26.59 -26.47 0.365 0x0000FF
-106.99 -26.59 -28.97 -105.72 -26.59 -27.45 0.365 0x0000FF
-107.91 -26.41 -29.72 -106.99 -26.59 -28.97 0.365 0x0000FF
-109.37 -26.04 -30.86 -107.91 -26.41 -29.72 0.365 0x0000FF
-110.28 -25.86 -31.62 -109.37 -26.04 -30.86 0.365 0x0000FF
-111.19 -25.49 -32.53 -110.28 -25.86 -31.62 0.365 0x0000FF
-112.47 -25.13 -33.51 -111.19 -25.49 -32.53 0.365 0x0000FF
-114.11 -24.95 -34.57 -112.47 -25.13 -33.51 0.365 0x0000FF
-115.57 -25.31 -35.71 -114.11 -24.95 -34.57 0.365 0x0000FF
-116.85 -26.04 -36.39 -115.57 -25.31 -35.71 0.365 0x0000FF
-117.76 -26.59 -36.61 -116.85 -26.04 -36.39 0.365 0x0000FF
-119.22 -28.05 -37.83 -117.76 -26.59 -36.61 0.275 0x0000FF
-119.58 -28.41 -38.65 -119.22 -28.05 -37.83 0.275 0x0000FF
-121.04 -29.14 -39.27 -119.58 -28.41 -38.65 0.275 0x0000FF
-122.5 -30.41 -40.03 -121.04 -29.14 -39.27 0.275 0x0000FF
-123.23 -31.51 -40.47 -122.5 -30.41 -40.03 0.275 0x0000FF
-123.78 -32.6 -41.31 -123.23 -31.51 -40.47 0.275 0x0000FF
-124.51 -34.42 -41.77 -123.78 -32.6 -41.31 0.275 0x0000FF
-125.42 -37.15 -42.0 -124.51 -34.42 -41.77 0.275 0x0000FF
-125.6 -38.61 -42.0 -125.42 -37.15 -42.0 0.275 0x0000FF
-44.93 -3.18 2.62 -44.05 -2.9 2.24 1.37 0x0000FF
-45.48 -3.36 3.3 -44.93 -3.18 2.62 1.37 0x0000FF
-47.67 -3.91 4.21 -45.48 -3.36 3.3 1.37 0x0000FF
-49.31 -4.63 4.88 -47.67 -3.91 4.21 1.37 0x0000FF
-51.14 -5.18 5.2 -49.31 -4.63 4.88 1.37 0x0000FF
-52.05 -6.09 5.65 -51.14 -5.18 5.2 1.37 0x0000FF
-52.6 -6.82 5.95 -52.05 -6.09 5.65 1.37 0x0000FF
-52.41 -8.83 6.71 -52.6 -6.82 5.95 0.73 0x0000FF
-53.33 -10.47 6.86 -52.41 -8.83 6.71 0.73 0x0000FF
-54.06 -11.92 6.94 -53.33 -10.47 6.86 0.73 0x0000FF
-55.52 -14.29 7.39 -54.06 -11.92 6.94 0.64 0x0000FF
-55.88 -15.93 7.39 -55.52 -14.29 7.39 0.64 0x0000FF
-56.06 -19.03 8.07 -55.88 -15.93 7.39 0.64 0x0000FF
-55.88 -21.58 8.76 -56.06 -19.03 8.07 0.64 0x0000FF
-55.7 -25.41 9.14 -55.88 -21.58 8.76 0.64 0x0000FF
-55.33 -28.87 9.67 -55.7 -25.41 9.14 0.64 0x0000FF
-54.24 -34.33 9.82 -55.33 -28.87 9.67 0.64 0x0000FF
-53.33 -39.25 10.35 -54.24 -34.33 9.82 0.545 0x0000FF
-52.05 -41.8 11.03 -53.33 -39.25 10.35 0.545 0x0000FF
-49.86 -45.81 11.64 -52.05 -41.8 11.03 0.545 0x0000FF
-48.95 -49.82 11.94 -49.86 -45.81 11.64 0.545 0x0000FF
-48.22 -55.65 12.62 -48.95 -49.82 11.94 0.545 0x0000FF
-46.21 -60.75 13.0 -48.22 -55.65 12.62 0.545 0x0000FF
-43.66 -64.94 13.3 -46.21 -60.75 13.0 0.545 0x0000FF
-42.74 -69.68 13.6 -43.66 -64.94 13.3 0.545 0x0000FF
-42.56 -73.51 13.91 -42.74 -69.68 13.6 0.545 0x0000FF
-42.56 -75.15 14.29 -42.56 -73.51 13.91 0.545 0x0000FF
-43.47 -76.97 14.67 -42.56 -75.15 14.29 0.455 0x0000FF
-44.93 -77.7 15.5 -43.47 -76.97 14.67 0.455 0x0000FF
-46.21 -78.61 15.8 -44.93 -77.7 15.5 0.455 0x0000FF
-46.39 -78.79 16.41 -46.21 -78.61 15.8 0.455 0x0000FF
-47.49 -79.52 17.09 -46.39 -78.79 16.41 0.455 0x0000FF
-47.67 -79.7 17.54 -47.49 -79.52 17.09 0.455 0x0000FF
-47.67 -79.7 17.85 -47.67 -79.7 17.54 0.455 0x0000FF
-48.03 -80.06 18.53 -47.67 -79.7 17.85 0.455 0x0000FF
-48.4 -80.61 18.91 -48.03 -80.06 18.53 0.455 0x0000FF
-48.95 -81.34 19.44 -48.4 -80.61 18.91 0.455 0x0000FF
-49.31 -82.62 19.89 -48.95 -81.34 19.44 0.455 0x0000FF
-49.68 -84.44 20.5 -49.31 -82.62 19.89 0.455 0x0000FF
-49.68 -85.9 21.1 -49.68 -84.44 20.5 0.455 0x0000FF
-49.68 -87.9 21.56 -49.68 -85.9 21.1 0.455 0x0000FF
-45.5 -90.14 21.79 -49.68 -87.9 21.56 0.275 0x0000FF
-44.22 -91.6 21.94 -45.5 -90.14 21.79 0.275 0x0000FF
-50.59 -90.09 22.09 -49.68 -87.9 21.56 0.455 0x0000FF
-51.14 -91.73 22.09 -50.59 -90.09 22.09 0.455 0x0000FF
-52.8 -94.52 22.47 -51.14 -91.73 22.09 0.455 0x0000FF
-53.35 -95.79 23.07 -52.8 -94.52 22.47 0.455 0x0000FF
-53.53 -96.34 23.6 -53.35 -95.79 23.07 0.455 0x0000FF
-54.44 -100.53 24.06 -53.53 -96.34 23.6 0.455 0x0000FF
-54.99 -104.54 24.51 -54.44 -100.53 24.06 0.365 0x0000FF
-55.9 -107.27 24.97 -54.99 -104.54 24.51 0.365 0x0000FF
-56.99 -110.37 25.88 -55.9 -107.27 24.97 0.365 0x0000FF
-57.54 -115.65 26.48 -56.99 -110.37 25.88 0.365 0x0000FF
-57.91 -121.85 27.09 -57.54 -115.65 26.48 0.365 0x0000FF
-58.82 -126.58 27.62 -57.91 -121.85 27.09 0.365 0x0000FF
-60.1 -130.59 27.92 -58.82 -126.58 27.62 0.365 0x0000FF
-61.01 -132.22 28.38 -60.1 -130.59 27.92 0.365 0x0000FF
-61.92 -134.6 29.59 -61.01 -132.22 28.38 0.365 0x0000FF
-64.66 -138.79 30.27 -61.92 -134.6 29.59 0.365 0x0000FF
-67.39 -142.44 30.88 -64.66 -138.79 30.27 0.365 0x0000FF
-69.77 -144.8 31.41 -67.39 -142.44 30.88 0.365 0x0000FF
-72.31 -146.81 31.78 -69.77 -144.8 31.41 0.365 0x0000FF
-73.05 -147.72 32.61 -72.31 -146.81 31.78 0.365 0x0000FF
-73.95 -148.99 31.71 -73.05 -147.72 32.61 0.365 0x0000FF
-74.69 -150.09 31.1 -73.95 -148.99 31.71 0.365 0x0000FF
-75.97 -151.36 30.5 -74.69 -150.09 31.1 0.365 0x0000FF
-76.88 -152.09 29.89 -75.97 -151.36 30.5 0.365 0x0000FF
-78.16 -153.19 29.36 -76.88 -152.09 29.89 0.365 0x0000FF
-79.8 -155.01 28.75 -78.16 -153.19 29.36 0.365 0x0000FF
-81.63 -156.65 28.53 -79.8 -155.01 28.75 0.365 0x0000FF
-82.54 -158.83 28.22 -81.63 -156.65 28.53 0.365 0x0000FF
-83.82 -161.38 28.0 -82.54 -158.83 28.22 0.365 0x0000FF
-84.91 -163.02 27.62 -83.82 -161.38 28.0 0.275 0x0000FF
-85.64 -164.85 27.54 -84.91 -163.02 27.62 0.275 0x0000FF
-86.0 -167.21 27.16 -85.64 -164.85 27.54 0.275 0x0000FF
-54.6 -7.19 6.11 -52.6 -6.82 5.95 1.005 0x0000FF
-55.52 -7.19 6.48 -54.6 -7.19 6.11 1.005 0x0000FF
-56.61 -7.19 6.48 -55.52 -7.19 6.48 1.005 0x0000FF
-57.34 -7.0 7.62 -56.61 -7.19 6.48 0.91 0x0000FF
-58.43 -7.0 7.92 -57.34 -7.0 7.62 0.91 0x0000FF
-59.89 -7.55 8.61 -58.43 -7.0 7.92 0.91 0x0000FF
-60.81 -7.73 9.44 -59.89 -7.55 8.61 0.91 0x0000FF
-61.72 -8.46 9.89 -60.81 -7.73 9.44 0.82 0x0000FF
-62.27 -9.01 10.19 -61.72 -8.46 9.89 0.82 0x0000FF
-62.81 -9.36 10.35 -62.27 -9.01 10.19 0.82 0x0000FF
-63.36 -9.74 10.8 -62.81 -9.36 10.35 0.82 0x0000FF
-64.27 -10.47 12.01 -63.36 -9.74 10.8 0.82 0x0000FF
-64.64 -10.83 12.39 -64.27 -10.47 12.01 0.82 0x0000FF
-65.0 -11.19 12.7 -64.64 -10.83 12.39 0.82 0x0000FF
-65.0 -11.56 13.3 -65.0 -11.19 12.7 0.82 0x0000FF
-65.19 -11.92 14.06 -65.0 -11.56 13.3 0.82 0x0000FF
-65.55 -12.29 14.36 -65.19 -11.92 14.06 0.82 0x0000FF
-65.73 -12.65 14.89 -65.55 -12.29 14.36 0.82 0x0000FF
-66.28 -13.56 15.12 -65.73 -12.65 14.89 0.82 0x0000FF
-66.65 -14.47 15.5 -66.28 -13.56 15.12 0.82 0x0000FF
-67.73 -17.21 15.8 -66.65 -14.47 15.5 0.73 0x0000FF
-68.65 -19.21 16.32 -67.73 -17.21 15.8 0.73 0x0000FF
-69.93 -21.4 16.86 -68.65 -19.21 16.32 0.73 0x0000FF
-70.29 -22.49 17.32 -69.93 -21.4 16.86 0.73 0x0000FF
-71.56 -25.04 17.92 -70.29 -22.49 17.32 0.64 0x0000FF
-71.94 -27.96 18.76 -71.56 -25.04 17.92 0.64 0x0000FF
-72.84 -29.96 19.13 -71.94 -27.96 18.76 0.64 0x0000FF
-78.5 -34.33 19.51 -72.84 -29.96 19.13 0.545 0x0000FF
-82.52 -35.43 19.89 -78.5 -34.33 19.51 0.545 0x0000FF
-86.53 -37.07 20.12 -82.52 -35.43 19.89 0.455 0x0000FF
-89.09 -38.34 20.65 -86.53 -37.07 20.12 0.455 0x0000FF
-92.01 -39.07 21.03 -89.09 -38.34 20.65 0.455 0x0000FF
-94.56 -39.61 21.41 -92.01 -39.07 21.03 0.455 0x0000FF
-97.48 -39.97 21.63 -94.56 -39.61 21.41 0.455 0x0000FF
-103.5 -39.07 22.01 -97.48 -39.97 21.63 0.365 0x0000FF
-105.14 -39.07 21.41 -103.5 -39.07 22.01 0.365 0x0000FF
-106.97 -38.89 20.8 -105.14 -39.07 21.41 0.365 0x0000FF
-109.89 -38.52 20.35 -106.97 -38.89 20.8 0.365 0x0000FF
-110.8 -38.52 19.66 -109.89 -38.52 20.35 0.365 0x0000FF
-114.45 -37.25 18.76 -110.8 -38.52 19.66 0.365 0x0000FF
-115.91 -36.15 17.7 -114.45 -37.25 18.76 0.365 0x0000FF
-117.91 -34.7 16.48 -115.91 -36.15 17.7 0.365 0x0000FF
-122.48 -32.51 16.03 -117.91 -34.7 16.48 0.365 0x0000FF
-127.58 -30.87 14.97 -122.48 -32.51 16.03 0.365 0x0000FF
-132.33 -30.51 14.21 -127.58 -30.87 14.97 0.365 0x0000FF
-134.69 -30.51 13.07 -132.33 -30.51 14.21 0.275 0x0000FF
-135.79 -30.69 12.47 -134.69 -30.51 13.07 0.275 0x0000FF
-137.97 -30.14 12.01 -135.79 -30.69 12.47 0.275 0x0000FF
-140.9 -29.78 11.1 -137.97 -30.14 12.01 0.275 0x0000FF
-142.91 -29.6 10.57 -140.9 -29.78 11.1 0.275 0x0000FF
-144.19 -29.05 10.11 -142.91 -29.6 10.57 0.275 0x0000FF
-145.83 -28.5 9.89 -144.19 -29.05 10.11 0.275 0x0000FF
-146.74 -27.96 8.98 -145.83 -28.5 9.89 0.275 0x0000FF
-147.29 -26.68 6.11 -146.74 -27.96 8.98 0.275 0x0000FF
-148.19 -25.95 5.73 -147.29 -26.68 6.11 0.275 0x0000FF
-148.93 -25.41 4.67 -148.19 -25.95 5.73 0.275 0x0000FF
-149.11 -24.49 2.31 -148.93 -25.41 4.67 0.275 0x0000FF
-149.3 -23.4 1.56 -149.11 -24.49 2.31 0.275 0x0000FF
-150.21 -22.31 0.65 -149.3 -23.4 1.56 0.275 0x0000FF
-150.38 -22.31 -0.26 -150.21 -22.31 0.65 0.275 0x0000FF
-151.3 -21.94 -0.64 -150.38 -22.31 -0.26 0.275 0x0000FF
-152.4 -21.94 -1.47 -151.3 -21.94 -0.64 0.275 0x0000FF
-153.31 -22.49 -2.08 -152.4 -21.94 -1.47 0.275 0x0000FF
-42.57 -1.69 1.33 -41.84 -2.23 1.26 1.005 0x0000FF
-43.48 -0.41 1.33 -42.57 -1.69 1.33 1.005 0x0000FF
-46.22 0.5 1.33 -43.48 -0.41 1.33 0.82 0x0000FF
-48.59 1.05 1.33 -46.22 0.5 1.33 0.82 0x0000FF
-49.32 1.23 1.48 -48.59 1.05 1.33 0.82 0x0000FF
-51.51 1.59 1.26 -49.32 1.23 1.48 0.82 0x0000FF
-52.24 2.14 1.26 -51.51 1.59 1.26 0.82 0x0000FF
-52.42 3.6 1.26 -52.24 2.14 1.26 0.64 0x0000FF
-52.15 3.17 1.26 -52.42 3.6 1.26 0.82 0x0000FF
-52.33 2.25 1.18 -52.15 3.17 1.26 0.82 0x0000FF
-54.71 2.25 1.26 -52.33 2.25 1.18 0.64 0x0000FF
-56.71 2.08 1.94 -54.71 2.25 1.26 0.64 0x0000FF
-59.92 2.2 2.7 -56.71 2.08 1.94 0.365 0x0000FF
-61.56 1.47 3.0 -59.92 2.2 2.7 0.365 0x0000FF
-64.3 0.74 3.23 -61.56 1.47 3.0 0.365 0x0000FF
-66.67 0.2 3.68 -64.3 0.74 3.23 0.365 0x0000FF
-72.33 -0.53 4.05 -66.67 0.2 3.68 0.365 0x0000FF
-75.43 -0.9 4.74 -72.33 -0.53 4.05 0.365 0x0000FF
-79.63 -0.72 5.35 -75.43 -0.9 4.74 0.365 0x0000FF
-81.81 -0.72 6.03 -79.63 -0.72 5.35 0.365 0x0000FF
-83.28 -0.53 6.86 -81.81 -0.72 6.03 0.365 0x0000FF
-84.92 -0.17 7.39 -83.28 -0.53 6.86 0.365 0x0000FF
-86.56 0.2 8.68 -84.92 -0.17 7.39 0.365 0x0000FF
-88.75 1.11 9.14 -86.56 0.2 8.68 0.365 0x0000FF
-94.04 2.75 9.59 -88.75 1.11 9.14 0.365 0x0000FF
-96.78 3.47 9.89 -94.04 2.75 9.59 0.365 0x0000FF
-99.7 4.01 10.35 -96.78 3.47 9.89 0.365 0x0000FF
-104.07 5.3 11.03 -99.7 4.01 10.35 0.365 0x0000FF
-105.9 6.03 11.86 -104.07 5.3 11.03 0.365 0x0000FF
-107.72 6.75 12.47 -105.9 6.03 11.86 0.365 0x0000FF
-109.91 8.02 13.15 -107.72 6.75 12.47 0.365 0x0000FF
-115.57 9.49 13.45 -109.91 8.02 13.15 0.365 0x0000FF
-117.94 10.4 14.13 -115.57 9.49 13.45 0.365 0x0000FF
-119.95 11.49 15.04 -117.94 10.4 14.13 0.365 0x0000FF
-121.23 12.77 15.42 -119.95 11.49 15.04 0.365 0x0000FF
-122.14 13.68 15.95 -121.23 12.77 15.42 0.365 0x0000FF
-123.41 14.04 16.71 -122.14 13.68 15.95 0.365 0x0000FF
-123.96 14.59 17.09 -123.41 14.04 16.71 0.365 0x0000FF
-124.69 15.32 18.0 -123.96 14.59 17.09 0.365 0x0000FF
-125.79 16.59 18.6 -124.69 15.32 18.0 0.365 0x0000FF
-126.7 17.5 19.13 -125.79 16.59 18.6 0.365 0x0000FF
-127.98 18.6 19.82 -126.7 17.5 19.13 0.365 0x0000FF
-128.34 18.96 20.35 -127.98 18.6 19.82 0.365 0x0000FF
-128.71 19.32 20.95 -128.34 18.96 20.35 0.365 0x0000FF
-129.8 20.42 21.41 -128.71 19.32 20.95 0.365 0x0000FF
-130.53 21.15 21.94 -129.8 20.42 21.41 0.365 0x0000FF
-130.71 21.33 22.77 -130.53 21.15 21.94 0.365 0x0000FF
-130.9 21.88 23.6 -130.71 21.33 22.77 0.365 0x0000FF
-131.08 22.79 24.21 -130.9 21.88 23.6 0.365 0x0000FF
-131.44 23.88 25.04 -131.08 22.79 24.21 0.365 0x0000FF
-131.63 25.34 25.88 -131.44 23.88 25.04 0.365 0x0000FF
-131.81 26.98 26.56 -131.63 25.34 25.88 0.365 0x0000FF
-132.54 29.17 27.39 -131.81 26.98 26.56 0.365 0x0000FF
-135.46 31.72 27.85 -132.54 29.17 27.39 0.365 0x0000FF
-136.55 32.63 28.6 -135.46 31.72 27.85 0.365 0x0000FF
-137.28 33.36 29.36 -136.55 32.63 28.6 0.365 0x0000FF
-138.01 34.63 29.82 -137.28 33.36 29.36 0.365 0x0000FF
-138.19 35.72 30.5 -138.01 34.63 29.82 0.365 0x0000FF
-138.38 37.54 31.33 -138.19 35.72 30.5 0.365 0x0000FF
-138.38 39.19 32.01 -138.38 37.54 31.33 0.365 0x0000FF
-138.56 40.28 32.31 -138.38 39.19 32.01 0.365 0x0000FF
-139.29 42.47 33.29 -138.56 40.28 32.31 0.365 0x0000FF
-140.93 43.92 33.83 -139.29 42.47 33.29 0.365 0x0000FF
-143.12 44.83 34.65 -140.93 43.92 33.83 0.365 0x0000FF
-146.4 46.84 35.04 -143.12 44.83 34.65 0.365 0x0000FF
-150.24 48.3 36.1 -146.4 46.84 35.04 0.275 0x0000FF
-152.61 49.57 36.71 -150.24 48.3 36.1 0.275 0x0000FF
-154.8 50.3 37.47 -152.61 49.57 36.71 0.275 0x0000FF
-156.26 50.85 37.77 -154.8 50.3 37.47 0.275 0x0000FF
-157.16 51.39 38.68 -156.26 50.85 37.77 0.275 0x0000FF
-158.08 52.3 39.36 -157.16 51.39 38.68 0.275 0x0000FF
-158.26 55.58 39.97 -158.08 52.3 39.36 0.275 0x0000FF
-57.99 2.44 1.94 -56.71 2.08 1.94 0.455 0x0000FF
-60.18 2.8 1.94 -57.99 2.44 1.94 0.455 0x0000FF
-64.38 1.71 1.94 -60.18 2.8 1.94 0.365 0x0000FF
-67.11 -0.84 1.94 -64.38 1.71 1.94 0.365 0x0000FF
-68.94 -3.03 1.94 -67.11 -0.84 1.94 0.365 0x0000FF
-77.8 -10.37 2.31 -68.94 -3.03 1.94 0.365 0x0000FF
-80.36 -11.47 2.54 -77.8 -10.37 2.31 0.365 0x0000FF
-82.55 -12.74 1.26 -80.36 -11.47 2.54 0.365 0x0000FF
-83.64 -13.65 0.88 -82.55 -12.74 1.26 0.365 0x0000FF
-85.28 -14.38 -0.03 -83.64 -13.65 0.88 0.365 0x0000FF
-86.38 -14.75 -0.26 -85.28 -14.38 -0.03 0.365 0x0000FF
-86.38 -14.93 -0.26 -86.38 -14.75 -0.26 0.365 0x0000FF
-86.56 -16.57 0.95 -86.38 -14.93 -0.26 0.64 0x0000FF
-86.74 -17.11 0.88 -86.56 -16.57 0.95 0.64 0x0000FF
-87.29 -17.48 0.88 -86.74 -17.11 0.88 0.64 0x0000FF
-87.11 -18.21 0.88 -87.29 -17.48 0.88 0.545 0x0000FF
-86.92 -18.39 0.57 -87.11 -18.21 0.88 0.545 0x0000FF
-86.74 -18.75 -0.33 -86.92 -18.39 0.57 0.545 0x0000FF
-86.56 -19.12 -0.79 -86.74 -18.75 -0.33 0.545 0x0000FF
-86.19 -19.3 -0.94 -86.56 -19.12 -0.79 0.545 0x0000FF
-85.83 -19.85 -1.39 -86.19 -19.3 -0.94 0.545 0x0000FF
-85.46 -20.58 -1.85 -85.83 -19.85 -1.39 0.545 0x0000FF
-85.1 -21.49 -1.92 -85.46 -20.58 -1.85 0.545 0x0000FF
-84.73 -22.76 -2.76 -85.1 -21.49 -1.92 0.545 0x0000FF
-84.0 -24.58 -3.21 -84.73 -22.76 -2.76 0.545 0x0000FF
-83.46 -26.77 -3.59 -84.0 -24.58 -3.21 0.545 0x0000FF
-82.91 -29.14 -4.34 -83.46 -26.77 -3.59 0.545 0x0000FF
-82.55 -32.04 -4.8 -82.91 -29.14 -4.34 0.545 0x0000FF
-82.73 -35.52 -5.11 -82.55 -32.04 -4.8 0.455 0x0000FF
-82.36 -37.15 -5.48 -82.73 -35.52 -5.11 0.455 0x0000FF
-80.72 -40.07 -5.71 -82.36 -37.15 -5.48 0.455 0x0000FF
-79.26 -41.89 -5.94 -80.72 -40.07 -5.71 0.455 0x0000FF
-76.16 -45.72 -6.24 -79.26 -41.89 -5.94 0.455 0x0000FF
-74.88 -49.73 -6.24 -76.16 -45.72 -6.24 0.365 0x0000FF
-75.06 -51.0 -6.24 -74.88 -49.73 -6.24 0.365 0x0000FF
-75.61 -53.01 -6.24 -75.06 -51.0 -6.24 0.365 0x0000FF
-76.52 -55.56 -6.24 -75.61 -53.01 -6.24 0.365 0x0000FF
-77.06 -57.56 -6.24 -76.52 -55.56 -6.24 0.365 0x0000FF
-77.44 -59.2 -6.39 -77.06 -57.56 -6.24 0.365 0x0000FF
-77.44 -59.93 -6.85 -77.44 -59.2 -6.39 0.365 0x0000FF
-77.62 -61.39 -7.15 -77.44 -59.93 -6.85 0.365 0x0000FF
-77.62 -62.85 -7.61 -77.62 -61.39 -7.15 0.365 0x0000FF
-77.62 -63.94 -8.06 -77.62 -62.85 -7.61 0.365 0x0000FF
-77.62 -65.03 -8.59 -77.62 -63.94 -8.06 0.365 0x0000FF
-77.25 -66.13 -9.35 -77.62 -65.03 -8.59 0.365 0x0000FF
-77.06 -67.77 -9.8 -77.25 -66.13 -9.35 0.365 0x0000FF
-76.89 -69.4 -10.26 -77.06 -67.77 -9.8 0.365 0x0000FF
-77.06 -70.5 -10.56 -76.89 -69.4 -10.26 0.365 0x0000FF
-77.44 -72.14 -10.86 -77.06 -70.5 -10.56 0.365 0x0000FF
-77.44 -73.78 -11.01 -77.44 -72.14 -10.86 0.365 0x0000FF
-77.44 -74.51 -11.54 -77.44 -73.78 -11.01 0.365 0x0000FF
-77.25 -74.87 -11.62 -77.44 -74.51 -11.54 0.365 0x0000FF
-76.52 -75.95 -12.98 -77.25 -74.87 -11.62 0.365 0x0000FF
-75.25 -76.69 -13.51 -76.52 -75.95 -12.98 0.365 0x0000FF
-74.33 -77.06 -13.97 -75.25 -76.69 -13.51 0.365 0x0000FF
-72.88 -77.23 -14.95 -74.33 -77.06 -13.97 0.365 0x0000FF
-71.95 -77.23 -15.79 -72.88 -77.23 -14.95 0.365 0x0000FF
-71.42 -77.06 -16.54 -71.95 -77.23 -15.79 0.365 0x0000FF
-70.14 -77.06 -17.14 -71.42 -77.06 -16.54 0.365 0x0000FF
-69.59 -76.69 -17.76 -70.14 -77.06 -17.14 0.365 0x0000FF
-69.04 -76.51 -18.59 -69.59 -76.69 -17.76 0.365 0x0000FF
-67.22 -76.33 -18.97 -69.04 -76.51 -18.59 0.365 0x0000FF
-65.39 -73.95 -19.8 -67.22 -76.33 -18.97 0.275 0x0000FF
-87.84 -17.48 1.26 -87.29 -17.48 0.88 0.64 0x0000FF
-90.21 -18.02 1.79 -87.84 -17.48 1.26 0.545 0x0000FF
-90.94 -18.57 1.94 -90.21 -18.02 1.79 0.545 0x0000FF
-92.22 -19.48 2.47 -90.94 -18.57 1.94 0.545 0x0000FF
-93.86 -20.76 2.77 -92.22 -19.48 2.47 0.455 0x0000FF
-94.77 -21.85 3.08 -93.86 -20.76 2.77 0.455 0x0000FF
-95.68 -24.22 3.3 -94.77 -21.85 3.08 0.455 0x0000FF
-95.86 -26.04 3.68 -95.68 -24.22 3.3 0.455 0x0000FF
-95.68 -28.59 4.21 -95.86 -26.04 3.68 0.455 0x0000FF
-95.13 -30.23 4.59 -95.68 -28.59 4.21 0.455 0x0000FF
-93.49 -33.69 4.88 -95.13 -30.23 4.59 0.455 0x0000FF
-92.22 -35.33 5.2 -93.49 -33.69 4.88 0.455 0x0000FF
-86.74 -38.79 6.41 -92.22 -35.33 5.2 0.365 0x0000FF
-86.38 -39.15 4.97 -86.74 -38.79 6.41 0.365 0x0000FF
-85.83 -39.34 4.21 -86.38 -39.15 4.97 0.365 0x0000FF
-84.92 -40.25 3.08 -85.83 -39.34 4.21 0.365 0x0000FF
-84.19 -40.98 2.31 -84.92 -40.25 3.08 0.365 0x0000FF
-83.46 -41.53 1.41 -84.19 -40.98 2.31 0.365 0x0000FF
-82.55 -42.44 1.18 -83.46 -41.53 1.41 0.365 0x0000FF
-82.18 -42.8 0.65 -82.55 -42.44 1.18 0.365 0x0000FF
-81.63 -43.17 -0.56 -82.18 -42.8 0.65 0.365 0x0000FF
-80.72 -44.63 -1.02 -81.63 -43.17 -0.56 0.365 0x0000FF
-79.81 -45.9 -1.7 -80.72 -44.63 -1.02 0.365 0x0000FF
-79.26 -47.72 -2.45 -79.81 -45.9 -1.7 0.365 0x0000FF
-79.08 -49.73 -3.36 -79.26 -47.72 -2.45 0.365 0x0000FF
-79.44 -53.55 -4.58 -79.08 -49.73 -3.36 0.365 0x0000FF
-80.36 -55.19 -4.88 -79.44 -53.55 -4.58 0.365 0x0000FF
-81.27 -56.47 -5.33 -80.36 -55.19 -4.88 0.365 0x0000FF
-82.55 -58.66 -5.79 -81.27 -56.47 -5.33 0.365 0x0000FF
-83.28 -60.29 -6.32 -82.55 -58.66 -5.79 0.365 0x0000FF
-83.64 -62.12 -7.08 -83.28 -60.29 -6.32 0.365 0x0000FF
-83.46 -63.57 -7.76 -83.64 -62.12 -7.08 0.365 0x0000FF
-82.73 -66.67 -8.21 -83.46 -63.57 -7.76 0.365 0x0000FF
-81.45 -67.58 -9.03 -82.73 -66.67 -8.21 0.365 0x0000FF
-79.81 -69.04 -9.35 -81.45 -67.58 -9.03 0.365 0x0000FF
-79.26 -71.04 -9.42 -79.81 -69.04 -9.35 0.365 0x0000FF
-79.26 -72.5 -9.42 -79.26 -71.04 -9.42 0.365 0x0000FF
-78.34 -74.51 -9.57 -79.26 -72.5 -9.42 0.365 0x0000FF
-88.57 -15.11 -1.24 -86.38 -14.93 -0.26 0.365 0x0000FF
-89.84 -15.11 -1.92 -88.57 -15.11 -1.24 0.365 0x0000FF
-91.85 -15.66 -2.83 -89.84 -15.11 -1.92 0.365 0x0000FF
-92.58 -15.84 -3.51 -91.85 -15.66 -2.83 0.365 0x0000FF
-95.5 -16.57 -3.29 -92.58 -15.84 -3.51 0.365 0x0000FF
-96.23 -16.75 -2.61 -95.5 -16.57 -3.29 0.365 0x0000FF
-97.32 -17.11 -4.5 -96.23 -16.75 -2.61 0.365 0x0000FF
-98.42 -17.3 -5.41 -97.32 -17.11 -4.5 0.365 0x0000FF
-100.24 -17.84 -6.17 -98.42 -17.3 -5.41 0.365 0x0000FF
-101.52 -18.21 -6.62 -100.24 -17.84 -6.17 0.365 0x0000FF
-103.89 -19.12 -7.91 -101.52 -18.21 -6.62 0.365 0x0000FF
-105.9 -20.39 -8.97 -103.89 -19.12 -7.91 0.365 0x0000FF
-106.63 -21.67 -10.33 -105.9 -20.39 -8.97 0.365 0x0000FF
-107.36 -22.94 -10.86 -106.63 -21.67 -10.33 0.365 0x0000FF
-108.64 -24.58 -11.54 -107.36 -22.94 -10.86 0.365 0x0000FF
-109.91 -25.31 -12.15 -108.64 -24.58 -11.54 0.365 0x0000FF
-111.01 -25.68 -13.06 -109.91 -25.31 -12.15 0.365 0x0000FF
-111.92 -26.22 -14.2 -111.01 -25.68 -13.06 0.365 0x0000FF
-113.74 -26.95 -15.48 -111.92 -26.22 -14.2 0.365 0x0000FF
-116.12 -28.96 -17.07 -113.74 -26.95 -15.48 0.365 0x0000FF
-117.58 -29.69 -18.13 -116.12 -28.96 -17.07 0.365 0x0000FF
-119.04 -30.23 -19.64 -117.58 -29.69 -18.13 0.365 0x0000FF
-120.5 -31.33 -20.63 -119.04 -30.23 -19.64 0.365 0x0000FF
-121.96 -32.78 -21.62 -120.5 -31.33 -20.63 0.365 0x0000FF
-124.87 -34.97 -22.23 -121.96 -32.78 -21.62 0.365 0x0000FF
-125.24 -35.88 -23.44 -124.87 -34.97 -22.23 0.365 0x0000FF
-129.25 -39.52 -24.72 -125.24 -35.88 -23.44 0.365 0x0000FF
-129.8 -40.07 -26.54 -129.25 -39.52 -24.72 0.365 0x0000FF
-133.81 -41.71 -27.0 -129.8 -40.07 -26.54 0.365 0x0000FF
-136.19 -42.26 -28.29 -133.81 -41.71 -27.0 0.365 0x0000FF
-138.56 -42.8 -29.19 -136.19 -42.26 -28.29 0.365 0x0000FF
-141.11 -44.26 -30.33 -138.56 -42.8 -29.19 0.365 0x0000FF
-143.12 -45.35 -31.01 -141.11 -44.26 -30.33 0.365 0x0000FF
-145.31 -46.27 -31.69 -143.12 -45.35 -31.01 0.365 0x0000FF
-148.41 -48.09 -32.22 -145.31 -46.27 -31.69 0.365 0x0000FF
-150.24 -49.73 -32.6 -148.41 -48.09 -32.22 0.365 0x0000FF
-153.34 -51.73 -33.44 -150.24 -49.73 -32.6 0.365 0x0000FF
-155.34 -52.46 -34.65 -153.34 -51.73 -33.44 0.365 0x0000FF
-157.16 -52.82 -37.29 -155.34 -52.46 -34.65 0.365 0x0000FF
-159.36 -52.82 -38.81 -157.16 -52.82 -37.29 0.365 0x0000FF
-161.55 -53.19 -39.72 -159.36 -52.82 -38.81 0.365 0x0000FF
-52.42 5.24 1.41 -52.15 3.17 1.26 0.82 0x0000FF
-52.78 7.42 1.48 -52.42 5.24 1.41 0.82 0x0000FF
-52.97 8.52 0.95 -52.78 7.42 1.48 0.82 0x0000FF
-53.51 10.88 0.57 -52.97 8.52 0.95 0.73 0x0000FF
-53.51 12.16 0.12 -53.51 10.88 0.57 0.73 0x0000FF
-53.88 13.98 -0.11 -53.51 12.16 0.12 0.73 0x0000FF
-53.88 15.8 -0.41 -53.88 13.98 -0.11 0.64 0x0000FF
-54.06 16.89 -0.86 -53.88 15.8 -0.41 0.64 0x0000FF
-55.16 19.63 -1.09 -54.06 16.89 -0.86 0.64 0x0000FF
-55.52 20.54 -1.39 -55.16 19.63 -1.09 0.64 0x0000FF
-58.8 24.0 -1.77 -55.52 20.54 -1.39 0.545 0x0000FF
-60.63 26.01 -1.92 -58.8 24.0 -1.77 0.545 0x0000FF
-63.18 29.65 -2.0 -60.63 26.01 -1.92 0.545 0x0000FF
-64.09 34.02 -2.08 -63.18 29.65 -2.0 0.545 0x0000FF
-65.19 37.67 -2.08 -64.09 34.02 -2.08 0.545 0x0000FF
-67.93 40.95 -2.08 -65.19 37.67 -2.08 0.545 0x0000FF
-69.93 44.96 -2.0 -67.93 40.95 -2.08 0.545 0x0000FF
-71.76 50.24 -2.08 -69.93 44.96 -2.0 0.545 0x0000FF
-71.94 52.06 -2.23 -71.76 50.24 -2.08 0.545 0x0000FF
-71.94 52.79 -2.45 -71.94 52.06 -2.23 0.545 0x0000FF
-72.31 54.79 -2.15 -71.94 52.79 -2.45 0.545 0x0000FF
-72.48 56.98 -1.47 -72.31 54.79 -2.15 0.545 0x0000FF
-72.84 58.8 -1.17 -72.48 56.98 -1.47 0.545 0x0000FF
-73.77 61.9 -0.86 -72.84 58.8 -1.17 0.545 0x0000FF
-74.31 64.81 -0.48 -73.77 61.9 -0.86 0.545 0x0000FF
-76.87 72.09 -0.11 -74.31 64.81 -0.48 0.545 0x0000FF
-78.14 74.11 0.27 -76.87 72.09 -0.11 0.545 0x0000FF
-78.87 75.56 0.57 -78.14 74.11 0.27 0.545 0x0000FF
-79.23 77.56 0.8 -78.87 75.56 0.57 0.545 0x0000FF
-79.59 79.2 1.18 -79.23 77.56 0.8 0.545 0x0000FF
-79.59 80.67 1.56 -79.59 79.2 1.18 0.545 0x0000FF
-79.79 81.76 2.0 -79.59 80.67 1.56 0.545 0x0000FF
-79.97 82.31 2.17 -79.79 81.76 2.0 0.545 0x0000FF
-80.52 82.85 1.79 -79.97 82.31 2.17 0.545 0x0000FF
-80.88 83.4 0.35 -80.52 82.85 1.79 0.545 0x0000FF
-81.43 83.95 -0.18 -80.88 83.4 0.35 0.545 0x0000FF
-82.16 85.04 -0.48 -81.43 83.95 -0.18 0.455 0x0000FF
-82.71 86.13 -1.32 -82.16 85.04 -0.48 0.455 0x0000FF
-83.07 87.23 -1.85 -82.71 86.13 -1.32 0.455 0x0000FF
-84.9 90.14 -2.23 -83.07 87.23 -1.85 0.455 0x0000FF
-85.99 91.78 -2.91 -84.9 90.14 -2.23 0.455 0x0000FF
-86.72 92.15 -3.21 -85.99 91.78 -2.91 0.455 0x0000FF
-87.45 92.87 -3.44 -86.72 92.15 -3.21 0.455 0x0000FF
-88.91 93.6 -3.82 -87.45 92.87 -3.44 0.455 0x0000FF
-89.71 93.67 -5.79 -88.91 93.6 -3.82 0.455 0x0000FF
-89.89 93.67 -6.7 -89.71 93.67 -5.79 0.455 0x0000FF
-90.44 94.21 -6.92 -89.89 93.67 -6.7 0.455 0x0000FF
-90.99 94.76 -7.38 -90.44 94.21 -6.92 0.455 0x0000FF
-91.17 95.85 -7.98 -90.99 94.76 -7.38 0.455 0x0000FF
-91.17 96.4 -8.44 -91.17 95.85 -7.98 0.455 0x0000FF
-90.99 96.95 -8.51 -91.17 96.4 -8.44 0.455 0x0000FF
-90.99 97.31 -9.27 -90.99 96.95 -8.51 0.455 0x0000FF
-91.35 98.04 -9.88 -90.99 97.31 -9.27 0.455 0x0000FF
-91.72 98.59 -10.79 -91.35 98.04 -9.88 0.455 0x0000FF
-92.26 98.77 -11.17 -91.72 98.59 -10.79 0.455 0x0000FF
-92.81 99.5 -11.7 -92.26 98.77 -11.17 0.455 0x0000FF
-93.18 100.77 -12.15 -92.81 99.5 -11.7 0.365 0x0000FF
-93.18 101.87 -12.45 -93.18 100.77 -12.15 0.365 0x0000FF
-93.18 102.41 -12.83 -93.18 101.87 -12.45 0.365 0x0000FF
-93.54 103.51 -12.83 -93.18 102.41 -12.83 0.365 0x0000FF
-93.72 104.78 -12.83 -93.54 103.51 -12.83 0.365 0x0000FF
-94.63 106.06 -12.91 -93.72 104.78 -12.83 0.365 0x0000FF
-96.09 106.97 -12.91 -94.63 106.06 -12.91 0.365 0x0000FF
-22.7 2.75 -3.36 -14.08 -1.58 -0.87 0.82 0x0000FF
-25.07 2.56 -2.76 -22.7 2.75 -3.36 0.82 0x0000FF
-26.35 2.38 -2.0 -25.07 2.56 -2.76 0.82 0x0000FF
-27.81 2.2 -1.62 -26.35 2.38 -2.0 0.82 0x0000FF
-29.09 2.2 -1.39 -27.81 2.2 -1.62 0.82 0x0000FF
-31.09 2.38 -1.02 -29.09 2.2 -1.39 0.82 0x0000FF
-33.28 2.56 -0.33 -31.09 2.38 -1.02 0.82 0x0000FF
-35.47 2.93 0.42 -33.28 2.56 -0.33 0.82 0x0000FF
-37.29 3.29 1.48 -35.47 2.93 0.42 0.82 0x0000FF
-40.03 3.66 2.62 -37.29 3.29 1.48 0.82 0x0000FF
-40.95 3.66 3.53 -40.03 3.66 2.62 0.82 0x0000FF
-42.41 4.01 3.98 -40.95 3.66 3.53 0.82 0x0000FF
-44.41 4.57 4.59 -42.41 4.01 3.98 0.82 0x0000FF
-46.24 4.57 6.41 -44.41 4.57 4.59 0.82 0x0000FF
-47.88 4.75 7.24 -46.24 4.57 6.41 0.82 0x0000FF
-48.97 4.93 7.32 -47.88 4.75 7.24 0.82 0x0000FF
-49.7 4.93 8.0 -48.97 4.93 7.32 0.82 0x0000FF
-51.16 5.11 8.61 -49.7 4.93 8.0 0.82 0x0000FF
-52.26 5.3 9.74 -51.16 5.11 8.61 0.82 0x0000FF
-54.45 5.84 10.5 -52.26 5.3 9.74 0.73 0x0000FF
-56.45 5.84 11.1 -54.45 5.84 10.5 0.73 0x0000FF
-58.1 5.84 11.86 -56.45 5.84 11.1 0.73 0x0000FF
-60.65 5.66 12.47 -58.1 5.84 11.86 0.73 0x0000FF
-62.48 5.48 12.85 -60.65 5.66 12.47 0.73 0x0000FF
-65.58 4.57 13.38 -62.48 5.48 12.85 0.73 0x0000FF
-67.22 4.38 14.36 -65.58 4.57 13.38 0.64 0x0000FF
-69.23 3.84 14.97 -67.22 4.38 14.36 0.64 0x0000FF
-69.77 3.47 14.89 -69.23 3.84 14.97 0.64 0x0000FF
-70.69 3.29 13.45 -69.77 3.47 14.89 0.64 0x0000FF
-71.78 2.93 12.09 -70.69 3.29 13.45 0.64 0x0000FF
-73.97 0.56 11.64 -71.78 2.93 12.09 0.64 0x0000FF
-75.61 -1.81 11.03 -73.97 0.56 11.64 0.545 0x0000FF
-75.79 -3.45 10.73 -75.61 -1.81 11.03 0.545 0x0000FF
-75.79 -4.0 10.88 -75.79 -3.45 10.73 0.545 0x0000FF
-75.79 -5.27 12.17 -75.79 -4.0 10.88 0.545 0x0000FF
-75.79 -7.09 12.47 -75.79 -5.27 12.17 0.545 0x0000FF
-75.98 -9.1 13.45 -75.79 -7.09 12.47 0.545 0x0000FF
-76.89 -11.65 14.44 -75.98 -9.1 13.45 0.455 0x0000FF
-77.8 -13.11 15.04 -76.89 -11.65 14.44 0.455 0x0000FF
-78.7 -13.83 15.95 -77.8 -13.11 15.04 0.455 0x0000FF
-79.98 -14.38 17.39 -78.7 -13.83 15.95 0.455 0x0000FF
-82.91 -16.2 18.07 -79.98 -14.38 17.39 0.455 0x0000FF
-85.46 -16.57 18.98 -82.91 -16.2 18.07 0.455 0x0000FF
-88.38 -17.3 19.59 -85.46 -16.57 18.98 0.455 0x0000FF
-90.03 -18.39 20.35 -88.38 -17.3 19.59 0.455 0x0000FF
-91.12 -19.85 20.73 -90.03 -18.39 20.35 0.365 0x0000FF
-91.85 -20.03 21.18 -91.12 -19.85 20.73 0.365 0x0000FF
-92.58 -20.39 22.62 -91.85 -20.03 21.18 0.365 0x0000FF
-93.31 -20.58 23.15 -92.58 -20.39 22.62 0.365 0x0000FF
-94.4 -20.58 23.83 -93.31 -20.58 23.15 0.365 0x0000FF
-96.41 -21.3 24.82 -94.4 -20.58 23.83 0.365 0x0000FF
-98.05 -21.67 25.95 -96.41 -21.3 24.82 0.365 0x0000FF
-102.43 -22.03 26.79 -98.05 -21.67 25.95 0.365 0x0000FF
-106.99 -22.76 27.47 -102.43 -22.03 26.79 0.365 0x0000FF
-113.93 -24.04 28.0 -106.99 -22.76 27.47 0.365 0x0000FF
-115.02 -24.22 29.36 -113.93 -24.04 28.0 0.365 0x0000FF
-116.12 -24.4 30.19 -115.02 -24.22 29.36 0.365 0x0000FF
-118.31 -24.22 30.88 -116.12 -24.4 30.19 0.365 0x0000FF
-119.95 -24.22 31.56 -118.31 -24.22 30.88 0.365 0x0000FF
-122.68 -24.04 32.01 -119.95 -24.22 31.56 0.365 0x0000FF
-124.33 -24.4 32.69 -122.68 -24.04 32.01 0.365 0x0000FF
-124.51 -24.4 33.0 -124.33 -24.4 32.69 0.365 0x0000FF
-125.24 -24.4 31.18 -124.51 -24.4 33.0 0.365 0x0000FF
-125.97 -24.4 30.5 -125.24 -24.4 31.18 0.365 0x0000FF
-127.98 -24.58 29.82 -125.97 -24.4 30.5 0.365 0x0000FF
-130.53 -24.95 28.6 -127.98 -24.58 29.82 0.365 0x0000FF
-134.91 -26.04 27.54 -130.53 -24.95 28.6 0.365 0x0000FF
-142.38 -28.05 26.63 -134.91 -26.04 27.54 0.365 0x0000FF
-144.94 -29.32 26.18 -142.38 -28.05 26.63 0.365 0x0000FF
-148.41 -33.15 25.57 -144.94 -29.32 26.18 0.275 0x0000FF
-21.79 -7.27 -6.77 -14.08 -1.58 -0.87 0.73 0x0000FF
-29.45 -14.75 -6.77 -21.79 -7.27 -6.77 0.73 0x0000FF
-29.38 -15.31 -7.68 -29.45 -14.75 -6.77 0.64 0x0000FF
-29.74 -16.04 -8.21 -29.38 -15.31 -7.68 0.64 0x0000FF
-29.93 -16.39 -8.59 -29.74 -16.04 -8.21 0.64 0x0000FF
-30.29 -16.95 -9.11 -29.93 -16.39 -8.59 0.64 0x0000FF
-30.47 -17.5 -9.65 -30.29 -16.95 -9.11 0.64 0x0000FF
-31.39 -19.14 -10.18 -30.47 -17.5 -9.65 0.64 0x0000FF
-31.75 -19.86 -11.62 -31.39 -19.14 -10.18 0.64 0x0000FF
-32.11 -20.77 -12.23 -31.75 -19.86 -11.62 0.64 0x0000FF
-32.29 -21.14 -12.76 -32.11 -20.77 -12.23 0.64 0x0000FF
-33.58 -23.51 -13.59 -32.29 -21.14 -12.76 0.545 0x0000FF
-34.31 -24.24 -13.89 -33.58 -23.51 -13.59 0.545 0x0000FF
-34.49 -25.33 -14.42 -34.31 -24.24 -13.89 0.545 0x0000FF
-34.49 -27.33 -15.1 -34.49 -25.33 -14.42 0.545 0x0000FF
-34.11 -29.16 -15.56 -34.49 -27.33 -15.1 0.545 0x0000FF
-32.85 -31.71 -15.94 -34.11 -29.16 -15.56 0.545 0x0000FF
-32.11 -33.89 -16.32 -32.85 -31.71 -15.94 0.545 0x0000FF
-31.93 -36.63 -16.77 -32.11 -33.89 -16.32 0.545 0x0000FF
-31.2 -38.81 -17.07 -31.93 -36.63 -16.77 0.545 0x0000FF
-30.47 -41.55 -17.68 -31.2 -38.81 -17.07 0.545 0x0000FF
-29.01 -44.46 -18.05 -30.47 -41.55 -17.68 0.545 0x0000FF
-27.92 -46.1 -18.51 -29.01 -44.46 -18.05 0.545 0x0000FF
-27.01 -47.56 -18.82 -27.92 -46.1 -18.51 0.545 0x0000FF
-26.46 -49.2 -19.27 -27.01 -47.56 -18.82 0.545 0x0000FF
-26.28 -49.56 -19.95 -26.46 -49.2 -19.27 0.545 0x0000FF
-26.09 -50.29 -20.71 -26.28 -49.56 -19.95 0.545 0x0000FF
-25.55 -52.3 -21.09 -26.09 -50.29 -20.71 0.545 0x0000FF
-24.82 -55.39 -21.92 -25.55 -52.3 -21.09 0.455 0x0000FF
-24.82 -56.12 -22.3 -24.82 -55.39 -21.92 0.455 0x0000FF
-24.45 -56.85 -22.91 -24.82 -56.12 -22.3 0.455 0x0000FF
-24.27 -57.76 -24.04 -24.45 -56.85 -22.91 0.455 0x0000FF
-24.09 -59.58 -24.88 -24.27 -57.76 -24.04 0.455 0x0000FF
-22.99 -62.68 -25.41 -24.09 -59.58 -24.88 0.455 0x0000FF
-22.45 -64.14 -24.88 -22.99 -62.68 -25.41 0.455 0x0000FF
-21.72 -65.95 -24.65 -22.45 -64.14 -24.88 0.455 0x0000FF
-21.53 -67.23 -24.35 -21.72 -65.95 -24.65 0.455 0x0000FF
-20.99 -69.79 -23.74 -21.53 -67.23 -24.35 0.365 0x0000FF
-20.62 -70.7 -23.66 -20.99 -69.79 -23.74 0.365 0x0000FF
-19.89 -72.34 -23.51 -20.62 -70.7 -23.66 0.365 0x0000FF
-19.34 -73.43 -23.29 -19.89 -72.34 -23.51 0.365 0x0000FF
-19.34 -74.16 -24.42 -19.34 -73.43 -23.29 0.365 0x0000FF
-19.53 -75.8 -25.63 -19.34 -74.16 -24.42 0.365 0x0000FF
-20.44 -78.53 -25.71 -19.53 -75.8 -25.63 0.275 0x0000FF
-35.65 -22.22 -6.77 -29.45 -14.75 -6.77 0.64 0x0000FF
-37.33 -23.0 -6.54 -35.65 -22.22 -6.77 0.365 0x0000FF
-38.79 -23.91 -6.32 -37.33 -23.0 -6.54 0.365 0x0000FF
-39.52 -24.63 -6.01 -38.79 -23.91 -6.32 0.365 0x0000FF
-40.07 -25.36 -5.79 -39.52 -24.63 -6.01 0.365 0x0000FF
-40.61 -26.09 -5.56 -40.07 -25.36 -5.79 0.365 0x0000FF
-41.34 -27.91 -5.33 -40.61 -26.09 -5.56 0.365 0x0000FF
-42.26 -29.55 -5.03 -41.34 -27.91 -5.33 0.365 0x0000FF
-43.9 -32.65 -4.88 -42.26 -29.55 -5.03 0.365 0x0000FF
-45.18 -34.47 -4.65 -43.9 -32.65 -4.88 0.365 0x0000FF
-47.18 -36.29 -4.5 -45.18 -34.47 -4.65 0.365 0x0000FF
-48.82 -37.75 -4.34 -47.18 -36.29 -4.5 0.365 0x0000FF
-50.1 -38.65 -4.2 -48.82 -37.75 -4.34 0.365 0x0000FF
-51.93 -39.58 -3.82 -50.1 -38.65 -4.2 0.365 0x0000FF
-53.75 -40.29 -3.51 -51.93 -39.58 -3.82 0.365 0x0000FF
-56.67 -40.67 -3.36 -53.75 -40.29 -3.51 0.365 0x0000FF
-57.22 -40.67 -3.21 -56.67 -40.67 -3.36 0.365 0x0000FF
-59.04 -40.85 -3.89 -57.22 -40.67 -3.21 0.365 0x0000FF
-62.51 -41.76 -4.8 -59.04 -40.85 -3.89 0.365 0x0000FF
-65.61 -43.04 -5.18 -62.51 -41.76 -4.8 0.365 0x0000FF
-68.89 -44.86 -5.71 -65.61 -43.04 -5.18 0.365 0x0000FF
-72.91 -47.41 -6.17 -68.89 -44.86 -5.71 0.365 0x0000FF
-73.64 -47.77 -7.0 -72.91 -47.41 -6.17 0.365 0x0000FF
-77.09 -49.05 -5.71 -73.64 -47.77 -7.0 0.365 0x0000FF
-79.11 -49.6 -6.62 -77.09 -49.05 -5.71 0.365 0x0000FF
-82.4 -50.51 -7.23 -79.11 -49.6 -6.62 0.365 0x0000FF
-84.95 -51.24 -7.83 -82.4 -50.51 -7.23 0.365 0x0000FF
-88.78 -51.96 -9.27 -84.95 -51.24 -7.83 0.365 0x0000FF
-94.44 -53.97 -9.94 -88.78 -51.96 -9.27 0.365 0x0000FF
-96.44 -54.7 -11.09 -94.44 -53.97 -9.94 0.365 0x0000FF
-98.27 -55.43 -11.85 -96.44 -54.7 -11.09 0.365 0x0000FF
-99.36 -55.61 -12.83 -98.27 -55.43 -11.85 0.365 0x0000FF
-101.01 -56.16 -13.59 -99.36 -55.61 -12.83 0.365 0x0000FF
-103.01 -56.7 -14.88 -101.01 -56.16 -13.59 0.365 0x0000FF
-104.65 -57.61 -15.41 -103.01 -56.7 -14.88 0.365 0x0000FF
-106.11 -57.98 -15.94 -104.65 -57.61 -15.41 0.365 0x0000FF
-107.76 -58.52 -16.7 -106.11 -57.98 -15.94 0.365 0x0000FF
-109.22 -58.89 -17.3 -107.76 -58.52 -16.7 0.365 0x0000FF
-111.04 -59.43 -18.05 -109.22 -58.89 -17.3 0.365 0x0000FF
-113.23 -60.16 -18.73 -111.04 -59.43 -18.05 0.365 0x0000FF
-115.05 -60.89 -19.2 -113.23 -60.16 -18.73 0.365 0x0000FF
-117.61 -62.17 -19.64 -115.05 -60.89 -19.2 0.365 0x0000FF
-120.89 -64.54 -20.86 -117.61 -62.17 -19.64 0.365 0x0000FF
-123.45 -65.27 -21.24 -120.89 -64.54 -20.86 0.365 0x0000FF
-126.0 -65.98 -22.0 -123.45 -65.27 -21.24 0.365 0x0000FF
-129.65 -67.09 -22.53 -126.0 -65.98 -22.0 0.365 0x0000FF
-134.58 -68.54 -22.91 -129.65 -67.09 -22.53 0.365 0x0000FF
-138.77 -70.18 -23.36 -134.58 -68.54 -22.91 0.365 0x0000FF
-144.06 -73.45 -23.74 -138.77 -70.18 -23.36 0.365 0x0000FF
-148.08 -76.2 -23.89 -144.06 -73.45 -23.74 0.365 0x0000FF
-151.0 -79.11 -24.19 -148.08 -76.2 -23.89 0.365 0x0000FF
-153.37 -82.76 -24.35 -151.0 -79.11 -24.19 0.365 0x0000FF
-154.28 -87.31 -24.27 -153.37 -82.76 -24.35 0.365 0x0000FF
-157.75 -91.5 -24.35 -154.28 -87.31 -24.27 0.365 0x0000FF
-159.94 -92.78 -24.88 -157.75 -91.5 -24.35 0.365 0x0000FF
-162.49 -94.42 -25.1 -159.94 -92.78 -24.88 0.365 0x0000FF
-164.32 -96.6 -25.18 -162.49 -94.42 -25.1 0.365 0x0000FF
-167.42 -99.88 -25.41 -164.32 -96.6 -25.18 0.365 0x0000FF
-178.6 -107.23 -25.86 -167.42 -99.88 -25.41 0.365 0x0000FF
-187.36 -108.87 -25.94 -178.6 -107.23 -25.86 0.275 0x0000FF
-191.01 -108.87 -26.09 -187.36 -108.87 -25.94 0.275 0x0000FF
-192.47 -109.42 -26.09 -191.01 -108.87 -26.09 0.275 0x0000FF
-37.11 -25.13 -6.7 -35.65 -22.22 -6.77 0.455 0x0000FF
-37.84 -26.59 -6.09 -37.11 -25.13 -6.7 0.455 0x0000FF
-38.39 -28.23 -5.64 -37.84 -26.59 -6.09 0.455 0x0000FF
-38.94 -29.5 -5.64 -38.39 -28.23 -5.64 0.455 0x0000FF
-39.67 -31.14 -6.24 -38.94 -29.5 -5.64 0.455 0x0000FF
-40.76 -32.42 -6.54 -39.67 -31.14 -6.24 0.455 0x0000FF
-40.79 -34.47 -5.79 -40.76 -32.42 -6.54 0.365 0x0000FF
-40.79 -35.75 -6.39 -40.79 -34.47 -5.79 0.365 0x0000FF
-40.79 -36.84 -7.3 -40.79 -35.75 -6.39 0.365 0x0000FF
-40.61 -38.11 -8.36 -40.79 -36.84 -7.3 0.365 0x0000FF
-40.61 -40.29 -9.42 -40.61 -38.11 -8.36 0.365 0x0000FF
-40.61 -42.13 -10.41 -40.61 -40.29 -9.42 0.365 0x0000FF
-40.43 -44.13 -11.17 -40.61 -42.13 -10.41 0.365 0x0000FF
-40.07 -45.59 -12.0 -40.43 -44.13 -11.17 0.365 0x0000FF
-39.7 -47.96 -12.98 -40.07 -45.59 -12.0 0.365 0x0000FF
-39.15 -50.87 -13.74 -39.7 -47.96 -12.98 0.365 0x0000FF
-39.15 -52.51 -14.27 -39.15 -50.87 -13.74 0.365 0x0000FF
-38.97 -54.7 -15.33 -39.15 -52.51 -14.27 0.365 0x0000FF
-38.24 -56.34 -16.01 -38.97 -54.7 -15.33 0.365 0x0000FF
-37.51 -57.43 -16.62 -38.24 -56.34 -16.01 0.365 0x0000FF
-36.42 -58.52 -17.68 -37.51 -57.43 -16.62 0.365 0x0000FF
-35.86 -59.62 -18.44 -36.42 -58.52 -17.68 0.365 0x0000FF
-34.78 -61.8 -19.57 -35.86 -59.62 -18.44 0.365 0x0000FF
-33.86 -65.27 -20.32 -34.78 -61.8 -19.57 0.365 0x0000FF
-33.5 -68.54 -22.23 -33.86 -65.27 -20.32 0.365 0x0000FF
-32.04 -74.56 -23.74 -33.5 -68.54 -22.23 0.365 0x0000FF
-31.13 -77.84 -25.33 -32.04 -74.56 -23.74 0.365 0x0000FF
-29.48 -80.56 -25.56 -31.13 -77.84 -25.33 0.365 0x0000FF
-27.11 -83.3 -26.09 -29.48 -80.56 -25.56 0.275 0x0000FF
-26.38 -84.76 -26.24 -27.11 -83.3 -26.09 0.275 0x0000FF
-25.65 -87.31 -26.54 -26.38 -84.76 -26.24 0.275 0x0000FF
-25.29 -90.41 -26.77 -25.65 -87.31 -26.54 0.275 0x0000FF
-25.29 -93.14 -26.85 -25.29 -90.41 -26.77 0.275 0x0000FF
-23.83 -96.24 -26.85 -25.29 -93.14 -26.85 0.275 0x0000FF
-23.65 -99.34 -27.0 -23.83 -96.24 -26.85 0.275 0x0000FF
-24.56 -102.62 -27.0 -23.65 -99.34 -27.0 0.275 0x0000FF
-42.59 -36.43 -6.54 -40.76 -32.42 -6.54 0.455 0x0000FF
-43.32 -38.97 -6.7 -42.59 -36.43 -6.54 0.455 0x0000FF
-43.5 -39.71 -6.09 -43.32 -38.97 -6.7 0.455 0x0000FF
-43.68 -40.25 -5.94 -43.5 -39.71 -6.09 0.455 0x0000FF
-44.6 -41.71 -5.11 -43.68 -40.25 -5.94 0.365 0x0000FF
-45.14 -43.53 -4.88 -44.6 -41.71 -5.11 0.365 0x0000FF
-45.32 -45.17 -4.42 -45.14 -43.53 -4.88 0.365 0x0000FF
-45.69 -46.45 -4.42 -45.32 -45.17 -4.42 0.365 0x0000FF
-45.87 -47.36 -4.05 -45.69 -46.45 -4.42 0.365 0x0000FF
-47.15 -49.55 -3.59 -45.87 -47.36 -4.05 0.365 0x0000FF
-46.97 -51.55 -4.34 -47.15 -49.55 -3.59 0.365 0x0000FF
-46.6 -52.46 -4.65 -46.97 -51.55 -4.34 0.365 0x0000FF
-46.05 -53.92 -5.03 -46.6 -52.46 -4.65 0.365 0x0000FF
-45.32 -55.92 -5.33 -46.05 -53.92 -5.03 0.365 0x0000FF
-45.32 -58.11 -5.41 -45.32 -55.92 -5.33 0.365 0x0000FF
-45.14 -59.57 -5.56 -45.32 -58.11 -5.41 0.365 0x0000FF
-44.6 -61.02 -5.86 -45.14 -59.57 -5.56 0.365 0x0000FF
-44.41 -62.66 -5.94 -44.6 -61.02 -5.86 0.365 0x0000FF
-43.87 -64.48 -6.24 -44.41 -62.66 -5.94 0.365 0x0000FF
-42.95 -65.58 -6.54 -43.87 -64.48 -6.24 0.365 0x0000FF
-42.22 -66.48 -6.62 -42.95 -65.58 -6.54 0.365 0x0000FF
-40.76 -67.77 -7.15 -42.22 -66.48 -6.62 0.365 0x0000FF
-40.03 -69.22 -7.61 -40.76 -67.77 -7.15 0.365 0x0000FF
-38.94 -70.68 -7.98 -40.03 -69.22 -7.61 0.365 0x0000FF
-38.57 -71.95 -8.44 -38.94 -70.68 -7.98 0.365 0x0000FF
-38.39 -72.68 -9.42 -38.57 -71.95 -8.44 0.365 0x0000FF
-37.84 -74.87 -10.56 -38.39 -72.68 -9.42 0.365 0x0000FF
-38.03 -75.95 -10.18 -37.84 -74.87 -10.56 0.365 0x0000FF
-38.39 -77.06 -9.57 -38.03 -75.95 -10.18 0.365 0x0000FF
-38.39 -77.79 -9.73 -38.39 -77.06 -9.57 0.365 0x0000FF
-38.76 -78.88 -11.24 -38.39 -77.79 -9.73 0.365 0x0000FF
-39.11 -79.61 -11.7 -38.76 -78.88 -11.24 0.365 0x0000FF
-39.85 -80.7 -12.83 -39.11 -79.61 -11.7 0.365 0x0000FF
-40.22 -81.98 -13.59 -39.85 -80.7 -12.83 0.365 0x0000FF
-40.76 -83.43 -14.27 -40.22 -81.98 -13.59 0.365 0x0000FF
-40.95 -84.53 -15.03 -40.76 -83.43 -14.27 0.365 0x0000FF
-41.31 -85.44 -15.86 -40.95 -84.53 -15.03 0.365 0x0000FF
-41.49 -86.53 -16.32 -41.31 -85.44 -15.86 0.365 0x0000FF
-41.68 -88.17 -16.85 -41.49 -86.53 -16.32 0.365 0x0000FF
-41.68 -89.08 -17.3 -41.68 -88.17 -16.85 0.365 0x0000FF
-41.68 -90.18 -17.91 -41.68 -89.08 -17.3 0.365 0x0000FF
-41.31 -90.9 -18.44 -41.68 -90.18 -17.91 0.365 0x0000FF
-40.58 -91.82 -19.73 -41.31 -90.9 -18.44 0.365 0x0000FF
-15.33 -12.03 3.38 -14.08 -1.58 -0.87 1.095 0x0000FF
-15.33 -14.58 3.61 -15.33 -12.03 3.38 1.095 0x0000FF
-15.69 -17.13 3.76 -15.33 -14.58 3.61 1.095 0x0000FF
-15.88 -18.77 3.91 -15.69 -17.13 3.76 1.095 0x0000FF
-16.23 -19.5 4.29 -15.88 -18.77 3.91 1.095 0x0000FF
-16.42 -20.05 4.44 -16.23 -19.5 4.29 1.095 0x0000FF
-16.42 -20.59 4.67 -16.42 -20.05 4.44 1.095 0x0000FF
-16.79 -21.32 6.11 -16.42 -20.59 4.67 1.095 0x0000FF
-16.79 -21.69 6.48 -16.79 -21.32 6.11 1.095 0x0000FF
-16.79 -22.23 6.86 -16.79 -21.69 6.48 1.095 0x0000FF
-16.79 -22.6 7.17 -16.79 -22.23 6.86 1.095 0x0000FF
-16.79 -22.96 7.92 -16.79 -22.6 7.17 1.095 0x0000FF
-16.79 -23.33 8.38 -16.79 -22.96 7.92 1.095 0x0000FF
-16.61 -23.69 9.44 -16.79 -23.33 8.38 1.095 0x0000FF
-16.97 -24.97 10.27 -16.61 -23.69 9.44 1.095 0x0000FF
-17.37 -27.22 10.11 -16.97 -24.97 10.27 0.365 0x0000FF
-17.0 -27.77 10.27 -17.37 -27.22 10.11 0.365 0x0000FF
-16.64 -27.95 10.73 -17.0 -27.77 10.27 0.365 0x0000FF
-15.91 -28.31 11.18 -16.64 -27.95 10.73 0.365 0x0000FF
-15.0 -28.5 11.64 -15.91 -28.31 11.18 0.365 0x0000FF
-15.0 -28.5 11.33 -15.0 -28.5 11.64 0.365 0x0000FF
-14.63 -28.31 10.73 -15.0 -28.5 11.33 0.365 0x0000FF
-14.27 -28.31 11.64 -14.63 -28.31 10.73 0.365 0x0000FF
-13.9 -28.13 11.94 -14.27 -28.31 11.64 0.365 0x0000FF
-13.17 -28.13 12.62 -13.9 -28.13 11.94 0.365 0x0000FF
-12.62 -28.13 13.07 -13.17 -28.13 12.62 0.365 0x0000FF
-12.08 -28.13 13.45 -12.62 -28.13 13.07 0.365 0x0000FF
-10.07 -28.5 13.98 -12.08 -28.13 13.45 0.365 0x0000FF
-6.97 -29.41 14.51 -10.07 -28.5 13.98 0.365 0x0000FF
-5.33 -31.23 14.89 -6.97 -29.41 14.51 0.365 0x0000FF
-4.05 -33.04 15.42 -5.33 -31.23 14.89 0.365 0x0000FF
-3.75 -34.32 15.95 -4.05 -33.04 15.42 0.365 0x0000FF
-3.57 -35.04 16.55 -3.75 -34.32 15.95 0.365 0x0000FF
-3.38 -35.6 17.39 -3.57 -35.04 16.55 0.365 0x0000FF
-3.02 -36.14 17.92 -3.38 -35.6 17.39 0.365 0x0000FF
-2.65 -36.86 19.05 -3.02 -36.14 17.92 0.365 0x0000FF
-2.11 -37.24 19.36 -2.65 -36.86 19.05 0.365 0x0000FF
-1.56 -37.24 19.73 -2.11 -37.24 19.36 0.365 0x0000FF
-0.83 -37.6 20.42 -1.56 -37.24 19.73 0.365 0x0000FF
0.99 -37.96 20.57 -0.83 -37.6 20.42 0.365 0x0000FF
1.72 -37.96 21.1 0.99 -37.96 20.57 0.365 0x0000FF
2.27 -37.96 22.09 1.72 -37.96 21.1 0.365 0x0000FF
2.64 -37.96 22.85 2.27 -37.96 22.09 0.365 0x0000FF
4.09 -38.15 23.53 2.64 -37.96 22.85 0.365 0x0000FF
5.74 -37.24 24.21 4.09 -38.15 23.53 0.365 0x0000FF
6.47 -36.86 24.29 5.74 -37.24 24.21 0.365 0x0000FF
7.56 -36.69 24.51 6.47 -36.86 24.29 0.365 0x0000FF
8.84 -36.51 24.74 7.56 -36.69 24.51 0.365 0x0000FF
10.3 -35.96 25.12 8.84 -36.51 24.74 0.365 0x0000FF
10.85 -35.04 25.12 10.3 -35.96 25.12 0.365 0x0000FF
11.03 -33.96 25.27 10.85 -35.04 25.12 0.365 0x0000FF
10.85 -32.86 25.27 11.03 -33.96 25.27 0.365 0x0000FF
7.2 -39.79 25.19 4.09 -38.15 23.53 0.365 0x0000FF
7.93 -40.51 25.5 7.2 -39.79 25.19 0.365 0x0000FF
9.39 -41.24 25.72 7.93 -40.51 25.5 0.365 0x0000FF
10.11 -41.97 26.1 9.39 -41.24 25.72 0.365 0x0000FF
11.39 -42.7 26.41 10.11 -41.97 26.1 0.365 0x0000FF
12.49 -43.98 27.01 11.39 -42.7 26.41 0.365 0x0000FF
13.04 -44.71 27.47 12.49 -43.98 27.01 0.365 0x0000FF
13.95 -45.62 27.77 13.04 -44.71 27.47 0.365 0x0000FF
14.86 -46.35 28.15 13.95 -45.62 27.77 0.365 0x0000FF
15.77 -46.71 28.38 14.86 -46.35 28.15 0.365 0x0000FF
16.32 -47.07 29.06 15.77 -46.71 28.38 0.365 0x0000FF
17.23 -47.44 29.51 16.32 -47.07 29.06 0.365 0x0000FF
17.42 -47.8 30.88 17.23 -47.44 29.51 0.365 0x0000FF
18.32 -48.71 31.86 17.42 -47.8 30.88 0.365 0x0000FF
19.05 -48.9 32.61 18.32 -48.71 31.86 0.365 0x0000FF
19.42 -49.26 33.6 19.05 -48.9 32.61 0.365 0x0000FF
20.52 -49.81 34.59 19.42 -49.26 33.6 0.365 0x0000FF
21.06 -50.17 35.34 20.52 -49.81 34.59 0.365 0x0000FF
23.25 -51.45 36.18 21.06 -50.17 35.34 0.365 0x0000FF
25.44 -52.9 36.78 23.25 -51.45 36.18 0.365 0x0000FF
26.36 -53.27 37.24 25.44 -52.9 36.78 0.365 0x0000FF
28.36 -54.73 38.07 26.36 -53.27 37.24 0.365 0x0000FF
29.27 -55.45 39.28 28.36 -54.73 38.07 0.365 0x0000FF
30.73 -56.37 39.81 29.27 -55.45 39.28 0.365 0x0000FF
31.83 -56.91 40.5 30.73 -56.37 39.81 0.365 0x0000FF
32.38 -56.91 41.1 31.83 -56.91 40.5 0.365 0x0000FF
32.92 -57.09 41.86 32.38 -56.91 41.1 0.365 0x0000FF
33.84 -57.82 42.62 32.92 -57.09 41.86 0.365 0x0000FF
35.11 -59.1 42.92 33.84 -57.82 42.62 0.365 0x0000FF
36.57 -60.74 43.53 35.11 -59.1 42.92 0.365 0x0000FF
37.67 -61.29 44.43 36.57 -60.74 43.53 0.365 0x0000FF
38.76 -61.29 44.51 37.67 -61.29 44.43 0.365 0x0000FF
39.67 -61.1 44.66 38.76 -61.29 44.51 0.365 0x0000FF
41.5 -60.56 44.74 39.67 -61.1 44.66 0.365 0x0000FF
44.42 -60.19 44.97 41.5 -60.56 44.74 0.365 0x0000FF
48.07 -60.92 45.19 44.42 -60.19 44.97 0.365 0x0000FF
49.34 -61.29 45.72 48.07 -60.92 45.19 0.365 0x0000FF
51.53 -61.83 46.25 49.34 -61.29 45.72 0.365 0x0000FF
53.18 -62.2 46.33 51.53 -61.83 46.25 0.365 0x0000FF
55.0 -62.74 46.63 53.18 -62.2 46.33 0.365 0x0000FF
59.01 -65.29 47.24 55.0 -62.74 46.63 0.275 0x0000FF
61.39 -66.39 47.39 59.01 -65.29 47.24 0.275 0x0000FF
63.03 -66.56 47.69 61.39 -66.39 47.39 0.275 0x0000FF
-17.88 -27.88 10.42 -16.97 -24.97 10.27 0.91 0x0000FF
-19.71 -28.61 10.88 -17.88 -27.88 10.42 0.82 0x0000FF
-20.44 -29.52 10.88 -19.71 -28.61 10.88 0.82 0x0000FF
-21.35 -30.98 11.03 -20.44 -29.52 10.88 0.82 0x0000FF
-21.72 -32.44 11.03 -21.35 -30.98 11.03 0.82 0x0000FF
-22.45 -34.08 11.03 -21.72 -32.44 11.03 0.82 0x0000FF
-22.81 -35.53 11.03 -22.45 -34.08 11.03 0.82 0x0000FF
-23.91 -36.99 11.18 -22.81 -35.53 11.03 0.82 0x0000FF
-28.32 -42.34 11.94 -23.91 -36.99 11.18 0.365 0x0000FF
-29.59 -44.17 12.17 -28.32 -42.34 11.94 0.365 0x0000FF
-29.96 -44.89 12.17 -29.59 -44.17 12.17 0.365 0x0000FF
-30.69 -46.35 11.64 -29.96 -44.89 12.17 0.365 0x0000FF
-32.51 -50.0 11.03 -30.69 -46.35 11.64 0.365 0x0000FF
-34.34 -52.73 10.8 -32.51 -50.0 11.03 0.365 0x0000FF
-36.15 -55.1 10.57 -34.34 -52.73 10.8 0.365 0x0000FF
-37.44 -56.74 10.42 -36.15 -55.1 10.57 0.365 0x0000FF
-38.35 -57.83 10.11 -37.44 -56.74 10.42 0.365 0x0000FF
-39.63 -59.11 9.89 -38.35 -57.83 10.11 0.365 0x0000FF
-40.36 -59.65 9.44 -39.63 -59.11 9.89 0.365 0x0000FF
-42.0 -60.38 8.98 -40.36 -59.65 9.44 0.365 0x0000FF
-44.37 -60.93 8.38 -42.0 -60.38 8.98 0.365 0x0000FF
-46.01 -61.66 8.0 -44.37 -60.93 8.38 0.365 0x0000FF
-47.66 -62.75 7.77 -46.01 -61.66 8.0 0.365 0x0000FF
-48.57 -63.84 7.47 -47.66 -62.75 7.77 0.365 0x0000FF
-49.3 -64.75 6.94 -48.57 -63.84 7.47 0.365 0x0000FF
-50.03 -65.84 6.41 -49.3 -64.75 6.94 0.365 0x0000FF
-50.94 -66.03 6.03 -50.03 -65.84 6.41 0.365 0x0000FF
-52.03 -66.2 5.27 -50.94 -66.03 6.03 0.365 0x0000FF
-53.31 -66.58 4.67 -52.03 -66.2 5.27 0.365 0x0000FF
-53.86 -66.94 4.59 -53.31 -66.58 4.67 0.365 0x0000FF
-55.14 -67.84 3.98 -53.86 -66.94 4.59 0.365 0x0000FF
-56.41 -68.94 3.38 -55.14 -67.84 3.98 0.365 0x0000FF
-56.78 -69.48 2.85 -56.41 -68.94 3.38 0.365 0x0000FF
-57.69 -70.58 2.17 -56.78 -69.48 2.85 0.365 0x0000FF
-59.15 -72.59 1.41 -57.69 -70.58 2.17 0.365 0x0000FF
-60.25 -74.05 0.8 -59.15 -72.59 1.41 0.365 0x0000FF
-61.89 -76.23 0.2 -60.25 -74.05 0.8 0.365 0x0000FF
-62.62 -77.87 -0.11 -61.89 -76.23 0.2 0.365 0x0000FF
-63.89 -80.06 -0.56 -62.62 -77.87 -0.11 0.365 0x0000FF
-64.44 -80.79 -1.02 -63.89 -80.06 -0.56 0.365 0x0000FF
-65.9 -82.24 -1.24 -64.44 -80.79 -1.02 0.365 0x0000FF
-66.63 -83.34 -2.08 -65.9 -82.24 -1.24 0.365 0x0000FF
-69.55 -85.16 -3.06 -66.63 -83.34 -2.08 0.365 0x0000FF
-71.56 -87.16 -3.44 -69.55 -85.16 -3.06 0.365 0x0000FF
-74.29 -90.99 -4.12 -71.56 -87.16 -3.44 0.365 0x0000FF
-75.39 -92.81 -4.5 -74.29 -90.99 -4.12 0.365 0x0000FF
-77.58 -95.73 -5.33 -75.39 -92.81 -4.5 0.365 0x0000FF
-79.04 -97.55 -5.86 -77.58 -95.73 -5.33 0.365 0x0000FF
-80.31 -99.19 -6.54 -79.04 -97.55 -5.86 0.365 0x0000FF
-81.04 -100.83 -7.3 -80.31 -99.19 -6.54 0.365 0x0000FF
-81.59 -102.83 -7.61 -81.04 -100.83 -7.3 0.365 0x0000FF
-81.77 -103.93 -6.7 -81.59 -102.83 -7.61 0.365 0x0000FF
-82.14 -105.02 -6.85 -81.77 -103.93 -6.7 0.365 0x0000FF
-82.32 -105.93 -8.21 -82.14 -105.02 -6.85 0.365 0x0000FF
-83.23 -107.21 -9.19 -82.32 -105.93 -8.21 0.365 0x0000FF
-84.15 -108.12 -9.94 -83.23 -107.21 -9.19 0.365 0x0000FF
-86.88 -109.94 -10.26 -84.15 -108.12 -9.94 0.365 0x0000FF
-89.62 -111.94 -10.79 -86.88 -109.94 -10.26 0.365 0x0000FF
-92.54 -117.96 -10.94 -89.62 -111.94 -10.79 0.275 0x0000FF
-92.54 -119.6 -11.17 -92.54 -117.96 -10.94 0.275 0x0000FF
-91.99 -122.33 -11.32 -92.54 -119.6 -11.17 0.275 0x0000FF
-92.17 -124.15 -11.47 -91.99 -122.33 -11.32 0.275 0x0000FF
-92.72 -126.34 -11.54 -92.17 -124.15 -11.47 0.275 0x0000FF
-91.81 -129.8 -11.54 -92.72 -126.34 -11.54 0.275 0x0000FF
-27.55 -40.09 11.18 -23.91 -36.99 11.18 0.64 0x0000FF
-30.66 -40.82 11.41 -27.55 -40.09 11.18 0.64 0x0000FF
-33.76 -41.73 11.48 -30.66 -40.82 11.41 0.64 0x0000FF
-37.22 -42.82 11.56 -33.76 -41.73 11.48 0.64 0x0000FF
-41.24 -44.1 10.42 -37.22 -42.82 11.56 0.64 0x0000FF
-45.62 -45.19 11.48 -41.24 -44.1 10.42 0.64 0x0000FF
-52.37 -47.74 11.64 -45.62 -45.19 11.48 0.545 0x0000FF
-56.75 -49.74 11.79 -52.37 -47.74 11.64 0.545 0x0000FF
-65.87 -53.75 11.86 -56.75 -49.74 11.79 0.545 0x0000FF
-68.61 -54.66 11.94 -65.87 -53.75 11.86 0.545 0x0000FF
-72.8 -55.76 12.17 -68.61 -54.66 11.94 0.545 0x0000FF
-78.45 -58.13 12.24 -72.8 -55.76 12.17 0.545 0x0000FF
-88.31 -63.96 12.47 -78.45 -58.13 12.24 0.455 0x0000FF
-91.23 -66.31 12.47 -88.31 -63.96 12.47 0.455 0x0000FF
-94.51 -70.52 12.54 -91.23 -66.31 12.47 0.455 0x0000FF
-102.72 -79.44 12.62 -94.51 -70.52 12.54 0.455 0x0000FF
-104.55 -82.18 12.62 -102.72 -79.44 12.62 0.455 0x0000FF
-105.83 -86.18 12.7 -104.55 -82.18 12.62 0.455 0x0000FF
-112.58 -94.38 12.92 -105.83 -86.18 12.7 0.365 0x0000FF
-114.77 -95.84 13.23 -112.58 -94.38 12.92 0.365 0x0000FF
-116.04 -96.75 13.6 -114.77 -95.84 13.23 0.365 0x0000FF
-118.05 -97.48 13.15 -116.04 -96.75 13.6 0.365 0x0000FF
-120.06 -98.39 12.32 -118.05 -97.48 13.15 0.365 0x0000FF
-121.52 -99.67 11.64 -120.06 -98.39 12.32 0.365 0x0000FF
-125.71 -101.31 10.88 -121.52 -99.67 11.64 0.365 0x0000FF
-128.09 -103.31 10.27 -125.71 -101.31 10.88 0.365 0x0000FF
-130.46 -104.59 10.03 -128.09 -103.31 10.27 0.365 0x0000FF
-133.38 -105.5 9.74 -130.46 -104.59 10.03 0.365 0x0000FF
-135.41 -104.84 9.06 -133.38 -105.5 9.74 0.365 0x0000FF
-136.15 -104.84 8.07 -135.41 -104.84 9.06 0.365 0x0000FF
-138.15 -104.11 7.77 -136.15 -104.84 8.07 0.365 0x0000FF
-139.43 -103.74 9.14 -138.15 -104.11 7.77 0.365 0x0000FF
-141.25 -103.2 9.59 -139.43 -103.74 9.14 0.365 0x0000FF
-143.63 -102.1 11.26 -141.25 -103.2 9.59 0.365 0x0000FF
-144.72 -101.92 12.39 -143.63 -102.1 11.26 0.365 0x0000FF
-146.36 -101.38 14.06 -144.72 -101.92 12.39 0.365 0x0000FF
-148.55 -100.83 16.03 -146.36 -101.38 14.06 0.365 0x0000FF
-150.38 -100.65 17.09 -148.55 -100.83 16.03 0.365 0x0000FF
-151.84 -100.46 18.68 -150.38 -100.65 17.09 0.365 0x0000FF
-152.75 -100.1 20.35 -151.84 -100.46 18.68 0.365 0x0000FF
-153.47 -99.74 21.86 -152.75 -100.1 20.35 0.365 0x0000FF
-154.03 -99.37 22.92 -153.47 -99.74 21.86 0.365 0x0000FF
-156.22 -98.64 24.36 -154.03 -99.37 22.92 0.365 0x0000FF
-157.86 -98.46 25.8 -156.22 -98.64 24.36 0.365 0x0000FF
-159.68 -98.46 26.71 -157.86 -98.46 25.8 0.365 0x0000FF
-161.32 -98.46 27.69 -159.68 -98.46 26.71 0.365 0x0000FF
-162.97 -99.01 27.92 -161.32 -98.46 27.69 0.365 0x0000FF
-165.52 -99.92 29.21 -162.97 -99.01 27.92 0.275 0x0000FF
-165.89 -100.46 30.88 -165.52 -99.92 29.21 0.275 0x0000FF
-166.43 -101.19 31.78 -165.89 -100.46 30.88 0.275 0x0000FF
-166.8 -102.1 32.15 -166.43 -101.19 31.78 0.275 0x0000FF
-166.8 -103.2 32.54 -166.8 -102.1 32.15 0.275 0x0000FF
-167.16 -105.38 33.38 -166.8 -103.2 32.54 0.275 0x0000FF
-166.98 -108.3 33.9 -167.16 -105.38 33.38 0.275 0x0000FF
-167.16 -111.76 34.44 -166.98 -108.3 33.9 0.275 0x0000FF
-168.44 -114.13 34.44 -167.16 -111.76 34.44 0.275 0x0000FF
-5.76 -6.44 3.53 -14.08 -1.58 -0.87 1.185 0x0000FF
-3.93 -6.81 3.83 -5.76 -6.44 3.53 1.185 0x0000FF
0.63 -8.08 3.83 -3.93 -6.81 3.83 1.185 0x0000FF
1.54 -8.27 3.83 0.63 -8.08 3.83 1.185 0x0000FF
1.67 -8.06 4.13 1.54 -8.27 3.83 0.455 0x0000FF
1.86 -8.06 3.68 1.67 -8.06 4.13 0.455 0x0000FF
2.4 -8.43 2.77 1.86 -8.06 3.68 0.455 0x0000FF
3.13 -8.97 2.17 2.4 -8.43 2.77 0.455 0x0000FF
3.5 -9.34 1.48 3.13 -8.97 2.17 0.455 0x0000FF
4.59 -9.88 0.65 3.5 -9.34 1.48 0.455 0x0000FF
4.59 -10.25 -0.11 4.59 -9.88 0.65 0.455 0x0000FF
4.96 -11.16 -0.71 4.59 -10.25 -0.11 0.455 0x0000FF
5.14 -11.71 -1.02 4.96 -11.16 -0.71 0.455 0x0000FF
5.32 -12.44 -1.09 5.14 -11.71 -1.02 0.455 0x0000FF
5.32 -13.35 -1.39 5.32 -12.44 -1.09 0.455 0x0000FF
5.14 -14.26 -1.7 5.32 -13.35 -1.39 0.455 0x0000FF
5.14 -14.8 -2.15 5.14 -14.26 -1.7 0.455 0x0000FF
5.14 -15.17 -2.83 5.14 -14.8 -2.15 0.455 0x0000FF
5.14 -15.53 -3.14 5.14 -15.17 -2.83 0.455 0x0000FF
5.32 -15.9 -3.67 5.14 -15.53 -3.14 0.455 0x0000FF
5.32 -16.44 -3.97 5.32 -15.9 -3.67 0.455 0x0000FF
5.32 -16.98 -3.97 5.32 -16.44 -3.97 0.455 0x0000FF
5.51 -17.35 -4.34 5.32 -16.98 -3.97 0.455 0x0000FF
5.69 -18.07 -4.88 5.51 -17.35 -4.34 0.455 0x0000FF
5.87 -18.63 -5.03 5.69 -18.07 -4.88 0.455 0x0000FF
7.33 -19.54 -5.94 5.87 -18.63 -5.03 0.455 0x0000FF
8.97 -20.09 -6.47 7.33 -19.54 -5.94 0.455 0x0000FF
9.88 -20.27 -6.62 8.97 -20.09 -6.47 0.455 0x0000FF
10.98 -20.27 -7.61 9.88 -20.27 -6.62 0.455 0x0000FF
11.53 -20.45 -8.36 10.98 -20.27 -7.61 0.455 0x0000FF
12.44 -20.45 -8.82 11.53 -20.45 -8.36 0.455 0x0000FF
13.17 -20.82 -9.19 12.44 -20.45 -8.82 0.455 0x0000FF
14.45 -20.82 -9.73 13.17 -20.82 -9.19 0.455 0x0000FF
15.18 -20.82 -10.18 14.45 -20.82 -9.73 0.455 0x0000FF
15.54 -20.82 -10.48 15.18 -20.82 -10.18 0.455 0x0000FF
17.0 -20.82 -10.64 15.54 -20.82 -10.48 0.455 0x0000FF
17.55 -20.82 -11.24 17.0 -20.82 -10.64 0.455 0x0000FF
19.19 -20.82 -11.62 17.55 -20.82 -11.24 0.455 0x0000FF
20.47 -20.63 -12.0 19.19 -20.82 -11.62 0.455 0x0000FF
21.2 -20.45 -12.53 20.47 -20.63 -12.0 0.455 0x0000FF
21.93 -20.63 -13.14 21.2 -20.45 -12.53 0.455 0x0000FF
22.66 -20.63 -13.21 21.93 -20.63 -13.14 0.455 0x0000FF
23.93 -20.63 -13.59 22.66 -20.63 -13.21 0.455 0x0000FF
24.48 -20.45 -13.89 23.93 -20.63 -13.59 0.455 0x0000FF
25.39 -20.45 -14.35 24.48 -20.45 -13.89 0.455 0x0000FF
26.85 -20.63 -14.5 25.39 -20.45 -14.35 0.455 0x0000FF
27.95 -20.63 -14.73 26.85 -20.63 -14.5 0.455 0x0000FF
29.22 -20.45 -14.8 27.95 -20.63 -14.73 0.455 0x0000FF
29.77 -20.45 -14.88 29.22 -20.45 -14.8 0.455 0x0000FF
30.32 -20.45 -15.1 29.77 -20.45 -14.88 0.455 0x0000FF
30.68 -20.27 -15.26 30.32 -20.45 -15.1 0.455 0x0000FF
31.7 -20.74 -15.26 30.68 -20.27 -15.26 0.455 0x0000FF
32.79 -20.74 -15.63 31.7 -20.74 -15.26 0.455 0x0000FF
34.07 -20.92 -16.09 32.79 -20.74 -15.63 0.455 0x0000FF
35.71 -21.1 -16.47 34.07 -20.92 -16.09 0.455 0x0000FF
37.17 -21.1 -17.0 35.71 -21.1 -16.47 0.455 0x0000FF
38.99 -21.28 -17.38 37.17 -21.1 -17.0 0.455 0x0000FF
40.09 -21.46 -17.45 38.99 -21.28 -17.38 0.455 0x0000FF
41.55 -21.65 -17.68 40.09 -21.46 -17.45 0.455 0x0000FF
43.01 -21.65 -17.82 41.55 -21.65 -17.68 0.455 0x0000FF
44.83 -21.65 -18.29 43.01 -21.65 -17.82 0.455 0x0000FF
46.11 -21.65 -18.29 44.83 -21.65 -18.29 0.455 0x0000FF
47.39 -21.65 -18.66 46.11 -21.65 -18.29 0.455 0x0000FF
49.21 -21.65 -19.04 47.39 -21.65 -18.66 0.455 0x0000FF
51.04 -21.46 -19.12 49.21 -21.65 -19.04 0.455 0x0000FF
53.59 -21.28 -19.64 51.04 -21.46 -19.12 0.455 0x0000FF
55.42 -20.37 -19.88 53.59 -21.28 -19.64 0.455 0x0000FF
57.6 -20.01 -20.26 55.42 -20.37 -19.88 0.455 0x0000FF
58.88 -18.91 -20.41 57.6 -20.01 -20.26 0.455 0x0000FF
60.16 -18.0 -20.63 58.88 -18.91 -20.41 0.455 0x0000FF
61.44 -16.18 -21.09 60.16 -18.0 -20.63 0.455 0x0000FF
62.53 -14.36 -21.69 61.44 -16.18 -21.09 0.455 0x0000FF
63.63 -12.35 -21.85 62.53 -14.36 -21.69 0.455 0x0000FF
64.54 -10.53 -22.3 63.63 -12.35 -21.85 0.455 0x0000FF
65.63 -8.89 -22.83 64.54 -10.53 -22.3 0.455 0x0000FF
66.55 -7.44 -23.29 65.63 -8.89 -22.83 0.455 0x0000FF
67.09 -6.71 -23.51 66.55 -7.44 -23.29 0.455 0x0000FF
67.64 -6.16 -23.97 67.09 -6.71 -23.51 0.455 0x0000FF
68.19 -5.43 -24.42 67.64 -6.16 -23.97 0.455 0x0000FF
69.28 -4.7 -24.57 68.19 -5.43 -24.42 0.365 0x0000FF
70.73 -3.97 -24.72 69.28 -4.7 -24.57 0.365 0x0000FF
72.38 -3.43 -24.88 70.73 -3.97 -24.72 0.365 0x0000FF
73.48 -3.06 -24.95 72.38 -3.43 -24.88 0.365 0x0000FF
74.76 -2.33 -25.26 73.48 -3.06 -24.95 0.365 0x0000FF
75.84 -1.79 -25.41 74.76 -2.33 -25.26 0.365 0x0000FF
78.4 -0.69 -25.63 75.84 -1.79 -25.41 0.365 0x0000FF
80.05 0.03 -26.39 78.4 -0.69 -25.63 0.365 0x0000FF
80.95 0.4 -26.92 80.05 0.03 -26.39 0.365 0x0000FF
81.87 1.12 -27.22 80.95 0.4 -26.92 0.365 0x0000FF
82.97 1.67 -27.98 81.87 1.12 -27.22 0.365 0x0000FF
85.52 3.5 -28.66 82.97 1.67 -27.98 0.365 0x0000FF
88.99 5.68 -29.42 85.52 3.5 -28.66 0.365 0x0000FF
91.72 8.77 -30.03 88.99 5.68 -29.42 0.365 0x0000FF
94.46 9.69 -30.41 91.72 8.77 -30.03 0.365 0x0000FF
113.07 14.25 -30.94 94.46 9.69 -30.41 0.365 0x0000FF
118.54 15.89 -31.39 113.07 14.25 -30.94 0.365 0x0000FF
125.66 19.17 -32.0 118.54 15.89 -31.39 0.365 0x0000FF
128.58 21.35 -32.22 125.66 19.17 -32.0 0.365 0x0000FF
134.24 23.17 -32.75 128.58 21.35 -32.22 0.365 0x0000FF
141.16 24.63 -33.06 134.24 23.17 -32.75 0.365 0x0000FF
144.27 25.54 -33.36 141.16 24.63 -33.06 0.365 0x0000FF
150.29 26.82 -33.81 144.27 25.54 -33.36 0.365 0x0000FF
152.12 27.55 -33.97 150.29 26.82 -33.81 0.365 0x0000FF
154.49 28.28 -34.04 152.12 27.55 -33.97 0.365 0x0000FF
156.68 29.0 -34.04 154.49 28.28 -34.04 0.365 0x0000FF
158.13 30.1 -34.04 156.68 29.0 -34.04 0.365 0x0000FF
159.78 31.01 -34.04 158.13 30.1 -34.04 0.365 0x0000FF
161.6 32.83 -34.11 159.78 31.01 -34.04 0.365 0x0000FF
163.25 34.11 -34.35 161.6 32.83 -34.11 0.365 0x0000FF
164.16 35.38 -34.72 163.25 34.11 -34.35 0.365 0x0000FF
164.52 36.47 -34.79 164.16 35.38 -34.72 0.365 0x0000FF
165.07 37.57 -34.65 164.52 36.47 -34.79 0.365 0x0000FF
165.8 38.65 -34.11 165.07 37.57 -34.65 0.365 0x0000FF
166.16 39.57 -33.89 165.8 38.65 -34.11 0.365 0x0000FF
167.26 42.3 -33.74 166.16 39.57 -33.89 0.275 0x0000FF
167.62 44.67 -33.44 167.26 42.3 -33.74 0.275 0x0000FF
168.35 46.86 -33.06 167.62 44.67 -33.44 0.275 0x0000FF
168.35 47.95 -32.38 168.35 46.86 -33.06 0.275 0x0000FF
168.54 49.96 -31.92 168.35 47.95 -32.38 0.275 0x0000FF
168.9 51.96 -31.47 168.54 49.96 -31.92 0.275 0x0000FF
169.08 53.42 -31.09 168.9 51.96 -31.47 0.275 0x0000FF
35.25 -18.27 -15.71 30.68 -20.27 -15.26 0.365 0x0000FF
37.79 -17.54 -15.71 35.25 -18.27 -15.71 0.365 0x0000FF
40.9 -16.26 -16.01 37.79 -17.54 -15.71 0.365 0x0000FF
45.46 -14.99 -16.32 40.9 -16.26 -16.01 0.365 0x0000FF
49.11 -14.99 -16.62 45.46 -14.99 -16.32 0.365 0x0000FF
52.03 -14.8 -17.0 49.11 -14.99 -16.62 0.365 0x0000FF
54.4 -14.62 -17.14 52.03 -14.8 -17.0 0.365 0x0000FF
55.86 -14.26 -17.38 54.4 -14.62 -17.14 0.365 0x0000FF
57.32 -13.53 -17.76 55.86 -14.26 -17.38 0.365 0x0000FF
58.96 -13.16 -18.44 57.32 -13.53 -17.76 0.365 0x0000FF
62.25 -12.62 -18.89 58.96 -13.16 -18.44 0.365 0x0000FF
63.71 -12.44 -18.89 62.25 -12.62 -18.89 0.365 0x0000FF
66.26 -12.44 -19.64 63.71 -12.44 -18.89 0.365 0x0000FF
69.36 -12.25 -20.03 66.26 -12.44 -19.64 0.365 0x0000FF
72.09 -11.89 -20.48 69.36 -12.25 -20.03 0.365 0x0000FF
75.2 -10.8 -21.01 72.09 -11.89 -20.48 0.365 0x0000FF
80.68 -8.97 -21.39 75.2 -10.8 -21.01 0.365 0x0000FF
83.96 -8.24 -21.77 80.68 -8.97 -21.39 0.365 0x0000FF
87.61 -7.7 -22.15 83.96 -8.24 -21.77 0.365 0x0000FF
90.71 -6.79 -22.53 87.61 -7.7 -22.15 0.365 0x0000FF
97.1 -6.06 -22.91 90.71 -6.79 -22.53 0.365 0x0000FF
102.49 1.67 -23.29 97.1 -6.06 -22.91 0.275 0x0000FF
103.22 4.04 -22.76 102.49 1.67 -23.29 0.275 0x0000FF
103.77 6.41 -22.6 103.22 4.04 -22.76 0.275 0x0000FF
104.5 8.77 -22.6 103.77 6.41 -22.6 0.275 0x0000FF
105.59 13.34 -22.0 104.5 8.77 -22.6 0.275 0x0000FF
106.14 18.44 -21.62 105.59 13.34 -22.0 0.275 0x0000FF
107.6 23.9 -21.16 106.14 18.44 -21.62 0.275 0x0000FF
109.24 28.28 -20.71 107.6 23.9 -21.16 0.275 0x0000FF
113.25 36.84 -20.48 109.24 28.28 -20.71 0.275 0x0000FF
115.08 41.39 -20.41 113.25 36.84 -20.48 0.275 0x0000FF
117.81 49.23 -20.32 115.08 41.39 -20.41 0.275 0x0000FF
116.9 51.41 -20.1 117.81 49.23 -20.32 0.275 0x0000FF
115.26 52.14 -19.95 116.9 51.41 -20.1 0.275 0x0000FF
112.89 52.51 -19.64 115.26 52.14 -19.95 0.275 0x0000FF
110.88 52.87 -19.57 112.89 52.51 -19.64 0.275 0x0000FF
107.41 53.97 -19.42 110.88 52.87 -19.57 0.275 0x0000FF
105.95 54.51 -19.2 107.41 53.97 -19.42 0.275 0x0000FF
110.78 -1.13 -23.21 97.1 -6.06 -22.91 0.365 0x0000FF
118.81 2.5 -23.29 110.78 -1.13 -23.21 0.365 0x0000FF
129.57 8.34 -23.36 118.81 2.5 -23.29 0.365 0x0000FF
130.3 9.43 -23.36 129.57 8.34 -23.36 0.365 0x0000FF
141.53 16.98 -23.59 130.3 9.43 -23.36 0.365 0x0000FF
141.9 17.53 -24.04 141.53 16.98 -23.59 0.365 0x0000FF
143.54 18.62 -23.21 141.9 17.53 -24.04 0.365 0x0000FF
145.0 19.89 -22.76 143.54 18.62 -23.21 0.365 0x0000FF
147.01 21.9 -22.15 145.0 19.89 -22.76 0.365 0x0000FF
147.91 22.99 -21.39 147.01 21.9 -22.15 0.365 0x0000FF
149.56 25.18 -20.63 147.91 22.99 -21.39 0.365 0x0000FF
149.74 26.82 -19.88 149.56 25.18 -20.63 0.365 0x0000FF
2.09 -9.91 3.98 1.54 -8.27 3.83 0.91 0x0000FF
2.45 -10.45 4.21 2.09 -9.91 3.98 0.91 0x0000FF
2.82 -10.63 4.44 2.45 -10.45 4.21 0.91 0x0000FF
3.18 -11.0 4.67 2.82 -10.63 4.44 0.91 0x0000FF
3.73 -11.18 4.97 3.18 -11.0 4.67 0.91 0x0000FF
4.09 -11.54 5.35 3.73 -11.18 4.97 0.91 0x0000FF
5.19 -12.82 6.26 4.09 -11.54 5.35 0.91 0x0000FF
5.01 -13.91 6.48 5.19 -12.82 6.26 0.91 0x0000FF
4.83 -14.46 6.86 5.01 -13.91 6.48 0.91 0x0000FF
4.63 -14.82 7.32 4.83 -14.46 6.86 0.91 0x0000FF
4.83 -15.19 7.47 4.63 -14.82 7.32 0.91 0x0000FF
4.63 -15.55 8.44 4.83 -15.19 7.47 0.91 0x0000FF
4.83 -16.46 8.91 4.63 -15.55 8.44 0.91 0x0000FF
5.01 -16.82 9.21 4.83 -16.46 8.91 0.91 0x0000FF
5.19 -17.38 9.59 5.01 -16.82 9.21 0.91 0x0000FF
5.37 -17.73 10.88 5.19 -17.38 9.59 0.91 0x0000FF
5.56 -18.29 11.41 5.37 -17.73 10.88 0.91 0x0000FF
5.56 -19.2 11.86 5.56 -18.29 11.41 0.91 0x0000FF
5.56 -19.73 12.62 5.56 -19.2 11.86 0.91 0x0000FF
5.74 -20.11 13.3 5.56 -19.73 12.62 0.82 0x0000FF
5.74 -20.47 13.53 5.74 -20.11 13.3 0.82 0x0000FF
5.74 -20.84 13.98 5.74 -20.47 13.53 0.82 0x0000FF
5.74 -21.2 14.67 5.74 -20.84 13.98 0.82 0x0000FF
5.74 -21.57 15.27 5.74 -21.2 14.67 0.82 0x0000FF
5.74 -22.48 15.73 5.74 -21.57 15.27 0.82 0x0000FF
5.74 -22.84 16.41 5.74 -22.48 15.73 0.82 0x0000FF
5.92 -23.75 16.94 5.74 -22.84 16.41 0.82 0x0000FF
6.1 -24.48 17.47 5.92 -23.75 16.94 0.82 0x0000FF
7.02 -25.57 17.92 6.1 -24.48 17.47 0.82 0x0000FF
7.93 -27.76 18.82 7.02 -25.57 17.92 0.73 0x0000FF
8.11 -28.13 19.21 7.93 -27.76 18.82 0.73 0x0000FF
8.28 -28.67 19.66 8.11 -28.13 19.21 0.73 0x0000FF
8.66 -29.58 19.82 8.28 -28.67 19.66 0.73 0x0000FF
9.75 -30.86 20.35 8.66 -29.58 19.82 0.64 0x0000FF
10.3 -31.04 20.57 9.75 -30.86 20.35 0.545 0x0000FF
10.3 -31.22 21.48 10.3 -31.04 20.57 0.545 0x0000FF
10.48 -31.59 22.85 10.3 -31.22 21.48 0.545 0x0000FF
11.21 -31.95 23.15 10.48 -31.59 22.85 0.545 0x0000FF
11.21 -32.13 23.76 11.21 -31.95 23.15 0.545 0x0000FF
11.58 -32.32 24.21 11.21 -32.13 23.76 0.545 0x0000FF
11.94 -32.5 25.19 11.58 -32.32 24.21 0.545 0x0000FF
12.31 -32.86 25.95 11.94 -32.5 25.19 0.545 0x0000FF
12.49 -33.04 26.48 12.31 -32.86 25.95 0.545 0x0000FF
12.49 -33.4 26.71 12.49 -33.04 26.48 0.545 0x0000FF
12.49 -33.96 27.16 12.49 -33.4 26.71 0.545 0x0000FF
12.67 -35.6 27.54 12.49 -33.96 27.16 0.545 0x0000FF
12.67 -38.33 27.92 12.67 -35.6 27.54 0.545 0x0000FF
12.12 -41.24 28.22 12.67 -38.33 27.92 0.545 0x0000FF
11.76 -42.7 28.68 12.12 -41.24 28.22 0.545 0x0000FF
11.39 -43.43 29.13 11.76 -42.7 28.68 0.545 0x0000FF
10.3 -44.89 29.44 11.39 -43.43 29.13 0.545 0x0000FF
9.02 -45.98 29.89 10.3 -44.89 29.44 0.545 0x0000FF
7.93 -47.07 30.12 9.02 -45.98 29.89 0.545 0x0000FF
7.2 -48.35 30.57 7.93 -47.07 30.12 0.545 0x0000FF
6.47 -50.17 30.95 7.2 -48.35 30.57 0.545 0x0000FF
4.46 -54.91 31.41 6.47 -50.17 30.95 0.455 0x0000FF
3.91 -57.64 31.63 4.46 -54.91 31.41 0.455 0x0000FF
3.37 -60.19 32.24 3.91 -57.64 31.63 0.455 0x0000FF
2.82 -62.01 32.77 3.37 -60.19 32.24 0.455 0x0000FF
1.91 -64.75 33.07 2.82 -62.01 32.77 0.455 0x0000FF
1.18 -66.56 33.15 1.91 -64.75 33.07 0.455 0x0000FF
0.63 -68.39 33.6 1.18 -66.56 33.15 0.455 0x0000FF
-0.46 -71.48 33.9 0.63 -68.39 33.6 0.455 0x0000FF
-0.83 -74.59 34.44 -0.46 -71.48 33.9 0.455 0x0000FF
-0.46 -77.87 34.51 -0.83 -74.59 34.44 0.455 0x0000FF
-0.46 -80.42 34.65 -0.46 -77.87 34.51 0.455 0x0000FF
-1.74 -87.7 35.19 -0.46 -80.42 34.65 0.365 0x0000FF
-1.01 -90.98 35.27 -1.74 -87.7 35.19 0.365 0x0000FF
-0.46 -95.17 35.79 -1.01 -90.98 35.27 0.365 0x0000FF
1.36 -100.09 36.1 -0.46 -95.17 35.79 0.365 0x0000FF
2.64 -103.19 36.33 1.36 -100.09 36.1 0.365 0x0000FF
3.0 -104.83 36.56 2.64 -103.19 36.33 0.365 0x0000FF
3.73 -106.29 36.94 3.0 -104.83 36.56 0.365 0x0000FF
4.09 -106.84 37.15 3.73 -106.29 36.94 0.365 0x0000FF
4.28 -107.38 36.47 4.09 -106.84 37.15 0.365 0x0000FF
5.01 -108.11 35.79 4.28 -107.38 36.47 0.365 0x0000FF
5.74 -109.2 35.57 5.01 -108.11 35.79 0.365 0x0000FF
6.1 -110.48 34.97 5.74 -109.2 35.57 0.365 0x0000FF
6.29 -112.67 34.36 6.1 -110.48 34.97 0.365 0x0000FF
6.1 -114.31 33.68 6.29 -112.67 34.36 0.365 0x0000FF
5.92 -115.22 33.45 6.1 -114.31 33.68 0.365 0x0000FF
5.74 -117.77 32.61 5.92 -115.22 33.45 0.365 0x0000FF
5.74 -118.5 32.39 5.74 -117.77 32.61 0.365 0x0000FF
5.37 -119.77 32.09 5.74 -118.5 32.39 0.365 0x0000FF
5.19 -120.68 31.86 5.37 -119.77 32.09 0.365 0x0000FF
5.01 -121.23 31.71 5.19 -120.68 31.86 0.365 0x0000FF
4.83 -121.96 31.48 5.01 -121.23 31.71 0.365 0x0000FF
4.63 -122.32 31.18 4.83 -121.96 31.48 0.365 0x0000FF
4.09 -123.05 30.95 4.63 -122.32 31.18 0.365 0x0000FF
4.26 -125.19 30.5 4.09 -123.05 30.95 0.365 0x0000FF
4.09 -126.1 29.82 4.26 -125.19 30.5 0.365 0x0000FF
3.91 -127.56 29.51 4.09 -126.1 29.82 0.365 0x0000FF
3.36 -128.65 29.28 3.91 -127.56 29.51 0.365 0x0000FF
3.18 -129.56 28.91 3.36 -128.65 29.28 0.365 0x0000FF
3.18 -130.84 28.91 3.18 -129.56 28.91 0.365 0x0000FF
3.36 -131.57 28.38 3.18 -130.84 28.91 0.365 0x0000FF
-13.32 7.83 -1.17 -14.08 -1.58 -0.87 2.1 0x0000FF
-12.77 10.02 -1.02 -13.32 7.83 -1.17 2.1 0x0000FF
-12.04 12.39 -0.86 -12.77 10.02 -1.02 2.1 0x0000FF
-11.31 14.21 -0.03 -12.04 12.39 -0.86 2.1 0x0000FF
-9.85 16.57 0.88 -11.31 14.21 -0.03 2.1 0x0000FF
-8.21 19.5 1.48 -9.85 16.57 0.88 2.1 0x0000FF
-7.48 20.77 1.79 -8.21 19.5 1.48 2.1 0x0000FF
-4.38 23.87 2.17 -7.48 20.77 1.79 2.1 0x0000FF
-3.1 25.87 2.7 -4.38 23.87 2.17 1.46 0x0000FF
-1.82 28.42 3.3 -3.1 25.87 2.7 1.46 0x0000FF
-1.28 31.88 3.45 -1.82 28.42 3.3 1.46 0x0000FF
-0.91 35.53 3.76 -1.28 31.88 3.45 1.46 0x0000FF
-0.55 41.36 4.05 -0.91 35.53 3.76 1.46 0x0000FF
2.37 52.47 4.21 -0.55 41.36 4.05 1.46 0x0000FF
4.2 58.85 4.74 2.37 52.47 4.21 1.46 0x0000FF
6.75 67.95 5.04 4.2 58.85 4.74 1.37 0x0000FF
9.31 75.25 5.35 6.75 67.95 5.04 1.275 0x0000FF
11.68 78.16 5.65 9.31 75.25 5.35 1.275 0x0000FF
18.43 86.18 6.03 11.68 78.16 5.65 1.275 0x0000FF
20.98 88.18 6.33 18.43 86.18 6.03 1.275 0x0000FF
22.08 89.28 6.64 20.98 88.18 6.33 1.275 0x0000FF
25.92 92.86 6.94 22.08 89.28 6.64 1.275 0x0000FF
29.02 97.97 7.17 25.92 92.86 6.94 1.275 0x0000FF
31.21 103.8 7.54 29.02 97.97 7.17 1.275 0x0000FF
35.77 109.81 8.23 31.21 103.8 7.54 1.275 0x0000FF
37.96 115.46 8.52 35.77 109.81 8.23 1.275 0x0000FF
39.6 119.65 8.83 37.96 115.46 8.52 1.275 0x0000FF
40.88 122.2 8.98 39.6 119.65 8.83 1.275 0x0000FF
42.7 124.93 9.14 40.88 122.2 8.98 1.275 0x0000FF
49.82 138.6 9.74 42.7 124.93 9.14 1.275 0x0000FF
51.65 146.22 11.33 49.82 138.6 9.74 1.275 0x0000FF
52.2 153.34 11.26 51.65 146.22 11.33 1.275 0x0000FF
52.75 160.81 11.18 52.2 153.34 11.26 1.275 0x0000FF
59.86 181.76 11.1 52.75 160.81 11.18 1.275 0x0000FF
64.97 193.06 10.95 59.86 181.76 11.1 1.275 0x0000FF
77.01 214.37 10.8 64.97 193.06 10.95 1.275 0x0000FF
78.47 217.29 11.26 77.01 214.37 10.8 1.275 0x0000FF
80.12 220.75 12.09 78.47 217.29 11.26 1.275 0x0000FF
80.84 222.03 12.54 80.12 220.75 12.09 1.275 0x0000FF
81.76 224.03 12.92 80.84 222.03 12.54 1.275 0x0000FF
82.49 226.03 13.38 81.76 224.03 12.92 1.275 0x0000FF
83.95 228.77 13.83 82.49 226.03 13.38 1.275 0x0000FF
86.32 231.68 14.44 83.95 228.77 13.83 1.275 0x0000FF
89.06 236.78 14.97 86.32 231.68 14.44 1.185 0x0000FF
90.7 238.97 15.35 89.06 236.78 14.97 1.185 0x0000FF
93.25 243.71 16.26 90.7 238.97 15.35 1.185 0x0000FF
94.71 245.89 16.79 93.25 243.71 16.26 1.095 0x0000FF
96.35 248.99 17.32 94.71 245.89 16.79 0.82 0x0000FF
96.9 250.81 17.92 96.35 248.99 17.32 0.275 0x0000FF
97.63 251.54 17.92 96.9 250.81 17.92 0.275 0x0000FF
98.73 252.82 18.0 97.63 251.54 17.92 0.275 0x0000FF
99.46 253.91 18.0 98.73 252.82 18.0 0.275 0x0000FF
99.82 254.64 18.0 99.46 253.91 18.0 0.275 0x0000FF
99.82 256.1 18.0 99.82 254.64 18.0 0.275 0x0000FF
100.07 261.68 18.53 99.82 256.1 18.0 0.275 0x0000FF
97.27 250.08 17.32 96.35 248.99 17.32 0.545 0x0000FF
97.45 252.82 17.47 97.27 250.08 17.32 0.455 0x0000FF
97.27 253.55 17.62 97.45 252.82 17.47 0.455 0x0000FF
96.54 255.19 17.7 97.27 253.55 17.62 0.365 0x0000FF
95.99 256.27 17.7 96.54 255.19 17.7 0.365 0x0000FF
95.44 256.83 17.7 95.99 256.27 17.7 0.365 0x0000FF
94.53 258.27 17.77 95.44 256.83 17.7 0.275 0x0000FF
94.35 259.01 17.85 94.53 258.27 17.77 0.275 0x0000FF
94.71 260.29 17.85 94.35 259.01 17.85 0.275 0x0000FF
95.44 261.56 17.85 94.71 260.29 17.85 0.275 0x0000FF
96.17 262.29 17.85 95.44 261.56 17.85 0.275 0x0000FF
-1.64 24.41 2.39 -4.38 23.87 2.17 0.64 0x0000FF
2.0 24.05 3.0 -1.64 24.41 2.39 0.64 0x0000FF
11.31 22.05 3.15 2.0 24.05 3.0 0.64 0x0000FF
12.95 20.77 3.61 11.31 22.05 3.15 0.64 0x0000FF
16.6 18.95 3.98 12.95 20.77 3.61 0.64 0x0000FF
20.43 17.86 4.29 16.6 18.95 3.98 0.64 0x0000FF
21.89 17.3 4.74 20.43 17.86 4.29 0.64 0x0000FF
22.99 16.57 5.27 21.89 17.3 4.74 0.64 0x0000FF
23.9 15.85 6.03 22.99 16.57 5.27 0.545 0x0000FF
24.81 14.58 6.56 23.9 15.85 6.03 0.545 0x0000FF
25.36 14.21 6.64 24.81 14.58 6.56 0.545 0x0000FF
26.09 13.85 7.17 25.36 14.21 6.64 0.545 0x0000FF
27.0 14.03 7.85 26.09 13.85 7.17 0.545 0x0000FF
27.92 14.94 8.52 27.0 14.03 7.85 0.545 0x0000FF
30.29 14.94 9.28 27.92 14.94 8.52 0.455 0x0000FF
31.2 14.94 9.59 30.29 14.94 9.28 0.455 0x0000FF
32.47 15.12 9.67 31.2 14.94 9.59 0.455 0x0000FF
33.94 15.3 10.03 32.47 15.12 9.67 0.455 0x0000FF
36.67 16.03 10.57 33.94 15.3 10.03 0.455 0x0000FF
37.04 16.03 10.65 36.67 16.03 10.57 0.455 0x0000FF
37.77 15.85 11.03 37.04 16.03 10.65 0.455 0x0000FF
38.5 15.49 11.64 37.77 15.85 11.03 0.455 0x0000FF
39.59 15.12 12.17 38.5 15.49 11.64 0.455 0x0000FF
40.32 14.76 12.39 39.59 15.12 12.17 0.455 0x0000FF
43.42 12.75 12.77 40.32 14.76 12.39 0.365 0x0000FF
46.34 11.3 13.45 43.42 12.75 12.77 0.365 0x0000FF
47.07 10.93 13.6 46.34 11.3 13.45 0.365 0x0000FF
47.44 10.93 13.98 47.07 10.93 13.6 0.365 0x0000FF
47.8 10.57 14.74 47.44 10.93 13.98 0.365 0x0000FF
48.35 10.19 15.27 47.8 10.57 14.74 0.365 0x0000FF
49.26 9.84 15.65 48.35 10.19 15.27 0.365 0x0000FF
49.81 9.66 16.03 49.26 9.84 15.65 0.365 0x0000FF
50.72 9.47 16.32 49.81 9.66 16.03 0.365 0x0000FF
51.09 9.47 16.86 50.72 9.47 16.32 0.365 0x0000FF
51.45 9.66 17.54 51.09 9.47 16.86 0.365 0x0000FF
52.0 10.19 18.45 51.45 9.66 17.54 0.365 0x0000FF
52.55 10.57 18.76 52.0 10.19 18.45 0.365 0x0000FF
53.09 10.93 19.29 52.55 10.57 18.76 0.365 0x0000FF
53.82 11.3 19.89 53.09 10.93 19.29 0.365 0x0000FF
54.37 11.48 20.27 53.82 11.3 19.89 0.365 0x0000FF
55.28 11.66 20.5 54.37 11.48 20.27 0.365 0x0000FF
56.38 12.21 20.88 55.28 11.66 20.5 0.365 0x0000FF
56.93 12.39 21.18 56.38 12.21 20.88 0.365 0x0000FF
57.84 12.75 21.94 56.93 12.39 21.18 0.365 0x0000FF
58.2 12.75 22.62 57.84 12.75 21.94 0.365 0x0000FF
58.93 12.75 23.07 58.2 12.75 22.62 0.365 0x0000FF
59.48 12.94 24.36 58.93 12.75 23.07 0.365 0x0000FF
59.84 13.66 24.89 59.48 12.94 24.36 0.365 0x0000FF
60.21 13.85 25.19 59.84 13.66 24.89 0.365 0x0000FF
64.59 14.03 26.25 60.21 13.85 25.19 0.365 0x0000FF
65.5 14.03 26.71 64.59 14.03 26.25 0.365 0x0000FF
66.78 14.39 27.24 65.5 14.03 26.71 0.365 0x0000FF
67.69 15.3 28.38 66.78 14.39 27.24 0.365 0x0000FF
68.59 15.85 28.83 67.69 15.3 28.38 0.365 0x0000FF
69.7 16.39 29.21 68.59 15.85 28.83 0.365 0x0000FF
70.43 16.57 29.82 69.7 16.39 29.21 0.365 0x0000FF
72.43 17.67 30.19 70.43 16.57 29.82 0.275 0x0000FF
72.8 18.04 30.42 72.43 17.67 30.19 0.275 0x0000FF
73.89 18.95 30.65 72.8 18.04 30.42 0.275 0x0000FF
74.62 19.68 31.41 73.89 18.95 30.65 0.275 0x0000FF
75.72 20.22 31.63 74.62 19.68 31.41 0.275 0x0000FF
76.63 20.59 32.47 75.72 20.22 31.63 0.275 0x0000FF
77.18 20.95 33.0 76.63 20.59 32.47 0.275 0x0000FF
78.64 21.14 33.45 77.18 20.95 33.0 0.275 0x0000FF
79.73 21.32 34.06 78.64 21.14 33.45 0.275 0x0000FF
81.92 21.5 35.11 79.73 21.32 34.06 0.275 0x0000FF
82.65 21.5 35.5 81.92 21.5 35.11 0.275 0x0000FF
83.38 21.5 36.47 82.65 21.5 35.5 0.275 0x0000FF
83.38 21.5 37.39 83.38 21.5 36.47 0.275 0x0000FF
83.75 21.32 37.77 83.38 21.5 37.39 0.275 0x0000FF
84.48 21.14 38.36 83.75 21.32 37.77 0.275 0x0000FF
87.76 21.68 39.13 84.48 21.14 38.36 0.18 0x0000FF
88.67 22.41 39.21 87.76 21.68 39.13 0.18 0x0000FF
90.5 23.32 39.51 88.67 22.41 39.21 0.18 0x0000FF
