-19.44 -49.51 0.5 -32.04 -48.44 -7.76 1.095 0x0000FF
-18.16 -49.51 0.88 -19.44 -49.51 0.5 1.095 0x0000FF
-13.6 -50.6 1.11 -18.16 -49.51 0.88 1.095 0x0000FF
-11.96 -50.6 1.18 -13.6 -50.6 1.11 1.095 0x0000FF
-10.5 -50.79 1.41 -11.96 -50.6 1.18 1.095 0x0000FF
-7.95 -51.15 1.56 -10.5 -50.79 1.41 1.095 0x0000FF
-6.49 -51.51 1.64 -7.95 -51.15 1.56 1.095 0x0000FF
-3.75 -52.06 1.64 -6.49 -51.51 1.64 1.095 0x0000FF
-1.74 -52.61 1.64 -3.75 -52.06 1.64 1.095 0x0000FF
-0.28 -54.43 1.18 -1.74 -52.61 1.64 0.455 0x0000FF
0.81 -55.52 1.33 -0.28 -54.43 1.18 0.455 0x0000FF
1.18 -55.89 1.64 0.81 -55.52 1.33 0.455 0x0000FF
1.54 -56.43 1.79 1.18 -55.89 1.64 0.455 0x0000FF
2.27 -57.35 2.39 1.54 -56.43 1.79 0.455 0x0000FF
2.64 -57.89 2.77 2.27 -57.35 2.39 0.455 0x0000FF
3.18 -58.26 3.0 2.64 -57.89 2.77 0.455 0x0000FF
4.46 -58.8 3.38 3.18 -58.26 3.0 0.455 0x0000FF
5.19 -59.17 3.76 4.46 -58.8 3.38 0.455 0x0000FF
6.47 -59.9 4.44 5.19 -59.17 3.76 0.455 0x0000FF
7.2 -60.08 5.04 6.47 -59.9 4.44 0.455 0x0000FF
7.56 -60.26 5.73 7.2 -60.08 5.04 0.455 0x0000FF
7.74 -60.44 6.26 7.56 -60.26 5.73 0.455 0x0000FF
8.11 -60.81 6.71 7.74 -60.44 6.26 0.455 0x0000FF
8.28 -60.81 7.47 8.11 -60.81 6.71 0.455 0x0000FF
9.57 -60.99 8.61 8.28 -60.81 7.47 0.455 0x0000FF
10.11 -61.17 9.36 9.57 -60.99 8.61 0.455 0x0000FF
12.49 -61.9 9.59 10.11 -61.17 9.36 0.365 0x0000FF
12.85 -62.08 9.82 12.49 -61.9 9.59 0.365 0x0000FF
13.4 -62.81 9.89 12.85 -62.08 9.82 0.365 0x0000FF
13.77 -63.54 10.27 13.4 -62.81 9.89 0.365 0x0000FF
14.13 -64.27 10.57 13.77 -63.54 10.27 0.365 0x0000FF
14.86 -65.0 10.8 14.13 -64.27 10.57 0.365 0x0000FF
16.14 -66.27 10.88 14.86 -65.0 10.8 0.365 0x0000FF
16.68 -66.81 11.33 16.14 -66.27 10.88 0.365 0x0000FF
17.96 -67.73 11.64 16.68 -66.81 11.33 0.365 0x0000FF
18.14 -68.28 12.09 17.96 -67.73 11.64 0.365 0x0000FF
18.87 -69.19 12.17 18.14 -68.28 12.09 0.365 0x0000FF
19.42 -69.92 12.54 18.87 -69.19 12.17 0.365 0x0000FF
19.97 -70.45 12.77 19.42 -69.92 12.54 0.365 0x0000FF
20.88 -71.01 13.3 19.97 -70.45 12.77 0.365 0x0000FF
21.25 -71.73 13.76 20.88 -71.01 13.3 0.365 0x0000FF
21.98 -72.47 14.67 21.25 -71.73 13.76 0.365 0x0000FF
22.52 -73.01 15.2 21.98 -72.47 14.67 0.365 0x0000FF
23.25 -73.38 15.65 22.52 -73.01 15.2 0.365 0x0000FF
23.8 -74.11 16.03 23.25 -73.38 15.65 0.365 0x0000FF
24.17 -74.29 16.26 23.8 -74.11 16.03 0.365 0x0000FF
25.26 -74.84 16.55 24.17 -74.29 16.26 0.365 0x0000FF
26.17 -75.2 16.86 25.26 -74.84 16.55 0.365 0x0000FF
26.9 -76.11 18.53 26.17 -75.2 16.86 0.365 0x0000FF
27.63 -76.29 18.6 26.9 -76.11 18.53 0.365 0x0000FF
28.36 -76.66 19.21 27.63 -76.29 18.6 0.365 0x0000FF
28.91 -77.02 19.59 28.36 -76.66 19.21 0.365 0x0000FF
29.64 -77.39 19.97 28.91 -77.02 19.59 0.365 0x0000FF
30.37 -77.75 20.27 29.64 -77.39 19.97 0.365 0x0000FF
30.92 -77.93 20.8 30.37 -77.75 20.27 0.365 0x0000FF
31.65 -78.66 21.26 30.92 -77.93 20.8 0.365 0x0000FF
32.01 -78.84 21.79 31.65 -78.66 21.26 0.365 0x0000FF
32.56 -79.03 22.24 32.01 -78.84 21.79 0.365 0x0000FF
33.29 -79.39 22.69 32.56 -79.03 22.24 0.365 0x0000FF
34.38 -79.76 23.0 33.29 -79.39 22.69 0.365 0x0000FF
35.84 -80.48 23.6 34.38 -79.76 23.0 0.365 0x0000FF
37.11 -81.2 24.29 35.84 -80.48 23.6 0.365 0x0000FF
38.94 -82.12 24.82 37.11 -81.2 24.29 0.365 0x0000FF
39.13 -82.49 25.57 38.94 -82.12 24.82 0.365 0x0000FF
40.22 -83.4 26.1 39.13 -82.49 25.57 0.365 0x0000FF
40.95 -84.31 26.94 40.22 -83.4 26.1 0.365 0x0000FF
41.32 -84.68 27.47 40.95 -84.31 26.94 0.365 0x0000FF
42.05 -85.95 28.07 41.32 -84.68 27.47 0.365 0x0000FF
44.6 -88.32 28.98 42.05 -85.95 28.07 0.365 0x0000FF
45.33 -88.68 29.06 44.6 -88.32 28.98 0.365 0x0000FF
46.24 -89.59 29.59 45.33 -88.68 29.06 0.365 0x0000FF
47.34 -90.51 30.04 46.24 -89.59 29.59 0.365 0x0000FF
48.07 -90.87 30.35 47.34 -90.51 30.04 0.365 0x0000FF
49.34 -91.42 31.25 48.07 -90.87 30.35 0.365 0x0000FF
50.44 -91.78 32.39 49.34 -91.42 31.25 0.365 0x0000FF
52.08 -92.33 32.85 50.44 -91.78 32.39 0.365 0x0000FF
53.72 -92.69 33.53 52.08 -92.33 32.85 0.365 0x0000FF
56.09 -93.24 33.83 53.72 -92.69 33.53 0.365 0x0000FF
57.37 -93.42 34.28 56.09 -93.24 33.83 0.365 0x0000FF
61.02 -94.7 34.97 57.37 -93.42 34.28 0.365 0x0000FF
64.3 -95.61 35.72 61.02 -94.7 34.97 0.365 0x0000FF
68.5 -97.06 36.18 64.3 -95.61 35.72 0.365 0x0000FF
74.89 -99.8 36.71 68.5 -97.06 36.18 0.365 0x0000FF
77.62 -101.44 36.94 74.89 -99.8 36.71 0.365 0x0000FF
83.46 -103.26 37.31 77.62 -101.44 36.94 0.365 0x0000FF
87.66 -103.81 37.47 83.46 -103.26 37.31 0.365 0x0000FF
89.48 -104.54 37.84 87.66 -103.81 37.47 0.365 0x0000FF
90.76 -104.54 37.84 89.48 -104.54 37.84 0.365 0x0000FF
92.95 -105.45 37.47 90.76 -104.54 37.84 0.365 0x0000FF
94.77 -105.99 36.94 92.95 -105.45 37.47 0.365 0x0000FF
97.51 -107.27 36.25 94.77 -105.99 36.94 0.365 0x0000FF
100.61 -109.64 35.65 97.51 -107.27 36.25 0.365 0x0000FF
104.99 -113.28 34.81 100.61 -109.64 35.65 0.365 0x0000FF
109.74 -118.2 34.36 104.99 -113.28 34.81 0.365 0x0000FF
113.75 -125.49 33.9 109.74 -118.2 34.36 0.365 0x0000FF
116.85 -131.86 33.07 113.75 -125.49 33.9 0.365 0x0000FF
118.68 -134.6 32.47 116.85 -131.86 33.07 0.365 0x0000FF
118.86 -134.96 33.22 118.68 -134.6 32.47 0.365 0x0000FF
119.22 -136.41 34.13 118.86 -134.96 33.22 0.365 0x0000FF
119.41 -138.24 34.89 119.22 -136.41 34.13 0.365 0x0000FF
120.14 -141.34 35.88 119.41 -138.24 34.89 0.365 0x0000FF
120.14 -142.61 36.18 120.14 -141.34 35.88 0.365 0x0000FF
119.59 -144.62 36.71 120.14 -142.61 36.18 0.365 0x0000FF
119.95 -146.26 37.15 119.59 -144.62 36.71 0.365 0x0000FF
118.21 -151.16 37.54 119.95 -146.26 37.15 0.365 0x0000FF
117.12 -152.62 37.61 118.21 -151.16 37.54 0.365 0x0000FF
116.02 -155.16 38.07 117.12 -152.62 37.61 0.365 0x0000FF
115.48 -162.83 38.15 116.02 -155.16 38.07 0.275 0x0000FF
0.81 -52.61 1.79 -1.74 -52.61 1.64 1.005 0x0000FF
2.64 -52.61 1.94 0.81 -52.61 1.79 0.91 0x0000FF
4.09 -52.61 2.24 2.64 -52.61 1.94 0.91 0x0000FF
5.37 -52.79 2.77 4.09 -52.61 2.24 0.91 0x0000FF
6.1 -52.79 3.3 5.37 -52.79 2.77 0.91 0x0000FF
7.2 -52.97 3.53 6.1 -52.79 3.3 0.91 0x0000FF
8.66 -50.97 5.5 7.2 -52.97 3.53 0.545 0x0000FF
13.22 -49.15 6.11 8.66 -50.97 5.5 0.545 0x0000FF
16.32 -48.05 6.71 13.22 -49.15 6.11 0.545 0x0000FF
22.16 -45.87 7.54 16.32 -48.05 6.71 0.545 0x0000FF
23.44 -44.41 8.0 22.16 -45.87 7.54 0.545 0x0000FF
24.53 -42.77 7.62 23.44 -44.41 8.0 0.545 0x0000FF
27.27 -40.04 6.64 24.53 -42.77 7.62 0.545 0x0000FF
35.47 -36.76 5.73 27.27 -40.04 6.64 0.545 0x0000FF
37.47 -36.03 5.27 35.47 -36.76 5.73 0.545 0x0000FF
41.13 -35.47 4.97 37.47 -36.03 5.27 0.545 0x0000FF
44.96 -33.65 4.74 41.13 -35.47 4.97 0.545 0x0000FF
50.99 -30.93 4.13 44.96 -33.65 4.74 0.545 0x0000FF
55.73 -29.1 3.98 50.99 -30.93 4.13 0.545 0x0000FF
59.93 -27.83 4.44 55.73 -29.1 3.98 0.545 0x0000FF
63.76 -27.46 4.74 59.93 -27.83 4.44 0.545 0x0000FF
67.59 -26.55 5.35 63.76 -27.46 4.74 0.545 0x0000FF
69.59 -25.64 5.95 67.59 -26.55 5.35 0.545 0x0000FF
72.52 -24.19 6.48 69.59 -25.64 5.95 0.545 0x0000FF
72.52 -23.82 6.11 72.52 -24.19 6.48 0.545 0x0000FF
73.23 -23.64 5.2 72.52 -23.82 6.11 0.545 0x0000FF
73.79 -23.46 4.44 73.23 -23.64 5.2 0.545 0x0000FF
74.89 -22.91 3.83 73.79 -23.46 4.44 0.545 0x0000FF
75.62 -22.73 2.85 74.89 -22.91 3.83 0.545 0x0000FF
77.81 -21.82 2.09 75.62 -22.73 2.85 0.545 0x0000FF
79.63 -21.27 1.26 77.81 -21.82 2.09 0.545 0x0000FF
80.54 -21.27 0.5 79.63 -21.27 1.26 0.545 0x0000FF
81.64 -20.91 -0.56 80.54 -21.27 0.5 0.545 0x0000FF
82.19 -20.72 -1.85 81.64 -20.91 -0.56 0.545 0x0000FF
82.91 -21.09 -2.0 82.19 -20.72 -1.85 0.545 0x0000FF
83.64 -21.45 -3.82 82.91 -21.09 -2.0 0.455 0x0000FF
85.1 -21.82 -4.34 83.64 -21.45 -3.82 0.455 0x0000FF
86.2 -21.82 -4.73 85.1 -21.82 -4.34 0.455 0x0000FF
87.29 -21.09 -4.95 86.2 -21.82 -4.73 0.455 0x0000FF
89.12 -19.8 -5.64 87.29 -21.09 -4.95 0.455 0x0000FF
90.03 -19.07 -5.79 89.12 -19.8 -5.64 0.365 0x0000FF
92.58 -18.35 -6.01 90.03 -19.07 -5.79 0.275 0x0000FF
94.96 -17.8 -6.01 92.58 -18.35 -6.01 0.275 0x0000FF
8.11 -54.07 3.76 7.2 -52.97 3.53 0.64 0x0000FF
8.47 -54.25 4.05 8.11 -54.07 3.76 0.64 0x0000FF
9.19 -54.61 4.51 8.47 -54.25 4.05 0.64 0x0000FF
9.75 -54.98 4.97 9.19 -54.61 4.51 0.64 0x0000FF
10.85 -55.52 5.04 9.75 -54.98 4.97 0.64 0x0000FF
13.22 -56.98 5.58 10.85 -55.52 5.04 0.545 0x0000FF
13.95 -57.53 5.73 13.22 -56.98 5.58 0.545 0x0000FF
14.5 -57.89 6.03 13.95 -57.53 5.73 0.545 0x0000FF
15.95 -58.62 6.26 14.5 -57.89 6.03 0.545 0x0000FF
17.41 -59.35 6.64 15.95 -58.62 6.26 0.545 0x0000FF
20.14 -61.35 6.86 17.41 -59.35 6.64 0.64 0x0000FF
21.79 -61.9 6.86 20.14 -61.35 6.86 0.64 0x0000FF
24.53 -62.99 6.94 21.79 -61.9 6.86 0.64 0x0000FF
27.08 -63.9 6.94 24.53 -62.99 6.94 0.545 0x0000FF
28.36 -64.27 6.94 27.08 -63.9 6.94 0.545 0x0000FF
30.0 -64.27 7.09 28.36 -64.27 6.94 0.545 0x0000FF
32.19 -64.63 7.09 30.0 -64.27 7.09 0.545 0x0000FF
36.02 -65.91 7.17 32.19 -64.63 7.09 0.545 0x0000FF
40.4 -67.73 7.32 36.02 -65.91 7.17 0.545 0x0000FF
46.42 -70.83 7.32 40.4 -67.73 7.32 0.545 0x0000FF
51.53 -73.2 7.54 46.42 -70.83 7.32 0.545 0x0000FF
54.27 -74.47 7.77 51.53 -73.2 7.54 0.545 0x0000FF
59.38 -78.12 8.68 54.27 -74.47 7.77 0.545 0x0000FF
61.93 -78.84 8.83 59.38 -78.12 8.68 0.545 0x0000FF
63.57 -79.2 8.98 61.93 -78.84 8.83 0.545 0x0000FF
65.22 -79.2 9.14 63.57 -79.2 8.98 0.545 0x0000FF
66.86 -79.2 9.36 65.22 -79.2 9.14 0.545 0x0000FF
68.5 -79.2 9.59 66.86 -79.2 9.36 0.545 0x0000FF
72.15 -80.67 10.27 68.5 -79.2 9.59 0.545 0x0000FF
72.7 -81.4 10.57 72.15 -80.67 10.27 0.545 0x0000FF
74.16 -82.49 10.73 72.7 -81.4 10.57 0.545 0x0000FF
76.7 -85.04 11.33 74.16 -82.49 10.73 0.545 0x0000FF
77.44 -85.22 12.09 76.7 -85.04 11.33 0.545 0x0000FF
79.08 -85.4 10.35 77.44 -85.22 12.09 0.545 0x0000FF
80.54 -85.59 9.21 79.08 -85.4 10.35 0.545 0x0000FF
83.28 -85.95 8.3 80.54 -85.59 9.21 0.545 0x0000FF
85.65 -86.86 7.7 83.28 -85.95 8.3 0.545 0x0000FF
86.75 -87.04 8.44 85.65 -86.86 7.7 0.545 0x0000FF
87.29 -87.04 9.28 86.75 -87.04 8.44 0.545 0x0000FF
87.84 -87.04 9.89 87.29 -87.04 9.28 0.545 0x0000FF
90.03 -87.95 9.06 87.84 -87.04 9.89 0.455 0x0000FF
92.58 -88.87 9.06 90.03 -87.95 9.06 0.455 0x0000FF
93.13 -89.23 9.06 92.58 -88.87 9.06 0.365 0x0000FF
94.41 -89.59 9.06 93.13 -89.23 9.06 0.365 0x0000FF
96.78 -89.96 9.06 94.41 -89.59 9.06 0.365 0x0000FF
19.05 -57.89 6.33 17.41 -59.35 6.64 0.455 0x0000FF
18.69 -56.98 5.5 19.05 -57.89 6.33 0.455 0x0000FF
19.05 -55.52 4.97 18.69 -56.98 5.5 0.455 0x0000FF
19.79 -54.43 4.51 19.05 -55.52 4.97 0.455 0x0000FF
21.06 -53.7 4.21 19.79 -54.43 4.51 0.365 0x0000FF
22.34 -53.34 3.83 21.06 -53.7 4.21 0.365 0x0000FF
23.62 -52.97 4.13 22.34 -53.34 3.83 0.365 0x0000FF
24.35 -52.43 4.74 23.62 -52.97 4.13 0.365 0x0000FF
25.26 -51.51 3.91 24.35 -52.43 4.74 0.365 0x0000FF
26.9 -50.79 3.68 25.26 -51.51 3.91 0.275 0x0000FF
-24.72 -41.67 0.05 -32.04 -48.44 -7.76 1.64 0x0000FF
-22.53 -40.03 0.2 -24.72 -41.67 0.05 1.64 0x0000FF
-21.62 -39.11 1.03 -22.53 -40.03 0.2 1.64 0x0000FF
-20.34 -38.21 1.18 -21.62 -39.11 1.03 1.64 0x0000FF
-18.52 -36.75 1.48 -20.34 -38.21 1.18 1.64 0x0000FF
-17.42 -35.29 2.0 -18.52 -36.75 1.48 1.64 0x0000FF
-16.64 -31.66 4.59 -17.42 -35.29 2.0 1.37 0x0000FF
-16.42 -30.52 3.23 -16.64 -31.66 4.59 0.545 0x0000FF
-16.05 -29.42 3.98 -16.42 -30.52 3.23 0.545 0x0000FF
-15.87 -28.33 4.44 -16.05 -29.42 3.98 0.545 0x0000FF
-15.69 -27.42 5.12 -15.87 -28.33 4.44 0.545 0x0000FF
-14.77 -25.23 6.41 -15.69 -27.42 5.12 0.455 0x0000FF
-13.68 -24.32 6.48 -14.77 -25.23 6.41 0.455 0x0000FF
-16.82 -28.38 4.59 -16.64 -31.66 4.59 0.91 0x0000FF
-17.37 -25.83 4.36 -16.82 -28.38 4.59 0.82 0x0000FF
-17.32 -25.41 4.36 -17.37 -25.83 4.36 0.82 0x0000FF
-17.14 -25.6 3.68 -17.32 -25.41 4.36 0.455 0x0000FF
-17.87 -25.41 3.38 -17.14 -25.6 3.68 0.455 0x0000FF
-18.6 -23.78 2.09 -17.87 -25.41 3.38 0.455 0x0000FF
-19.52 -22.5 1.33 -18.6 -23.78 2.09 0.455 0x0000FF
-20.61 -21.59 0.95 -19.52 -22.5 1.33 0.455 0x0000FF
-21.34 -20.86 0.05 -20.61 -21.59 0.95 0.455 0x0000FF
-22.25 -19.39 -0.94 -21.34 -20.86 0.05 0.455 0x0000FF
-22.98 -18.67 -2.23 -22.25 -19.39 -0.94 0.455 0x0000FF
-23.71 -17.57 -2.83 -22.98 -18.67 -2.23 0.455 0x0000FF
-24.44 -16.85 -3.36 -23.71 -17.57 -2.83 0.455 0x0000FF
-24.99 -16.12 -4.12 -24.44 -16.85 -3.36 0.455 0x0000FF
-25.54 -15.21 -4.95 -24.99 -16.12 -4.12 0.455 0x0000FF
-26.45 -13.94 -6.01 -25.54 -15.21 -4.95 0.455 0x0000FF
-26.82 -12.66 -6.62 -26.45 -13.94 -6.01 0.455 0x0000FF
-27.0 -11.57 -7.38 -26.82 -12.66 -6.62 0.455 0x0000FF
-27.0 -10.47 -8.06 -27.0 -11.57 -7.38 0.455 0x0000FF
-27.0 -9.19 -8.67 -27.0 -10.47 -8.06 0.455 0x0000FF
-27.54 -7.56 -9.35 -27.0 -9.19 -8.67 0.455 0x0000FF
-28.27 -6.47 -9.73 -27.54 -7.56 -9.35 0.455 0x0000FF
-29.0 -5.37 -10.48 -28.27 -6.47 -9.73 0.455 0x0000FF
-31.74 -3.37 -11.24 -29.0 -5.37 -10.48 0.455 0x0000FF
-33.57 -1.73 -11.77 -31.74 -3.37 -11.24 0.455 0x0000FF
-34.84 -0.09 -12.15 -33.57 -1.73 -11.77 0.455 0x0000FF
-36.11 1.73 -12.15 -34.84 -0.09 -12.15 0.455 0x0000FF
-38.67 4.47 -12.91 -36.11 1.73 -12.15 0.455 0x0000FF
-39.59 5.92 -13.29 -38.67 4.47 -12.91 0.455 0x0000FF
-39.95 6.65 -13.97 -39.59 5.92 -13.29 0.455 0x0000FF
-41.59 10.3 -15.26 -39.95 6.65 -13.97 0.455 0x0000FF
-43.6 13.94 -16.39 -41.59 10.3 -15.26 0.455 0x0000FF
-45.43 16.86 -17.14 -43.6 13.94 -16.39 0.455 0x0000FF
-47.98 20.5 -17.38 -45.43 16.86 -17.14 0.455 0x0000FF
-50.53 22.87 -18.29 -47.98 20.5 -17.38 0.455 0x0000FF
-55.28 27.42 -19.27 -50.53 22.87 -18.29 0.365 0x0000FF
-56.37 28.7 -19.27 -55.28 27.42 -19.27 0.365 0x0000FF
-56.92 30.52 -19.35 -56.37 28.7 -19.27 0.365 0x0000FF
-56.74 32.52 -19.35 -56.92 30.52 -19.35 0.365 0x0000FF
-56.01 33.44 -19.35 -56.74 32.52 -19.35 0.365 0x0000FF
-56.92 37.81 -19.35 -56.01 33.44 -19.35 0.365 0x0000FF
-57.1 40.54 -19.35 -56.92 37.81 -19.35 0.365 0x0000FF
-57.47 43.09 -19.5 -57.1 40.54 -19.35 0.365 0x0000FF
-57.47 45.83 -19.73 -57.47 43.09 -19.5 0.365 0x0000FF
-55.83 52.2 -19.73 -57.47 45.83 -19.73 0.365 0x0000FF
-54.73 54.39 -19.73 -55.83 52.2 -19.73 0.365 0x0000FF
-54.18 57.67 -20.18 -54.73 54.39 -19.73 0.365 0x0000FF
-53.82 59.67 -20.26 -54.18 57.67 -20.18 0.365 0x0000FF
-53.45 60.22 -20.41 -53.82 59.67 -20.26 0.365 0x0000FF
-52.72 61.49 -20.56 -53.45 60.22 -20.41 0.365 0x0000FF
-49.96 71.78 -21.32 -52.72 61.49 -20.56 0.365 0x0000FF
-48.68 73.59 -21.62 -49.96 71.78 -21.32 0.365 0x0000FF
-48.31 76.52 -22.23 -48.68 73.59 -21.62 0.365 0x0000FF
-48.5 78.7 -22.98 -48.31 76.52 -22.23 0.365 0x0000FF
-48.5 80.7 -23.36 -48.5 78.7 -22.98 0.365 0x0000FF
-48.31 82.71 -23.66 -48.5 80.7 -23.36 0.365 0x0000FF
-48.13 84.17 -24.19 -48.31 82.71 -23.66 0.365 0x0000FF
-47.4 85.81 -24.65 -48.13 84.17 -24.19 0.365 0x0000FF
-47.04 87.27 -25.03 -47.4 85.81 -24.65 0.365 0x0000FF
-46.49 89.27 -25.86 -47.04 87.27 -25.03 0.365 0x0000FF
-46.31 90.0 -26.77 -46.49 89.27 -25.86 0.365 0x0000FF
-46.31 91.09 -27.22 -46.31 90.0 -26.77 0.365 0x0000FF
-46.49 92.55 -26.47 -46.31 91.09 -27.22 0.365 0x0000FF
-46.85 93.46 -25.86 -46.49 92.55 -26.47 0.365 0x0000FF
-54.0 40.54 -19.35 -56.01 33.44 -19.35 0.365 0x0000FF
-54.18 42.0 -19.35 -54.0 40.54 -19.35 0.365 0x0000FF
-54.18 42.73 -19.35 -54.18 42.0 -19.35 0.365 0x0000FF
-53.45 43.82 -19.35 -54.18 42.73 -19.35 0.365 0x0000FF
-17.37 -23.83 4.21 -17.32 -25.41 4.36 0.82 0x0000FF
-17.55 -21.28 4.88 -17.37 -23.83 4.21 0.73 0x0000FF
-18.1 -19.64 3.68 -17.55 -21.28 4.88 0.73 0x0000FF
-18.82 -16.17 3.3 -18.1 -19.64 3.68 0.73 0x0000FF
-19.02 -11.98 2.62 -18.82 -16.17 3.3 0.73 0x0000FF
-22.85 -5.05 2.54 -19.02 -11.98 2.62 0.64 0x0000FF
-23.4 -3.24 2.39 -22.85 -5.05 2.54 0.64 0x0000FF
-24.49 2.59 3.15 -23.4 -3.24 2.39 0.64 0x0000FF
-24.67 4.96 3.61 -24.49 2.59 3.15 0.64 0x0000FF
-25.04 6.96 4.05 -24.67 4.96 3.61 0.64 0x0000FF
-25.22 9.33 4.44 -25.04 6.96 4.05 0.64 0x0000FF
-25.4 13.89 5.27 -25.22 9.33 4.44 0.545 0x0000FF
-25.04 15.35 5.73 -25.4 13.89 5.27 0.545 0x0000FF
-24.67 17.35 6.03 -25.04 15.35 5.73 0.545 0x0000FF
-23.03 23.0 6.48 -24.67 17.35 6.03 0.545 0x0000FF
-23.4 26.28 6.56 -23.03 23.0 6.48 0.545 0x0000FF
-24.13 31.38 6.86 -23.4 26.28 6.56 0.545 0x0000FF
-26.13 34.47 7.62 -24.13 31.38 6.86 0.545 0x0000FF
-31.06 43.04 8.0 -26.13 34.47 7.62 0.545 0x0000FF
-32.52 46.32 8.38 -31.06 43.04 8.0 0.545 0x0000FF
-35.07 51.97 8.52 -32.52 46.32 8.38 0.545 0x0000FF
-36.17 55.25 8.76 -35.07 51.97 8.52 0.545 0x0000FF
-41.54 72.64 9.36 -36.17 55.25 8.76 0.545 0x0000FF
-44.27 78.65 9.36 -41.54 72.64 9.36 0.545 0x0000FF
-44.82 81.02 8.52 -44.27 78.65 9.36 0.545 0x0000FF
-45.19 84.85 8.0 -44.82 81.02 8.52 0.545 0x0000FF
-45.73 88.85 7.77 -45.19 84.85 8.0 0.545 0x0000FF
-46.28 90.86 7.47 -45.73 88.85 7.77 0.545 0x0000FF
-46.64 92.86 7.24 -46.28 90.86 7.47 0.545 0x0000FF
-47.37 95.23 7.17 -46.64 92.86 7.24 0.545 0x0000FF
-47.74 96.51 7.17 -47.37 95.23 7.17 0.545 0x0000FF
-47.74 97.05 6.94 -47.74 96.51 7.17 0.545 0x0000FF
-47.92 97.78 6.71 -47.74 97.05 6.94 0.545 0x0000FF
-47.74 98.88 6.18 -47.92 97.78 6.71 0.545 0x0000FF
-47.56 99.97 5.88 -47.74 98.88 6.18 0.545 0x0000FF
-47.19 101.61 5.42 -47.56 99.97 5.88 0.545 0x0000FF
-47.19 102.52 4.74 -47.19 101.61 5.42 0.545 0x0000FF
-47.01 103.61 3.45 -47.19 102.52 4.74 0.545 0x0000FF
-46.83 104.52 3.08 -47.01 103.61 3.45 0.545 0x0000FF
-46.46 105.25 2.39 -46.83 104.52 3.08 0.545 0x0000FF
-46.1 105.8 1.64 -46.46 105.25 2.39 0.545 0x0000FF
-45.37 108.9 0.12 -46.1 105.8 1.64 0.455 0x0000FF
-45.73 110.54 -0.26 -45.37 108.9 0.12 0.455 0x0000FF
-46.1 111.63 -0.56 -45.73 110.54 -0.26 0.455 0x0000FF
-46.1 112.72 -1.47 -46.1 111.63 -0.56 0.455 0x0000FF
-45.92 113.27 -2.23 -46.1 112.72 -1.47 0.455 0x0000FF
-45.37 114.0 -2.83 -45.92 113.27 -2.23 0.455 0x0000FF
-42.45 115.09 -3.29 -45.37 114.0 -2.83 0.455 0x0000FF
-42.27 116.55 -3.67 -42.45 115.09 -3.29 0.455 0x0000FF
-42.08 117.82 -4.05 -42.27 116.55 -3.67 0.455 0x0000FF
-42.81 119.28 -4.12 -42.08 117.82 -4.05 0.455 0x0000FF
-43.36 120.56 -4.42 -42.81 119.28 -4.12 0.455 0x0000FF
-43.73 124.2 -4.8 -43.36 120.56 -4.42 0.455 0x0000FF
-43.73 125.29 -4.88 -43.73 124.2 -4.8 0.455 0x0000FF
-43.73 126.02 -5.64 -43.73 125.29 -4.88 0.455 0x0000FF
-43.73 126.57 -7.15 -43.73 126.02 -5.64 0.455 0x0000FF
-43.54 127.3 -8.21 -43.73 126.57 -7.15 0.455 0x0000FF
-43.54 127.85 -9.19 -43.54 127.3 -8.21 0.455 0x0000FF
-43.54 128.57 -11.47 -43.54 127.85 -9.19 0.455 0x0000FF
-43.36 131.13 -12.3 -43.54 128.57 -11.47 0.455 0x0000FF
-43.73 131.66 -12.83 -43.36 131.13 -12.3 0.455 0x0000FF
-44.46 132.4 -13.74 -43.73 131.66 -12.83 0.455 0x0000FF
-46.1 134.22 -14.42 -44.46 132.4 -13.74 0.455 0x0000FF
-47.37 135.13 -14.95 -46.1 134.22 -14.42 0.455 0x0000FF
-49.93 136.59 -15.41 -47.37 135.13 -14.95 0.455 0x0000FF
-51.75 139.87 -16.7 -49.93 136.59 -15.41 0.455 0x0000FF
-52.67 143.33 -17.82 -51.75 139.87 -16.7 0.455 0x0000FF
-53.03 145.15 -18.73 -52.67 143.33 -17.82 0.455 0x0000FF
-53.21 146.61 -19.57 -53.03 145.15 -18.73 0.455 0x0000FF
-54.52 149.63 -32.15 -53.21 146.61 -19.57 0.275 0x0000FF
-12.13 -32.56 2.31 -17.42 -35.29 2.0 1.185 0x0000FF
-10.11 -32.01 2.62 -12.13 -32.56 2.31 1.185 0x0000FF
-9.89 -31.3 3.98 -10.11 -32.01 2.62 1.095 0x0000FF
-9.71 -30.39 4.44 -9.89 -31.3 3.98 1.005 0x0000FF
-8.98 -28.93 4.59 -9.71 -30.39 4.44 0.91 0x0000FF
-8.43 -27.65 4.97 -8.98 -28.93 4.59 0.91 0x0000FF
-7.89 -26.38 5.12 -8.43 -27.65 4.97 0.91 0x0000FF
-7.34 -25.47 5.12 -7.89 -26.38 5.12 0.91 0x0000FF
-6.98 -25.1 5.12 -7.34 -25.47 5.12 0.91 0x0000FF
-6.43 -23.83 5.8 -6.98 -25.1 5.12 0.64 0x0000FF
-5.7 -23.46 5.42 -6.43 -23.83 5.8 0.64 0x0000FF
-5.15 -23.28 4.29 -5.7 -23.46 5.42 0.64 0x0000FF
-3.33 -22.19 3.38 -5.15 -23.28 4.29 0.64 0x0000FF
-2.6 -22.01 2.7 -3.33 -22.19 3.38 0.545 0x0000FF
-1.87 -21.64 2.09 -2.6 -22.01 2.7 0.545 0x0000FF
-1.13 -21.28 0.95 -1.87 -21.64 2.09 0.545 0x0000FF
2.33 -19.64 0.2 -1.13 -21.28 0.95 0.545 0x0000FF
4.51 -18.36 -0.64 2.33 -19.64 0.2 0.545 0x0000FF
7.07 -16.89 -1.47 4.51 -18.36 -0.64 0.545 0x0000FF
8.9 -14.72 -0.11 7.07 -16.89 -1.47 0.545 0x0000FF
9.44 -14.35 0.65 8.9 -14.72 -0.11 0.545 0x0000FF
10.72 -13.08 1.41 9.44 -14.35 0.65 0.545 0x0000FF
13.82 -11.62 0.88 10.72 -13.08 1.41 0.545 0x0000FF
16.2 -10.53 1.26 13.82 -11.62 0.88 0.545 0x0000FF
18.2 -9.25 1.79 16.2 -10.53 1.26 0.545 0x0000FF
21.67 -7.25 2.39 18.2 -9.25 1.79 0.545 0x0000FF
24.04 -5.61 2.39 21.67 -7.25 2.39 0.545 0x0000FF
24.95 -5.42 1.18 24.04 -5.61 2.39 0.455 0x0000FF
25.87 -5.05 0.73 24.95 -5.42 1.18 0.455 0x0000FF
26.41 -4.88 -0.26 25.87 -5.05 0.73 0.455 0x0000FF
27.33 -4.7 -1.02 26.41 -4.88 -0.26 0.455 0x0000FF
28.24 -4.51 -1.77 27.33 -4.7 -1.02 0.455 0x0000FF
29.15 -4.33 -2.08 28.24 -4.51 -1.77 0.455 0x0000FF
30.61 -3.97 -2.76 29.15 -4.33 -2.08 0.455 0x0000FF
32.07 -3.97 -3.21 30.61 -3.97 -2.76 0.455 0x0000FF
34.08 -3.6 -3.51 32.07 -3.97 -3.21 0.455 0x0000FF
35.35 -3.24 -3.67 34.08 -3.6 -3.51 0.455 0x0000FF
37.0 -2.5 -4.12 35.35 -3.24 -3.67 0.365 0x0000FF
38.09 -1.96 -4.65 37.0 -2.5 -4.12 0.365 0x0000FF
39.19 -1.78 -5.33 38.09 -1.96 -4.65 0.365 0x0000FF
40.1 -1.6 -5.94 39.19 -1.78 -5.33 0.365 0x0000FF
40.83 -1.23 -6.01 40.1 -1.6 -5.94 0.365 0x0000FF
43.38 -0.69 -6.39 40.83 -1.23 -6.01 0.365 0x0000FF
45.39 0.22 -6.62 43.38 -0.69 -6.39 0.365 0x0000FF
47.03 1.12 -7.08 45.39 0.22 -6.62 0.365 0x0000FF
48.13 2.04 -7.3 47.03 1.12 -7.08 0.365 0x0000FF
-8.66 -32.01 3.0 -10.11 -32.01 2.62 0.82 0x0000FF
-7.75 -32.38 3.45 -8.66 -32.01 3.0 0.82 0x0000FF
-6.84 -33.11 3.91 -7.75 -32.38 3.45 0.82 0x0000FF
-4.83 -34.02 4.05 -6.84 -33.11 3.91 0.82 0x0000FF
-2.82 -35.11 4.36 -4.83 -34.02 4.05 0.82 0x0000FF
-0.09 -35.65 4.74 -2.82 -35.11 4.36 0.82 0x0000FF
2.47 -35.84 4.82 -0.09 -35.65 4.74 0.73 0x0000FF
3.93 -36.02 5.04 2.47 -35.84 4.82 0.73 0x0000FF
5.75 -36.21 5.12 3.93 -36.02 5.04 0.73 0x0000FF
7.21 -36.21 5.42 5.75 -36.21 5.12 0.73 0x0000FF
7.58 -36.21 5.58 7.21 -36.21 5.42 0.73 0x0000FF
8.11 -36.21 4.44 7.58 -36.21 5.58 0.73 0x0000FF
8.85 -36.21 4.59 8.11 -36.21 4.44 0.73 0x0000FF
10.13 -36.21 4.67 8.85 -36.21 4.59 0.73 0x0000FF
11.22 -36.21 6.11 10.13 -36.21 4.67 0.73 0x0000FF
12.14 -36.21 6.41 11.22 -36.21 6.11 0.73 0x0000FF
13.05 -35.57 5.73 12.14 -36.21 6.41 0.545 0x0000FF
14.51 -34.47 5.2 13.05 -35.57 5.73 0.545 0x0000FF
15.79 -33.93 4.67 14.51 -34.47 5.2 0.545 0x0000FF
16.52 -33.2 4.36 15.79 -33.93 4.67 0.545 0x0000FF
17.43 -32.29 3.76 16.52 -33.2 4.36 0.545 0x0000FF
17.61 -31.56 2.39 17.43 -32.29 3.76 0.545 0x0000FF
18.34 -29.92 1.86 17.61 -31.56 2.39 0.455 0x0000FF
18.52 -29.19 1.56 18.34 -29.92 1.86 0.455 0x0000FF
19.25 -28.46 1.03 18.52 -29.19 1.56 0.365 0x0000FF
20.17 -27.74 0.95 19.25 -28.46 1.03 0.365 0x0000FF
23.81 -25.0 0.42 20.17 -27.74 0.95 0.365 0x0000FF
24.0 -24.27 0.35 23.81 -25.0 0.42 0.365 0x0000FF
25.46 -23.18 0.05 24.0 -24.27 0.35 0.365 0x0000FF
27.51 -22.73 0.12 25.46 -23.18 0.05 0.365 0x0000FF
30.79 -22.55 0.12 27.51 -22.73 0.12 0.365 0x0000FF
31.7 -22.19 0.12 30.79 -22.55 0.12 0.365 0x0000FF
32.43 -22.01 0.73 31.7 -22.19 0.12 0.365 0x0000FF
32.97 -21.46 0.57 32.43 -22.01 0.73 0.365 0x0000FF
33.89 -21.09 0.27 32.97 -21.46 0.57 0.365 0x0000FF
34.99 -20.73 0.05 33.89 -21.09 0.27 0.365 0x0000FF
35.72 -20.55 -0.26 34.99 -20.73 0.05 0.365 0x0000FF
36.63 -19.82 -0.94 35.72 -20.55 -0.26 0.365 0x0000FF
37.36 -19.09 -1.62 36.63 -19.82 -0.94 0.365 0x0000FF
38.27 -18.0 -2.52 37.36 -19.09 -1.62 0.365 0x0000FF
38.64 -17.45 -2.91 38.27 -18.0 -2.52 0.365 0x0000FF
39.54 -16.17 -3.59 38.64 -17.45 -2.91 0.365 0x0000FF
40.1 -14.72 -4.26 39.54 -16.17 -3.59 0.365 0x0000FF
40.28 -13.99 -5.18 40.1 -14.72 -4.26 0.365 0x0000FF
40.65 -12.53 -6.09 40.28 -13.99 -5.18 0.365 0x0000FF
41.74 -10.16 -6.32 40.65 -12.53 -6.09 0.365 0x0000FF
42.65 -8.34 -6.85 41.74 -10.16 -6.32 0.365 0x0000FF
43.2 -6.88 -7.38 42.65 -8.34 -6.85 0.365 0x0000FF
44.66 -3.42 -7.83 43.2 -6.88 -7.38 0.365 0x0000FF
45.75 -0.51 -8.06 44.66 -3.42 -7.83 0.365 0x0000FF
47.21 1.5 -8.51 45.75 -0.51 -8.06 0.365 0x0000FF
49.22 3.5 -8.89 47.21 1.5 -8.51 0.365 0x0000FF
53.05 6.24 -9.35 49.22 3.5 -8.89 0.365 0x0000FF
56.15 7.69 -9.57 53.05 6.24 -9.35 0.365 0x0000FF
58.53 8.06 -9.94 56.15 7.69 -9.57 0.365 0x0000FF
59.8 8.42 -10.41 58.53 8.06 -9.94 0.365 0x0000FF
61.26 8.42 -10.71 59.8 8.42 -10.41 0.365 0x0000FF
62.17 8.24 -10.02 61.26 8.42 -10.71 0.365 0x0000FF
64.0 7.88 -9.73 62.17 8.24 -10.02 0.365 0x0000FF
65.45 7.51 -8.82 64.0 7.88 -9.73 0.365 0x0000FF
66.19 7.15 -8.06 65.45 7.51 -8.82 0.365 0x0000FF
66.92 6.6 -7.61 66.19 7.15 -8.06 0.365 0x0000FF
68.01 6.05 -6.92 66.92 6.6 -7.61 0.365 0x0000FF
69.47 4.78 -6.32 68.01 6.05 -6.92 0.365 0x0000FF
69.84 4.23 -5.86 69.47 4.78 -6.32 0.365 0x0000FF
14.69 -37.65 5.42 12.14 -36.21 6.41 0.64 0x0000FF
15.24 -37.84 5.12 14.69 -37.65 5.42 0.64 0x0000FF
15.97 -38.57 4.59 15.24 -37.84 5.12 0.64 0x0000FF
17.05 -39.85 4.21 15.97 -38.57 4.59 0.64 0x0000FF
18.34 -40.76 4.36 17.05 -39.85 4.21 0.64 0x0000FF
19.62 -41.85 5.2 18.34 -40.76 4.36 0.64 0x0000FF
21.81 -43.49 5.2 19.62 -41.85 5.2 0.64 0x0000FF
23.81 -45.13 5.8 21.81 -43.49 5.2 0.64 0x0000FF
25.64 -46.77 6.64 23.81 -45.13 5.8 0.64 0x0000FF
27.83 -48.96 7.24 25.64 -46.77 6.64 0.545 0x0000FF
29.47 -51.15 7.39 27.83 -48.96 7.24 0.545 0x0000FF
31.84 -52.97 7.62 29.47 -51.15 7.39 0.545 0x0000FF
34.94 -54.97 8.07 31.84 -52.97 7.62 0.545 0x0000FF
45.34 -58.25 8.15 34.94 -54.97 8.07 0.545 0x0000FF
56.29 -59.53 8.0 45.34 -58.25 8.15 0.545 0x0000FF
61.95 -59.53 7.62 56.29 -59.53 8.0 0.545 0x0000FF
66.14 -58.8 7.24 61.95 -59.53 7.62 0.545 0x0000FF
69.43 -59.16 7.09 66.14 -58.8 7.24 0.545 0x0000FF
75.81 -61.53 7.01 69.43 -59.16 7.09 0.545 0x0000FF
91.32 -65.72 6.71 75.81 -61.53 7.01 0.545 0x0000FF
96.79 -67.73 6.56 91.32 -65.72 6.71 0.545 0x0000FF
97.52 -67.91 6.64 96.79 -67.73 6.56 0.545 0x0000FF
98.62 -68.27 7.39 97.52 -67.91 6.64 0.545 0x0000FF
99.9 -68.81 7.54 98.62 -68.27 7.39 0.545 0x0000FF
105.19 -70.28 8.0 99.9 -68.81 7.54 0.545 0x0000FF
109.38 -71.37 8.15 105.19 -70.28 8.0 0.545 0x0000FF
111.39 -71.83 9.06 109.38 -71.37 8.15 0.455 0x0000FF
113.22 -72.92 9.44 111.39 -71.83 9.06 0.455 0x0000FF
114.49 -73.47 9.67 113.22 -72.92 9.44 0.455 0x0000FF
116.5 -75.11 10.19 114.49 -73.47 9.67 0.455 0x0000FF
118.51 -76.02 10.8 116.5 -75.11 10.19 0.365 0x0000FF
121.24 -76.56 11.03 118.51 -76.02 10.8 0.365 0x0000FF
123.98 -78.56 11.71 121.24 -76.56 11.03 0.365 0x0000FF
124.53 -79.3 12.47 123.98 -78.56 11.71 0.365 0x0000FF
125.44 -80.39 12.92 124.53 -79.3 12.47 0.365 0x0000FF
127.08 -81.67 13.68 125.44 -80.39 12.92 0.365 0x0000FF
128.72 -83.12 14.29 127.08 -81.67 13.68 0.365 0x0000FF
129.27 -84.03 14.82 128.72 -83.12 14.29 0.365 0x0000FF
129.63 -84.76 15.8 129.27 -84.03 14.82 0.365 0x0000FF
129.27 -85.86 16.94 129.63 -84.76 15.8 0.365 0x0000FF
128.91 -87.13 16.94 129.27 -85.86 16.94 0.365 0x0000FF
-30.98 -38.88 -3.67 -32.04 -48.44 -7.76 1.005 0x0000FF
-31.16 -35.96 -3.67 -30.98 -38.88 -3.67 1.005 0x0000FF
-31.89 -31.95 -3.67 -31.16 -35.96 -3.67 1.005 0x0000FF
-32.26 -26.67 -3.67 -31.89 -31.95 -3.67 1.005 0x0000FF
-31.57 -21.44 -3.36 -32.26 -26.67 -3.67 1.005 0x0000FF
-31.75 -19.25 -3.44 -31.57 -21.44 -3.36 1.005 0x0000FF
-31.93 -17.43 -3.89 -31.75 -19.25 -3.44 1.005 0x0000FF
-32.29 -15.06 -4.5 -31.93 -17.43 -3.89 1.005 0x0000FF
-32.85 -12.69 -4.73 -32.29 -15.06 -4.5 1.005 0x0000FF
-33.57 -8.86 -4.88 -32.85 -12.69 -4.73 1.005 0x0000FF
-34.49 -4.86 -4.95 -33.57 -8.86 -4.88 0.91 0x0000FF
-34.67 -3.77 -5.18 -34.49 -4.86 -4.95 0.91 0x0000FF
-34.85 -2.31 -5.48 -34.67 -3.77 -5.18 0.91 0x0000FF
-34.49 -0.67 -5.71 -34.85 -2.31 -5.48 0.91 0x0000FF
-34.29 0.24 -5.41 -34.49 -0.67 -5.71 0.91 0x0000FF
-34.11 0.79 -4.73 -34.29 0.24 -5.41 0.91 0x0000FF
-33.76 1.14 -4.2 -34.11 0.79 -4.73 0.91 0x0000FF
-33.39 2.06 -3.67 -33.76 1.14 -4.2 0.91 0x0000FF
-32.65 3.16 -3.51 -33.39 2.06 -3.67 0.91 0x0000FF
-32.11 4.43 -3.36 -32.65 3.16 -3.51 0.91 0x0000FF
-31.75 5.34 -3.14 -32.11 4.43 -3.36 0.91 0x0000FF
-31.2 5.77 -3.21 -31.75 5.34 -3.14 0.455 0x0000FF
-30.29 6.5 -2.83 -31.2 5.77 -3.21 0.455 0x0000FF
-29.56 6.68 -2.45 -30.29 6.5 -2.83 0.455 0x0000FF
-29.19 7.05 -1.39 -29.56 6.68 -2.45 0.455 0x0000FF
-28.64 7.05 -0.86 -29.19 7.05 -1.39 0.455 0x0000FF
-28.1 7.23 -0.33 -28.64 7.05 -0.86 0.455 0x0000FF
-27.55 7.23 0.5 -28.1 7.23 -0.33 0.455 0x0000FF
-27.0 7.41 1.71 -27.55 7.23 0.5 0.455 0x0000FF
-25.72 7.05 2.47 -27.0 7.41 1.71 0.455 0x0000FF
-25.36 7.05 2.92 -25.72 7.05 2.47 0.455 0x0000FF
-24.99 7.05 3.45 -25.36 7.05 2.92 0.455 0x0000FF
-23.35 6.68 4.21 -24.99 7.05 3.45 0.365 0x0000FF
-22.26 6.14 4.97 -23.35 6.68 4.21 0.365 0x0000FF
-21.35 5.95 5.42 -22.26 6.14 4.97 0.365 0x0000FF
-19.89 5.59 5.73 -21.35 5.95 5.42 0.365 0x0000FF
-18.79 5.23 5.88 -19.89 5.59 5.73 0.365 0x0000FF
-17.88 5.23 6.11 -18.79 5.23 5.88 0.365 0x0000FF
-16.05 7.41 6.64 -17.88 5.23 6.11 0.365 0x0000FF
-16.05 8.32 6.64 -16.05 7.41 6.64 0.365 0x0000FF
-15.69 9.05 7.09 -16.05 8.32 6.64 0.365 0x0000FF
-15.14 9.6 7.7 -15.69 9.05 7.09 0.365 0x0000FF
-13.68 10.15 7.77 -15.14 9.6 7.7 0.365 0x0000FF
-12.41 10.15 8.0 -13.68 10.15 7.77 0.365 0x0000FF
-11.13 10.87 8.3 -12.41 10.15 8.0 0.365 0x0000FF
-10.22 12.15 8.52 -11.13 10.87 8.3 0.365 0x0000FF
-9.3 13.97 8.61 -10.22 12.15 8.52 0.365 0x0000FF
-8.94 15.25 8.68 -9.3 13.97 8.61 0.365 0x0000FF
-9.11 17.07 8.76 -8.94 15.25 8.68 0.365 0x0000FF
-9.49 18.16 8.91 -9.11 17.07 8.76 0.365 0x0000FF
-16.97 5.04 8.98 -17.88 5.23 6.11 0.365 0x0000FF
-16.23 5.23 9.06 -16.97 5.04 8.98 0.365 0x0000FF
-15.32 5.23 10.27 -16.23 5.23 9.06 0.365 0x0000FF
-14.78 4.86 10.5 -15.32 5.23 10.27 0.365 0x0000FF
-13.86 4.5 10.88 -14.78 4.86 10.5 0.365 0x0000FF
-12.59 3.59 11.41 -13.86 4.5 10.88 0.365 0x0000FF
-11.68 2.86 11.79 -12.59 3.59 11.41 0.365 0x0000FF
-10.95 2.31 12.17 -11.68 2.86 11.79 0.365 0x0000FF
-10.58 1.76 12.32 -10.95 2.31 12.17 0.365 0x0000FF
-10.22 1.4 12.77 -10.58 1.76 12.32 0.365 0x0000FF
-9.85 0.67 13.53 -10.22 1.4 12.77 0.365 0x0000FF
-9.67 -0.06 14.21 -9.85 0.67 13.53 0.365 0x0000FF
-9.3 -0.79 14.82 -9.67 -0.06 14.21 0.365 0x0000FF
-9.11 -1.7 15.2 -9.3 -0.79 14.82 0.365 0x0000FF
-9.11 -2.24 15.95 -9.11 -1.7 15.2 0.365 0x0000FF
-8.76 -3.7 16.71 -9.11 -2.24 15.95 0.365 0x0000FF
-8.76 -4.61 17.23 -8.76 -3.7 16.71 0.365 0x0000FF
-8.57 -5.16 17.92 -8.76 -4.61 17.23 0.365 0x0000FF
-8.39 -5.89 18.53 -8.57 -5.16 17.92 0.365 0x0000FF
-8.39 -6.62 19.13 -8.39 -5.89 18.53 0.365 0x0000FF
-8.57 -6.98 20.04 -8.39 -6.62 19.13 0.365 0x0000FF
-8.57 -7.35 20.65 -8.57 -6.98 20.04 0.365 0x0000FF
-8.57 -8.07 21.1 -8.57 -7.35 20.65 0.365 0x0000FF
-8.39 -8.99 21.56 -8.57 -8.07 21.1 0.365 0x0000FF
-7.84 -10.26 22.47 -8.39 -8.99 21.56 0.365 0x0000FF
-7.66 -11.17 23.22 -7.84 -10.26 22.47 0.365 0x0000FF
-6.93 -12.08 24.36 -7.66 -11.17 23.22 0.365 0x0000FF
-6.38 -12.81 24.59 -6.93 -12.08 24.36 0.365 0x0000FF
-5.65 -13.9 25.65 -6.38 -12.81 24.59 0.365 0x0000FF
-4.92 -14.82 26.1 -5.65 -13.9 25.65 0.365 0x0000FF
-3.47 -15.73 26.63 -4.92 -14.82 26.1 0.365 0x0000FF
-1.82 -16.27 27.16 -3.47 -15.73 26.63 0.365 0x0000FF
-0.36 -16.64 27.54 -1.82 -16.27 27.16 0.365 0x0000FF
1.28 -17.55 28.0 -0.36 -16.64 27.54 0.365 0x0000FF
2.74 -18.64 29.36 1.28 -17.55 28.0 0.365 0x0000FF
4.01 -19.73 30.42 2.74 -18.64 29.36 0.365 0x0000FF
4.55 -20.28 30.57 4.01 -19.73 30.42 0.365 0x0000FF
5.48 -20.83 31.33 4.55 -20.28 30.57 0.365 0x0000FF
6.39 -21.01 32.61 5.48 -20.83 31.33 0.365 0x0000FF
-32.11 5.89 -2.91 -31.75 5.34 -3.14 0.82 0x0000FF
-32.47 6.8 -2.76 -32.11 5.89 -2.91 0.82 0x0000FF
-33.21 7.71 -2.38 -32.47 6.8 -2.76 0.82 0x0000FF
-34.67 8.81 -2.38 -33.21 7.71 -2.38 0.73 0x0000FF
-35.95 9.52 -3.74 -34.67 8.81 -2.38 0.73 0x0000FF
-36.13 9.72 -5.56 -35.95 9.52 -3.74 0.73 0x0000FF
-36.68 9.9 -6.09 -36.13 9.72 -5.56 0.73 0x0000FF
-37.04 10.26 -7.23 -36.68 9.9 -6.09 0.73 0x0000FF
-37.04 10.26 -9.03 -37.04 10.26 -7.23 0.73 0x0000FF
-37.4 10.45 -9.94 -37.04 10.26 -9.03 0.73 0x0000FF
-37.77 10.99 -10.86 -37.4 10.45 -9.94 0.73 0x0000FF
-38.86 11.79 -10.64 -37.77 10.99 -10.86 0.455 0x0000FF
-39.04 11.97 -10.26 -38.86 11.79 -10.64 0.455 0x0000FF
-39.4 12.15 -10.26 -39.04 11.97 -10.26 0.455 0x0000FF
-39.77 12.33 -11.54 -39.4 12.15 -10.26 0.455 0x0000FF
-41.05 12.7 -12.38 -39.77 12.33 -11.54 0.455 0x0000FF
-42.69 12.7 -12.98 -41.05 12.7 -12.38 0.455 0x0000FF
-43.79 12.7 -13.06 -42.69 12.7 -12.98 0.455 0x0000FF
-45.06 13.06 -13.59 -43.79 12.7 -13.06 0.455 0x0000FF
-46.16 13.79 -13.97 -45.06 13.06 -13.59 0.455 0x0000FF
-46.89 14.52 -14.04 -46.16 13.79 -13.97 0.455 0x0000FF
-50.17 16.16 -14.57 -46.89 14.52 -14.04 0.455 0x0000FF
-51.45 16.52 -14.73 -50.17 16.16 -14.57 0.455 0x0000FF
-53.27 17.07 -14.88 -51.45 16.52 -14.73 0.455 0x0000FF
-54.19 17.25 -15.41 -53.27 17.07 -14.88 0.455 0x0000FF
-55.1 17.8 -16.09 -54.19 17.25 -15.41 0.455 0x0000FF
-56.19 18.16 -16.17 -55.1 17.8 -16.09 0.455 0x0000FF
-57.65 18.71 -16.77 -56.19 18.16 -16.17 0.455 0x0000FF
-59.11 19.26 -17.14 -57.65 18.71 -16.77 0.455 0x0000FF
-60.03 19.62 -17.3 -59.11 19.26 -17.14 0.455 0x0000FF
-60.57 20.17 -17.68 -60.03 19.62 -17.3 0.455 0x0000FF
-61.12 20.71 -18.44 -60.57 20.17 -17.68 0.455 0x0000FF
-62.03 21.44 -19.04 -61.12 20.71 -18.44 0.455 0x0000FF
-62.4 21.62 -19.64 -62.03 21.44 -19.04 0.365 0x0000FF
-65.5 23.26 -20.18 -62.4 21.62 -19.64 0.365 0x0000FF
-67.31 24.36 -20.48 -65.5 23.26 -20.18 0.365 0x0000FF
-68.78 24.9 -20.71 -67.31 24.36 -20.48 0.365 0x0000FF
-70.43 25.09 -21.16 -68.78 24.9 -20.71 0.365 0x0000FF
-71.34 25.27 -21.92 -70.43 25.09 -21.16 0.365 0x0000FF
-72.25 25.63 -22.23 -71.34 25.27 -21.92 0.365 0x0000FF
-73.53 26.36 -22.45 -72.25 25.63 -22.23 0.365 0x0000FF
-75.72 29.46 -22.83 -73.53 26.36 -22.45 0.275 0x0000FF
-78.09 32.01 -23.06 -75.72 29.46 -22.83 0.275 0x0000FF
-38.14 17.0 -11.09 -37.77 10.99 -10.86 0.64 0x0000FF
-38.14 19.19 -11.24 -38.14 17.0 -11.09 0.64 0x0000FF
-38.14 21.01 -11.32 -38.14 19.19 -11.24 0.64 0x0000FF
-38.68 23.56 -11.85 -38.14 21.01 -11.32 0.545 0x0000FF
-39.04 25.02 -11.92 -38.68 23.56 -11.85 0.545 0x0000FF
-39.4 26.11 -12.53 -39.04 25.02 -11.92 0.545 0x0000FF
-39.78 27.75 -13.21 -39.4 26.11 -12.53 0.545 0x0000FF
-40.86 30.67 -13.44 -39.78 27.75 -13.21 0.545 0x0000FF
-42.88 40.33 -13.97 -40.86 30.67 -13.44 0.545 0x0000FF
-43.79 51.8 -14.5 -42.88 40.33 -13.97 0.545 0x0000FF
-43.79 56.36 -14.73 -43.79 51.8 -14.5 0.545 0x0000FF
-43.06 62.01 -14.88 -43.79 56.36 -14.73 0.545 0x0000FF
-42.88 63.65 -15.1 -43.06 62.01 -14.88 0.545 0x0000FF
-43.24 69.36 -15.41 -42.88 63.65 -15.1 0.545 0x0000FF
-43.97 72.45 -15.56 -43.24 69.36 -15.41 0.545 0x0000FF
-44.33 75.37 -15.79 -43.97 72.45 -15.56 0.545 0x0000FF
-44.52 77.73 -16.17 -44.33 75.37 -15.79 0.545 0x0000FF
-44.33 79.93 -16.17 -44.52 77.73 -16.17 0.545 0x0000FF
-43.79 84.12 -16.62 -44.33 79.93 -16.17 0.545 0x0000FF
-43.06 88.13 -17.14 -43.79 84.12 -16.62 0.545 0x0000FF
-43.24 93.41 -17.53 -43.06 88.13 -17.14 0.545 0x0000FF
-43.79 96.33 -18.05 -43.24 93.41 -17.53 0.545 0x0000FF
-44.15 100.7 -18.97 -43.79 96.33 -18.05 0.545 0x0000FF
-45.25 104.89 -19.73 -44.15 100.7 -18.97 0.545 0x0000FF
-46.16 109.99 -20.32 -45.25 104.89 -19.73 0.455 0x0000FF
-45.61 113.45 -21.01 -46.16 109.99 -20.32 0.455 0x0000FF
-45.06 117.64 -22.15 -45.61 113.45 -21.01 0.455 0x0000FF
-44.52 120.92 -22.68 -45.06 117.64 -22.15 0.365 0x0000FF
-43.97 124.2 -23.13 -44.52 120.92 -22.68 0.365 0x0000FF
-43.06 126.94 -23.29 -43.97 124.2 -23.13 0.365 0x0000FF
-41.96 129.3 -23.29 -43.06 126.94 -23.29 0.365 0x0000FF
-34.95 -42.74 -15.86 -32.04 -48.44 -7.76 1.46 0x0000FF
-37.5 -39.46 -15.86 -34.95 -42.74 -15.86 1.46 0x0000FF
-38.22 -39.09 -13.51 -37.5 -39.46 -15.86 1.005 0x0000FF
-39.33 -38.36 -14.35 -38.22 -39.09 -13.51 1.005 0x0000FF
-39.86 -38.18 -16.09 -39.33 -38.36 -14.35 1.005 0x0000FF
-40.42 -37.63 -17.23 -39.86 -38.18 -16.09 1.005 0x0000FF
-40.79 -37.27 -18.89 -40.42 -37.63 -17.23 1.005 0x0000FF
-41.52 -36.36 -21.01 -40.79 -37.27 -18.89 1.005 0x0000FF
-41.52 -36.36 -22.3 -41.52 -36.36 -21.01 1.005 0x0000FF
-42.06 -35.45 -20.94 -41.52 -36.36 -22.3 0.91 0x0000FF
-43.22 -35.52 -29.04 -42.06 -35.45 -20.94 0.73 0x0000FF
-43.95 -34.61 -29.57 -43.22 -35.52 -29.04 0.73 0x0000FF
-44.13 -33.7 -30.33 -43.95 -34.61 -29.57 0.73 0x0000FF
-44.68 -31.87 -30.78 -44.13 -33.7 -30.33 0.64 0x0000FF
-45.95 -30.96 -31.16 -44.68 -31.87 -30.78 0.64 0x0000FF
-46.68 -30.6 -32.9 -45.95 -30.96 -31.16 0.64 0x0000FF
-47.23 -30.24 -34.65 -46.68 -30.6 -32.9 0.64 0x0000FF
-47.96 -30.05 -35.47 -47.23 -30.24 -34.65 0.64 0x0000FF
-48.14 -29.87 -36.84 -47.96 -30.05 -35.47 0.64 0x0000FF
-49.05 -29.32 -38.97 -48.14 -29.87 -36.84 0.64 0x0000FF
-49.97 -28.78 -39.5 -49.05 -29.32 -38.97 0.64 0x0000FF
-50.51 -28.41 -39.95 -49.97 -28.78 -39.5 0.64 0x0000FF
-51.06 -27.87 -40.56 -50.51 -28.41 -39.95 0.64 0x0000FF
-51.61 -26.96 -41.47 -51.06 -27.87 -40.56 0.64 0x0000FF
-52.16 -26.23 -42.68 -51.61 -26.96 -41.47 0.64 0x0000FF
-52.34 -25.68 -43.28 -52.16 -26.23 -42.68 0.64 0x0000FF
-53.07 -24.95 -44.04 -52.34 -25.68 -43.28 0.64 0x0000FF
-53.62 -24.04 -45.33 -53.07 -24.95 -44.04 0.64 0x0000FF
-53.98 -23.31 -47.0 -53.62 -24.04 -45.33 0.64 0x0000FF
-54.16 -22.76 -48.28 -53.98 -23.31 -47.0 0.64 0x0000FF
-54.35 -22.22 -49.72 -54.16 -22.76 -48.28 0.64 0x0000FF
-54.53 -21.67 -49.95 -54.35 -22.22 -49.72 0.64 0x0000FF
-54.53 -20.76 -50.56 -54.53 -21.67 -49.95 0.64 0x0000FF
-54.35 -19.48 -51.46 -54.53 -20.76 -50.56 0.64 0x0000FF
-53.98 -18.57 -51.77 -54.35 -19.48 -51.46 0.64 0x0000FF
-42.24 -30.71 -20.86 -42.06 -35.45 -20.94 0.82 0x0000FF
-42.43 -26.34 -20.86 -42.24 -30.71 -20.86 0.64 0x0000FF
-42.43 -22.51 -21.24 -42.43 -26.34 -20.86 0.64 0x0000FF
-42.61 -18.5 -21.24 -42.43 -22.51 -21.24 0.64 0x0000FF
-44.07 -14.68 -21.24 -42.61 -18.5 -21.24 0.64 0x0000FF
-45.16 -11.58 -21.24 -44.07 -14.68 -21.24 0.64 0x0000FF
-47.35 -8.11 -21.24 -45.16 -11.58 -21.24 0.64 0x0000FF
-51.0 -3.38 -22.0 -47.35 -8.11 -21.24 0.64 0x0000FF
-52.1 -1.56 -22.76 -51.0 -3.38 -22.0 0.64 0x0000FF
-53.37 0.63 -22.83 -52.1 -1.56 -22.76 0.545 0x0000FF
-53.92 2.09 -22.15 -53.37 0.63 -22.83 0.545 0x0000FF
-53.92 3.72 -21.54 -53.92 2.09 -22.15 0.545 0x0000FF
-54.1 5.91 -20.86 -53.92 3.72 -21.54 0.545 0x0000FF
-54.65 8.83 -20.03 -54.1 5.91 -20.86 0.545 0x0000FF
-55.38 11.92 -19.5 -54.65 8.83 -20.03 0.545 0x0000FF
-55.2 14.11 -18.82 -55.38 11.92 -19.5 0.545 0x0000FF
-54.65 16.48 -18.21 -55.2 14.11 -18.82 0.545 0x0000FF
-55.93 25.41 -17.23 -54.65 16.48 -18.21 0.545 0x0000FF
-56.11 27.05 -16.77 -55.93 25.41 -17.23 0.545 0x0000FF
-56.29 33.06 -16.54 -56.11 27.05 -16.77 0.455 0x0000FF
-57.57 38.53 -16.23 -56.29 33.06 -16.54 0.455 0x0000FF
-57.75 41.08 -16.01 -57.57 38.53 -16.23 0.455 0x0000FF
-57.94 43.44 -15.63 -57.75 41.08 -16.01 0.365 0x0000FF
-57.75 43.99 -16.32 -57.94 43.44 -15.63 0.365 0x0000FF
-57.75 44.9 -16.92 -57.75 43.99 -16.32 0.365 0x0000FF
-57.57 47.82 -17.53 -57.75 44.9 -16.92 0.365 0x0000FF
-56.84 50.37 -18.21 -57.57 47.82 -17.53 0.365 0x0000FF
-56.29 52.19 -18.82 -56.84 50.37 -18.21 0.365 0x0000FF
-55.02 53.47 -19.42 -56.29 52.19 -18.82 0.365 0x0000FF
-53.98 61.23 -20.32 -55.02 53.47 -19.42 0.365 0x0000FF
-53.62 62.14 -21.09 -53.98 61.23 -20.32 0.365 0x0000FF
-52.52 64.87 -22.83 -53.62 62.14 -21.09 0.365 0x0000FF
-52.16 66.7 -23.82 -52.52 64.87 -22.83 0.365 0x0000FF
-51.24 68.33 -24.95 -52.16 66.7 -23.82 0.365 0x0000FF
-50.51 70.34 -25.63 -51.24 68.33 -24.95 0.365 0x0000FF
-49.6 72.89 -26.85 -50.51 70.34 -25.63 0.365 0x0000FF
-49.97 76.72 -27.68 -49.6 72.89 -26.85 0.365 0x0000FF
-49.78 80.18 -28.29 -49.97 76.72 -27.68 0.365 0x0000FF
-47.96 85.46 -28.66 -49.78 80.18 -28.29 0.365 0x0000FF
-46.68 94.39 -28.74 -47.96 85.46 -28.66 0.365 0x0000FF
-47.78 100.22 -28.97 -46.68 94.39 -28.74 0.365 0x0000FF
-48.51 104.59 -29.35 -47.78 100.22 -28.97 0.365 0x0000FF
-49.05 108.24 -29.57 -48.51 104.59 -29.35 0.365 0x0000FF
-48.32 111.52 -29.72 -49.05 108.24 -29.57 0.365 0x0000FF
-47.05 113.7 -30.18 -48.32 111.52 -29.72 0.365 0x0000FF
-44.49 115.71 -30.63 -47.05 113.7 -30.18 0.365 0x0000FF
-42.85 116.44 -30.78 -44.49 115.71 -30.63 0.365 0x0000FF
-41.57 117.16 -31.32 -42.85 116.44 -30.78 0.365 0x0000FF
-39.57 118.8 -32.07 -41.57 117.16 -31.32 0.365 0x0000FF
-39.02 121.17 -32.68 -39.57 118.8 -32.07 0.365 0x0000FF
-37.92 122.45 -33.59 -39.02 121.17 -32.68 0.365 0x0000FF
-34.28 124.45 -34.42 -37.92 122.45 -33.59 0.365 0x0000FF
-33.0 124.45 -35.25 -34.28 124.45 -34.42 0.365 0x0000FF
-32.27 125.18 -34.79 -33.0 124.45 -35.25 0.365 0x0000FF
-30.81 127.19 -34.65 -32.27 125.18 -34.79 0.365 0x0000FF
-29.35 131.38 -34.27 -30.81 127.19 -34.65 0.365 0x0000FF
-27.89 135.02 -33.97 -29.35 131.38 -34.27 0.365 0x0000FF
-36.77 -38.72 -15.79 -37.5 -39.46 -15.86 0.91 0x0000FF
-36.22 -38.0 -15.18 -36.77 -38.72 -15.79 0.91 0x0000FF
-36.04 -37.82 -14.73 -36.22 -38.0 -15.18 0.91 0x0000FF
-35.68 -37.09 -14.42 -36.04 -37.82 -14.73 0.91 0x0000FF
-35.31 -36.54 -16.39 -35.68 -37.09 -14.42 0.91 0x0000FF
-34.95 -35.99 -17.45 -35.31 -36.54 -16.39 0.91 0x0000FF
-34.58 -35.27 -19.27 -34.95 -35.99 -17.45 0.91 0x0000FF
-34.03 -34.72 -19.95 -34.58 -35.27 -19.27 0.91 0x0000FF
-33.85 -34.17 -20.32 -34.03 -34.72 -19.95 0.91 0x0000FF
-33.49 -33.99 -18.21 -33.85 -34.17 -20.32 0.455 0x0000FF
-32.76 -33.99 -18.97 -33.49 -33.99 -18.21 0.455 0x0000FF
-32.03 -33.99 -20.79 -32.76 -33.99 -18.97 0.455 0x0000FF
-31.3 -34.17 -22.07 -32.03 -33.99 -20.79 0.455 0x0000FF
-30.93 -34.17 -23.13 -31.3 -34.17 -22.07 0.455 0x0000FF
-30.57 -34.17 -23.97 -30.93 -34.17 -23.13 0.455 0x0000FF
-30.2 -33.99 -26.54 -30.57 -34.17 -23.97 0.455 0x0000FF
-29.11 -33.99 -27.91 -30.2 -33.99 -26.54 0.455 0x0000FF
-28.56 -33.63 -28.59 -29.11 -33.99 -27.91 0.455 0x0000FF
-27.1 -32.9 -29.35 -28.56 -33.63 -28.59 0.365 0x0000FF
-26.92 -32.17 -29.95 -27.1 -32.9 -29.35 0.365 0x0000FF
-26.55 -31.62 -30.86 -26.92 -32.17 -29.95 0.365 0x0000FF
-26.19 -31.44 -32.07 -26.55 -31.62 -30.86 0.365 0x0000FF
-24.36 -31.26 -32.75 -26.19 -31.44 -32.07 0.365 0x0000FF
-23.82 -31.26 -34.35 -24.36 -31.26 -32.75 0.365 0x0000FF
-23.09 -31.99 -34.57 -23.82 -31.26 -34.35 0.365 0x0000FF
-21.99 -32.9 -36.92 -23.09 -31.99 -34.57 0.365 0x0000FF
-21.63 -32.9 -37.97 -21.99 -32.9 -36.92 0.365 0x0000FF
-20.9 -33.08 -39.57 -21.63 -32.9 -37.97 0.365 0x0000FF
-18.16 -33.81 -40.03 -20.9 -33.08 -39.57 0.365 0x0000FF
-15.61 -34.72 -40.78 -18.16 -33.81 -40.03 0.365 0x0000FF
-13.05 -35.45 -41.39 -15.61 -34.72 -40.78 0.365 0x0000FF
-11.78 -36.36 -42.3 -13.05 -35.45 -41.39 0.365 0x0000FF
-7.4 -37.63 -43.28 -11.78 -36.36 -42.3 0.365 0x0000FF
-5.01 -38.9 -43.44 -7.4 -37.63 -43.28 0.365 0x0000FF
-0.28 -39.82 -44.27 -5.01 -38.9 -43.44 0.365 0x0000FF
3.92 -39.82 -45.18 -0.28 -39.82 -44.27 0.365 0x0000FF
5.56 -38.0 -45.03 3.92 -39.82 -45.18 0.365 0x0000FF
7.2 -37.09 -45.1 5.56 -38.0 -45.03 0.365 0x0000FF
11.03 -36.18 -45.1 7.2 -37.09 -45.1 0.365 0x0000FF
13.04 -36.36 -45.1 11.03 -36.18 -45.1 0.365 0x0000FF
7.75 -39.82 -45.56 3.92 -39.82 -45.18 0.365 0x0000FF
9.57 -39.64 -45.93 7.75 -39.82 -45.56 0.365 0x0000FF
11.21 -39.27 -46.31 9.57 -39.64 -45.93 0.365 0x0000FF
-32.94 -32.35 -20.79 -33.85 -34.17 -20.32 0.82 0x0000FF
-32.21 -30.89 -21.24 -32.94 -32.35 -20.79 0.82 0x0000FF
-31.85 -29.8 -21.92 -32.21 -30.89 -21.24 0.73 0x0000FF
-31.3 -29.07 -22.15 -31.85 -29.8 -21.92 0.73 0x0000FF
-30.75 -28.16 -21.85 -31.3 -29.07 -22.15 0.73 0x0000FF
-30.02 -26.7 -21.54 -30.75 -28.16 -21.85 0.73 0x0000FF
-29.84 -25.97 -22.6 -30.02 -26.7 -21.54 0.73 0x0000FF
-29.47 -25.61 -23.13 -29.84 -25.97 -22.6 0.73 0x0000FF
-28.93 -23.79 -23.51 -29.47 -25.61 -23.13 0.73 0x0000FF
-28.38 -22.88 -24.27 -28.93 -23.79 -23.51 0.73 0x0000FF
-27.83 -21.24 -25.26 -28.38 -22.88 -24.27 0.73 0x0000FF
-27.28 -17.41 -25.86 -27.83 -21.24 -25.26 0.73 0x0000FF
-27.28 -15.95 -26.54 -27.28 -17.41 -25.86 0.73 0x0000FF
-27.65 -14.31 -27.38 -27.28 -15.95 -26.54 0.64 0x0000FF
-27.83 -12.86 -28.29 -27.65 -14.31 -27.38 0.64 0x0000FF
-28.01 -11.58 -29.04 -27.83 -12.86 -28.29 0.64 0x0000FF
-28.38 -9.02 -30.56 -28.01 -11.58 -29.04 0.545 0x0000FF
-28.93 -4.11 -30.94 -28.38 -9.02 -30.56 0.545 0x0000FF
-29.29 -1.01 -31.77 -28.93 -4.11 -30.94 0.545 0x0000FF
-29.11 2.09 -33.13 -29.29 -1.01 -31.77 0.545 0x0000FF
-30.02 4.63 -33.81 -29.11 2.09 -33.13 0.545 0x0000FF
-30.75 6.64 -34.42 -30.02 4.63 -33.81 0.545 0x0000FF
-31.48 8.64 -35.25 -30.75 6.64 -34.42 0.545 0x0000FF
-31.85 11.38 -36.01 -31.48 8.64 -35.25 0.545 0x0000FF
-32.57 14.29 -37.15 -31.85 11.38 -36.01 0.545 0x0000FF
-33.11 16.11 -38.89 -32.57 14.29 -37.15 0.545 0x0000FF
-34.76 19.03 -40.56 -33.11 16.11 -38.89 0.545 0x0000FF
-36.22 21.22 -41.47 -34.76 19.03 -40.56 0.545 0x0000FF
-38.78 24.68 -43.66 -36.22 21.22 -41.47 0.545 0x0000FF
-40.97 27.78 -44.65 -38.78 24.68 -43.66 0.455 0x0000FF
-41.52 29.23 -45.25 -40.97 27.78 -44.65 0.455 0x0000FF
-42.43 31.6 -46.69 -41.52 29.23 -45.25 0.455 0x0000FF
-43.16 32.88 -46.69 -42.43 31.6 -46.69 0.455 0x0000FF
-44.25 33.24 -46.69 -43.16 32.88 -46.69 0.455 0x0000FF
-46.08 32.88 -46.69 -44.25 33.24 -46.69 0.455 0x0000FF
-46.99 31.97 -46.77 -46.08 32.88 -46.69 0.455 0x0000FF
-47.72 31.24 -47.0 -46.99 31.97 -46.77 0.455 0x0000FF
-48.45 29.6 -47.0 -47.72 31.24 -47.0 0.365 0x0000FF
-49.54 28.5 -47.0 -48.45 29.6 -47.0 0.365 0x0000FF
-50.27 28.14 -47.0 -49.54 28.5 -47.0 0.365 0x0000FF
-51.73 27.78 -47.0 -50.27 28.14 -47.0 0.365 0x0000FF
-52.83 27.78 -47.0 -51.73 27.78 -47.0 0.365 0x0000FF
-54.65 29.78 -47.0 -52.83 27.78 -47.0 0.365 0x0000FF
-55.38 30.87 -47.0 -54.65 29.78 -47.0 0.365 0x0000FF
-57.75 30.87 -47.0 -55.38 30.87 -47.0 0.365 0x0000FF
-59.21 29.96 -47.0 -57.75 30.87 -47.0 0.365 0x0000FF
-59.4 28.69 -47.0 -59.21 29.96 -47.0 0.365 0x0000FF
-58.48 26.86 -47.0 -59.4 28.69 -47.0 0.275 0x0000FF
-41.1 -45.48 1.94 -32.04 -48.44 -7.76 2.37 0x0000FF
-43.66 -44.39 1.94 -41.1 -45.48 1.94 2.37 0x0000FF
-44.99 -45.85 1.48 -43.66 -44.39 1.94 0.64 0x0000FF
-46.09 -46.76 1.71 -44.99 -45.85 1.48 0.64 0x0000FF
-47.73 -47.67 2.24 -46.09 -46.76 1.71 0.64 0x0000FF
-48.83 -48.4 2.7 -47.73 -47.67 2.24 0.64 0x0000FF
-50.65 -49.67 3.08 -48.83 -48.4 2.7 0.64 0x0000FF
-52.48 -50.58 4.13 -50.65 -49.67 3.08 0.64 0x0000FF
-53.02 -50.95 4.13 -52.48 -50.58 4.13 0.64 0x0000FF
-53.75 -51.13 5.12 -53.02 -50.95 4.13 0.64 0x0000FF
-54.3 -51.31 5.73 -53.75 -51.13 5.12 0.64 0x0000FF
-54.85 -51.49 5.88 -54.3 -51.31 5.73 0.64 0x0000FF
-55.39 -51.86 6.18 -54.85 -51.49 5.88 0.64 0x0000FF
-55.76 -52.59 7.01 -55.39 -51.86 6.18 0.64 0x0000FF
-56.12 -53.5 7.7 -55.76 -52.59 7.01 0.64 0x0000FF
-56.31 -54.04 8.0 -56.12 -53.5 7.7 0.64 0x0000FF
-56.31 -54.41 8.15 -56.31 -54.04 8.0 0.64 0x0000FF
-56.31 -54.96 8.44 -56.31 -54.41 8.15 0.64 0x0000FF
-56.31 -55.5 8.91 -56.31 -54.96 8.44 0.64 0x0000FF
-56.49 -56.23 9.28 -56.31 -55.5 8.91 0.64 0x0000FF
-56.49 -56.6 9.44 -56.49 -56.23 9.28 0.64 0x0000FF
-56.85 -56.96 9.82 -56.49 -56.6 9.44 0.64 0x0000FF
-57.04 -57.51 10.65 -56.85 -56.96 9.82 0.64 0x0000FF
-57.4 -57.87 11.26 -57.04 -57.51 10.65 0.64 0x0000FF
-57.95 -58.05 11.48 -57.4 -57.87 11.26 0.64 0x0000FF
-57.95 -58.6 12.54 -57.95 -58.05 11.48 0.64 0x0000FF
-58.13 -58.96 13.15 -57.95 -58.6 12.54 0.64 0x0000FF
-58.31 -58.96 13.6 -58.13 -58.96 13.15 0.64 0x0000FF
-58.5 -59.15 14.59 -58.31 -58.96 13.6 0.64 0x0000FF
-60.14 -60.79 15.12 -58.5 -59.15 14.59 0.545 0x0000FF
-60.14 -61.52 15.35 -60.14 -60.79 15.12 0.545 0x0000FF
-60.32 -62.61 15.65 -60.14 -61.52 15.35 0.545 0x0000FF
-60.32 -64.06 16.55 -60.32 -62.61 15.65 0.545 0x0000FF
-60.14 -64.61 16.71 -60.32 -64.06 16.55 0.545 0x0000FF
-60.14 -65.7 17.32 -60.14 -64.61 16.71 0.455 0x0000FF
-60.5 -66.43 17.7 -60.14 -65.7 17.32 0.455 0x0000FF
-61.05 -67.16 18.07 -60.5 -66.43 17.7 0.455 0x0000FF
-61.78 -68.26 18.53 -61.05 -67.16 18.07 0.455 0x0000FF
-62.51 -68.62 18.98 -61.78 -68.26 18.53 0.455 0x0000FF
-63.6 -68.98 19.44 -62.51 -68.62 18.98 0.455 0x0000FF
-64.7 -69.53 19.82 -63.6 -68.98 19.44 0.455 0x0000FF
-65.06 -70.08 20.65 -64.7 -69.53 19.82 0.455 0x0000FF
-65.79 -70.81 21.18 -65.06 -70.08 20.65 0.455 0x0000FF
-66.16 -71.34 21.41 -65.79 -70.81 21.18 0.455 0x0000FF
-66.34 -71.72 22.16 -66.16 -71.34 21.41 0.455 0x0000FF
-66.52 -72.45 22.69 -66.34 -71.72 22.16 0.455 0x0000FF
-66.52 -72.81 23.22 -66.52 -72.45 22.69 0.455 0x0000FF
-66.52 -73.54 23.6 -66.52 -72.81 23.22 0.455 0x0000FF
-66.52 -74.27 24.21 -66.52 -73.54 23.6 0.455 0x0000FF
-66.52 -74.63 24.66 -66.52 -74.27 24.21 0.455 0x0000FF
-66.34 -75.18 25.12 -66.52 -74.63 24.66 0.455 0x0000FF
-66.16 -75.54 25.5 -66.34 -75.18 25.12 0.455 0x0000FF
-66.16 -75.91 26.41 -66.16 -75.54 25.5 0.455 0x0000FF
-66.16 -76.27 27.24 -66.16 -75.91 26.41 0.455 0x0000FF
-66.34 -77.37 27.69 -66.16 -76.27 27.24 0.455 0x0000FF
-66.89 -78.28 28.38 -66.34 -77.37 27.69 0.455 0x0000FF
-67.8 -79.37 28.83 -66.89 -78.28 28.38 0.455 0x0000FF
-69.63 -81.37 29.66 -67.8 -79.37 28.83 0.455 0x0000FF
-70.17 -82.29 30.12 -69.63 -81.37 29.66 0.455 0x0000FF
-70.36 -82.83 30.88 -70.17 -82.29 30.12 0.455 0x0000FF
-70.72 -83.93 31.41 -70.36 -82.83 30.88 0.455 0x0000FF
-70.72 -84.29 32.61 -70.72 -83.93 31.41 0.455 0x0000FF
-71.27 -84.29 33.83 -70.72 -84.29 32.61 0.365 0x0000FF
-72.54 -84.47 34.44 -71.27 -84.29 33.83 0.365 0x0000FF
-73.45 -84.84 34.97 -72.54 -84.47 34.44 0.365 0x0000FF
-74.19 -85.38 35.57 -73.45 -84.84 34.97 0.365 0x0000FF
-74.73 -86.29 36.1 -74.19 -85.38 35.57 0.365 0x0000FF
-74.73 -87.21 36.86 -74.73 -86.29 36.1 0.365 0x0000FF
-74.73 -87.93 37.84 -74.73 -87.21 36.86 0.365 0x0000FF
-74.73 -88.3 38.75 -74.73 -87.93 37.84 0.365 0x0000FF
-74.92 -88.85 39.89 -74.73 -88.3 38.75 0.365 0x0000FF
-75.09 -90.12 40.86 -74.92 -88.85 39.89 0.365 0x0000FF
-76.19 -90.67 41.03 -75.09 -90.12 40.86 0.365 0x0000FF
-76.19 -90.48 41.71 -76.19 -90.67 41.03 0.365 0x0000FF
-48.03 -43.29 1.94 -43.66 -44.39 1.94 2.005 0x0000FF
-49.49 -42.38 2.31 -48.03 -43.29 1.94 1.915 0x0000FF
-50.41 -41.65 1.64 -49.49 -42.38 2.31 1.915 0x0000FF
-52.23 -40.19 1.64 -50.41 -41.65 1.64 1.915 0x0000FF
-52.6 -40.01 4.29 -52.23 -40.19 1.64 1.46 0x0000FF
-53.14 -39.28 4.82 -52.6 -40.01 4.29 1.46 0x0000FF
-53.33 -38.92 4.59 -53.14 -39.28 4.82 1.46 0x0000FF
-53.69 -38.54 3.83 -53.33 -38.92 4.59 1.46 0x0000FF
-54.42 -38.01 2.92 -53.69 -38.54 3.83 1.46 0x0000FF
-55.51 -37.28 2.09 -54.42 -38.01 2.92 1.46 0x0000FF
-56.06 -36.72 1.33 -55.51 -37.28 2.09 1.46 0x0000FF
-57.7 -35.28 0.8 -56.06 -36.72 1.33 1.46 0x0000FF
-59.71 -34.36 0.27 -57.7 -35.28 0.8 1.46 0x0000FF
-61.35 -33.09 0.05 -59.71 -34.36 0.27 1.46 0x0000FF
-62.27 -32.54 -0.11 -61.35 -33.09 0.05 1.46 0x0000FF
-63.97 -31.82 -0.03 -62.27 -32.54 -0.11 0.64 0x0000FF
-67.62 -32.18 1.64 -63.97 -31.82 -0.03 0.455 0x0000FF
-69.44 -31.63 1.64 -67.62 -32.18 1.64 0.455 0x0000FF
-73.81 -34.54 1.79 -69.44 -31.63 1.64 0.365 0x0000FF
-74.19 -35.46 1.86 -73.81 -34.54 1.79 0.365 0x0000FF
-74.55 -37.28 2.09 -74.19 -35.46 1.86 0.365 0x0000FF
-74.92 -38.38 2.31 -74.55 -37.28 2.09 0.365 0x0000FF
-74.92 -40.02 2.0 -74.92 -38.38 2.31 0.365 0x0000FF
-75.45 -41.66 1.48 -74.92 -40.02 2.0 0.365 0x0000FF
-75.65 -42.75 0.88 -75.45 -41.66 1.48 0.365 0x0000FF
-76.19 -44.02 0.42 -75.65 -42.75 0.88 0.365 0x0000FF
-76.73 -45.12 -0.03 -76.19 -44.02 0.42 0.365 0x0000FF
-77.47 -46.21 -0.79 -76.73 -45.12 -0.03 0.365 0x0000FF
-78.38 -47.49 -1.39 -77.47 -46.21 -0.79 0.365 0x0000FF
-78.75 -48.21 -1.7 -78.38 -47.49 -1.39 0.365 0x0000FF
-79.66 -48.94 -2.52 -78.75 -48.21 -1.7 0.365 0x0000FF
-81.67 -50.22 -2.61 -79.66 -48.94 -2.52 0.365 0x0000FF
-83.49 -51.31 -3.21 -81.67 -50.22 -2.61 0.365 0x0000FF
-84.4 -52.41 -3.74 -83.49 -51.31 -3.21 0.365 0x0000FF
-85.32 -53.32 -4.5 -84.4 -52.41 -3.74 0.365 0x0000FF
-85.68 -54.23 -4.8 -85.32 -53.32 -4.5 0.365 0x0000FF
-86.59 -55.5 -5.26 -85.68 -54.23 -4.8 0.365 0x0000FF
-87.69 -56.96 -5.79 -86.59 -55.5 -5.26 0.365 0x0000FF
-88.42 -58.24 -6.17 -87.69 -56.96 -5.79 0.365 0x0000FF
-89.15 -58.78 -6.32 -88.42 -58.24 -6.17 0.365 0x0000FF
-90.43 -60.24 -6.85 -89.15 -58.78 -6.32 0.365 0x0000FF
-91.34 -61.15 -6.85 -90.43 -60.24 -6.85 0.365 0x0000FF
-92.43 -62.61 -7.38 -91.34 -61.15 -6.85 0.365 0x0000FF
-93.34 -64.06 -7.76 -92.43 -62.61 -7.38 0.365 0x0000FF
-94.26 -64.79 -8.28 -93.34 -64.06 -7.76 0.365 0x0000FF
-95.17 -65.89 -8.44 -94.26 -64.79 -8.28 0.365 0x0000FF
-95.72 -66.8 -9.11 -95.17 -65.89 -8.44 0.365 0x0000FF
-96.45 -68.06 -9.88 -95.72 -66.8 -9.11 0.365 0x0000FF
-97.72 -70.26 -10.18 -96.45 -68.06 -9.88 0.365 0x0000FF
-99.0 -73.36 -10.64 -97.72 -70.26 -10.18 0.365 0x0000FF
-99.73 -75.36 -11.24 -99.0 -73.36 -10.64 0.365 0x0000FF
-101.01 -78.28 -11.92 -99.73 -75.36 -11.24 0.365 0x0000FF
-102.47 -80.09 -12.53 -101.01 -78.28 -11.92 0.365 0x0000FF
-105.02 -82.65 -13.29 -102.47 -80.09 -12.53 0.365 0x0000FF
-106.48 -85.02 -13.82 -105.02 -82.65 -13.29 0.365 0x0000FF
-108.49 -87.21 -14.57 -106.48 -85.02 -13.82 0.365 0x0000FF
-110.31 -88.85 -14.65 -108.49 -87.21 -14.57 0.365 0x0000FF
-112.32 -90.67 -15.41 -110.31 -88.85 -14.65 0.365 0x0000FF
-113.05 -91.58 -15.94 -112.32 -90.67 -15.41 0.365 0x0000FF
-113.78 -92.85 -16.23 -113.05 -91.58 -15.94 0.365 0x0000FF
-73.45 -30.36 1.71 -69.44 -31.63 1.64 0.365 0x0000FF
-75.65 -28.35 1.79 -73.45 -30.36 1.71 0.365 0x0000FF
-79.3 -24.89 2.0 -75.65 -28.35 1.79 0.365 0x0000FF
-81.48 -22.16 2.09 -79.3 -24.89 2.0 0.365 0x0000FF
-83.67 -20.16 2.24 -81.48 -22.16 2.09 0.365 0x0000FF
-85.32 -18.52 2.39 -83.67 -20.16 2.24 0.365 0x0000FF
-86.96 -17.23 2.47 -85.32 -18.52 2.39 0.365 0x0000FF
-88.24 -16.32 2.54 -86.96 -17.23 2.47 0.365 0x0000FF
-88.97 -15.6 2.31 -88.24 -16.32 2.54 0.365 0x0000FF
-90.06 -13.41 1.41 -88.97 -15.6 2.31 0.365 0x0000FF
-90.97 -11.96 0.95 -90.06 -13.41 1.41 0.365 0x0000FF
-92.07 -10.32 0.73 -90.97 -11.96 0.95 0.365 0x0000FF
-67.25 -30.36 0.42 -63.97 -31.82 -0.03 0.545 0x0000FF
-70.9 -29.45 -0.41 -67.25 -30.36 0.42 0.545 0x0000FF
-73.64 -29.27 -0.86 -70.9 -29.45 -0.41 0.545 0x0000FF
-75.83 -29.27 -1.39 -73.64 -29.27 -0.86 0.545 0x0000FF
-79.84 -29.63 -1.7 -75.83 -29.27 -1.39 0.545 0x0000FF
-89.51 -30.18 -2.38 -79.84 -29.63 -1.7 0.545 0x0000FF
-92.25 -30.54 -2.38 -89.51 -30.18 -2.38 0.545 0x0000FF
-97.36 -31.09 -2.83 -92.25 -30.54 -2.38 0.545 0x0000FF
-115.06 -29.63 -3.29 -97.36 -31.09 -2.83 0.545 0x0000FF
-122.17 -26.9 -3.67 -115.06 -29.63 -3.29 0.545 0x0000FF
-132.75 -22.71 -4.05 -122.17 -26.9 -3.67 0.455 0x0000FF
-141.15 -18.52 -4.26 -132.75 -22.71 -4.05 0.455 0x0000FF
-145.34 -15.97 -4.42 -141.15 -18.52 -4.26 0.365 0x0000FF
-152.82 -8.13 -4.88 -145.34 -15.97 -4.42 0.365 0x0000FF
-154.83 -5.03 -5.11 -152.82 -8.13 -4.88 0.365 0x0000FF
-157.38 -2.66 -5.26 -154.83 -5.03 -5.11 0.365 0x0000FF
-161.58 -0.3 -5.26 -157.38 -2.66 -5.26 0.365 0x0000FF
-163.22 0.07 -5.48 -161.58 -0.3 -5.26 0.365 0x0000FF
-166.33 1.53 -5.56 -163.22 0.07 -5.48 0.365 0x0000FF
-168.33 2.25 -5.86 -166.33 1.53 -5.56 0.365 0x0000FF
-169.79 3.35 -6.17 -168.33 2.25 -5.86 0.365 0x0000FF
-170.89 4.26 -6.32 -169.79 3.35 -6.17 0.365 0x0000FF
-172.16 5.72 -4.65 -170.89 4.26 -6.32 0.365 0x0000FF
-173.62 7.9 -3.59 -172.16 5.72 -4.65 0.365 0x0000FF
-175.27 9.72 -3.51 -173.62 7.9 -3.59 0.365 0x0000FF
-177.09 11.18 -2.98 -175.27 9.72 -3.51 0.365 0x0000FF
-177.64 11.91 -2.08 -177.09 11.18 -2.98 0.365 0x0000FF
-178.92 13.19 -1.85 -177.64 11.91 -2.08 0.365 0x0000FF
-179.46 13.92 -1.24 -178.92 13.19 -1.85 0.365 0x0000FF
-180.19 14.28 -0.41 -179.46 13.92 -1.24 0.365 0x0000FF
-181.1 15.01 0.05 -180.19 14.28 -0.41 0.365 0x0000FF
-184.02 15.92 1.11 -181.1 15.01 0.05 0.365 0x0000FF
-62.81 -27.99 0.5 -62.27 -32.54 -0.11 1.095 0x0000FF
-63.73 -24.71 0.88 -62.81 -27.99 0.5 1.005 0x0000FF
-64.64 -21.25 1.18 -63.73 -24.71 0.88 1.005 0x0000FF
-65.37 -17.05 1.86 -64.64 -21.25 1.18 1.005 0x0000FF
-66.64 -12.86 2.0 -65.37 -17.05 1.86 1.005 0x0000FF
-66.83 -11.77 2.17 -66.64 -12.86 2.0 1.005 0x0000FF
-67.01 -11.22 2.17 -66.83 -11.77 2.17 1.005 0x0000FF
-67.7 -9.82 2.7 -67.01 -11.22 2.17 0.545 0x0000FF
-67.53 -8.36 2.39 -67.7 -9.82 2.7 0.545 0x0000FF
-67.53 -6.91 1.71 -67.53 -8.36 2.39 0.545 0x0000FF
-67.53 -5.45 0.8 -67.53 -6.91 1.71 0.545 0x0000FF
-67.7 -3.44 0.27 -67.53 -5.45 0.8 0.545 0x0000FF
-67.89 -0.89 -0.41 -67.7 -3.44 0.27 0.545 0x0000FF
-68.08 5.12 -1.32 -67.89 -0.89 -0.41 0.545 0x0000FF
-68.26 11.5 -1.7 -68.08 5.12 -1.32 0.545 0x0000FF
-68.81 16.42 -2.08 -68.26 11.5 -1.7 0.545 0x0000FF
-68.98 19.51 -2.38 -68.81 16.42 -2.08 0.545 0x0000FF
-70.27 25.34 -2.83 -68.98 19.51 -2.38 0.545 0x0000FF
-71.36 27.71 -3.06 -70.27 25.34 -2.83 0.545 0x0000FF
-75.19 36.09 -3.36 -71.36 27.71 -3.06 0.545 0x0000FF
-76.11 39.56 -3.67 -75.19 36.09 -3.36 0.545 0x0000FF
-78.11 45.57 -3.82 -76.11 39.56 -3.67 0.545 0x0000FF
-78.66 46.66 -3.29 -78.11 45.57 -3.82 0.545 0x0000FF
-78.84 47.94 -2.98 -78.66 46.66 -3.29 0.545 0x0000FF
-79.02 49.21 -2.15 -78.84 47.94 -2.98 0.545 0x0000FF
-79.02 51.03 -1.02 -79.02 49.21 -2.15 0.545 0x0000FF
-79.39 53.4 -0.11 -79.02 51.03 -1.02 0.545 0x0000FF
-79.94 55.59 0.5 -79.39 53.4 -0.11 0.545 0x0000FF
-80.12 56.68 1.03 -79.94 55.59 0.5 0.545 0x0000FF
-80.67 58.14 1.94 -80.12 56.68 1.03 0.545 0x0000FF
-81.4 60.87 2.7 -80.67 58.14 1.94 0.545 0x0000FF
-81.58 63.97 3.76 -81.4 60.87 2.7 0.545 0x0000FF
-81.76 65.43 4.13 -81.58 63.97 3.76 0.545 0x0000FF
-83.59 73.26 5.12 -81.76 65.43 4.13 0.455 0x0000FF
-85.78 78.0 5.88 -83.59 73.26 5.12 0.455 0x0000FF
-86.5 79.28 6.03 -85.78 78.0 5.88 0.455 0x0000FF
-87.78 81.09 6.79 -86.5 79.28 6.03 0.455 0x0000FF
-88.51 82.74 7.09 -87.78 81.09 6.79 0.455 0x0000FF
-89.24 86.02 7.47 -88.51 82.74 7.09 0.455 0x0000FF
-89.42 88.75 7.92 -89.24 86.02 7.47 0.455 0x0000FF
-88.69 91.66 8.68 -89.42 88.75 7.92 0.455 0x0000FF
-86.87 94.76 9.14 -88.69 91.66 8.68 0.455 0x0000FF
-84.5 97.31 9.44 -86.87 94.76 9.14 0.455 0x0000FF
-82.13 98.59 9.59 -84.5 97.31 9.44 0.455 0x0000FF
-80.84 100.41 9.97 -82.13 98.59 9.59 0.455 0x0000FF
-79.56 104.42 10.65 -80.84 100.41 9.97 0.455 0x0000FF
-78.84 111.52 10.95 -79.56 104.42 10.65 0.455 0x0000FF
-78.66 114.44 11.56 -78.84 111.52 10.95 0.455 0x0000FF
-78.29 116.08 11.94 -78.66 114.44 11.56 0.455 0x0000FF
-75.56 120.82 12.24 -78.29 116.08 11.94 0.455 0x0000FF
-73.55 123.55 11.18 -75.56 120.82 12.24 0.455 0x0000FF
-72.64 125.19 10.57 -73.55 123.55 11.18 0.455 0x0000FF
-72.45 125.92 9.59 -72.64 125.19 10.57 0.455 0x0000FF
-70.81 131.19 8.07 -72.45 125.92 9.59 0.455 0x0000FF
-70.27 134.12 7.47 -70.81 131.19 8.07 0.455 0x0000FF
-70.08 137.03 7.24 -70.27 134.12 7.47 0.455 0x0000FF
-69.9 138.66 6.79 -70.08 137.03 7.24 0.455 0x0000FF
-69.72 139.58 6.41 -69.9 138.66 6.79 0.455 0x0000FF
-69.72 140.13 6.26 -69.72 139.58 6.41 0.455 0x0000FF
-68.29 -9.4 2.31 -67.01 -11.22 2.17 0.82 0x0000FF
-69.56 -8.67 2.85 -68.29 -9.4 2.31 0.73 0x0000FF
-70.29 -8.13 3.08 -69.56 -8.67 2.85 0.73 0x0000FF
-70.84 -7.95 3.15 -70.29 -8.13 3.08 0.73 0x0000FF
-71.56 -7.22 3.45 -70.84 -7.95 3.15 0.73 0x0000FF
-72.48 -6.12 3.68 -71.56 -7.22 3.45 0.73 0x0000FF
-72.84 -5.21 4.21 -72.48 -6.12 3.68 0.73 0x0000FF
-73.4 -3.75 4.67 -72.84 -5.21 4.21 0.73 0x0000FF
-73.94 -2.29 5.12 -73.4 -3.75 4.67 0.73 0x0000FF
-74.13 -1.2 5.65 -73.94 -2.29 5.12 0.73 0x0000FF
-74.13 -1.02 6.48 -74.13 -1.2 5.65 0.73 0x0000FF
-74.48 -0.28 6.86 -74.13 -1.02 6.48 0.73 0x0000FF
-74.48 -0.11 7.7 -74.48 -0.28 6.86 0.73 0x0000FF
-74.67 0.44 8.98 -74.48 -0.11 7.7 0.73 0x0000FF
-75.04 1.89 9.44 -74.67 0.44 8.98 0.73 0x0000FF
-75.58 2.8 9.74 -75.04 1.89 9.44 0.73 0x0000FF
-76.13 3.72 10.03 -75.58 2.8 9.74 0.73 0x0000FF
-76.86 4.44 10.95 -76.13 3.72 10.03 0.73 0x0000FF
-77.59 5.36 11.71 -76.86 4.44 10.95 0.73 0x0000FF
-78.31 6.45 12.77 -77.59 5.36 11.71 0.73 0x0000FF
-79.23 9.36 13.3 -78.31 6.45 12.77 0.73 0x0000FF
-79.59 11.19 14.51 -79.23 9.36 13.3 0.73 0x0000FF
-79.95 13.55 15.95 -79.59 11.19 14.51 0.545 0x0000FF
-80.33 14.28 16.26 -79.95 13.55 15.95 0.545 0x0000FF
-80.51 14.83 16.71 -80.33 14.28 16.26 0.545 0x0000FF
-80.51 15.38 17.47 -80.51 14.83 16.71 0.545 0x0000FF
-80.88 16.29 18.07 -80.51 15.38 17.47 0.545 0x0000FF
-81.42 17.02 18.45 -80.88 16.29 18.07 0.545 0x0000FF
-81.79 17.93 19.89 -81.42 17.02 18.45 0.545 0x0000FF
-82.15 19.02 20.95 -81.79 17.93 19.89 0.545 0x0000FF
-82.7 19.93 22.01 -82.15 19.02 20.95 0.545 0x0000FF
-83.43 20.66 22.54 -82.7 19.93 22.01 0.545 0x0000FF
-84.34 21.21 23.22 -83.43 20.66 22.54 0.545 0x0000FF
-84.89 21.57 24.13 -84.34 21.21 23.22 0.545 0x0000FF
-85.44 22.12 24.97 -84.89 21.57 24.13 0.545 0x0000FF
-85.8 22.85 26.25 -85.44 22.12 24.97 0.455 0x0000FF
-86.35 23.76 26.71 -85.8 22.85 26.25 0.455 0x0000FF
-87.08 24.49 27.62 -86.35 23.76 26.71 0.455 0x0000FF
-87.26 25.22 28.0 -87.08 24.49 27.62 0.455 0x0000FF
-87.99 26.13 28.45 -87.26 25.22 28.0 0.455 0x0000FF
-88.54 26.85 29.44 -87.99 26.13 28.45 0.455 0x0000FF
-89.27 28.86 30.19 -88.54 26.85 29.44 0.455 0x0000FF
-90.0 30.86 31.03 -89.27 28.86 30.19 0.455 0x0000FF
-91.64 36.51 31.63 -90.0 30.86 31.03 0.455 0x0000FF
-92.92 40.52 32.24 -91.64 36.51 31.63 0.455 0x0000FF
-93.1 40.88 33.6 -92.92 40.52 32.24 0.455 0x0000FF
-94.56 43.44 33.9 -93.1 40.88 33.6 0.455 0x0000FF
-95.47 45.62 34.44 -94.56 43.44 33.9 0.455 0x0000FF
-96.02 48.72 34.89 -95.47 45.62 34.44 0.455 0x0000FF
-96.02 49.63 34.97 -96.02 48.72 34.89 0.455 0x0000FF
-102.74 58.32 35.57 -96.02 49.63 34.97 0.455 0x0000FF
-104.39 61.06 36.03 -102.74 58.32 35.57 0.455 0x0000FF
-106.94 65.79 36.63 -104.39 61.06 36.03 0.455 0x0000FF
-109.13 71.44 37.24 -106.94 65.79 36.63 0.455 0x0000FF
-111.14 75.63 37.61 -109.13 71.44 37.24 0.455 0x0000FF
-113.33 78.55 37.84 -111.14 75.63 37.61 0.455 0x0000FF
-116.06 86.2 38.36 -113.33 78.55 37.84 0.455 0x0000FF
-116.43 89.3 38.83 -116.06 86.2 38.36 0.365 0x0000FF
-116.79 90.39 39.36 -116.43 89.3 38.83 0.365 0x0000FF
-116.97 91.66 39.59 -116.79 90.39 39.36 0.365 0x0000FF
-117.89 94.22 40.27 -116.97 91.66 39.59 0.365 0x0000FF
-118.62 96.4 40.79 -117.89 94.22 40.27 0.365 0x0000FF
-118.8 96.95 41.78 -118.62 96.4 40.79 0.365 0x0000FF
-118.98 97.68 42.16 -118.8 96.95 41.78 0.365 0x0000FF
-119.71 101.14 42.84 -118.98 97.68 42.16 0.365 0x0000FF
-119.89 103.69 44.36 -119.71 101.14 42.84 0.365 0x0000FF
-119.89 105.15 44.97 -119.89 103.69 44.36 0.365 0x0000FF
-121.17 109.34 45.95 -119.89 105.15 44.97 0.365 0x0000FF
-123.18 113.71 46.33 -121.17 109.34 45.95 0.365 0x0000FF
-123.91 115.72 47.16 -123.18 113.71 46.33 0.365 0x0000FF
-124.46 118.08 48.15 -123.91 115.72 47.16 0.365 0x0000FF
-125.0 120.82 49.06 -124.46 118.08 48.15 0.365 0x0000FF
-125.91 124.64 49.59 -125.0 120.82 49.06 0.365 0x0000FF
-130.84 128.83 50.42 -125.91 124.64 49.59 0.365 0x0000FF
-131.57 129.56 51.56 -130.84 128.83 50.42 0.365 0x0000FF
-132.47 130.47 52.24 -131.57 129.56 51.56 0.365 0x0000FF
-136.68 133.02 52.92 -132.47 130.47 52.24 0.365 0x0000FF
-137.96 137.21 53.75 -136.68 133.02 52.92 0.365 0x0000FF
-138.13 139.04 55.04 -137.96 137.21 53.75 0.365 0x0000FF
-53.14 -38.36 3.15 -52.23 -40.19 1.64 1.095 0x0000FF
-53.14 -37.64 3.45 -53.14 -38.36 3.15 1.005 0x0000FF
-52.78 -36.9 3.83 -53.14 -37.64 3.45 1.005 0x0000FF
-52.6 -36.36 4.44 -52.78 -36.9 3.83 0.91 0x0000FF
-52.23 -36.19 5.04 -52.6 -36.36 4.44 0.91 0x0000FF
-51.87 -35.82 5.5 -52.23 -36.19 5.04 0.91 0x0000FF
-51.5 -35.46 6.18 -51.87 -35.82 5.5 0.91 0x0000FF
-50.95 -34.9 7.01 -51.5 -35.46 6.18 0.82 0x0000FF
-50.04 -34.54 8.0 -50.95 -34.9 7.01 0.82 0x0000FF
-49.49 -34.36 9.67 -50.04 -34.54 8.0 0.82 0x0000FF
-48.4 -33.64 10.11 -49.49 -34.36 9.67 0.64 0x0000FF
-48.03 -33.64 10.27 -48.4 -33.64 10.11 0.64 0x0000FF
-46.94 -33.45 10.95 -48.03 -33.64 10.27 0.64 0x0000FF
-46.57 -33.09 11.86 -46.94 -33.45 10.95 0.64 0x0000FF
-46.03 -32.72 12.54 -46.57 -33.09 11.86 0.64 0x0000FF
-45.48 -32.54 13.6 -46.03 -32.72 12.54 0.64 0x0000FF
-44.57 -32.18 14.29 -45.48 -32.54 13.6 0.64 0x0000FF
-44.2 -31.81 14.74 -44.57 -32.18 14.29 0.64 0x0000FF
-43.84 -31.27 16.18 -44.2 -31.81 14.74 0.64 0x0000FF
-42.93 -30.36 16.94 -43.84 -31.27 16.18 0.64 0x0000FF
-42.56 -29.99 17.54 -42.93 -30.36 16.94 0.64 0x0000FF
-42.38 -29.26 17.62 -42.56 -29.99 17.54 0.64 0x0000FF
-42.2 -28.53 18.53 -42.38 -29.26 17.62 0.64 0x0000FF
-41.83 -28.17 18.76 -42.2 -28.53 18.53 0.64 0x0000FF
-41.28 -27.8 19.73 -41.83 -28.17 18.76 0.64 0x0000FF
-40.19 -27.26 20.5 -41.28 -27.8 19.73 0.64 0x0000FF
-38.54 -26.71 21.41 -40.19 -27.26 20.5 0.64 0x0000FF
-37.82 -26.17 22.09 -38.54 -26.71 21.41 0.64 0x0000FF
-37.45 -25.62 22.47 -37.82 -26.17 22.09 0.64 0x0000FF
-36.54 -24.16 23.45 -37.45 -25.62 22.47 0.545 0x0000FF
-36.36 -23.61 23.98 -36.54 -24.16 23.45 0.545 0x0000FF
-36.17 -23.07 24.44 -36.36 -23.61 23.98 0.545 0x0000FF
-35.81 -22.7 25.19 -36.17 -23.07 24.44 0.545 0x0000FF
-35.63 -21.61 26.03 -35.81 -22.7 25.19 0.545 0x0000FF
-35.45 -20.88 26.33 -35.63 -21.61 26.03 0.545 0x0000FF
-34.9 -19.97 26.79 -35.45 -20.88 26.33 0.545 0x0000FF
-34.17 -19.05 28.15 -34.9 -19.97 26.79 0.545 0x0000FF
-33.79 -18.14 28.68 -34.17 -19.05 28.15 0.545 0x0000FF
-33.44 -17.6 29.44 -33.79 -18.14 28.68 0.545 0x0000FF
-32.71 -17.23 30.12 -33.44 -17.6 29.44 0.545 0x0000FF
-31.8 -16.69 30.88 -32.71 -17.23 30.12 0.545 0x0000FF
-31.07 -16.51 30.88 -31.8 -16.69 30.88 0.545 0x0000FF
-30.34 -16.14 31.56 -31.07 -16.51 30.88 0.545 0x0000FF
-29.06 -15.42 32.54 -30.34 -16.14 31.56 0.545 0x0000FF
-28.51 -14.5 33.22 -29.06 -15.42 32.54 0.545 0x0000FF
-28.33 -13.41 34.06 -28.51 -14.5 33.22 0.545 0x0000FF
-28.15 -12.68 34.89 -28.33 -13.41 34.06 0.545 0x0000FF
-27.96 -11.95 35.42 -28.15 -12.68 34.89 0.545 0x0000FF
-27.78 -11.22 36.25 -27.96 -11.95 35.42 0.545 0x0000FF
-27.78 -10.13 36.63 -27.78 -11.22 36.25 0.545 0x0000FF
-28.15 -9.4 37.39 -27.78 -10.13 36.63 0.545 0x0000FF
-28.51 -8.67 38.22 -28.15 -9.4 37.39 0.545 0x0000FF
-28.88 -8.13 38.45 -28.51 -8.67 38.22 0.545 0x0000FF
-28.88 -7.4 38.97 -28.88 -8.13 38.45 0.545 0x0000FF
-29.24 -5.94 39.59 -28.88 -7.4 38.97 0.545 0x0000FF
-29.61 -4.3 40.04 -29.24 -5.94 39.59 0.545 0x0000FF
-29.97 -3.21 40.57 -29.61 -4.3 40.04 0.545 0x0000FF
-30.7 -2.48 41.1 -29.97 -3.21 40.57 0.545 0x0000FF
-31.8 -1.93 41.48 -30.7 -2.48 41.1 0.545 0x0000FF
-32.71 -1.39 42.31 -31.8 -1.93 41.48 0.545 0x0000FF
-33.44 -0.84 43.07 -32.71 -1.39 42.31 0.545 0x0000FF
-33.79 0.25 44.13 -33.44 -0.84 43.07 0.455 0x0000FF
-33.79 1.53 44.43 -33.79 0.25 44.13 0.455 0x0000FF
-33.79 2.62 45.95 -33.79 1.53 44.43 0.455 0x0000FF
-34.17 3.53 46.4 -33.79 2.62 45.95 0.455 0x0000FF
-34.17 4.44 47.39 -34.17 3.53 46.4 0.455 0x0000FF
-33.44 6.81 48.15 -34.17 4.44 47.39 0.455 0x0000FF
-33.07 7.72 48.6 -33.44 6.81 48.15 0.455 0x0000FF
-32.89 8.63 49.81 -33.07 7.72 48.6 0.455 0x0000FF
-32.71 9.36 50.27 -32.89 8.63 49.81 0.455 0x0000FF
-32.34 10.09 50.8 -32.71 9.36 50.27 0.455 0x0000FF
-31.61 10.27 51.33 -32.34 10.09 50.8 0.455 0x0000FF
-31.25 11.0 52.24 -31.61 10.27 51.33 0.455 0x0000FF
-30.88 11.19 52.54 -31.25 11.0 52.24 0.455 0x0000FF
-28.51 12.28 53.52 -30.88 11.19 52.54 0.365 0x0000FF
-32.03 -57.01 -1.77 -32.04 -48.44 -7.76 2.005 0x0000FF
-30.93 -59.92 -1.77 -32.03 -57.01 -1.77 2.005 0x0000FF
-29.29 -65.2 -1.62 -30.93 -59.92 -1.77 1.735 0x0000FF
-28.56 -68.84 -1.09 -29.29 -65.2 -1.62 1.735 0x0000FF
-27.47 -72.31 -0.48 -28.56 -68.84 -1.09 1.735 0x0000FF
-26.74 -76.87 -0.18 -27.47 -72.31 -0.48 1.735 0x0000FF
-26.01 -85.43 0.5 -26.74 -76.87 -0.18 1.735 0x0000FF
-26.56 -89.99 0.95 -26.01 -85.43 0.5 1.735 0x0000FF
-26.37 -94.54 1.56 -26.56 -89.99 0.95 1.735 0x0000FF
-27.65 -103.47 2.0 -26.37 -94.54 1.56 1.735 0x0000FF
-27.47 -109.66 2.39 -27.65 -103.47 2.0 1.55 0x0000FF
-27.83 -114.22 2.92 -27.47 -109.66 2.39 1.55 0x0000FF
-27.1 -120.78 3.61 -27.83 -114.22 2.92 1.55 0x0000FF
-26.01 -132.26 3.98 -27.1 -120.78 3.61 1.55 0x0000FF
-26.19 -137.16 5.12 -26.01 -132.26 3.98 1.55 0x0000FF
-25.83 -141.72 5.73 -26.19 -137.16 5.12 1.55 0x0000FF
-25.83 -147.19 6.64 -25.83 -141.72 5.73 1.55 0x0000FF
-25.83 -153.38 7.17 -25.83 -147.19 6.64 1.55 0x0000FF
-25.83 -157.94 7.7 -25.83 -153.38 7.17 1.55 0x0000FF
-25.28 -161.22 8.83 -25.83 -157.94 7.7 1.55 0x0000FF
-25.28 -165.05 9.36 -25.28 -161.22 8.83 1.55 0x0000FF
-25.46 -169.61 9.89 -25.28 -165.05 9.36 1.55 0x0000FF
-25.64 -173.43 10.73 -25.46 -169.61 9.89 1.55 0x0000FF
-26.92 -179.63 11.48 -25.64 -173.43 10.73 1.55 0x0000FF
-26.92 -187.1 12.17 -26.92 -179.63 11.48 1.55 0x0000FF
-27.1 -188.56 12.54 -26.92 -187.1 12.17 1.55 0x0000FF
-27.1 -189.1 13.68 -27.1 -188.56 12.54 1.55 0x0000FF
-26.74 -190.56 14.44 -27.1 -189.1 13.68 1.55 0x0000FF
-26.74 -191.47 15.2 -26.74 -190.56 14.44 1.55 0x0000FF
-26.92 -192.38 16.03 -26.74 -191.47 15.2 1.55 0x0000FF
-27.47 -201.31 16.79 -26.92 -192.38 16.03 1.55 0x0000FF
-28.02 -207.5 17.16 -27.47 -201.31 16.79 1.55 0x0000FF
-28.02 -211.69 18.0 -28.02 -207.5 17.16 1.55 0x0000FF
-30.05 -230.47 18.53 -28.02 -211.69 18.0 1.55 0x0000FF
-30.42 -236.84 18.76 -30.05 -230.47 18.53 1.55 0x0000FF
-30.23 -238.12 18.82 -30.42 -236.84 18.76 1.55 0x0000FF
-30.23 -239.21 18.0 -30.23 -238.12 18.82 1.55 0x0000FF
-30.23 -241.4 16.79 -30.23 -239.21 18.0 1.55 0x0000FF
-30.05 -243.4 16.63 -30.23 -241.4 16.79 1.55 0x0000FF
-31.12 -245.77 16.32 -30.05 -243.4 16.63 1.37 0x0000FF
-31.85 -247.05 16.79 -31.12 -245.77 16.32 1.37 0x0000FF
-32.95 -250.33 16.94 -31.85 -247.05 16.79 1.185 0x0000FF
-32.95 -253.79 17.09 -32.95 -250.33 16.94 1.185 0x0000FF
-32.76 -255.61 17.32 -32.95 -253.79 17.09 1.185 0x0000FF
-31.67 -260.7 17.47 -32.76 -255.61 17.32 1.185 0x0000FF
-31.12 -264.91 17.47 -31.67 -260.7 17.47 1.095 0x0000FF
-30.94 -269.82 17.47 -31.12 -264.91 17.47 1.095 0x0000FF
-31.85 -273.29 17.09 -30.94 -269.82 17.47 1.095 0x0000FF
-31.67 -277.3 16.86 -31.85 -273.29 17.09 1.095 0x0000FF
-31.67 -279.48 17.7 -31.67 -277.3 16.86 1.095 0x0000FF
-31.85 -281.49 18.0 -31.67 -279.48 17.7 1.095 0x0000FF
-31.85 -282.39 18.82 -31.85 -281.49 18.0 1.095 0x0000FF
-32.4 -286.77 19.59 -31.85 -282.39 18.82 1.095 0x0000FF
-32.22 -288.95 20.35 -32.4 -286.77 19.59 1.095 0x0000FF
-32.22 -291.87 20.57 -32.22 -288.95 20.35 1.095 0x0000FF
-31.49 -296.24 20.73 -32.22 -291.87 20.57 1.095 0x0000FF
-31.85 -301.35 21.18 -31.49 -296.24 20.73 1.005 0x0000FF
-32.22 -305.54 21.71 -31.85 -301.35 21.18 1.005 0x0000FF
-32.22 -308.45 22.32 -32.22 -305.54 21.71 0.91 0x0000FF
-32.4 -309.91 22.54 -32.22 -308.45 22.32 0.91 0x0000FF
-32.95 -312.1 22.92 -32.4 -309.91 22.54 0.91 0x0000FF
-33.49 -313.19 23.6 -32.95 -312.1 22.92 0.91 0x0000FF
-34.77 -314.45 24.29 -33.49 -313.19 23.6 0.91 0x0000FF
-35.86 -315.74 24.82 -34.77 -314.45 24.29 0.91 0x0000FF
-36.04 -316.1 25.27 -35.86 -315.74 24.82 0.91 0x0000FF
-36.78 -318.83 25.72 -36.04 -316.1 25.27 0.91 0x0000FF
-36.96 -321.75 26.18 -36.78 -318.83 25.72 0.91 0x0000FF
-36.4 -325.39 26.79 -36.96 -321.75 26.18 0.91 0x0000FF
-36.04 -329.59 27.16 -36.4 -325.39 26.79 0.91 0x0000FF
-35.86 -334.51 28.0 -36.04 -329.59 27.16 0.82 0x0000FF
-35.14 -338.33 28.3 -35.86 -334.51 28.0 0.82 0x0000FF
-34.77 -341.79 28.68 -35.14 -338.33 28.3 0.82 0x0000FF
-34.59 -346.71 29.13 -34.77 -341.79 28.68 0.82 0x0000FF
-34.22 -349.08 29.51 -34.59 -346.71 29.13 0.82 0x0000FF
-33.68 -354.37 29.89 -34.22 -349.08 29.51 0.82 0x0000FF
-34.59 -362.02 30.19 -33.68 -354.37 29.89 0.82 0x0000FF
-36.04 -366.03 30.5 -34.59 -362.02 30.19 0.82 0x0000FF
-37.32 -372.59 30.95 -36.04 -366.03 30.5 0.82 0x0000FF
-37.86 -380.24 31.18 -37.32 -372.59 30.95 0.82 0x0000FF
-37.51 -387.16 31.56 -37.86 -380.24 31.18 0.82 0x0000FF
-37.32 -390.81 31.94 -37.51 -387.16 31.56 0.82 0x0000FF
-37.17 -394.56 32.39 -37.32 -390.81 31.94 0.73 0x0000FF
-36.63 -398.2 32.61 -37.17 -394.56 32.39 0.73 0x0000FF
-36.99 -404.03 33.07 -36.63 -398.2 32.61 0.73 0x0000FF
-38.63 -412.6 33.45 -36.99 -404.03 33.07 0.73 0x0000FF
-40.64 -420.8 33.83 -38.63 -412.6 33.45 0.64 0x0000FF
-41.74 -426.26 34.44 -40.64 -420.8 33.83 0.64 0x0000FF
-42.65 -430.09 34.65 -41.74 -426.26 34.44 0.64 0x0000FF
-43.74 -438.84 35.04 -42.65 -430.09 34.65 0.64 0x0000FF
-46.66 -447.03 35.5 -43.74 -438.84 35.04 0.64 0x0000FF
-47.94 -450.31 35.57 -46.66 -447.03 35.5 0.64 0x0000FF
-50.68 -454.5 36.03 -47.94 -450.31 35.57 0.545 0x0000FF
-51.95 -455.96 36.25 -50.68 -454.5 36.03 0.545 0x0000FF
-53.6 -457.42 35.5 -51.95 -455.96 36.25 0.545 0x0000FF
-55.06 -458.51 34.81 -53.6 -457.42 35.5 0.545 0x0000FF
-57.06 -461.25 34.21 -55.06 -458.51 34.81 0.545 0x0000FF
-57.61 -462.89 33.53 -57.06 -461.25 34.21 0.545 0x0000FF
-58.16 -465.07 32.69 -57.61 -462.89 33.53 0.545 0x0000FF
-59.98 -469.08 31.41 -58.16 -465.07 32.69 0.545 0x0000FF
-62.72 -474.0 31.1 -59.98 -469.08 31.41 0.455 0x0000FF
-65.09 -475.09 30.95 -62.72 -474.0 31.1 0.455 0x0000FF
-70.93 -476.19 30.8 -65.09 -475.09 30.95 0.365 0x0000FF
-32.76 -281.85 18.14 -31.85 -281.49 18.0 0.91 0x0000FF
-34.4 -281.85 18.6 -32.76 -281.85 18.14 0.73 0x0000FF
-35.14 -282.02 19.21 -34.4 -281.85 18.6 0.73 0x0000FF
-36.78 -282.2 19.66 -35.14 -282.02 19.21 0.64 0x0000FF
-38.04 -282.76 19.89 -36.78 -282.2 19.66 0.64 0x0000FF
-40.79 -282.76 20.73 -38.04 -282.76 19.89 0.545 0x0000FF
-42.62 -282.94 22.01 -40.79 -282.76 20.73 0.545 0x0000FF
-43.71 -283.31 22.24 -42.62 -282.94 22.01 0.545 0x0000FF
-46.08 -283.49 23.0 -43.71 -283.31 22.24 0.545 0x0000FF
-47.18 -283.67 23.53 -46.08 -283.49 23.0 0.545 0x0000FF
-48.45 -284.22 23.83 -47.18 -283.67 23.53 0.545 0x0000FF
-49.18 -284.77 24.36 -48.45 -284.22 23.83 0.545 0x0000FF
-50.1 -284.95 24.66 -49.18 -284.77 24.36 0.545 0x0000FF
-51.56 -285.68 24.97 -50.1 -284.95 24.66 0.545 0x0000FF
-52.29 -286.41 25.27 -51.56 -285.68 24.97 0.545 0x0000FF
-53.2 -287.32 25.42 -52.29 -286.41 25.27 0.545 0x0000FF
-53.38 -287.68 26.1 -53.2 -287.32 25.42 0.545 0x0000FF
-53.56 -288.23 26.63 -53.38 -287.68 26.1 0.545 0x0000FF
-54.11 -288.58 27.09 -53.56 -288.23 26.63 0.545 0x0000FF
-55.02 -288.77 27.69 -54.11 -288.58 27.09 0.545 0x0000FF
-56.85 -289.32 28.0 -55.02 -288.77 27.69 0.545 0x0000FF
-57.58 -289.87 28.3 -56.85 -289.32 28.0 0.545 0x0000FF
-58.85 -290.41 28.75 -57.58 -289.87 28.3 0.545 0x0000FF
-60.31 -290.95 29.36 -58.85 -290.41 28.75 0.545 0x0000FF
-61.77 -292.24 30.04 -60.31 -290.95 29.36 0.545 0x0000FF
-63.96 -294.42 30.57 -61.77 -292.24 30.04 0.545 0x0000FF
-65.42 -296.97 31.03 -63.96 -294.42 30.57 0.545 0x0000FF
-68.34 -300.07 32.01 -65.42 -296.97 31.03 0.455 0x0000FF
-69.25 -301.52 32.24 -68.34 -300.07 32.01 0.455 0x0000FF
-69.8 -302.62 32.85 -69.25 -301.52 32.24 0.455 0x0000FF
-70.7 -304.08 33.38 -69.8 -302.62 32.85 0.455 0x0000FF
-72.72 -306.26 33.9 -70.7 -304.08 33.38 0.365 0x0000FF
-73.63 -307.54 34.44 -72.72 -306.26 33.9 0.365 0x0000FF
-74.18 -308.82 34.89 -73.63 -307.54 34.44 0.365 0x0000FF
-75.27 -310.08 35.19 -74.18 -308.82 34.89 0.365 0x0000FF
-76.0 -310.82 35.72 -75.27 -310.08 35.19 0.365 0x0000FF
-77.45 -311.91 36.25 -76.0 -310.82 35.72 0.365 0x0000FF
-79.65 -313.19 36.63 -77.45 -311.91 36.25 0.365 0x0000FF
-81.66 -314.1 37.01 -79.65 -313.19 36.63 0.365 0x0000FF
-85.13 -314.45 37.47 -81.66 -314.1 37.01 0.365 0x0000FF
-86.59 -314.83 37.47 -85.13 -314.45 37.47 0.365 0x0000FF
-90.42 -316.1 37.92 -86.59 -314.83 37.47 0.275 0x0000FF
-92.43 -317.2 38.0 -90.42 -316.1 37.92 0.275 0x0000FF
-29.14 -244.13 15.57 -30.05 -243.4 16.63 0.91 0x0000FF
-28.05 -245.04 15.57 -29.14 -244.13 15.57 0.91 0x0000FF
-26.4 -245.41 15.57 -28.05 -245.04 15.57 0.73 0x0000FF
-23.12 -246.32 15.42 -26.4 -245.41 15.57 0.73 0x0000FF
-20.93 -246.5 15.12 -23.12 -246.32 15.42 0.73 0x0000FF
-18.73 -246.86 14.97 -20.93 -246.5 15.12 0.73 0x0000FF
-16.92 -247.41 14.13 -18.73 -246.86 14.97 0.73 0x0000FF
-15.27 -248.5 14.44 -16.92 -247.41 14.13 0.73 0x0000FF
-12.35 -250.14 15.73 -15.27 -248.5 14.44 0.73 0x0000FF
-9.98 -251.96 16.32 -12.35 -250.14 15.73 0.73 0x0000FF
-8.16 -253.79 16.94 -9.98 -251.96 16.32 0.73 0x0000FF
-4.87 -254.88 18.3 -8.16 -253.79 16.94 0.73 0x0000FF
-3.6 -255.61 18.98 -4.87 -254.88 18.3 0.73 0x0000FF
-3.05 -256.16 19.59 -3.6 -255.61 18.98 0.73 0x0000FF
-1.95 -257.25 19.73 -3.05 -256.16 19.59 0.73 0x0000FF
-0.86 -258.16 20.5 -1.95 -257.25 19.73 0.73 0x0000FF
4.98 -260.35 21.56 -0.86 -258.16 20.5 0.64 0x0000FF
8.44 -261.44 21.79 4.98 -260.35 21.56 0.64 0x0000FF
10.82 -261.99 22.16 8.44 -261.44 21.79 0.64 0x0000FF
14.47 -263.26 22.92 10.82 -261.99 22.16 0.64 0x0000FF
19.03 -265.99 23.45 14.47 -263.26 22.92 0.64 0x0000FF
25.05 -269.82 24.06 19.03 -265.99 23.45 0.64 0x0000FF
26.87 -271.27 23.45 25.05 -269.82 24.06 0.64 0x0000FF
28.52 -272.19 23.22 26.87 -271.27 23.45 0.64 0x0000FF
29.64 -271.83 23.83 28.52 -272.19 23.22 0.455 0x0000FF
30.37 -272.38 23.68 29.64 -271.83 23.83 0.455 0x0000FF
31.46 -272.56 23.22 30.37 -272.38 23.68 0.455 0x0000FF
32.01 -272.74 22.85 31.46 -272.56 23.22 0.455 0x0000FF
32.74 -273.29 22.47 32.01 -272.74 22.85 0.455 0x0000FF
33.65 -273.47 22.01 32.74 -273.29 22.47 0.455 0x0000FF
34.38 -274.02 21.26 33.65 -273.47 22.01 0.455 0x0000FF
35.29 -274.74 20.5 34.38 -274.02 21.26 0.455 0x0000FF
36.39 -275.66 19.51 35.29 -274.74 20.5 0.455 0x0000FF
37.85 -276.38 18.98 36.39 -275.66 19.51 0.455 0x0000FF
38.58 -276.75 18.53 37.85 -276.38 18.98 0.455 0x0000FF
39.85 -277.83 18.0 38.58 -276.75 18.53 0.455 0x0000FF
40.4 -278.39 17.7 39.85 -277.83 18.0 0.455 0x0000FF
40.58 -278.75 16.63 40.4 -278.39 17.7 0.455 0x0000FF
41.31 -279.66 16.26 40.58 -278.75 16.63 0.455 0x0000FF
42.41 -280.76 15.57 41.31 -279.66 16.26 0.455 0x0000FF
43.5 -281.67 14.82 42.41 -280.76 15.57 0.455 0x0000FF
44.78 -283.31 14.06 43.5 -281.67 14.82 0.455 0x0000FF
46.6 -285.13 13.3 44.78 -283.31 14.06 0.455 0x0000FF
48.06 -286.22 12.32 46.6 -285.13 13.3 0.455 0x0000FF
50.07 -287.13 12.01 48.06 -286.22 12.32 0.455 0x0000FF
51.35 -288.04 11.03 50.07 -287.13 12.01 0.455 0x0000FF
53.54 -288.77 10.5 51.35 -288.04 11.03 0.455 0x0000FF
55.73 -288.95 9.74 53.54 -288.77 10.5 0.455 0x0000FF
57.73 -289.32 8.91 55.73 -288.95 9.74 0.455 0x0000FF
59.56 -288.95 8.3 57.73 -289.32 8.91 0.455 0x0000FF
61.02 -287.86 7.92 59.56 -288.95 8.3 0.455 0x0000FF
61.93 -286.41 7.47 61.02 -287.86 7.92 0.455 0x0000FF
64.12 -284.77 6.86 61.93 -286.41 7.47 0.455 0x0000FF
66.48 -283.13 6.79 64.12 -284.77 6.86 0.365 0x0000FF
68.68 -282.94 5.95 66.48 -283.13 6.79 0.365 0x0000FF
71.78 -282.2 5.5 68.68 -282.94 5.95 0.365 0x0000FF
72.69 -281.67 4.44 71.78 -282.2 5.5 0.365 0x0000FF
74.7 -280.57 3.98 72.69 -281.67 4.44 0.365 0x0000FF
77.8 -279.85 2.92 74.7 -280.57 3.98 0.365 0x0000FF
79.63 -278.93 2.09 77.8 -279.85 2.92 0.365 0x0000FF
81.09 -277.66 1.48 79.63 -278.93 2.09 0.365 0x0000FF
82.55 -277.11 1.26 81.09 -277.66 1.48 0.365 0x0000FF
85.1 -275.83 0.2 82.55 -277.11 1.26 0.365 0x0000FF
87.29 -275.11 -0.03 85.1 -275.83 0.2 0.365 0x0000FF
89.85 -273.47 -0.79 87.29 -275.11 -0.03 0.365 0x0000FF
98.79 -268.91 -1.24 89.85 -273.47 -0.79 0.275 0x0000FF
104.26 -268.73 -1.47 98.79 -268.91 -1.24 0.275 0x0000FF
31.07 -275.83 23.15 28.52 -272.19 23.22 0.545 0x0000FF
31.8 -277.64 23.15 31.07 -275.83 23.15 0.545 0x0000FF
32.53 -279.48 23.53 31.8 -277.64 23.15 0.545 0x0000FF
32.71 -280.02 24.06 32.53 -279.48 23.53 0.545 0x0000FF
33.08 -280.93 23.91 32.71 -280.02 24.06 0.545 0x0000FF
33.08 -282.76 24.36 33.08 -280.93 23.91 0.545 0x0000FF
33.08 -283.67 24.74 33.08 -282.76 24.36 0.545 0x0000FF
33.44 -285.13 25.12 33.08 -283.67 24.74 0.545 0x0000FF
33.99 -286.76 25.5 33.44 -285.13 25.12 0.545 0x0000FF
34.9 -289.5 26.1 33.99 -286.76 25.5 0.545 0x0000FF
35.63 -291.5 26.41 34.9 -289.5 26.1 0.545 0x0000FF
35.81 -293.87 26.79 35.63 -291.5 26.41 0.545 0x0000FF
35.45 -296.97 26.94 35.81 -293.87 26.79 0.545 0x0000FF
33.99 -299.88 27.47 35.45 -296.97 26.94 0.455 0x0000FF
32.53 -301.16 27.92 33.99 -299.88 27.47 0.455 0x0000FF
27.99 -304.08 28.07 32.53 -301.16 27.92 0.455 0x0000FF
27.45 -305.17 28.53 27.99 -304.08 28.07 0.455 0x0000FF
26.35 -308.45 29.06 27.45 -305.17 28.53 0.365 0x0000FF
25.99 -309.54 29.36 26.35 -308.45 29.06 0.365 0x0000FF
25.26 -310.64 29.66 25.99 -309.54 29.36 0.365 0x0000FF
24.71 -311.37 30.04 25.26 -310.64 29.66 0.365 0x0000FF
23.43 -312.1 30.57 24.71 -311.37 30.04 0.365 0x0000FF
22.7 -312.45 30.88 23.43 -312.1 30.57 0.365 0x0000FF
21.97 -313.19 31.25 22.7 -312.45 30.88 0.365 0x0000FF
21.24 -314.83 31.94 21.97 -313.19 31.25 0.365 0x0000FF
20.88 -316.64 32.39 21.24 -314.83 31.94 0.365 0x0000FF
20.7 -318.11 32.77 20.88 -316.64 32.39 0.365 0x0000FF
20.51 -319.02 33.22 20.7 -318.11 32.77 0.365 0x0000FF
20.51 -319.93 34.06 20.51 -319.02 33.22 0.365 0x0000FF
20.14 -321.02 34.51 20.51 -319.93 34.06 0.365 0x0000FF
19.97 -322.12 34.97 20.14 -321.02 34.51 0.365 0x0000FF
19.78 -323.02 35.57 19.97 -322.12 34.97 0.365 0x0000FF
19.42 -324.3 36.4 19.78 -323.02 35.57 0.365 0x0000FF
19.23 -325.02 37.31 19.42 -324.3 36.4 0.365 0x0000FF
19.05 -325.58 37.77 19.23 -325.02 37.31 0.365 0x0000FF
18.69 -325.94 38.29 19.05 -325.58 37.77 0.365 0x0000FF
