18.1 10.09 -67.22 9.27 12.41 -69.01 1.46 0x0000FF
20.47 9.91 -66.98 18.1 10.09 -67.22 1.46 0x0000FF
23.02 9.36 -65.55 20.47 9.91 -66.98 1.37 0x0000FF
26.49 9.53 -65.33 23.02 9.36 -65.55 1.37 0x0000FF
29.59 10.09 -64.65 26.49 9.53 -65.33 1.37 0x0000FF
31.23 9.73 -66.01 29.59 10.09 -64.65 0.82 0x0000FF
31.78 8.63 -66.98 31.23 9.73 -66.01 0.64 0x0000FF
33.06 7.18 -66.98 31.78 8.63 -66.98 0.64 0x0000FF
34.7 5.72 -66.92 33.06 7.18 -66.98 0.64 0x0000FF
38.53 3.53 -66.92 34.7 5.72 -66.92 0.64 0x0000FF
40.18 2.06 -66.84 38.53 3.53 -66.92 0.64 0x0000FF
47.11 -1.39 -66.84 40.18 2.06 -66.84 0.64 0x0000FF
52.03 -4.84 -66.77 47.11 -1.39 -66.84 0.545 0x0000FF
55.14 -9.94 -66.39 52.03 -4.84 -66.77 0.545 0x0000FF
61.7 -14.69 -66.39 55.14 -9.94 -66.39 0.545 0x0000FF
64.44 -18.14 -66.39 61.7 -14.69 -66.39 0.545 0x0000FF
68.45 -22.16 -66.39 64.44 -18.14 -66.39 0.545 0x0000FF
70.45 -24.35 -66.39 68.45 -22.16 -66.39 0.545 0x0000FF
73.38 -26.53 -66.45 70.45 -24.35 -66.39 0.455 0x0000FF
76.84 -27.99 -66.45 73.38 -26.53 -66.45 0.455 0x0000FF
80.5 -29.45 -66.45 76.84 -27.99 -66.45 0.455 0x0000FF
89.44 -31.63 -66.45 80.5 -29.45 -66.45 0.365 0x0000FF
94.55 -31.82 -66.45 89.44 -31.63 -66.45 0.365 0x0000FF
73.56 -25.8 -66.39 70.45 -24.35 -66.39 0.455 0x0000FF
76.84 -26.17 -66.08 73.56 -25.8 -66.39 0.455 0x0000FF
79.4 -24.89 -65.86 76.84 -26.17 -66.08 0.455 0x0000FF
83.6 -16.51 -65.4 79.4 -24.89 -65.86 0.365 0x0000FF
87.07 -13.23 -65.4 83.6 -16.51 -65.4 0.365 0x0000FF
90.53 -13.6 -65.4 87.07 -13.23 -65.4 0.365 0x0000FF
94.73 -16.32 -65.33 90.53 -13.6 -65.4 0.365 0x0000FF
98.2 -23.98 -65.25 94.73 -16.32 -65.33 0.365 0x0000FF
98.2 -26.17 -65.25 98.2 -23.98 -65.25 0.365 0x0000FF
35.43 10.27 -64.95 31.23 9.73 -66.01 0.64 0x0000FF
35.79 10.27 -64.56 35.43 10.27 -64.95 0.64 0x0000FF
36.53 10.27 -63.66 35.79 10.27 -64.56 0.64 0x0000FF
37.61 10.09 -63.28 36.53 10.27 -63.66 0.64 0x0000FF
38.35 10.45 -62.52 37.61 10.09 -63.28 0.64 0x0000FF
38.53 11.0 -62.07 38.35 10.45 -62.52 0.64 0x0000FF
39.08 11.37 -61.46 38.53 11.0 -62.07 0.64 0x0000FF
39.81 11.91 -60.93 39.08 11.37 -61.46 0.64 0x0000FF
40.72 12.09 -60.1 39.81 11.91 -60.93 0.545 0x0000FF
41.82 11.91 -59.34 40.72 12.09 -60.1 0.545 0x0000FF
42.36 11.73 -58.59 41.82 11.91 -59.34 0.545 0x0000FF
42.91 11.73 -57.75 42.36 11.73 -58.59 0.545 0x0000FF
43.09 11.37 -57.22 42.91 11.73 -57.75 0.545 0x0000FF
43.82 11.18 -57.07 43.09 11.37 -57.22 0.545 0x0000FF
44.37 10.64 -56.01 43.82 11.18 -57.07 0.545 0x0000FF
45.1 9.73 -54.87 44.37 10.64 -56.01 0.545 0x0000FF
45.28 9.36 -53.51 45.1 9.73 -54.87 0.545 0x0000FF
45.65 8.82 -53.28 45.28 9.36 -53.51 0.545 0x0000FF
45.83 8.09 -51.46 45.65 8.82 -53.28 0.545 0x0000FF
46.01 7.72 -51.46 45.83 8.09 -51.46 0.545 0x0000FF
46.2 7.36 -50.48 46.01 7.72 -51.46 0.545 0x0000FF
46.2 6.81 -49.87 46.2 7.36 -50.48 0.545 0x0000FF
46.56 6.63 -49.04 46.2 6.81 -49.87 0.545 0x0000FF
46.74 6.08 -48.21 46.56 6.63 -49.04 0.545 0x0000FF
46.74 5.72 -48.21 46.74 6.08 -48.21 0.545 0x0000FF
46.93 5.35 -47.45 46.74 5.72 -48.21 0.545 0x0000FF
47.29 4.99 -46.54 46.93 5.35 -47.45 0.545 0x0000FF
47.66 4.44 -45.86 47.29 4.99 -46.54 0.545 0x0000FF
48.02 4.26 -45.03 47.66 4.44 -45.86 0.545 0x0000FF
48.57 4.08 -44.72 48.02 4.26 -45.03 0.545 0x0000FF
49.85 3.53 -43.81 48.57 4.08 -44.72 0.545 0x0000FF
51.49 2.98 -42.83 49.85 3.53 -43.81 0.545 0x0000FF
53.86 2.62 -42.6 51.49 2.98 -42.83 0.545 0x0000FF
55.32 2.25 -42.15 53.86 2.62 -42.6 0.545 0x0000FF
56.6 2.06 -42.07 55.32 2.25 -42.15 0.545 0x0000FF
57.51 2.25 -41.62 56.6 2.06 -42.07 0.545 0x0000FF
59.15 2.06 -40.71 57.51 2.25 -41.62 0.545 0x0000FF
60.61 2.25 -39.86 59.15 2.06 -40.71 0.455 0x0000FF
60.97 2.25 -38.97 60.61 2.25 -39.86 0.455 0x0000FF
61.7 2.44 -37.68 60.97 2.25 -38.97 0.455 0x0000FF
62.62 2.44 -38.21 61.7 2.44 -37.68 0.455 0x0000FF
63.35 2.25 -40.4 62.62 2.44 -38.21 0.455 0x0000FF
64.44 2.44 -41.39 63.35 2.25 -40.4 0.455 0x0000FF
64.98 2.25 -42.15 64.44 2.44 -41.39 0.455 0x0000FF
66.08 2.62 -43.51 64.98 2.25 -42.15 0.455 0x0000FF
66.81 2.62 -44.57 66.08 2.62 -43.51 0.455 0x0000FF
67.91 3.53 -45.63 66.81 2.62 -44.57 0.365 0x0000FF
68.64 4.08 -47.45 67.91 3.53 -45.63 0.365 0x0000FF
69.37 4.44 -48.89 68.64 4.08 -47.45 0.365 0x0000FF
32.88 12.82 -64.27 29.59 10.09 -64.65 1.005 0x0000FF
34.88 13.01 -63.74 32.88 12.82 -64.27 1.005 0x0000FF
35.97 14.1 -63.74 34.88 13.01 -63.74 0.91 0x0000FF
37.26 14.65 -64.27 35.97 14.1 -63.74 0.91 0x0000FF
38.72 16.1 -64.95 37.26 14.65 -64.27 0.73 0x0000FF
39.45 17.01 -66.01 38.72 16.1 -64.95 0.73 0x0000FF
41.09 18.84 -66.54 39.45 17.01 -66.01 0.73 0x0000FF
42.36 20.48 -67.22 41.09 18.84 -66.54 0.73 0x0000FF
42.91 21.39 -67.68 42.36 20.48 -67.22 0.73 0x0000FF
43.82 23.21 -68.05 42.91 21.39 -67.68 0.73 0x0000FF
44.55 24.3 -68.73 43.82 23.21 -68.05 0.73 0x0000FF
45.47 25.76 -69.64 44.55 24.3 -68.73 0.73 0x0000FF
46.01 26.67 -70.33 45.47 25.76 -69.64 0.73 0x0000FF
46.74 28.49 -71.31 46.01 26.67 -70.33 0.545 0x0000FF
47.11 29.77 -72.06 46.74 28.49 -71.31 0.545 0x0000FF
47.66 31.41 -72.59 47.11 29.77 -72.06 0.545 0x0000FF
48.02 32.32 -73.2 47.66 31.41 -72.59 0.545 0x0000FF
48.57 33.04 -73.89 48.02 32.32 -73.2 0.545 0x0000FF
49.12 34.32 -74.48 48.57 33.04 -73.89 0.545 0x0000FF
49.48 35.42 -74.8 49.12 34.32 -74.48 0.545 0x0000FF
50.21 36.86 -74.8 49.48 35.42 -74.8 0.545 0x0000FF
50.96 41.37 -82.67 50.21 36.86 -74.8 0.64 0x0000FF
51.69 49.57 -82.67 50.96 41.37 -82.67 0.64 0x0000FF
53.7 59.05 -82.67 51.69 49.57 -82.67 0.545 0x0000FF
56.61 69.61 -82.67 53.7 59.05 -82.67 0.545 0x0000FF
58.62 75.63 -82.83 56.61 69.61 -82.67 0.545 0x0000FF
59.9 78.91 -83.2 58.62 75.63 -82.83 0.545 0x0000FF
60.63 80.18 -83.81 59.9 78.91 -83.2 0.545 0x0000FF
61.91 82.0 -83.89 60.63 80.18 -83.81 0.545 0x0000FF
63.18 83.1 -82.22 61.91 82.0 -83.89 0.545 0x0000FF
65.19 87.47 -81.23 63.18 83.1 -82.22 0.545 0x0000FF
67.56 91.11 -80.4 65.19 87.47 -81.23 0.545 0x0000FF
70.12 93.48 -78.05 67.56 91.11 -80.4 0.545 0x0000FF
71.84 95.83 -75.86 70.12 93.48 -78.05 0.365 0x0000FF
73.67 99.48 -75.7 71.84 95.83 -75.86 0.365 0x0000FF
74.94 103.12 -75.48 73.67 99.48 -75.7 0.365 0x0000FF
0.4 15.56 -66.08 9.27 12.41 -69.01 0.64 0x0000FF
-1.61 15.92 -65.4 0.4 15.56 -66.08 0.64 0x0000FF
-6.72 17.73 -64.42 -1.61 15.92 -65.4 0.545 0x0000FF
-9.63 18.11 -63.58 -6.72 17.73 -64.42 0.545 0x0000FF
-11.46 18.64 -63.36 -9.63 18.11 -63.58 0.545 0x0000FF
-14.38 19.75 -62.9 -11.46 18.64 -63.36 0.545 0x0000FF
-16.02 21.02 -62.37 -14.38 19.75 -62.9 0.545 0x0000FF
-17.3 22.12 -61.69 -16.02 21.02 -62.37 0.545 0x0000FF
-19.12 24.12 -60.78 -17.3 22.12 -61.69 0.545 0x0000FF
-20.39 25.4 -60.25 -19.12 24.12 -60.78 0.545 0x0000FF
-21.86 26.67 -59.65 -20.39 25.4 -60.25 0.545 0x0000FF
-23.14 27.76 -58.89 -21.86 26.67 -59.65 0.545 0x0000FF
-24.78 28.67 -58.28 -23.14 27.76 -58.89 0.545 0x0000FF
-27.15 29.04 -57.75 -24.78 28.67 -58.28 0.545 0x0000FF
-29.52 29.04 -57.37 -27.15 29.04 -57.75 0.545 0x0000FF
-30.98 29.04 -56.62 -29.52 29.04 -57.37 0.545 0x0000FF
-32.26 28.67 -55.63 -30.98 29.04 -56.62 0.545 0x0000FF
-33.17 28.31 -55.18 -32.26 28.67 -55.63 0.545 0x0000FF
-34.45 27.95 -54.19 -33.17 28.31 -55.18 0.545 0x0000FF
-35.54 27.58 -53.66 -34.45 27.95 -54.19 0.545 0x0000FF
-36.82 27.03 -52.45 -35.54 27.58 -53.66 0.545 0x0000FF
-37.54 26.85 -51.24 -36.82 27.03 -52.45 0.545 0x0000FF
-37.9 26.49 -50.18 -37.54 26.85 -51.24 0.545 0x0000FF
-38.46 26.12 -49.27 -37.9 26.49 -50.18 0.545 0x0000FF
-39.19 25.76 -48.43 -38.46 26.12 -49.27 0.545 0x0000FF
-39.92 25.4 -48.06 -39.19 25.76 -48.43 0.545 0x0000FF
-40.83 25.21 -47.3 -39.92 25.4 -48.06 0.545 0x0000FF
-41.2 25.03 -46.39 -40.83 25.21 -47.3 0.545 0x0000FF
-42.11 24.67 -44.87 -41.2 25.03 -46.39 0.545 0x0000FF
-43.21 24.3 -43.66 -42.11 24.67 -44.87 0.545 0x0000FF
-44.48 23.94 -42.22 -43.21 24.3 -43.66 0.545 0x0000FF
-45.58 23.57 -40.25 -44.48 23.94 -42.22 0.545 0x0000FF
-45.76 23.57 -38.06 -45.58 23.57 -40.25 0.545 0x0000FF
-47.68 20.66 -38.06 -45.76 23.57 -38.06 0.365 0x0000FF
-48.59 19.73 -37.75 -47.68 20.66 -38.06 0.365 0x0000FF
-49.5 18.29 -37.53 -48.59 19.73 -37.75 0.365 0x0000FF
-50.42 16.28 -38.44 -49.5 18.29 -37.53 0.365 0x0000FF
-50.78 15.55 -39.5 -50.42 16.28 -38.44 0.365 0x0000FF
-51.33 14.83 -39.86 -50.78 15.55 -39.5 0.365 0x0000FF
-52.24 14.1 -40.18 -51.33 14.83 -39.86 0.365 0x0000FF
-53.15 13.55 -41.01 -52.24 14.1 -40.18 0.365 0x0000FF
-53.34 13.19 -42.07 -53.15 13.55 -41.01 0.365 0x0000FF
-53.7 12.46 -42.37 -53.34 13.19 -42.07 0.365 0x0000FF
-53.88 12.09 -43.21 -53.7 12.46 -42.37 0.365 0x0000FF
-54.25 11.36 -43.97 -53.88 12.09 -43.21 0.365 0x0000FF
-54.07 10.82 -44.42 -54.25 11.36 -43.97 0.365 0x0000FF
-54.25 10.09 -44.57 -54.07 10.82 -44.42 0.365 0x0000FF
-54.25 9.36 -45.18 -54.25 10.09 -44.57 0.365 0x0000FF
-54.25 8.44 -45.71 -54.25 9.36 -45.18 0.365 0x0000FF
-54.25 8.08 -46.09 -54.25 8.44 -45.71 0.365 0x0000FF
-54.07 6.99 -47.22 -54.25 8.08 -46.09 0.365 0x0000FF
-53.7 6.08 -47.53 -54.07 6.99 -47.22 0.365 0x0000FF
-53.34 5.53 -48.13 -53.7 6.08 -47.53 0.365 0x0000FF
-52.79 4.62 -48.89 -53.34 5.53 -48.13 0.365 0x0000FF
-52.42 3.71 -49.8 -52.79 4.62 -48.89 0.365 0x0000FF
-52.06 2.62 -50.18 -52.42 3.71 -49.8 0.365 0x0000FF
-52.06 1.89 -51.31 -52.06 2.62 -50.18 0.365 0x0000FF
-51.88 0.8 -52.45 -52.06 1.89 -51.31 0.365 0x0000FF
-51.69 0.07 -53.51 -51.88 0.8 -52.45 0.365 0x0000FF
-51.69 -5.58 -54.95 -51.69 0.07 -53.51 0.365 0x0000FF
-52.79 -8.68 -54.87 -51.69 -5.58 -54.95 0.365 0x0000FF
-53.7 -13.96 -54.87 -52.79 -8.68 -54.87 0.365 0x0000FF
-53.88 -18.88 -54.87 -53.7 -13.96 -54.87 0.365 0x0000FF
-55.71 -25.99 -54.87 -53.88 -18.88 -54.87 0.365 0x0000FF
-57.9 -33.64 -54.87 -55.71 -25.99 -54.87 0.365 0x0000FF
-58.63 -40.38 -54.87 -57.9 -33.64 -54.87 0.365 0x0000FF
-57.53 -45.66 -54.87 -58.63 -40.38 -54.87 0.365 0x0000FF
-48.96 -8.31 -55.02 -51.69 -5.58 -54.95 0.365 0x0000FF
-45.86 -10.32 -55.02 -48.96 -8.31 -55.02 0.365 0x0000FF
-43.12 -12.87 -55.18 -45.86 -10.32 -55.02 0.365 0x0000FF
-40.02 -15.97 -55.25 -43.12 -12.87 -55.18 0.365 0x0000FF
-32.35 -21.25 -55.25 -40.02 -15.97 -55.25 0.365 0x0000FF
-29.25 -23.8 -55.25 -32.35 -21.25 -55.25 0.365 0x0000FF
-27.06 -26.17 -55.25 -29.25 -23.8 -55.25 0.365 0x0000FF
-24.87 -27.81 -55.48 -27.06 -26.17 -55.25 0.365 0x0000FF
-19.22 -30.36 -55.48 -24.87 -27.81 -55.48 0.365 0x0000FF
-16.66 -30.54 -55.48 -19.22 -30.36 -55.48 0.365 0x0000FF
-51.23 23.03 -37.6 -45.76 23.57 -38.06 0.545 0x0000FF
-53.61 22.48 -36.92 -51.23 23.03 -37.6 0.545 0x0000FF
-58.9 20.48 -36.61 -53.61 22.48 -36.92 0.545 0x0000FF
-60.54 19.75 -35.78 -58.9 20.48 -36.61 0.545 0x0000FF
-62.18 18.84 -35.03 -60.54 19.75 -35.78 0.545 0x0000FF
-63.82 17.73 -34.72 -62.18 18.84 -35.03 0.545 0x0000FF
-65.83 16.64 -33.81 -63.82 17.73 -34.72 0.545 0x0000FF
-69.3 15.92 -33.06 -65.83 16.64 -33.81 0.545 0x0000FF
-73.59 13.91 -24.8 -69.3 15.92 -33.06 0.545 0x0000FF
-75.23 13.91 -23.89 -73.59 13.91 -24.8 0.545 0x0000FF
-79.61 8.27 -23.74 -75.23 13.91 -23.89 0.365 0x0000FF
-82.16 4.62 -23.66 -79.61 8.27 -23.74 0.365 0x0000FF
-85.08 0.61 -23.44 -82.16 4.62 -23.66 0.365 0x0000FF
-87.27 -1.21 -23.44 -85.08 0.61 -23.44 0.365 0x0000FF
-78.51 13.55 -23.13 -75.23 13.91 -23.89 0.545 0x0000FF
-79.79 13.55 -22.15 -78.51 13.55 -23.13 0.545 0x0000FF
-80.52 13.91 -21.24 -79.79 13.55 -22.15 0.545 0x0000FF
-81.06 14.1 -20.41 -80.52 13.91 -21.24 0.545 0x0000FF
-81.62 14.28 -19.57 -81.06 14.1 -20.41 0.545 0x0000FF
-82.71 14.64 -18.89 -81.62 14.28 -19.57 0.545 0x0000FF
-83.26 14.64 -18.21 -82.71 14.64 -18.89 0.455 0x0000FF
-83.62 15.01 -16.01 -83.26 14.64 -18.21 0.455 0x0000FF
-84.17 15.19 -14.95 -83.62 15.01 -16.01 0.455 0x0000FF
-85.63 15.37 -13.89 -84.17 15.19 -14.95 0.455 0x0000FF
-85.81 15.37 -11.92 -85.63 15.37 -13.89 0.455 0x0000FF
-87.27 15.19 -10.48 -85.81 15.37 -11.92 0.365 0x0000FF
-88.0 14.64 -9.94 -87.27 15.19 -10.48 0.365 0x0000FF
-88.55 14.1 -9.42 -88.0 14.64 -9.94 0.365 0x0000FF
-89.28 13.73 -8.59 -88.55 14.1 -9.42 0.365 0x0000FF
-90.01 13.37 -6.77 -89.28 13.73 -8.59 0.365 0x0000FF
-90.92 13.37 -6.24 -90.01 13.37 -6.77 0.365 0x0000FF
-91.83 13.37 -5.33 -90.92 13.37 -6.24 0.365 0x0000FF
-92.56 13.55 -4.58 -91.83 13.37 -5.33 0.365 0x0000FF
-93.66 13.73 -3.44 -92.56 13.55 -4.58 0.365 0x0000FF
-94.39 14.46 -1.85 -93.66 13.73 -3.44 0.365 0x0000FF
-95.12 15.19 0.8 -94.39 14.46 -1.85 0.365 0x0000FF
-95.67 15.74 2.62 -95.12 15.19 0.8 0.365 0x0000FF
-96.03 16.47 3.98 -95.67 15.74 2.62 0.365 0x0000FF
-96.03 16.64 4.44 -96.03 16.47 3.98 0.365 0x0000FF
1.4 12.64 -69.11 9.27 12.41 -69.01 0.73 0x0000FF
-5.35 10.82 -68.58 1.4 12.64 -69.11 0.73 0x0000FF
-7.54 11.18 -68.81 -5.35 10.82 -68.58 0.365 0x0000FF
-9.0 11.73 -68.36 -7.54 11.18 -68.81 0.365 0x0000FF
-9.73 12.09 -67.83 -9.0 11.73 -68.36 0.365 0x0000FF
-10.28 12.27 -67.14 -9.73 12.09 -67.83 0.365 0x0000FF
-10.64 12.27 -65.86 -10.28 12.27 -67.14 0.365 0x0000FF
-11.92 12.46 -64.95 -10.64 12.27 -65.86 0.365 0x0000FF
-13.2 13.0 -64.27 -11.92 12.46 -64.95 0.365 0x0000FF
-14.47 13.37 -63.74 -13.2 13.0 -64.27 0.365 0x0000FF
-15.39 13.55 -63.43 -14.47 13.37 -63.74 0.365 0x0000FF
-16.3 14.28 -62.75 -15.39 13.55 -63.43 0.365 0x0000FF
-17.03 14.83 -61.92 -16.3 14.28 -62.75 0.365 0x0000FF
-19.22 16.47 -61.16 -17.03 14.83 -61.92 0.275 0x0000FF
-20.49 17.55 -60.71 -19.22 16.47 -61.16 0.275 0x0000FF
-21.04 18.29 -60.18 -20.49 17.55 -60.71 0.275 0x0000FF
-22.32 19.55 -59.42 -21.04 18.29 -60.18 0.275 0x0000FF
-23.23 20.47 -58.89 -22.32 19.55 -59.42 0.275 0x0000FF
-24.33 21.02 -58.28 -23.23 20.47 -58.89 0.275 0x0000FF
-25.97 21.38 -57.37 -24.33 21.02 -58.28 0.275 0x0000FF
-26.88 21.93 -56.77 -25.97 21.38 -57.37 0.275 0x0000FF
-27.43 21.93 -56.01 -26.88 21.93 -56.77 0.275 0x0000FF
-28.34 22.3 -55.78 -27.43 21.93 -56.01 0.275 0x0000FF
-30.16 22.66 -55.1 -28.34 22.3 -55.78 0.275 0x0000FF
-32.17 23.21 -54.42 -30.16 22.66 -55.1 0.275 0x0000FF
-33.81 24.12 -53.96 -32.17 23.21 -54.42 0.275 0x0000FF
-35.27 25.21 -53.59 -33.81 24.12 -53.96 0.275 0x0000FF
-36.54 26.12 -52.83 -35.27 25.21 -53.59 0.275 0x0000FF
-37.28 26.49 -52.22 -36.54 26.12 -52.83 0.275 0x0000FF
-38.36 26.85 -51.99 -37.28 26.49 -52.22 0.275 0x0000FF
-39.47 27.76 -51.31 -38.36 26.85 -51.99 0.275 0x0000FF
-41.11 28.67 -50.71 -39.47 27.76 -51.31 0.275 0x0000FF
-43.85 30.13 -50.33 -41.11 28.67 -50.71 0.275 0x0000FF
-46.22 31.41 -49.8 -43.85 30.13 -50.33 0.275 0x0000FF
-48.96 32.68 -48.74 -46.22 31.41 -49.8 0.275 0x0000FF
-52.24 33.59 -48.13 -48.96 32.68 -48.74 0.275 0x0000FF
-54.25 34.14 -47.45 -52.24 33.59 -48.13 0.275 0x0000FF
-55.53 34.69 -47.15 -54.25 34.14 -47.45 0.275 0x0000FF
-56.8 35.22 -46.62 -55.53 34.69 -47.15 0.275 0x0000FF
-58.81 35.78 -46.16 -56.8 35.22 -46.62 0.275 0x0000FF
-59.9 36.32 -45.33 -58.81 35.78 -46.16 0.275 0x0000FF
-60.63 36.86 -44.65 -59.9 36.32 -45.33 0.275 0x0000FF
-61.55 37.04 -44.27 -60.63 36.86 -44.65 0.275 0x0000FF
-62.46 37.6 -43.51 -61.55 37.04 -44.27 0.275 0x0000FF
-63.19 37.78 -42.53 -62.46 37.6 -43.51 0.275 0x0000FF
-63.92 38.15 -42.0 -63.19 37.78 -42.53 0.275 0x0000FF
-64.83 38.33 -41.09 -63.92 38.15 -42.0 0.275 0x0000FF
-65.38 38.69 -40.1 -64.83 38.33 -41.09 0.275 0x0000FF
-66.29 39.06 -38.74 -65.38 38.69 -40.1 0.275 0x0000FF
-67.2 39.42 -37.83 -66.29 39.06 -38.74 0.275 0x0000FF
-67.75 39.79 -37.07 -67.2 39.42 -37.83 0.275 0x0000FF
-68.66 40.15 -36.15 -67.75 39.79 -37.07 0.275 0x0000FF
-69.2 40.33 -35.63 -68.66 40.15 -36.15 0.275 0x0000FF
-69.94 40.52 -34.19 -69.2 40.33 -35.63 0.275 0x0000FF
-70.84 40.7 -33.74 -69.94 40.52 -34.19 0.275 0x0000FF
-71.58 40.88 -33.21 -70.84 40.7 -33.74 0.275 0x0000FF
-72.86 41.06 -32.45 -71.58 40.88 -33.21 0.275 0x0000FF
-75.23 41.06 -31.77 -72.86 41.06 -32.45 0.275 0x0000FF
-76.33 41.06 -31.39 -75.23 41.06 -31.77 0.275 0x0000FF
-77.05 41.24 -30.86 -76.33 41.06 -31.39 0.275 0x0000FF
-78.15 41.24 -30.18 -77.05 41.24 -30.86 0.275 0x0000FF
-79.43 41.79 -29.5 -78.15 41.24 -30.18 0.275 0x0000FF
-83.44 42.34 -28.74 -79.43 41.79 -29.5 0.275 0x0000FF
-84.17 42.52 -28.13 -83.44 42.34 -28.74 0.275 0x0000FF
-84.9 42.88 -27.68 -84.17 42.52 -28.13 0.275 0x0000FF
-86.54 43.43 -26.47 -84.9 42.88 -27.68 0.275 0x0000FF
-88.0 43.61 -25.1 -86.54 43.43 -26.47 0.275 0x0000FF
-88.55 43.61 -25.03 -88.0 43.61 -25.1 0.275 0x0000FF
-89.64 43.98 -24.42 -88.55 43.61 -25.03 0.275 0x0000FF
-90.37 44.34 -23.82 -89.64 43.98 -24.42 0.275 0x0000FF
-92.56 45.07 -22.23 -90.37 44.34 -23.82 0.275 0x0000FF
-93.48 45.43 -21.16 -92.56 45.07 -22.23 0.275 0x0000FF
-94.57 45.98 -20.48 -93.48 45.43 -21.16 0.275 0x0000FF
-96.03 46.16 -19.95 -94.57 45.98 -20.48 0.275 0x0000FF
-97.31 46.16 -19.2 -96.03 46.16 -19.95 0.275 0x0000FF
-98.58 46.16 -18.44 -97.31 46.16 -19.2 0.275 0x0000FF
-99.5 46.16 -17.6 -98.58 46.16 -18.44 0.275 0x0000FF
-100.96 46.16 -15.63 -99.5 46.16 -17.6 0.275 0x0000FF
-101.69 45.98 -14.42 -100.96 46.16 -15.63 0.275 0x0000FF
-102.96 45.43 -12.83 -101.69 45.98 -14.42 0.275 0x0000FF
-103.88 45.25 -11.7 -102.96 45.43 -12.83 0.275 0x0000FF
-104.61 44.89 -10.86 -103.88 45.25 -11.7 0.275 0x0000FF
-105.34 44.71 -10.02 -104.61 44.89 -10.86 0.275 0x0000FF
-106.25 44.71 -9.11 -105.34 44.71 -10.02 0.275 0x0000FF
-106.98 44.52 -8.06 -106.25 44.71 -9.11 0.275 0x0000FF
-107.71 44.34 -6.77 -106.98 44.52 -8.06 0.275 0x0000FF
-108.25 43.98 -6.01 -107.71 44.34 -6.77 0.275 0x0000FF
-108.8 43.43 -3.74 -108.25 43.98 -6.01 0.275 0x0000FF
-110.08 42.7 -3.21 -108.8 43.43 -3.74 0.275 0x0000FF
-110.44 41.97 -2.23 -110.08 42.7 -3.21 0.275 0x0000FF
-110.63 40.88 -1.62 -110.44 41.97 -2.23 0.275 0x0000FF
-110.63 39.6 -0.26 -110.63 40.88 -1.62 0.275 0x0000FF
-110.81 37.96 0.12 -110.63 39.6 -0.26 0.275 0x0000FF
-111.36 36.69 1.18 -110.81 37.96 0.12 0.275 0x0000FF
-111.72 36.32 2.17 -111.36 36.69 1.18 0.275 0x0000FF
-114.09 35.04 3.08 -111.72 36.32 2.17 0.275 0x0000FF
-115.01 33.96 4.21 -114.09 35.04 3.08 0.275 0x0000FF
-115.92 32.32 5.27 -115.01 33.96 4.21 0.275 0x0000FF
-116.1 31.04 5.8 -115.92 32.32 5.27 0.275 0x0000FF
-116.1 29.95 6.26 -116.1 31.04 5.8 0.275 0x0000FF
-116.46 28.67 8.91 -116.1 29.95 6.26 0.275 0x0000FF
-117.38 27.94 9.06 -116.46 28.67 8.91 0.275 0x0000FF
-118.84 26.85 9.89 -117.38 27.94 9.06 0.275 0x0000FF
-120.48 26.3 10.95 -118.84 26.85 9.89 0.275 0x0000FF
-122.85 25.76 11.79 -120.48 26.3 10.95 0.275 0x0000FF
-127.59 24.85 12.62 -122.85 25.76 11.79 0.275 0x0000FF
-131.97 23.94 13.76 -127.59 24.85 12.62 0.275 0x0000FF
-136.35 23.94 14.51 -131.97 23.94 13.76 0.275 0x0000FF
-139.44 23.94 14.74 -136.35 23.94 14.51 0.275 0x0000FF
-144.38 23.94 15.2 -139.44 23.94 14.74 0.275 0x0000FF
-147.47 24.66 16.55 -144.38 23.94 15.2 0.275 0x0000FF
-9.91 5.9 -68.36 -5.35 10.82 -68.58 0.73 0x0000FF
-12.28 4.44 -68.2 -9.91 5.9 -68.36 0.73 0x0000FF
-12.83 3.89 -67.98 -12.28 4.44 -68.2 0.73 0x0000FF
-15.39 2.06 -67.68 -12.83 3.89 -67.98 0.73 0x0000FF
-17.94 0.61 -67.37 -15.39 2.06 -67.68 0.73 0x0000FF
-19.57 -0.11 -67.06 -17.94 0.61 -67.37 0.73 0x0000FF
-21.41 -0.84 -66.61 -19.57 -0.11 -67.06 0.73 0x0000FF
-24.14 -1.57 -66.08 -21.41 -0.84 -66.61 0.73 0x0000FF
-26.33 -2.29 -65.33 -24.14 -1.57 -66.08 0.73 0x0000FF
-28.7 -2.85 -64.42 -26.33 -2.29 -65.33 0.73 0x0000FF
-31.08 -3.21 -63.74 -28.7 -2.85 -64.42 0.73 0x0000FF
-33.81 -3.58 -62.9 -31.08 -3.21 -63.74 0.73 0x0000FF
-36.0 -3.76 -62.15 -33.81 -3.58 -62.9 0.73 0x0000FF
-39.1 -4.12 -60.86 -36.0 -3.76 -62.15 0.73 0x0000FF
-41.48 -4.3 -60.1 -39.1 -4.12 -60.86 0.73 0x0000FF
-44.21 -4.3 -59.12 -41.48 -4.3 -60.1 0.73 0x0000FF
-46.59 -4.49 -58.36 -44.21 -4.3 -59.12 0.73 0x0000FF
-49.14 -4.67 -57.68 -46.59 -4.49 -58.36 0.73 0x0000FF
-50.6 -4.12 -57.37 -49.14 -4.67 -57.68 0.73 0x0000FF
-53.34 -7.59 -56.62 -50.6 -4.12 -57.37 0.365 0x0000FF
-55.16 -8.68 -56.31 -53.34 -7.59 -56.62 0.365 0x0000FF
-56.26 -9.77 -55.86 -55.16 -8.68 -56.31 0.365 0x0000FF
-57.17 -10.86 -55.33 -56.26 -9.77 -55.86 0.365 0x0000FF
-58.26 -12.5 -55.02 -57.17 -10.86 -55.33 0.365 0x0000FF
-59.36 -14.51 -54.95 -58.26 -12.5 -55.02 0.365 0x0000FF
-59.54 -16.32 -54.57 -59.36 -14.51 -54.95 0.365 0x0000FF
-59.36 -19.61 -54.12 -59.54 -16.32 -54.57 0.365 0x0000FF
-58.81 -23.07 -53.89 -59.36 -19.61 -54.12 0.365 0x0000FF
-58.81 -27.08 -53.74 -58.81 -23.07 -53.89 0.365 0x0000FF
-59.36 -31.09 -53.59 -58.81 -27.08 -53.74 0.365 0x0000FF
-59.54 -34.36 -53.13 -59.36 -31.09 -53.59 0.365 0x0000FF
-58.81 -40.75 -53.13 -59.54 -34.36 -53.13 0.365 0x0000FF
-57.17 -2.85 -56.24 -50.6 -4.12 -57.37 0.64 0x0000FF
-58.44 -2.85 -55.63 -57.17 -2.85 -56.24 0.64 0x0000FF
-64.65 -2.29 -55.33 -58.44 -2.85 -55.63 0.545 0x0000FF
-67.56 -2.29 -54.72 -64.65 -2.29 -55.33 0.545 0x0000FF
-72.13 -2.29 -54.27 -67.56 -2.29 -54.72 0.455 0x0000FF
-74.14 -2.29 -53.96 -72.13 -2.29 -54.27 0.455 0x0000FF
-75.95 -2.29 -53.36 -74.14 -2.29 -53.96 0.455 0x0000FF
-79.79 -2.48 -52.6 -75.95 -2.29 -53.36 0.365 0x0000FF
-82.53 -3.03 -52.15 -79.79 -2.48 -52.6 0.365 0x0000FF
-83.44 -3.21 -51.54 -82.53 -3.03 -52.15 0.365 0x0000FF
-84.35 -3.39 -50.93 -83.44 -3.21 -51.54 0.365 0x0000FF
-85.81 -4.12 -50.18 -84.35 -3.39 -50.93 0.365 0x0000FF
-86.72 -4.49 -49.19 -85.81 -4.12 -50.18 0.365 0x0000FF
-87.64 -5.22 -48.66 -86.72 -4.49 -49.19 0.365 0x0000FF
-88.37 -6.49 -47.83 -87.64 -5.22 -48.66 0.365 0x0000FF
-89.28 -8.13 -47.07 -88.37 -6.49 -47.83 0.365 0x0000FF
-90.56 -11.59 -45.93 -89.28 -8.13 -47.07 0.275 0x0000FF
-91.65 -12.5 -45.63 -90.56 -11.59 -45.93 0.275 0x0000FF
-94.02 -13.96 -45.56 -91.65 -12.5 -45.63 0.275 0x0000FF
-95.48 -14.69 -45.25 -94.02 -13.96 -45.56 0.275 0x0000FF
-97.85 -15.6 -44.5 -95.48 -14.69 -45.25 0.275 0x0000FF
-100.96 -16.14 -44.95 -97.85 -15.6 -44.5 0.275 0x0000FF
-102.96 -16.14 -45.78 -100.96 -16.14 -44.95 0.275 0x0000FF
-104.06 -16.14 -47.15 -102.96 -16.14 -45.78 0.275 0x0000FF
-105.52 -15.97 -48.13 -104.06 -16.14 -47.15 0.275 0x0000FF
-107.16 -15.6 -48.43 -105.52 -15.97 -48.13 0.275 0x0000FF
-108.07 -15.42 -49.42 -107.16 -15.6 -48.43 0.275 0x0000FF
-110.26 -14.69 -50.48 -108.07 -15.42 -49.42 0.275 0x0000FF
-112.27 -14.33 -51.39 -110.26 -14.69 -50.48 0.275 0x0000FF
-115.73 -13.96 -51.99 -112.27 -14.33 -51.39 0.275 0x0000FF
-116.65 -13.42 -53.06 -115.73 -13.96 -51.99 0.275 0x0000FF
-117.92 -12.87 -54.65 -116.65 -13.42 -53.06 0.275 0x0000FF
-118.84 -12.14 -55.33 -117.92 -12.87 -54.65 0.275 0x0000FF
-119.93 -11.78 -56.01 -118.84 -12.14 -55.33 0.275 0x0000FF
-120.66 -10.68 -56.69 -119.93 -11.78 -56.01 0.275 0x0000FF
-121.21 -9.77 -57.6 -120.66 -10.68 -56.69 0.275 0x0000FF
-121.94 -8.68 -59.04 -121.21 -9.77 -57.6 0.275 0x0000FF
-122.49 -7.77 -60.02 -121.94 -8.68 -59.04 0.275 0x0000FF
-122.49 -6.86 -60.18 -122.49 -7.77 -60.02 0.275 0x0000FF
-123.03 -5.58 -61.08 -122.49 -6.86 -60.18 0.275 0x0000FF
-123.58 -4.3 -61.84 -123.03 -5.58 -61.08 0.275 0x0000FF
-124.86 -2.67 -62.75 -123.58 -4.3 -61.84 0.275 0x0000FF
-126.13 -1.21 -63.36 -124.86 -2.67 -62.75 0.275 0x0000FF
-129.97 2.06 -64.42 -126.13 -1.21 -63.36 0.275 0x0000FF
-134.35 6.08 -65.55 -129.97 2.06 -64.42 0.275 0x0000FF
-137.99 8.81 -66.16 -134.35 6.08 -65.55 0.275 0x0000FF
5.23 20.29 -73.05 9.27 12.41 -69.01 1.005 0x0000FF
5.41 27.94 -71.08 5.23 20.29 -73.05 1.005 0x0000FF
9.98 3.16 -72.14 9.27 12.41 -69.01 2.19 0x0000FF
10.52 -0.3 -71.61 9.98 3.16 -72.14 2.19 0x0000FF
10.52 -3.58 -70.7 10.52 -0.3 -71.61 2.005 0x0000FF
10.52 -5.95 -70.55 10.52 -3.58 -70.7 2.005 0x0000FF
10.89 -9.94 -69.87 10.52 -5.95 -70.55 1.735 0x0000FF
11.8 -14.51 -69.42 10.89 -9.94 -69.87 1.735 0x0000FF
12.53 -16.88 -68.95 11.8 -14.51 -69.42 1.735 0x0000FF
14.17 -20.7 -68.66 12.53 -16.88 -68.95 1.735 0x0000FF
16.18 -25.44 -67.98 14.17 -20.7 -68.66 1.735 0x0000FF
18.0 -31.09 -66.84 16.18 -25.44 -67.98 1.64 0x0000FF
18.92 -33.64 -66.31 18.0 -31.09 -66.84 1.64 0x0000FF
20.38 -39.29 -65.86 18.92 -33.64 -66.31 1.64 0x0000FF
22.38 -43.84 -64.65 20.38 -39.29 -65.86 1.64 0x0000FF
23.11 -49.86 -64.34 22.38 -43.84 -64.65 1.64 0x0000FF
23.29 -52.22 -63.74 23.11 -49.86 -64.34 1.64 0x0000FF
23.14 -53.76 -64.87 23.29 -52.22 -63.74 1.275 0x0000FF
23.14 -57.77 -64.65 23.14 -53.76 -64.87 1.275 0x0000FF
22.96 -61.42 -64.27 23.14 -57.77 -64.65 1.275 0x0000FF
23.87 -67.25 -63.74 22.96 -61.42 -64.27 1.185 0x0000FF
24.78 -74.34 -63.36 23.87 -67.25 -63.74 1.185 0x0000FF
25.51 -83.1 -63.05 24.78 -74.34 -63.36 1.185 0x0000FF
25.51 -94.39 -62.45 25.51 -83.1 -63.05 1.185 0x0000FF
25.51 -104.96 -61.77 25.51 -94.39 -62.45 1.185 0x0000FF
25.7 -113.16 -60.86 25.51 -104.96 -61.77 1.185 0x0000FF
26.06 -123.55 -60.48 25.7 -113.16 -60.86 1.185 0x0000FF
26.61 -129.01 -60.93 26.06 -123.55 -60.48 1.185 0x0000FF
27.16 -135.94 -61.08 26.61 -129.01 -60.93 1.185 0x0000FF
27.89 -139.4 -60.18 27.16 -135.94 -61.08 1.185 0x0000FF
28.43 -141.94 -60.02 27.89 -139.4 -60.18 1.185 0x0000FF
28.43 -143.59 -59.34 28.43 -141.94 -60.02 1.185 0x0000FF
29.35 -145.9 -57.75 28.43 -143.59 -59.34 1.185 0x0000FF
29.71 -148.08 -57.3 29.35 -145.9 -57.75 1.185 0x0000FF
29.71 -150.27 -56.92 29.71 -148.08 -57.3 1.185 0x0000FF
29.9 -155.19 -56.09 29.71 -150.27 -56.92 1.185 0x0000FF
30.08 -159.19 -55.25 29.9 -155.19 -56.09 1.185 0x0000FF
30.7 -160.44 -53.51 30.08 -159.19 -55.25 1.275 0x0000FF
30.89 -169.56 -53.28 30.7 -160.44 -53.51 1.275 0x0000FF
33.08 -180.49 -52.68 30.89 -169.56 -53.28 1.275 0x0000FF
34.54 -191.6 -52.53 33.08 -180.49 -52.68 1.275 0x0000FF
35.7 -192.52 -52.68 34.54 -191.6 -52.53 0.455 0x0000FF
35.88 -193.43 -53.28 35.7 -192.52 -52.68 0.455 0x0000FF
36.25 -193.79 -53.36 35.88 -193.43 -53.28 0.455 0x0000FF
36.79 -194.34 -53.66 36.25 -193.79 -53.36 0.455 0x0000FF
37.15 -194.7 -54.27 36.79 -194.34 -53.66 0.455 0x0000FF
37.53 -195.07 -55.25 37.15 -194.7 -54.27 0.455 0x0000FF
37.89 -195.25 -56.62 37.53 -195.07 -55.25 0.455 0x0000FF
38.26 -195.43 -57.52 37.89 -195.25 -56.62 0.455 0x0000FF
38.79 -195.98 -58.21 38.26 -195.43 -57.52 0.455 0x0000FF
40.26 -196.89 -58.59 38.79 -195.98 -58.21 0.455 0x0000FF
40.99 -197.44 -59.65 40.26 -196.89 -58.59 0.455 0x0000FF
41.54 -198.35 -60.71 40.99 -197.44 -59.65 0.455 0x0000FF
41.9 -199.08 -61.62 41.54 -198.35 -60.71 0.455 0x0000FF
42.09 -199.8 -62.22 41.9 -199.08 -61.62 0.455 0x0000FF
42.63 -201.63 -63.13 42.09 -199.8 -62.22 0.455 0x0000FF
42.82 -202.54 -63.51 42.63 -201.63 -63.13 0.455 0x0000FF
42.82 -203.45 -64.04 42.82 -202.54 -63.51 0.455 0x0000FF
43.36 -204.54 -64.34 42.82 -203.45 -64.04 0.365 0x0000FF
43.36 -205.09 -64.8 43.36 -204.54 -64.34 0.365 0x0000FF
43.55 -205.45 -65.4 43.36 -205.09 -64.8 0.365 0x0000FF
43.55 -206.55 -66.08 43.55 -205.45 -65.4 0.365 0x0000FF
43.91 -207.82 -66.77 43.55 -206.55 -66.08 0.365 0x0000FF
43.91 -208.19 -67.9 43.91 -207.82 -66.77 0.365 0x0000FF
43.91 -208.73 -68.66 43.91 -208.19 -67.9 0.365 0x0000FF
44.09 -210.01 -69.72 43.91 -208.73 -68.66 0.365 0x0000FF
44.28 -211.28 -70.93 44.09 -210.01 -69.72 0.365 0x0000FF
44.28 -212.56 -71.54 44.28 -211.28 -70.93 0.365 0x0000FF
44.09 -213.47 -72.67 44.28 -212.56 -71.54 0.365 0x0000FF
35.27 -195.79 -52.45 34.54 -191.6 -52.53 0.91 0x0000FF
36.9 -200.9 -52.07 35.27 -195.79 -52.45 0.91 0x0000FF
38.36 -204.72 -52.07 36.9 -200.9 -52.07 0.91 0x0000FF
40.36 -211.28 -52.07 38.36 -204.72 -52.07 0.91 0x0000FF
41.65 -217.84 -52.07 40.36 -211.28 -52.07 0.91 0x0000FF
40.74 -224.58 -52.22 41.65 -217.84 -52.07 0.91 0x0000FF
40.56 -233.69 -52.3 40.74 -224.58 -52.22 0.91 0x0000FF
40.56 -240.43 -52.3 40.56 -233.69 -52.3 0.91 0x0000FF
40.92 -244.62 -51.77 40.56 -240.43 -52.3 0.91 0x0000FF
40.74 -253.19 -51.31 40.92 -244.62 -51.77 0.91 0x0000FF
41.1 -261.2 -51.09 40.74 -253.19 -51.31 0.91 0x0000FF
41.29 -266.49 -50.63 41.1 -261.2 -51.09 0.91 0x0000FF
41.29 -270.13 -50.48 41.29 -266.49 -50.63 0.91 0x0000FF
40.36 -277.97 -49.8 41.29 -270.13 -50.48 0.91 0x0000FF
40.56 -286.89 -49.04 40.36 -277.97 -49.8 0.91 0x0000FF
40.56 -290.89 -48.74 40.56 -286.89 -49.04 0.91 0x0000FF
41.1 -297.1 -47.45 40.56 -290.89 -48.74 0.82 0x0000FF
42.44 -298.82 -45.33 41.1 -297.1 -47.45 0.545 0x0000FF
43.35 -300.45 -45.71 42.44 -298.82 -45.33 0.545 0x0000FF
44.81 -302.29 -45.86 43.35 -300.45 -45.71 0.545 0x0000FF
45.36 -304.47 -46.39 44.81 -302.29 -45.86 0.545 0x0000FF
46.82 -307.39 -46.84 45.36 -304.47 -46.39 0.545 0x0000FF
47.73 -309.76 -47.22 46.82 -307.39 -46.84 0.545 0x0000FF
47.91 -311.58 -47.9 47.73 -309.76 -47.22 0.545 0x0000FF
48.28 -312.67 -48.59 47.91 -311.58 -47.9 0.545 0x0000FF
48.28 -313.39 -49.27 48.28 -312.67 -48.59 0.545 0x0000FF
48.64 -314.86 -49.5 48.28 -313.39 -49.27 0.545 0x0000FF
48.46 -315.95 -49.95 48.64 -314.86 -49.5 0.545 0x0000FF
48.09 -320.14 -51.31 48.46 -315.95 -49.95 0.455 0x0000FF
40.92 -298.92 -47.22 41.1 -297.1 -47.45 0.64 0x0000FF
39.46 -302.56 -46.54 40.92 -298.92 -47.22 0.545 0x0000FF
39.46 -304.57 -46.01 39.46 -302.56 -46.54 0.545 0x0000FF
39.1 -308.02 -45.56 39.46 -304.57 -46.01 0.545 0x0000FF
38.9 -312.58 -45.18 39.1 -308.02 -45.56 0.545 0x0000FF
38.9 -315.5 -44.8 38.9 -312.58 -45.18 0.545 0x0000FF
39.1 -318.6 -44.19 38.9 -315.5 -44.8 0.545 0x0000FF
39.28 -321.51 -43.74 39.1 -318.6 -44.19 0.545 0x0000FF
40.25 -325.06 -42.45 39.28 -321.51 -43.74 0.545 0x0000FF
40.25 -326.88 -42.15 40.25 -325.06 -42.45 0.545 0x0000FF
40.43 -328.7 -41.69 40.25 -326.88 -42.15 0.545 0x0000FF
40.43 -330.53 -41.47 40.43 -328.7 -41.69 0.545 0x0000FF
40.25 -332.17 -40.63 40.43 -330.53 -41.47 0.545 0x0000FF
40.25 -332.53 -39.5 40.25 -332.17 -40.63 0.545 0x0000FF
40.07 -333.26 -38.51 40.25 -332.53 -39.5 0.545 0x0000FF
41.16 -335.63 -37.6 40.07 -333.26 -38.51 0.275 0x0000FF
43.9 -338.73 -37.45 41.16 -335.63 -37.6 0.275 0x0000FF
45.36 -342.37 -37.07 43.9 -338.73 -37.45 0.275 0x0000FF
46.27 -346.01 -36.77 45.36 -342.37 -37.07 0.275 0x0000FF
47.73 -351.66 -36.61 46.27 -346.01 -36.77 0.275 0x0000FF
50.83 -355.31 -36.39 47.73 -351.66 -36.61 0.275 0x0000FF
52.29 -358.4 -36.24 50.83 -355.31 -36.39 0.275 0x0000FF
54.11 -362.05 -35.86 52.29 -358.4 -36.24 0.275 0x0000FF
39.34 -334.9 -37.38 40.07 -333.26 -38.51 0.455 0x0000FF
38.97 -335.99 -36.09 39.34 -334.9 -37.38 0.455 0x0000FF
37.88 -338.0 -35.71 38.97 -335.99 -36.09 0.455 0x0000FF
36.6 -340.55 -34.88 37.88 -338.0 -35.71 0.455 0x0000FF
36.22 -342.01 -33.97 36.6 -340.55 -34.88 0.455 0x0000FF
35.32 -344.92 -32.9 36.22 -342.01 -33.97 0.455 0x0000FF
34.04 -347.65 -31.77 35.32 -344.92 -32.9 0.365 0x0000FF
34.04 -348.02 -31.09 34.04 -347.65 -31.77 0.365 0x0000FF
33.86 -348.38 -30.25 34.04 -348.02 -31.09 0.365 0x0000FF
33.13 -350.2 -29.12 33.86 -348.38 -30.25 0.365 0x0000FF
32.95 -350.93 -28.36 33.13 -350.2 -29.12 0.365 0x0000FF
31.86 -352.94 -27.22 32.95 -350.93 -28.36 0.365 0x0000FF
31.67 -353.48 -25.94 31.86 -352.94 -27.22 0.365 0x0000FF
30.58 -355.12 -24.8 31.67 -353.48 -25.94 0.365 0x0000FF
29.48 -356.76 -23.82 30.58 -355.12 -24.8 0.365 0x0000FF
28.75 -357.49 -23.13 29.48 -356.76 -23.82 0.365 0x0000FF
27.11 -359.31 -22.0 28.75 -357.49 -23.13 0.275 0x0000FF
26.93 -359.68 -20.94 27.11 -359.31 -22.0 0.275 0x0000FF
26.38 -360.41 -20.56 26.93 -359.68 -20.94 0.275 0x0000FF
25.1 -362.05 -19.64 26.38 -360.41 -20.56 0.275 0x0000FF
24.56 -363.69 -19.42 25.1 -362.05 -19.64 0.275 0x0000FF
23.83 -366.78 -18.82 24.56 -363.69 -19.42 0.275 0x0000FF
22.37 -371.16 -17.91 23.83 -366.78 -18.82 0.275 0x0000FF
20.54 -375.53 -17.53 22.37 -371.16 -17.91 0.275 0x0000FF
19.07 -380.09 -17.07 20.54 -375.53 -17.53 0.275 0x0000FF
18.72 -383.73 -16.62 19.07 -380.09 -17.07 0.275 0x0000FF
18.54 -388.1 -15.79 18.72 -383.73 -16.62 0.275 0x0000FF
17.07 -391.75 -15.41 18.54 -388.1 -15.79 0.275 0x0000FF
15.8 -394.66 -15.18 17.07 -391.75 -15.41 0.275 0x0000FF
14.71 -397.39 -14.27 15.8 -394.66 -15.18 0.275 0x0000FF
14.34 -398.85 -13.21 14.71 -397.39 -14.27 0.275 0x0000FF
13.79 -400.67 -12.23 14.34 -398.85 -13.21 0.275 0x0000FF
13.61 -401.95 -11.47 13.79 -400.67 -12.23 0.275 0x0000FF
30.81 -167.94 -54.27 30.08 -159.19 -55.25 1.185 0x0000FF
31.17 -178.33 -54.12 30.81 -167.94 -54.27 1.185 0x0000FF
30.99 -184.89 -53.59 31.17 -178.33 -54.12 1.185 0x0000FF
31.17 -188.17 -53.59 30.99 -184.89 -53.59 1.185 0x0000FF
31.17 -191.08 -53.06 31.17 -188.17 -53.59 1.185 0x0000FF
30.26 -195.45 -52.37 31.17 -191.08 -53.06 1.185 0x0000FF
28.44 -200.92 -51.69 30.26 -195.45 -52.37 1.005 0x0000FF
27.52 -203.47 -51.39 28.44 -200.92 -51.69 1.005 0x0000FF
25.33 -207.66 -50.78 27.52 -203.47 -51.39 0.91 0x0000FF
24.97 -209.3 -50.63 25.33 -207.66 -50.78 0.91 0x0000FF
24.6 -211.31 -50.33 24.97 -209.3 -50.63 0.91 0x0000FF
24.97 -213.13 -50.03 24.6 -211.31 -50.33 0.91 0x0000FF
25.88 -215.68 -49.57 24.97 -213.13 -50.03 0.91 0x0000FF
26.61 -218.78 -49.27 25.88 -215.68 -49.57 0.82 0x0000FF
26.98 -222.24 -48.81 26.61 -218.78 -49.27 0.82 0x0000FF
26.61 -226.98 -48.36 26.98 -222.24 -48.81 0.64 0x0000FF
24.24 -231.53 -47.83 26.61 -226.98 -48.36 0.64 0x0000FF
23.51 -232.99 -47.45 24.24 -231.53 -47.83 0.64 0x0000FF
22.68 -234.42 -47.6 23.51 -232.99 -47.45 0.64 0x0000FF
21.22 -236.43 -48.13 22.68 -234.42 -47.6 0.64 0x0000FF
20.12 -238.43 -48.96 21.22 -236.43 -48.13 0.545 0x0000FF
19.03 -240.07 -50.1 20.12 -238.43 -48.96 0.545 0x0000FF
18.3 -241.53 -50.71 19.03 -240.07 -50.1 0.545 0x0000FF
16.84 -244.08 -51.99 18.3 -241.53 -50.71 0.545 0x0000FF
14.47 -246.26 -52.75 16.84 -244.08 -51.99 0.545 0x0000FF
12.09 -247.36 -53.59 14.47 -246.26 -52.75 0.545 0x0000FF
10.63 -248.27 -54.65 12.09 -247.36 -53.59 0.545 0x0000FF
9.72 -248.63 -55.86 10.63 -248.27 -54.65 0.545 0x0000FF
7.53 -249.36 -57.15 9.72 -248.63 -55.86 0.545 0x0000FF
5.89 -249.73 -58.43 7.53 -249.36 -57.15 0.545 0x0000FF
3.52 -250.45 -59.95 5.89 -249.73 -58.43 0.545 0x0000FF
1.88 -251.0 -60.93 3.52 -250.45 -59.95 0.545 0x0000FF
-0.68 -251.73 -62.68 1.88 -251.0 -60.93 0.545 0x0000FF
-2.87 -251.91 -63.58 -0.68 -251.73 -62.68 0.545 0x0000FF
-5.24 -252.28 -65.09 -2.87 -251.91 -63.58 0.545 0x0000FF
-8.16 -253.19 -66.61 -5.24 -252.28 -65.09 0.455 0x0000FF
-9.98 -253.55 -67.59 -8.16 -253.19 -66.61 0.455 0x0000FF
-11.62 -253.19 -69.04 -9.98 -253.55 -67.59 0.455 0x0000FF
-13.45 -253.19 -71.01 -11.62 -253.19 -69.04 0.365 0x0000FF
-14.18 -253.19 -73.05 -13.45 -253.19 -71.01 0.365 0x0000FF
-15.82 -253.19 -74.56 -14.18 -253.19 -73.05 0.365 0x0000FF
-18.01 -253.37 -75.55 -15.82 -253.19 -74.56 0.365 0x0000FF
-20.02 -253.73 -76.54 -18.01 -253.37 -75.55 0.365 0x0000FF
24.57 -54.23 -63.51 23.29 -52.22 -63.74 1.095 0x0000FF
27.0 -55.59 -61.92 24.57 -54.23 -63.51 0.64 0x0000FF
28.64 -57.05 -62.22 27.0 -55.59 -61.92 0.64 0x0000FF
30.46 -58.51 -62.68 28.64 -57.05 -62.22 0.64 0x0000FF
31.19 -58.87 -63.21 30.46 -58.51 -62.68 0.64 0x0000FF
32.47 -59.96 -63.81 31.19 -58.87 -63.21 0.64 0x0000FF
33.93 -61.6 -64.27 32.47 -59.96 -63.81 0.64 0x0000FF
35.75 -63.06 -64.72 33.93 -61.6 -64.27 0.64 0x0000FF
37.94 -65.06 -65.09 35.75 -63.06 -64.72 0.64 0x0000FF
41.05 -67.62 -65.33 37.94 -65.06 -65.09 0.64 0x0000FF
43.78 -70.34 -65.33 41.05 -67.62 -65.33 0.64 0x0000FF
45.61 -73.08 -65.55 43.78 -70.34 -65.33 0.64 0x0000FF
47.25 -76.0 -65.7 45.61 -73.08 -65.55 0.64 0x0000FF
48.34 -78.18 -65.78 47.25 -76.0 -65.7 0.64 0x0000FF
49.44 -80.73 -66.08 48.34 -78.18 -65.78 0.64 0x0000FF
51.99 -84.38 -66.16 49.44 -80.73 -66.08 0.64 0x0000FF
55.46 -87.84 -66.31 51.99 -84.38 -66.16 0.64 0x0000FF
58.2 -90.21 -66.31 55.46 -87.84 -66.31 0.64 0x0000FF
61.11 -92.58 -66.54 58.2 -90.21 -66.31 0.64 0x0000FF
64.03 -94.4 -66.61 61.11 -92.58 -66.54 0.64 0x0000FF
65.86 -95.86 -66.45 64.03 -94.4 -66.61 0.64 0x0000FF
67.87 -98.41 -66.01 65.86 -95.86 -66.45 0.64 0x0000FF
70.06 -101.32 -65.33 67.87 -98.41 -66.01 0.64 0x0000FF
71.51 -103.69 -64.34 70.06 -101.32 -65.33 0.64 0x0000FF
74.43 -107.88 -63.66 71.51 -103.69 -64.34 0.64 0x0000FF
76.62 -111.89 -63.28 74.43 -107.88 -63.66 0.64 0x0000FF
80.64 -119.72 -62.68 76.62 -111.89 -63.28 0.545 0x0000FF
81.37 -121.36 -63.96 80.64 -119.72 -62.68 0.545 0x0000FF
82.1 -122.82 -64.48 81.37 -121.36 -63.96 0.545 0x0000FF
82.1 -123.37 -63.89 82.1 -122.82 -64.48 0.545 0x0000FF
82.1 -123.73 -63.13 82.1 -123.37 -63.89 0.545 0x0000FF
82.28 -124.1 -61.39 82.1 -123.73 -63.13 0.545 0x0000FF
82.46 -125.37 -60.33 82.28 -124.1 -61.39 0.545 0x0000FF
83.19 -126.1 -57.75 82.46 -125.37 -60.33 0.455 0x0000FF
84.83 -126.65 -58.28 83.19 -126.1 -57.75 0.455 0x0000FF
85.38 -126.83 -58.59 84.83 -126.65 -58.28 0.455 0x0000FF
86.48 -127.56 -58.13 85.38 -126.83 -58.59 0.455 0x0000FF
87.02 -128.11 -57.68 86.48 -127.56 -58.13 0.455 0x0000FF
88.12 -129.19 -56.84 87.02 -128.11 -57.68 0.455 0x0000FF
88.48 -129.93 -56.16 88.12 -129.19 -56.84 0.455 0x0000FF
89.03 -130.84 -55.33 88.48 -129.93 -56.16 0.455 0x0000FF
89.58 -131.38 -54.8 89.03 -130.84 -55.33 0.455 0x0000FF
89.76 -131.93 -54.04 89.58 -131.38 -54.8 0.455 0x0000FF
90.67 -133.21 -52.75 89.76 -131.93 -54.04 0.455 0x0000FF
91.22 -134.47 -52.3 90.67 -133.21 -52.75 0.455 0x0000FF
92.13 -136.12 -51.24 91.22 -134.47 -52.3 0.455 0x0000FF
92.31 -137.03 -50.86 92.13 -136.12 -51.24 0.455 0x0000FF
92.68 -138.13 -50.18 92.31 -137.03 -50.86 0.455 0x0000FF
93.23 -140.13 -49.57 92.68 -138.13 -50.18 0.455 0x0000FF
93.77 -142.5 -48.21 93.23 -140.13 -49.57 0.455 0x0000FF
93.41 -147.6 -47.83 93.77 -142.5 -48.21 0.455 0x0000FF
93.77 -149.79 -46.84 93.41 -147.6 -47.83 0.455 0x0000FF
94.87 -152.34 -46.77 93.77 -149.79 -46.84 0.455 0x0000FF
95.78 -153.97 -45.93 94.87 -152.34 -46.77 0.455 0x0000FF
96.63 -155.38 -43.97 95.78 -153.97 -45.93 0.365 0x0000FF
96.81 -156.85 -43.97 96.63 -155.38 -43.97 0.365 0x0000FF
96.45 -159.04 -43.97 96.81 -156.85 -43.97 0.365 0x0000FF
95.9 -162.32 -43.97 96.45 -159.04 -43.97 0.365 0x0000FF
97.18 -165.05 -43.97 95.9 -162.32 -43.97 0.365 0x0000FF
81.18 -129.93 -50.4 82.46 -125.37 -60.33 0.545 0x0000FF
79.0 -135.58 -49.72 81.18 -129.93 -50.4 0.545 0x0000FF
76.44 -139.94 -49.65 79.0 -135.58 -49.72 0.365 0x0000FF
75.16 -142.32 -50.78 76.44 -139.94 -49.65 0.365 0x0000FF
74.06 -144.69 -51.54 75.16 -142.32 -50.78 0.365 0x0000FF
72.61 -146.51 -52.3 74.06 -144.69 -51.54 0.365 0x0000FF
71.15 -147.78 -53.21 72.61 -146.51 -52.3 0.365 0x0000FF
69.33 -148.33 -53.96 71.15 -147.78 -53.21 0.365 0x0000FF
67.5 -149.06 -54.42 69.33 -148.33 -53.96 0.365 0x0000FF
65.86 -149.61 -54.8 67.5 -149.06 -54.42 0.365 0x0000FF
64.58 -150.52 -54.87 65.86 -149.61 -54.8 0.365 0x0000FF
63.85 -151.24 -55.4 64.58 -150.52 -54.87 0.365 0x0000FF
62.57 -152.34 -56.39 63.85 -151.24 -55.4 0.365 0x0000FF
62.21 -152.69 -56.46 62.57 -152.34 -56.39 0.365 0x0000FF
61.3 -153.61 -57.22 62.21 -152.69 -56.46 0.365 0x0000FF
60.02 -154.71 -58.59 61.3 -153.61 -57.22 0.365 0x0000FF
58.56 -155.07 -59.12 60.02 -154.71 -58.59 0.365 0x0000FF
57.83 -155.62 -59.87 58.56 -155.07 -59.12 0.365 0x0000FF
57.1 -157.08 -60.48 57.83 -155.62 -59.87 0.365 0x0000FF
