-45.59 -4.84 32.54 -52.13 -7.96 27.31 0.64 0x0000FF
-42.49 -3.02 33.0 -45.59 -4.84 32.54 0.64 0x0000FF
-37.75 -0.65 33.45 -42.49 -3.02 33.0 0.64 0x0000FF
-33.54 1.17 34.06 -37.75 -0.65 33.45 0.64 0x0000FF
-26.8 3.73 34.51 -33.54 1.17 34.06 0.64 0x0000FF
-20.6 7.0 35.19 -26.8 3.73 34.51 0.64 0x0000FF
-15.67 9.74 35.57 -20.6 7.0 35.19 0.64 0x0000FF
-11.84 11.74 36.25 -15.67 9.74 35.57 0.64 0x0000FF
-10.02 12.65 36.4 -11.84 11.74 36.25 0.64 0x0000FF
-8.13 13.33 37.39 -10.02 12.65 36.4 0.455 0x0000FF
-5.21 13.69 37.92 -8.13 13.33 37.39 0.455 0x0000FF
-3.93 13.87 38.36 -5.21 13.69 37.92 0.455 0x0000FF
-2.47 13.87 39.06 -3.93 13.87 38.36 0.455 0x0000FF
-1.38 13.87 39.74 -2.47 13.87 39.06 0.455 0x0000FF
0.63 13.69 40.11 -1.38 13.87 39.74 0.455 0x0000FF
2.27 13.69 40.72 0.63 13.69 40.11 0.455 0x0000FF
3.0 13.87 40.95 2.27 13.69 40.72 0.455 0x0000FF
3.92 13.87 41.86 3.0 13.87 40.95 0.455 0x0000FF
4.63 13.87 42.39 3.92 13.87 41.86 0.455 0x0000FF
6.1 13.69 42.69 4.63 13.87 42.39 0.455 0x0000FF
7.38 13.33 43.15 6.1 13.69 42.69 0.455 0x0000FF
8.66 12.96 43.45 7.38 13.33 43.15 0.455 0x0000FF
9.39 12.96 43.98 8.66 12.96 43.45 0.455 0x0000FF
10.3 12.6 44.66 9.39 12.96 43.98 0.455 0x0000FF
11.94 12.05 45.42 10.3 12.6 44.66 0.455 0x0000FF
14.5 12.05 45.8 11.94 12.05 45.42 0.365 0x0000FF
15.41 12.23 46.33 14.5 12.05 45.8 0.365 0x0000FF
17.78 12.6 46.78 15.41 12.23 46.33 0.365 0x0000FF
19.61 13.15 47.09 17.78 12.6 46.78 0.365 0x0000FF
21.43 13.51 47.69 19.61 13.15 47.09 0.365 0x0000FF
26.9 13.87 48.6 21.43 13.51 47.69 0.365 0x0000FF
28.73 14.97 48.9 26.9 13.87 48.6 0.365 0x0000FF
30.74 16.23 49.59 28.73 14.97 48.9 0.365 0x0000FF
32.2 17.14 50.42 30.74 16.23 49.59 0.365 0x0000FF
36.21 18.79 51.33 32.2 17.14 50.42 0.365 0x0000FF
39.31 20.25 51.93 36.21 18.79 51.33 0.365 0x0000FF
44.6 21.71 52.92 39.31 20.25 51.93 0.365 0x0000FF
48.98 22.98 53.98 44.6 21.71 52.92 0.365 0x0000FF
51.9 24.08 55.04 48.98 22.98 53.98 0.365 0x0000FF
53.36 24.99 55.87 51.9 24.08 55.04 0.365 0x0000FF
54.27 25.54 56.1 53.36 24.99 55.87 0.365 0x0000FF
54.82 26.26 56.25 54.27 25.54 56.1 0.365 0x0000FF
55.18 26.63 56.55 54.82 26.26 56.25 0.365 0x0000FF
55.73 27.36 56.86 55.18 26.63 56.55 0.365 0x0000FF
56.1 27.9 57.24 55.73 27.36 56.86 0.365 0x0000FF
57.19 29.0 58.07 56.1 27.9 57.24 0.365 0x0000FF
57.92 29.91 58.52 57.19 29.0 58.07 0.365 0x0000FF
58.29 30.09 58.9 57.92 29.91 58.52 0.365 0x0000FF
58.83 30.82 59.43 58.29 30.09 58.9 0.365 0x0000FF
59.38 32.09 59.66 58.83 30.82 59.43 0.365 0x0000FF
59.38 33.19 60.04 59.38 32.09 59.66 0.365 0x0000FF
59.38 34.28 60.27 59.38 33.19 60.04 0.365 0x0000FF
59.2 35.19 61.1 59.38 34.28 60.27 0.365 0x0000FF
59.02 36.29 61.33 59.2 35.19 61.1 0.365 0x0000FF
58.83 37.2 61.63 59.02 36.29 61.33 0.365 0x0000FF
58.83 38.11 61.93 58.83 37.2 61.63 0.365 0x0000FF
58.83 38.65 62.54 58.83 38.11 61.93 0.365 0x0000FF
59.02 39.2 63.15 58.83 38.65 62.54 0.365 0x0000FF
59.56 39.75 63.6 59.02 39.2 63.15 0.365 0x0000FF
60.11 39.93 64.51 59.56 39.75 63.6 0.365 0x0000FF
60.84 40.29 64.58 60.11 39.93 64.51 0.365 0x0000FF
61.21 40.29 65.48 60.84 40.29 64.58 0.365 0x0000FF
61.57 40.47 66.48 61.21 40.29 65.48 0.365 0x0000FF
61.75 40.47 67.39 61.57 40.47 66.48 0.365 0x0000FF
62.12 40.65 67.98 61.75 40.47 67.39 0.365 0x0000FF
62.48 40.65 68.9 62.12 40.65 67.98 0.365 0x0000FF
62.85 40.84 70.72 62.48 40.65 68.9 0.365 0x0000FF
63.39 40.84 71.02 62.85 40.84 70.72 0.365 0x0000FF
63.94 41.02 71.4 63.39 40.84 71.02 0.365 0x0000FF
64.48 41.39 72.54 63.94 41.02 71.4 0.365 0x0000FF
65.04 41.75 72.92 64.48 41.39 72.54 0.365 0x0000FF
65.58 41.93 73.37 65.04 41.75 72.92 0.365 0x0000FF
66.86 42.12 74.43 65.58 41.93 73.37 0.365 0x0000FF
67.77 42.3 74.89 66.86 42.12 74.43 0.365 0x0000FF
68.31 42.3 75.34 67.77 42.3 74.89 0.365 0x0000FF
69.42 42.84 75.95 68.31 42.3 75.34 0.365 0x0000FF
69.95 43.03 76.25 69.42 42.84 75.95 0.365 0x0000FF
70.33 43.03 76.48 69.95 43.03 76.25 0.275 0x0000FF
71.23 43.39 77.23 70.33 43.03 76.48 0.275 0x0000FF
71.79 43.57 77.69 71.23 43.39 77.23 0.275 0x0000FF
72.34 43.57 78.59 71.79 43.57 77.69 0.275 0x0000FF
72.88 43.57 78.83 72.34 43.57 78.59 0.275 0x0000FF
73.25 43.57 79.36 72.88 43.57 78.83 0.275 0x0000FF
74.52 43.39 79.95 73.25 43.57 79.36 0.275 0x0000FF
75.44 43.39 80.56 74.52 43.39 79.95 0.275 0x0000FF
76.7 43.03 80.72 75.44 43.39 80.56 0.275 0x0000FF
77.26 43.03 80.95 76.7 43.03 80.72 0.275 0x0000FF
78.72 42.84 81.33 77.26 43.03 80.95 0.275 0x0000FF
80.0 42.84 81.7 78.72 42.84 81.33 0.275 0x0000FF
80.73 42.84 82.08 80.0 42.84 81.7 0.275 0x0000FF
81.64 42.66 82.08 80.73 42.84 82.08 0.275 0x0000FF
82.73 42.66 82.39 81.64 42.66 82.08 0.275 0x0000FF
83.46 42.3 82.99 82.73 42.66 82.39 0.275 0x0000FF
84.01 42.12 83.45 83.46 42.3 82.99 0.275 0x0000FF
84.92 41.75 83.6 84.01 42.12 83.45 0.275 0x0000FF
85.84 41.39 84.13 84.92 41.75 83.6 0.275 0x0000FF
86.93 41.02 84.51 85.84 41.39 84.13 0.275 0x0000FF
88.21 40.47 84.66 86.93 41.02 84.51 0.275 0x0000FF
89.67 39.2 84.73 88.21 40.47 84.66 0.275 0x0000FF
90.76 38.47 84.81 89.67 39.2 84.73 0.275 0x0000FF
91.86 37.38 85.04 90.76 38.47 84.81 0.275 0x0000FF
64.48 22.8 55.8 51.9 24.08 55.04 0.365 0x0000FF
73.79 21.53 56.33 64.48 22.8 55.8 0.365 0x0000FF
82.01 18.98 56.86 73.79 21.53 56.33 0.365 0x0000FF
93.86 15.51 57.39 82.01 18.98 56.86 0.365 0x0000FF
98.61 13.33 57.84 93.86 15.51 57.39 0.365 0x0000FF
102.26 12.6 57.99 98.61 13.33 57.84 0.365 0x0000FF
107.73 12.96 57.99 102.26 12.6 57.99 0.365 0x0000FF
111.02 13.15 58.37 107.73 12.96 57.99 0.365 0x0000FF
115.03 12.05 58.6 111.02 13.15 58.37 0.365 0x0000FF
117.22 10.96 58.83 115.03 12.05 58.6 0.365 0x0000FF
-6.0 15.02 37.15 -10.02 12.65 36.4 0.545 0x0000FF
-3.81 15.57 36.71 -6.0 15.02 37.15 0.545 0x0000FF
-2.54 15.93 36.1 -3.81 15.57 36.71 0.545 0x0000FF
-0.53 16.48 35.11 -2.54 15.93 36.1 0.545 0x0000FF
0.75 17.03 34.28 -0.53 16.48 35.11 0.545 0x0000FF
2.39 17.21 33.38 0.75 17.03 34.28 0.455 0x0000FF
2.76 17.57 32.69 2.39 17.21 33.38 0.455 0x0000FF
4.94 18.3 32.39 2.76 17.57 32.69 0.455 0x0000FF
6.59 18.48 31.48 4.94 18.3 32.39 0.455 0x0000FF
8.23 18.67 30.65 6.59 18.48 31.48 0.455 0x0000FF
12.79 19.21 30.27 8.23 18.67 30.65 0.455 0x0000FF
15.53 19.39 29.28 12.79 19.21 30.27 0.455 0x0000FF
19.18 22.31 29.51 15.53 19.39 29.28 0.365 0x0000FF
23.74 24.68 28.68 19.18 22.31 29.51 0.365 0x0000FF
28.48 27.41 28.22 23.74 24.68 28.68 0.365 0x0000FF
29.94 29.78 28.53 28.48 27.41 28.22 0.365 0x0000FF
34.5 33.97 28.98 29.94 29.78 28.53 0.365 0x0000FF
40.34 38.15 29.44 34.5 33.97 28.98 0.365 0x0000FF
50.92 41.99 29.74 40.34 38.15 29.44 0.365 0x0000FF
62.6 43.63 30.19 50.92 41.99 29.74 0.365 0x0000FF
72.81 45.81 30.57 62.6 43.63 30.19 0.365 0x0000FF
79.02 47.27 30.88 72.81 45.81 30.57 0.365 0x0000FF
98.24 51.77 31.71 79.02 47.27 30.88 0.365 0x0000FF
101.89 53.05 32.39 98.24 51.77 31.71 0.365 0x0000FF
106.45 54.32 32.85 101.89 53.05 32.39 0.365 0x0000FF
110.47 54.87 33.6 106.45 54.32 32.85 0.365 0x0000FF
118.86 55.78 34.21 110.47 54.87 33.6 0.365 0x0000FF
129.26 57.6 34.44 118.86 55.78 34.21 0.365 0x0000FF
130.16 58.15 34.44 129.26 57.6 34.44 0.365 0x0000FF
36.14 31.97 27.92 28.48 27.41 28.22 0.275 0x0000FF
39.25 33.61 27.47 36.14 31.97 27.92 0.275 0x0000FF
42.53 35.06 27.24 39.25 33.61 27.47 0.275 0x0000FF
45.27 37.25 27.01 42.53 35.06 27.24 0.275 0x0000FF
48.92 43.08 26.79 45.27 37.25 27.01 0.275 0x0000FF
18.45 18.67 28.83 15.53 19.39 29.28 0.365 0x0000FF
24.47 17.57 27.54 18.45 18.67 28.83 0.275 0x0000FF
26.11 17.57 27.01 24.47 17.57 27.54 0.275 0x0000FF
-45.89 -1.61 23.53 -52.13 -7.96 27.31 1.095 0x0000FF
-45.71 1.3 23.68 -45.89 -1.61 23.53 1.095 0x0000FF
-45.16 3.67 24.29 -45.71 1.3 23.68 1.095 0x0000FF
-43.16 5.68 25.12 -45.16 3.67 24.29 1.095 0x0000FF
-41.52 6.4 25.5 -43.16 5.68 25.12 1.095 0x0000FF
-39.51 7.32 25.04 -41.52 6.4 25.5 1.095 0x0000FF
-39.14 7.68 24.44 -39.51 7.32 25.04 1.095 0x0000FF
-38.04 8.03 24.13 -39.14 7.68 24.44 1.095 0x0000FF
-36.77 8.59 23.6 -38.04 8.03 24.13 1.095 0x0000FF
-34.95 9.68 23.07 -36.77 8.59 23.6 1.095 0x0000FF
-32.03 11.87 22.62 -34.95 9.68 23.07 1.095 0x0000FF
-30.39 13.69 22.09 -32.03 11.87 22.62 1.095 0x0000FF
-28.74 16.23 21.71 -30.39 13.69 22.09 1.095 0x0000FF
-27.47 18.61 21.26 -28.74 16.23 21.71 1.095 0x0000FF
-24.73 20.43 20.12 -27.47 18.61 21.26 0.545 0x0000FF
-22.72 22.8 20.35 -24.73 20.43 20.12 0.545 0x0000FF
-20.35 25.17 20.42 -22.72 22.8 20.35 0.545 0x0000FF
-19.26 26.26 20.5 -20.35 25.17 20.42 0.545 0x0000FF
-17.61 27.36 20.5 -19.26 26.26 20.5 0.545 0x0000FF
-16.34 28.27 20.5 -17.61 27.36 20.5 0.545 0x0000FF
-15.24 29.91 21.56 -16.34 28.27 20.5 0.455 0x0000FF
-14.15 31.18 21.71 -15.24 29.91 21.56 0.455 0x0000FF
-12.51 32.82 22.09 -14.15 31.18 21.71 0.365 0x0000FF
-11.78 34.28 22.47 -12.51 32.82 22.09 0.275 0x0000FF
-11.59 35.19 22.54 -11.78 34.28 22.47 0.275 0x0000FF
-11.59 36.47 22.77 -11.59 35.19 22.54 0.275 0x0000FF
-11.78 37.92 23.0 -11.59 36.47 22.77 0.275 0x0000FF
-12.87 29.0 20.57 -16.34 28.27 20.5 0.545 0x0000FF
-10.13 29.91 20.73 -12.87 29.0 20.57 0.545 0x0000FF
-6.3 30.82 21.26 -10.13 29.91 20.73 0.545 0x0000FF
-3.75 31.37 21.63 -6.3 30.82 21.26 0.545 0x0000FF
-1.56 31.37 22.09 -3.75 31.37 21.63 0.545 0x0000FF
0.45 31.18 22.47 -1.56 31.37 22.09 0.545 0x0000FF
2.46 31.18 22.69 0.45 31.18 22.47 0.545 0x0000FF
6.83 31.73 23.0 2.46 31.18 22.69 0.455 0x0000FF
8.11 32.28 23.07 6.83 31.73 23.0 0.455 0x0000FF
9.75 33.19 23.38 8.11 32.28 23.07 0.365 0x0000FF
17.23 37.2 25.5 9.75 33.19 23.38 0.275 0x0000FF
20.14 38.47 25.5 17.23 37.2 25.5 0.275 0x0000FF
21.98 38.47 25.5 20.14 38.47 25.5 0.275 0x0000FF
23.62 37.74 25.5 21.98 38.47 25.5 0.275 0x0000FF
25.99 37.56 25.5 23.62 37.74 25.5 0.275 0x0000FF
28.36 37.56 25.5 25.99 37.56 25.5 0.275 0x0000FF
32.2 37.74 25.5 28.36 37.56 25.5 0.275 0x0000FF
35.47 36.47 25.5 32.2 37.74 25.5 0.275 0x0000FF
39.13 34.83 25.5 35.47 36.47 25.5 0.275 0x0000FF
43.33 33.36 25.5 39.13 34.83 25.5 0.275 0x0000FF
50.08 33.19 25.57 43.33 33.36 25.5 0.275 0x0000FF
55.18 32.46 25.57 50.08 33.19 25.57 0.275 0x0000FF
22.16 41.93 25.5 17.23 37.2 25.5 0.275 0x0000FF
-26.19 21.53 21.18 -27.47 18.61 21.26 1.005 0x0000FF
-25.82 24.99 20.8 -26.19 21.53 21.18 0.91 0x0000FF
-25.64 29.36 20.19 -25.82 24.99 20.8 0.82 0x0000FF
-25.64 31.55 19.89 -25.64 29.36 20.19 0.82 0x0000FF
-25.28 33.92 19.82 -25.64 31.55 19.89 0.73 0x0000FF
-24.18 36.1 20.42 -25.28 33.92 19.82 0.73 0x0000FF
-23.09 37.2 21.26 -24.18 36.1 20.42 0.73 0x0000FF
-20.17 39.2 21.79 -23.09 37.2 21.26 0.73 0x0000FF
-18.16 40.47 22.39 -20.17 39.2 21.79 0.64 0x0000FF
-15.79 41.93 22.62 -18.16 40.47 22.39 0.64 0x0000FF
-13.42 43.57 22.92 -15.79 41.93 22.62 0.545 0x0000FF
-12.14 44.67 23.38 -13.42 43.57 22.92 0.545 0x0000FF
-9.59 46.67 23.76 -12.14 44.67 23.38 0.545 0x0000FF
-55.38 -2.34 25.8 -52.13 -7.96 27.31 0.275 0x0000FF
-56.96 1.53 24.13 -55.38 -2.34 25.8 1.37 0x0000FF
-56.78 4.26 24.06 -56.96 1.53 24.13 1.275 0x0000FF
-56.42 5.36 23.76 -56.78 4.26 24.06 1.095 0x0000FF
-56.23 6.63 23.22 -56.42 5.36 23.76 1.095 0x0000FF
-56.23 7.54 22.85 -56.23 6.63 23.22 1.095 0x0000FF
-56.05 8.09 22.62 -56.23 7.54 22.85 1.095 0x0000FF
-55.14 8.82 23.45 -56.05 8.09 22.62 0.455 0x0000FF
-54.96 9.55 22.01 -55.14 8.82 23.45 0.455 0x0000FF
-53.86 11.37 20.35 -54.96 9.55 22.01 0.455 0x0000FF
-52.77 12.83 19.89 -53.86 11.37 20.35 0.455 0x0000FF
-52.04 13.56 19.29 -52.77 12.83 19.89 0.455 0x0000FF
-50.39 15.74 18.53 -52.04 13.56 19.29 0.455 0x0000FF
-50.03 17.02 17.77 -50.39 15.74 18.53 0.455 0x0000FF
-49.48 18.29 17.23 -50.03 17.02 17.77 0.455 0x0000FF
-49.12 19.02 16.55 -49.48 18.29 17.23 0.455 0x0000FF
-48.75 19.57 15.57 -49.12 19.02 16.55 0.455 0x0000FF
-48.39 20.48 14.59 -48.75 19.57 15.57 0.455 0x0000FF
-47.66 21.76 13.91 -48.39 20.48 14.59 0.455 0x0000FF
-47.29 22.12 12.85 -47.66 21.76 13.91 0.455 0x0000FF
-46.56 23.4 12.32 -47.29 22.12 12.85 0.455 0x0000FF
-46.02 24.85 10.95 -46.56 23.4 12.32 0.455 0x0000FF
-45.83 25.4 10.11 -46.02 24.85 10.95 0.455 0x0000FF
-45.65 26.31 9.59 -45.83 25.4 10.11 0.455 0x0000FF
-45.29 27.4 8.76 -45.65 26.31 9.59 0.455 0x0000FF
-44.37 28.5 8.23 -45.29 27.4 8.76 0.455 0x0000FF
-57.33 10.46 22.47 -56.05 8.09 22.62 0.82 0x0000FF
-57.69 12.65 22.39 -57.33 10.46 22.47 0.73 0x0000FF
-57.88 14.29 21.79 -57.69 12.65 22.39 0.73 0x0000FF
-59.34 16.47 21.26 -57.88 14.29 21.79 0.64 0x0000FF
-61.34 18.84 20.65 -59.34 16.47 21.26 0.64 0x0000FF
-62.25 21.21 20.27 -61.34 18.84 20.65 0.64 0x0000FF
-63.17 23.21 20.04 -62.25 21.21 20.27 0.64 0x0000FF
-64.63 24.85 19.29 -63.17 23.21 20.04 0.64 0x0000FF
-66.09 26.31 18.91 -64.63 24.85 19.29 0.64 0x0000FF
-66.81 27.04 17.77 -66.09 26.31 18.91 0.64 0x0000FF
-67.55 28.5 17.39 -66.81 27.04 17.77 0.64 0x0000FF
-68.28 29.96 16.86 -67.55 28.5 17.39 0.545 0x0000FF
-69.55 31.23 16.41 -68.28 29.96 16.86 0.545 0x0000FF
-70.45 32.14 16.1 -69.55 31.23 16.41 0.545 0x0000FF
-70.45 32.32 15.88 -70.45 32.14 16.1 0.545 0x0000FF
-71.01 32.69 16.79 -70.45 32.32 15.88 0.545 0x0000FF
-71.01 32.86 17.77 -71.01 32.69 16.79 0.545 0x0000FF
-71.01 32.86 16.18 -71.01 32.86 17.77 0.545 0x0000FF
-71.38 33.24 15.5 -71.01 32.86 16.18 0.545 0x0000FF
-71.56 33.42 15.35 -71.38 33.24 15.5 0.545 0x0000FF
-71.92 34.33 14.36 -71.56 33.42 15.35 0.545 0x0000FF
-72.29 35.42 13.98 -71.92 34.33 14.36 0.455 0x0000FF
-72.84 35.6 13.07 -72.29 35.42 13.98 0.455 0x0000FF
-73.75 38.34 12.54 -72.84 35.6 13.07 0.365 0x0000FF
-73.75 39.43 12.01 -73.75 38.34 12.54 0.365 0x0000FF
-59.7 1.71 36.4 -52.13 -7.96 27.31 1.64 0x0000FF
-64.08 7.0 36.4 -59.7 1.71 36.4 1.64 0x0000FF
-68.73 10.73 35.88 -64.08 7.0 36.4 0.64 0x0000FF
-71.66 12.92 36.18 -68.73 10.73 35.88 0.64 0x0000FF
-79.69 19.84 36.63 -71.66 12.92 36.18 0.64 0x0000FF
-83.89 25.31 36.86 -79.69 19.84 36.63 0.64 0x0000FF
-86.99 28.41 36.94 -83.89 25.31 36.86 0.545 0x0000FF
-90.82 30.77 37.15 -86.99 28.41 36.94 0.545 0x0000FF
-96.66 33.33 37.31 -90.82 30.77 37.15 0.545 0x0000FF
-100.31 34.6 37.54 -96.66 33.33 37.31 0.545 0x0000FF
-105.05 36.24 38.45 -100.31 34.6 37.54 0.545 0x0000FF
-107.42 37.15 37.47 -105.05 36.24 38.45 0.545 0x0000FF
-109.8 37.88 37.01 -107.42 37.15 37.47 0.545 0x0000FF
-109.61 38.97 35.57 -109.8 37.88 37.01 0.455 0x0000FF
-110.16 40.43 35.65 -109.61 38.97 35.57 0.455 0x0000FF
-111.44 41.89 35.79 -110.16 40.43 35.65 0.455 0x0000FF
-113.99 44.26 35.88 -111.44 41.89 35.79 0.455 0x0000FF
-116.18 46.26 36.63 -113.99 44.26 35.88 0.275 0x0000FF
-116.73 46.99 37.39 -116.18 46.26 36.63 0.275 0x0000FF
-116.91 47.9 37.61 -116.73 46.99 37.39 0.275 0x0000FF
-117.28 48.63 37.77 -116.91 47.9 37.61 0.275 0x0000FF
-117.46 49.36 37.84 -117.28 48.63 37.77 0.275 0x0000FF
-118.19 50.63 38.0 -117.46 49.36 37.84 0.275 0x0000FF
-119.1 52.27 38.15 -118.19 50.63 38.0 0.275 0x0000FF
-119.1 53.19 38.29 -119.1 52.27 38.15 0.275 0x0000FF
-118.92 53.91 38.53 -119.1 53.19 38.29 0.275 0x0000FF
-113.44 38.97 36.86 -109.8 37.88 37.01 0.455 0x0000FF
-119.1 41.52 36.4 -113.44 38.97 36.86 0.455 0x0000FF
-124.21 44.44 36.25 -119.1 41.52 36.4 0.365 0x0000FF
-127.31 47.72 35.72 -124.21 44.44 36.25 0.365 0x0000FF
-129.5 50.45 35.88 -127.31 47.72 35.72 0.365 0x0000FF
-130.41 51.36 36.4 -129.5 50.45 35.88 0.365 0x0000FF
-131.32 52.46 36.78 -130.41 51.36 36.4 0.365 0x0000FF
-133.51 54.1 37.15 -131.32 52.46 36.78 0.365 0x0000FF
-135.69 55.74 37.77 -133.51 54.1 37.15 0.365 0x0000FF
-136.43 56.28 38.36 -135.69 55.74 37.77 0.365 0x0000FF
-137.35 57.56 38.83 -136.43 56.28 38.36 0.365 0x0000FF
-137.71 58.65 39.28 -137.35 57.56 38.83 0.365 0x0000FF
-138.08 60.11 39.74 -137.71 58.65 39.28 0.365 0x0000FF
-138.62 61.57 39.97 -138.08 60.11 39.74 0.365 0x0000FF
-138.81 62.3 40.19 -138.62 61.57 39.97 0.365 0x0000FF
-63.9 7.0 37.24 -64.08 7.0 36.4 1.46 0x0000FF
-64.63 7.36 37.92 -63.9 7.0 37.24 1.46 0x0000FF
-64.63 7.73 39.21 -64.63 7.36 37.92 1.46 0x0000FF
-64.98 8.46 39.65 -64.63 7.73 39.21 1.46 0x0000FF
-64.63 8.75 39.21 -64.98 8.46 39.65 0.455 0x0000FF
-64.63 8.93 38.53 -64.63 8.75 39.21 0.455 0x0000FF
-64.63 9.3 37.84 -64.63 8.93 38.53 0.455 0x0000FF
-64.45 9.66 36.86 -64.63 9.3 37.84 0.455 0x0000FF
-63.9 10.94 36.25 -64.45 9.66 36.86 0.455 0x0000FF
-63.54 11.48 35.79 -63.9 10.94 36.25 0.455 0x0000FF
-63.17 12.4 35.34 -63.54 11.48 35.79 0.455 0x0000FF
-62.99 13.12 34.97 -63.17 12.4 35.34 0.455 0x0000FF
-62.44 13.67 34.44 -62.99 13.12 34.97 0.455 0x0000FF
-61.71 15.31 33.9 -62.44 13.67 34.44 0.455 0x0000FF
-60.07 19.14 33.75 -61.71 15.31 33.9 0.455 0x0000FF
-59.89 20.78 33.29 -60.07 19.14 33.75 0.455 0x0000FF
-59.7 23.51 32.92 -59.89 20.78 33.29 0.455 0x0000FF
-59.16 24.97 33.15 -59.7 23.51 32.92 0.455 0x0000FF
-58.61 25.51 33.53 -59.16 24.97 33.15 0.455 0x0000FF
-58.06 26.61 34.28 -58.61 25.51 33.53 0.455 0x0000FF
-57.15 27.7 34.74 -58.06 26.61 34.28 0.455 0x0000FF
-56.78 28.98 35.42 -57.15 27.7 34.74 0.455 0x0000FF
-56.42 30.62 35.72 -56.78 28.98 35.42 0.455 0x0000FF
-56.42 31.89 36.03 -56.42 30.62 35.72 0.455 0x0000FF
-56.24 32.79 36.47 -56.42 31.89 36.03 0.455 0x0000FF
-56.05 34.08 36.86 -56.24 32.79 36.47 0.455 0x0000FF
-55.69 35.53 37.39 -56.05 34.08 36.86 0.455 0x0000FF
-54.6 36.99 37.47 -55.69 35.53 37.39 0.18 0x0000FF
-54.41 37.54 37.77 -54.6 36.99 37.47 0.18 0x0000FF
-53.87 38.63 38.15 -54.41 37.54 37.77 0.18 0x0000FF
-53.32 39.54 38.45 -53.87 38.63 38.15 0.18 0x0000FF
-53.14 40.45 38.9 -53.32 39.54 38.45 0.18 0x0000FF
-52.95 41.91 39.06 -53.14 40.45 38.9 0.18 0x0000FF
-52.95 42.64 39.51 -52.95 41.91 39.06 0.18 0x0000FF
-52.95 43.92 39.89 -52.95 42.64 39.51 0.18 0x0000FF
-52.95 45.01 40.34 -52.95 43.92 39.89 0.18 0x0000FF
-52.59 45.92 40.65 -52.95 45.01 40.34 0.18 0x0000FF
-52.04 47.38 41.1 -52.59 45.92 40.65 0.18 0x0000FF
-50.58 49.56 41.56 -52.04 47.38 41.1 0.18 0x0000FF
-48.21 51.75 41.86 -50.58 49.56 41.56 0.18 0x0000FF
-45.47 54.48 42.09 -48.21 51.75 41.86 0.18 0x0000FF
-42.01 57.95 42.47 -45.47 54.48 42.09 0.18 0x0000FF
-40.18 60.5 42.77 -42.01 57.95 42.47 0.18 0x0000FF
-37.63 63.59 43.0 -40.18 60.5 42.77 0.18 0x0000FF
-37.26 64.69 43.22 -37.63 63.59 43.0 0.18 0x0000FF
-35.9 67.4 43.98 -37.26 64.69 43.22 0.18 0x0000FF
-35.72 68.67 44.51 -35.9 67.4 43.98 0.18 0x0000FF
-35.35 69.95 44.66 -35.72 68.67 44.51 0.18 0x0000FF
-35.17 71.59 45.12 -35.35 69.95 44.66 0.18 0x0000FF
-34.44 73.77 45.42 -35.17 71.59 45.12 0.18 0x0000FF
-33.71 77.23 45.8 -34.44 73.77 45.42 0.18 0x0000FF
-33.17 79.23 46.18 -33.71 77.23 45.8 0.18 0x0000FF
-32.07 82.15 46.56 -33.17 79.23 46.18 0.18 0x0000FF
-31.16 84.89 47.09 -32.07 82.15 46.56 0.18 0x0000FF
-30.61 86.89 47.39 -31.16 84.89 47.09 0.18 0x0000FF
-30.06 87.99 47.92 -30.61 86.89 47.39 0.18 0x0000FF
-29.15 90.17 48.45 -30.06 87.99 47.92 0.18 0x0000FF
-28.42 91.08 48.6 -29.15 90.17 48.45 0.18 0x0000FF
-27.51 92.18 49.21 -28.42 91.08 48.6 0.18 0x0000FF
-26.6 93.45 49.74 -27.51 92.18 49.21 0.18 0x0000FF
-26.05 94.18 50.12 -26.6 93.45 49.74 0.18 0x0000FF
-56.24 37.72 38.22 -55.69 35.53 37.39 0.365 0x0000FF
-56.42 38.27 38.83 -56.24 37.72 38.22 0.365 0x0000FF
-57.15 38.81 39.06 -56.42 38.27 38.83 0.365 0x0000FF
-57.33 39.36 39.74 -57.15 38.81 39.06 0.365 0x0000FF
-58.43 40.09 40.57 -57.33 39.36 39.74 0.365 0x0000FF
-59.52 40.82 41.33 -58.43 40.09 40.57 0.365 0x0000FF
-60.07 41.37 41.94 -59.52 40.82 41.33 0.365 0x0000FF
-60.98 42.09 43.07 -60.07 41.37 41.94 0.365 0x0000FF
-61.71 42.64 43.9 -60.98 42.09 43.07 0.365 0x0000FF
-62.26 43.37 44.43 -61.71 42.64 43.9 0.365 0x0000FF
-62.44 43.73 45.57 -62.26 43.37 44.43 0.365 0x0000FF
-62.99 44.46 46.25 -62.44 43.73 45.57 0.275 0x0000FF
-63.72 44.83 46.86 -62.99 44.46 46.25 0.275 0x0000FF
-64.81 45.37 47.16 -63.72 44.83 46.86 0.275 0x0000FF
-65.91 45.92 47.31 -64.81 45.37 47.16 0.275 0x0000FF
-66.64 46.28 47.69 -65.91 45.92 47.31 0.275 0x0000FF
-67.73 47.01 48.53 -66.64 46.28 47.69 0.275 0x0000FF
-68.64 47.92 48.98 -67.73 47.01 48.53 0.275 0x0000FF
-70.09 49.75 49.21 -68.64 47.92 48.98 0.275 0x0000FF
-72.11 51.93 49.36 -70.09 49.75 49.21 0.275 0x0000FF
-72.48 52.48 49.51 -72.11 51.93 49.36 0.275 0x0000FF
-72.84 53.21 49.96 -72.48 52.48 49.51 0.275 0x0000FF
-73.94 54.12 50.42 -72.84 53.21 49.96 0.275 0x0000FF
-74.84 55.21 51.03 -73.94 54.12 50.42 0.18 0x0000FF
-75.03 55.94 51.18 -74.84 55.21 51.03 0.18 0x0000FF
-75.58 56.49 52.62 -75.03 55.94 51.18 0.09 0x0000FF
-75.76 57.22 53.75 -75.58 56.49 52.62 0.09 0x0000FF
-76.12 58.13 54.13 -75.76 57.22 53.75 0.09 0x0000FF
-76.48 59.22 55.04 -76.12 58.13 54.13 0.09 0x0000FF
-76.48 60.31 56.55 -76.48 59.22 55.04 0.09 0x0000FF
-76.48 61.04 57.24 -76.48 60.31 56.55 0.09 0x0000FF
-76.31 61.59 58.22 -76.48 61.04 57.24 0.09 0x0000FF
-76.31 62.14 59.13 -76.31 61.59 58.22 0.09 0x0000FF
-76.12 63.23 59.96 -76.31 62.14 59.13 0.09 0x0000FF
-75.94 63.78 60.42 -76.12 63.23 59.96 0.09 0x0000FF
-75.76 64.31 60.8 -75.94 63.78 60.42 0.09 0x0000FF
-75.39 64.69 61.25 -75.76 64.31 60.8 0.09 0x0000FF
-74.84 65.23 61.78 -75.39 64.69 61.25 0.09 0x0000FF
-74.3 65.78 62.31 -74.84 65.23 61.78 0.09 0x0000FF
-73.75 66.14 62.84 -74.3 65.78 62.31 0.09 0x0000FF
-73.39 66.87 63.75 -73.75 66.14 62.84 0.09 0x0000FF
-73.39 67.59 64.51 -73.39 66.87 63.75 0.09 0x0000FF
-73.39 68.15 64.73 -73.39 67.59 64.51 0.09 0x0000FF
-73.75 68.7 65.04 -73.39 68.15 64.73 0.09 0x0000FF
-74.48 69.23 65.42 -73.75 68.7 65.04 0.09 0x0000FF
-75.03 69.79 66.09 -74.48 69.23 65.42 0.09 0x0000FF
-75.39 71.06 66.55 -75.03 69.79 66.09 0.09 0x0000FF
-75.2 72.34 66.78 -75.39 71.06 66.55 0.09 0x0000FF
-75.2 73.25 67.16 -75.2 72.34 66.78 0.09 0x0000FF
-74.84 73.98 67.61 -75.2 73.25 67.16 0.09 0x0000FF
-73.75 77.98 68.22 -74.84 73.98 67.61 0.09 0x0000FF
-73.75 79.08 68.9 -73.75 77.98 68.22 0.09 0x0000FF
-73.94 80.17 69.2 -73.75 79.08 68.9 0.09 0x0000FF
-74.84 81.63 69.66 -73.94 80.17 69.2 0.09 0x0000FF
-75.94 82.91 69.95 -74.84 81.63 69.66 0.09 0x0000FF
-76.67 84.0 70.27 -75.94 82.91 69.95 0.09 0x0000FF
-77.4 84.91 70.72 -76.67 84.0 70.27 0.09 0x0000FF
-78.31 85.82 71.4 -77.4 84.91 70.72 0.09 0x0000FF
-78.68 86.37 72.45 -78.31 85.82 71.4 0.09 0x0000FF
-79.23 87.1 73.22 -78.68 86.37 72.45 0.09 0x0000FF
-79.41 87.46 74.51 -79.23 87.1 73.22 0.09 0x0000FF
-79.77 88.01 74.73 -79.41 87.46 74.51 0.09 0x0000FF
-65.9 8.46 39.74 -64.98 8.46 39.65 1.095 0x0000FF
-66.45 8.46 40.19 -65.9 8.46 39.74 1.095 0x0000FF
-68.09 8.46 40.86 -66.45 8.46 40.19 1.095 0x0000FF
-68.81 8.46 41.56 -68.09 8.46 40.86 1.095 0x0000FF
-69.48 8.18 41.56 -68.81 8.46 41.56 1.095 0x0000FF
-69.84 8.18 42.09 -69.48 8.18 41.56 0.82 0x0000FF
-70.2 8.55 42.92 -69.84 8.18 42.09 0.82 0x0000FF
-70.2 8.55 41.78 -70.2 8.55 42.92 0.82 0x0000FF
-70.58 9.1 40.04 -70.2 8.55 41.78 0.82 0x0000FF
-70.94 9.64 38.68 -70.58 9.1 40.04 0.82 0x0000FF
-71.67 10.01 36.86 -70.94 9.64 38.68 0.82 0x0000FF
-72.22 10.55 35.5 -71.67 10.01 36.86 0.82 0x0000FF
-72.77 11.1 35.27 -72.22 10.55 35.5 0.82 0x0000FF
-73.86 12.19 34.51 -72.77 11.1 35.27 0.82 0x0000FF
-75.51 14.01 34.51 -73.86 12.19 34.51 0.73 0x0000FF
-77.15 14.74 34.13 -75.51 14.01 34.51 0.64 0x0000FF
-78.06 14.93 34.97 -77.15 14.74 34.13 0.64 0x0000FF
-78.97 15.11 35.5 -78.06 14.93 34.97 0.64 0x0000FF
-79.52 16.02 36.4 -78.97 15.11 35.5 0.64 0x0000FF
-80.43 17.66 37.39 -79.52 16.02 36.4 0.545 0x0000FF
-80.8 18.21 37.47 -80.43 17.66 37.39 0.545 0x0000FF
-81.7 18.75 37.92 -80.8 18.21 37.47 0.545 0x0000FF
-82.62 19.3 38.29 -81.7 18.75 37.92 0.545 0x0000FF
-83.72 19.66 38.53 -82.62 19.3 38.29 0.545 0x0000FF
-85.18 20.03 39.13 -83.72 19.66 38.53 0.545 0x0000FF
-85.72 20.21 39.44 -85.18 20.03 39.13 0.545 0x0000FF
-86.45 20.39 39.59 -85.72 20.21 39.44 0.545 0x0000FF
-87.37 20.39 39.97 -86.45 20.39 39.59 0.545 0x0000FF
-87.91 20.57 40.5 -87.37 20.39 39.97 0.545 0x0000FF
-89.01 20.76 41.63 -87.91 20.57 40.5 0.545 0x0000FF
-90.28 20.76 42.09 -89.01 20.76 41.63 0.545 0x0000FF
-91.56 20.76 42.39 -90.28 20.76 42.09 0.545 0x0000FF
-93.39 20.76 42.62 -91.56 20.76 42.39 0.545 0x0000FF
-94.66 20.76 43.22 -93.39 20.76 42.62 0.545 0x0000FF
-99.04 21.12 43.98 -94.66 20.76 43.22 0.455 0x0000FF
-100.68 21.48 43.98 -99.04 21.12 43.98 0.455 0x0000FF
-101.6 21.67 44.28 -100.68 21.48 43.98 0.455 0x0000FF
-102.33 21.67 45.04 -101.6 21.67 44.28 0.455 0x0000FF
-105.61 22.21 45.27 -102.33 21.67 45.04 0.455 0x0000FF
-106.34 22.4 45.57 -105.61 22.21 45.27 0.455 0x0000FF
-107.07 22.58 46.71 -106.34 22.4 45.57 0.455 0x0000FF
-107.62 22.76 47.24 -107.07 22.58 46.71 0.455 0x0000FF
-108.16 22.94 47.84 -107.62 22.76 47.24 0.455 0x0000FF
-108.71 22.94 48.37 -108.16 22.94 47.84 0.455 0x0000FF
-109.99 23.31 49.59 -108.71 22.94 48.37 0.455 0x0000FF
-111.27 23.31 50.34 -109.99 23.31 49.59 0.455 0x0000FF
-115.28 24.04 51.03 -111.27 23.31 50.34 0.365 0x0000FF
-116.56 24.4 51.18 -115.28 24.04 51.03 0.365 0x0000FF
-117.47 24.58 52.24 -116.56 24.4 51.18 0.365 0x0000FF
-118.02 24.76 53.37 -117.47 24.58 52.24 0.365 0x0000FF
-118.93 25.31 53.6 -118.02 24.76 53.37 0.365 0x0000FF
-120.39 26.22 54.21 -118.93 25.31 53.6 0.365 0x0000FF
-120.94 26.59 54.28 -120.39 26.22 54.21 0.365 0x0000FF
-121.48 26.77 54.74 -120.94 26.59 54.28 0.365 0x0000FF
-122.03 27.13 55.42 -121.48 26.77 54.74 0.365 0x0000FF
-122.76 27.68 56.18 -122.03 27.13 55.42 0.365 0x0000FF
-123.31 28.77 57.09 -122.76 27.68 56.18 0.365 0x0000FF
-123.49 29.68 57.54 -123.31 28.77 57.09 0.365 0x0000FF
-123.67 30.59 58.3 -123.49 29.68 57.54 0.365 0x0000FF
-123.86 31.51 58.98 -123.67 30.59 58.3 0.365 0x0000FF
-123.86 32.42 59.51 -123.86 31.51 58.98 0.365 0x0000FF
-123.86 33.15 60.04 -123.86 32.42 59.51 0.365 0x0000FF
-123.86 34.06 60.27 -123.86 33.15 60.04 0.365 0x0000FF
-123.86 35.88 61.33 -123.86 34.06 60.27 0.365 0x0000FF
-123.86 37.88 61.86 -123.86 35.88 61.33 0.365 0x0000FF
-124.59 38.61 62.92 -123.86 37.88 61.86 0.365 0x0000FF
-124.95 39.15 63.22 -124.59 38.61 62.92 0.365 0x0000FF
-125.5 40.07 63.98 -124.95 39.15 63.22 0.365 0x0000FF
-126.41 40.98 64.28 -125.5 40.07 63.98 0.365 0x0000FF
-127.87 42.26 65.04 -126.41 40.98 64.28 0.365 0x0000FF
-128.41 42.62 65.19 -127.87 42.26 65.04 0.365 0x0000FF
-129.33 43.35 65.64 -128.41 42.62 65.19 0.365 0x0000FF
-130.79 43.9 66.09 -129.33 43.35 65.64 0.365 0x0000FF
-132.25 44.44 66.55 -130.79 43.9 66.09 0.365 0x0000FF
-133.34 44.81 67.01 -132.25 44.44 66.55 0.365 0x0000FF
-134.07 45.72 67.61 -133.34 44.81 67.01 0.365 0x0000FF
-134.8 45.9 68.37 -134.07 45.72 67.61 0.365 0x0000FF
-135.35 46.45 69.2 -134.8 45.9 68.37 0.365 0x0000FF
-136.08 46.99 69.58 -135.35 46.45 69.2 0.365 0x0000FF
-136.81 47.36 70.19 -136.08 46.99 69.58 0.365 0x0000FF
-137.54 47.9 70.64 -136.81 47.36 70.19 0.365 0x0000FF
-138.09 48.27 71.17 -137.54 47.9 70.64 0.365 0x0000FF
-139.0 49.0 71.86 -138.09 48.27 71.17 0.365 0x0000FF
-140.46 49.91 72.61 -139.0 49.0 71.86 0.365 0x0000FF
-142.65 51.0 73.14 -140.46 49.91 72.61 0.365 0x0000FF
-145.02 52.28 73.67 -142.65 51.0 73.14 0.365 0x0000FF
-146.3 53.01 73.9 -145.02 52.28 73.67 0.365 0x0000FF
-147.03 53.92 74.73 -146.3 53.01 73.9 0.365 0x0000FF
-147.76 55.56 75.48 -147.03 53.92 74.73 0.365 0x0000FF
-148.12 56.47 76.25 -147.76 55.56 75.48 0.365 0x0000FF
-148.49 58.29 76.7 -148.12 56.47 76.25 0.365 0x0000FF
-148.66 59.38 77.31 -148.49 58.29 76.7 0.365 0x0000FF
-148.66 60.48 77.54 -148.66 59.38 77.31 0.365 0x0000FF
-148.66 62.12 78.06 -148.66 60.48 77.54 0.365 0x0000FF
-148.66 63.94 78.59 -148.66 62.12 78.06 0.365 0x0000FF
-150.31 66.31 79.51 -148.66 63.94 78.59 0.365 0x0000FF
-151.41 66.84 79.58 -150.31 66.31 79.51 0.365 0x0000FF
-152.13 67.22 79.89 -151.41 66.84 79.58 0.365 0x0000FF
-153.57 69.59 80.56 -152.13 67.22 79.89 0.365 0x0000FF
-153.93 69.59 81.17 -153.57 69.59 80.56 0.365 0x0000FF
-156.31 70.87 81.93 -153.93 69.59 81.17 0.365 0x0000FF
-158.13 71.23 81.93 -156.31 70.87 81.93 0.365 0x0000FF
-69.92 8.46 42.09 -69.48 8.18 41.56 1.005 0x0000FF
-70.45 8.46 42.31 -69.92 8.46 42.09 1.005 0x0000FF
-71.01 8.64 42.84 -70.45 8.46 42.31 1.005 0x0000FF
-71.19 7.91 43.9 -71.01 8.64 42.84 1.005 0x0000FF
-71.73 7.36 44.66 -71.19 7.91 43.9 1.005 0x0000FF
-71.92 7.36 45.12 -71.73 7.36 44.66 1.005 0x0000FF
-73.02 8.09 45.19 -71.92 7.36 45.12 0.73 0x0000FF
-74.11 8.46 45.42 -73.02 8.09 45.19 0.73 0x0000FF
-75.2 9.0 45.87 -74.11 8.46 45.42 0.73 0x0000FF
-76.67 9.36 46.4 -75.2 9.0 45.87 0.73 0x0000FF
-77.4 9.55 46.56 -76.67 9.36 46.4 0.73 0x0000FF
-77.76 9.18 50.19 -77.4 9.55 46.56 0.365 0x0000FF
-78.86 9.55 50.8 -77.76 9.18 50.19 0.365 0x0000FF
-79.04 9.73 51.56 -78.86 9.55 50.8 0.365 0x0000FF
-79.95 9.73 52.69 -79.04 9.73 51.56 0.365 0x0000FF
-80.68 9.73 53.22 -79.95 9.73 52.69 0.365 0x0000FF
-81.23 9.55 53.9 -80.68 9.73 53.22 0.365 0x0000FF
-82.14 9.36 54.21 -81.23 9.55 53.9 0.365 0x0000FF
-82.87 9.0 54.59 -82.14 9.36 54.21 0.365 0x0000FF
-83.42 9.0 55.65 -82.87 9.0 54.59 0.365 0x0000FF
-83.97 8.82 56.18 -83.42 9.0 55.65 0.365 0x0000FF
-84.51 8.82 57.01 -83.97 8.82 56.18 0.365 0x0000FF
-85.06 9.0 57.24 -84.51 8.82 57.01 0.365 0x0000FF
-85.61 9.0 57.69 -85.06 9.0 57.24 0.365 0x0000FF
-86.7 9.0 58.07 -85.61 9.0 57.69 0.365 0x0000FF
-87.62 9.18 58.22 -86.7 9.0 58.07 0.365 0x0000FF
-88.16 9.18 58.98 -87.62 9.18 58.22 0.365 0x0000FF
-89.44 9.0 59.66 -88.16 9.18 58.98 0.365 0x0000FF
-89.99 9.0 59.66 -89.44 9.0 59.66 0.365 0x0000FF
-90.9 8.82 60.19 -89.99 9.0 59.66 0.365 0x0000FF
-91.99 8.46 60.65 -90.9 8.82 60.19 0.365 0x0000FF
-93.09 8.27 60.65 -91.99 8.46 60.65 0.365 0x0000FF
-93.64 7.73 60.95 -93.09 8.27 60.65 0.365 0x0000FF
-94.73 7.18 62.08 -93.64 7.73 60.95 0.365 0x0000FF
-96.19 6.63 62.54 -94.73 7.18 62.08 0.365 0x0000FF
-96.74 6.27 63.37 -96.19 6.63 62.54 0.365 0x0000FF
-98.38 6.27 63.98 -96.74 6.27 63.37 0.365 0x0000FF
-98.93 6.27 64.51 -98.38 6.27 63.98 0.365 0x0000FF
-99.66 6.27 65.04 -98.93 6.27 64.51 0.365 0x0000FF
-100.02 6.27 65.72 -99.66 6.27 65.04 0.365 0x0000FF
-100.57 6.27 66.4 -100.02 6.27 65.72 0.365 0x0000FF
-101.12 6.63 67.01 -100.57 6.27 66.4 0.365 0x0000FF
-101.66 6.82 67.01 -101.12 6.63 67.01 0.365 0x0000FF
-102.21 7.0 67.54 -101.66 6.82 67.01 0.365 0x0000FF
-102.94 7.18 68.06 -102.21 7.0 67.54 0.365 0x0000FF
-103.49 7.36 68.3 -102.94 7.18 68.06 0.365 0x0000FF
-104.04 7.54 69.05 -103.49 7.36 68.3 0.365 0x0000FF
-104.95 7.54 69.66 -104.04 7.54 69.05 0.365 0x0000FF
-105.13 7.73 70.11 -104.95 7.54 69.66 0.365 0x0000FF
-104.95 5.65 69.73 -105.13 7.73 70.11 0.455 0x0000FF
-104.59 4.93 69.95 -104.95 5.65 69.73 0.455 0x0000FF
-103.86 4.38 70.19 -104.59 4.93 69.95 0.455 0x0000FF
-103.13 3.65 70.48 -103.86 4.38 70.19 0.455 0x0000FF
-102.22 3.29 70.72 -103.13 3.65 70.48 0.455 0x0000FF
-101.67 2.74 70.87 -102.22 3.29 70.72 0.455 0x0000FF
-100.76 2.19 71.33 -101.67 2.74 70.87 0.455 0x0000FF
-100.39 2.0 71.7 -100.76 2.19 71.33 0.455 0x0000FF
-98.57 1.1 72.08 -100.39 2.0 71.7 0.365 0x0000FF
-98.02 0.55 72.45 -98.57 1.1 72.08 0.365 0x0000FF
-97.84 0.01 72.84 -98.02 0.55 72.45 0.365 0x0000FF
-97.47 -0.36 73.3 -97.84 0.01 72.84 0.365 0x0000FF
-97.11 -1.09 73.83 -97.47 -0.36 73.3 0.365 0x0000FF
-96.92 -1.63 74.36 -97.11 -1.09 73.83 0.365 0x0000FF
-96.38 -2.0 74.95 -96.92 -1.63 74.36 0.365 0x0000FF
-95.83 -2.73 75.42 -96.38 -2.0 74.95 0.365 0x0000FF
-94.92 -3.27 75.87 -95.83 -2.73 75.42 0.365 0x0000FF
-94.37 -3.64 75.95 -94.92 -3.27 75.87 0.365 0x0000FF
-94.0 -3.82 76.25 -94.37 -3.64 75.95 0.365 0x0000FF
-93.64 -4.18 76.86 -94.0 -3.82 76.25 0.365 0x0000FF
-93.28 -4.55 77.45 -93.64 -4.18 76.86 0.365 0x0000FF
-93.28 -4.91 77.98 -93.28 -4.55 77.45 0.365 0x0000FF
-93.09 -5.46 78.75 -93.28 -4.91 77.98 0.365 0x0000FF
-92.91 -6.01 79.66 -93.09 -5.46 78.75 0.365 0x0000FF
-92.73 -6.37 80.19 -92.91 -6.01 79.66 0.365 0x0000FF
-92.73 -7.28 81.02 -92.73 -6.37 80.19 0.365 0x0000FF
-92.0 -7.83 82.01 -92.73 -7.28 81.02 0.365 0x0000FF
-91.82 -8.19 82.54 -92.0 -7.83 82.01 0.365 0x0000FF
-91.27 -8.01 83.07 -91.82 -8.19 82.54 0.365 0x0000FF
-90.9 -8.01 83.67 -91.27 -8.01 83.07 0.365 0x0000FF
-89.99 -8.01 84.13 -90.9 -8.01 83.67 0.365 0x0000FF
-88.9 -7.83 84.73 -89.99 -8.01 84.13 0.365 0x0000FF
-86.89 -7.46 85.11 -88.9 -7.83 84.73 0.275 0x0000FF
-85.98 -6.74 85.34 -86.89 -7.46 85.11 0.275 0x0000FF
-85.61 -6.19 85.57 -85.98 -6.74 85.34 0.275 0x0000FF
-84.7 -5.28 85.87 -85.61 -6.19 85.57 0.275 0x0000FF
-84.15 -3.64 86.17 -84.7 -5.28 85.87 0.275 0x0000FF
-83.61 -2.36 86.48 -84.15 -3.64 86.17 0.275 0x0000FF
-82.51 -1.27 86.85 -83.61 -2.36 86.48 0.275 0x0000FF
-81.05 -0.36 87.01 -82.51 -1.27 86.85 0.275 0x0000FF
-79.77 0.01 87.31 -81.05 -0.36 87.01 0.275 0x0000FF
-106.59 8.09 68.98 -105.13 7.73 70.11 0.365 0x0000FF
-107.14 7.91 69.95 -106.59 8.09 68.98 0.365 0x0000FF
-107.69 7.73 71.02 -107.14 7.91 69.95 0.365 0x0000FF
-108.42 7.73 71.63 -107.69 7.73 71.02 0.365 0x0000FF
-108.96 7.54 72.39 -108.42 7.73 71.63 0.365 0x0000FF
-109.51 7.54 72.92 -108.96 7.54 72.39 0.365 0x0000FF
-110.24 7.54 72.98 -109.51 7.54 72.92 0.365 0x0000FF
-110.97 7.54 73.22 -110.24 7.54 72.98 0.365 0x0000FF
-112.25 8.09 73.83 -110.97 7.54 73.22 0.365 0x0000FF
-114.25 8.64 74.2 -112.25 8.09 73.83 0.365 0x0000FF
-114.98 9.0 74.2 -114.25 8.64 74.2 0.365 0x0000FF
-116.81 9.55 74.58 -114.98 9.0 74.2 0.365 0x0000FF
-118.27 9.73 75.19 -116.81 9.55 74.58 0.365 0x0000FF
-119.0 9.91 75.72 -118.27 9.73 75.19 0.365 0x0000FF
-120.09 10.1 75.72 -119.0 9.91 75.72 0.365 0x0000FF
-121.0 10.28 76.02 -120.09 10.1 75.72 0.365 0x0000FF
-121.92 10.46 76.55 -121.0 10.28 76.02 0.365 0x0000FF
-123.19 10.64 76.93 -121.92 10.46 76.55 0.365 0x0000FF
-124.29 10.64 77.23 -123.19 10.64 76.93 0.365 0x0000FF
-125.57 10.64 77.39 -124.29 10.64 77.23 0.365 0x0000FF
-127.94 10.64 77.69 -125.57 10.64 77.39 0.365 0x0000FF
-128.85 10.64 78.06 -127.94 10.64 77.69 0.365 0x0000FF
-130.86 10.64 78.52 -128.85 10.64 78.06 0.365 0x0000FF
-131.94 10.46 78.67 -130.86 10.64 78.52 0.365 0x0000FF
-132.86 10.46 78.98 -131.94 10.46 78.67 0.365 0x0000FF
-134.13 10.46 79.43 -132.86 10.46 78.98 0.365 0x0000FF
-135.97 10.28 79.81 -134.13 10.46 79.43 0.365 0x0000FF
-138.34 10.1 80.34 -135.97 10.28 79.81 0.365 0x0000FF
-140.34 10.1 80.26 -138.34 10.1 80.34 0.365 0x0000FF
-142.16 10.1 80.56 -140.34 10.1 80.26 0.365 0x0000FF
-144.36 10.64 81.17 -142.16 10.1 80.56 0.365 0x0000FF
-145.63 11.19 81.63 -144.36 10.64 81.17 0.365 0x0000FF
-147.82 12.28 82.08 -145.63 11.19 81.63 0.365 0x0000FF
-150.74 14.47 82.23 -147.82 12.28 82.08 0.365 0x0000FF
-152.57 16.11 82.61 -150.74 14.47 82.23 0.365 0x0000FF
-154.21 17.93 83.29 -152.57 16.11 82.61 0.365 0x0000FF
-156.04 19.93 83.67 -154.21 17.93 83.29 0.365 0x0000FF
-157.86 21.57 84.13 -156.04 19.93 83.67 0.365 0x0000FF
-160.05 24.13 84.28 -157.86 21.57 84.13 0.365 0x0000FF
-161.87 25.76 84.58 -160.05 24.13 84.28 0.365 0x0000FF
-163.33 27.77 85.04 -161.87 25.76 84.58 0.365 0x0000FF
-164.06 28.86 85.57 -163.33 27.77 85.04 0.365 0x0000FF
-165.52 31.6 86.02 -164.06 28.86 85.57 0.365 0x0000FF
-166.07 34.33 86.48 -165.52 31.6 86.02 0.365 0x0000FF
-168.26 34.81 86.7 -166.07 34.33 86.48 0.365 0x0000FF
-169.18 35.17 87.99 -168.26 34.81 86.7 0.365 0x0000FF
-169.91 35.9 88.14 -169.18 35.17 87.99 0.365 0x0000FF
-171.91 37.54 89.2 -169.91 35.9 88.14 0.275 0x0000FF
-174.47 39.18 89.66 -171.91 37.54 89.2 0.275 0x0000FF
-175.93 40.27 90.34 -174.47 39.18 89.66 0.275 0x0000FF
-177.93 41.73 91.17 -175.93 40.27 90.34 0.275 0x0000FF
-181.76 43.92 92.08 -177.93 41.73 91.17 0.275 0x0000FF
-188.7 45.56 92.61 -181.76 43.92 92.08 0.275 0x0000FF
-191.43 47.38 92.91 -188.7 45.56 92.61 0.275 0x0000FF
-193.62 48.47 93.29 -191.43 47.38 92.91 0.275 0x0000FF
-194.9 48.47 93.75 -193.62 48.47 93.29 0.275 0x0000FF
-198.37 48.47 94.13 -194.9 48.47 93.75 0.275 0x0000FF
-201.1 47.38 94.66 -198.37 48.47 94.13 0.275 0x0000FF
-202.38 46.47 94.81 -201.1 47.38 94.66 0.275 0x0000FF
-204.02 45.19 95.04 -202.38 46.47 94.81 0.275 0x0000FF
-191.25 48.47 92.54 -188.7 45.56 92.61 0.275 0x0000FF
-191.62 50.66 92.46 -191.25 48.47 92.54 0.275 0x0000FF
-191.62 52.48 92.08 -191.62 50.66 92.46 0.275 0x0000FF
-190.89 55.94 91.85 -191.62 52.48 92.08 0.275 0x0000FF
-190.52 57.4 92.38 -190.89 55.94 91.85 0.275 0x0000FF
-78.68 10.64 46.78 -77.4 9.55 46.56 0.64 0x0000FF
-79.59 11.19 47.24 -78.68 10.64 46.78 0.545 0x0000FF
-80.31 11.37 48.07 -79.59 11.19 47.24 0.545 0x0000FF
-81.59 11.74 48.53 -80.31 11.37 48.07 0.545 0x0000FF
-82.69 12.1 49.21 -81.59 11.74 48.53 0.455 0x0000FF
-83.78 12.1 49.51 -82.69 12.1 49.21 0.455 0x0000FF
-84.33 12.1 49.74 -83.78 12.1 49.51 0.455 0x0000FF
-85.06 12.1 50.19 -84.33 12.1 49.74 0.455 0x0000FF
-85.24 12.1 51.4 -85.06 12.1 50.19 0.455 0x0000FF
-85.43 11.92 52.54 -85.24 12.1 51.4 0.455 0x0000FF
-86.16 11.37 53.07 -85.43 11.92 52.54 0.455 0x0000FF
-86.16 11.19 53.83 -86.16 11.37 53.07 0.365 0x0000FF
-86.52 10.64 54.81 -86.16 11.19 53.83 0.365 0x0000FF
-86.89 10.46 57.46 -86.52 10.64 54.81 0.365 0x0000FF
-87.07 10.46 58.45 -86.89 10.46 57.46 0.365 0x0000FF
-87.25 10.46 59.51 -87.07 10.46 58.45 0.365 0x0000FF
-87.62 10.82 60.27 -87.25 10.46 59.51 0.365 0x0000FF
-89.07 12.1 61.25 -87.62 10.82 60.27 0.275 0x0000FF
-89.44 12.1 62.24 -89.07 12.1 61.25 0.275 0x0000FF
-89.99 12.46 63.07 -89.44 12.1 62.24 0.275 0x0000FF
-90.53 13.01 64.13 -89.99 12.46 63.07 0.275 0x0000FF
-91.81 13.74 64.81 -90.53 13.01 64.13 0.275 0x0000FF
-92.36 14.1 66.09 -91.81 13.74 64.81 0.275 0x0000FF
-92.91 14.47 67.92 -92.36 14.1 66.09 0.275 0x0000FF
-93.64 14.83 68.67 -92.91 14.47 67.92 0.275 0x0000FF
-94.37 15.02 69.81 -93.64 14.83 68.67 0.275 0x0000FF
-95.46 15.02 69.95 -94.37 15.02 69.81 0.275 0x0000FF
-96.56 14.83 70.11 -95.46 15.02 69.95 0.275 0x0000FF
-97.47 14.1 71.02 -96.56 14.83 70.11 0.275 0x0000FF
-97.47 13.74 71.25 -97.47 14.1 71.02 0.275 0x0000FF
-97.65 13.56 72.84 -97.47 13.74 71.25 0.275 0x0000FF
-72.84 6.09 45.19 -71.92 7.36 45.12 0.82 0x0000FF
-73.02 5.72 45.8 -72.84 6.09 45.19 0.82 0x0000FF
-72.84 4.26 46.18 -73.02 5.72 45.8 0.73 0x0000FF
-72.65 3.72 46.33 -72.84 4.26 46.18 0.73 0x0000FF
-72.29 3.35 46.48 -72.65 3.72 46.33 0.73 0x0000FF
-71.92 2.25 46.71 -72.29 3.35 46.48 0.73 0x0000FF
-71.19 1.53 47.09 -71.92 2.25 46.71 0.64 0x0000FF
-70.83 1.35 47.16 -71.19 1.53 47.09 0.64 0x0000FF
-69.19 2.25 47.62 -70.83 1.35 47.16 0.545 0x0000FF
-68.64 2.63 47.77 -69.19 2.25 47.62 0.545 0x0000FF
-68.09 2.81 48.0 -68.64 2.63 47.77 0.545 0x0000FF
-67.18 2.44 48.3 -68.09 2.81 48.0 0.545 0x0000FF
-65.54 1.53 48.75 -67.18 2.44 48.3 0.455 0x0000FF
-61.26 -11.86 15.88 -52.13 -7.96 27.31 1.095 0x0000FF
-61.81 -11.86 14.89 -61.26 -11.86 15.88 1.095 0x0000FF
-63.45 -11.86 13.98 -61.81 -11.86 14.89 1.095 0x0000FF
-66.19 -12.22 13.3 -63.45 -11.86 13.98 1.095 0x0000FF
-68.56 -12.41 12.54 -66.19 -12.22 13.3 1.095 0x0000FF
-70.75 -12.59 11.94 -68.56 -12.41 12.54 1.095 0x0000FF
-71.3 -12.77 11.03 -70.75 -12.59 11.94 1.095 0x0000FF
-74.03 -12.95 10.95 -71.3 -12.77 11.03 1.095 0x0000FF
-74.95 -13.32 9.21 -74.03 -12.95 10.95 1.095 0x0000FF
-75.31 -13.32 7.85 -74.95 -13.32 9.21 1.095 0x0000FF
-79.69 -14.05 6.26 -75.31 -13.32 7.85 1.095 0x0000FF
-83.7 -14.05 5.58 -79.69 -14.05 6.26 0.91 0x0000FF
-85.71 -13.86 4.44 -83.7 -14.05 5.58 0.91 0x0000FF
-87.17 -13.5 4.05 -85.71 -13.86 4.44 0.91 0x0000FF
-90.82 -14.05 3.3 -87.17 -13.5 4.05 0.365 0x0000FF
-91.93 -13.68 1.94 -90.82 -14.05 3.3 0.365 0x0000FF
-93.39 -13.5 1.86 -91.93 -13.68 1.94 0.365 0x0000FF
-94.12 -13.5 1.64 -93.39 -13.5 1.86 0.365 0x0000FF
-95.58 -13.13 1.11 -94.12 -13.5 1.64 0.365 0x0000FF
-97.04 -12.77 -0.11 -95.58 -13.13 1.11 0.365 0x0000FF
-98.68 -12.59 -0.79 -97.04 -12.77 -0.11 0.365 0x0000FF
-99.59 -12.59 -1.62 -98.68 -12.59 -0.79 0.365 0x0000FF
-100.32 -12.59 -2.61 -99.59 -12.59 -1.62 0.365 0x0000FF
-101.23 -12.95 -3.36 -100.32 -12.59 -2.61 0.365 0x0000FF
-102.69 -13.5 -3.89 -101.23 -12.95 -3.36 0.18 0x0000FF
-91.37 -14.59 3.83 -90.82 -14.05 3.3 0.365 0x0000FF
-91.92 -14.59 2.92 -91.37 -14.59 3.83 0.365 0x0000FF
-92.1 -15.14 2.17 -91.92 -14.59 2.92 0.365 0x0000FF
-92.64 -15.32 1.03 -92.1 -15.14 2.17 0.365 0x0000FF
-92.83 -15.32 -0.18 -92.64 -15.32 1.03 0.365 0x0000FF
-93.56 -15.69 -0.79 -92.83 -15.32 -0.18 0.365 0x0000FF
-94.29 -15.69 -1.17 -93.56 -15.69 -0.79 0.365 0x0000FF
-95.56 -15.69 -1.92 -94.29 -15.69 -1.17 0.365 0x0000FF
-96.29 -15.69 -2.38 -95.56 -15.69 -1.92 0.365 0x0000FF
-97.02 -15.87 -2.98 -96.29 -15.69 -2.38 0.365 0x0000FF
-97.57 -16.05 -3.36 -97.02 -15.87 -2.98 0.365 0x0000FF
-98.85 -16.42 -3.74 -97.57 -16.05 -3.36 0.365 0x0000FF
-99.21 -16.42 -4.8 -98.85 -16.42 -3.74 0.365 0x0000FF
-99.76 -16.78 -4.95 -99.21 -16.42 -4.8 0.365 0x0000FF
-99.76 -17.14 -5.33 -99.76 -16.78 -4.95 0.365 0x0000FF
-99.58 -17.87 -3.74 -99.76 -17.14 -5.33 0.365 0x0000FF
-99.21 -18.23 -2.52 -99.58 -17.87 -3.74 0.365 0x0000FF
-98.85 -18.42 -1.92 -99.21 -18.23 -2.52 0.365 0x0000FF
-98.85 -19.14 -1.39 -98.85 -18.42 -1.92 0.365 0x0000FF
-98.85 -19.69 -0.86 -98.85 -19.14 -1.39 0.365 0x0000FF
-98.85 -20.42 -0.79 -98.85 -19.69 -0.86 0.365 0x0000FF
-99.21 -20.79 -0.03 -98.85 -20.42 -0.79 0.365 0x0000FF
-99.76 -21.52 0.57 -99.21 -20.79 -0.03 0.365 0x0000FF
-100.86 -22.43 1.26 -99.76 -21.52 0.57 0.365 0x0000FF
-101.59 -23.16 1.79 -100.86 -22.43 1.26 0.365 0x0000FF
-102.13 -23.52 2.47 -101.59 -23.16 1.79 0.365 0x0000FF
-102.5 -24.25 3.23 -102.13 -23.52 2.47 0.365 0x0000FF
-102.86 -25.34 3.53 -102.5 -24.25 3.23 0.365 0x0000FF
-102.87 -29.53 4.74 -102.86 -25.34 3.53 0.365 0x0000FF
-102.51 -30.44 4.74 -102.87 -29.53 4.74 0.365 0x0000FF
-102.14 -31.54 5.04 -102.51 -30.44 4.74 0.365 0x0000FF
-101.96 -32.99 5.35 -102.14 -31.54 5.04 0.365 0x0000FF
-102.33 -34.63 5.58 -101.96 -32.99 5.35 0.365 0x0000FF
-103.06 -36.64 6.11 -102.33 -34.63 5.58 0.365 0x0000FF
-103.97 -38.82 6.48 -103.06 -36.64 6.11 0.365 0x0000FF
-104.88 -40.46 6.94 -103.97 -38.82 6.48 0.365 0x0000FF
-105.61 -41.37 6.94 -104.88 -40.46 6.94 0.365 0x0000FF
-106.34 -42.1 7.24 -105.61 -41.37 6.94 0.365 0x0000FF
-106.89 -42.83 7.7 -106.34 -42.1 7.24 0.365 0x0000FF
-88.45 -13.32 5.73 -87.17 -13.5 4.05 0.545 0x0000FF
-89.73 -12.22 5.2 -88.45 -13.32 5.73 0.545 0x0000FF
-91.73 -9.49 4.44 -89.73 -12.22 5.2 0.455 0x0000FF
-94.47 -5.48 3.45 -91.73 -9.49 4.44 0.455 0x0000FF
-95.75 -2.93 3.23 -94.47 -5.48 3.45 0.455 0x0000FF
-97.39 0.71 2.47 -95.75 -2.93 3.23 0.365 0x0000FF
-98.12 4.17 1.86 -97.39 0.71 2.47 0.275 0x0000FF
-98.85 6.72 2.54 -98.12 4.17 1.86 0.275 0x0000FF
-99.21 8.36 3.38 -98.85 6.72 2.54 0.275 0x0000FF
-99.03 11.28 3.53 -99.21 8.36 3.38 0.275 0x0000FF
-99.03 13.28 2.85 -99.03 11.28 3.53 0.275 0x0000FF
-98.67 16.75 4.05 -99.03 13.28 2.85 0.275 0x0000FF
-99.03 18.57 4.29 -98.67 16.75 4.05 0.275 0x0000FF
-99.4 20.94 4.67 -99.03 18.57 4.29 0.275 0x0000FF
-99.76 25.13 4.97 -99.4 20.94 4.67 0.275 0x0000FF
-99.76 28.95 5.35 -99.76 25.13 4.97 0.275 0x0000FF
-99.94 31.69 5.73 -99.76 28.95 5.35 0.275 0x0000FF
-100.13 35.15 5.95 -99.94 31.69 5.73 0.275 0x0000FF
-100.67 37.52 6.26 -100.13 35.15 5.95 0.275 0x0000FF
-101.77 40.07 6.64 -100.67 37.52 6.26 0.275 0x0000FF
-102.13 40.98 7.85 -101.77 40.07 6.64 0.275 0x0000FF
-103.04 41.89 8.44 -102.13 40.98 7.85 0.275 0x0000FF
-103.96 42.98 9.28 -103.04 41.89 8.44 0.275 0x0000FF
-105.6 43.71 9.97 -103.96 42.98 9.28 0.275 0x0000FF
-107.06 44.44 10.5 -105.6 43.71 9.97 0.275 0x0000FF
-108.34 45.35 11.18 -107.06 44.44 10.5 0.275 0x0000FF
-109.61 46.63 11.86 -108.34 45.35 11.18 0.275 0x0000FF
-109.98 48.45 13.45 -109.61 46.63 11.86 0.18 0x0000FF
-109.98 48.99 14.21 -109.98 48.45 13.45 0.18 0x0000FF
-109.8 50.09 14.82 -109.98 48.99 14.21 0.18 0x0000FF
-109.61 50.63 15.42 -109.8 50.09 14.82 0.18 0x0000FF
-109.61 51.18 15.8 -109.61 50.63 15.42 0.18 0x0000FF
-109.61 51.73 16.48 -109.61 51.18 15.8 0.18 0x0000FF
-110.53 53.55 17.32 -109.61 51.73 16.48 0.18 0x0000FF
-111.98 55.74 17.85 -110.53 53.55 17.32 0.18 0x0000FF
-112.71 56.65 18.38 -111.98 55.74 17.85 0.18 0x0000FF
-115.27 59.2 19.21 -112.71 56.65 18.38 0.18 0x0000FF
-49.89 -20.43 36.86 -52.13 -7.96 27.31 2.005 0x0000FF
-49.34 -23.17 37.09 -49.89 -20.43 36.86 2.005 0x0000FF
-47.7 -26.81 37.69 -49.34 -23.17 37.09 2.005 0x0000FF
-45.88 -30.27 38.0 -47.7 -26.81 37.69 1.915 0x0000FF
-44.6 -35.56 38.22 -45.88 -30.27 38.0 1.915 0x0000FF
-41.86 -40.47 38.83 -44.6 -35.56 38.22 1.915 0x0000FF
-40.22 -44.12 39.13 -41.86 -40.47 38.83 1.825 0x0000FF
-35.84 -59.79 39.74 -40.22 -44.12 39.13 1.825 0x0000FF
-34.75 -64.7 40.04 -35.84 -59.79 39.74 1.825 0x0000FF
-34.2 -68.17 40.5 -34.75 -64.7 40.04 1.735 0x0000FF
-33.11 -71.45 40.65 -34.2 -68.17 40.5 1.735 0x0000FF
-32.19 -74.0 41.03 -33.11 -71.45 40.65 1.735 0x0000FF
-31.83 -75.64 41.33 -32.19 -74.0 41.03 1.735 0x0000FF
-31.1 -79.65 41.63 -31.83 -75.64 41.33 1.735 0x0000FF
-30.19 -85.11 42.16 -31.1 -79.65 41.63 1.735 0x0000FF
-29.46 -90.58 42.54 -30.19 -85.11 42.16 1.735 0x0000FF
-29.09 -93.5 42.92 -29.46 -90.58 42.54 1.735 0x0000FF
-28.54 -98.6 43.68 -29.09 -93.5 42.92 1.735 0x0000FF
-28.54 -104.06 44.06 -28.54 -98.6 43.68 1.46 0x0000FF
-27.63 -110.08 44.59 -28.54 -104.06 44.06 1.46 0x0000FF
-25.99 -116.82 44.89 -27.63 -110.08 44.59 1.46 0x0000FF
-25.44 -122.47 45.5 -25.99 -116.82 44.89 1.46 0x0000FF
-23.8 -127.75 46.56 -25.44 -122.47 45.5 1.46 0x0000FF
-22.89 -132.12 47.24 -23.8 -127.75 46.56 1.46 0x0000FF
-22.34 -134.13 47.84 -22.89 -132.12 47.24 1.46 0x0000FF
-21.98 -135.77 48.07 -22.34 -134.13 47.84 1.46 0x0000FF
-21.27 -137.77 48.6 -21.98 -135.77 48.07 1.275 0x0000FF
-20.36 -141.05 48.98 -21.27 -137.77 48.6 1.275 0x0000FF
-20.17 -144.33 49.43 -20.36 -141.05 48.98 1.275 0x0000FF
-19.8 -147.8 49.81 -20.17 -144.33 49.43 1.275 0x0000FF
-19.07 -153.99 50.42 -19.8 -147.8 49.81 1.275 0x0000FF
-18.53 -157.09 50.65 -19.07 -153.99 50.42 1.185 0x0000FF
-16.71 -163.46 51.25 -18.53 -157.09 50.65 1.185 0x0000FF
-16.34 -169.3 51.71 -16.71 -163.46 51.25 1.185 0x0000FF
-15.25 -174.21 52.24 -16.34 -169.3 51.71 1.185 0x0000FF
-14.52 -179.5 52.77 -15.25 -174.21 52.24 1.185 0x0000FF
-13.97 -187.88 53.45 -14.52 -179.5 52.77 1.185 0x0000FF
-13.79 -194.26 53.75 -13.97 -187.88 53.45 1.185 0x0000FF
-13.42 -199.72 54.21 -13.79 -194.26 53.75 1.185 0x0000FF
-11.96 -211.75 54.74 -13.42 -199.72 54.21 1.185 0x0000FF
-11.23 -215.76 55.12 -11.96 -211.75 54.74 1.095 0x0000FF
-10.14 -219.22 55.27 -11.23 -215.76 55.12 1.095 0x0000FF
-8.5 -222.86 55.49 -10.14 -219.22 55.27 1.095 0x0000FF
-6.49 -226.69 55.57 -8.5 -222.86 55.49 1.095 0x0000FF
-3.57 -236.53 56.25 -6.49 -226.69 55.57 1.095 0x0000FF
-1.93 -243.45 56.48 -3.57 -236.53 56.25 1.095 0x0000FF
-1.75 -248.19 57.01 -1.93 -243.45 56.48 1.095 0x0000FF
-1.75 -252.92 57.16 -1.75 -248.19 57.01 1.095 0x0000FF
-1.93 -258.2 57.39 -1.75 -252.92 57.16 1.095 0x0000FF
-1.02 -266.77 57.77 -1.93 -258.2 57.39 1.095 0x0000FF
0.63 -270.95 57.99 -1.02 -266.77 57.77 1.095 0x0000FF
2.45 -275.33 58.15 0.63 -270.95 57.99 1.095 0x0000FF
4.82 -283.72 58.6 2.45 -275.33 58.15 1.095 0x0000FF
7.38 -288.08 58.9 4.82 -283.72 58.6 1.095 0x0000FF
10.64 -297.02 59.28 7.38 -288.08 58.9 1.095 0x0000FF
12.83 -303.76 59.66 10.64 -297.02 59.28 1.095 0x0000FF
14.65 -308.86 59.96 12.83 -303.76 59.66 1.095 0x0000FF
15.2 -313.77 60.42 14.65 -308.86 59.96 1.095 0x0000FF
16.66 -315.67 61.1 15.2 -313.77 60.42 0.82 0x0000FF
17.75 -316.58 61.4 16.66 -315.67 61.1 0.82 0x0000FF
19.21 -319.13 61.55 17.75 -316.58 61.4 0.82 0x0000FF
20.13 -321.68 61.71 19.21 -319.13 61.55 0.82 0x0000FF
22.68 -326.95 62.01 20.13 -321.68 61.71 0.82 0x0000FF
26.88 -333.16 62.16 22.68 -326.95 62.01 0.82 0x0000FF
32.9 -340.81 62.77 26.88 -333.16 62.16 0.73 0x0000FF
36.36 -344.64 62.99 32.9 -340.81 62.77 0.73 0x0000FF
39.65 -348.1 62.99 36.36 -344.64 62.99 0.73 0x0000FF
45.12 -353.56 63.37 39.65 -348.1 62.99 0.73 0x0000FF
48.22 -356.66 63.83 45.12 -353.56 63.37 0.64 0x0000FF
50.41 -358.3 63.9 48.22 -356.66 63.83 0.64 0x0000FF
53.88 -360.49 64.05 50.41 -358.3 63.9 0.64 0x0000FF
56.62 -363.22 64.2 53.88 -360.49 64.05 0.64 0x0000FF
57.89 -364.31 64.2 56.62 -363.22 64.2 0.64 0x0000FF
15.02 -315.61 60.72 15.2 -313.77 60.42 1.095 0x0000FF
14.65 -317.25 60.8 15.02 -315.61 60.72 1.005 0x0000FF
13.92 -318.52 61.18 14.65 -317.25 60.8 0.91 0x0000FF
13.19 -320.16 61.4 13.92 -318.52 61.18 0.91 0x0000FF
13.01 -321.44 61.63 13.19 -320.16 61.4 0.82 0x0000FF
13.01 -323.99 61.93 13.01 -321.44 61.63 0.82 0x0000FF
13.01 -325.81 62.01 13.01 -323.99 61.93 0.82 0x0000FF
12.28 -328.18 62.24 13.01 -325.81 62.01 0.73 0x0000FF
12.1 -330.36 62.31 12.28 -328.18 62.24 0.73 0x0000FF
12.1 -333.1 62.54 12.1 -330.36 62.31 0.73 0x0000FF
12.28 -335.28 62.69 12.1 -333.1 62.54 0.73 0x0000FF
12.46 -337.83 62.92 12.28 -335.28 62.69 0.73 0x0000FF
12.1 -339.84 62.99 12.46 -337.83 62.92 0.73 0x0000FF
11.55 -341.11 63.15 12.1 -339.84 62.99 0.73 0x0000FF
10.82 -343.85 63.37 11.55 -341.11 63.15 0.73 0x0000FF
11.37 -350.22 63.68 10.82 -343.85 63.37 0.73 0x0000FF
11.55 -353.32 63.75 11.37 -350.22 63.68 0.73 0x0000FF
11.55 -355.33 64.05 11.55 -353.32 63.75 0.73 0x0000FF
11.55 -358.06 64.2 11.55 -355.33 64.05 0.73 0x0000FF
11.37 -359.7 64.36 11.55 -358.06 64.2 0.73 0x0000FF
11.55 -360.97 64.58 11.37 -359.7 64.36 0.73 0x0000FF
11.55 -361.7 65.11 11.55 -360.97 64.58 0.73 0x0000FF
11.55 -362.25 65.19 11.55 -361.7 65.11 0.73 0x0000FF
11.73 -362.98 64.51 11.55 -362.25 65.19 0.73 0x0000FF
12.1 -363.89 64.36 11.73 -362.98 64.51 0.73 0x0000FF
12.1 -364.62 64.13 12.1 -363.89 64.36 0.73 0x0000FF
12.28 -365.16 63.75 12.1 -364.62 64.13 0.73 0x0000FF
12.46 -366.44 63.45 12.28 -365.16 63.75 0.73 0x0000FF
12.28 -367.53 63.37 12.46 -366.44 63.45 0.73 0x0000FF
11.73 -368.81 62.92 12.28 -367.53 63.37 0.73 0x0000FF
11.19 -369.17 62.16 11.73 -368.81 62.92 0.73 0x0000FF
11.01 -369.54 61.93 11.19 -369.17 62.16 0.73 0x0000FF
10.64 -370.63 61.78 11.01 -369.54 61.93 0.73 0x0000FF
11.0 -371.78 62.99 10.64 -370.63 61.78 0.64 0x0000FF
11.0 -373.06 63.3 11.0 -371.78 62.99 0.64 0x0000FF
10.82 -374.88 64.36 11.0 -373.06 63.3 0.64 0x0000FF
10.82 -376.52 64.73 10.82 -374.88 64.36 0.64 0x0000FF
10.64 -377.43 65.11 10.82 -376.52 64.73 0.64 0x0000FF
10.82 -377.98 65.87 10.64 -377.43 65.11 0.64 0x0000FF
11.19 -378.71 65.95 10.82 -377.98 65.87 0.64 0x0000FF
11.92 -379.98 66.4 11.19 -378.71 65.95 0.64 0x0000FF
12.46 -380.71 66.7 11.92 -379.98 66.4 0.64 0x0000FF
13.56 -380.53 65.95 12.46 -380.71 66.7 0.365 0x0000FF
14.65 -379.07 66.09 13.56 -380.53 65.95 0.365 0x0000FF
14.83 -378.52 66.48 14.65 -379.07 66.09 0.365 0x0000FF
15.38 -378.52 66.86 14.83 -378.52 66.48 0.365 0x0000FF
16.11 -379.07 67.16 15.38 -378.52 66.86 0.365 0x0000FF
16.48 -379.8 67.45 16.11 -379.07 67.16 0.365 0x0000FF
16.66 -380.53 67.69 16.48 -379.8 67.45 0.365 0x0000FF
16.66 -380.89 67.98 16.66 -380.53 67.69 0.365 0x0000FF
17.02 -381.44 67.31 16.66 -380.89 67.98 0.365 0x0000FF
17.21 -381.99 66.7 17.02 -381.44 67.31 0.365 0x0000FF
17.39 -382.35 66.02 17.21 -381.99 66.7 0.365 0x0000FF
18.12 -382.9 65.42 17.39 -382.35 66.02 0.365 0x0000FF
18.67 -383.08 64.43 18.12 -382.9 65.42 0.365 0x0000FF
19.21 -383.44 63.98 18.67 -383.08 64.43 0.365 0x0000FF
19.76 -383.81 63.68 19.21 -383.44 63.98 0.365 0x0000FF
21.04 -384.35 63.45 19.76 -383.81 63.68 0.365 0x0000FF
21.59 -384.9 63.07 21.04 -384.35 63.45 0.365 0x0000FF
21.95 -385.08 62.77 21.59 -384.9 63.07 0.365 0x0000FF
22.5 -385.45 62.46 21.95 -385.08 62.77 0.365 0x0000FF
23.23 -385.99 62.24 22.5 -385.45 62.46 0.365 0x0000FF
24.32 -387.09 62.08 23.23 -385.99 62.24 0.365 0x0000FF
24.69 -387.27 61.93 24.32 -387.09 62.08 0.365 0x0000FF
25.05 -387.63 61.63 24.69 -387.27 61.93 0.365 0x0000FF
25.42 -388.0 61.4 25.05 -387.63 61.63 0.365 0x0000FF
26.33 -388.55 61.02 25.42 -388.0 61.4 0.365 0x0000FF
27.97 -389.09 60.49 26.33 -388.55 61.02 0.365 0x0000FF
28.88 -389.09 59.96 27.97 -389.09 60.49 0.365 0x0000FF
31.44 -389.64 59.05 28.88 -389.09 59.96 0.365 0x0000FF
32.35 -389.82 58.98 31.44 -389.64 59.05 0.365 0x0000FF
35.27 -391.28 58.15 32.35 -389.82 58.98 0.275 0x0000FF
36.36 -392.19 57.39 35.27 -391.28 58.15 0.275 0x0000FF
37.46 -393.1 56.78 36.36 -392.19 57.39 0.275 0x0000FF
38.01 -393.46 56.18 37.46 -393.1 56.78 0.275 0x0000FF
39.1 -394.01 55.57 38.01 -393.46 56.18 0.275 0x0000FF
41.29 -394.92 54.43 39.1 -394.01 55.57 0.275 0x0000FF
42.57 -395.1 54.28 41.29 -394.92 54.43 0.275 0x0000FF
44.76 -395.47 53.9 42.57 -395.1 54.28 0.275 0x0000FF
47.49 -395.83 53.52 44.76 -395.47 53.9 0.275 0x0000FF
48.22 -396.02 53.07 47.49 -395.83 53.52 0.275 0x0000FF
49.32 -397.11 52.69 48.22 -396.02 53.07 0.275 0x0000FF
49.87 -397.66 52.46 49.32 -397.11 52.69 0.275 0x0000FF
50.41 -398.57 52.16 49.87 -397.66 52.46 0.275 0x0000FF
50.96 -398.93 52.16 50.41 -398.57 52.16 0.275 0x0000FF
52.06 -399.66 51.78 50.96 -398.93 52.16 0.275 0x0000FF
52.79 -399.84 51.63 52.06 -399.66 51.78 0.275 0x0000FF
54.43 -400.02 51.56 52.79 -399.84 51.63 0.275 0x0000FF
55.7 -400.02 51.48 54.43 -400.02 51.56 0.275 0x0000FF
58.81 -398.93 51.18 55.7 -400.02 51.48 0.275 0x0000FF
13.01 -383.08 66.93 12.46 -380.71 66.7 0.545 0x0000FF
12.83 -383.81 67.08 13.01 -383.08 66.93 0.545 0x0000FF
12.28 -385.63 67.39 12.83 -383.81 67.08 0.545 0x0000FF
11.73 -386.91 67.54 12.28 -385.63 67.39 0.545 0x0000FF
10.82 -388.55 67.84 11.73 -386.91 67.54 0.545 0x0000FF
9.73 -389.64 67.61 10.82 -388.55 67.84 0.545 0x0000FF
8.27 -391.28 67.08 9.73 -389.64 67.61 0.545 0x0000FF
6.99 -393.28 66.78 8.27 -391.28 67.08 0.545 0x0000FF
5.53 -396.02 66.4 6.99 -393.28 66.78 0.545 0x0000FF
4.07 -398.57 66.09 5.53 -396.02 66.4 0.545 0x0000FF
2.98 -400.39 65.64 4.07 -398.57 66.09 0.545 0x0000FF
1.88 -402.76 65.04 2.98 -400.39 65.64 0.545 0x0000FF
0.42 -404.76 64.51 1.88 -402.76 65.04 0.455 0x0000FF
0.24 -405.49 64.28 0.42 -404.76 64.51 0.455 0x0000FF
-0.67 -407.49 63.9 0.24 -405.49 64.28 0.455 0x0000FF
-1.4 -409.32 63.6 -0.67 -407.49 63.9 0.455 0x0000FF
-2.68 -411.68 63.22 -1.4 -409.32 63.6 0.455 0x0000FF
-4.51 -414.96 63.15 -2.68 -411.68 63.22 0.455 0x0000FF
-5.42 -418.24 62.99 -4.51 -414.96 63.15 0.455 0x0000FF
-6.51 -422.07 62.99 -5.42 -418.24 62.99 0.455 0x0000FF
-6.88 -423.35 62.69 -6.51 -422.07 62.99 0.455 0x0000FF
-7.42 -424.8 62.54 -6.88 -423.35 62.69 0.455 0x0000FF
-7.97 -426.08 62.16 -7.42 -424.8 62.54 0.455 0x0000FF
-9.43 -428.99 61.78 -7.97 -426.08 62.16 0.455 0x0000FF
-10.34 -432.27 61.55 -9.43 -428.99 61.78 0.365 0x0000FF
-10.71 -433.37 61.25 -10.34 -432.27 61.55 0.365 0x0000FF
-10.71 -434.28 60.8 -10.71 -433.37 61.25 0.365 0x0000FF
-11.44 -436.1 59.66 -10.71 -434.28 60.8 0.365 0x0000FF
-12.17 -437.56 59.58 -11.44 -436.1 59.66 0.365 0x0000FF
-13.26 -439.93 59.28 -12.17 -437.56 59.58 0.365 0x0000FF
-13.81 -440.84 58.83 -13.26 -439.93 59.28 0.365 0x0000FF
-14.36 -442.66 58.37 -13.81 -440.84 58.83 0.365 0x0000FF
-14.9 -443.39 57.84 -14.36 -442.66 58.37 0.365 0x0000FF
-15.09 -443.75 57.09 -14.9 -443.39 57.84 0.365 0x0000FF
-15.82 -445.03 56.78 -15.09 -443.75 57.09 0.365 0x0000FF
9.0 -373.36 61.18 10.64 -370.63 61.78 0.64 0x0000FF
8.44 -375.37 60.87 9.0 -373.36 61.18 0.545 0x0000FF
7.72 -377.37 60.49 8.44 -375.37 60.87 0.545 0x0000FF
7.57 -379.25 59.96 7.72 -377.37 60.49 0.545 0x0000FF
7.57 -380.53 59.89 7.57 -379.25 59.96 0.545 0x0000FF
7.39 -381.44 59.36 7.57 -380.53 59.89 0.545 0x0000FF
6.66 -383.26 59.21 7.39 -381.44 59.36 0.545 0x0000FF
6.3 -384.54 58.98 6.66 -383.26 59.21 0.545 0x0000FF
5.93 -385.26 58.83 6.3 -384.54 58.98 0.545 0x0000FF
5.75 -385.81 58.6 5.93 -385.26 58.83 0.545 0x0000FF
5.2 -387.09 58.52 5.75 -385.81 58.6 0.545 0x0000FF
4.65 -387.81 58.22 5.2 -387.09 58.52 0.545 0x0000FF
4.29 -388.54 57.92 4.65 -387.81 58.22 0.545 0x0000FF
2.83 -390.18 57.46 4.29 -388.54 57.92 0.545 0x0000FF
2.27 -391.46 57.09 2.83 -390.18 57.46 0.545 0x0000FF
1.74 -392.55 56.86 2.27 -391.46 57.09 0.545 0x0000FF
1.19 -393.65 56.63 1.74 -392.55 56.86 0.545 0x0000FF
1.01 -394.37 56.02 1.19 -393.65 56.63 0.545 0x0000FF
0.82 -395.1 55.57 1.01 -394.37 56.02 0.545 0x0000FF
0.46 -396.38 55.12 0.82 -395.1 55.57 0.545 0x0000FF
0.28 -396.92 54.74 0.46 -396.38 55.12 0.545 0x0000FF
0.28 -397.47 54.36 0.28 -396.92 54.74 0.545 0x0000FF
-0.09 -398.02 53.6 0.28 -397.47 54.36 0.545 0x0000FF
-0.45 -398.56 53.07 -0.09 -398.02 53.6 0.545 0x0000FF
-1.18 -400.39 52.69 -0.45 -398.56 53.07 0.545 0x0000FF
-1.91 -402.03 52.31 -1.18 -400.39 52.69 0.455 0x0000FF
-2.46 -404.4 51.93 -1.91 -402.03 52.31 0.455 0x0000FF
-3.01 -406.76 51.78 -2.46 -404.4 51.93 0.455 0x0000FF
-4.65 -410.77 51.25 -3.01 -406.76 51.78 0.365 0x0000FF
-5.01 -412.23 51.1 -4.65 -410.77 51.25 0.365 0x0000FF
-6.48 -415.51 50.95 -5.01 -412.23 51.1 0.365 0x0000FF
-7.39 -417.88 50.72 -6.48 -415.51 50.95 0.365 0x0000FF
-8.3 -420.79 50.34 -7.39 -417.88 50.72 0.365 0x0000FF
-9.21 -423.34 50.12 -8.3 -420.79 50.34 0.365 0x0000FF
-10.11 -425.89 49.81 -9.21 -423.34 50.12 0.365 0x0000FF
-11.04 -428.26 49.66 -10.11 -425.89 49.81 0.365 0x0000FF
-12.13 -430.81 49.06 -11.04 -428.26 49.66 0.365 0x0000FF
-13.59 -435.92 48.53 -12.13 -430.81 49.06 0.365 0x0000FF
-17.42 -445.21 48.0 -13.59 -435.92 48.53 0.365 0x0000FF
-16.82 -445.44 46.48 -17.42 -445.21 48.0 0.275 0x0000FF
-16.64 -446.17 46.48 -16.82 -445.44 46.48 0.275 0x0000FF
-16.47 -447.26 46.18 -16.64 -446.17 46.48 0.275 0x0000FF
-16.47 -448.36 46.1 -16.47 -447.26 46.18 0.275 0x0000FF
-16.82 -449.63 45.5 -16.47 -448.36 46.1 0.275 0x0000FF
-17.2 -450.91 45.12 -16.82 -449.63 45.5 0.275 0x0000FF
-17.38 -452.18 44.66 -17.2 -450.91 45.12 0.275 0x0000FF
-17.55 -453.64 44.13 -17.38 -452.18 44.66 0.275 0x0000FF
-17.73 -454.55 43.9 -17.55 -453.64 44.13 0.275 0x0000FF
-18.11 -456.01 43.75 -17.73 -454.55 43.9 0.275 0x0000FF
-18.29 -457.28 43.3 -18.11 -456.01 43.75 0.275 0x0000FF
-19.02 -458.56 43.07 -18.29 -457.28 43.3 0.275 0x0000FF
-19.75 -460.75 42.31 -19.02 -458.56 43.07 0.275 0x0000FF
-20.3 -461.47 42.01 -19.75 -460.75 42.31 0.275 0x0000FF
-20.84 -462.57 42.84 -20.3 -461.47 42.01 0.275 0x0000FF
-21.21 -463.3 43.53 -20.84 -462.57 42.84 0.275 0x0000FF
-21.39 -463.84 43.9 -21.21 -463.3 43.53 0.275 0x0000FF
-21.94 -464.57 44.74 -21.39 -463.84 43.9 0.275 0x0000FF
-22.12 -465.12 45.42 -21.94 -464.57 44.74 0.275 0x0000FF
-22.49 -466.03 45.87 -22.12 -465.12 45.42 0.275 0x0000FF
-22.67 -466.39 45.95 -22.49 -466.03 45.87 0.275 0x0000FF
-23.22 -467.12 46.1 -22.67 -466.39 45.95 0.275 0x0000FF
-23.76 -468.22 46.63 -23.22 -467.12 46.1 0.275 0x0000FF
-25.95 -471.13 46.78 -23.76 -468.22 46.63 0.275 0x0000FF
-27.96 -475.87 47.09 -25.95 -471.13 46.78 0.275 0x0000FF
-30.15 -479.69 47.46 -27.96 -475.87 47.09 0.275 0x0000FF
-32.34 -484.07 48.15 -30.15 -479.69 47.46 0.275 0x0000FF
-36.72 -490.81 48.75 -32.34 -484.07 48.15 0.275 0x0000FF
-39.27 -497.37 49.13 -36.72 -490.81 48.75 0.275 0x0000FF
-44.38 -505.2 49.89 -39.27 -497.37 49.13 0.275 0x0000FF
-49.67 -512.66 50.42 -44.38 -505.2 49.89 0.275 0x0000FF
-55.33 -521.04 50.49 -49.67 -512.66 50.42 0.275 0x0000FF
-60.25 -530.35 50.34 -55.33 -521.04 50.49 0.275 0x0000FF
-66.09 -537.45 50.04 -60.25 -530.35 50.34 0.275 0x0000FF
-74.12 -546.38 49.81 -66.09 -537.45 50.04 0.275 0x0000FF
-80.31 -553.12 49.43 -74.12 -546.38 49.81 0.275 0x0000FF
-83.24 -555.66 49.13 -80.31 -553.12 49.43 0.275 0x0000FF
-91.82 -559.94 48.53 -83.24 -555.66 49.13 0.275 0x0000FF
-96.56 -563.04 47.92 -91.82 -559.94 48.53 0.275 0x0000FF
-99.12 -565.22 47.39 -96.56 -563.04 47.92 0.275 0x0000FF
-102.58 -567.41 46.71 -99.12 -565.22 47.39 0.275 0x0000FF
-104.41 -568.5 45.72 -102.58 -567.41 46.71 0.275 0x0000FF
-106.42 -569.96 44.81 -104.41 -568.5 45.72 0.275 0x0000FF
-108.79 -571.78 43.75 -106.42 -569.96 44.81 0.275 0x0000FF
-110.98 -573.41 42.62 -108.79 -571.78 43.75 0.275 0x0000FF
-113.71 -574.7 42.24 -110.98 -573.41 42.62 0.275 0x0000FF
-120.83 -580.53 36.94 -113.71 -574.7 42.24 0.275 0x0000FF
-128.31 -583.26 36.86 -120.83 -580.53 36.94 0.275 0x0000FF
-17.73 -446.53 48.75 -17.42 -445.21 48.0 0.18 0x0000FF
-18.84 -448.17 48.83 -17.73 -446.53 48.75 0.18 0x0000FF
-20.11 -449.81 49.06 -18.84 -448.17 48.83 0.18 0x0000FF
-22.3 -454.37 49.59 -20.11 -449.81 49.06 0.18 0x0000FF
-23.76 -457.65 49.89 -22.3 -454.37 49.59 0.18 0x0000FF
-26.14 -460.75 50.19 -23.76 -457.65 49.89 0.18 0x0000FF
-27.96 -463.11 50.49 -26.14 -460.75 50.19 0.18 0x0000FF
-29.78 -465.67 50.87 -27.96 -463.11 50.49 0.18 0x0000FF
-31.97 -467.67 51.25 -29.78 -465.67 50.87 0.18 0x0000FF
-34.53 -470.4 51.48 -31.97 -467.67 51.25 0.18 0x0000FF
-38.18 -473.32 51.86 -34.53 -470.4 51.48 0.18 0x0000FF
-40.36 -475.14 52.24 -38.18 -473.32 51.86 0.18 0x0000FF
-43.83 -478.97 52.54 -40.36 -475.14 52.24 0.18 0x0000FF
-46.39 -481.33 52.99 -43.83 -478.97 52.54 0.18 0x0000FF
-48.58 -483.7 53.45 -46.39 -481.33 52.99 0.18 0x0000FF
-49.67 -485.16 54.28 -48.58 -483.7 53.45 0.18 0x0000FF
-50.77 -487.16 54.51 -49.67 -485.16 54.28 0.18 0x0000FF
-51.68 -488.08 54.96 -50.77 -487.16 54.51 0.18 0x0000FF
-53.14 -489.53 55.65 -51.68 -488.08 54.96 0.18 0x0000FF
-54.96 -491.54 56.25 -53.14 -489.53 55.65 0.18 0x0000FF
-56.24 -492.99 56.55 -54.96 -491.54 56.25 0.18 0x0000FF
-59.52 -495.18 57.24 -56.24 -492.99 56.55 0.18 0x0000FF
-60.98 -496.46 57.69 -59.52 -495.18 57.24 0.18 0x0000FF
-62.81 -498.28 57.92 -60.98 -496.46 57.69 0.18 0x0000FF
-64.45 -499.74 58.07 -62.81 -498.28 57.92 0.18 0x0000FF
-23.62 -137.04 48.07 -21.98 -135.77 48.07 0.73 0x0000FF
-28.0 -139.05 48.22 -23.62 -137.04 48.07 0.73 0x0000FF
-31.46 -140.13 48.37 -28.0 -139.05 48.22 0.64 0x0000FF
-37.67 -143.78 48.6 -31.46 -140.13 48.37 0.64 0x0000FF
-40.95 -146.69 48.75 -37.67 -143.78 48.6 0.64 0x0000FF
-42.96 -148.88 48.75 -40.95 -146.69 48.75 0.64 0x0000FF
-45.33 -151.44 48.6 -42.96 -148.88 48.75 0.64 0x0000FF
-47.52 -154.16 48.22 -45.33 -151.44 48.6 0.545 0x0000FF
-48.8 -156.72 48.15 -47.52 -154.16 48.22 0.545 0x0000FF
-50.62 -158.91 47.92 -48.8 -156.72 48.15 0.455 0x0000FF
-52.81 -161.46 47.69 -50.62 -158.91 47.92 0.455 0x0000FF
-53.9 -163.28 47.39 -52.81 -161.46 47.69 0.455 0x0000FF
-55.0 -164.19 46.86 -53.9 -163.28 47.39 0.455 0x0000FF
-57.37 -166.56 46.1 -55.0 -164.19 46.86 0.455 0x0000FF
-60.66 -171.48 45.5 -57.37 -166.56 46.1 0.365 0x0000FF
-62.66 -175.12 45.04 -60.66 -171.48 45.5 0.365 0x0000FF
-65.58 -177.31 44.51 -62.66 -175.12 45.04 0.365 0x0000FF
-66.48 -178.22 44.28 -65.58 -177.31 44.51 0.365 0x0000FF
-66.86 -180.77 44.51 -66.48 -178.22 44.28 0.365 0x0000FF
-66.68 -182.04 44.81 -66.86 -180.77 44.51 0.365 0x0000FF
-66.48 -182.77 45.34 -66.68 -182.04 44.81 0.365 0x0000FF
-66.31 -183.68 45.57 -66.48 -182.77 45.34 0.365 0x0000FF
-66.13 -184.41 46.25 -66.31 -183.68 45.57 0.365 0x0000FF
-65.4 -185.51 46.63 -66.13 -184.41 46.25 0.365 0x0000FF
-64.67 -186.78 47.01 -65.4 -185.51 46.63 0.365 0x0000FF
-63.21 -188.97 47.24 -64.67 -186.78 47.01 0.365 0x0000FF
-62.48 -191.34 47.77 -63.21 -188.97 47.24 0.365 0x0000FF
-62.3 -193.71 48.0 -62.48 -191.34 47.77 0.365 0x0000FF
-61.93 -195.35 48.3 -62.3 -193.71 48.0 0.365 0x0000FF
-61.75 -196.44 48.45 -61.93 -195.35 48.3 0.365 0x0000FF
-61.75 -196.99 48.68 -61.75 -196.44 48.45 0.365 0x0000FF
-61.57 -198.81 48.9 -61.75 -196.99 48.68 0.365 0x0000FF
