11.06 -42.68 49.13 1.91 -42.79 51.55 0.91 0x0000FF
12.52 -42.13 49.43 11.06 -42.68 49.13 0.91 0x0000FF
13.98 -42.31 49.66 12.52 -42.13 49.43 0.91 0x0000FF
15.07 -42.13 49.28 13.98 -42.31 49.66 0.91 0x0000FF
16.35 -42.13 48.68 15.07 -42.13 49.28 0.91 0x0000FF
17.44 -42.13 48.53 16.35 -42.13 48.68 0.91 0x0000FF
18.54 -42.13 48.07 17.44 -42.13 48.53 0.91 0x0000FF
20.91 -43.59 46.4 18.54 -42.13 48.07 0.455 0x0000FF
21.46 -44.14 46.63 20.91 -43.59 46.4 0.455 0x0000FF
24.2 -45.41 48.3 21.46 -44.14 46.63 0.455 0x0000FF
24.74 -45.96 48.68 24.2 -45.41 48.3 0.455 0x0000FF
25.47 -46.69 48.83 24.74 -45.96 48.68 0.455 0x0000FF
25.66 -47.05 48.98 25.47 -46.69 48.83 0.455 0x0000FF
26.2 -47.42 49.36 25.66 -47.05 48.98 0.455 0x0000FF
26.93 -48.14 49.66 26.2 -47.42 49.36 0.455 0x0000FF
27.48 -48.87 50.04 26.93 -48.14 49.66 0.455 0x0000FF
28.39 -49.97 50.34 27.48 -48.87 50.04 0.455 0x0000FF
29.3 -51.06 50.49 28.39 -49.97 50.34 0.455 0x0000FF
29.49 -51.61 50.49 29.3 -51.06 50.49 0.455 0x0000FF
32.04 -53.43 50.8 29.49 -51.61 50.49 0.545 0x0000FF
34.04 -54.89 50.8 32.04 -53.43 50.8 0.545 0x0000FF
35.86 -55.98 50.65 34.04 -54.89 50.8 0.545 0x0000FF
36.6 -56.34 50.57 35.86 -55.98 50.65 0.545 0x0000FF
37.51 -57.25 50.57 36.6 -56.34 50.57 0.545 0x0000FF
38.24 -57.8 50.19 37.51 -57.25 50.57 0.545 0x0000FF
40.07 -59.62 50.12 38.24 -57.8 50.19 0.545 0x0000FF
40.79 -61.45 49.06 40.07 -59.62 50.12 0.455 0x0000FF
41.16 -61.63 49.13 40.79 -61.45 49.06 0.455 0x0000FF
41.35 -62.17 49.36 41.16 -61.63 49.13 0.455 0x0000FF
41.53 -62.54 49.59 41.35 -62.17 49.36 0.455 0x0000FF
41.71 -63.09 50.19 41.53 -62.54 49.59 0.365 0x0000FF
41.71 -63.45 50.65 41.71 -63.09 50.19 0.365 0x0000FF
41.53 -64.18 50.95 41.71 -63.45 50.65 0.365 0x0000FF
41.35 -64.54 51.1 41.53 -64.18 50.95 0.365 0x0000FF
41.16 -64.54 51.86 41.35 -64.54 51.1 0.365 0x0000FF
40.98 -64.91 52.46 41.16 -64.54 51.86 0.365 0x0000FF
40.98 -65.09 53.6 40.98 -64.91 52.46 0.365 0x0000FF
40.61 -65.45 54.66 40.98 -65.09 53.6 0.365 0x0000FF
40.43 -65.81 55.42 40.61 -65.45 54.66 0.365 0x0000FF
40.79 -67.09 55.19 40.43 -65.81 55.42 0.365 0x0000FF
40.61 -67.64 55.27 40.79 -67.09 55.19 0.365 0x0000FF
40.61 -68.37 55.87 40.61 -67.64 55.27 0.365 0x0000FF
40.61 -69.09 56.02 40.61 -68.37 55.87 0.365 0x0000FF
40.98 -70.19 56.18 40.61 -69.09 56.02 0.365 0x0000FF
41.35 -70.92 56.33 40.98 -70.19 56.18 0.365 0x0000FF
41.89 -71.83 56.55 41.35 -70.92 56.33 0.365 0x0000FF
42.44 -72.73 56.63 41.89 -71.83 56.55 0.365 0x0000FF
42.99 -73.29 56.71 42.44 -72.73 56.63 0.365 0x0000FF
43.17 -73.65 56.78 42.99 -73.29 56.71 0.365 0x0000FF
43.72 -74.38 57.16 43.17 -73.65 56.78 0.365 0x0000FF
43.9 -75.11 57.46 43.72 -74.38 57.16 0.365 0x0000FF
44.45 -76.2 58.07 43.9 -75.11 57.46 0.365 0x0000FF
44.45 -76.56 58.22 44.45 -76.2 58.07 0.365 0x0000FF
44.63 -76.93 59.28 44.45 -76.56 58.22 0.365 0x0000FF
44.81 -77.48 59.66 44.63 -76.93 59.28 0.365 0x0000FF
45.36 -79.12 61.02 44.81 -77.48 59.66 0.275 0x0000FF
45.54 -79.48 61.33 45.36 -79.12 61.02 0.275 0x0000FF
45.73 -79.84 61.93 45.54 -79.48 61.33 0.275 0x0000FF
45.73 -80.2 63.22 45.73 -79.84 61.93 0.275 0x0000FF
45.73 -80.58 63.52 45.73 -80.2 63.22 0.275 0x0000FF
47.18 -84.95 64.13 45.73 -80.58 63.52 0.275 0x0000FF
38.97 -65.45 55.57 40.43 -65.81 55.42 0.275 0x0000FF
38.79 -65.27 55.95 38.97 -65.45 55.57 0.275 0x0000FF
38.61 -65.45 56.1 38.79 -65.27 55.95 0.275 0x0000FF
38.43 -65.64 55.49 38.61 -65.45 56.1 0.275 0x0000FF
38.24 -66.0 55.19 38.43 -65.64 55.49 0.275 0x0000FF
38.24 -66.36 55.12 38.24 -66.0 55.19 0.275 0x0000FF
37.7 -67.45 54.74 38.24 -66.36 55.12 0.18 0x0000FF
37.33 -68.19 54.21 37.7 -67.45 54.74 0.18 0x0000FF
42.62 -60.9 50.72 40.07 -59.62 50.12 0.545 0x0000FF
42.99 -61.26 50.27 42.62 -60.9 50.72 0.545 0x0000FF
43.17 -61.63 49.96 42.99 -61.26 50.27 0.545 0x0000FF
43.9 -62.36 51.1 43.17 -61.63 49.96 0.545 0x0000FF
44.63 -63.09 51.48 43.9 -62.36 51.1 0.545 0x0000FF
45.18 -63.27 52.16 44.63 -63.09 51.48 0.545 0x0000FF
46.27 -63.27 52.77 45.18 -63.27 52.16 0.545 0x0000FF
47.91 -63.09 53.3 46.27 -63.27 52.77 0.545 0x0000FF
48.83 -63.09 53.9 47.91 -63.09 53.3 0.545 0x0000FF
49.92 -63.27 54.66 48.83 -63.09 53.9 0.545 0x0000FF
53.02 -65.81 55.42 49.92 -63.27 54.66 0.545 0x0000FF
57.4 -69.64 56.25 53.02 -65.81 55.42 0.545 0x0000FF
58.5 -70.73 56.63 57.4 -69.64 56.25 0.545 0x0000FF
59.59 -72.2 57.24 58.5 -70.73 56.63 0.545 0x0000FF
60.32 -73.47 57.84 59.59 -72.2 57.24 0.545 0x0000FF
61.05 -74.2 58.37 60.32 -73.47 57.84 0.545 0x0000FF
61.78 -75.11 58.68 61.05 -74.2 58.37 0.545 0x0000FF
62.33 -76.02 59.13 61.78 -75.11 58.68 0.545 0x0000FF
62.88 -77.48 60.19 62.33 -76.02 59.13 0.545 0x0000FF
63.42 -78.94 61.25 62.88 -77.48 60.19 0.545 0x0000FF
63.79 -81.12 62.31 63.42 -78.94 61.25 0.545 0x0000FF
63.97 -83.31 63.22 63.79 -81.12 62.31 0.545 0x0000FF
63.24 -88.05 63.68 63.97 -83.31 63.22 0.545 0x0000FF
63.06 -89.87 64.05 63.24 -88.05 63.68 0.545 0x0000FF
62.69 -91.51 64.51 63.06 -89.87 64.05 0.545 0x0000FF
62.15 -94.24 65.11 62.69 -91.51 64.51 0.545 0x0000FF
61.96 -96.97 65.27 62.15 -94.24 65.11 0.545 0x0000FF
61.78 -98.25 64.95 61.96 -96.97 65.27 0.545 0x0000FF
61.42 -100.07 64.28 61.78 -98.25 64.95 0.545 0x0000FF
61.23 -101.35 64.43 61.42 -100.07 64.28 0.455 0x0000FF
61.23 -102.44 64.43 61.23 -101.35 64.43 0.455 0x0000FF
61.23 -103.17 64.51 61.23 -102.44 64.43 0.455 0x0000FF
61.23 -104.08 64.36 61.23 -103.17 64.51 0.275 0x0000FF
60.87 -105.17 64.36 61.23 -104.08 64.36 0.275 0x0000FF
60.87 -106.08 64.36 60.87 -105.17 64.36 0.275 0x0000FF
61.05 -107.72 64.36 60.87 -106.08 64.36 0.275 0x0000FF
61.42 -109.36 64.36 61.05 -107.72 64.36 0.275 0x0000FF
61.05 -114.28 64.36 61.42 -109.36 64.36 0.275 0x0000FF
60.32 -104.08 63.75 61.23 -103.17 64.51 0.18 0x0000FF
59.41 -104.63 63.75 60.32 -104.08 63.75 0.18 0x0000FF
58.86 -104.81 63.75 59.41 -104.63 63.75 0.18 0x0000FF
57.95 -105.9 63.75 58.86 -104.81 63.75 0.18 0x0000FF
57.04 -106.81 63.75 57.95 -105.9 63.75 0.18 0x0000FF
55.94 -107.54 63.75 57.04 -106.81 63.75 0.18 0x0000FF
53.39 -108.45 63.75 55.94 -107.54 63.75 0.18 0x0000FF
63.06 -100.8 64.2 61.42 -100.07 64.28 0.455 0x0000FF
65.61 -100.8 64.28 63.06 -100.8 64.2 0.455 0x0000FF
67.98 -100.07 64.36 65.61 -100.8 64.28 0.365 0x0000FF
69.63 -99.16 64.36 67.98 -100.07 64.36 0.365 0x0000FF
71.81 -98.8 64.51 69.63 -99.16 64.36 0.365 0x0000FF
74.01 -98.61 64.51 71.81 -98.8 64.51 0.365 0x0000FF
76.01 -97.34 64.58 74.01 -98.61 64.51 0.365 0x0000FF
79.3 -96.61 64.51 76.01 -97.34 64.58 0.275 0x0000FF
31.68 -50.88 50.49 29.49 -51.61 50.49 0.365 0x0000FF
32.95 -50.7 50.8 31.68 -50.88 50.49 0.365 0x0000FF
34.22 -50.33 50.95 32.95 -50.7 50.8 0.365 0x0000FF
36.24 -49.78 50.95 34.22 -50.33 50.95 0.275 0x0000FF
36.78 -49.97 50.8 36.24 -49.78 50.95 0.275 0x0000FF
37.51 -50.15 50.34 36.78 -49.97 50.8 0.275 0x0000FF
38.43 -50.51 50.12 37.51 -50.15 50.34 0.275 0x0000FF
39.52 -51.06 49.89 38.43 -50.51 50.12 0.275 0x0000FF
39.89 -51.24 50.12 39.52 -51.06 49.89 0.275 0x0000FF
40.25 -51.42 50.27 39.89 -51.24 50.12 0.275 0x0000FF
40.98 -51.79 50.87 40.25 -51.42 50.27 0.275 0x0000FF
41.71 -52.15 51.25 40.98 -51.79 50.87 0.275 0x0000FF
42.44 -52.34 51.78 41.71 -52.15 51.25 0.275 0x0000FF
43.35 -52.7 52.24 42.44 -52.34 51.78 0.275 0x0000FF
45.0 -53.06 52.77 43.35 -52.7 52.24 0.275 0x0000FF
46.27 -53.43 53.45 45.0 -53.06 52.77 0.275 0x0000FF
47.73 -53.61 53.83 46.27 -53.43 53.45 0.275 0x0000FF
48.28 -53.61 54.21 47.73 -53.61 53.83 0.275 0x0000FF
49.01 -53.61 54.43 48.28 -53.61 54.21 0.275 0x0000FF
49.19 -53.61 55.04 49.01 -53.61 54.43 0.275 0x0000FF
20.36 -40.86 47.54 18.54 -42.13 48.07 0.73 0x0000FF
21.09 -40.31 46.93 20.36 -40.86 47.54 0.73 0x0000FF
22.19 -39.03 46.56 21.09 -40.31 46.93 0.73 0x0000FF
23.83 -37.21 46.4 22.19 -39.03 46.56 0.64 0x0000FF
25.29 -35.94 46.25 23.83 -37.21 46.4 0.64 0x0000FF
26.57 -34.65 45.95 25.29 -35.94 46.25 0.64 0x0000FF
28.94 -32.84 45.57 26.57 -34.65 45.95 0.64 0x0000FF
31.49 -31.2 45.12 28.94 -32.84 45.57 0.64 0x0000FF
35.69 -28.83 44.59 31.49 -31.2 45.12 0.64 0x0000FF
37.7 -27.56 43.83 35.69 -28.83 44.59 0.64 0x0000FF
38.79 -27.19 43.83 37.7 -27.56 43.83 0.64 0x0000FF
40.61 -26.46 42.69 38.79 -27.19 43.83 0.545 0x0000FF
40.98 -26.1 42.54 40.61 -26.46 42.69 0.545 0x0000FF
41.35 -26.1 41.86 40.98 -26.1 42.54 0.545 0x0000FF
41.35 -25.92 40.95 41.35 -26.1 41.86 0.545 0x0000FF
41.89 -25.92 40.42 41.35 -25.92 40.95 0.545 0x0000FF
42.44 -25.73 39.65 41.89 -25.92 40.42 0.545 0x0000FF
43.35 -25.73 39.06 42.44 -25.73 39.65 0.545 0x0000FF
44.45 -25.55 38.36 43.35 -25.73 39.06 0.545 0x0000FF
45.0 -25.19 37.77 44.45 -25.55 38.36 0.545 0x0000FF
45.91 -24.09 37.15 45.0 -25.19 37.77 0.545 0x0000FF
46.27 -23.73 36.47 45.91 -24.09 37.15 0.545 0x0000FF
47.18 -23.55 35.95 46.27 -23.73 36.47 0.545 0x0000FF
47.91 -23.18 35.42 47.18 -23.55 35.95 0.455 0x0000FF
49.56 -23.18 34.44 47.91 -23.18 35.42 0.455 0x0000FF
51.93 -23.55 34.06 49.56 -23.18 34.44 0.455 0x0000FF
54.85 -23.0 33.29 51.93 -23.55 34.06 0.455 0x0000FF
55.4 -22.82 33.0 54.85 -23.0 33.29 0.455 0x0000FF
57.95 -22.27 32.39 55.4 -22.82 33.0 0.455 0x0000FF
59.23 -22.27 31.78 57.95 -22.27 32.39 0.455 0x0000FF
62.69 -22.27 31.03 59.23 -22.27 31.78 0.455 0x0000FF
64.34 -22.27 30.5 62.69 -22.27 31.03 0.455 0x0000FF
65.79 -22.27 29.89 64.34 -22.27 30.5 0.455 0x0000FF
68.17 -22.09 29.82 65.79 -22.27 29.89 0.365 0x0000FF
69.08 -22.09 29.59 68.17 -22.09 29.82 0.365 0x0000FF
70.36 -22.09 28.98 69.08 -22.09 29.59 0.365 0x0000FF
71.09 -22.45 28.3 70.36 -22.09 28.98 0.365 0x0000FF
71.45 -22.45 27.62 71.09 -22.45 28.3 0.365 0x0000FF
72.55 -22.64 27.16 71.45 -22.45 27.62 0.365 0x0000FF
73.64 -22.82 26.33 72.55 -22.64 27.16 0.365 0x0000FF
74.37 -22.82 26.03 73.64 -22.82 26.33 0.365 0x0000FF
75.45 -23.37 25.5 74.37 -22.82 26.03 0.365 0x0000FF
76.19 -23.55 24.82 75.45 -23.37 25.5 0.365 0x0000FF
77.11 -23.73 23.83 76.19 -23.55 24.82 0.365 0x0000FF
78.38 -23.73 23.07 77.11 -23.73 23.83 0.365 0x0000FF
79.11 -23.73 22.92 78.38 -23.73 23.07 0.365 0x0000FF
80.39 -23.91 21.56 79.11 -23.73 22.92 0.365 0x0000FF
81.67 -23.91 20.95 80.39 -23.91 21.56 0.365 0x0000FF
82.76 -23.91 20.8 81.67 -23.91 20.95 0.365 0x0000FF
84.77 -24.09 19.82 82.76 -23.91 20.8 0.365 0x0000FF
85.13 -24.09 18.98 84.77 -24.09 19.82 0.365 0x0000FF
86.23 -24.09 18.91 85.13 -24.09 18.98 0.365 0x0000FF
89.88 -23.0 19.66 86.23 -24.09 18.91 0.275 0x0000FF
90.24 -22.82 19.89 89.88 -23.0 19.66 0.275 0x0000FF
91.16 -22.45 20.27 90.24 -22.82 19.89 0.275 0x0000FF
91.7 -22.27 20.65 91.16 -22.45 20.27 0.275 0x0000FF
92.43 -22.27 21.03 91.7 -22.27 20.65 0.275 0x0000FF
92.8 -22.27 21.1 92.43 -22.27 21.03 0.275 0x0000FF
93.53 -22.09 21.33 92.8 -22.27 21.1 0.275 0x0000FF
94.99 -21.91 21.86 93.53 -22.09 21.33 0.275 0x0000FF
95.35 -21.91 22.32 94.99 -21.91 21.86 0.275 0x0000FF
96.08 -21.91 22.85 95.35 -21.91 22.32 0.275 0x0000FF
98.27 -21.91 22.85 96.08 -21.91 22.85 0.275 0x0000FF
101.01 -22.64 23.45 98.27 -21.91 22.85 0.275 0x0000FF
106.12 -23.37 23.91 101.01 -22.64 23.45 0.275 0x0000FF
92.62 -20.63 17.54 86.23 -24.09 18.91 0.365 0x0000FF
95.53 -19.54 17.16 92.62 -20.63 17.54 0.365 0x0000FF
96.99 -17.54 16.71 95.53 -19.54 17.16 0.275 0x0000FF
99.18 -15.53 16.18 96.99 -17.54 16.71 0.275 0x0000FF
101.19 -12.8 15.8 99.18 -15.53 16.18 0.275 0x0000FF
102.29 -11.52 15.57 101.19 -12.8 15.8 0.275 0x0000FF
-7.98 -47.1 41.78 1.91 -42.79 51.55 1.46 0x0000FF
-13.45 -46.73 41.86 -7.98 -47.1 41.78 1.46 0x0000FF
-13.57 -45.86 42.16 -13.45 -46.73 41.86 0.82 0x0000FF
-13.75 -45.32 41.86 -13.57 -45.86 42.16 0.82 0x0000FF
-13.75 -44.59 40.65 -13.75 -45.32 41.86 0.82 0x0000FF
-13.93 -43.68 39.36 -13.75 -44.59 40.65 0.82 0x0000FF
-14.3 -42.59 38.75 -13.93 -43.68 39.36 0.82 0x0000FF
-15.21 -40.95 37.24 -14.3 -42.59 38.75 0.73 0x0000FF
-15.21 -39.85 36.71 -15.21 -40.95 37.24 0.64 0x0000FF
-15.58 -38.39 35.72 -15.21 -39.85 36.71 0.64 0x0000FF
-15.03 -36.94 35.11 -15.58 -38.39 35.72 0.545 0x0000FF
-14.12 -34.93 34.81 -15.03 -36.94 35.11 0.455 0x0000FF
-13.93 -34.57 33.68 -14.12 -34.93 34.81 0.455 0x0000FF
-13.02 -33.65 33.53 -13.93 -34.57 33.68 0.455 0x0000FF
-11.74 -31.84 33.38 -13.02 -33.65 33.53 0.455 0x0000FF
-10.83 -30.38 33.22 -11.74 -31.84 33.38 0.365 0x0000FF
-10.28 -28.01 33.07 -10.83 -30.38 33.22 0.365 0x0000FF
-10.1 -25.64 33.07 -10.28 -28.01 33.07 0.365 0x0000FF
-8.83 -22.54 33.07 -10.1 -25.64 33.07 0.365 0x0000FF
-5.72 -17.8 33.0 -8.83 -22.54 33.07 0.365 0x0000FF
-3.35 -15.44 33.0 -5.72 -17.8 33.0 0.365 0x0000FF
0.3 -13.98 32.92 -3.35 -15.44 33.0 0.365 0x0000FF
-17.47 -46.37 41.94 -13.45 -46.73 41.86 1.185 0x0000FF
-23.12 -46.92 41.94 -17.47 -46.37 41.94 1.185 0x0000FF
-24.13 -44.75 42.16 -23.12 -46.92 41.94 0.365 0x0000FF
-25.22 -44.02 42.39 -24.13 -44.75 42.16 0.365 0x0000FF
-26.32 -43.66 42.62 -25.22 -44.02 42.39 0.365 0x0000FF
-27.05 -43.48 42.84 -26.32 -43.66 42.62 0.365 0x0000FF
-27.78 -43.29 43.37 -27.05 -43.48 42.84 0.365 0x0000FF
-28.51 -43.11 43.83 -27.78 -43.29 43.37 0.365 0x0000FF
-29.6 -42.75 44.81 -28.51 -43.11 43.83 0.365 0x0000FF
-31.61 -42.02 45.19 -29.6 -42.75 44.81 0.365 0x0000FF
-33.97 -41.84 45.87 -31.61 -42.02 45.19 0.365 0x0000FF
-35.44 -41.65 46.33 -33.97 -41.84 45.87 0.365 0x0000FF
-36.9 -41.29 46.71 -35.44 -41.65 46.33 0.365 0x0000FF
-38.54 -40.74 47.16 -36.9 -41.29 46.71 0.365 0x0000FF
-40.36 -40.2 47.62 -38.54 -40.74 47.16 0.365 0x0000FF
-41.83 -39.65 48.15 -40.36 -40.2 47.62 0.365 0x0000FF
-43.29 -39.28 48.75 -41.83 -39.65 48.15 0.365 0x0000FF
-45.11 -38.74 49.43 -43.29 -39.28 48.75 0.365 0x0000FF
-47.48 -38.01 49.96 -45.11 -38.74 49.43 0.365 0x0000FF
-51.68 -37.46 50.42 -47.48 -38.01 49.96 0.365 0x0000FF
-54.6 -36.54 50.72 -51.68 -37.46 50.42 0.365 0x0000FF
-57.15 -35.82 51.25 -54.6 -36.54 50.72 0.365 0x0000FF
-63.36 -34.72 51.71 -57.15 -35.82 51.25 0.365 0x0000FF
-67.55 -34.36 51.93 -63.36 -34.72 51.71 0.365 0x0000FF
-73.56 -33.45 52.16 -67.55 -34.36 51.93 0.365 0x0000FF
-77.95 -31.63 52.39 -73.56 -33.45 52.16 0.365 0x0000FF
-81.78 -29.99 52.54 -77.95 -31.63 52.39 0.365 0x0000FF
-87.8 -28.72 52.62 -81.78 -29.99 52.54 0.365 0x0000FF
-92.0 -28.53 52.99 -87.8 -28.72 52.62 0.365 0x0000FF
-95.29 -29.08 53.45 -92.0 -28.53 52.99 0.365 0x0000FF
-96.02 -29.08 53.98 -95.29 -29.08 53.45 0.365 0x0000FF
-98.02 -29.63 54.51 -96.02 -29.08 53.98 0.365 0x0000FF
-101.49 -30.54 54.81 -98.02 -29.63 54.51 0.365 0x0000FF
-107.33 -32.36 55.12 -101.49 -30.54 54.81 0.365 0x0000FF
-114.26 -33.82 55.34 -107.33 -32.36 55.12 0.365 0x0000FF
-117.0 -34.72 55.65 -114.26 -33.82 55.34 0.365 0x0000FF
-126.67 -36.72 55.95 -117.0 -34.72 55.65 0.365 0x0000FF
-132.51 -38.01 56.4 -126.67 -36.72 55.95 0.365 0x0000FF
-138.16 -38.92 57.01 -132.51 -38.01 56.4 0.365 0x0000FF
-143.82 -40.01 57.54 -138.16 -38.92 57.01 0.365 0x0000FF
-150.38 -41.47 57.62 -143.82 -40.01 57.54 0.365 0x0000FF
-154.4 -41.47 57.92 -150.38 -41.47 57.62 0.365 0x0000FF
-160.06 -41.11 58.15 -154.4 -41.47 57.92 0.365 0x0000FF
-167.64 -42.95 58.83 -160.06 -41.11 58.15 0.365 0x0000FF
-170.38 -43.32 58.83 -167.64 -42.95 58.83 0.365 0x0000FF
-172.39 -43.32 59.43 -170.38 -43.32 58.83 0.365 0x0000FF
-176.95 -44.04 59.58 -172.39 -43.32 59.43 0.365 0x0000FF
-182.24 -43.86 59.58 -176.95 -44.04 59.58 0.365 0x0000FF
-190.45 -43.68 59.81 -182.24 -43.86 59.58 0.275 0x0000FF
-193.19 -44.04 59.89 -190.45 -43.68 59.81 0.275 0x0000FF
-197.38 -43.86 59.96 -193.19 -44.04 59.89 0.275 0x0000FF
-199.03 -42.04 59.96 -197.38 -43.86 59.96 0.275 0x0000FF
-203.22 -40.76 59.96 -199.03 -42.04 59.96 0.275 0x0000FF
-205.96 -41.13 60.12 -203.22 -40.76 59.96 0.275 0x0000FF
-207.05 -41.86 60.27 -205.96 -41.13 60.12 0.275 0x0000FF
-208.88 -42.04 60.27 -207.05 -41.86 60.27 0.275 0x0000FF
-210.7 -42.04 60.34 -208.88 -42.04 60.27 0.275 0x0000FF
-215.26 -42.4 60.42 -210.7 -42.04 60.34 0.275 0x0000FF
-216.54 -43.13 60.42 -215.26 -42.4 60.42 0.275 0x0000FF
-211.43 -39.85 60.12 -205.96 -41.13 60.12 0.275 0x0000FF
-212.89 -38.94 60.27 -211.43 -39.85 60.12 0.275 0x0000FF
-216.18 -36.94 60.34 -212.89 -38.94 60.27 0.275 0x0000FF
-217.27 -35.85 60.42 -216.18 -36.94 60.34 0.275 0x0000FF
-218.91 -35.29 60.42 -217.27 -35.85 60.42 0.275 0x0000FF
-223.47 -28.92 60.42 -218.91 -35.29 60.42 0.275 0x0000FF
-228.04 -28.56 60.42 -223.47 -28.92 60.42 0.275 0x0000FF
-26.04 -49.1 41.94 -23.12 -46.92 41.94 0.91 0x0000FF
-28.78 -50.92 42.24 -26.04 -49.1 41.94 0.91 0x0000FF
-31.33 -52.93 42.54 -28.78 -50.92 42.24 0.91 0x0000FF
-32.79 -54.39 42.77 -31.33 -52.93 42.54 0.91 0x0000FF
-33.61 -56.96 40.27 -32.79 -54.39 42.77 0.455 0x0000FF
-34.35 -57.69 39.51 -33.61 -56.96 40.27 0.455 0x0000FF
-35.26 -59.51 38.97 -34.35 -57.69 39.51 0.455 0x0000FF
-35.81 -60.78 38.45 -35.26 -59.51 38.97 0.455 0x0000FF
-36.54 -62.06 37.84 -35.81 -60.78 38.45 0.455 0x0000FF
-36.9 -63.15 37.47 -36.54 -62.06 37.84 0.455 0x0000FF
-37.63 -64.43 36.63 -36.9 -63.15 37.47 0.455 0x0000FF
-38.0 -65.16 35.79 -37.63 -64.43 36.63 0.455 0x0000FF
-38.36 -65.52 34.89 -38.0 -65.16 35.79 0.455 0x0000FF
-38.9 -66.25 34.28 -38.36 -65.52 34.89 0.455 0x0000FF
-39.09 -66.8 34.13 -38.9 -66.25 34.28 0.455 0x0000FF
-39.82 -67.34 33.07 -39.09 -66.8 34.13 0.455 0x0000FF
-40.9 -68.25 32.69 -39.82 -67.34 33.07 0.455 0x0000FF
-41.1 -68.8 32.47 -40.9 -68.25 32.69 0.455 0x0000FF
-41.64 -69.34 32.01 -41.1 -68.8 32.47 0.455 0x0000FF
-42.56 -70.08 31.63 -41.64 -69.34 32.01 0.455 0x0000FF
-43.29 -71.17 31.1 -42.56 -70.08 31.63 0.455 0x0000FF
-44.75 -72.81 30.35 -43.29 -71.17 31.1 0.455 0x0000FF
-46.02 -74.27 29.28 -44.75 -72.81 30.35 0.455 0x0000FF
-46.94 -75.18 27.62 -46.02 -74.27 29.28 0.455 0x0000FF
-47.48 -75.72 26.71 -46.94 -75.18 27.62 0.455 0x0000FF
-48.76 -77.0 25.95 -47.48 -75.72 26.71 0.455 0x0000FF
-51.68 -79.19 24.82 -48.76 -77.0 25.95 0.455 0x0000FF
-52.04 -80.09 23.53 -51.68 -79.19 24.82 0.455 0x0000FF
-54.23 -81.92 22.92 -52.04 -80.09 23.53 0.455 0x0000FF
-55.88 -83.38 21.94 -54.23 -81.92 22.92 0.455 0x0000FF
-58.07 -84.11 21.79 -55.88 -83.38 21.94 0.455 0x0000FF
-60.62 -85.75 21.18 -58.07 -84.11 21.79 0.455 0x0000FF
-62.08 -86.84 20.42 -60.62 -85.75 21.18 0.455 0x0000FF
-64.27 -87.93 19.82 -62.08 -86.84 20.42 0.455 0x0000FF
-65.36 -89.02 18.91 -64.27 -87.93 19.82 0.455 0x0000FF
-66.45 -90.3 18.0 -65.36 -89.02 18.91 0.455 0x0000FF
-67.73 -91.94 16.94 -66.45 -90.3 18.0 0.365 0x0000FF
-68.09 -92.3 16.71 -67.73 -91.94 16.94 0.365 0x0000FF
-68.45 -92.67 16.1 -68.09 -92.3 16.71 0.365 0x0000FF
-69.38 -93.22 15.35 -68.45 -92.67 16.1 0.365 0x0000FF
-70.47 -93.94 15.04 -69.38 -93.22 15.35 0.365 0x0000FF
-71.56 -94.67 14.44 -70.47 -93.94 15.04 0.365 0x0000FF
-74.12 -96.13 13.38 -71.56 -94.67 14.44 0.365 0x0000FF
-75.03 -96.5 12.39 -74.12 -96.13 13.38 0.365 0x0000FF
-76.68 -97.41 11.94 -75.03 -96.5 12.39 0.365 0x0000FF
-78.68 -98.86 11.26 -76.68 -97.41 11.94 0.365 0x0000FF
-79.41 -99.41 11.1 -78.68 -98.86 11.26 0.365 0x0000FF
-80.31 -99.96 10.5 -79.41 -99.41 11.1 0.365 0x0000FF
-83.06 -100.69 10.57 -80.31 -99.96 10.5 0.365 0x0000FF
-83.61 -101.05 9.97 -83.06 -100.69 10.57 0.365 0x0000FF
-85.43 -101.96 9.74 -83.61 -101.05 9.97 0.365 0x0000FF
-86.16 -102.51 9.28 -85.43 -101.96 9.74 0.365 0x0000FF
-87.44 -103.24 8.68 -86.16 -102.51 9.28 0.365 0x0000FF
-87.99 -104.15 8.61 -87.44 -103.24 8.68 0.365 0x0000FF
-89.26 -105.79 7.77 -87.99 -104.15 8.61 0.365 0x0000FF
-89.63 -106.52 7.32 -89.26 -105.79 7.77 0.365 0x0000FF
-89.99 -107.61 6.86 -89.63 -106.52 7.32 0.365 0x0000FF
-90.36 -107.97 6.11 -89.99 -107.61 6.86 0.365 0x0000FF
-90.36 -108.34 5.88 -90.36 -107.97 6.11 0.365 0x0000FF
-91.45 -109.25 4.67 -90.36 -108.34 5.88 0.365 0x0000FF
-92.0 -109.98 4.74 -91.45 -109.25 4.67 0.365 0x0000FF
-92.73 -111.25 3.83 -92.0 -109.98 4.74 0.365 0x0000FF
-93.46 -112.16 3.68 -92.73 -111.25 3.83 0.365 0x0000FF
-94.19 -113.26 3.08 -93.46 -112.16 3.68 0.365 0x0000FF
-94.74 -113.99 2.77 -94.19 -113.26 3.08 0.365 0x0000FF
-95.47 -115.63 2.31 -94.74 -113.99 2.77 0.365 0x0000FF
-96.2 -116.9 1.03 -95.47 -115.63 2.31 0.365 0x0000FF
-97.47 -119.27 0.12 -96.2 -116.9 1.03 0.365 0x0000FF
-98.93 -121.09 -0.33 -97.47 -119.27 0.12 0.365 0x0000FF
-99.48 -121.82 -0.79 -98.93 -121.09 -0.33 0.365 0x0000FF
-101.67 -122.55 -1.39 -99.48 -121.82 -0.79 0.365 0x0000FF
-104.04 -123.1 -2.29 -101.67 -122.55 -1.39 0.365 0x0000FF
-107.14 -127.47 -2.98 -104.04 -123.1 -2.29 0.275 0x0000FF
-37.54 -58.76 42.84 -32.79 -54.39 42.77 0.64 0x0000FF
-40.27 -62.77 42.92 -37.54 -58.76 42.84 0.64 0x0000FF
-43.01 -67.87 42.92 -40.27 -62.77 42.92 0.64 0x0000FF
-44.1 -70.06 42.92 -43.01 -67.87 42.92 0.64 0x0000FF
-45.93 -73.15 42.77 -44.1 -70.06 42.92 0.64 0x0000FF
-47.93 -74.97 42.62 -45.93 -73.15 42.77 0.64 0x0000FF
-51.58 -76.43 42.62 -47.93 -74.97 42.62 0.64 0x0000FF
-51.61 -80.14 41.33 -51.58 -76.43 42.62 0.545 0x0000FF
-52.88 -82.88 41.4 -51.61 -80.14 41.33 0.455 0x0000FF
-54.34 -86.34 41.56 -52.88 -82.88 41.4 0.455 0x0000FF
-54.53 -87.79 41.56 -54.34 -86.34 41.56 0.455 0x0000FF
-56.17 -91.07 42.09 -54.53 -87.79 41.56 0.455 0x0000FF
-57.26 -92.35 42.54 -56.17 -91.07 42.09 0.455 0x0000FF
-58.18 -93.63 41.94 -57.26 -92.35 42.54 0.455 0x0000FF
-58.91 -94.9 41.48 -58.18 -93.63 41.94 0.455 0x0000FF
-59.45 -95.99 41.18 -58.91 -94.9 41.48 0.455 0x0000FF
-60.36 -96.9 40.19 -59.45 -95.99 41.18 0.455 0x0000FF
-60.91 -97.63 39.44 -60.36 -96.9 40.19 0.455 0x0000FF
-61.64 -98.91 39.28 -60.91 -97.63 39.44 0.455 0x0000FF
-62.74 -101.28 38.6 -61.64 -98.91 39.28 0.455 0x0000FF
-63.28 -102.92 38.15 -62.74 -101.28 38.6 0.455 0x0000FF
-66.75 -108.2 37.54 -63.28 -102.92 38.15 0.455 0x0000FF
-68.2 -110.57 37.15 -66.75 -108.2 37.54 0.455 0x0000FF
-70.4 -113.12 36.86 -68.2 -110.57 37.15 0.455 0x0000FF
-73.14 -117.31 36.33 -70.4 -113.12 36.86 0.365 0x0000FF
-74.05 -118.4 36.18 -73.14 -117.31 36.33 0.365 0x0000FF
-74.23 -118.95 35.88 -74.05 -118.4 36.18 0.365 0x0000FF
-74.78 -120.23 35.57 -74.23 -118.95 35.88 0.365 0x0000FF
-76.06 -122.23 35.19 -74.78 -120.23 35.57 0.365 0x0000FF
-77.15 -124.05 35.11 -76.06 -122.23 35.19 0.365 0x0000FF
-78.98 -126.6 34.81 -77.15 -124.05 35.11 0.365 0x0000FF
-81.34 -129.15 34.65 -78.98 -126.6 34.81 0.365 0x0000FF
-83.17 -131.88 34.51 -81.34 -129.15 34.65 0.365 0x0000FF
-88.28 -139.36 33.97 -83.17 -131.88 34.51 0.365 0x0000FF
-104.34 -159.22 33.75 -88.28 -139.36 33.97 0.455 0x0000FF
-108.53 -167.05 33.75 -104.34 -159.22 33.75 0.455 0x0000FF
-110.17 -169.24 33.75 -108.53 -167.05 33.75 0.455 0x0000FF
-114.01 -173.61 33.6 -110.17 -169.24 33.75 0.455 0x0000FF
-116.01 -175.62 33.45 -114.01 -173.61 33.6 0.455 0x0000FF
-118.39 -177.8 33.15 -116.01 -175.62 33.45 0.455 0x0000FF
-121.3 -179.99 33.38 -118.39 -177.8 33.15 0.455 0x0000FF
-124.41 -183.45 33.68 -121.3 -179.99 33.38 0.455 0x0000FF
-125.87 -184.73 33.97 -124.41 -183.45 33.68 0.455 0x0000FF
-139.37 -192.92 34.21 -125.87 -184.73 33.97 0.365 0x0000FF
-142.83 -194.75 34.36 -139.37 -192.92 34.21 0.365 0x0000FF
-144.66 -196.2 34.44 -142.83 -194.75 34.36 0.365 0x0000FF
-152.13 -201.31 34.59 -144.66 -196.2 34.44 0.275 0x0000FF
-155.41 -205.13 34.59 -152.13 -201.31 34.59 0.275 0x0000FF
-156.52 -207.14 34.59 -155.41 -205.13 34.59 0.275 0x0000FF
-49.78 -80.51 41.33 -51.61 -80.14 41.33 0.455 0x0000FF
-47.41 -80.51 41.4 -49.78 -80.51 41.33 0.455 0x0000FF
-46.5 -80.51 41.4 -47.41 -80.51 41.4 0.455 0x0000FF
-44.49 -79.41 41.4 -46.5 -80.51 41.4 0.365 0x0000FF
-42.85 -78.68 41.4 -44.49 -79.41 41.4 0.365 0x0000FF
-41.57 -78.14 41.4 -42.85 -78.68 41.4 0.365 0x0000FF
-40.29 -75.95 41.4 -41.57 -78.14 41.4 0.18 0x0000FF
-56.15 -78.98 43.0 -51.58 -76.43 42.62 0.64 0x0000FF
-57.24 -79.53 43.9 -56.15 -78.98 43.0 0.64 0x0000FF
-59.25 -80.26 43.45 -57.24 -79.53 43.9 0.64 0x0000FF
-60.16 -80.62 42.77 -59.25 -80.26 43.45 0.64 0x0000FF
-62.53 -81.9 41.63 -60.16 -80.62 42.77 0.545 0x0000FF
-63.81 -82.63 41.18 -62.53 -81.9 41.63 0.545 0x0000FF
-65.45 -83.54 40.86 -63.81 -82.63 41.18 0.545 0x0000FF
-67.09 -84.27 40.42 -65.45 -83.54 40.86 0.545 0x0000FF
-69.45 -85.36 39.89 -67.09 -84.27 40.42 0.545 0x0000FF
-71.29 -86.09 39.28 -69.45 -85.36 39.89 0.545 0x0000FF
-75.12 -86.82 38.45 -71.29 -86.09 39.28 0.545 0x0000FF
-77.48 -87.36 38.45 -75.12 -86.82 38.45 0.545 0x0000FF
-80.23 -88.09 37.69 -77.48 -87.36 38.45 0.545 0x0000FF
-83.7 -89.0 36.86 -80.23 -88.09 37.69 0.545 0x0000FF
-86.25 -89.19 36.33 -83.7 -89.0 36.86 0.545 0x0000FF
-90.08 -90.1 36.03 -86.25 -89.19 36.33 0.545 0x0000FF
-95.92 -92.1 35.27 -90.08 -90.1 36.03 0.545 0x0000FF
-109.6 -100.67 34.36 -95.92 -92.1 35.27 0.545 0x0000FF
-118.91 -106.86 34.21 -109.6 -100.67 34.36 0.455 0x0000FF
-122.19 -109.05 33.75 -118.91 -106.86 34.21 0.455 0x0000FF
-124.93 -111.23 33.38 -122.19 -109.05 33.75 0.455 0x0000FF
-128.03 -113.24 33.15 -124.93 -111.23 33.38 0.455 0x0000FF
-132.41 -115.79 32.85 -128.03 -113.24 33.15 0.455 0x0000FF
-138.63 -119.32 32.54 -132.41 -115.79 32.85 0.365 0x0000FF
-141.56 -119.5 32.31 -138.63 -119.32 32.54 0.365 0x0000FF
-144.11 -119.5 31.94 -141.56 -119.5 32.31 0.365 0x0000FF
-147.21 -118.77 30.88 -144.11 -119.5 31.94 0.365 0x0000FF
-149.94 -118.4 30.35 -147.21 -118.77 30.88 0.365 0x0000FF
-154.15 -117.86 30.12 -149.94 -118.4 30.35 0.365 0x0000FF
-157.61 -118.22 29.66 -154.15 -117.86 30.12 0.365 0x0000FF
-160.53 -118.95 28.53 -157.61 -118.22 29.66 0.365 0x0000FF
-163.44 -119.68 28.07 -160.53 -118.95 28.53 0.365 0x0000FF
-166.55 -120.77 27.47 -163.44 -119.68 28.07 0.365 0x0000FF
-169.29 -121.68 26.63 -166.55 -120.77 27.47 0.365 0x0000FF
-180.78 -127.88 25.8 -169.29 -121.68 26.63 0.275 0x0000FF
-182.97 -130.79 25.19 -180.78 -127.88 25.8 0.275 0x0000FF
-187.72 -134.07 24.59 -182.97 -130.79 25.19 0.275 0x0000FF
-192.64 -136.99 24.06 -187.72 -134.07 24.59 0.275 0x0000FF
-204.14 -141.91 23.3 -192.64 -136.99 24.06 0.275 0x0000FF
-205.96 -142.63 24.21 -204.14 -141.91 23.3 0.275 0x0000FF
-208.52 -143.37 24.74 -205.96 -142.63 24.21 0.275 0x0000FF
-211.44 -143.91 24.97 -208.52 -143.37 24.74 0.275 0x0000FF
-211.62 -146.46 25.12 -211.44 -143.91 24.97 0.18 0x0000FF
-213.26 -148.29 25.12 -211.62 -146.46 25.12 0.18 0x0000FF
-214.72 -151.02 25.12 -213.26 -148.29 25.12 0.18 0x0000FF
-221.29 -153.57 25.12 -214.72 -151.02 25.12 0.18 0x0000FF
-214.54 -144.28 25.72 -211.44 -143.91 24.97 0.18 0x0000FF
-216.36 -144.46 25.72 -214.54 -144.28 25.72 0.18 0x0000FF
-218.73 -144.46 25.72 -216.36 -144.46 25.72 0.18 0x0000FF
-221.11 -143.72 26.03 -218.73 -144.46 25.72 0.18 0x0000FF
4.49 -39.49 29.36 1.91 -42.79 51.55 0.91 0x0000FF
6.14 -39.49 29.44 4.49 -39.49 29.36 0.91 0x0000FF
7.78 -39.49 29.51 6.14 -39.49 29.44 0.91 0x0000FF
8.33 -39.31 29.74 7.78 -39.49 29.51 0.91 0x0000FF
8.86 -39.11 30.12 8.33 -39.31 29.74 0.91 0x0000FF
9.6 -38.76 30.5 8.86 -39.11 30.12 0.91 0x0000FF
10.33 -38.03 30.8 9.6 -38.76 30.5 0.91 0x0000FF
11.43 -37.85 31.18 10.33 -38.03 30.8 0.91 0x0000FF
12.34 -37.47 31.48 11.43 -37.85 31.18 0.91 0x0000FF
13.62 -37.67 31.56 12.34 -37.47 31.48 0.91 0x0000FF
16.54 -38.03 31.56 13.62 -37.67 31.56 0.73 0x0000FF
16.04 -38.34 32.47 16.54 -38.03 31.56 0.455 0x0000FF
15.68 -38.7 32.69 16.04 -38.34 32.47 0.455 0x0000FF
14.76 -39.07 32.77 15.68 -38.7 32.69 0.455 0x0000FF
14.58 -39.61 32.77 14.76 -39.07 32.77 0.455 0x0000FF
14.4 -41.25 32.92 14.58 -39.61 32.77 0.365 0x0000FF
14.58 -41.8 32.92 14.4 -41.25 32.92 0.365 0x0000FF
15.31 -42.71 33.07 14.58 -41.8 32.92 0.365 0x0000FF
15.68 -43.26 33.15 15.31 -42.71 33.07 0.365 0x0000FF
16.22 -43.8 33.15 15.68 -43.26 33.15 0.365 0x0000FF
17.5 -44.9 33.15 16.22 -43.8 33.15 0.365 0x0000FF
18.05 -46.54 33.15 17.5 -44.9 33.15 0.365 0x0000FF
18.54 -36.39 32.01 16.54 -38.03 31.56 0.64 0x0000FF
19.09 -36.21 32.09 18.54 -36.39 32.01 0.64 0x0000FF
19.82 -35.84 32.31 19.09 -36.21 32.09 0.64 0x0000FF
20.37 -35.47 32.77 19.82 -35.84 32.31 0.64 0x0000FF
21.28 -35.47 34.21 20.37 -35.47 32.77 0.64 0x0000FF
22.01 -35.84 35.88 21.28 -35.47 34.21 0.64 0x0000FF
22.56 -36.57 36.47 22.01 -35.84 35.88 0.64 0x0000FF
22.92 -37.11 36.78 22.56 -36.57 36.47 0.64 0x0000FF
23.29 -37.67 37.61 22.92 -37.11 36.78 0.64 0x0000FF
24.02 -37.67 38.29 23.29 -37.67 37.61 0.64 0x0000FF
24.93 -37.47 38.53 24.02 -37.67 38.29 0.64 0x0000FF
27.48 -36.03 39.89 24.93 -37.47 38.53 0.545 0x0000FF
28.76 -35.29 40.19 27.48 -36.03 39.89 0.545 0x0000FF
29.67 -34.02 40.5 28.76 -35.29 40.19 0.545 0x0000FF
31.5 -31.29 40.57 29.67 -34.02 40.5 0.545 0x0000FF
32.59 -30.01 40.34 31.5 -31.29 40.57 0.545 0x0000FF
34.22 -28.92 40.11 32.59 -30.01 40.34 0.545 0x0000FF
36.06 -27.64 39.44 34.22 -28.92 40.11 0.545 0x0000FF
37.34 -26.55 39.28 36.06 -27.64 39.44 0.545 0x0000FF
40.98 -23.45 38.83 37.34 -26.55 39.28 0.455 0x0000FF
42.26 -22.36 38.6 40.98 -23.45 38.83 0.455 0x0000FF
43.9 -20.9 38.15 42.26 -22.36 38.6 0.455 0x0000FF
46.46 -18.89 37.84 43.9 -20.9 38.15 0.455 0x0000FF
50.11 -16.53 37.77 46.46 -18.89 37.84 0.455 0x0000FF
51.93 -15.44 37.61 50.11 -16.53 37.77 0.455 0x0000FF
53.57 -14.34 37.61 51.93 -15.44 37.61 0.455 0x0000FF
54.85 -12.7 37.69 53.57 -14.34 37.61 0.455 0x0000FF
55.58 -10.88 38.15 54.85 -12.7 37.69 0.455 0x0000FF
55.76 -10.15 38.75 55.58 -10.88 38.15 0.455 0x0000FF
56.13 -8.33 38.9 55.76 -10.15 38.75 0.455 0x0000FF
56.68 -7.06 38.97 56.13 -8.33 38.9 0.455 0x0000FF
56.86 -5.42 37.01 56.68 -7.06 38.97 0.455 0x0000FF
57.04 -4.69 36.94 56.86 -5.42 37.01 0.455 0x0000FF
57.77 -2.87 35.79 57.04 -4.69 36.94 0.455 0x0000FF
58.5 0.05 34.65 57.77 -2.87 35.79 0.455 0x0000FF
59.41 2.78 33.75 58.5 0.05 34.65 0.455 0x0000FF
60.32 4.24 33.45 59.41 2.78 33.75 0.455 0x0000FF
63.24 8.07 33.07 60.32 4.24 33.45 0.455 0x0000FF
68.17 12.07 32.77 63.24 8.07 33.07 0.455 0x0000FF
72.0 14.63 32.31 68.17 12.07 32.77 0.455 0x0000FF
77.48 21.91 32.31 72.0 14.63 32.31 0.455 0x0000FF
80.03 25.92 31.78 77.48 21.91 32.31 0.455 0x0000FF
80.58 28.84 31.78 80.03 25.92 31.78 0.365 0x0000FF
81.84 31.57 30.88 80.58 28.84 31.78 0.365 0x0000FF
84.77 35.4 30.5 81.84 31.57 30.88 0.365 0x0000FF
87.15 38.49 30.19 84.77 35.4 30.5 0.365 0x0000FF
88.79 40.32 30.19 87.15 38.49 30.19 0.365 0x0000FF
92.44 41.41 29.89 88.79 40.32 30.19 0.365 0x0000FF
94.08 45.24 29.89 92.44 41.41 29.89 0.365 0x0000FF
1.89 -32.58 52.31 1.91 -42.79 51.55 3.285 0x0000FF
2.06 -29.67 52.62 1.89 -32.58 52.31 3.285 0x0000FF
2.25 -26.02 52.84 2.06 -29.67 52.62 2.92 0x0000FF
2.44 -22.02 52.99 2.25 -26.02 52.84 2.92 0x0000FF
2.62 -18.92 53.15 2.44 -22.02 52.99 2.83 0x0000FF
2.8 -17.28 53.07 2.62 -18.92 53.15 2.83 0x0000FF
3.17 -14.73 52.46 2.8 -17.28 53.07 2.555 0x0000FF
3.72 -12.18 51.56 3.17 -14.73 52.46 2.555 0x0000FF
4.45 -10.9 51.18 3.72 -12.18 51.56 2.555 0x0000FF
4.99 -7.99 50.87 4.45 -10.9 51.18 2.555 0x0000FF
4.99 -7.44 49.74 4.99 -7.99 50.87 1.275 0x0000FF
4.8 -6.35 51.78 4.99 -7.44 49.74 1.46 0x0000FF
5.72 -2.16 52.09 4.8 -6.35 51.78 1.275 0x0000FF
6.45 2.76 52.09 5.72 -2.16 52.09 1.275 0x0000FF
7.55 7.32 52.09 6.45 2.76 52.09 1.275 0x0000FF
8.64 12.05 51.86 7.55 7.32 52.09 1.275 0x0000FF
9.74 17.34 51.86 8.64 12.05 51.86 1.275 0x0000FF
9.92 22.08 51.86 9.74 17.34 51.86 1.275 0x0000FF
9.36 32.1 51.71 9.92 22.08 51.86 1.275 0x0000FF
10.47 44.12 51.63 9.36 32.1 51.71 1.275 0x0000FF
11.74 50.86 51.63 10.47 44.12 51.63 1.275 0x0000FF
12.47 59.97 51.56 11.74 50.86 51.63 1.275 0x0000FF
12.47 63.44 51.33 12.47 59.97 51.56 1.275 0x0000FF
13.0 65.84 52.31 12.47 63.44 51.33 1.275 0x0000FF
13.73 68.58 52.77 13.0 65.84 52.31 1.275 0x0000FF
14.64 71.48 53.22 13.73 68.58 52.77 1.275 0x0000FF
16.82 76.05 53.75 14.64 71.48 53.22 1.275 0x0000FF
17.55 79.69 54.06 16.82 76.05 53.75 1.275 0x0000FF
18.66 83.88 54.43 17.55 79.69 54.06 1.275 0x0000FF
19.75 88.25 54.89 18.66 83.88 54.43 1.275 0x0000FF
20.66 95.72 55.34 19.75 88.25 54.89 1.275 0x0000FF
21.03 99.37 55.87 20.66 95.72 55.34 1.275 0x0000FF
21.58 101.92 56.1 21.03 99.37 55.87 1.275 0x0000FF
22.31 105.75 56.71 21.58 101.92 56.1 1.275 0x0000FF
23.04 108.11 56.86 22.31 105.75 56.71 1.275 0x0000FF
23.22 110.48 57.39 23.04 108.11 56.86 1.275 0x0000FF
23.58 112.67 57.77 23.22 110.48 57.39 1.275 0x0000FF
24.68 115.95 58.45 23.58 112.67 57.77 1.275 0x0000FF
24.86 118.86 58.9 24.68 115.95 58.45 1.275 0x0000FF
25.41 122.33 59.58 24.86 118.86 58.9 1.275 0x0000FF
26.5 128.52 59.81 25.41 122.33 59.58 1.185 0x0000FF
28.33 135.63 60.34 26.5 128.52 59.81 1.095 0x0000FF
28.33 139.63 60.65 28.33 135.63 60.34 1.095 0x0000FF
27.96 144.37 60.8 28.33 139.63 60.65 1.095 0x0000FF
28.51 149.11 61.18 27.96 144.37 60.8 1.095 0x0000FF
29.79 152.57 61.55 28.51 149.11 61.18 1.095 0x0000FF
29.79 153.3 61.71 29.79 152.57 61.55 1.095 0x0000FF
30.36 157.43 61.93 29.79 153.3 61.71 1.095 0x0000FF
30.54 165.44 62.31 30.36 157.43 61.93 1.095 0x0000FF
30.54 171.82 62.39 30.54 165.44 62.31 1.095 0x0000FF
30.73 185.67 62.99 30.54 171.82 62.39 1.095 0x0000FF
31.27 196.23 63.52 30.73 185.67 62.99 1.095 0x0000FF
30.91 204.98 64.13 31.27 196.23 63.52 1.095 0x0000FF
30.73 209.17 64.13 30.91 204.98 64.13 1.095 0x0000FF
30.54 212.27 63.22 30.73 209.17 64.13 1.095 0x0000FF
30.54 217.92 62.92 30.54 212.27 63.22 1.095 0x0000FF
30.36 222.47 62.46 30.54 217.92 62.92 1.095 0x0000FF
30.18 226.12 62.08 30.36 222.47 62.46 1.095 0x0000FF
33.13 227.95 62.31 30.18 226.12 62.08 0.455 0x0000FF
37.33 229.04 62.39 33.13 227.95 62.31 0.455 0x0000FF
40.98 229.95 62.46 37.33 229.04 62.39 0.455 0x0000FF
44.08 231.41 62.31 40.98 229.95 62.46 0.455 0x0000FF
46.45 234.51 62.16 44.08 231.41 62.31 0.365 0x0000FF
47.18 236.15 62.16 46.45 234.51 62.16 0.365 0x0000FF
48.82 239.97 62.08 47.18 236.15 62.16 0.365 0x0000FF
50.1 243.25 62.08 48.82 239.97 62.08 0.365 0x0000FF
51.2 245.26 62.08 50.1 243.25 62.08 0.365 0x0000FF
53.93 249.08 61.86 51.2 245.26 62.08 0.365 0x0000FF
57.95 250.72 61.86 53.93 249.08 61.86 0.365 0x0000FF
64.51 251.09 61.71 57.95 250.72 61.86 0.365 0x0000FF
67.62 250.36 61.63 64.51 251.09 61.71 0.365 0x0000FF
69.26 251.09 61.48 67.62 250.36 61.63 0.365 0x0000FF
69.62 251.27 61.93 69.26 251.09 61.48 0.365 0x0000FF
69.81 252.0 62.24 69.62 251.27 61.93 0.365 0x0000FF
70.34 253.27 62.61 69.81 252.0 62.24 0.365 0x0000FF
71.08 254.55 62.84 70.34 253.27 62.61 0.365 0x0000FF
71.63 255.28 63.15 71.08 254.55 62.84 0.365 0x0000FF
72.72 256.19 63.45 71.63 255.28 63.15 0.365 0x0000FF
74.73 256.92 63.83 72.72 256.19 63.45 0.365 0x0000FF
77.47 258.01 64.2 74.73 256.92 63.83 0.365 0x0000FF
79.84 259.83 64.28 77.47 258.01 64.2 0.365 0x0000FF
80.94 261.11 64.43 79.84 259.83 64.28 0.365 0x0000FF
82.03 262.02 64.73 80.94 261.11 64.43 0.365 0x0000FF
83.67 263.11 64.95 82.03 262.02 64.73 0.365 0x0000FF
85.13 264.02 65.27 83.67 263.11 64.95 0.365 0x0000FF
86.04 265.48 65.42 85.13 264.02 65.27 0.365 0x0000FF
86.23 267.67 65.48 86.04 265.48 65.42 0.365 0x0000FF
75.09 244.71 61.63 67.62 250.36 61.63 0.365 0x0000FF
78.2 242.89 61.63 75.09 244.71 61.63 0.365 0x0000FF
84.77 241.61 61.63 78.2 242.89 61.63 0.365 0x0000FF
90.79 238.7 61.63 84.77 241.61 61.63 0.365 0x0000FF
97.9 236.51 61.63 90.79 238.7 61.63 0.365 0x0000FF
103.01 236.15 61.71 97.9 236.51 61.63 0.365 0x0000FF
106.3 235.96 61.71 103.01 236.15 61.71 0.365 0x0000FF
109.22 235.05 61.48 106.3 235.96 61.71 0.365 0x0000FF
110.68 234.32 61.48 109.22 235.05 61.48 0.365 0x0000FF
111.77 233.78 60.87 110.68 234.32 61.48 0.365 0x0000FF
113.05 233.23 60.12 111.77 233.78 60.87 0.365 0x0000FF
115.24 231.95 59.13 113.05 233.23 60.12 0.365 0x0000FF
115.6 232.14 58.83 115.24 231.95 59.13 0.365 0x0000FF
120.35 231.23 58.07 115.6 232.14 58.83 0.365 0x0000FF
121.26 230.68 57.54 120.35 231.23 58.07 0.365 0x0000FF
122.72 229.77 56.86 121.26 230.68 57.54 0.365 0x0000FF
123.63 229.59 56.33 122.72 229.77 56.86 0.365 0x0000FF
125.27 228.68 55.27 123.63 229.59 56.33 0.365 0x0000FF
125.45 228.31 54.81 125.27 228.68 55.27 0.365 0x0000FF
126.0 227.95 53.98 125.45 228.31 54.81 0.365 0x0000FF
127.28 226.31 52.62 126.0 227.95 53.98 0.365 0x0000FF
127.46 225.58 52.01 127.28 226.31 52.62 0.365 0x0000FF
28.9 232.49 61.93 30.18 226.12 62.08 1.095 0x0000FF
28.35 235.95 61.86 28.9 232.49 61.93 1.095 0x0000FF
28.17 239.23 61.86 28.35 235.95 61.86 1.095 0x0000FF
26.94 241.32 62.69 28.17 239.23 61.86 0.73 0x0000FF
24.57 246.97 62.77 26.94 241.32 62.69 0.64 0x0000FF
24.02 248.97 62.92 24.57 246.97 62.77 0.64 0x0000FF
23.84 249.7 62.92 24.02 248.97 62.92 0.64 0x0000FF
23.66 250.25 62.46 23.84 249.7 62.92 0.64 0x0000FF
23.29 253.53 61.86 23.66 250.25 62.46 0.64 0x0000FF
22.93 256.99 61.33 23.29 253.53 61.86 0.64 0x0000FF
22.75 260.63 60.95 22.93 256.99 61.33 0.64 0x0000FF
21.65 264.82 60.34 22.75 260.63 60.95 0.64 0x0000FF
18.55 275.2 59.81 21.65 264.82 60.34 0.64 0x0000FF
17.09 279.58 59.58 18.55 275.2 59.81 0.64 0x0000FF
16.91 284.87 59.36 17.09 279.58 59.58 0.64 0x0000FF
17.45 291.79 58.98 16.91 284.87 59.36 0.64 0x0000FF
18.0 297.07 58.6 17.45 291.79 58.98 0.64 0x0000FF
17.64 303.08 58.07 18.0 297.07 58.6 0.64 0x0000FF
16.72 310.01 57.84 17.64 303.08 58.07 0.64 0x0000FF
16.36 312.92 58.68 16.72 310.01 57.84 0.64 0x0000FF
15.99 315.83 59.36 16.36 312.92 58.68 0.64 0x0000FF
15.63 318.2 59.96 15.99 315.83 59.36 0.64 0x0000FF
15.45 320.39 61.1 15.63 318.2 59.96 0.64 0x0000FF
15.45 321.67 61.78 15.45 320.39 61.1 0.64 0x0000FF
14.53 329.87 62.61 15.45 321.67 61.78 0.545 0x0000FF
14.17 333.7 62.99 14.53 329.87 62.61 0.545 0x0000FF
13.08 335.7 63.15 14.17 333.7 62.99 0.545 0x0000FF
11.89 337.18 64.05 13.08 335.7 63.15 0.455 0x0000FF
9.33 340.27 64.13 11.89 337.18 64.05 0.365 0x0000FF
8.24 342.82 64.2 9.33 340.27 64.13 0.365 0x0000FF
28.35 242.51 61.78 28.17 239.23 61.86 1.095 0x0000FF
28.35 244.7 61.78 28.35 242.51 61.78 1.005 0x0000FF
28.95 246.06 62.92 28.35 244.7 61.78 0.91 0x0000FF
28.95 247.15 63.37 28.95 246.06 62.92 0.91 0x0000FF
28.95 247.88 63.52 28.95 247.15 63.37 0.91 0x0000FF
29.13 248.97 63.98 28.95 247.88 63.52 0.91 0x0000FF
29.31 249.88 64.28 29.13 248.97 63.98 0.91 0x0000FF
29.68 252.07 65.27 29.31 249.88 64.28 0.82 0x0000FF
30.04 252.62 65.34 29.68 252.07 65.27 0.82 0x0000FF
30.23 253.71 65.72 30.04 252.62 65.34 0.82 0x0000FF
30.59 254.8 66.02 30.23 253.71 65.72 0.82 0x0000FF
30.77 255.53 66.55 30.59 254.8 66.02 0.82 0x0000FF
31.14 256.26 67.08 30.77 255.53 66.55 0.82 0x0000FF
31.69 257.35 68.22 31.14 256.26 67.08 0.73 0x0000FF
32.04 257.72 68.3 31.69 257.35 68.22 0.73 0x0000FF
32.42 258.26 68.75 32.04 257.72 68.3 0.73 0x0000FF
32.78 259.54 69.2 32.42 258.26 68.75 0.64 0x0000FF
32.78 260.27 69.2 32.78 259.54 69.2 0.64 0x0000FF
32.42 261.36 69.73 32.78 260.27 69.2 0.545 0x0000FF
2.99 -5.62 51.78 4.8 -6.35 51.78 0.64 0x0000FF
2.06 -4.53 51.86 2.99 -5.62 51.78 0.64 0x0000FF
0.98 -3.25 52.09 2.06 -4.53 51.86 0.64 0x0000FF
-0.3 -2.16 52.24 0.98 -3.25 52.09 0.365 0x0000FF
-1.76 -1.25 52.62 -0.3 -2.16 52.24 0.365 0x0000FF
-2.85 -0.7 52.77 -1.76 -1.25 52.62 0.365 0x0000FF
-3.76 -0.52 52.99 -2.85 -0.7 52.77 0.365 0x0000FF
-5.77 0.03 53.22 -3.76 -0.52 52.99 0.365 0x0000FF
-6.14 0.03 53.75 -5.77 0.03 53.22 0.365 0x0000FF
-7.96 0.39 53.98 -6.14 0.03 53.75 0.365 0x0000FF
-9.42 0.57 54.06 -7.96 0.39 53.98 0.365 0x0000FF
-11.43 0.57 54.21 -9.42 0.57 54.06 0.365 0x0000FF
-12.52 0.57 54.28 -11.43 0.57 54.21 0.365 0x0000FF
-13.07 0.39 53.6 -12.52 0.57 54.28 0.365 0x0000FF
-15.44 0.39 52.84 -13.07 0.39 53.6 0.365 0x0000FF
-16.89 0.39 53.52 -15.44 0.39 52.84 0.365 0x0000FF
-17.8 0.57 53.98 -16.89 0.39 53.52 0.365 0x0000FF
-22.19 0.76 54.36 -17.8 0.57 53.98 0.365 0x0000FF
-25.11 1.49 54.59 -22.19 0.76 54.36 0.365 0x0000FF
-30.22 2.76 55.19 -25.11 1.49 54.59 0.18 0x0000FF
7.55 -5.62 50.65 4.99 -7.99 50.87 0.73 0x0000FF
8.83 -3.25 50.27 7.55 -5.62 50.65 0.73 0x0000FF
10.65 -0.7 49.74 8.83 -3.25 50.27 0.73 0x0000FF
13.02 1.31 49.43 10.65 -0.7 49.74 0.73 0x0000FF
15.39 2.94 48.98 13.02 1.31 49.43 0.73 0x0000FF
17.57 3.67 48.22 15.39 2.94 48.98 0.73 0x0000FF
19.41 4.4 47.77 17.57 3.67 48.22 0.73 0x0000FF
21.05 4.76 47.16 19.41 4.4 47.77 0.73 0x0000FF
22.69 5.31 46.33 21.05 4.76 47.16 0.73 0x0000FF
24.15 6.04 45.42 22.69 5.31 46.33 0.73 0x0000FF
25.43 6.41 44.81 24.15 6.04 45.42 0.73 0x0000FF
25.43 6.59 44.43 25.43 6.41 44.81 0.73 0x0000FF
25.98 6.59 44.21 25.43 6.59 44.43 0.73 0x0000FF
27.44 6.77 35.88 25.98 6.59 44.21 0.64 0x0000FF
28.17 7.14 35.34 27.44 6.77 35.88 0.64 0x0000FF
29.08 7.14 34.97 28.17 7.14 35.34 0.64 0x0000FF
29.81 7.14 34.74 29.08 7.14 34.97 0.64 0x0000FF
30.54 6.95 34.21 29.81 7.14 34.74 0.64 0x0000FF
31.27 6.77 32.31 30.54 6.95 34.21 0.64 0x0000FF
32.72 6.77 32.15 31.27 6.77 32.31 0.64 0x0000FF
34.92 6.95 30.57 32.72 6.77 32.15 0.64 0x0000FF
39.29 6.41 30.57 34.92 6.95 30.57 0.64 0x0000FF
41.67 6.95 29.59 39.29 6.41 30.57 0.64 0x0000FF
44.59 7.68 28.6 41.67 6.95 29.59 0.64 0x0000FF
47.14 7.86 27.69 44.59 7.68 28.6 0.64 0x0000FF
49.88 8.59 27.09 47.14 7.86 27.69 0.64 0x0000FF
53.34 9.69 27.01 49.88 8.59 27.09 0.64 0x0000FF
55.17 10.78 26.48 53.34 9.69 27.01 0.455 0x0000FF
55.35 11.87 25.95 55.17 10.78 26.48 0.365 0x0000FF
56.45 13.33 25.57 55.35 11.87 25.95 0.365 0x0000FF
57.36 14.24 24.89 56.45 13.33 25.57 0.365 0x0000FF
59.18 15.33 24.51 57.36 14.24 24.89 0.365 0x0000FF
60.46 15.52 24.29 59.18 15.33 24.51 0.365 0x0000FF
61.74 16.25 23.91 60.46 15.52 24.29 0.365 0x0000FF
62.47 16.97 23.15 61.74 16.25 23.91 0.365 0x0000FF
63.38 17.89 22.92 62.47 16.97 23.15 0.365 0x0000FF
64.66 18.8 22.54 63.38 17.89 22.92 0.365 0x0000FF
66.3 20.25 22.24 64.66 18.8 22.54 0.365 0x0000FF
67.2 21.89 22.16 66.3 20.25 22.24 0.365 0x0000FF
68.12 23.53 21.86 67.2 21.89 22.16 0.365 0x0000FF
69.03 24.44 21.71 68.12 23.53 21.86 0.365 0x0000FF
69.95 25.36 21.41 69.03 24.44 21.71 0.365 0x0000FF
71.04 25.9 20.88 69.95 25.36 21.41 0.365 0x0000FF
72.5 26.81 20.8 71.04 25.9 20.88 0.365 0x0000FF
73.78 27.36 20.8 72.5 26.81 20.8 0.365 0x0000FF
60.46 13.51 26.18 55.17 10.78 26.48 0.365 0x0000FF
61.19 14.42 25.8 60.46 13.51 26.18 0.365 0x0000FF
62.1 16.05 25.57 61.19 14.42 25.8 0.365 0x0000FF
63.2 17.52 25.35 62.1 16.05 25.57 0.365 0x0000FF
63.74 18.43 24.82 63.2 17.52 25.35 0.365 0x0000FF
64.29 19.16 24.82 63.74 18.43 24.82 0.365 0x0000FF
66.12 20.44 24.66 64.29 19.16 24.82 0.365 0x0000FF
67.03 20.98 24.59 66.12 20.44 24.66 0.365 0x0000FF
68.48 22.08 24.66 67.03 20.98 24.59 0.365 0x0000FF
69.95 23.53 24.66 68.48 22.08 24.66 0.365 0x0000FF
71.04 25.54 24.66 69.95 23.53 24.66 0.365 0x0000FF
71.41 28.09 24.66 71.04 25.54 24.66 0.365 0x0000FF
