23.73 11.22 50.19 16.94 8.39 43.62 0.91 0x0000FF
26.1 13.77 50.34 23.73 11.22 50.19 0.91 0x0000FF
29.2 16.32 50.72 26.1 13.77 50.34 0.91 0x0000FF
31.57 18.51 50.87 29.2 16.32 50.72 0.82 0x0000FF
34.13 20.52 51.4 31.57 18.51 50.87 0.64 0x0000FF
36.13 22.34 51.63 34.13 20.52 51.4 0.64 0x0000FF
37.4 23.25 51.71 36.13 22.34 51.63 0.64 0x0000FF
38.86 24.34 52.09 37.4 23.25 51.71 0.64 0x0000FF
39.6 24.89 52.31 38.86 24.34 52.09 0.64 0x0000FF
40.88 25.98 52.77 39.6 24.89 52.31 0.64 0x0000FF
42.34 27.07 52.84 40.88 25.98 52.77 0.64 0x0000FF
43.07 27.8 53.15 42.34 27.07 52.84 0.64 0x0000FF
44.16 28.35 53.52 43.07 27.8 53.15 0.64 0x0000FF
46.53 29.08 53.68 44.16 28.35 53.52 0.64 0x0000FF
47.63 29.26 53.9 46.53 29.08 53.68 0.64 0x0000FF
49.63 29.63 54.06 47.63 29.26 53.9 0.64 0x0000FF
51.09 29.63 54.21 49.63 29.63 54.06 0.64 0x0000FF
52.19 29.63 54.36 51.09 29.63 54.21 0.64 0x0000FF
53.47 29.63 54.81 52.19 29.63 54.36 0.545 0x0000FF
57.66 29.44 54.96 53.47 29.63 54.81 0.545 0x0000FF
60.03 29.81 55.27 57.66 29.44 54.96 0.545 0x0000FF
66.05 29.44 55.42 60.03 29.81 55.27 0.545 0x0000FF
69.89 29.08 55.65 66.05 29.44 55.42 0.545 0x0000FF
73.34 29.63 55.95 69.89 29.08 55.65 0.545 0x0000FF
75.59 30.42 57.84 73.34 29.63 55.95 0.455 0x0000FF
77.95 30.79 58.07 75.59 30.42 57.84 0.455 0x0000FF
81.06 31.33 58.22 77.95 30.79 58.07 0.455 0x0000FF
84.71 31.88 58.37 81.06 31.33 58.22 0.455 0x0000FF
86.9 32.24 58.45 84.71 31.88 58.37 0.455 0x0000FF
90.19 32.24 58.45 86.9 32.24 58.45 0.365 0x0000FF
92.19 32.24 58.45 90.19 32.24 58.45 0.365 0x0000FF
94.75 32.42 58.68 92.19 32.24 58.45 0.365 0x0000FF
96.94 32.24 58.83 94.75 32.42 58.68 0.365 0x0000FF
98.58 31.88 58.83 96.94 32.24 58.83 0.365 0x0000FF
100.22 32.06 58.98 98.58 31.88 58.83 0.275 0x0000FF
103.87 31.88 59.21 100.22 32.06 58.98 0.275 0x0000FF
79.01 29.81 56.33 73.34 29.63 55.95 0.545 0x0000FF
82.29 29.44 56.55 79.01 29.81 56.33 0.545 0x0000FF
85.58 29.44 56.55 82.29 29.44 56.55 0.545 0x0000FF
90.14 29.08 56.63 85.58 29.44 56.55 0.365 0x0000FF
94.15 29.44 56.63 90.14 29.08 56.63 0.365 0x0000FF
95.98 29.81 56.71 94.15 29.44 56.63 0.365 0x0000FF
97.62 30.35 56.71 95.98 29.81 56.71 0.365 0x0000FF
101.45 31.81 56.86 97.62 30.35 56.71 0.365 0x0000FF
104.55 32.9 57.01 101.45 31.81 56.86 0.365 0x0000FF
107.47 33.63 57.09 104.55 32.9 57.01 0.365 0x0000FF
110.03 34.36 57.24 107.47 33.63 57.09 0.365 0x0000FF
111.12 34.54 57.77 110.03 34.36 57.24 0.365 0x0000FF
112.76 34.72 57.84 111.12 34.54 57.77 0.365 0x0000FF
113.31 34.9 57.62 112.76 34.72 57.84 0.365 0x0000FF
114.59 34.72 57.24 113.31 34.9 57.62 0.365 0x0000FF
116.96 34.54 56.71 114.59 34.72 57.24 0.365 0x0000FF
119.33 34.54 56.18 116.96 34.54 56.71 0.365 0x0000FF
121.7 34.54 55.95 119.33 34.54 56.18 0.365 0x0000FF
124.62 34.72 55.57 121.7 34.54 55.95 0.365 0x0000FF
126.63 35.09 55.19 124.62 34.72 55.57 0.365 0x0000FF
129.91 35.82 55.04 126.63 35.09 55.19 0.365 0x0000FF
131.91 35.82 54.74 129.91 35.82 55.04 0.365 0x0000FF
134.29 36.54 54.21 131.91 35.82 54.74 0.365 0x0000FF
137.21 37.1 53.68 134.29 36.54 54.21 0.365 0x0000FF
139.94 37.46 53.07 137.21 37.1 53.68 0.365 0x0000FF
142.5 37.46 52.54 139.94 37.46 53.07 0.365 0x0000FF
145.41 37.64 52.31 142.5 37.46 52.54 0.365 0x0000FF
147.25 37.82 51.78 145.41 37.64 52.31 0.365 0x0000FF
148.71 38.01 51.33 147.25 37.82 51.78 0.365 0x0000FF
152.94 39.71 50.72 148.71 38.01 51.33 0.365 0x0000FF
155.13 40.81 50.27 152.94 39.71 50.72 0.365 0x0000FF
158.41 42.08 49.81 155.13 40.81 50.27 0.365 0x0000FF
161.88 42.81 49.81 158.41 42.08 49.81 0.365 0x0000FF
166.82 43.54 49.36 161.88 42.81 49.81 0.365 0x0000FF
170.47 43.9 49.36 166.82 43.54 49.36 0.365 0x0000FF
86.67 27.8 56.71 85.58 29.44 56.55 0.365 0x0000FF
87.04 27.26 56.71 86.67 27.8 56.71 0.365 0x0000FF
87.77 26.53 56.71 87.04 27.26 56.71 0.365 0x0000FF
88.68 25.43 56.71 87.77 26.53 56.71 0.365 0x0000FF
89.77 24.16 56.71 88.68 25.43 56.71 0.365 0x0000FF
93.24 22.52 56.71 89.77 24.16 56.71 0.365 0x0000FF
94.52 22.15 56.71 93.24 22.52 56.71 0.365 0x0000FF
23.04 9.28 37.15 16.94 8.39 43.62 1.095 0x0000FF
27.97 12.02 37.15 23.04 9.28 37.15 1.095 0x0000FF
29.79 12.75 37.15 27.97 12.02 37.15 0.73 0x0000FF
30.89 13.11 37.15 29.79 12.75 37.15 0.73 0x0000FF
29.79 13.66 35.57 30.89 13.11 37.15 0.64 0x0000FF
28.52 14.57 35.79 29.79 13.66 35.57 0.64 0x0000FF
28.52 15.12 36.25 28.52 14.57 35.79 0.64 0x0000FF
27.79 15.84 35.27 28.52 15.12 36.25 0.64 0x0000FF
27.79 16.03 34.36 27.79 15.84 35.27 0.545 0x0000FF
27.6 16.76 33.53 27.79 16.03 34.36 0.545 0x0000FF
27.6 17.3 33.15 27.6 16.76 33.53 0.545 0x0000FF
28.33 18.57 32.24 27.6 17.3 33.15 0.545 0x0000FF
29.06 19.3 31.48 28.33 18.57 32.24 0.545 0x0000FF
29.25 20.76 29.97 29.06 19.3 31.48 0.455 0x0000FF
29.25 21.68 29.82 29.25 20.76 29.97 0.455 0x0000FF
28.52 22.22 28.68 29.25 21.68 29.82 0.455 0x0000FF
27.6 22.59 28.3 28.52 22.22 28.68 0.455 0x0000FF
26.33 22.22 27.92 27.6 22.59 28.3 0.365 0x0000FF
26.15 22.22 27.01 26.33 22.22 27.92 0.365 0x0000FF
25.23 22.4 25.72 26.15 22.22 27.01 0.365 0x0000FF
23.4 23.21 21.03 25.23 22.4 25.72 0.365 0x0000FF
22.67 24.12 19.66 23.4 23.21 21.03 0.365 0x0000FF
22.31 24.67 18.3 22.67 24.12 19.66 0.365 0x0000FF
21.94 25.4 17.32 22.31 24.67 18.3 0.365 0x0000FF
21.58 25.94 16.71 21.94 25.4 17.32 0.365 0x0000FF
21.21 26.49 16.1 21.58 25.94 16.71 0.365 0x0000FF
20.48 27.4 15.5 21.21 26.49 16.1 0.365 0x0000FF
19.93 27.95 14.89 20.48 27.4 15.5 0.365 0x0000FF
18.84 28.86 10.19 19.93 27.95 14.89 0.365 0x0000FF
17.38 30.5 9.44 18.84 28.86 10.19 0.365 0x0000FF
15.92 33.4 8.98 17.38 30.5 9.44 0.275 0x0000FF
34.17 14.02 33.97 30.89 13.11 37.15 0.73 0x0000FF
34.9 14.75 30.88 34.17 14.02 33.97 0.64 0x0000FF
35.27 14.93 30.04 34.9 14.75 30.88 0.64 0x0000FF
35.63 14.93 29.66 35.27 14.93 30.04 0.64 0x0000FF
36.36 15.12 28.83 35.63 14.93 29.66 0.64 0x0000FF
36.72 15.3 28.3 36.36 15.12 28.83 0.64 0x0000FF
37.82 15.66 27.47 36.72 15.3 28.3 0.64 0x0000FF
39.28 15.84 26.86 37.82 15.66 27.47 0.64 0x0000FF
40.74 16.57 26.1 39.28 15.84 26.86 0.64 0x0000FF
41.65 16.76 25.65 40.74 16.57 26.1 0.64 0x0000FF
43.11 18.21 27.77 41.65 16.76 25.65 0.365 0x0000FF
44.39 19.48 26.94 43.11 18.21 27.77 0.365 0x0000FF
45.67 20.58 26.33 44.39 19.48 26.94 0.365 0x0000FF
46.03 21.86 24.82 45.67 20.58 26.33 0.365 0x0000FF
46.4 22.59 23.83 46.03 21.86 24.82 0.365 0x0000FF
47.13 24.23 22.09 46.4 22.59 23.83 0.365 0x0000FF
47.31 26.23 21.41 47.13 24.23 22.09 0.365 0x0000FF
47.86 27.14 20.35 47.31 26.23 21.41 0.365 0x0000FF
47.86 27.69 19.73 47.86 27.14 20.35 0.365 0x0000FF
48.22 30.24 19.66 47.86 27.69 19.73 0.365 0x0000FF
49.32 32.42 19.44 48.22 30.24 19.66 0.365 0x0000FF
51.14 34.61 19.21 49.32 32.42 19.44 0.365 0x0000FF
53.15 35.7 19.13 51.14 34.61 19.21 0.365 0x0000FF
54.61 37.15 19.13 53.15 35.7 19.13 0.365 0x0000FF
57.16 38.07 19.13 54.61 37.15 19.13 0.365 0x0000FF
47.67 16.94 24.59 41.65 16.76 25.65 0.455 0x0000FF
53.51 14.93 24.59 47.67 16.94 24.59 0.275 0x0000FF
51.87 17.85 24.21 47.67 16.94 24.59 0.365 0x0000FF
54.79 18.76 23.91 51.87 17.85 24.21 0.365 0x0000FF
58.26 19.12 23.76 54.79 18.76 23.91 0.365 0x0000FF
61.72 19.3 23.68 58.26 19.12 23.76 0.365 0x0000FF
63.55 19.3 23.38 61.72 19.3 23.68 0.365 0x0000FF
65.01 18.94 23.3 63.55 19.3 23.38 0.365 0x0000FF
69.02 17.48 23.22 65.01 18.94 23.3 0.275 0x0000FF
71.39 16.94 23.15 69.02 17.48 23.22 0.275 0x0000FF
37.27 13.29 34.81 34.17 14.02 33.97 0.365 0x0000FF
38.92 12.93 34.89 37.27 13.29 34.81 0.365 0x0000FF
42.57 12.2 34.89 38.92 12.93 34.89 0.455 0x0000FF
43.84 11.84 34.89 42.57 12.2 34.89 0.455 0x0000FF
45.12 11.47 40.19 43.84 11.84 34.89 0.73 0x0000FF
45.67 11.47 40.11 45.12 11.47 40.19 0.73 0x0000FF
46.58 11.47 39.59 45.67 11.47 40.11 0.73 0x0000FF
47.49 11.47 39.28 46.58 11.47 39.59 0.73 0x0000FF
48.77 11.84 39.13 47.49 11.47 39.28 0.73 0x0000FF
49.68 12.2 38.6 48.77 11.84 39.13 0.73 0x0000FF
51.32 12.93 38.15 49.68 12.2 38.6 0.545 0x0000FF
51.69 12.93 37.84 51.32 12.93 38.15 0.545 0x0000FF
52.42 13.11 37.09 51.69 12.93 37.84 0.545 0x0000FF
53.15 13.11 36.56 52.42 13.11 37.09 0.545 0x0000FF
54.43 13.11 36.33 53.15 13.11 36.56 0.545 0x0000FF
57.16 12.75 36.33 54.43 13.11 36.33 0.455 0x0000FF
58.62 12.57 36.03 57.16 12.75 36.33 0.455 0x0000FF
63.18 12.38 35.79 58.62 12.57 36.03 0.365 0x0000FF
67.2 12.02 35.57 63.18 12.38 35.79 0.365 0x0000FF
70.3 12.2 35.42 67.2 12.02 35.57 0.365 0x0000FF
73.04 12.2 35.27 70.3 12.2 35.42 0.365 0x0000FF
74.31 12.57 35.19 73.04 12.2 35.27 0.365 0x0000FF
76.68 13.29 34.74 74.31 12.57 35.19 0.365 0x0000FF
78.33 14.2 34.13 76.68 13.29 34.74 0.275 0x0000FF
79.42 14.39 33.9 78.33 14.2 34.13 0.275 0x0000FF
80.88 14.75 33.53 79.42 14.39 33.9 0.275 0x0000FF
82.52 15.12 33.29 80.88 14.75 33.53 0.275 0x0000FF
83.98 15.12 33.07 82.52 15.12 33.29 0.275 0x0000FF
47.31 10.56 34.74 43.84 11.84 34.89 0.455 0x0000FF
51.14 9.65 34.59 47.31 10.56 34.74 0.455 0x0000FF
54.24 9.28 34.51 51.14 9.65 34.59 0.455 0x0000FF
57.53 8.92 34.74 54.24 9.28 34.51 0.455 0x0000FF
59.53 9.1 35.34 57.53 8.92 34.74 0.455 0x0000FF
61.91 8.92 36.03 59.53 9.1 35.34 0.455 0x0000FF
66.09 9.28 36.33 61.91 8.92 36.03 0.455 0x0000FF
70.84 9.65 36.56 66.09 9.28 36.33 0.455 0x0000FF
74.13 9.65 36.71 70.84 9.65 36.56 0.455 0x0000FF
78.33 10.01 36.03 74.13 9.65 36.71 0.455 0x0000FF
81.61 10.38 35.88 78.33 10.01 36.03 0.455 0x0000FF
86.35 11.11 35.42 81.61 10.38 35.88 0.455 0x0000FF
89.27 12.57 34.89 86.35 11.11 35.42 0.365 0x0000FF
91.28 13.29 34.81 89.27 12.57 34.89 0.365 0x0000FF
95.66 14.57 34.21 91.28 13.29 34.81 0.365 0x0000FF
97.48 15.3 33.9 95.66 14.57 34.21 0.365 0x0000FF
101.86 16.21 33.29 97.48 15.3 33.9 0.365 0x0000FF
104.96 16.39 32.61 101.86 16.21 33.29 0.365 0x0000FF
111.17 16.94 32.01 104.96 16.39 32.61 0.365 0x0000FF
113.91 18.03 31.78 111.17 16.94 32.01 0.365 0x0000FF
116.09 20.39 31.41 113.91 18.03 31.78 0.365 0x0000FF
119.56 22.22 30.88 116.09 20.39 31.41 0.275 0x0000FF
122.3 22.59 30.57 119.56 22.22 30.88 0.275 0x0000FF
123.94 23.13 31.48 122.3 22.59 30.57 0.275 0x0000FF
124.67 24.23 32.15 123.94 23.13 31.48 0.275 0x0000FF
125.4 25.87 32.69 124.67 24.23 32.15 0.275 0x0000FF
125.95 28.78 33.29 125.4 25.87 32.69 0.275 0x0000FF
30.16 12.02 37.24 27.97 12.02 37.15 0.64 0x0000FF
32.17 11.84 37.24 30.16 12.02 37.24 0.455 0x0000FF
34.54 11.11 37.24 32.17 11.84 37.24 0.365 0x0000FF
35.82 10.56 37.39 34.54 11.11 37.24 0.365 0x0000FF
36.36 10.19 37.61 35.82 10.56 37.39 0.365 0x0000FF
36.72 9.65 37.69 36.36 10.19 37.61 0.275 0x0000FF
37.64 9.28 37.24 36.72 9.65 37.69 0.275 0x0000FF
38.72 8.36 36.86 37.64 9.28 37.24 0.275 0x0000FF
40.01 7.46 36.56 38.72 8.36 36.86 0.275 0x0000FF
41.47 6.55 36.18 40.01 7.46 36.56 0.275 0x0000FF
42.02 6.01 36.03 41.47 6.55 36.18 0.275 0x0000FF
43.48 5.09 35.57 42.02 6.01 36.03 0.275 0x0000FF
44.57 4.18 35.11 43.48 5.09 35.57 0.275 0x0000FF
47.67 1.63 33.07 44.57 4.18 35.11 0.275 0x0000FF
48.59 0.9 32.92 47.67 1.63 33.07 0.275 0x0000FF
48.95 0.36 32.69 48.59 0.9 32.92 0.275 0x0000FF
49.32 -0.19 32.31 48.95 0.36 32.69 0.275 0x0000FF
50.23 -0.74 31.71 49.32 -0.19 32.31 0.275 0x0000FF
51.32 -1.65 30.95 50.23 -0.74 31.71 0.275 0x0000FF
52.24 -2.38 30.12 51.32 -1.65 30.95 0.275 0x0000FF
52.97 -2.92 29.44 52.24 -2.38 30.12 0.275 0x0000FF
53.7 -3.65 28.98 52.97 -2.92 29.44 0.275 0x0000FF
55.16 -4.93 28.53 53.7 -3.65 28.98 0.275 0x0000FF
56.25 -5.84 28.0 55.16 -4.93 28.53 0.275 0x0000FF
59.17 -7.66 27.09 56.25 -5.84 28.0 0.275 0x0000FF
60.99 -9.48 26.56 59.17 -7.66 27.09 0.275 0x0000FF
61.72 -10.02 26.1 60.99 -9.48 26.56 0.275 0x0000FF
63.0 -10.94 25.42 61.72 -10.02 26.1 0.275 0x0000FF
65.01 -12.76 25.04 63.0 -10.94 25.42 0.275 0x0000FF
66.47 -13.31 24.59 65.01 -12.76 25.04 0.275 0x0000FF
19.39 15.74 43.68 16.94 8.39 43.62 0.91 0x0000FF
20.85 18.66 43.68 19.39 15.74 43.68 0.91 0x0000FF
22.49 21.02 43.75 20.85 18.66 43.68 0.91 0x0000FF
27.6 24.49 43.75 22.49 21.02 43.75 0.73 0x0000FF
28.02 24.61 42.69 27.6 24.49 43.75 0.365 0x0000FF
28.39 25.89 41.94 28.02 24.61 42.69 0.365 0x0000FF
28.57 26.8 41.63 28.39 25.89 41.94 0.365 0x0000FF
28.57 27.71 40.79 28.57 26.8 41.63 0.365 0x0000FF
28.57 28.44 40.5 28.57 27.71 40.79 0.365 0x0000FF
28.57 29.17 40.19 28.57 28.44 40.5 0.365 0x0000FF
28.57 30.08 40.04 28.57 29.17 40.19 0.365 0x0000FF
28.39 30.99 40.04 28.57 30.08 40.04 0.365 0x0000FF
28.93 32.99 40.04 28.39 30.99 40.04 0.365 0x0000FF
29.66 34.09 40.34 28.93 32.99 40.04 0.365 0x0000FF
30.39 35.18 40.79 29.66 34.09 40.34 0.365 0x0000FF
31.3 36.09 41.18 30.39 35.18 40.79 0.365 0x0000FF
32.4 37.18 41.48 31.3 36.09 41.18 0.365 0x0000FF
32.76 37.9 41.86 32.4 37.18 41.48 0.365 0x0000FF
32.95 38.82 42.31 32.76 37.9 41.86 0.365 0x0000FF
32.95 39.72 43.15 32.95 38.82 42.31 0.365 0x0000FF
32.95 41.01 43.6 32.95 39.72 43.15 0.365 0x0000FF
32.76 42.29 44.06 32.95 41.01 43.6 0.365 0x0000FF
32.4 43.56 44.36 32.76 42.29 44.06 0.365 0x0000FF
31.67 45.56 44.74 32.4 43.56 44.36 0.365 0x0000FF
31.12 47.75 44.89 31.67 45.56 44.74 0.365 0x0000FF
30.39 48.84 45.34 31.12 47.75 44.89 0.365 0x0000FF
28.93 49.76 45.57 30.39 48.84 45.34 0.365 0x0000FF
26.93 51.39 45.65 28.93 49.76 45.57 0.365 0x0000FF
25.47 52.85 45.8 26.93 51.39 45.65 0.365 0x0000FF
24.27 55.46 45.87 25.47 52.85 45.8 0.365 0x0000FF
23.9 57.29 45.87 24.27 55.46 45.87 0.365 0x0000FF
23.17 61.48 45.87 23.9 57.29 45.87 0.365 0x0000FF
22.26 67.84 46.03 23.17 61.48 45.87 0.365 0x0000FF
19.16 77.15 46.18 22.26 67.84 46.03 0.365 0x0000FF
17.7 83.16 46.4 19.16 77.15 46.18 0.365 0x0000FF
15.69 92.63 46.48 17.7 83.16 46.4 0.365 0x0000FF
12.23 101.74 46.63 15.69 92.63 46.48 0.365 0x0000FF
9.13 111.76 46.63 12.23 101.74 46.63 0.365 0x0000FF
7.3 115.59 46.71 9.13 111.76 46.63 0.365 0x0000FF
4.15 121.76 46.93 7.3 115.59 46.71 0.365 0x0000FF
3.97 122.49 47.16 4.15 121.76 46.93 0.365 0x0000FF
3.24 124.31 47.31 3.97 122.49 47.16 0.365 0x0000FF
2.5 125.04 47.31 3.24 124.31 47.31 0.365 0x0000FF
1.96 126.68 46.63 2.5 125.04 47.31 0.365 0x0000FF
1.6 128.68 45.42 1.96 126.68 46.63 0.365 0x0000FF
1.78 131.24 44.43 1.6 128.68 45.42 0.365 0x0000FF
1.96 133.6 44.21 1.78 131.24 44.43 0.365 0x0000FF
2.87 138.71 43.83 1.96 133.6 44.21 0.365 0x0000FF
5.25 144.16 43.68 2.87 138.71 43.83 0.365 0x0000FF
4.15 151.28 43.22 5.25 144.16 43.68 0.365 0x0000FF
1.6 159.47 42.84 4.15 151.28 43.22 0.365 0x0000FF
-2.23 166.95 42.54 1.6 159.47 42.84 0.365 0x0000FF
-2.96 170.23 42.62 -2.23 166.95 42.54 0.365 0x0000FF
-3.51 172.41 42.92 -2.96 170.23 42.62 0.365 0x0000FF
-4.42 174.96 43.68 -3.51 172.41 42.92 0.365 0x0000FF
-5.52 178.06 44.13 -4.42 174.96 43.68 0.365 0x0000FF
-6.98 182.98 44.66 -5.52 178.06 44.13 0.365 0x0000FF
-7.16 185.17 45.27 -6.98 182.98 44.66 0.365 0x0000FF
31.98 25.58 43.75 27.6 24.49 43.75 0.545 0x0000FF
33.97 26.13 43.53 31.98 25.58 43.75 0.545 0x0000FF
34.9 26.67 43.22 33.97 26.13 43.53 0.545 0x0000FF
35.81 27.4 42.54 34.9 26.67 43.22 0.545 0x0000FF
37.27 28.31 41.63 35.81 27.4 42.54 0.545 0x0000FF
39.09 28.86 40.95 37.27 28.31 41.63 0.545 0x0000FF
41.46 29.77 40.11 39.09 28.86 40.95 0.545 0x0000FF
43.65 30.5 39.74 41.46 29.77 40.11 0.545 0x0000FF
46.03 31.23 39.06 43.65 30.5 39.74 0.545 0x0000FF
49.67 32.32 38.97 46.03 31.23 39.06 0.455 0x0000FF
51.68 33.04 38.29 49.67 32.32 38.97 0.455 0x0000FF
56.24 35.24 37.47 51.68 33.04 38.29 0.455 0x0000FF
60.07 37.79 36.4 56.24 35.24 37.47 0.455 0x0000FF
62.26 39.43 36.33 60.07 37.79 36.4 0.455 0x0000FF
64.81 41.07 35.65 62.26 39.43 36.33 0.455 0x0000FF
67.19 41.98 34.97 64.81 41.07 35.65 0.455 0x0000FF
69.2 42.71 34.89 67.19 41.98 34.97 0.455 0x0000FF
72.66 44.16 34.28 69.2 42.71 34.89 0.455 0x0000FF
78.14 45.99 33.68 72.66 44.16 34.28 0.455 0x0000FF
81.79 46.72 32.01 78.14 45.99 33.68 0.365 0x0000FF
83.98 46.9 31.48 81.79 46.72 32.01 0.365 0x0000FF
87.99 47.63 30.8 83.98 46.9 31.48 0.365 0x0000FF
89.81 48.35 29.97 87.99 47.63 30.8 0.365 0x0000FF
91.82 49.08 29.74 89.81 48.35 29.97 0.365 0x0000FF
93.28 49.81 28.6 91.82 49.08 29.74 0.365 0x0000FF
96.75 51.27 27.16 93.28 49.81 28.6 0.365 0x0000FF
98.02 52.0 26.48 96.75 51.27 27.16 0.365 0x0000FF
100.94 53.82 25.65 98.02 52.0 26.48 0.365 0x0000FF
106.05 58.01 24.21 100.94 53.82 25.65 0.365 0x0000FF
110.25 60.2 23.53 106.05 58.01 24.21 0.365 0x0000FF
119.55 65.3 23.15 110.25 60.2 23.53 0.365 0x0000FF
128.68 72.59 22.54 119.55 65.3 23.15 0.365 0x0000FF
134.88 77.14 21.86 128.68 72.59 22.54 0.365 0x0000FF
145.63 81.7 20.88 134.88 77.14 21.86 0.365 0x0000FF
152.58 85.16 20.04 145.63 81.7 20.88 0.365 0x0000FF
160.66 86.38 18.76 152.58 85.16 20.04 0.365 0x0000FF
164.31 86.92 18.14 160.66 86.38 18.76 0.365 0x0000FF
167.23 87.29 16.86 164.31 86.92 18.14 0.365 0x0000FF
168.69 87.29 15.8 167.23 87.29 16.86 0.365 0x0000FF
170.52 87.47 16.94 168.69 87.29 15.8 0.365 0x0000FF
172.71 87.65 17.92 170.52 87.47 16.94 0.365 0x0000FF
174.53 87.83 18.68 172.71 87.65 17.92 0.365 0x0000FF
177.08 87.83 20.04 174.53 87.83 18.68 0.365 0x0000FF
179.46 87.29 20.19 177.08 87.83 20.04 0.365 0x0000FF
182.19 87.11 21.1 179.46 87.29 20.19 0.365 0x0000FF
184.57 87.65 22.09 182.19 87.11 21.1 0.365 0x0000FF
190.59 88.2 22.92 184.57 87.65 22.09 0.365 0x0000FF
192.96 88.75 23.98 190.59 88.2 22.92 0.365 0x0000FF
195.69 89.47 24.97 192.96 88.75 23.98 0.365 0x0000FF
200.44 90.39 26.03 195.69 89.47 24.97 0.365 0x0000FF
201.9 91.3 28.3 200.44 90.39 26.03 0.365 0x0000FF
12.59 16.51 43.3 16.94 8.39 43.62 0.64 0x0000FF
7.12 18.51 43.45 12.59 16.51 43.3 0.64 0x0000FF
5.11 19.23 43.75 7.12 18.51 43.45 0.455 0x0000FF
4.2 20.52 44.36 5.11 19.23 43.75 0.455 0x0000FF
2.74 21.43 44.59 4.2 20.52 44.36 0.455 0x0000FF
2.37 21.97 43.9 2.74 21.43 44.59 0.455 0x0000FF
1.28 23.43 42.77 2.37 21.97 43.9 0.455 0x0000FF
-0.18 26.71 42.01 1.28 23.43 42.77 0.455 0x0000FF
-0.55 27.62 41.94 -0.18 26.71 42.01 0.455 0x0000FF
-2.19 29.63 41.78 -0.55 27.62 41.94 0.455 0x0000FF
-3.1 31.08 41.4 -2.19 29.63 41.78 0.455 0x0000FF
-4.38 32.18 41.33 -3.1 31.08 41.4 0.455 0x0000FF
5.29 20.7 43.6 7.12 18.51 43.45 0.545 0x0000FF
4.01 22.89 43.68 5.29 20.7 43.6 0.545 0x0000FF
2.74 25.8 43.9 4.01 22.89 43.68 0.545 0x0000FF
1.1 28.35 44.06 2.74 25.8 43.9 0.545 0x0000FF
-1.09 29.81 43.83 1.1 28.35 44.06 0.545 0x0000FF
-2.19 30.36 43.3 -1.09 29.81 43.83 0.545 0x0000FF
-3.28 31.08 42.24 -2.19 30.36 43.3 0.545 0x0000FF
-3.83 31.63 41.48 -3.28 31.08 42.24 0.545 0x0000FF
-6.38 34.18 41.1 -3.83 31.63 41.48 0.545 0x0000FF
-8.21 35.82 40.5 -6.38 34.18 41.1 0.545 0x0000FF
-9.3 36.92 40.34 -8.21 35.82 40.5 0.545 0x0000FF
-10.02 37.83 39.89 -9.3 36.92 40.34 0.545 0x0000FF
-11.31 38.54 39.06 -10.02 37.83 39.89 0.545 0x0000FF
-11.86 39.28 38.0 -11.31 38.54 39.06 0.545 0x0000FF
-12.41 39.83 37.24 -11.86 39.28 38.0 0.545 0x0000FF
-13.87 41.47 36.78 -12.41 39.83 37.24 0.545 0x0000FF
-20.07 45.3 35.5 -13.87 41.47 36.78 0.545 0x0000FF
-21.35 46.03 34.74 -20.07 45.3 35.5 0.545 0x0000FF
-22.08 46.57 34.13 -21.35 46.03 34.74 0.545 0x0000FF
-23.54 47.66 33.53 -22.08 46.57 34.13 0.545 0x0000FF
-24.99 48.76 31.94 -23.54 47.66 33.53 0.545 0x0000FF
-25.72 49.3 30.5 -24.99 48.76 31.94 0.545 0x0000FF
-26.45 49.85 29.13 -25.72 49.3 30.5 0.545 0x0000FF
-28.1 50.58 28.22 -26.45 49.85 29.13 0.545 0x0000FF
-29.37 51.49 26.71 -28.1 50.58 28.22 0.545 0x0000FF
-31.02 52.4 26.41 -29.37 51.49 26.71 0.545 0x0000FF
-31.56 52.77 25.72 -31.02 52.4 26.41 0.545 0x0000FF
-33.02 54.22 23.0 -31.56 52.77 25.72 0.545 0x0000FF
-34.29 55.14 21.63 -33.02 54.22 23.0 0.455 0x0000FF
-35.94 56.23 19.51 -34.29 55.14 21.63 0.455 0x0000FF
-37.04 57.14 18.07 -35.94 56.23 19.51 0.455 0x0000FF
-38.5 57.5 16.86 -37.04 57.14 18.07 0.455 0x0000FF
-39.59 58.05 15.65 -38.5 57.5 16.86 0.455 0x0000FF
-43.6 60.05 14.97 -39.59 58.05 15.65 0.365 0x0000FF
-44.15 61.33 14.29 -43.6 60.05 14.97 0.365 0x0000FF
-44.33 62.24 13.91 -44.15 61.33 14.29 0.365 0x0000FF
-44.88 63.52 12.92 -44.33 62.24 13.91 0.365 0x0000FF
-45.61 65.7 11.64 -44.88 63.52 12.92 0.365 0x0000FF
-46.34 66.8 10.95 -45.61 65.7 11.64 0.365 0x0000FF
-47.8 68.25 10.19 -46.34 66.8 10.95 0.365 0x0000FF
-48.9 69.16 9.74 -47.8 68.25 10.19 0.365 0x0000FF
-51.09 70.62 8.83 -48.9 69.16 9.74 0.365 0x0000FF
-54.0 72.44 8.3 -51.09 70.62 8.83 0.365 0x0000FF
-55.28 73.9 8.15 -54.0 72.44 8.3 0.365 0x0000FF
12.41 16.32 35.65 16.94 8.39 43.62 0.82 0x0000FF
10.03 18.14 35.65 12.41 16.32 35.65 0.82 0x0000FF
9.11 18.88 35.65 10.03 18.14 35.65 0.365 0x0000FF
8.39 19.61 36.18 9.11 18.88 35.65 0.365 0x0000FF
7.66 20.52 37.15 8.39 19.61 36.18 0.455 0x0000FF
6.2 21.43 37.47 7.66 20.52 37.15 0.455 0x0000FF
6.02 21.79 38.53 6.2 21.43 37.47 0.455 0x0000FF
5.29 22.16 38.83 6.02 21.79 38.53 0.455 0x0000FF
4.01 23.07 39.36 5.29 22.16 38.83 0.455 0x0000FF
2.92 23.61 39.74 4.01 23.07 39.36 0.455 0x0000FF
1.64 24.16 40.04 2.92 23.61 39.74 0.455 0x0000FF
0.37 24.53 40.11 1.64 24.16 40.04 0.455 0x0000FF
-2.19 24.89 40.19 0.37 24.53 40.11 0.365 0x0000FF
-3.1 25.44 39.28 -2.19 24.89 40.19 0.365 0x0000FF
-4.2 25.8 38.29 -3.1 25.44 39.28 0.365 0x0000FF
-5.47 26.71 36.78 -4.2 25.8 38.29 0.365 0x0000FF
-6.2 27.99 34.97 -5.47 26.71 36.78 0.365 0x0000FF
-7.66 30.17 34.44 -6.2 27.99 34.97 0.365 0x0000FF
-8.02 31.27 33.6 -7.66 30.17 34.44 0.365 0x0000FF
-8.02 32.54 32.47 -8.02 31.27 33.6 0.365 0x0000FF
-7.66 34.18 32.01 -8.02 32.54 32.47 0.365 0x0000FF
-7.48 35.64 31.33 -7.66 34.18 32.01 0.365 0x0000FF
-7.84 38.19 30.88 -7.48 35.64 31.33 0.365 0x0000FF
-8.39 39.47 29.97 -7.84 38.19 30.88 0.365 0x0000FF
-9.11 40.56 28.98 -8.39 39.47 29.97 0.365 0x0000FF
-10.95 43.66 28.68 -9.11 40.56 28.98 0.365 0x0000FF
-11.49 45.11 28.22 -10.95 43.66 28.68 0.365 0x0000FF
-11.68 45.84 27.39 -11.49 45.11 28.22 0.365 0x0000FF
-12.41 46.94 26.33 -11.68 45.84 27.39 0.365 0x0000FF
-13.5 48.39 25.35 -12.41 46.94 26.33 0.365 0x0000FF
-14.59 49.67 23.91 -13.5 48.39 25.35 0.365 0x0000FF
-15.32 50.22 23.15 -14.59 49.67 23.91 0.365 0x0000FF
-18.43 52.04 22.24 -15.32 50.22 23.15 0.365 0x0000FF
-19.34 52.95 21.79 -18.43 52.04 22.24 0.365 0x0000FF
-20.43 52.95 21.1 -19.34 52.95 21.79 0.275 0x0000FF
8.21 21.06 35.65 10.03 18.14 35.65 0.73 0x0000FF
5.66 24.89 35.04 8.21 21.06 35.65 0.64 0x0000FF
5.11 26.53 34.65 5.66 24.89 35.04 0.64 0x0000FF
3.47 29.63 34.36 5.11 26.53 34.65 0.545 0x0000FF
3.1 30.72 34.06 3.47 29.63 34.36 0.545 0x0000FF
2.0 33.45 33.53 3.1 30.72 34.06 0.455 0x0000FF
1.28 34.72 33.53 2.0 33.45 33.53 0.455 0x0000FF
0.91 36.36 33.97 1.28 34.72 33.53 0.455 0x0000FF
0.55 37.64 35.04 0.91 36.36 33.97 0.455 0x0000FF
-1.28 40.01 35.34 0.55 37.64 35.04 0.365 0x0000FF
-1.64 42.2 35.57 -1.28 40.01 35.34 0.365 0x0000FF
-3.83 44.2 35.88 -1.64 42.2 35.57 0.365 0x0000FF
9.49 13.59 36.86 16.94 8.39 43.62 0.73 0x0000FF
8.02 13.78 37.31 9.49 13.59 36.86 0.73 0x0000FF
5.11 13.78 36.25 8.02 13.78 37.31 0.64 0x0000FF
3.47 14.14 35.72 5.11 13.78 36.25 0.64 0x0000FF
1.46 13.96 34.89 3.47 14.14 35.72 0.64 0x0000FF
-0.73 14.32 34.51 1.46 13.96 34.89 0.64 0x0000FF
-1.82 14.87 34.13 -0.73 14.32 34.51 0.64 0x0000FF
-2.92 14.87 32.54 -1.82 14.87 34.13 0.455 0x0000FF
-3.47 14.32 30.95 -2.92 14.87 32.54 0.455 0x0000FF
-3.83 13.23 30.19 -3.47 14.32 30.95 0.455 0x0000FF
-4.01 12.5 30.04 -3.83 13.23 30.19 0.455 0x0000FF
-4.38 11.77 29.28 -4.01 12.5 30.04 0.455 0x0000FF
-4.55 10.5 28.22 -4.38 11.77 29.28 0.455 0x0000FF
-5.11 9.22 27.85 -4.55 10.5 28.22 0.455 0x0000FF
-5.47 8.86 27.24 -5.11 9.22 27.85 0.455 0x0000FF
-6.2 6.85 26.25 -5.47 8.86 27.24 0.365 0x0000FF
-6.75 6.12 26.18 -6.2 6.85 26.25 0.365 0x0000FF
-10.02 -0.62 25.35 -6.75 6.12 26.18 0.275 0x0000FF
-10.02 -2.62 25.04 -10.02 -0.62 25.35 0.275 0x0000FF
-10.4 -5.9 24.74 -10.02 -2.62 25.04 0.275 0x0000FF
-10.4 -7.72 24.44 -10.4 -5.9 24.74 0.275 0x0000FF
-10.4 -9.18 24.21 -10.4 -7.72 24.44 0.275 0x0000FF
-10.95 -11.73 23.76 -10.4 -9.18 24.21 0.275 0x0000FF
-11.31 -12.46 23.76 -10.95 -11.73 23.76 0.275 0x0000FF
-12.04 -13.01 23.15 -11.31 -12.46 23.76 0.275 0x0000FF
-13.14 -13.74 22.85 -12.04 -13.01 23.15 0.275 0x0000FF
-14.41 -14.1 22.39 -13.14 -13.74 22.85 0.275 0x0000FF
-15.14 -14.83 21.33 -14.41 -14.1 22.39 0.275 0x0000FF
-16.78 -15.01 21.48 -15.14 -14.83 21.33 0.275 0x0000FF
-4.2 15.96 32.47 -1.82 14.87 34.13 0.64 0x0000FF
-5.11 16.32 31.71 -4.2 15.96 32.47 0.64 0x0000FF
-9.11 17.42 30.27 -5.11 16.32 31.71 0.545 0x0000FF
-10.58 17.97 28.6 -9.11 17.42 30.27 0.545 0x0000FF
-12.22 18.51 27.24 -10.58 17.97 28.6 0.545 0x0000FF
-17.88 19.61 26.79 -12.22 18.51 27.24 0.545 0x0000FF
-20.25 20.32 26.41 -17.88 19.61 26.79 0.545 0x0000FF
-21.71 21.06 26.03 -20.25 20.32 26.41 0.545 0x0000FF
-25.72 21.97 25.5 -21.71 21.06 26.03 0.455 0x0000FF
-27.37 23.98 24.74 -25.72 21.97 25.5 0.365 0x0000FF
-27.37 24.71 24.97 -27.37 23.98 24.74 0.365 0x0000FF
-27.37 25.25 25.88 -27.37 24.71 24.97 0.365 0x0000FF
-27.0 25.44 26.25 -27.37 25.25 25.88 0.365 0x0000FF
-26.27 26.35 26.25 -27.0 25.44 26.25 0.365 0x0000FF
-25.72 27.08 26.25 -26.27 26.35 26.25 0.365 0x0000FF
-25.54 28.17 26.25 -25.72 27.08 26.25 0.365 0x0000FF
-25.54 29.63 26.25 -25.54 28.17 26.25 0.365 0x0000FF
-26.45 31.27 26.25 -25.54 29.63 26.25 0.365 0x0000FF
-27.37 31.81 26.25 -26.45 31.27 26.25 0.365 0x0000FF
-28.1 32.36 26.56 -27.37 31.81 26.25 0.365 0x0000FF
-29.19 34.0 26.86 -28.1 32.36 26.56 0.275 0x0000FF
-31.2 23.25 25.19 -25.72 21.97 25.5 0.365 0x0000FF
-32.29 24.16 24.97 -31.2 23.25 25.19 0.365 0x0000FF
-35.03 25.25 24.74 -32.29 24.16 24.97 0.365 0x0000FF
-39.04 26.53 24.74 -35.03 25.25 24.74 0.365 0x0000FF
-44.15 27.08 24.74 -39.04 26.53 24.74 0.365 0x0000FF
-47.25 30.17 24.66 -44.15 27.08 24.74 0.365 0x0000FF
-51.82 31.63 24.66 -47.25 30.17 24.66 0.365 0x0000FF
-52.36 27.26 24.74 -44.15 27.08 24.74 0.365 0x0000FF
-61.3 27.81 24.66 -52.36 27.26 24.74 0.365 0x0000FF
-69.33 27.44 24.66 -61.3 27.81 24.66 0.365 0x0000FF
-74.06 27.44 24.59 -69.33 27.44 24.66 0.365 0x0000FF
-83.38 28.53 24.59 -74.06 27.44 24.59 0.365 0x0000FF
12.23 3.39 49.96 16.94 8.39 43.62 0.64 0x0000FF
10.58 2.29 50.19 12.23 3.39 49.96 0.64 0x0000FF
9.49 1.93 50.72 10.58 2.29 50.19 0.64 0x0000FF
8.94 1.2 51.03 9.49 1.93 50.72 0.64 0x0000FF
8.21 0.66 51.33 8.94 1.2 51.03 0.64 0x0000FF
6.93 -0.62 51.56 8.21 0.66 51.33 0.64 0x0000FF
6.39 -1.71 51.86 6.93 -0.62 51.56 0.64 0x0000FF
6.02 -2.44 52.16 6.39 -1.71 51.86 0.64 0x0000FF
5.47 -3.17 52.24 6.02 -2.44 52.16 0.64 0x0000FF
5.29 -4.63 52.77 5.47 -3.17 52.24 0.64 0x0000FF
5.11 -8.44 52.62 5.29 -4.63 52.77 0.64 0x0000FF
4.55 -9.36 51.93 5.11 -8.44 52.62 0.64 0x0000FF
1.64 -10.82 52.16 4.55 -9.36 51.93 0.365 0x0000FF
0.73 -11.55 52.31 1.64 -10.82 52.16 0.365 0x0000FF
-0.36 -11.91 52.31 0.73 -11.55 52.31 0.365 0x0000FF
-1.28 -11.91 52.39 -0.36 -11.91 52.31 0.365 0x0000FF
-3.28 -12.1 52.54 -1.28 -11.91 52.39 0.365 0x0000FF
-4.01 -11.91 52.69 -3.28 -12.1 52.54 0.365 0x0000FF
-4.74 -11.73 52.99 -4.01 -11.91 52.69 0.365 0x0000FF
-5.84 -11.0 52.69 -4.74 -11.73 52.99 0.365 0x0000FF
-6.57 -10.27 51.86 -5.84 -11.0 52.69 0.365 0x0000FF
-7.3 -9.55 51.48 -6.57 -10.27 51.86 0.365 0x0000FF
-8.21 -8.63 50.87 -7.3 -9.55 51.48 0.365 0x0000FF
-9.3 -7.36 50.12 -8.21 -8.63 50.87 0.365 0x0000FF
-10.76 -6.63 49.89 -9.3 -7.36 50.12 0.365 0x0000FF
-12.95 -5.36 49.51 -10.76 -6.63 49.89 0.365 0x0000FF
-14.59 -4.63 49.43 -12.95 -5.36 49.51 0.365 0x0000FF
-16.6 -4.08 49.36 -14.59 -4.63 49.43 0.365 0x0000FF
-17.7 -3.35 49.06 -16.6 -4.08 49.36 0.365 0x0000FF
-18.97 -2.62 48.98 -17.7 -3.35 49.06 0.365 0x0000FF
-19.52 -2.08 49.51 -18.97 -2.62 48.98 0.365 0x0000FF
-20.43 -1.35 49.96 -19.52 -2.08 49.51 0.365 0x0000FF
-22.08 -0.25 50.27 -20.43 -1.35 49.96 0.365 0x0000FF
-23.9 0.84 50.8 -22.08 -0.25 50.27 0.365 0x0000FF
-26.27 1.39 51.48 -23.9 0.84 50.8 0.365 0x0000FF
-27.55 2.11 51.78 -26.27 1.39 51.48 0.365 0x0000FF
-28.83 2.48 52.09 -27.55 2.11 51.78 0.365 0x0000FF
-35.76 5.03 52.54 -28.83 2.48 52.09 0.365 0x0000FF
-37.77 5.39 52.54 -35.76 5.03 52.54 0.365 0x0000FF
-39.96 6.12 52.84 -37.77 5.39 52.54 0.365 0x0000FF
-42.15 6.85 53.3 -39.96 6.12 52.84 0.365 0x0000FF
-44.88 7.4 53.52 -42.15 6.85 53.3 0.365 0x0000FF
-45.79 7.76 53.6 -44.88 7.4 53.52 0.365 0x0000FF
1.1 -15.01 50.95 4.55 -9.36 51.93 0.545 0x0000FF
-0.91 -16.29 50.65 1.1 -15.01 50.95 0.545 0x0000FF
-4.38 -18.47 50.49 -0.91 -16.29 50.65 0.545 0x0000FF
-7.66 -20.11 50.12 -4.38 -18.47 50.49 0.545 0x0000FF
-10.58 -21.94 49.89 -7.66 -20.11 50.12 0.545 0x0000FF
-15.69 -24.67 49.81 -10.58 -21.94 49.89 0.545 0x0000FF
-23.54 -26.13 50.42 -15.69 -24.67 49.81 0.455 0x0000FF
-26.45 -27.58 50.57 -23.54 -26.13 50.42 0.455 0x0000FF
-29.74 -29.04 50.72 -26.45 -27.58 50.57 0.455 0x0000FF
-31.75 -30.13 51.33 -29.74 -29.04 50.72 0.455 0x0000FF
-34.85 -31.96 51.56 -31.75 -30.13 51.33 0.455 0x0000FF
-37.22 -32.5 52.01 -34.85 -31.96 51.56 0.455 0x0000FF
-43.42 -35.04 52.46 -37.22 -32.5 52.01 0.365 0x0000FF
-45.61 -36.69 52.92 -43.42 -35.04 52.46 0.365 0x0000FF
-47.25 -37.42 53.22 -45.61 -36.69 52.92 0.365 0x0000FF
-48.35 -38.33 53.37 -47.25 -37.42 53.22 0.365 0x0000FF
-49.26 -38.7 53.98 -48.35 -38.33 53.37 0.365 0x0000FF
-50.54 -39.24 54.43 -49.26 -38.7 53.98 0.365 0x0000FF
-52.36 -39.97 54.74 -50.54 -39.24 54.43 0.365 0x0000FF
-56.01 -41.25 54.89 -52.36 -39.97 54.74 0.365 0x0000FF
-57.65 -42.16 54.59 -56.01 -41.25 54.89 0.365 0x0000FF
-58.57 -44.16 53.98 -57.65 -42.16 54.59 0.365 0x0000FF
-62.4 -49.45 53.52 -58.57 -44.16 53.98 0.365 0x0000FF
-65.31 -52.91 53.52 -62.4 -49.45 53.52 0.365 0x0000FF
20.49 1.41 44.66 16.94 8.39 43.62 2.28 0x0000FF
23.04 -2.96 44.89 20.49 1.41 44.66 2.28 0x0000FF
25.41 -6.97 45.27 23.04 -2.96 44.89 1.735 0x0000FF
27.6 -10.8 45.42 25.41 -6.97 45.27 1.64 0x0000FF
29.24 -13.53 45.42 27.6 -10.8 45.42 1.55 0x0000FF
31.8 -16.8 45.5 29.24 -13.53 45.42 1.55 0x0000FF
33.26 -18.63 45.65 31.8 -16.8 45.5 1.46 0x0000FF
34.35 -20.64 45.8 33.26 -18.63 45.65 1.46 0x0000FF
36.54 -24.83 46.1 34.35 -20.64 45.8 1.46 0x0000FF
39.1 -28.65 46.33 36.54 -24.83 46.1 1.46 0x0000FF
40.36 -31.75 46.56 39.1 -28.65 46.33 1.46 0x0000FF
41.1 -33.39 46.86 40.36 -31.75 46.56 1.46 0x0000FF
41.83 -37.03 47.77 41.1 -33.39 46.86 1.46 0x0000FF
42.02 -39.58 48.07 41.83 -37.03 47.77 1.46 0x0000FF
43.66 -43.96 48.75 42.02 -39.58 48.07 1.46 0x0000FF
44.02 -46.14 49.28 43.66 -43.96 48.75 1.46 0x0000FF
44.57 -47.97 50.49 44.02 -46.14 49.28 1.37 0x0000FF
45.12 -49.79 50.95 44.57 -47.97 50.49 1.275 0x0000FF
46.21 -51.61 51.48 45.12 -49.79 50.95 1.275 0x0000FF
46.94 -54.34 51.86 46.21 -51.61 51.48 1.185 0x0000FF
47.85 -57.26 52.24 46.94 -54.34 51.86 1.185 0x0000FF
48.95 -61.08 52.54 47.85 -57.26 52.24 1.185 0x0000FF
50.77 -65.27 52.84 48.95 -61.08 52.54 1.185 0x0000FF
52.6 -70.19 53.15 50.77 -65.27 52.84 1.185 0x0000FF
53.33 -71.65 53.3 52.6 -70.19 53.15 1.185 0x0000FF
54.48 -75.94 53.6 53.33 -71.65 53.3 1.185 0x0000FF
56.31 -79.04 53.98 54.48 -75.94 53.6 1.185 0x0000FF
57.95 -81.22 54.36 56.31 -79.04 53.98 1.185 0x0000FF
59.23 -83.59 54.66 57.95 -81.22 54.36 1.185 0x0000FF
61.6 -88.51 55.04 59.23 -83.59 54.66 1.095 0x0000FF
63.06 -91.06 55.34 61.6 -88.51 55.04 1.095 0x0000FF
64.7 -94.71 55.65 63.06 -91.06 55.34 1.095 0x0000FF
66.53 -99.26 55.87 64.7 -94.71 55.65 1.095 0x0000FF
68.17 -103.45 56.1 66.53 -99.26 55.87 1.095 0x0000FF
69.81 -107.64 56.55 68.17 -103.45 56.1 1.095 0x0000FF
71.27 -110.56 56.78 69.81 -107.64 56.55 1.095 0x0000FF
71.45 -113.11 57.09 71.27 -110.56 56.78 1.095 0x0000FF
71.45 -115.48 57.46 71.45 -113.11 57.09 1.095 0x0000FF
71.09 -118.03 57.77 71.45 -115.48 57.46 1.095 0x0000FF
70.72 -120.94 58.22 71.09 -118.03 57.77 1.095 0x0000FF
71.09 -123.86 59.05 70.72 -120.94 58.22 1.095 0x0000FF
72.36 -126.59 59.43 71.09 -123.86 59.05 1.095 0x0000FF
74.01 -128.6 59.66 72.36 -126.59 59.43 1.095 0x0000FF
75.65 -130.6 59.74 74.01 -128.6 59.66 1.095 0x0000FF
78.2 -133.69 60.04 75.65 -130.6 59.74 1.095 0x0000FF
81.12 -140.8 60.19 78.2 -133.69 60.04 1.005 0x0000FF
84.77 -149.91 60.65 81.12 -140.8 60.19 1.005 0x0000FF
87.51 -154.83 60.87 84.77 -149.91 60.65 1.005 0x0000FF
88.6 -158.29 61.1 87.51 -154.83 60.87 1.005 0x0000FF
88.97 -159.75 61.25 88.6 -158.29 61.1 1.005 0x0000FF
91.63 -165.32 61.71 88.97 -159.75 61.25 1.005 0x0000FF
92.54 -167.69 61.71 91.63 -165.32 61.71 1.005 0x0000FF
93.45 -169.88 61.18 92.54 -167.69 61.71 1.005 0x0000FF
94.36 -172.06 60.72 93.45 -169.88 61.18 1.005 0x0000FF
95.64 -174.43 60.19 94.36 -172.06 60.72 1.005 0x0000FF
96.19 -176.62 59.66 95.64 -174.43 60.19 1.005 0x0000FF
96.55 -178.26 59.05 96.19 -176.62 59.66 1.005 0x0000FF
97.28 -180.44 58.3 96.55 -178.26 59.05 1.005 0x0000FF
98.38 -183.0 57.84 97.28 -180.44 58.3 1.005 0x0000FF
99.47 -185.55 57.24 98.38 -183.0 57.84 1.005 0x0000FF
102.03 -188.64 56.63 99.47 -185.55 57.24 0.91 0x0000FF
102.57 -189.19 56.55 102.03 -188.64 56.63 0.91 0x0000FF
103.3 -191.38 56.25 102.57 -189.19 56.55 0.91 0x0000FF
103.67 -192.47 55.87 103.3 -191.38 56.25 0.91 0x0000FF
104.4 -193.93 55.19 103.67 -192.47 55.87 0.91 0x0000FF
104.76 -195.2 54.51 104.4 -193.93 55.19 0.91 0x0000FF
104.94 -196.66 53.83 104.76 -195.2 54.51 0.91 0x0000FF
105.49 -198.85 53.07 104.94 -196.66 53.83 0.91 0x0000FF
105.67 -201.58 52.46 105.49 -198.85 53.07 0.91 0x0000FF
105.67 -204.49 51.71 105.67 -201.58 52.46 0.82 0x0000FF
106.22 -206.68 51.18 105.67 -204.49 51.71 0.82 0x0000FF
106.95 -209.41 50.8 106.22 -206.68 51.18 0.82 0x0000FF
107.32 -211.42 50.49 106.95 -209.41 50.8 0.82 0x0000FF
108.05 -214.33 50.12 107.32 -211.42 50.49 0.82 0x0000FF
108.59 -217.98 49.43 108.05 -214.33 50.12 0.82 0x0000FF
108.96 -218.71 50.12 108.59 -217.98 49.43 0.82 0x0000FF
109.69 -220.89 50.42 108.96 -218.71 50.12 0.82 0x0000FF
110.97 -225.27 51.1 109.69 -220.89 50.42 0.82 0x0000FF
111.7 -227.45 51.56 110.97 -225.27 51.1 0.82 0x0000FF
111.88 -227.82 52.01 111.7 -227.45 51.56 0.82 0x0000FF
112.06 -228.91 52.54 111.88 -227.82 52.01 0.82 0x0000FF
112.61 -233.28 53.45 112.06 -228.91 52.54 0.82 0x0000FF
111.85 -235.06 52.39 112.61 -233.28 53.45 0.365 0x0000FF
112.21 -238.15 52.54 111.85 -235.06 52.39 0.365 0x0000FF
112.21 -239.06 52.54 112.21 -238.15 52.54 0.365 0x0000FF
112.21 -242.34 52.69 112.21 -239.06 52.54 0.365 0x0000FF
111.85 -243.8 52.77 112.21 -242.34 52.69 0.365 0x0000FF
110.75 -245.62 52.92 111.85 -243.8 52.77 0.365 0x0000FF
110.02 -246.72 53.07 110.75 -245.62 52.92 0.365 0x0000FF
109.47 -248.17 53.22 110.02 -246.72 53.07 0.365 0x0000FF
108.93 -249.81 53.15 109.47 -248.17 53.22 0.365 0x0000FF
108.56 -250.54 53.07 108.93 -249.81 53.15 0.365 0x0000FF
108.2 -252.55 52.99 108.56 -250.54 53.07 0.365 0x0000FF
108.2 -254.19 52.84 108.2 -252.55 52.99 0.365 0x0000FF
108.2 -256.01 52.84 108.2 -254.19 52.84 0.365 0x0000FF
107.83 -259.47 52.84 108.2 -256.01 52.84 0.365 0x0000FF
107.1 -262.39 52.77 107.83 -259.47 52.84 0.365 0x0000FF
106.19 -265.48 52.77 107.1 -262.39 52.77 0.365 0x0000FF
105.64 -267.31 52.77 106.19 -265.48 52.77 0.365 0x0000FF
104.73 -270.22 52.77 105.64 -267.31 52.77 0.365 0x0000FF
104.18 -271.68 52.69 104.73 -270.22 52.77 0.365 0x0000FF
103.64 -277.69 52.69 104.18 -271.68 52.69 0.365 0x0000FF
103.27 -279.69 52.69 103.64 -277.69 52.69 0.365 0x0000FF
102.72 -282.61 52.69 103.27 -279.69 52.69 0.365 0x0000FF
114.61 -237.47 53.6 112.61 -233.28 53.45 0.82 0x0000FF
116.26 -242.57 53.75 114.61 -237.47 53.6 0.82 0x0000FF
117.72 -248.04 53.98 116.26 -242.57 53.75 0.82 0x0000FF
118.45 -249.68 54.21 117.72 -248.04 53.98 0.82 0x0000FF
120.71 -258.72 56.63 118.45 -249.68 54.21 0.82 0x0000FF
120.71 -262.73 56.33 120.71 -258.72 56.63 0.82 0x0000FF
120.9 -273.11 56.25 120.71 -262.73 56.33 0.82 0x0000FF
121.63 -278.76 56.25 120.9 -273.11 56.25 0.82 0x0000FF
124.73 -285.87 56.18 121.63 -278.76 56.25 0.82 0x0000FF
128.19 -295.33 56.1 124.73 -285.87 56.18 0.82 0x0000FF
131.3 -305.36 55.87 128.19 -295.33 56.1 0.82 0x0000FF
132.56 -308.7 53.52 131.3 -305.36 55.87 0.82 0x0000FF
132.93 -309.8 53.52 132.56 -308.7 53.52 0.82 0x0000FF
133.66 -311.26 53.6 132.93 -309.8 53.52 0.82 0x0000FF
134.38 -313.27 53.6 133.66 -311.26 53.6 0.82 0x0000FF
135.12 -316.36 53.75 134.38 -313.27 53.6 0.82 0x0000FF
135.3 -318.18 53.98 135.12 -316.36 53.75 0.82 0x0000FF
135.47 -321.27 54.06 135.3 -318.18 53.98 0.82 0x0000FF
135.47 -322.74 54.36 135.47 -321.27 54.06 0.82 0x0000FF
135.47 -323.64 54.51 135.47 -322.74 54.36 0.82 0x0000FF
135.47 -325.47 54.13 135.47 -323.64 54.51 0.82 0x0000FF
135.47 -327.11 53.98 135.47 -325.47 54.13 0.82 0x0000FF
135.66 -328.39 53.68 135.47 -327.11 53.98 0.82 0x0000FF
135.84 -329.48 52.99 135.66 -328.39 53.68 0.82 0x0000FF
136.76 -333.13 52.46 135.84 -329.48 52.99 0.64 0x0000FF
137.12 -334.4 52.92 136.76 -333.13 52.46 0.64 0x0000FF
137.49 -335.49 52.99 137.12 -334.4 52.92 0.64 0x0000FF
137.49 -336.04 53.3 137.49 -335.49 52.99 0.64 0x0000FF
138.03 -337.5 52.54 137.49 -336.04 53.3 0.64 0x0000FF
138.76 -338.41 51.25 138.03 -337.5 52.54 0.73 0x0000FF
138.94 -338.96 50.87 138.76 -338.41 51.25 0.73 0x0000FF
139.31 -339.87 49.81 138.94 -338.96 50.87 0.73 0x0000FF
139.49 -340.6 49.21 139.31 -339.87 49.81 0.73 0x0000FF
139.86 -341.51 49.13 139.49 -340.6 49.21 0.73 0x0000FF
139.86 -342.24 48.83 139.86 -341.51 49.13 0.73 0x0000FF
140.22 -343.15 48.75 139.86 -342.24 48.83 0.73 0x0000FF
140.41 -343.88 48.75 140.22 -343.15 48.75 0.73 0x0000FF
140.41 -344.97 48.75 140.41 -343.88 48.75 0.73 0x0000FF
139.53 -345.67 48.68 140.41 -344.97 48.75 0.365 0x0000FF
138.8 -346.58 48.83 139.53 -345.67 48.68 0.365 0x0000FF
138.26 -348.4 48.98 138.8 -346.58 48.83 0.365 0x0000FF
137.88 -350.04 49.13 138.26 -348.4 48.98 0.365 0x0000FF
137.71 -351.5 49.21 137.88 -350.04 49.13 0.365 0x0000FF
137.16 -353.5 49.28 137.71 -351.5 49.21 0.365 0x0000FF
136.43 -355.69 49.28 137.16 -353.5 49.28 0.365 0x0000FF
134.61 -358.6 49.28 136.43 -355.69 49.28 0.365 0x0000FF
132.96 -360.61 49.36 134.61 -358.6 49.28 0.365 0x0000FF
129.86 -364.98 49.51 132.96 -360.61 49.36 0.365 0x0000FF
128.4 -366.98 49.66 129.86 -364.98 49.51 0.365 0x0000FF
126.4 -369.72 49.74 128.4 -366.98 49.66 0.365 0x0000FF
123.29 -374.27 48.3 126.4 -369.72 49.74 0.365 0x0000FF
122.02 -375.36 48.37 123.29 -374.27 48.3 0.365 0x0000FF
120.56 -376.64 48.53 122.02 -375.36 48.37 0.365 0x0000FF
119.46 -378.1 48.6 120.56 -376.64 48.53 0.365 0x0000FF
118.37 -380.1 48.68 119.46 -378.1 48.6 0.365 0x0000FF
117.27 -382.83 48.9 118.37 -380.1 48.68 0.365 0x0000FF
116.54 -385.2 48.98 117.27 -382.83 48.9 0.365 0x0000FF
115.63 -387.94 48.83 116.54 -385.2 48.98 0.365 0x0000FF
115.45 -389.39 48.45 115.63 -387.94 48.83 0.365 0x0000FF
115.45 -390.49 47.46 115.45 -389.39 48.45 0.365 0x0000FF
115.27 -391.94 47.31 115.45 -390.49 47.46 0.365 0x0000FF
114.9 -393.95 47.16 115.27 -391.94 47.31 0.365 0x0000FF
116.18 -394.86 46.18 114.9 -393.95 47.16 0.275 0x0000FF
117.09 -396.86 46.18 116.18 -394.86 46.18 0.275 0x0000FF
117.27 -400.14 46.25 117.09 -396.86 46.18 0.275 0x0000FF
117.27 -403.61 46.4 117.27 -400.14 46.25 0.275 0x0000FF
117.27 -407.61 46.63 117.27 -403.61 46.4 0.275 0x0000FF
117.27 -410.53 46.93 117.27 -407.61 46.63 0.275 0x0000FF
118.0 -412.9 46.93 117.27 -410.53 46.93 0.275 0x0000FF
118.55 -414.9 46.93 118.0 -412.9 46.93 0.275 0x0000FF
119.83 -420.19 46.48 118.55 -414.9 46.93 0.275 0x0000FF
120.74 -422.01 46.25 119.83 -420.19 46.48 0.275 0x0000FF
121.1 -422.74 45.8 120.74 -422.01 46.25 0.275 0x0000FF
121.29 -424.01 45.27 121.1 -422.74 45.8 0.275 0x0000FF
121.83 -425.65 44.74 121.29 -424.01 45.27 0.275 0x0000FF
122.56 -427.29 44.51 121.83 -425.65 44.74 0.275 0x0000FF
123.11 -429.11 44.21 122.56 -427.29 44.51 0.275 0x0000FF
124.02 -430.57 43.68 123.11 -429.11 44.21 0.275 0x0000FF
125.12 -432.76 43.6 124.02 -430.57 43.68 0.275 0x0000FF
126.03 -435.13 42.84 125.12 -432.76 43.6 0.275 0x0000FF
126.58 -436.4 42.24 126.03 -435.13 42.84 0.275 0x0000FF
127.13 -438.41 42.31 126.58 -436.4 42.24 0.275 0x0000FF
127.49 -440.05 41.48 127.13 -438.41 42.31 0.275 0x0000FF
127.86 -441.32 40.79 127.49 -440.05 41.48 0.275 0x0000FF
128.4 -444.05 40.57 127.86 -441.32 40.79 0.275 0x0000FF
129.5 -448.79 40.34 128.4 -444.05 40.57 0.275 0x0000FF
130.05 -450.61 39.97 129.5 -448.79 40.34 0.275 0x0000FF
131.32 -453.53 39.74 130.05 -450.61 39.97 0.275 0x0000FF
132.22 -454.8 39.74 131.32 -453.53 39.74 0.275 0x0000FF
114.72 -396.86 46.78 114.9 -393.95 47.16 0.275 0x0000FF
114.17 -397.77 46.48 114.72 -396.86 46.78 0.275 0x0000FF
113.44 -398.5 46.18 114.17 -397.77 46.48 0.275 0x0000FF
111.98 -399.6 45.87 113.44 -398.5 46.18 0.275 0x0000FF
110.16 -400.87 45.87 111.98 -399.6 45.87 0.275 0x0000FF
109.25 -401.97 45.5 110.16 -400.87 45.87 0.275 0x0000FF
108.52 -403.42 45.19 109.25 -401.97 45.5 0.275 0x0000FF
108.15 -404.88 44.97 108.52 -403.42 45.19 0.275 0x0000FF
107.79 -406.16 44.66 108.15 -404.88 44.97 0.275 0x0000FF
107.06 -407.8 43.98 107.79 -406.16 44.66 0.275 0x0000FF
106.69 -409.07 43.98 107.06 -407.8 43.98 0.275 0x0000FF
106.33 -411.08 43.53 106.69 -409.07 43.98 0.275 0x0000FF
105.96 -412.35 43.0 106.33 -411.08 43.53 0.275 0x0000FF
105.96 -412.9 42.92 105.96 -412.35 43.0 0.275 0x0000FF
105.78 -413.81 42.62 105.96 -412.9 42.92 0.275 0x0000FF
105.78 -414.72 42.24 105.78 -413.81 42.62 0.275 0x0000FF
105.78 -415.27 41.78 105.78 -414.72 42.24 0.275 0x0000FF
105.78 -415.81 41.78 105.78 -415.27 41.78 0.275 0x0000FF
105.78 -416.54 41.4 105.78 -415.81 41.78 0.275 0x0000FF
105.78 -418.18 40.79 105.78 -416.54 41.4 0.275 0x0000FF
105.6 -418.91 40.72 105.78 -418.18 40.79 0.275 0x0000FF
105.78 -419.82 40.27 105.6 -418.91 40.72 0.275 0x0000FF
105.78 -421.46 39.74 105.78 -419.82 40.27 0.275 0x0000FF
105.78 -422.74 39.28 105.78 -421.46 39.74 0.275 0x0000FF
105.78 -423.83 38.75 105.78 -422.74 39.28 0.275 0x0000FF
141.5 -348.98 48.3 140.41 -344.97 48.75 0.73 0x0000FF
141.5 -352.44 48.15 141.5 -348.98 48.3 0.73 0x0000FF
141.32 -353.71 48.15 141.5 -352.44 48.15 0.73 0x0000FF
141.32 -355.72 47.16 141.32 -353.71 48.15 1.005 0x0000FF
141.13 -358.45 46.93 141.32 -355.72 47.16 1.005 0x0000FF
141.13 -361.55 46.71 141.13 -358.45 46.93 1.005 0x0000FF
141.87 -365.74 46.63 141.13 -361.55 46.71 1.005 0x0000FF
142.41 -369.02 46.4 141.87 -365.74 46.63 1.005 0x0000FF
142.78 -370.66 46.4 142.41 -369.02 46.4 1.005 0x0000FF
143.51 -373.76 46.4 142.78 -370.66 46.4 0.82 0x0000FF
144.41 -377.04 46.4 143.51 -373.76 46.4 0.82 0x0000FF
144.79 -381.23 46.63 144.41 -377.04 46.4 0.82 0x0000FF
144.41 -383.78 46.48 144.79 -381.23 46.63 0.82 0x0000FF
144.6 -388.33 45.87 144.41 -383.78 46.48 0.82 0x0000FF
144.41 -393.43 45.5 144.6 -388.33 45.87 0.82 0x0000FF
143.69 -397.26 45.12 144.41 -393.43 45.5 0.73 0x0000FF
143.69 -400.9 44.89 143.69 -397.26 45.12 0.73 0x0000FF
143.69 -402.91 44.74 143.69 -400.9 44.89 0.73 0x0000FF
142.78 -403.64 44.43 143.69 -402.91 44.74 0.73 0x0000FF
142.41 -404.37 44.13 142.78 -403.64 44.43 0.73 0x0000FF
142.41 -404.55 44.59 142.41 -404.37 44.13 0.73 0x0000FF
142.22 -404.91 44.97 142.41 -404.55 44.59 0.73 0x0000FF
142.22 -404.91 45.5 142.22 -404.91 44.97 0.73 0x0000FF
142.05 -405.09 46.18 142.22 -404.91 45.5 0.73 0x0000FF
141.68 -405.46 45.87 142.05 -405.09 46.18 0.73 0x0000FF
141.5 -405.64 44.51 141.68 -405.46 45.87 0.73 0x0000FF
141.32 -407.83 44.28 141.5 -405.64 44.51 0.64 0x0000FF
142.41 -410.74 44.06 141.32 -407.83 44.28 0.64 0x0000FF
143.33 -412.2 44.06 142.41 -410.74 44.06 0.64 0x0000FF
143.51 -413.66 44.06 143.33 -412.2 44.06 0.64 0x0000FF
143.13 -415.66 44.36 143.51 -413.66 44.06 0.64 0x0000FF
142.96 -416.03 44.59 143.13 -415.66 44.36 0.64 0x0000FF
142.78 -418.58 45.12 142.96 -416.03 44.59 0.64 0x0000FF
143.13 -421.31 45.27 142.78 -418.58 45.12 0.64 0x0000FF
143.33 -423.86 45.42 143.13 -421.31 45.27 0.64 0x0000FF
144.79 -427.5 45.72 143.33 -423.86 45.42 0.545 0x0000FF
144.09 -430.39 45.95 144.79 -427.5 45.72 0.545 0x0000FF
143.0 -433.49 46.18 144.09 -430.39 45.95 0.545 0x0000FF
142.44 -435.49 46.25 143.0 -433.49 46.18 0.545 0x0000FF
142.27 -438.59 46.4 142.44 -435.49 46.25 0.545 0x0000FF
141.72 -443.32 46.63 142.27 -438.59 46.4 0.545 0x0000FF
141.54 -445.33 46.93 141.72 -443.32 46.63 0.545 0x0000FF
141.54 -446.97 46.93 141.54 -445.33 46.93 0.545 0x0000FF
141.54 -449.34 47.01 141.54 -446.97 46.93 0.545 0x0000FF
140.99 -451.89 47.24 141.54 -449.34 47.01 0.545 0x0000FF
140.26 -454.07 47.39 140.99 -451.89 47.24 0.545 0x0000FF
139.53 -455.9 47.46 140.26 -454.07 47.39 0.545 0x0000FF
138.62 -456.63 47.54 139.53 -455.9 47.46 0.545 0x0000FF
137.88 -457.35 47.69 138.62 -456.63 47.54 0.545 0x0000FF
135.15 -461.54 48.07 137.88 -457.35 47.69 0.455 0x0000FF
134.06 -463.55 48.3 135.15 -461.54 48.07 0.455 0x0000FF
132.78 -465.92 48.37 134.06 -463.55 48.3 0.455 0x0000FF
130.41 -470.11 48.53 132.78 -465.92 48.37 0.365 0x0000FF
129.5 -471.38 48.75 130.41 -470.11 48.53 0.365 0x0000FF
128.04 -472.48 48.9 129.5 -471.38 48.75 0.365 0x0000FF
125.85 -473.02 49.06 128.04 -472.48 48.9 0.365 0x0000FF
123.11 -473.21 49.28 125.85 -473.02 49.06 0.365 0x0000FF
123.48 -474.66 49.43 123.11 -473.21 49.28 0.275 0x0000FF
122.56 -475.76 49.43 123.48 -474.66 49.43 0.275 0x0000FF
120.74 -477.03 49.43 122.56 -475.76 49.43 0.275 0x0000FF
117.82 -478.31 49.59 120.74 -477.03 49.43 0.275 0x0000FF
115.27 -479.4 49.66 117.82 -478.31 49.59 0.275 0x0000FF
113.62 -480.86 49.66 115.27 -479.4 49.66 0.275 0x0000FF
113.08 -482.13 49.66 113.62 -480.86 49.66 0.275 0x0000FF
118.92 -473.21 49.59 123.11 -473.21 49.28 0.365 0x0000FF
116.91 -473.21 49.81 118.92 -473.21 49.59 0.365 0x0000FF
115.45 -473.39 49.81 116.91 -473.21 49.81 0.365 0x0000FF
113.44 -473.39 49.96 115.45 -473.39 49.81 0.365 0x0000FF
112.16 -473.75 50.04 113.44 -473.39 49.96 0.365 0x0000FF
101.4 -474.85 50.12 112.16 -473.75 50.04 0.275 0x0000FF
141.87 -354.62 49.89 141.32 -353.71 48.15 0.455 0x0000FF
142.41 -355.35 50.12 141.87 -354.62 49.89 0.455 0x0000FF
143.33 -355.9 50.49 142.41 -355.35 50.12 0.455 0x0000FF
144.41 -356.08 50.65 143.33 -355.9 50.49 0.455 0x0000FF
145.51 -356.08 51.1 144.41 -356.08 50.65 0.455 0x0000FF
148.43 -355.54 51.56 145.51 -356.08 51.1 0.365 0x0000FF
