199.58 -148.22 22.16 189.73 -153.48 15.69 1.185 0x0000FF
201.22 -147.5 22.47 199.58 -148.22 22.16 1.185 0x0000FF
202.68 -146.59 22.85 201.22 -147.5 22.47 1.185 0x0000FF
203.04 -146.4 23.45 202.68 -146.59 22.85 1.185 0x0000FF
203.41 -146.04 23.83 203.04 -146.4 23.45 1.185 0x0000FF
204.14 -145.49 24.29 203.41 -146.04 23.83 1.185 0x0000FF
204.87 -145.31 24.74 204.14 -145.49 24.29 1.185 0x0000FF
205.41 -144.94 25.35 204.87 -145.31 24.74 1.185 0x0000FF
206.33 -144.4 25.57 205.41 -144.94 25.35 1.185 0x0000FF
207.6 -144.04 25.95 206.33 -144.4 25.57 1.185 0x0000FF
208.33 -143.31 26.18 207.6 -144.04 25.95 1.185 0x0000FF
209.06 -142.76 26.48 208.33 -143.31 26.18 1.185 0x0000FF
210.34 -141.3 27.32 209.06 -142.76 26.48 1.185 0x0000FF
211.07 -140.21 28.07 210.34 -141.3 27.32 1.095 0x0000FF
211.62 -138.38 28.38 211.07 -140.21 28.07 1.005 0x0000FF
212.53 -137.29 28.45 211.62 -138.38 28.38 1.005 0x0000FF
212.76 -136.41 28.6 212.53 -137.29 28.45 0.73 0x0000FF
212.76 -135.69 28.98 212.76 -136.41 28.6 0.73 0x0000FF
213.12 -134.78 29.44 212.76 -135.69 28.98 0.73 0x0000FF
213.49 -133.68 29.51 213.12 -134.78 29.44 0.64 0x0000FF
213.85 -133.13 29.66 213.49 -133.68 29.51 0.64 0x0000FF
214.22 -131.86 30.04 213.85 -133.13 29.66 0.545 0x0000FF
214.58 -131.31 30.12 214.22 -131.86 30.04 0.545 0x0000FF
214.77 -130.4 30.19 214.58 -131.31 30.12 0.545 0x0000FF
214.95 -129.13 30.27 214.77 -130.4 30.19 0.545 0x0000FF
215.5 -126.4 30.42 214.95 -129.13 30.27 0.455 0x0000FF
216.04 -124.94 30.57 215.5 -126.4 30.42 0.455 0x0000FF
216.77 -123.48 30.72 216.04 -124.94 30.57 0.455 0x0000FF
217.32 -122.2 31.03 216.77 -123.48 30.72 0.365 0x0000FF
217.87 -121.48 31.25 217.32 -122.2 31.03 0.365 0x0000FF
218.6 -120.56 31.56 217.87 -121.48 31.25 0.365 0x0000FF
219.33 -119.11 32.15 218.6 -120.56 31.56 0.365 0x0000FF
219.88 -117.83 32.54 219.33 -119.11 32.15 0.365 0x0000FF
220.42 -116.92 33.15 219.88 -117.83 32.54 0.365 0x0000FF
221.15 -116.19 33.6 220.42 -116.92 33.15 0.365 0x0000FF
222.06 -115.28 34.28 221.15 -116.19 33.6 0.365 0x0000FF
222.43 -114.73 34.97 222.06 -115.28 34.28 0.365 0x0000FF
223.89 -111.09 35.5 222.43 -114.73 34.97 0.365 0x0000FF
225.17 -109.63 36.56 223.89 -111.09 35.5 0.365 0x0000FF
226.08 -109.09 36.94 225.17 -109.63 36.56 0.365 0x0000FF
227.54 -107.99 37.54 226.08 -109.09 36.94 0.365 0x0000FF
228.27 -107.63 37.92 227.54 -107.99 37.54 0.365 0x0000FF
229.55 -106.9 38.9 228.27 -107.63 37.92 0.365 0x0000FF
230.46 -106.54 39.59 229.55 -106.9 38.9 0.365 0x0000FF
232.46 -105.62 40.34 230.46 -106.54 39.59 0.365 0x0000FF
232.83 -105.26 40.79 232.46 -105.62 40.34 0.365 0x0000FF
233.74 -104.53 41.4 232.83 -105.26 40.79 0.365 0x0000FF
234.29 -103.8 42.62 233.74 -104.53 41.4 0.365 0x0000FF
234.65 -103.26 43.15 234.29 -103.8 42.62 0.365 0x0000FF
235.38 -102.53 43.83 234.65 -103.26 43.15 0.365 0x0000FF
235.93 -101.8 44.51 235.38 -102.53 43.83 0.365 0x0000FF
236.66 -101.07 45.12 235.93 -101.8 44.51 0.365 0x0000FF
237.03 -100.71 45.65 236.66 -101.07 45.12 0.365 0x0000FF
237.21 -100.16 45.87 237.03 -100.71 45.65 0.365 0x0000FF
237.57 -99.61 46.25 237.21 -100.16 45.87 0.365 0x0000FF
237.94 -98.88 47.39 237.57 -99.61 46.25 0.365 0x0000FF
238.12 -98.34 48.07 237.94 -98.88 47.39 0.365 0x0000FF
238.49 -97.43 48.83 238.12 -98.34 48.07 0.365 0x0000FF
238.67 -96.88 49.66 238.49 -97.43 48.83 0.365 0x0000FF
238.67 -96.33 50.27 238.67 -96.88 49.66 0.365 0x0000FF
238.67 -95.97 50.95 238.67 -96.33 50.27 0.365 0x0000FF
239.03 -95.06 51.78 238.67 -95.97 50.95 0.365 0x0000FF
239.03 -94.69 52.31 239.03 -95.06 51.78 0.365 0x0000FF
238.67 -93.6 53.52 239.03 -94.69 52.31 0.365 0x0000FF
238.49 -92.87 54.36 238.67 -93.6 53.52 0.365 0x0000FF
238.49 -91.23 54.81 238.49 -92.87 54.36 0.365 0x0000FF
238.12 -88.86 55.34 238.49 -91.23 54.81 0.365 0x0000FF
237.57 -85.22 56.1 238.12 -88.86 55.34 0.365 0x0000FF
232.83 -77.56 56.4 237.57 -85.22 56.1 0.365 0x0000FF
229.73 -73.56 56.93 232.83 -77.56 56.4 0.365 0x0000FF
226.99 -69.18 57.01 229.73 -73.56 56.93 0.365 0x0000FF
225.71 -66.81 57.39 226.99 -69.18 57.01 0.365 0x0000FF
224.8 -63.35 57.62 225.71 -66.81 57.39 0.365 0x0000FF
225.17 -61.9 57.16 224.8 -63.35 57.62 0.365 0x0000FF
225.35 -60.44 56.48 225.17 -61.9 57.16 0.365 0x0000FF
225.53 -59.53 56.1 225.35 -60.44 56.48 0.365 0x0000FF
225.53 -57.16 56.1 225.53 -59.53 56.1 0.365 0x0000FF
224.62 -53.88 56.48 225.53 -57.16 56.1 0.365 0x0000FF
224.25 -51.33 56.78 224.62 -53.88 56.48 0.365 0x0000FF
223.89 -50.05 56.93 224.25 -51.33 56.78 0.365 0x0000FF
223.89 -49.14 56.25 223.89 -50.05 56.93 0.365 0x0000FF
223.89 -47.87 56.02 223.89 -49.14 56.25 0.365 0x0000FF
223.71 -46.59 56.02 223.89 -47.87 56.02 0.365 0x0000FF
223.71 -45.68 55.34 223.71 -46.59 56.02 0.365 0x0000FF
223.16 -44.77 55.04 223.71 -45.68 55.34 0.365 0x0000FF
222.98 -42.77 54.74 223.16 -44.77 55.04 0.365 0x0000FF
222.43 -39.85 54.36 222.98 -42.77 54.74 0.275 0x0000FF
222.06 -38.39 53.9 222.43 -39.85 54.36 0.275 0x0000FF
221.7 -37.47 53.68 222.06 -38.39 53.9 0.275 0x0000FF
223.71 -57.52 55.95 225.53 -59.53 56.1 0.365 0x0000FF
221.34 -55.52 55.49 223.71 -57.52 55.95 0.365 0x0000FF
216.04 -52.42 55.27 221.34 -55.52 55.49 0.275 0x0000FF
212.76 -49.69 54.74 216.04 -52.42 55.27 0.275 0x0000FF
208.2 -46.23 54.28 212.76 -49.69 54.74 0.275 0x0000FF
206.92 -45.13 53.75 208.2 -46.23 54.28 0.275 0x0000FF
204.73 -43.68 53.6 206.92 -45.13 53.75 0.275 0x0000FF
202.54 -41.13 53.07 204.73 -43.68 53.6 0.275 0x0000FF
212.53 -137.47 28.68 212.53 -137.29 28.45 0.73 0x0000FF
213.81 -137.47 27.77 212.53 -137.47 28.68 0.73 0x0000FF
214.72 -136.93 27.32 213.81 -137.47 27.77 0.64 0x0000FF
215.81 -137.11 26.56 214.72 -136.93 27.32 0.64 0x0000FF
217.09 -137.11 26.1 215.81 -137.11 26.56 0.64 0x0000FF
219.1 -136.75 25.72 217.09 -137.11 26.1 0.545 0x0000FF
219.83 -136.38 25.5 219.1 -136.75 25.72 0.545 0x0000FF
221.83 -135.65 25.19 219.83 -136.38 25.5 0.545 0x0000FF
224.02 -134.74 24.89 221.83 -135.65 25.19 0.545 0x0000FF
227.31 -133.65 24.74 224.02 -134.74 24.89 0.545 0x0000FF
230.04 -132.01 24.59 227.31 -133.65 24.74 0.545 0x0000FF
233.33 -129.82 24.44 230.04 -132.01 24.59 0.545 0x0000FF
234.97 -128.72 24.29 233.33 -129.82 24.44 0.545 0x0000FF
236.98 -126.91 24.21 234.97 -128.72 24.29 0.545 0x0000FF
237.76 -125.85 23.22 236.98 -126.91 24.21 0.365 0x0000FF
238.49 -124.76 23.38 237.76 -125.85 23.22 0.365 0x0000FF
238.49 -124.21 23.6 238.49 -124.76 23.38 0.365 0x0000FF
238.49 -123.66 24.06 238.49 -124.21 23.6 0.365 0x0000FF
238.49 -123.12 24.29 238.49 -123.66 24.06 0.365 0x0000FF
238.67 -122.2 24.51 238.49 -123.12 24.29 0.365 0x0000FF
238.85 -120.93 24.66 238.67 -122.2 24.51 0.365 0x0000FF
238.85 -119.84 24.97 238.85 -120.93 24.66 0.365 0x0000FF
238.85 -118.93 25.19 238.85 -119.84 24.97 0.365 0x0000FF
238.85 -118.2 25.19 238.85 -118.93 25.19 0.365 0x0000FF
238.67 -117.29 25.42 238.85 -118.2 25.19 0.365 0x0000FF
238.3 -114.92 25.65 238.67 -117.29 25.42 0.275 0x0000FF
238.3 -113.82 25.88 238.3 -114.92 25.65 0.275 0x0000FF
238.67 -113.09 26.03 238.3 -113.82 25.88 0.275 0x0000FF
239.22 -112.18 26.33 238.67 -113.09 26.03 0.275 0x0000FF
239.95 -111.45 26.33 239.22 -112.18 26.33 0.275 0x0000FF
240.49 -110.91 26.33 239.95 -111.45 26.33 0.275 0x0000FF
241.22 -110.18 26.1 240.49 -110.91 26.33 0.275 0x0000FF
241.77 -109.63 25.8 241.22 -110.18 26.1 0.275 0x0000FF
242.13 -108.9 25.72 241.77 -109.63 25.8 0.275 0x0000FF
242.5 -107.63 25.5 242.13 -108.9 25.72 0.275 0x0000FF
242.86 -105.26 25.04 242.5 -107.63 25.5 0.275 0x0000FF
242.86 -103.8 24.66 242.86 -105.26 25.04 0.275 0x0000FF
242.68 -101.98 24.51 242.86 -103.8 24.66 0.275 0x0000FF
242.32 -101.43 24.51 242.68 -101.98 24.51 0.275 0x0000FF
240.81 -125.82 24.06 236.98 -126.91 24.21 0.455 0x0000FF
245.37 -125.45 23.83 240.81 -125.82 24.06 0.455 0x0000FF
247.93 -125.82 23.6 245.37 -125.45 23.83 0.365 0x0000FF
250.3 -126.36 23.38 247.93 -125.82 23.6 0.365 0x0000FF
254.86 -126.91 23.15 250.3 -126.36 23.38 0.365 0x0000FF
255.95 -127.27 22.77 254.86 -126.91 23.15 0.365 0x0000FF
257.05 -127.27 23.07 255.95 -127.27 22.77 0.365 0x0000FF
257.41 -127.46 23.53 257.05 -127.27 23.07 0.365 0x0000FF
258.69 -127.64 24.51 257.41 -127.46 23.53 0.365 0x0000FF
260.51 -127.82 24.66 258.69 -127.64 24.51 0.365 0x0000FF
261.61 -128.0 24.06 260.51 -127.82 24.66 0.365 0x0000FF
262.7 -128.0 23.76 261.61 -128.0 24.06 0.365 0x0000FF
263.62 -128.37 23.22 262.7 -128.0 23.76 0.365 0x0000FF
264.89 -128.18 22.77 263.62 -128.37 23.22 0.365 0x0000FF
266.89 -128.18 22.16 264.89 -128.18 22.77 0.365 0x0000FF
272.74 -126.73 21.48 266.89 -128.18 22.16 0.365 0x0000FF
280.95 -126.0 20.8 272.74 -126.73 21.48 0.365 0x0000FF
286.97 -125.63 20.19 280.95 -126.0 20.8 0.365 0x0000FF
294.08 -125.63 20.12 286.97 -125.63 20.19 0.365 0x0000FF
296.82 -125.63 19.44 294.08 -125.63 20.12 0.365 0x0000FF
297.74 -125.63 18.98 296.82 -125.63 19.44 0.365 0x0000FF
299.01 -125.45 18.53 297.74 -125.63 18.98 0.365 0x0000FF
301.02 -125.45 18.14 299.01 -125.45 18.53 0.365 0x0000FF
303.39 -125.45 17.7 301.02 -125.45 18.14 0.365 0x0000FF
305.39 -125.63 17.23 303.39 -125.45 17.7 0.365 0x0000FF
308.5 -125.82 16.63 305.39 -125.63 17.23 0.275 0x0000FF
310.51 -125.82 16.1 308.5 -125.82 16.63 0.275 0x0000FF
312.33 -126.36 15.65 310.51 -125.82 16.1 0.275 0x0000FF
313.79 -126.54 15.27 312.33 -126.36 15.65 0.275 0x0000FF
315.8 -127.27 14.97 313.79 -126.54 15.27 0.275 0x0000FF
316.7 -127.82 14.36 315.8 -127.27 14.97 0.275 0x0000FF
319.86 -128.94 8.3 316.7 -127.82 14.36 0.275 0x0000FF
322.41 -129.31 8.3 319.86 -128.94 8.3 0.275 0x0000FF
323.69 -129.49 7.92 322.41 -129.31 8.3 0.275 0x0000FF
324.6 -129.86 7.85 323.69 -129.49 7.92 0.275 0x0000FF
325.7 -130.4 7.47 324.6 -129.86 7.85 0.275 0x0000FF
326.79 -131.13 7.24 325.7 -130.4 7.47 0.275 0x0000FF
327.33 -131.5 7.17 326.79 -131.13 7.24 0.275 0x0000FF
328.43 -132.59 6.94 327.33 -131.5 7.17 0.275 0x0000FF
329.71 -133.87 6.71 328.43 -132.59 6.94 0.275 0x0000FF
330.44 -134.96 6.56 329.71 -133.87 6.71 0.275 0x0000FF
331.35 -136.41 6.48 330.44 -134.96 6.56 0.275 0x0000FF
332.27 -137.69 6.41 331.35 -136.41 6.48 0.275 0x0000FF
332.81 -138.41 6.41 332.27 -137.69 6.41 0.275 0x0000FF
334.27 -139.51 6.41 332.81 -138.41 6.41 0.275 0x0000FF
335.0 -140.06 6.41 334.27 -139.51 6.41 0.275 0x0000FF
336.28 -140.97 6.41 335.0 -140.06 6.41 0.275 0x0000FF
337.38 -141.52 6.41 336.28 -140.97 6.41 0.275 0x0000FF
338.65 -142.25 6.41 337.38 -141.52 6.41 0.275 0x0000FF
340.11 -142.79 6.41 338.65 -142.25 6.41 0.275 0x0000FF
341.21 -143.16 6.41 340.11 -142.79 6.41 0.275 0x0000FF
343.94 -143.34 6.64 341.21 -143.16 6.41 0.275 0x0000FF
344.67 -143.16 6.56 343.94 -143.34 6.64 0.275 0x0000FF
345.95 -142.79 6.33 344.67 -143.16 6.56 0.275 0x0000FF
347.59 -142.61 6.18 345.95 -142.79 6.33 0.275 0x0000FF
348.69 -142.61 6.11 347.59 -142.61 6.18 0.275 0x0000FF
349.6 -142.61 6.11 348.69 -142.61 6.11 0.275 0x0000FF
350.33 -142.61 5.8 349.6 -142.61 6.11 0.275 0x0000FF
351.24 -142.61 5.73 350.33 -142.61 5.8 0.275 0x0000FF
351.79 -142.43 5.58 351.24 -142.61 5.73 0.275 0x0000FF
352.52 -141.88 5.58 351.79 -142.43 5.58 0.275 0x0000FF
353.61 -141.34 5.5 352.52 -141.88 5.58 0.275 0x0000FF
354.71 -140.24 5.5 353.61 -141.34 5.5 0.275 0x0000FF
355.26 -138.41 5.35 354.71 -140.24 5.5 0.275 0x0000FF
355.44 -137.15 5.35 355.26 -138.41 5.35 0.275 0x0000FF
356.17 -135.32 5.27 355.44 -137.15 5.35 0.275 0x0000FF
359.09 -132.94 5.12 356.17 -135.32 5.27 0.275 0x0000FF
363.65 -131.13 5.04 359.09 -132.94 5.12 0.275 0x0000FF
341.39 -142.97 8.15 341.21 -143.16 6.41 0.275 0x0000FF
341.57 -142.25 8.61 341.39 -142.97 8.15 0.275 0x0000FF
341.57 -141.69 9.36 341.57 -142.25 8.61 0.275 0x0000FF
341.57 -141.15 9.51 341.57 -141.69 9.36 0.275 0x0000FF
341.57 -140.06 9.74 341.57 -141.15 9.51 0.275 0x0000FF
341.57 -139.51 10.27 341.57 -140.06 9.74 0.275 0x0000FF
341.39 -138.41 10.42 341.57 -139.51 10.27 0.275 0x0000FF
341.39 -137.51 10.42 341.39 -138.41 10.42 0.275 0x0000FF
341.57 -136.78 10.57 341.39 -137.51 10.42 0.275 0x0000FF
342.12 -135.32 10.88 341.57 -136.78 10.57 0.275 0x0000FF
342.85 -134.22 11.1 342.12 -135.32 10.88 0.275 0x0000FF
211.25 -141.66 27.39 210.34 -141.3 27.32 0.365 0x0000FF
211.62 -141.85 28.38 211.25 -141.66 27.39 0.365 0x0000FF
212.71 -142.03 28.75 211.62 -141.85 28.38 0.365 0x0000FF
213.08 -142.03 29.13 212.71 -142.03 28.75 0.365 0x0000FF
213.99 -142.4 29.59 213.08 -142.03 29.13 0.365 0x0000FF
214.54 -142.76 29.82 213.99 -142.4 29.59 0.365 0x0000FF
214.9 -142.94 30.04 214.54 -142.76 29.82 0.365 0x0000FF
215.45 -143.12 30.42 214.9 -142.94 30.04 0.365 0x0000FF
215.81 -143.12 31.1 215.45 -143.12 30.42 0.365 0x0000FF
216.54 -143.49 31.71 215.81 -143.12 31.1 0.365 0x0000FF
218.73 -143.66 32.61 216.54 -143.49 31.71 0.365 0x0000FF
219.28 -143.66 32.92 218.73 -143.66 32.61 0.365 0x0000FF
220.19 -143.66 33.22 219.28 -143.66 32.92 0.365 0x0000FF
220.56 -143.66 33.38 220.19 -143.66 33.22 0.365 0x0000FF
221.1 -143.66 33.6 220.56 -143.66 33.38 0.365 0x0000FF
221.65 -143.66 33.97 221.1 -143.66 33.6 0.365 0x0000FF
222.93 -144.04 34.89 221.65 -143.66 33.97 0.365 0x0000FF
223.29 -144.04 35.42 222.93 -144.04 34.89 0.365 0x0000FF
224.39 -143.85 35.88 223.29 -144.04 35.42 0.365 0x0000FF
225.12 -143.66 36.33 224.39 -143.85 35.88 0.365 0x0000FF
225.48 -143.66 36.71 225.12 -143.66 36.33 0.365 0x0000FF
226.03 -143.31 37.61 225.48 -143.66 36.71 0.365 0x0000FF
226.94 -142.94 38.45 226.03 -143.31 37.61 0.365 0x0000FF
227.67 -142.94 39.21 226.94 -142.94 38.45 0.365 0x0000FF
228.77 -142.4 39.89 227.67 -142.94 39.21 0.365 0x0000FF
229.5 -142.21 40.57 228.77 -142.4 39.89 0.365 0x0000FF
230.59 -142.03 41.03 229.5 -142.21 40.57 0.275 0x0000FF
232.05 -141.47 41.71 230.59 -142.03 41.03 0.275 0x0000FF
233.15 -141.12 42.69 232.05 -141.47 41.71 0.275 0x0000FF
235.15 -140.94 43.53 233.15 -141.12 42.69 0.275 0x0000FF
186.78 -143.04 15.35 189.73 -153.48 15.69 0.91 0x0000FF
187.69 -141.94 15.73 186.78 -143.04 15.35 0.91 0x0000FF
189.15 -140.85 15.88 187.69 -141.94 15.73 0.91 0x0000FF
190.07 -140.49 16.26 189.15 -140.85 15.88 0.91 0x0000FF
190.98 -138.66 15.95 190.07 -140.49 16.26 0.91 0x0000FF
191.16 -137.57 15.73 190.98 -138.66 15.95 0.91 0x0000FF
191.16 -136.84 15.5 191.16 -137.57 15.73 0.91 0x0000FF
191.68 -135.34 12.32 191.16 -136.84 15.5 0.64 0x0000FF
191.31 -133.69 12.47 191.68 -135.34 12.32 0.455 0x0000FF
192.04 -132.61 12.47 191.31 -133.69 12.47 0.455 0x0000FF
192.59 -132.06 12.47 192.04 -132.61 12.47 0.455 0x0000FF
193.5 -131.15 12.47 192.59 -132.06 12.47 0.455 0x0000FF
194.96 -130.41 12.39 193.5 -131.15 12.47 0.365 0x0000FF
196.42 -129.13 12.32 194.96 -130.41 12.39 0.365 0x0000FF
197.7 -127.5 12.24 196.42 -129.13 12.32 0.365 0x0000FF
198.61 -126.05 12.24 197.7 -127.5 12.24 0.365 0x0000FF
200.25 -124.22 12.09 198.61 -126.05 12.24 0.365 0x0000FF
201.16 -123.13 11.86 200.25 -124.22 12.09 0.365 0x0000FF
202.26 -122.4 11.79 201.16 -123.13 11.86 0.365 0x0000FF
204.45 -122.04 11.79 202.26 -122.4 11.79 0.365 0x0000FF
193.87 -133.15 12.17 191.68 -135.34 12.32 0.545 0x0000FF
194.23 -132.61 11.86 193.87 -133.15 12.17 0.545 0x0000FF
196.79 -131.15 11.79 194.23 -132.61 11.86 0.455 0x0000FF
197.88 -130.78 11.18 196.79 -131.15 11.79 0.365 0x0000FF
198.43 -129.69 10.8 197.88 -130.78 11.18 0.365 0x0000FF
200.43 -127.5 10.5 198.43 -129.69 10.8 0.365 0x0000FF
201.89 -125.68 11.18 200.43 -127.5 10.5 0.365 0x0000FF
204.81 -122.95 11.33 201.89 -125.68 11.18 0.365 0x0000FF
207.55 -121.31 11.71 204.81 -122.95 11.33 0.365 0x0000FF
208.64 -120.58 11.86 207.55 -121.31 11.71 0.365 0x0000FF
211.38 -119.3 12.17 208.64 -120.58 11.86 0.365 0x0000FF
213.39 -118.76 12.32 211.38 -119.3 12.17 0.365 0x0000FF
216.31 -117.67 12.54 213.39 -118.76 12.32 0.365 0x0000FF
220.14 -115.66 12.85 216.31 -117.67 12.54 0.365 0x0000FF
223.42 -113.11 13.0 220.14 -115.66 12.85 0.365 0x0000FF
225.61 -111.29 13.0 223.42 -113.11 13.0 0.365 0x0000FF
227.99 -109.83 13.23 225.61 -111.29 13.0 0.365 0x0000FF
229.81 -109.1 13.23 227.99 -109.83 13.23 0.365 0x0000FF
233.46 -106.19 13.3 229.81 -109.1 13.23 0.365 0x0000FF
238.02 -101.63 13.38 233.46 -106.19 13.3 0.275 0x0000FF
239.48 -100.36 13.53 238.02 -101.63 13.38 0.275 0x0000FF
190.61 -134.47 15.42 191.16 -136.84 15.5 0.64 0x0000FF
189.34 -130.47 15.42 190.61 -134.47 15.42 0.64 0x0000FF
188.58 -128.05 17.47 189.34 -130.47 15.42 0.455 0x0000FF
186.93 -126.41 16.94 188.58 -128.05 17.47 0.455 0x0000FF
186.2 -125.14 16.71 186.93 -126.41 16.94 0.455 0x0000FF
185.84 -123.86 16.63 186.2 -125.14 16.71 0.455 0x0000FF
185.29 -121.86 16.26 185.84 -123.86 16.63 0.455 0x0000FF
183.65 -117.48 16.1 185.29 -121.86 16.26 0.455 0x0000FF
180.91 -111.11 15.8 183.65 -117.48 16.1 0.365 0x0000FF
179.82 -106.73 15.73 180.91 -111.11 15.8 0.365 0x0000FF
178.91 -102.36 15.65 179.82 -106.73 15.73 0.365 0x0000FF
178.18 -98.35 15.65 178.91 -102.36 15.65 0.365 0x0000FF
177.08 -91.06 15.65 178.18 -98.35 15.65 0.365 0x0000FF
176.9 -86.14 15.65 177.08 -91.06 15.65 0.365 0x0000FF
176.9 -79.22 15.65 176.9 -86.14 15.65 0.365 0x0000FF
175.44 -71.56 15.57 176.9 -79.22 15.65 0.365 0x0000FF
173.98 -66.09 15.57 175.44 -71.56 15.57 0.365 0x0000FF
173.43 -60.82 15.57 173.98 -66.09 15.57 0.365 0x0000FF
172.7 -54.62 15.57 173.43 -60.82 15.57 0.275 0x0000FF
172.34 -51.71 15.57 172.7 -54.62 15.57 0.275 0x0000FF
170.51 -47.34 15.57 172.34 -51.71 15.57 0.275 0x0000FF
169.42 -44.42 15.35 170.51 -47.34 15.57 0.275 0x0000FF
168.51 -40.78 14.97 169.42 -44.42 15.35 0.275 0x0000FF
167.78 -37.68 14.59 168.51 -40.78 14.97 0.275 0x0000FF
166.86 -32.03 14.51 167.78 -37.68 14.59 0.275 0x0000FF
166.86 -30.76 14.21 166.86 -32.03 14.51 0.275 0x0000FF
166.86 -29.3 13.76 166.86 -30.76 14.21 0.275 0x0000FF
166.5 -28.21 13.3 166.86 -29.3 13.76 0.275 0x0000FF
166.32 -27.29 13.07 166.5 -28.21 13.3 0.275 0x0000FF
165.77 -26.02 12.47 166.32 -27.29 13.07 0.275 0x0000FF
165.4 -24.56 11.79 165.77 -26.02 12.47 0.275 0x0000FF
165.4 -22.92 11.48 165.4 -24.56 11.79 0.275 0x0000FF
165.4 -21.1 10.88 165.4 -22.92 11.48 0.275 0x0000FF
165.4 -19.64 10.65 165.4 -21.1 10.88 0.275 0x0000FF
165.22 -18.0 10.11 165.4 -19.64 10.65 0.275 0x0000FF
165.4 -16.73 9.36 165.22 -18.0 10.11 0.275 0x0000FF
165.22 -15.27 8.98 165.4 -16.73 9.36 0.275 0x0000FF
163.58 -9.99 8.38 165.22 -15.27 8.98 0.275 0x0000FF
157.56 4.96 7.7 163.58 -9.99 8.38 0.275 0x0000FF
155.91 10.06 7.17 157.56 4.96 7.7 0.275 0x0000FF
154.46 16.07 7.01 155.91 10.06 7.17 0.275 0x0000FF
151.9 24.27 6.56 154.46 16.07 7.01 0.275 0x0000FF
150.44 27.91 6.41 151.9 24.27 6.56 0.275 0x0000FF
148.07 32.47 6.26 150.44 27.91 6.41 0.275 0x0000FF
146.97 34.11 6.18 148.07 32.47 6.26 0.275 0x0000FF
171.06 -59.36 15.57 173.43 -60.82 15.57 0.275 0x0000FF
169.96 -58.27 15.57 171.06 -59.36 15.57 0.275 0x0000FF
166.32 -55.35 15.57 169.96 -58.27 15.57 0.275 0x0000FF
163.76 -52.98 15.57 166.32 -55.35 15.57 0.275 0x0000FF
183.65 -142.08 23.07 189.73 -153.48 15.69 0.82 0x0000FF
183.83 -140.62 23.07 183.65 -142.08 23.07 0.82 0x0000FF
183.65 -138.07 23.07 183.83 -140.62 23.07 0.82 0x0000FF
183.47 -136.07 23.07 183.65 -138.07 23.07 0.82 0x0000FF
183.28 -134.43 23.07 183.47 -136.07 23.07 0.82 0x0000FF
182.74 -132.24 23.07 183.28 -134.43 23.07 0.82 0x0000FF
182.74 -131.51 23.07 182.74 -132.24 23.07 0.82 0x0000FF
182.37 -130.6 23.07 182.74 -131.51 23.07 0.82 0x0000FF
182.55 -142.08 11.41 189.73 -153.48 15.69 0.82 0x0000FF
182.37 -139.88 10.95 182.55 -142.08 11.41 0.82 0x0000FF
182.19 -136.25 10.5 182.37 -139.88 10.95 0.82 0x0000FF
181.82 -134.06 10.42 182.19 -136.25 10.5 0.82 0x0000FF
181.64 -132.79 10.8 181.82 -134.06 10.42 0.82 0x0000FF
181.46 -131.15 11.1 181.64 -132.79 10.8 0.82 0x0000FF
180.91 -129.13 11.41 181.46 -131.15 11.1 0.82 0x0000FF
180.73 -128.22 11.64 180.91 -129.13 11.41 0.82 0x0000FF
180.18 -125.5 11.86 180.73 -128.22 11.64 0.73 0x0000FF
179.63 -124.22 12.01 180.18 -125.5 11.86 0.73 0x0000FF
178.72 -122.4 12.17 179.63 -124.22 12.01 0.73 0x0000FF
176.72 -117.85 11.94 178.72 -122.4 12.17 0.73 0x0000FF
174.89 -112.38 11.41 176.72 -117.85 11.94 0.73 0x0000FF
171.61 -85.96 10.8 174.89 -112.38 11.41 0.73 0x0000FF
168.69 -76.67 10.57 171.61 -85.96 10.8 0.73 0x0000FF
166.68 -68.65 9.89 168.69 -76.67 10.57 0.73 0x0000FF
165.04 -62.46 9.44 166.68 -68.65 9.89 0.64 0x0000FF
163.76 -56.63 9.21 165.04 -62.46 9.44 0.64 0x0000FF
162.85 -53.9 8.91 163.76 -56.63 9.21 0.64 0x0000FF
162.3 -49.89 8.61 162.85 -53.9 8.91 0.64 0x0000FF
162.12 -45.88 7.92 162.3 -49.89 8.61 0.64 0x0000FF
162.12 -38.59 7.47 162.12 -45.88 7.92 0.64 0x0000FF
162.12 -33.67 7.32 162.12 -38.59 7.47 0.64 0x0000FF
162.3 -29.12 6.94 162.12 -33.67 7.32 0.64 0x0000FF
162.12 -25.84 6.71 162.3 -29.12 6.94 0.64 0x0000FF
163.03 -22.37 6.71 162.12 -25.84 6.71 0.545 0x0000FF
163.21 -20.19 6.48 163.03 -22.37 6.71 0.365 0x0000FF
163.03 -18.55 6.48 163.21 -20.19 6.48 0.365 0x0000FF
162.66 -16.54 6.48 163.03 -18.55 6.48 0.365 0x0000FF
161.94 -14.18 6.41 162.66 -16.54 6.48 0.365 0x0000FF
160.84 -11.44 6.33 161.94 -14.18 6.41 0.365 0x0000FF
158.65 -5.98 6.33 160.84 -11.44 6.33 0.365 0x0000FF
157.56 -1.6 6.33 158.65 -5.98 6.33 0.365 0x0000FF
156.28 3.68 6.26 157.56 -1.6 6.33 0.365 0x0000FF
153.54 14.79 6.26 156.28 3.68 6.26 0.365 0x0000FF
149.53 23.54 6.26 153.54 14.79 6.26 0.365 0x0000FF
144.79 33.92 6.18 149.53 23.54 6.26 0.275 0x0000FF
144.41 35.38 6.18 144.79 33.92 6.18 0.275 0x0000FF
142.59 42.97 5.42 144.41 35.38 6.18 0.275 0x0000FF
141.13 45.89 4.97 142.59 42.97 5.42 0.275 0x0000FF
140.59 49.71 4.74 141.13 45.89 4.97 0.275 0x0000FF
138.58 58.28 4.21 140.59 49.71 4.74 0.275 0x0000FF
136.76 67.56 4.21 138.58 58.28 4.21 0.275 0x0000FF
135.66 74.67 3.91 136.76 67.56 4.21 0.275 0x0000FF
182.12 -144.13 9.97 189.73 -153.48 15.69 0.82 0x0000FF
180.84 -137.94 9.74 182.12 -144.13 9.97 0.82 0x0000FF
179.75 -134.47 9.51 180.84 -137.94 9.74 0.82 0x0000FF
178.65 -130.11 9.21 179.75 -134.47 9.51 0.82 0x0000FF
177.56 -127.19 8.98 178.65 -130.11 9.21 0.82 0x0000FF
176.22 -126.01 7.7 177.56 -127.19 8.98 0.455 0x0000FF
172.93 -124.37 6.03 176.22 -126.01 7.7 0.365 0x0000FF
169.65 -122.91 5.2 172.93 -124.37 6.03 0.365 0x0000FF
166.37 -119.63 4.97 169.65 -122.91 5.2 0.365 0x0000FF
161.07 -116.53 4.67 166.37 -119.63 4.97 0.365 0x0000FF
147.21 -109.97 4.44 161.07 -116.53 4.67 0.365 0x0000FF
137.54 -103.78 3.98 147.21 -109.97 4.44 0.365 0x0000FF
131.34 -100.32 3.53 137.54 -103.78 3.98 0.365 0x0000FF
126.04 -96.67 3.23 131.34 -100.32 3.53 0.365 0x0000FF
118.02 -92.48 2.39 126.04 -96.67 3.23 0.365 0x0000FF
115.83 -91.39 1.64 118.02 -92.48 2.39 0.365 0x0000FF
114.18 -90.11 1.41 115.83 -91.39 1.64 0.365 0x0000FF
113.27 -89.57 0.42 114.18 -90.11 1.41 0.365 0x0000FF
112.18 -88.65 -0.33 113.27 -89.57 0.42 0.365 0x0000FF
108.89 -86.29 -0.56 112.18 -88.65 -0.33 0.365 0x0000FF
107.07 -86.1 -1.92 108.89 -86.29 -0.56 0.365 0x0000FF
105.24 -85.56 -2.0 107.07 -86.1 -1.92 0.365 0x0000FF
103.88 -85.37 -2.0 105.24 -85.56 -2.0 0.365 0x0000FF
103.88 -87.01 -2.08 103.88 -85.37 -2.0 0.275 0x0000FF
103.33 -87.01 -2.45 103.88 -87.01 -2.08 0.275 0x0000FF
102.23 -87.19 -2.68 103.33 -87.01 -2.45 0.275 0x0000FF
101.5 -87.19 -3.36 102.23 -87.19 -2.68 0.275 0x0000FF
100.41 -87.19 -4.34 101.5 -87.19 -3.36 0.275 0x0000FF
98.77 -87.74 -5.18 100.41 -87.19 -4.34 0.275 0x0000FF
97.67 -88.47 -6.01 98.77 -87.74 -5.18 0.275 0x0000FF
97.13 -89.2 -6.47 97.67 -88.47 -6.01 0.275 0x0000FF
96.4 -90.11 -7.45 97.13 -89.2 -6.47 0.275 0x0000FF
95.85 -90.84 -8.06 96.4 -90.11 -7.45 0.275 0x0000FF
95.12 -91.57 -8.89 95.85 -90.84 -8.06 0.275 0x0000FF
94.57 -92.11 -9.5 95.12 -91.57 -8.89 0.275 0x0000FF
94.21 -93.21 -10.02 94.57 -92.11 -9.5 0.275 0x0000FF
93.29 -94.48 -10.86 94.21 -93.21 -10.02 0.275 0x0000FF
92.56 -95.39 -11.62 93.29 -94.48 -10.86 0.275 0x0000FF
90.92 -96.85 -12.15 92.56 -95.39 -11.62 0.275 0x0000FF
89.46 -98.31 -12.53 90.92 -96.85 -12.15 0.275 0x0000FF
88.37 -98.85 -12.83 89.46 -98.31 -12.53 0.275 0x0000FF
82.53 -101.4 -13.59 88.37 -98.85 -12.83 0.18 0x0000FF
79.79 -102.13 -14.2 82.53 -101.4 -13.59 0.18 0x0000FF
103.6 -85.19 -2.45 103.88 -85.37 -2.0 0.365 0x0000FF
101.6 -83.92 -3.21 103.6 -85.19 -2.45 0.365 0x0000FF
100.87 -83.55 -4.2 101.6 -83.92 -3.21 0.365 0x0000FF
99.95 -82.28 -5.86 100.87 -83.55 -4.2 0.365 0x0000FF
98.86 -81.73 -6.85 99.95 -82.28 -5.86 0.365 0x0000FF
97.03 -81.18 -7.53 98.86 -81.73 -6.85 0.365 0x0000FF
95.03 -80.27 -8.82 97.03 -81.18 -7.53 0.365 0x0000FF
93.57 -80.27 -9.88 95.03 -80.27 -8.82 0.365 0x0000FF
92.11 -80.09 -10.86 93.57 -80.27 -9.88 0.365 0x0000FF
89.37 -79.18 -11.7 92.11 -80.09 -10.86 0.365 0x0000FF
84.63 -78.81 -12.83 89.37 -79.18 -11.7 0.365 0x0000FF
82.26 -78.09 -13.82 84.63 -78.81 -12.83 0.365 0x0000FF
80.06 -77.72 -14.5 82.26 -78.09 -13.82 0.365 0x0000FF
76.78 -77.18 -15.41 80.06 -77.72 -14.5 0.275 0x0000FF
72.59 -76.26 -16.32 76.78 -77.18 -15.41 0.275 0x0000FF
68.94 -75.54 -17.07 72.59 -76.26 -16.32 0.275 0x0000FF
66.56 -74.81 -18.36 68.94 -75.54 -17.07 0.275 0x0000FF
62.73 -74.26 -19.57 66.56 -74.81 -18.36 0.275 0x0000FF
61.46 -74.08 -20.41 62.73 -74.26 -19.57 0.275 0x0000FF
58.72 -73.53 -20.71 61.46 -74.08 -20.41 0.275 0x0000FF
55.07 -74.08 -21.92 58.72 -73.53 -20.71 0.275 0x0000FF
51.06 -75.17 -22.53 55.07 -74.08 -21.92 0.18 0x0000FF
108.35 -83.74 -1.09 108.89 -86.29 -0.56 0.275 0x0000FF
108.16 -82.64 -1.92 108.35 -83.74 -1.09 0.275 0x0000FF
108.16 -81.73 -2.52 108.16 -82.64 -1.92 0.275 0x0000FF
108.16 -80.45 -3.44 108.16 -81.73 -2.52 0.275 0x0000FF
108.16 -79.18 -4.12 108.16 -80.45 -3.44 0.275 0x0000FF
108.16 -78.27 -4.2 108.16 -79.18 -4.12 0.275 0x0000FF
106.16 -75.72 -3.36 108.16 -78.27 -4.2 0.275 0x0000FF
105.43 -74.63 -2.98 106.16 -75.72 -3.36 0.275 0x0000FF
104.7 -73.53 -2.68 105.43 -74.63 -2.98 0.275 0x0000FF
104.33 -72.98 -2.15 104.7 -73.53 -2.68 0.275 0x0000FF
104.15 -72.8 -3.14 104.33 -72.98 -2.15 0.275 0x0000FF
103.6 -72.26 -4.12 104.15 -72.8 -3.14 0.275 0x0000FF
103.05 -71.16 -5.56 103.6 -72.26 -4.12 0.275 0x0000FF
102.51 -70.43 -6.62 103.05 -71.16 -5.56 0.275 0x0000FF
101.78 -68.43 -7.53 102.51 -70.43 -6.62 0.275 0x0000FF
101.41 -67.15 -8.36 101.78 -68.43 -7.53 0.275 0x0000FF
100.5 -64.59 -9.19 101.41 -67.15 -8.36 0.275 0x0000FF
99.04 -60.41 -9.8 100.5 -64.59 -9.19 0.275 0x0000FF
96.12 -57.13 -10.11 99.04 -60.41 -9.8 0.275 0x0000FF
108.71 -73.9 -4.58 108.16 -78.27 -4.2 0.275 0x0000FF
108.35 -71.16 -4.88 108.71 -73.9 -4.58 0.18 0x0000FF
107.8 -69.7 -4.95 108.35 -71.16 -4.88 0.18 0x0000FF
109.08 -66.97 -5.18 107.8 -69.7 -4.95 0.18 0x0000FF
110.54 -62.42 -5.26 109.08 -66.97 -5.18 0.18 0x0000FF
111.08 -60.41 -5.41 110.54 -62.42 -5.26 0.18 0x0000FF
111.45 -58.05 -5.71 111.08 -60.41 -5.41 0.18 0x0000FF
111.81 -57.13 -5.94 111.45 -58.05 -5.71 0.18 0x0000FF
112.18 -55.86 -6.32 111.81 -57.13 -5.94 0.18 0x0000FF
112.72 -54.95 -6.7 112.18 -55.86 -6.32 0.18 0x0000FF
113.09 -53.85 -7.0 112.72 -54.95 -6.7 0.18 0x0000FF
113.45 -53.49 -7.68 113.09 -53.85 -7.0 0.18 0x0000FF
114.18 -52.76 -8.89 113.45 -53.49 -7.68 0.18 0x0000FF
115.1 -52.58 -9.5 114.18 -52.76 -8.89 0.18 0x0000FF
176.46 -123.91 8.83 177.56 -127.19 8.98 0.545 0x0000FF
174.27 -119.54 8.61 176.46 -123.91 8.83 0.545 0x0000FF
169.71 -112.98 8.44 174.27 -119.54 8.61 0.545 0x0000FF
164.42 -106.97 8.23 169.71 -112.98 8.44 0.455 0x0000FF
157.31 -102.05 8.0 164.42 -106.97 8.23 0.455 0x0000FF
152.56 -97.68 7.62 157.31 -102.05 8.0 0.455 0x0000FF
150.55 -94.4 7.39 152.56 -97.68 7.62 0.455 0x0000FF
148.72 -90.02 7.09 150.55 -94.4 7.39 0.455 0x0000FF
144.53 -79.27 6.86 148.72 -90.02 7.09 0.455 0x0000FF
137.6 -71.44 6.64 144.53 -79.27 6.86 0.455 0x0000FF
132.66 -63.06 6.26 137.6 -71.44 6.64 0.455 0x0000FF
131.15 -61.87 6.26 132.66 -63.06 6.26 0.365 0x0000FF
130.41 -60.96 5.73 131.15 -61.87 6.26 0.365 0x0000FF
129.51 -59.87 5.35 130.41 -60.96 5.73 0.365 0x0000FF
128.6 -58.41 5.95 129.51 -59.87 5.35 0.365 0x0000FF
127.87 -57.5 6.86 128.6 -58.41 5.95 0.365 0x0000FF
127.32 -56.59 7.01 127.87 -57.5 6.86 0.365 0x0000FF
126.41 -55.13 7.77 127.32 -56.59 7.01 0.365 0x0000FF
124.95 -53.13 8.38 126.41 -55.13 7.77 0.365 0x0000FF
123.49 -52.03 8.68 124.95 -53.13 8.38 0.365 0x0000FF
122.94 -51.67 8.98 123.49 -52.03 8.68 0.365 0x0000FF
121.48 -50.94 8.98 122.94 -51.67 8.98 0.275 0x0000FF
120.57 -50.21 9.82 121.48 -50.94 8.98 0.275 0x0000FF
119.66 -49.3 10.11 120.57 -50.21 9.82 0.275 0x0000FF
118.93 -48.57 10.5 119.66 -49.3 10.11 0.275 0x0000FF
117.83 -47.66 10.88 118.93 -48.57 10.5 0.275 0x0000FF
117.47 -46.93 11.71 117.83 -47.66 10.88 0.275 0x0000FF
116.92 -46.2 12.85 117.47 -46.93 11.71 0.275 0x0000FF
116.92 -46.2 13.53 116.92 -46.2 12.85 0.275 0x0000FF
116.56 -45.47 13.98 116.92 -46.2 13.53 0.275 0x0000FF
116.19 -44.56 14.44 116.56 -45.47 13.98 0.275 0x0000FF
115.64 -43.47 15.35 116.19 -44.56 14.44 0.275 0x0000FF
114.73 -42.38 15.73 115.64 -43.47 15.35 0.275 0x0000FF
113.82 -43.1 15.88 114.73 -42.38 15.73 0.275 0x0000FF
111.81 -43.83 15.88 113.82 -43.1 15.88 0.275 0x0000FF
109.44 -44.2 15.88 111.81 -43.83 15.88 0.275 0x0000FF
106.52 -44.56 15.88 109.44 -44.2 15.88 0.275 0x0000FF
110.17 -40.54 17.39 114.73 -42.38 15.73 0.275 0x0000FF
108.71 -38.72 17.85 110.17 -40.54 17.39 0.275 0x0000FF
106.7 -36.54 18.38 108.71 -38.72 17.85 0.275 0x0000FF
104.33 -35.09 19.21 106.7 -36.54 18.38 0.275 0x0000FF
101.6 -34.18 19.44 104.33 -35.09 19.21 0.275 0x0000FF
97.76 -31.99 19.73 101.6 -34.18 19.44 0.275 0x0000FF
93.57 -29.08 20.04 97.76 -31.99 19.73 0.275 0x0000FF
89.37 -25.07 20.27 93.57 -29.08 20.04 0.275 0x0000FF
132.61 -61.87 6.94 132.66 -63.06 6.26 0.455 0x0000FF
132.25 -60.05 7.09 132.61 -61.87 6.94 0.455 0x0000FF
132.25 -58.05 7.54 132.25 -60.05 7.09 0.455 0x0000FF
132.25 -56.22 7.92 132.25 -58.05 7.54 0.455 0x0000FF
132.43 -54.95 9.28 132.25 -56.22 7.92 0.455 0x0000FF
132.97 -53.49 9.74 132.43 -54.95 9.28 0.455 0x0000FF
132.97 -52.4 10.19 132.97 -53.49 9.74 0.455 0x0000FF
133.16 -51.3 11.03 132.97 -52.4 10.19 0.455 0x0000FF
133.16 -49.85 11.33 133.16 -51.3 11.03 0.455 0x0000FF
133.71 -48.39 11.79 133.16 -49.85 11.33 0.455 0x0000FF
134.25 -45.84 12.01 133.71 -48.39 11.79 0.365 0x0000FF
134.07 -42.56 12.54 134.25 -45.84 12.01 0.365 0x0000FF
133.16 -39.28 12.85 134.07 -42.56 12.54 0.365 0x0000FF
132.06 -35.45 13.3 133.16 -39.28 12.85 0.365 0x0000FF
129.15 -29.26 13.98 132.06 -35.45 13.3 0.275 0x0000FF
178.5 -155.52 7.62 189.73 -153.48 15.69 1.005 0x0000FF
175.76 -155.34 7.62 178.5 -155.52 7.62 1.005 0x0000FF
173.39 -154.24 5.27 175.76 -155.34 7.62 0.455 0x0000FF
168.83 -153.33 5.5 173.39 -154.24 5.27 0.455 0x0000FF
164.45 -152.24 5.58 168.83 -153.33 5.5 0.455 0x0000FF
159.34 -150.96 6.03 164.45 -152.24 5.58 0.455 0x0000FF
154.6 -150.22 6.18 159.34 -150.96 6.03 0.455 0x0000FF
150.94 -149.69 6.26 154.6 -150.22 6.18 0.455 0x0000FF
149.13 -149.32 5.65 150.94 -149.69 6.26 0.455 0x0000FF
147.85 -149.13 4.88 149.13 -149.32 5.65 0.455 0x0000FF
145.66 -148.41 4.13 147.85 -149.13 4.88 0.455 0x0000FF
144.75 -148.22 3.53 145.66 -148.41 4.13 0.455 0x0000FF
143.47 -148.05 2.85 144.75 -148.22 3.53 0.455 0x0000FF
141.63 -148.05 2.09 143.47 -148.05 2.85 0.455 0x0000FF
138.54 -148.22 -0.11 141.63 -148.05 2.09 0.455 0x0000FF
136.9 -147.87 -0.64 138.54 -148.22 -0.11 0.455 0x0000FF
135.26 -147.13 -1.62 136.9 -147.87 -0.64 0.455 0x0000FF
133.62 -146.22 -2.52 135.26 -147.13 -1.62 0.455 0x0000FF
131.43 -144.04 -3.06 133.62 -146.22 -2.52 0.455 0x0000FF
127.05 -138.57 -4.05 131.43 -144.04 -3.06 0.365 0x0000FF
125.41 -136.75 -4.5 127.05 -138.57 -4.05 0.365 0x0000FF
123.95 -135.29 -5.11 125.41 -136.75 -4.5 0.365 0x0000FF
118.77 -132.35 -6.32 123.95 -135.29 -5.11 0.365 0x0000FF
117.49 -131.43 -6.01 118.77 -132.35 -6.32 0.365 0x0000FF
116.58 -130.88 -5.79 117.49 -131.43 -6.01 0.365 0x0000FF
115.3 -130.71 -5.56 116.58 -130.88 -5.79 0.365 0x0000FF
113.29 -129.79 -6.09 115.3 -130.71 -5.56 0.365 0x0000FF
112.74 -129.43 -6.85 113.29 -129.79 -6.09 0.365 0x0000FF
112.01 -128.88 -7.91 112.74 -129.43 -6.85 0.365 0x0000FF
111.1 -128.34 -8.97 112.01 -128.88 -7.91 0.365 0x0000FF
109.46 -127.61 -10.26 111.1 -128.34 -8.97 0.365 0x0000FF
107.82 -126.88 -11.17 109.46 -127.61 -10.26 0.365 0x0000FF
104.17 -125.6 -11.7 107.82 -126.88 -11.17 0.365 0x0000FF
98.7 -123.96 -12.23 104.17 -125.6 -11.7 0.365 0x0000FF
92.67 -122.51 -13.21 98.7 -123.96 -12.23 0.365 0x0000FF
90.85 -122.14 -13.14 92.67 -122.51 -13.21 0.365 0x0000FF
89.94 -121.96 -12.68 90.85 -122.14 -13.14 0.365 0x0000FF
88.66 -121.41 -11.92 89.94 -121.96 -12.68 0.365 0x0000FF
85.19 -118.86 -11.39 88.66 -121.41 -11.92 0.365 0x0000FF
83.92 -117.59 -10.86 85.19 -118.86 -11.39 0.365 0x0000FF
82.46 -115.95 -10.71 83.92 -117.59 -10.86 0.275 0x0000FF
120.66 -134.93 -5.48 123.95 -135.29 -5.11 0.275 0x0000FF
119.2 -134.38 -6.09 120.66 -134.93 -5.48 0.275 0x0000FF
117.93 -134.38 -6.77 119.2 -134.38 -6.09 0.275 0x0000FF
115.19 -134.19 -7.68 117.93 -134.38 -6.77 0.275 0x0000FF
112.63 -134.19 -8.28 115.19 -134.19 -7.68 0.275 0x0000FF
110.99 -134.19 -8.82 112.63 -134.19 -8.28 0.275 0x0000FF
110.08 -134.19 -9.27 110.99 -134.19 -8.82 0.275 0x0000FF
108.99 -134.56 -9.57 110.08 -134.19 -9.27 0.275 0x0000FF
107.71 -134.93 -9.94 108.99 -134.56 -9.57 0.275 0x0000FF
107.16 -135.47 -10.26 107.71 -134.93 -9.94 0.275 0x0000FF
106.25 -135.84 -10.71 107.16 -135.47 -10.26 0.275 0x0000FF
105.52 -136.19 -11.62 106.25 -135.84 -10.71 0.275 0x0000FF
104.61 -136.75 -12.45 105.52 -136.19 -11.62 0.275 0x0000FF
103.51 -137.3 -13.21 104.61 -136.75 -12.45 0.275 0x0000FF
101.69 -137.66 -13.59 103.51 -137.3 -13.21 0.275 0x0000FF
99.86 -137.66 -14.2 101.69 -137.66 -13.59 0.275 0x0000FF
94.39 -138.21 -15.26 99.86 -137.66 -14.2 0.275 0x0000FF
92.38 -138.03 -15.56 94.39 -138.21 -15.26 0.275 0x0000FF
85.81 -138.76 -16.7 92.38 -138.03 -15.56 0.275 0x0000FF
83.81 -139.12 -17.6 85.81 -138.76 -16.7 0.275 0x0000FF
82.35 -139.47 -17.91 83.81 -139.12 -17.6 0.275 0x0000FF
79.98 -140.4 -18.59 82.35 -139.47 -17.91 0.275 0x0000FF
78.52 -141.49 -18.97 79.98 -140.4 -18.59 0.275 0x0000FF
78.33 -141.49 -19.73 78.52 -141.49 -18.97 0.275 0x0000FF
77.79 -141.49 -20.26 78.33 -141.49 -19.73 0.275 0x0000FF
77.23 -141.66 -21.69 77.79 -141.49 -20.26 0.275 0x0000FF
76.33 -141.85 -22.6 77.23 -141.66 -21.69 0.275 0x0000FF
73.77 -142.04 -22.98 76.33 -141.85 -22.6 0.275 0x0000FF
69.03 -142.22 -24.5 73.77 -142.04 -22.98 0.275 0x0000FF
63.92 -142.04 -25.48 69.03 -142.22 -24.5 0.275 0x0000FF
61.73 -143.13 -26.01 63.92 -142.04 -25.48 0.275 0x0000FF
57.53 -144.59 -26.62 61.73 -143.13 -26.01 0.275 0x0000FF
55.89 -145.13 -27.75 57.53 -144.59 -26.62 0.275 0x0000FF
54.8 -145.86 -28.06 55.89 -145.13 -27.75 0.275 0x0000FF
53.45 -146.56 -29.5 54.8 -145.86 -28.06 0.275 0x0000FF
52.9 -146.91 -30.63 53.45 -146.56 -29.5 0.275 0x0000FF
51.44 -147.47 -31.39 52.9 -146.91 -30.63 0.275 0x0000FF
49.62 -148.56 -32.6 51.44 -147.47 -31.39 0.275 0x0000FF
175.58 -156.79 8.15 175.76 -155.34 7.62 0.365 0x0000FF
174.85 -157.52 8.15 175.58 -156.79 8.15 0.365 0x0000FF
174.67 -158.07 7.77 174.85 -157.52 8.15 0.365 0x0000FF
173.57 -158.8 7.17 174.67 -158.07 7.77 0.365 0x0000FF
173.03 -158.97 6.71 173.57 -158.8 7.17 0.365 0x0000FF
172.48 -159.53 5.65 173.03 -158.97 6.71 0.365 0x0000FF
172.11 -160.25 5.04 172.48 -159.53 5.65 0.365 0x0000FF
171.93 -160.8 3.53 172.11 -160.25 5.04 0.365 0x0000FF
171.75 -160.97 1.71 171.93 -160.8 3.53 0.365 0x0000FF
171.75 -161.53 0.8 171.75 -160.97 1.71 0.365 0x0000FF
171.75 -161.71 -0.71 171.75 -161.53 0.8 0.365 0x0000FF
171.75 -162.08 -1.62 171.75 -161.71 -0.71 0.365 0x0000FF
171.75 -162.08 -3.36 171.75 -162.08 -1.62 0.365 0x0000FF
171.38 -162.44 -4.5 171.75 -162.08 -3.36 0.365 0x0000FF
171.02 -162.62 -5.64 171.38 -162.44 -4.5 0.365 0x0000FF
171.02 -162.62 -7.68 171.02 -162.62 -5.64 0.365 0x0000FF
170.65 -162.81 -8.97 171.02 -162.62 -7.68 0.365 0x0000FF
170.47 -163.16 -9.8 170.65 -162.81 -8.97 0.365 0x0000FF
170.29 -163.9 -10.41 170.47 -163.16 -9.8 0.365 0x0000FF
170.11 -164.08 -10.71 170.29 -163.9 -10.41 0.365 0x0000FF
169.92 -164.45 -11.32 170.11 -164.08 -10.71 0.365 0x0000FF
169.56 -164.63 -12.07 169.92 -164.45 -11.32 0.365 0x0000FF
169.01 -164.63 -12.38 169.56 -164.63 -12.07 0.365 0x0000FF
168.28 -164.63 -13.89 169.01 -164.63 -12.38 0.365 0x0000FF
167.37 -164.45 -14.8 168.28 -164.63 -13.89 0.365 0x0000FF
166.64 -164.45 -16.23 167.37 -164.45 -14.8 0.365 0x0000FF
166.09 -164.45 -16.39 166.64 -164.45 -16.23 0.365 0x0000FF
165.91 -164.63 -18.05 166.09 -164.45 -16.39 0.365 0x0000FF
165.73 -165.17 -19.12 165.91 -164.63 -18.05 0.365 0x0000FF
165.73 -165.9 -20.26 165.73 -165.17 -19.12 0.365 0x0000FF
165.91 -166.45 -20.26 165.73 -165.9 -20.26 0.365 0x0000FF
165.91 -167.18 -20.79 165.91 -166.45 -20.26 0.365 0x0000FF
166.09 -167.73 -21.09 165.91 -167.18 -20.79 0.365 0x0000FF
166.28 -168.09 -21.09 166.09 -167.73 -21.09 0.365 0x0000FF
166.28 -168.82 -21.62 166.28 -168.09 -21.09 0.365 0x0000FF
166.28 -170.09 -22.23 166.28 -168.82 -21.62 0.365 0x0000FF
166.46 -171.73 -22.3 166.28 -170.09 -22.23 0.275 0x0000FF
166.28 -172.1 -22.76 166.46 -171.73 -22.3 0.275 0x0000FF
166.09 -172.64 -23.44 166.28 -172.1 -22.76 0.275 0x0000FF
165.55 -173.37 -24.04 166.09 -172.64 -23.44 0.275 0x0000FF
165.36 -173.92 -24.04 165.55 -173.37 -24.04 0.275 0x0000FF
165.18 -174.65 -24.5 165.36 -173.92 -24.04 0.275 0x0000FF
164.82 -175.01 -24.95 165.18 -174.65 -24.5 0.275 0x0000FF
164.09 -175.92 -24.95 164.82 -175.01 -24.95 0.275 0x0000FF
163.54 -176.47 -25.41 164.09 -175.92 -24.95 0.275 0x0000FF
162.81 -177.38 -25.63 163.54 -176.47 -25.41 0.275 0x0000FF
162.26 -177.75 -25.94 162.81 -177.38 -25.63 0.275 0x0000FF
161.53 -178.47 -26.09 162.26 -177.75 -25.94 0.275 0x0000FF
161.16 -178.84 -26.62 161.53 -178.47 -26.09 0.275 0x0000FF
160.07 -180.3 -27.15 161.16 -178.84 -26.62 0.275 0x0000FF
159.71 -182.67 -28.66 160.07 -180.3 -27.15 0.275 0x0000FF
159.16 -184.12 -29.42 159.71 -182.67 -28.66 0.275 0x0000FF
158.43 -185.95 -30.48 159.16 -184.12 -29.42 0.275 0x0000FF
157.69 -187.04 -31.77 158.43 -185.95 -30.48 0.275 0x0000FF
157.15 -188.31 -32.68 157.69 -187.04 -31.77 0.275 0x0000FF
156.24 -189.41 -33.81 157.15 -188.31 -32.68 0.275 0x0000FF
154.78 -191.96 -34.88 156.24 -189.41 -33.81 0.275 0x0000FF
153.87 -193.23 -35.94 154.78 -191.96 -34.88 0.275 0x0000FF
152.77 -194.51 -36.39 153.87 -193.23 -35.94 0.275 0x0000FF
152.22 -194.87 -37.22 152.77 -194.51 -36.39 0.275 0x0000FF
150.94 -195.24 -37.75 152.22 -194.87 -37.22 0.275 0x0000FF
149.49 -196.33 -38.81 150.94 -195.24 -37.75 0.275 0x0000FF
148.58 -197.42 -40.03 149.49 -196.33 -38.81 0.275 0x0000FF
147.47 -198.7 -41.01 148.58 -197.42 -40.03 0.275 0x0000FF
147.3 -200.34 -42.3 147.47 -198.7 -41.01 0.275 0x0000FF
167.19 -171.73 -23.29 166.28 -170.09 -22.23 0.275 0x0000FF
167.74 -171.92 -23.89 167.19 -171.73 -23.29 0.275 0x0000FF
168.65 -172.46 -24.72 167.74 -171.92 -23.89 0.275 0x0000FF
169.56 -173.19 -25.41 168.65 -172.46 -24.72 0.275 0x0000FF
170.11 -174.1 -25.79 169.56 -173.19 -25.41 0.275 0x0000FF
171.02 -174.83 -26.01 170.11 -174.1 -25.79 0.275 0x0000FF
171.75 -175.01 -26.39 171.02 -174.83 -26.01 0.275 0x0000FF
172.48 -175.56 -26.92 171.75 -175.01 -26.39 0.275 0x0000FF
176.79 -149.47 13.68 189.73 -153.48 15.69 0.545 0x0000FF
175.14 -148.93 13.68 176.79 -149.47 13.68 0.545 0x0000FF
173.87 -148.56 13.0 175.14 -148.93 13.68 0.545 0x0000FF
172.77 -148.19 12.39 173.87 -148.56 13.0 0.545 0x0000FF
171.68 -148.01 11.41 172.77 -148.19 12.39 0.545 0x0000FF
170.22 -147.83 10.73 171.68 -148.01 11.41 0.545 0x0000FF
167.12 -147.1 10.57 170.22 -147.83 10.73 0.545 0x0000FF
163.1 -145.28 10.11 167.12 -147.1 10.57 0.545 0x0000FF
160.55 -143.28 11.1 163.1 -145.28 10.11 0.545 0x0000FF
159.27 -140.72 11.86 160.55 -143.28 11.1 0.455 0x0000FF
158.36 -139.44 12.24 159.27 -140.72 11.86 0.455 0x0000FF
157.44 -137.63 12.47 158.36 -139.44 12.24 0.365 0x0000FF
157.08 -136.72 13.0 157.44 -137.63 12.47 0.365 0x0000FF
156.16 -132.88 13.23 157.08 -136.72 13.0 0.275 0x0000FF
155.62 -130.52 13.38 156.16 -132.88 13.23 0.275 0x0000FF
193.91 -162.79 16.32 189.73 -153.48 15.69 3.1 0x0000FF
194.27 -163.88 16.32 193.91 -162.79 16.32 3.1 0x0000FF
194.64 -165.71 15.95 194.27 -163.88 16.32 3.1 0x0000FF
195.73 -168.26 15.8 194.64 -165.71 15.95 3.1 0x0000FF
196.83 -170.99 15.73 195.73 -168.26 15.8 2.83 0x0000FF
198.1 -174.63 15.57 196.83 -170.99 15.73 2.645 0x0000FF
198.65 -178.09 15.5 198.1 -174.63 15.57 2.645 0x0000FF
199.38 -181.92 15.42 198.65 -178.09 15.5 2.465 0x0000FF
199.38 -186.66 15.35 199.38 -181.92 15.42 2.465 0x0000FF
199.75 -192.12 15.2 199.38 -186.66 15.35 2.465 0x0000FF
199.75 -195.04 15.2 199.75 -192.12 15.2 2.465 0x0000FF
199.15 -197.68 15.27 199.75 -195.04 15.2 2.005 0x0000FF
198.24 -200.42 15.2 199.15 -197.68 15.27 2.005 0x0000FF
197.69 -201.69 15.04 198.24 -200.42 15.2 2.005 0x0000FF
196.78 -204.24 14.67 197.69 -201.69 15.04 2.005 0x0000FF
195.68 -206.43 14.44 196.78 -204.24 14.67 2.005 0x0000FF
195.43 -209.61 14.44 195.68 -206.43 14.44 1.825 0x0000FF
195.24 -212.16 14.44 195.43 -209.61 14.44 1.825 0x0000FF
195.43 -213.98 14.51 195.24 -212.16 14.44 1.55 0x0000FF
195.97 -218.17 14.51 195.43 -213.98 14.51 1.55 0x0000FF
195.97 -224.73 14.51 195.97 -218.17 14.51 1.55 0x0000FF
196.34 -231.11 14.51 195.97 -224.73 14.51 1.55 0x0000FF
197.25 -236.21 14.82 196.34 -231.11 14.51 1.46 0x0000FF
197.62 -239.85 14.82 197.25 -236.21 14.82 1.46 0x0000FF
199.44 -246.23 14.89 197.62 -239.85 14.82 1.46 0x0000FF
201.08 -254.61 14.89 199.44 -246.23 14.89 1.46 0x0000FF
202.72 -261.89 15.04 201.08 -254.61 14.89 1.46 0x0000FF
204.18 -269.18 14.97 202.72 -261.89 15.04 1.46 0x0000FF
205.64 -273.92 15.12 204.18 -269.18 14.97 1.46 0x0000FF
207.83 -278.48 15.2 205.64 -273.92 15.12 1.46 0x0000FF
208.56 -279.93 15.65 207.83 -278.48 15.2 1.37 0x0000FF
209.11 -282.12 15.95 208.56 -279.93 15.65 1.185 0x0000FF
209.84 -284.13 16.18 209.11 -282.12 15.95 1.185 0x0000FF
209.84 -286.68 16.32 209.84 -284.13 16.18 1.185 0x0000FF
209.48 -288.13 16.55 209.84 -286.68 16.32 1.185 0x0000FF
209.66 -293.24 16.86 209.48 -288.13 16.55 1.185 0x0000FF
210.39 -296.51 17.01 209.66 -293.24 16.86 1.185 0x0000FF
212.03 -300.52 17.39 210.39 -296.51 17.01 1.095 0x0000FF
213.12 -302.89 17.47 212.03 -300.52 17.39 1.095 0x0000FF
214.95 -306.72 17.62 213.12 -302.89 17.47 1.095 0x0000FF
216.04 -311.45 17.77 214.95 -306.72 17.62 1.095 0x0000FF
216.23 -314.55 17.77 216.04 -311.45 17.77 1.095 0x0000FF
217.28 -325.7 17.92 216.23 -314.55 17.77 1.095 0x0000FF
217.83 -330.98 18.0 217.28 -325.7 17.92 1.095 0x0000FF
218.01 -333.17 18.23 217.83 -330.98 18.0 1.095 0x0000FF
218.01 -336.09 18.53 218.01 -333.17 18.23 1.095 0x0000FF
217.83 -339.0 18.68 218.01 -336.09 18.53 1.095 0x0000FF
218.74 -343.37 18.98 217.83 -339.0 18.68 1.095 0x0000FF
218.92 -345.74 19.21 218.74 -343.37 18.98 1.095 0x0000FF
219.83 -349.75 19.59 218.92 -345.74 19.21 1.095 0x0000FF
220.02 -351.21 20.19 219.83 -349.75 19.59 1.095 0x0000FF
220.27 -352.23 20.95 220.02 -351.21 20.19 0.91 0x0000FF
220.45 -352.96 20.57 220.27 -352.23 20.95 0.91 0x0000FF
220.81 -353.69 20.35 220.45 -352.96 20.57 0.91 0x0000FF
221.0 -354.23 19.97 220.81 -353.69 20.35 0.91 0x0000FF
221.18 -354.96 19.29 221.0 -354.23 19.97 0.91 0x0000FF
221.54 -355.87 18.82 221.18 -354.96 19.29 0.91 0x0000FF
221.91 -356.78 17.62 221.54 -355.87 18.82 0.91 0x0000FF
222.46 -357.88 16.86 221.91 -356.78 17.62 0.91 0x0000FF
223.0 -359.33 16.48 222.46 -357.88 16.86 0.91 0x0000FF
223.19 -361.16 16.1 223.0 -359.33 16.48 0.91 0x0000FF
223.37 -362.25 15.95 223.19 -361.16 16.1 0.91 0x0000FF
223.55 -364.07 15.57 223.37 -362.25 15.95 0.91 0x0000FF
223.73 -364.98 15.35 223.55 -364.07 15.57 0.91 0x0000FF
223.92 -365.71 15.2 223.73 -364.98 15.35 0.91 0x0000FF
224.1 -367.17 14.89 223.92 -365.71 15.2 0.91 0x0000FF
224.1 -367.9 14.67 224.1 -367.17 14.89 0.91 0x0000FF
224.1 -368.26 14.44 224.1 -367.9 14.67 0.91 0x0000FF
224.1 -369.17 13.83 224.1 -368.26 14.44 0.91 0x0000FF
224.28 -369.72 13.38 224.1 -369.17 13.83 0.91 0x0000FF
225.31 -371.11 10.8 224.28 -369.72 13.38 0.455 0x0000FF
225.68 -372.2 10.42 225.31 -371.11 10.8 0.455 0x0000FF
226.04 -373.66 10.03 225.68 -372.2 10.42 0.455 0x0000FF
226.23 -374.75 9.51 226.04 -373.66 10.03 0.455 0x0000FF
226.59 -375.3 9.21 226.23 -374.75 9.51 0.455 0x0000FF
226.77 -376.03 9.89 226.59 -375.3 9.21 0.455 0x0000FF
227.5 -376.58 10.27 226.77 -376.03 9.89 0.455 0x0000FF
228.05 -377.12 10.65 227.5 -376.58 10.27 0.455 0x0000FF
228.96 -377.31 11.03 228.05 -377.12 10.65 0.455 0x0000FF
229.51 -377.67 11.26 228.96 -377.31 11.03 0.455 0x0000FF
230.24 -378.4 12.17 229.51 -377.67 11.26 0.455 0x0000FF
230.79 -379.31 12.54 230.24 -378.4 12.17 0.455 0x0000FF
231.52 -380.58 12.85 230.79 -379.31 12.54 0.455 0x0000FF
231.7 -382.95 13.23 231.52 -380.58 12.85 0.455 0x0000FF
231.7 -385.69 13.83 231.7 -382.95 13.23 0.455 0x0000FF
232.61 -388.6 14.29 231.7 -385.69 13.83 0.455 0x0000FF
233.71 -391.52 14.82 232.61 -388.6 14.29 0.455 0x0000FF
235.35 -394.8 14.89 233.71 -391.52 14.82 0.455 0x0000FF
237.17 -397.71 15.2 235.35 -394.8 14.89 0.455 0x0000FF
238.45 -400.63 15.35 237.17 -397.71 15.2 0.455 0x0000FF
244.11 -409.37 15.88 238.45 -400.63 15.35 0.365 0x0000FF
245.93 -415.2 16.26 244.11 -409.37 15.88 0.365 0x0000FF
247.39 -421.4 16.48 245.93 -415.2 16.26 0.365 0x0000FF
248.3 -429.41 16.71 247.39 -421.4 16.48 0.365 0x0000FF
249.22 -431.78 16.71 248.3 -429.41 16.71 0.365 0x0000FF
250.31 -435.06 16.1 249.22 -431.78 16.71 0.365 0x0000FF
252.68 -440.71 15.2 250.31 -435.06 16.1 0.365 0x0000FF
254.87 -444.9 14.59 252.68 -440.71 15.2 0.365 0x0000FF
256.33 -448.18 14.29 254.87 -444.9 14.59 0.365 0x0000FF
258.7 -451.28 13.38 256.33 -448.18 14.29 0.365 0x0000FF
259.98 -453.65 12.85 258.7 -451.28 13.38 0.365 0x0000FF
261.99 -456.74 12.32 259.98 -453.65 12.85 0.365 0x0000FF
268.56 -460.93 11.71 261.99 -456.74 12.32 0.365 0x0000FF
278.04 -470.98 11.33 268.56 -460.93 11.71 0.365 0x0000FF
282.6 -475.35 11.26 278.04 -470.98 11.33 0.365 0x0000FF
285.33 -477.72 10.42 282.6 -475.35 11.26 0.365 0x0000FF
290.08 -483.55 9.59 285.33 -477.72 10.42 0.365 0x0000FF
295.74 -489.2 8.3 290.08 -483.55 9.59 0.365 0x0000FF
305.58 -498.67 7.17 295.74 -489.2 8.3 0.365 0x0000FF
311.25 -506.14 6.33 305.58 -498.67 7.17 0.365 0x0000FF
312.7 -507.05 6.79 311.25 -506.14 6.33 0.365 0x0000FF
313.62 -508.33 6.64 312.7 -507.05 6.79 0.365 0x0000FF
313.62 -509.24 7.32 313.62 -508.33 6.64 0.365 0x0000FF
313.99 -509.79 8.0 313.62 -509.24 7.32 0.365 0x0000FF
314.35 -511.06 8.52 313.99 -509.79 8.0 0.365 0x0000FF
315.08 -513.07 9.44 314.35 -511.06 8.52 0.365 0x0000FF
316.17 -515.79 10.5 315.08 -513.07 9.44 0.365 0x0000FF
318.0 -518.71 11.1 316.17 -515.79 10.5 0.365 0x0000FF
320.19 -521.63 11.86 318.0 -518.71 11.1 0.365 0x0000FF
315.44 -508.69 8.3 312.7 -507.05 6.79 0.365 0x0000FF
317.82 -508.88 8.68 315.44 -508.69 8.3 0.365 0x0000FF
322.01 -510.15 9.36 317.82 -508.88 8.68 0.365 0x0000FF
324.38 -510.7 9.82 322.01 -510.15 9.36 0.365 0x0000FF
327.85 -511.79 10.57 324.38 -510.7 9.82 0.365 0x0000FF
331.32 -512.88 10.65 327.85 -511.79 10.57 0.365 0x0000FF
333.51 -513.98 11.1 331.32 -512.88 10.65 0.365 0x0000FF
335.7 -515.25 11.41 333.51 -513.98 11.1 0.365 0x0000FF
223.0 -371.36 13.07 224.28 -369.72 13.38 0.545 0x0000FF
222.64 -372.63 12.62 223.0 -371.36 13.07 0.545 0x0000FF
222.46 -374.09 12.01 222.64 -372.63 12.62 0.545 0x0000FF
222.27 -375.37 11.56 222.46 -374.09 12.01 0.545 0x0000FF
221.91 -376.64 11.1 222.27 -375.37 11.56 0.545 0x0000FF
221.36 -377.74 10.5 221.91 -376.64 11.1 0.545 0x0000FF
221.18 -378.83 10.03 221.36 -377.74 10.5 0.545 0x0000FF
220.63 -379.74 9.74 221.18 -378.83 10.03 0.545 0x0000FF
220.45 -381.02 9.28 220.63 -379.74 9.74 0.545 0x0000FF
220.08 -381.93 8.83 220.45 -381.02 9.28 0.545 0x0000FF
219.9 -382.47 8.44 220.08 -381.93 8.83 0.545 0x0000FF
219.54 -383.2 8.07 219.9 -382.47 8.44 0.545 0x0000FF
219.17 -383.93 8.0 219.54 -383.2 8.07 0.545 0x0000FF
219.17 -384.84 7.7 219.17 -383.93 8.0 0.545 0x0000FF
218.81 -385.75 7.32 219.17 -384.84 7.7 0.545 0x0000FF
218.44 -387.03 7.17 218.81 -385.75 7.32 0.545 0x0000FF
218.08 -388.3 6.79 218.44 -387.03 7.17 0.545 0x0000FF
218.08 -389.58 6.48 218.08 -388.3 6.79 0.545 0x0000FF
218.44 -391.4 6.41 218.08 -389.58 6.48 0.545 0x0000FF
217.35 -395.23 6.41 218.44 -391.4 6.41 0.545 0x0000FF
216.98 -398.32 6.33 217.35 -395.23 6.41 0.545 0x0000FF
216.98 -399.6 6.18 216.98 -398.32 6.33 0.545 0x0000FF
216.44 -402.15 5.95 216.98 -399.6 6.18 0.545 0x0000FF
215.71 -404.52 5.95 216.44 -402.15 5.95 0.545 0x0000FF
215.16 -406.71 5.95 215.71 -404.52 5.95 0.545 0x0000FF
214.98 -408.89 5.88 215.16 -406.71 5.95 0.545 0x0000FF
214.61 -411.26 5.73 214.98 -408.89 5.88 0.545 0x0000FF
214.61 -413.99 5.65 214.61 -411.26 5.73 0.545 0x0000FF
214.61 -416.36 5.5 214.61 -413.99 5.65 0.545 0x0000FF
214.61 -417.82 5.5 214.61 -416.36 5.5 0.545 0x0000FF
214.61 -419.82 5.2 214.61 -417.82 5.5 0.545 0x0000FF
214.98 -422.38 4.88 214.61 -419.82 5.2 0.545 0x0000FF
214.98 -425.65 4.44 214.98 -422.38 4.88 0.545 0x0000FF
214.98 -428.39 3.45 214.98 -425.65 4.44 0.545 0x0000FF
214.61 -431.49 3.0 214.98 -428.39 3.45 0.545 0x0000FF
214.06 -433.31 2.39 214.61 -431.49 3.0 0.545 0x0000FF
213.88 -435.49 1.86 214.06 -433.31 2.39 0.545 0x0000FF
215.16 -438.77 1.33 213.88 -435.49 1.86 0.545 0x0000FF
216.44 -441.14 0.73 215.16 -438.77 1.33 0.545 0x0000FF
216.8 -443.87 -0.41 216.44 -441.14 0.73 0.545 0x0000FF
216.89 -454.22 -0.71 216.8 -443.87 -0.41 0.545 0x0000FF
217.44 -456.41 -0.86 216.89 -454.22 -0.71 0.545 0x0000FF
218.17 -458.6 -1.02 217.44 -456.41 -0.86 0.545 0x0000FF
218.35 -460.78 -0.71 218.17 -458.6 -1.02 0.545 0x0000FF
218.35 -461.33 -0.26 218.35 -460.78 -0.71 0.545 0x0000FF
218.71 -462.97 -1.62 218.35 -461.33 -0.26 0.545 0x0000FF
219.26 -466.8 -2.29 218.71 -462.97 -1.62 0.545 0x0000FF
219.63 -468.8 -2.98 219.26 -466.8 -2.29 0.545 0x0000FF
219.08 -473.9 -3.21 219.63 -468.8 -2.98 0.545 0x0000FF
218.0 -477.66 -5.48 219.08 -473.9 -3.21 1.005 0x0000FF
217.27 -479.67 -6.01 218.0 -477.66 -5.48 1.005 0x0000FF
215.81 -481.49 -6.54 217.27 -479.67 -6.01 1.005 0x0000FF
215.26 -483.13 -6.77 215.81 -481.49 -6.54 1.005 0x0000FF
214.35 -485.86 -7.68 215.26 -483.13 -6.77 0.91 0x0000FF
214.35 -488.05 -8.14 214.35 -485.86 -7.68 0.91 0x0000FF
213.99 -490.23 -8.74 214.35 -488.05 -8.14 0.91 0x0000FF
213.62 -493.33 -9.5 213.99 -490.23 -8.74 0.91 0x0000FF
213.44 -496.25 -9.8 213.62 -493.33 -9.5 0.91 0x0000FF
212.89 -498.25 -10.18 213.44 -496.25 -9.8 0.91 0x0000FF
212.53 -499.53 -10.71 212.89 -498.25 -10.18 0.91 0x0000FF
212.35 -500.62 -11.09 212.53 -499.53 -10.71 0.91 0x0000FF
211.98 -501.89 -11.7 212.35 -500.62 -11.09 0.91 0x0000FF
211.62 -502.99 -12.15 211.98 -501.89 -11.7 0.91 0x0000FF
211.25 -504.08 -12.45 211.62 -502.99 -12.15 0.91 0x0000FF
211.07 -504.81 -12.98 211.25 -504.08 -12.45 0.91 0x0000FF
210.89 -505.72 -13.82 211.07 -504.81 -12.98 0.91 0x0000FF
210.16 -507.18 -14.73 210.89 -505.72 -13.82 0.91 0x0000FF
211.98 -513.54 -15.18 210.16 -507.18 -14.73 0.365 0x0000FF
213.81 -515.91 -14.8 211.98 -513.54 -15.18 0.365 0x0000FF
214.35 -516.65 -14.27 213.81 -515.91 -14.8 0.365 0x0000FF
209.06 -511.19 -15.48 210.16 -507.18 -14.73 0.91 0x0000FF
207.6 -513.74 -15.94 209.06 -511.19 -15.48 0.82 0x0000FF
206.32 -515.91 -16.39 207.6 -513.74 -15.94 0.82 0x0000FF
203.95 -519.02 -17.3 206.32 -515.91 -16.39 0.82 0x0000FF
200.12 -523.39 -17.53 203.95 -519.02 -17.3 0.82 0x0000FF
196.29 -526.66 -16.54 200.12 -523.39 -17.53 0.82 0x0000FF
192.64 -529.59 -16.23 196.29 -526.66 -16.54 0.82 0x0000FF
188.99 -533.41 -15.63 192.64 -529.59 -16.23 0.82 0x0000FF
190.27 -535.78 -16.17 188.99 -533.41 -15.63 0.365 0x0000FF
190.63 -538.52 -16.54 190.27 -535.78 -16.17 0.365 0x0000FF
188.44 -545.44 -16.85 190.63 -538.52 -16.54 0.365 0x0000FF
187.17 -548.16 -17.23 188.44 -545.44 -16.85 0.365 0x0000FF
186.98 -535.78 -15.86 188.99 -533.41 -15.63 0.455 0x0000FF
184.61 -537.61 -16.01 186.98 -535.78 -15.86 0.455 0x0000FF
182.97 -538.52 -16.77 184.61 -537.61 -16.01 0.455 0x0000FF
178.41 -542.71 -17.76 182.97 -538.52 -16.77 0.365 0x0000FF
178.04 -543.44 -17.91 178.41 -542.71 -17.76 0.365 0x0000FF
176.77 -545.26 -18.66 178.04 -543.44 -17.91 0.365 0x0000FF
175.86 -547.08 -19.35 176.77 -545.26 -18.66 0.365 0x0000FF
174.58 -549.99 -19.73 175.86 -547.08 -19.35 0.365 0x0000FF
173.3 -552.91 -20.32 174.58 -549.99 -19.73 0.365 0x0000FF
172.75 -554.91 -20.56 173.3 -552.91 -20.32 0.365 0x0000FF
171.84 -558.55 -21.16 172.75 -554.91 -20.56 0.365 0x0000FF
170.56 -560.2 -21.85 171.84 -558.55 -21.16 0.365 0x0000FF
219.99 -476.27 -3.29 219.08 -473.9 -3.21 0.365 0x0000FF
220.17 -479.19 -3.29 219.99 -476.27 -3.29 0.365 0x0000FF
220.36 -481.37 -3.67 220.17 -479.19 -3.29 0.365 0x0000FF
219.63 -484.83 -3.89 220.36 -481.37 -3.67 0.365 0x0000FF
219.08 -487.57 -4.26 219.63 -484.83 -3.89 0.365 0x0000FF
218.9 -490.85 -4.34 219.08 -487.57 -4.26 0.365 0x0000FF
219.26 -492.3 -4.65 218.9 -490.85 -4.34 0.365 0x0000FF
219.81 -494.49 -5.18 219.26 -492.3 -4.65 0.365 0x0000FF
219.81 -495.95 -5.86 219.81 -494.49 -5.18 0.365 0x0000FF
219.99 -496.68 -6.32 219.81 -495.95 -5.86 0.365 0x0000FF
220.36 -498.5 -6.92 219.99 -496.68 -6.32 0.365 0x0000FF
220.54 -499.96 -7.23 220.36 -498.5 -6.92 0.365 0x0000FF
221.09 -501.6 -7.76 220.54 -499.96 -7.23 0.365 0x0000FF
222.0 -503.24 -8.06 221.09 -501.6 -7.76 0.365 0x0000FF
222.73 -504.51 -8.59 222.0 -503.24 -8.06 0.365 0x0000FF
225.28 -507.97 -9.73 222.73 -504.51 -8.59 0.365 0x0000FF
225.46 -509.8 -9.88 225.28 -507.97 -9.73 0.365 0x0000FF
225.65 -511.25 -10.64 225.46 -509.8 -9.88 0.365 0x0000FF
225.46 -512.53 -11.32 225.65 -511.25 -10.64 0.365 0x0000FF
224.92 -513.99 -11.77 225.46 -512.53 -11.32 0.365 0x0000FF
224.73 -514.71 -12.53 224.92 -513.99 -11.77 0.365 0x0000FF
224.55 -515.08 -13.21 224.73 -514.71 -12.53 0.365 0x0000FF
224.01 -515.44 -13.67 224.55 -515.08 -13.21 0.365 0x0000FF
223.46 -515.99 -14.27 224.01 -515.44 -13.67 0.365 0x0000FF
222.73 -515.99 -15.33 223.46 -515.99 -14.27 0.365 0x0000FF
221.63 -516.9 -16.09 222.73 -515.99 -15.33 0.365 0x0000FF
220.9 -518.36 -16.92 221.63 -516.9 -16.09 0.365 0x0000FF
220.54 -518.72 -17.91 220.9 -518.36 -16.92 0.365 0x0000FF
220.36 -519.45 -19.57 220.54 -518.72 -17.91 0.365 0x0000FF
220.17 -520.36 -20.26 220.36 -519.45 -19.57 0.365 0x0000FF
220.17 -522.54 -21.39 220.17 -520.36 -20.26 0.365 0x0000FF
219.99 -523.46 -21.39 220.17 -522.54 -21.39 0.365 0x0000FF
219.63 -525.65 -22.0 219.99 -523.46 -21.39 0.365 0x0000FF
219.08 -527.29 -22.23 219.63 -525.65 -22.0 0.365 0x0000FF
218.9 -529.29 -22.83 219.08 -527.29 -22.23 0.365 0x0000FF
218.35 -531.29 -22.98 218.9 -529.29 -22.83 0.365 0x0000FF
217.98 -532.21 -23.59 218.35 -531.29 -22.98 0.365 0x0000FF
214.9 -537.79 -24.88 217.98 -532.21 -23.59 0.365 0x0000FF
212.16 -540.7 -25.48 214.9 -537.79 -24.88 0.365 0x0000FF
210.89 -542.89 -26.39 212.16 -540.7 -25.48 0.365 0x0000FF
207.97 -546.16 -27.45 210.89 -542.89 -26.39 0.365 0x0000FF
205.78 -548.16 -28.36 207.97 -546.16 -27.45 0.365 0x0000FF
203.22 -549.99 -28.89 205.78 -548.16 -28.36 0.365 0x0000FF
198.3 -551.82 -29.72 203.22 -549.99 -28.89 0.365 0x0000FF
194.65 -553.27 -30.78 198.3 -551.82 -29.72 0.365 0x0000FF
192.09 -554.19 -30.86 194.65 -553.27 -30.78 0.365 0x0000FF
191.0 -554.91 -29.8 192.09 -554.19 -30.86 0.365 0x0000FF
190.27 -555.28 -29.12 191.0 -554.91 -29.8 0.365 0x0000FF
189.54 -556.01 -28.06 190.27 -555.28 -29.12 0.365 0x0000FF
188.81 -556.91 -26.24 189.54 -556.01 -28.06 0.365 0x0000FF
187.9 -558.19 -25.56 188.81 -556.91 -26.24 0.365 0x0000FF
187.53 -559.1 -24.8 187.9 -558.19 -25.56 0.365 0x0000FF
187.17 -559.83 -23.89 187.53 -559.1 -24.8 0.365 0x0000FF
186.62 -560.74 -23.06 187.17 -559.83 -23.89 0.365 0x0000FF
186.62 -560.92 -22.23 186.62 -560.74 -23.06 0.365 0x0000FF
185.71 -562.02 -21.09 186.62 -560.92 -22.23 0.365 0x0000FF
184.8 -562.38 -20.26 185.71 -562.02 -21.09 0.365 0x0000FF
181.88 -563.66 -18.36 184.8 -562.38 -20.26 0.365 0x0000FF
180.78 -563.66 -17.53 181.88 -563.66 -18.36 0.365 0x0000FF
179.87 -563.66 -16.32 180.78 -563.66 -17.53 0.365 0x0000FF
173.85 -562.2 -15.56 179.87 -563.66 -16.32 0.275 0x0000FF
219.47 -352.48 20.88 220.02 -351.21 20.19 1.095 0x0000FF
218.92 -353.94 21.41 219.47 -352.48 20.88 1.095 0x0000FF
218.56 -355.76 21.94 218.92 -353.94 21.41 1.095 0x0000FF
217.83 -358.31 22.32 218.56 -355.76 21.94 1.095 0x0000FF
217.83 -358.5 23.07 217.83 -358.31 22.32 1.095 0x0000FF
217.1 -361.23 23.38 217.83 -358.5 23.07 1.095 0x0000FF
216.91 -361.78 23.76 217.1 -361.23 23.38 1.005 0x0000FF
216.73 -362.32 23.91 216.91 -361.78 23.76 1.005 0x0000FF
216.73 -362.87 24.06 216.73 -362.32 23.91 1.005 0x0000FF
216.73 -363.23 24.82 216.73 -362.87 24.06 1.005 0x0000FF
215.64 -366.15 26.33 216.73 -363.23 24.82 1.005 0x0000FF
214.91 -368.7 26.94 215.64 -366.15 26.33 0.82 0x0000FF
215.09 -372.16 27.47 214.91 -368.7 26.94 0.82 0x0000FF
214.54 -374.53 27.92 215.09 -372.16 27.47 0.82 0x0000FF
214.36 -376.53 28.3 214.54 -374.53 27.92 0.82 0x0000FF
213.63 -380.18 28.83 214.36 -376.53 28.3 0.82 0x0000FF
213.08 -382.36 29.44 213.63 -380.18 28.83 0.82 0x0000FF
212.54 -385.1 29.97 213.08 -382.36 29.44 0.82 0x0000FF
212.54 -386.37 30.27 212.54 -385.1 29.97 0.82 0x0000FF
211.99 -388.19 30.65 212.54 -386.37 30.27 0.82 0x0000FF
211.99 -389.65 30.95 211.99 -388.19 30.65 0.82 0x0000FF
211.81 -390.93 31.25 211.99 -389.65 30.95 0.82 0x0000FF
211.81 -392.02 31.63 211.81 -390.93 31.25 0.82 0x0000FF
211.62 -392.75 32.09 211.81 -392.02 31.63 0.82 0x0000FF
211.26 -394.02 32.61 211.62 -392.75 32.09 0.82 0x0000FF
211.08 -395.66 33.07 211.26 -394.02 32.61 0.82 0x0000FF
210.89 -396.58 33.38 211.08 -395.66 33.07 0.82 0x0000FF
210.71 -397.85 33.75 210.89 -396.58 33.38 0.82 0x0000FF
210.71 -398.58 33.97 210.71 -397.85 33.75 0.82 0x0000FF
210.53 -399.67 34.28 210.71 -398.58 33.97 0.82 0x0000FF
210.35 -400.58 34.65 210.53 -399.67 34.28 0.82 0x0000FF
209.98 -401.86 35.04 210.35 -400.58 34.65 0.82 0x0000FF
209.62 -403.13 35.5 209.98 -401.86 35.04 0.82 0x0000FF
209.61 -405.11 36.25 209.62 -403.13 35.5 0.73 0x0000FF
209.61 -406.39 36.71 209.61 -405.11 36.25 0.73 0x0000FF
209.42 -408.94 37.09 209.61 -406.39 36.71 0.73 0x0000FF
209.42 -410.4 37.54 209.42 -408.94 37.09 0.73 0x0000FF
209.42 -411.86 38.07 209.42 -410.4 37.54 0.73 0x0000FF
209.06 -413.86 38.6 209.42 -411.86 38.07 0.73 0x0000FF
208.88 -415.86 39.06 209.06 -413.86 38.6 0.73 0x0000FF
208.51 -417.87 39.44 208.88 -415.86 39.06 0.73 0x0000FF
207.96 -420.06 40.11 208.51 -417.87 39.44 0.73 0x0000FF
207.6 -421.69 40.86 207.96 -420.06 40.11 0.73 0x0000FF
207.05 -424.06 41.63 207.6 -421.69 40.86 0.73 0x0000FF
206.69 -426.25 42.31 207.05 -424.06 41.63 0.73 0x0000FF
205.96 -429.35 43.0 206.69 -426.25 42.31 0.73 0x0000FF
205.59 -431.72 43.45 205.96 -429.35 43.0 0.73 0x0000FF
205.41 -437.0 44.51 205.59 -431.72 43.45 0.73 0x0000FF
205.23 -437.91 45.04 205.41 -437.0 44.51 0.73 0x0000FF
205.05 -440.83 45.65 205.23 -437.91 45.04 0.73 0x0000FF
205.05 -442.47 46.56 205.05 -440.83 45.65 0.73 0x0000FF
204.86 -444.11 46.93 205.05 -442.47 46.56 0.73 0x0000FF
204.13 -445.38 48.3 204.86 -444.11 46.93 0.73 0x0000FF
203.95 -447.2 47.62 204.13 -445.38 48.3 0.73 0x0000FF
203.95 -447.38 46.71 203.95 -447.2 47.62 0.73 0x0000FF
203.95 -448.48 46.1 203.95 -447.38 46.71 0.73 0x0000FF
204.77 -450.36 46.63 203.95 -448.48 46.1 0.365 0x0000FF
205.69 -452.18 46.93 204.77 -450.36 46.63 0.365 0x0000FF
206.05 -453.46 47.09 205.69 -452.18 46.93 0.365 0x0000FF
206.6 -454.18 47.54 206.05 -453.46 47.09 0.365 0x0000FF
206.78 -454.91 48.07 206.6 -454.18 47.54 0.365 0x0000FF
207.15 -455.46 48.37 206.78 -454.91 48.07 0.365 0x0000FF
207.15 -456.01 48.68 207.15 -455.46 48.37 0.365 0x0000FF
207.33 -456.37 49.06 207.15 -456.01 48.68 0.365 0x0000FF
207.51 -457.1 49.43 207.33 -456.37 49.06 0.365 0x0000FF
207.69 -457.65 49.81 207.51 -457.1 49.43 0.365 0x0000FF
207.87 -458.19 49.96 207.69 -457.65 49.81 0.365 0x0000FF
208.06 -458.56 50.19 207.87 -458.19 49.96 0.365 0x0000FF
208.42 -459.29 50.87 208.06 -458.56 50.19 0.365 0x0000FF
208.79 -460.2 51.63 208.42 -459.29 50.87 0.365 0x0000FF
208.79 -460.74 52.16 208.79 -460.2 51.63 0.365 0x0000FF
208.97 -461.47 52.99 208.79 -460.74 52.16 0.365 0x0000FF
208.97 -462.38 53.68 208.97 -461.47 52.99 0.365 0x0000FF
209.15 -463.11 54.06 208.97 -462.38 53.68 0.365 0x0000FF
209.52 -463.84 54.96 209.15 -463.11 54.06 0.365 0x0000FF
209.88 -465.3 55.87 209.52 -463.84 54.96 0.365 0x0000FF
210.25 -466.76 56.55 209.88 -465.3 55.87 0.365 0x0000FF
210.61 -467.85 57.24 210.25 -466.76 56.55 0.365 0x0000FF
201.94 -449.94 45.27 203.95 -448.48 46.1 0.365 0x0000FF
200.48 -451.21 45.27 201.94 -449.94 45.27 0.365 0x0000FF
199.02 -452.3 45.12 200.48 -451.21 45.27 0.365 0x0000FF
197.02 -455.22 44.66 199.02 -452.3 45.12 0.365 0x0000FF
195.56 -458.86 44.43 197.02 -455.22 44.66 0.365 0x0000FF
193.55 -463.97 43.83 195.56 -458.86 44.43 0.365 0x0000FF
192.46 -466.88 43.83 193.55 -463.97 43.83 0.365 0x0000FF
190.27 -471.44 43.22 192.46 -466.88 43.83 0.365 0x0000FF
187.9 -476.17 42.92 190.27 -471.44 43.22 0.365 0x0000FF
185.52 -483.28 42.54 187.9 -476.17 42.92 0.365 0x0000FF
184.98 -484.55 42.39 185.52 -483.28 42.54 0.365 0x0000FF
184.06 -486.38 43.37 184.98 -484.55 42.39 0.365 0x0000FF
183.15 -487.83 43.53 184.06 -486.38 43.37 0.365 0x0000FF
182.6 -489.84 43.83 183.15 -487.83 43.53 0.365 0x0000FF
181.87 -492.02 44.36 182.6 -489.84 43.83 0.365 0x0000FF
181.51 -493.48 44.89 181.87 -492.02 44.36 0.365 0x0000FF
180.32 -501.56 45.27 181.51 -493.48 44.89 0.365 0x0000FF
180.69 -504.84 45.5 180.32 -501.56 45.27 0.365 0x0000FF
180.69 -508.84 45.8 180.69 -504.84 45.5 0.365 0x0000FF
181.05 -513.76 45.95 180.69 -508.84 45.8 0.365 0x0000FF
180.51 -516.13 46.56 181.05 -513.76 45.95 0.365 0x0000FF
179.59 -518.5 47.01 180.51 -516.13 46.56 0.365 0x0000FF
178.86 -520.14 47.09 179.59 -518.5 47.01 0.365 0x0000FF
178.68 -521.96 47.54 178.86 -520.14 47.09 0.365 0x0000FF
178.5 -525.05 48.0 178.68 -521.96 47.54 0.365 0x0000FF
178.68 -529.42 48.37 178.5 -525.05 48.0 0.365 0x0000FF
177.22 -533.08 48.9 178.68 -529.42 48.37 0.365 0x0000FF
176.68 -535.99 49.06 177.22 -533.08 48.9 0.365 0x0000FF
177.77 -541.28 49.59 176.68 -535.99 49.06 0.365 0x0000FF
178.68 -544.55 50.04 177.77 -541.28 49.59 0.365 0x0000FF
178.32 -547.29 50.49 178.68 -544.55 50.04 0.365 0x0000FF
177.41 -552.03 50.49 178.32 -547.29 50.49 0.365 0x0000FF
193.86 -206.98 14.51 195.68 -206.43 14.44 0.82 0x0000FF
186.56 -208.43 14.59 193.86 -206.98 14.51 0.73 0x0000FF
181.09 -210.62 14.67 186.56 -208.43 14.59 0.64 0x0000FF
178.17 -211.35 14.74 181.09 -210.62 14.67 0.64 0x0000FF
175.25 -211.71 14.74 178.17 -211.35 14.74 0.64 0x0000FF
171.42 -211.35 14.74 175.25 -211.71 14.74 0.64 0x0000FF
169.59 -211.71 14.97 171.42 -211.35 14.74 0.64 0x0000FF
165.94 -212.26 15.04 169.59 -211.71 14.97 0.64 0x0000FF
151.35 -215.17 15.57 165.94 -212.26 15.04 0.545 0x0000FF
143.86 -215.9 15.57 151.35 -215.17 15.57 0.455 0x0000FF
141.68 -216.09 15.57 143.86 -215.9 15.57 0.455 0x0000FF
139.3 -216.63 15.57 141.68 -216.09 15.57 0.455 0x0000FF
136.75 -216.81 15.73 139.3 -216.63 15.57 0.455 0x0000FF
134.74 -217.36 16.26 136.75 -216.81 15.73 0.455 0x0000FF
132.91 -217.91 16.41 134.74 -217.36 16.26 0.455 0x0000FF
130.36 -218.64 16.63 132.91 -217.91 16.41 0.365 0x0000FF
129.44 -219.0 17.09 130.36 -218.64 16.63 0.365 0x0000FF
127.81 -219.55 17.23 129.44 -219.0 17.09 0.365 0x0000FF
124.71 -220.82 17.7 127.81 -219.55 17.23 0.365 0x0000FF
122.52 -221.55 17.77 124.71 -220.82 17.7 0.365 0x0000FF
121.24 -221.73 17.23 122.52 -221.55 17.77 0.365 0x0000FF
120.69 -222.1 16.55 121.24 -221.73 17.23 0.365 0x0000FF
118.69 -223.01 15.88 120.69 -222.1 16.55 0.365 0x0000FF
116.68 -223.92 15.35 118.69 -223.01 15.88 0.365 0x0000FF
110.77 -226.55 14.97 116.68 -223.92 15.35 0.365 0x0000FF
109.13 -227.64 14.67 110.77 -226.55 14.97 0.275 0x0000FF
140.22 -217.73 15.65 143.86 -215.9 15.57 0.275 0x0000FF
136.57 -219.73 15.73 140.22 -217.73 15.65 0.275 0x0000FF
135.11 -221.37 15.73 136.57 -219.73 15.73 0.275 0x0000FF
133.65 -223.19 15.73 135.11 -221.37 15.73 0.275 0x0000FF
132.55 -225.92 15.73 133.65 -223.19 15.73 0.275 0x0000FF
131.82 -229.39 15.73 132.55 -225.92 15.73 0.275 0x0000FF
131.63 -233.21 15.8 131.82 -229.39 15.73 0.275 0x0000FF
132.01 -236.31 15.8 131.63 -233.21 15.8 0.275 0x0000FF
132.37 -237.77 16.1 132.01 -236.31 15.8 0.275 0x0000FF
132.91 -239.77 16.41 132.37 -237.77 16.1 0.275 0x0000FF
133.65 -241.23 16.41 132.91 -239.77 16.41 0.275 0x0000FF
134.56 -242.5 16.55 133.65 -241.23 16.41 0.275 0x0000FF
135.47 -243.6 16.79 134.56 -242.5 16.55 0.275 0x0000FF
136.38 -245.06 17.09 135.47 -243.6 16.79 0.275 0x0000FF
136.93 -246.15 17.16 136.38 -245.06 17.09 0.275 0x0000FF
138.21 -247.79 16.86 136.93 -246.15 17.16 0.275 0x0000FF
138.94 -249.06 16.55 138.21 -247.79 16.86 0.275 0x0000FF
139.66 -249.97 16.26 138.94 -249.06 16.55 0.275 0x0000FF
140.76 -251.25 15.88 139.66 -249.97 16.26 0.275 0x0000FF
201.57 -197.23 15.2 199.75 -195.04 15.2 0.82 0x0000FF
204.49 -199.59 15.2 201.57 -197.23 15.2 0.82 0x0000FF
207.96 -203.06 14.89 204.49 -199.59 15.2 0.82 0x0000FF
209.6 -204.51 14.67 207.96 -203.06 14.89 0.82 0x0000FF
215.25 -209.43 14.29 209.6 -204.51 14.67 0.73 0x0000FF
218.17 -213.26 14.21 215.25 -209.43 14.29 0.73 0x0000FF
221.82 -217.63 13.83 218.17 -213.26 14.21 0.73 0x0000FF
228.94 -224.19 13.98 221.82 -217.63 13.83 0.73 0x0000FF
230.94 -227.11 14.36 228.94 -224.19 13.98 0.73 0x0000FF
233.13 -230.02 14.89 230.94 -227.11 14.36 0.64 0x0000FF
235.32 -233.12 15.04 233.13 -230.02 14.89 0.64 0x0000FF
237.51 -236.4 15.5 235.32 -233.12 15.04 0.64 0x0000FF
239.16 -239.13 15.88 237.51 -236.4 15.5 0.64 0x0000FF
240.8 -243.14 16.18 239.16 -239.13 15.88 0.64 0x0000FF
242.62 -248.42 16.55 240.8 -243.14 16.18 0.545 0x0000FF
243.17 -250.25 16.71 242.62 -248.42 16.55 0.545 0x0000FF
249.32 -255.08 17.09 243.17 -250.25 16.71 0.545 0x0000FF
252.97 -259.27 17.23 249.32 -255.08 17.09 0.545 0x0000FF
257.52 -265.64 17.32 252.97 -259.27 17.23 0.545 0x0000FF
260.27 -267.27 16.48 257.52 -265.64 17.32 0.545 0x0000FF
262.64 -269.83 16.48 260.27 -267.27 16.48 0.545 0x0000FF
265.93 -273.11 16.41 262.64 -269.83 16.48 0.545 0x0000FF
270.67 -275.66 16.41 265.93 -273.11 16.41 0.545 0x0000FF
275.77 -277.67 16.32 270.67 -275.66 16.41 0.545 0x0000FF
288.73 -283.68 16.32 275.77 -277.67 16.32 0.455 0x0000FF
295.3 -286.6 16.1 288.73 -283.68 16.32 0.365 0x0000FF
301.87 -288.05 16.03 295.3 -286.6 16.1 0.365 0x0000FF
307.52 -289.14 16.03 301.87 -288.05 16.03 0.365 0x0000FF
310.08 -289.51 16.03 307.52 -289.14 16.03 0.365 0x0000FF
257.52 -267.83 17.62 257.52 -265.64 17.32 0.455 0x0000FF
256.99 -269.47 17.85 257.52 -267.83 17.62 0.455 0x0000FF
256.62 -270.93 18.0 256.99 -269.47 17.85 0.455 0x0000FF
256.07 -272.39 18.3 256.62 -270.93 18.0 0.455 0x0000FF
255.53 -274.75 18.45 256.07 -272.39 18.3 0.455 0x0000FF
255.16 -276.58 18.6 255.53 -274.75 18.45 0.455 0x0000FF
254.98 -278.22 18.68 255.16 -276.58 18.6 0.455 0x0000FF
254.43 -281.31 18.38 254.98 -278.22 18.68 0.455 0x0000FF
254.07 -284.58 17.77 254.43 -281.31 18.38 0.455 0x0000FF
253.15 -289.33 17.16 254.07 -284.58 17.77 0.365 0x0000FF
252.42 -291.33 16.63 253.15 -289.33 17.16 0.365 0x0000FF
250.05 -295.33 16.55 252.42 -291.33 16.63 0.365 0x0000FF
247.68 -300.26 16.18 250.05 -295.33 16.55 0.365 0x0000FF
246.04 -304.27 15.65 247.68 -300.26 16.18 0.365 0x0000FF
243.85 -306.64 15.35 246.04 -304.27 15.65 0.365 0x0000FF
242.21 -309.01 15.2 243.85 -306.64 15.35 0.365 0x0000FF
