-44.57 -117.3 104.8 -43.18 -111.4 97.89 3.1 0x0000FF
-44.39 -120.4 105.1 -44.57 -117.3 104.8 3.1 0x0000FF
-44.21 -124.6 105.6 -44.39 -120.4 105.1 2.735 0x0000FF
-43.84 -129.9 106.3 -44.21 -124.6 105.6 2.465 0x0000FF
-43.66 -138.8 106.7 -43.84 -129.9 106.3 2.465 0x0000FF
-43.11 -143.0 106.9 -43.66 -138.8 106.7 2.28 0x0000FF
-42.38 -149.9 107.3 -43.11 -143.0 106.9 2.28 0x0000FF
-40.93 -160.1 107.5 -42.38 -149.9 107.3 2.19 0x0000FF
-40.2 -166.5 107.9 -40.93 -160.1 107.5 1.735 0x0000FF
-40.01 -171.4 108.3 -40.2 -166.5 107.9 1.735 0x0000FF
-39.47 -177.4 108.7 -40.01 -171.4 108.3 1.735 0x0000FF
-40.2 -182.2 108.9 -39.47 -177.4 108.7 1.735 0x0000FF
-39.47 -187.1 108.8 -40.2 -182.2 108.9 1.735 0x0000FF
-38.92 -190.5 108.2 -39.47 -187.1 108.8 1.735 0x0000FF
-38.01 -193.3 108.8 -38.92 -190.5 108.2 1.735 0x0000FF
-36.9 -196.9 109.3 -38.01 -193.3 108.8 1.55 0x0000FF
-35.63 -201.5 109.9 -36.9 -196.9 109.3 1.55 0x0000FF
-34.36 -203.7 110.3 -35.63 -201.5 109.9 1.55 0x0000FF
-33.63 -205.5 111.1 -34.36 -203.7 110.3 1.55 0x0000FF
-31.07 -209.5 111.7 -33.63 -205.5 111.1 1.37 0x0000FF
-29.98 -212.4 112.5 -31.07 -209.5 111.7 1.37 0x0000FF
-28.15 -217.7 113.1 -29.98 -212.4 112.5 1.37 0x0000FF
-27.79 -221.9 113.8 -28.15 -217.7 113.1 1.37 0x0000FF
-28.15 -225.2 114.1 -27.79 -221.9 113.8 1.37 0x0000FF
-29.25 -229.0 114.5 -28.15 -225.2 114.1 1.275 0x0000FF
-29.07 -231.9 115.1 -29.25 -229.0 114.5 1.275 0x0000FF
-28.15 -235.4 115.5 -29.07 -231.9 115.1 1.275 0x0000FF
-27.42 -238.3 116.1 -28.15 -235.4 115.5 1.275 0x0000FF
-27.06 -241.0 116.6 -27.42 -238.3 116.1 1.275 0x0000FF
-24.9 -246.8 117.2 -27.06 -241.0 116.6 1.275 0x0000FF
-23.26 -253.0 117.5 -24.9 -246.8 117.2 1.275 0x0000FF
-22.17 -257.0 117.8 -23.26 -253.0 117.5 1.275 0x0000FF
-21.44 -260.6 118.3 -22.17 -257.0 117.8 1.275 0x0000FF
-21.26 -261.5 117.9 -21.44 -260.6 118.3 1.275 0x0000FF
-20.71 -263.6 116.7 -21.26 -261.5 117.9 1.275 0x0000FF
-20.16 -265.39 116.0 -20.71 -263.6 116.7 1.275 0x0000FF
-18.7 -268.8 115.7 -20.16 -265.39 116.0 1.095 0x0000FF
-17.97 -271.89 115.5 -18.7 -268.8 115.7 1.095 0x0000FF
-17.61 -275.6 115.2 -17.97 -271.89 115.5 1.095 0x0000FF
-17.61 -278.5 115.0 -17.61 -275.6 115.2 1.095 0x0000FF
-17.79 -280.7 114.7 -17.61 -278.5 115.0 1.095 0x0000FF
-18.7 -283.6 114.5 -17.79 -280.7 114.7 1.095 0x0000FF
-19.43 -288.0 114.3 -18.7 -283.6 114.5 1.095 0x0000FF
-19.43 -290.89 114.3 -19.43 -288.0 114.3 1.095 0x0000FF
-17.97 -297.1 114.0 -19.43 -290.89 114.3 1.095 0x0000FF
-16.51 -300.5 113.8 -17.97 -297.1 114.0 1.095 0x0000FF
-15.78 -301.8 113.8 -16.51 -300.5 113.8 1.095 0x0000FF
-15.23 -302.89 114.6 -15.78 -301.8 113.8 1.095 0x0000FF
-13.59 -306.89 115.0 -15.23 -302.89 114.6 1.46 0x0000FF
-13.05 -309.1 115.3 -13.59 -306.89 115.0 1.46 0x0000FF
-12.68 -313.6 115.7 -13.05 -309.1 115.3 1.46 0x0000FF
-11.59 -318.39 116.0 -12.68 -313.6 115.7 1.46 0x0000FF
-10.49 -323.89 116.5 -11.59 -318.39 116.0 1.46 0x0000FF
-9.58 -328.2 117.0 -10.49 -323.89 116.5 1.46 0x0000FF
-9.21 -329.3 117.2 -9.58 -328.2 117.0 1.46 0x0000FF
-8.17 -339.9 117.7 -9.21 -329.3 117.2 1.46 0x0000FF
-7.8 -348.4 118.0 -8.17 -339.9 117.7 1.46 0x0000FF
-7.99 -356.5 118.4 -7.8 -348.4 118.0 1.46 0x0000FF
-7.8 -361.9 118.7 -7.99 -356.5 118.4 1.005 0x0000FF
-7.26 -367.9 119.1 -7.8 -361.9 118.7 1.005 0x0000FF
-7.44 -373.0 119.4 -7.26 -367.9 119.1 1.005 0x0000FF
-6.53 -378.3 119.7 -7.44 -373.0 119.4 1.005 0x0000FF
-6.34 -380.0 120.1 -6.53 -378.3 119.7 1.005 0x0000FF
-5.8 -380.5 120.1 -6.34 -380.0 120.1 1.005 0x0000FF
-5.07 -381.6 120.1 -5.8 -380.5 120.1 1.005 0x0000FF
-4.34 -382.5 120.2 -5.07 -381.6 120.1 1.005 0x0000FF
-3.79 -383.6 120.3 -4.34 -382.5 120.2 1.005 0x0000FF
-3.24 -384.9 120.4 -3.79 -383.6 120.3 1.005 0x0000FF
-2.5 -386.2 120.5 -3.24 -384.9 120.4 1.005 0x0000FF
-1.42 -387.4 120.6 -2.5 -386.2 120.5 1.005 0x0000FF
-0.32 -388.4 120.9 -1.42 -387.4 120.6 1.005 0x0000FF
0.77 -388.9 120.9 -0.32 -388.4 120.9 1.005 0x0000FF
2.04 -389.8 121.0 0.77 -388.9 120.9 1.005 0x0000FF
3.33 -391.1 121.2 2.04 -389.8 121.0 1.005 0x0000FF
4.05 -393.1 121.2 3.33 -391.1 121.2 1.005 0x0000FF
4.59 -395.3 121.2 4.05 -393.1 121.2 1.005 0x0000FF
5.33 -399.6 121.4 4.59 -395.3 121.2 1.005 0x0000FF
5.51 -402.9 121.6 5.33 -399.6 121.4 1.005 0x0000FF
5.51 -404.6 121.6 5.51 -402.9 121.6 1.005 0x0000FF
5.7 -408.0 121.8 5.51 -404.6 121.6 1.005 0x0000FF
5.88 -411.7 121.8 5.7 -408.0 121.8 1.005 0x0000FF
5.7 -416.8 122.0 5.88 -411.7 121.8 1.005 0x0000FF
5.88 -419.5 122.2 5.7 -416.8 122.0 1.005 0x0000FF
5.72 -421.1 122.9 5.88 -419.5 122.2 1.005 0x0000FF
6.09 -422.2 122.8 5.72 -421.1 122.9 1.005 0x0000FF
7.0 -424.0 122.4 6.09 -422.2 122.8 1.095 0x0000FF
7.73 -425.7 121.8 7.0 -424.0 122.4 1.095 0x0000FF
8.64 -427.7 121.6 7.73 -425.7 121.8 1.095 0x0000FF
9.92 -430.6 121.1 8.64 -427.7 121.6 1.095 0x0000FF
11.93 -435.9 120.6 9.92 -430.6 121.1 1.095 0x0000FF
13.2 -440.8 120.3 11.93 -435.9 120.6 1.095 0x0000FF
14.12 -445.2 119.9 13.2 -440.8 120.3 1.095 0x0000FF
15.58 -449.5 119.7 14.12 -445.2 119.9 1.095 0x0000FF
18.3 -454.6 119.1 15.58 -449.5 119.7 1.095 0x0000FF
23.24 -463.2 118.4 18.3 -454.6 119.1 1.095 0x0000FF
24.33 -465.9 118.3 23.24 -463.2 118.4 1.095 0x0000FF
25.61 -469.6 117.8 24.33 -465.9 118.3 1.095 0x0000FF
25.98 -472.3 118.1 25.61 -469.6 117.8 1.095 0x0000FF
27.07 -476.0 118.5 25.98 -472.3 118.1 1.095 0x0000FF
28.53 -478.9 119.5 27.07 -476.0 118.5 1.095 0x0000FF
28.9 -480.5 120.1 28.53 -478.9 119.5 1.095 0x0000FF
29.44 -481.6 118.9 28.9 -480.5 120.1 0.82 0x0000FF
29.44 -482.0 118.5 29.44 -481.6 118.9 0.82 0x0000FF
29.44 -482.1 118.1 29.44 -482.0 118.5 0.82 0x0000FF
29.44 -482.7 118.0 29.44 -482.1 118.1 0.82 0x0000FF
29.44 -483.6 117.8 29.44 -482.7 118.0 0.82 0x0000FF
29.44 -484.2 117.2 29.44 -483.6 117.8 0.82 0x0000FF
29.44 -484.5 116.9 29.44 -484.2 117.2 0.82 0x0000FF
29.62 -485.3 116.7 29.44 -484.5 116.9 0.82 0x0000FF
29.62 -485.6 116.2 29.62 -485.3 116.7 0.82 0x0000FF
29.62 -486.5 115.7 29.62 -485.6 116.2 0.82 0x0000FF
29.62 -487.1 115.6 29.62 -486.5 115.7 0.82 0x0000FF
29.62 -487.6 115.1 29.62 -487.1 115.6 0.82 0x0000FF
29.62 -488.9 114.9 29.62 -487.6 115.1 0.82 0x0000FF
29.81 -490.0 114.2 29.62 -488.9 114.9 0.82 0x0000FF
29.81 -491.1 113.9 29.81 -490.0 114.2 0.82 0x0000FF
29.81 -491.8 113.9 29.81 -491.1 113.9 0.82 0x0000FF
29.99 -492.2 113.5 29.81 -491.8 113.9 0.82 0x0000FF
30.17 -493.5 113.3 29.99 -492.2 113.5 0.82 0x0000FF
30.17 -494.2 113.1 30.17 -493.5 113.3 0.82 0x0000FF
30.17 -494.7 113.0 30.17 -494.2 113.1 0.82 0x0000FF
30.17 -496.2 112.5 30.17 -494.7 113.0 0.82 0x0000FF
30.17 -499.5 111.6 30.17 -496.2 112.5 0.82 0x0000FF
30.38 -501.6 108.8 30.17 -499.5 111.6 0.73 0x0000FF
30.38 -502.8 108.4 30.38 -501.6 108.8 0.73 0x0000FF
31.3 -504.3 108.1 30.38 -502.8 108.4 0.73 0x0000FF
32.03 -505.6 107.6 31.3 -504.3 108.1 0.73 0x0000FF
32.57 -507.2 106.8 32.03 -505.6 107.6 0.73 0x0000FF
33.85 -509.6 106.1 32.57 -507.2 106.8 0.73 0x0000FF
33.85 -510.1 105.7 33.85 -509.6 106.1 0.73 0x0000FF
33.85 -511.4 105.4 33.85 -510.1 105.7 0.64 0x0000FF
33.67 -511.9 104.9 33.85 -511.4 105.4 0.64 0x0000FF
33.67 -513.4 104.4 33.67 -511.9 104.9 0.64 0x0000FF
34.03 -513.79 104.1 33.67 -513.4 104.4 0.64 0x0000FF
34.58 -515.0 103.8 34.03 -513.79 104.1 0.64 0x0000FF
35.49 -515.79 103.3 34.58 -515.0 103.8 0.64 0x0000FF
36.4 -517.0 102.7 35.49 -515.79 103.3 0.64 0x0000FF
37.32 -518.29 101.9 36.4 -517.0 102.7 0.64 0x0000FF
39.14 -520.5 101.3 37.32 -518.29 101.9 0.545 0x0000FF
39.69 -522.29 100.6 39.14 -520.5 101.3 0.545 0x0000FF
40.97 -524.0 99.66 39.69 -522.29 100.6 0.545 0x0000FF
41.7 -525.4 99.28 40.97 -524.0 99.66 0.545 0x0000FF
42.06 -526.29 98.9 41.7 -525.4 99.28 0.545 0x0000FF
42.24 -527.4 98.14 42.06 -526.29 98.9 0.545 0x0000FF
42.43 -529.1 97.31 42.24 -527.4 98.14 0.545 0x0000FF
42.61 -530.9 96.48 42.43 -529.1 97.31 0.545 0x0000FF
42.61 -532.0 96.1 42.61 -530.9 96.48 0.545 0x0000FF
43.34 -533.1 95.79 42.61 -532.0 96.1 0.545 0x0000FF
43.7 -534.2 95.04 43.34 -533.1 95.79 0.545 0x0000FF
44.07 -535.4 94.66 43.7 -534.2 95.04 0.545 0x0000FF
44.25 -536.7 93.98 44.07 -535.4 94.66 0.545 0x0000FF
44.07 -538.2 93.67 44.25 -536.7 93.98 0.545 0x0000FF
43.88 -539.1 93.14 44.07 -538.2 93.67 0.545 0x0000FF
43.7 -540.7 92.76 43.88 -539.1 93.14 0.545 0x0000FF
43.88 -542.4 91.93 43.7 -540.7 92.76 0.455 0x0000FF
44.07 -543.1 91.17 43.88 -542.4 91.93 0.455 0x0000FF
44.61 -543.79 90.49 44.07 -543.1 91.17 0.455 0x0000FF
45.34 -544.9 89.58 44.61 -543.79 90.49 0.455 0x0000FF
46.44 -545.79 89.28 45.34 -544.9 89.58 0.455 0x0000FF
46.8 -546.7 88.6 46.44 -545.79 89.28 0.455 0x0000FF
47.35 -549.1 88.07 46.8 -546.7 88.6 0.455 0x0000FF
47.53 -550.2 87.08 47.35 -549.1 88.07 0.455 0x0000FF
47.53 -552.2 86.32 47.53 -550.2 87.08 0.455 0x0000FF
48.08 -554.79 86.1 47.53 -552.2 86.32 0.455 0x0000FF
48.81 -556.0 84.36 48.08 -554.79 86.1 0.455 0x0000FF
49.18 -557.29 83.82 48.81 -556.0 84.36 0.365 0x0000FF
49.54 -558.4 83.45 49.18 -557.29 83.82 0.365 0x0000FF
49.91 -560.2 82.61 49.54 -558.4 83.45 0.365 0x0000FF
50.27 -561.7 82.16 49.91 -560.2 82.61 0.365 0x0000FF
50.45 -563.0 81.17 50.27 -561.7 82.16 0.365 0x0000FF
50.45 -563.7 79.95 50.45 -563.0 81.17 0.365 0x0000FF
52.1 -566.79 79.28 50.45 -563.7 79.95 0.365 0x0000FF
53.01 -571.0 78.06 52.1 -566.79 79.28 0.365 0x0000FF
53.92 -573.29 76.78 53.01 -571.0 78.06 0.365 0x0000FF
54.65 -574.79 75.87 53.92 -573.29 76.78 0.365 0x0000FF
55.2 -576.4 74.95 54.65 -574.79 75.87 0.365 0x0000FF
55.93 -578.1 74.43 55.2 -576.4 74.95 0.365 0x0000FF
56.29 -579.4 73.98 55.93 -578.1 74.43 0.365 0x0000FF
-50.45 -114.4 90.57 -43.18 -111.4 97.89 0.455 0x0000FF
-51.73 -114.4 91.32 -50.45 -114.4 90.57 0.455 0x0000FF
-54.47 -114.2 92.38 -51.73 -114.4 91.32 0.455 0x0000FF
-55.56 -114.2 92.76 -54.47 -114.2 92.38 0.455 0x0000FF
-57.57 -114.4 92.99 -55.56 -114.2 92.76 0.455 0x0000FF
-59.57 -114.8 93.37 -57.57 -114.4 92.99 0.455 0x0000FF
-62.31 -115.0 93.6 -59.57 -114.8 93.37 0.455 0x0000FF
-65.23 -114.2 93.67 -62.31 -115.0 93.6 0.365 0x0000FF
-68.51 -113.1 94.13 -65.23 -114.2 93.67 0.365 0x0000FF
-71.8 -112.4 94.35 -68.51 -113.1 94.13 0.365 0x0000FF
-76.54 -111.1 94.51 -71.8 -112.4 94.35 0.365 0x0000FF
-82.56 -110.6 94.66 -76.54 -111.1 94.51 0.365 0x0000FF
-88.04 -110.0 94.73 -82.56 -110.6 94.66 0.365 0x0000FF
-96.25 -110.0 94.81 -88.04 -110.0 94.73 0.365 0x0000FF
-101.7 -109.5 94.96 -96.25 -110.0 94.81 0.365 0x0000FF
-104.5 -107.5 95.04 -101.7 -109.5 94.96 0.365 0x0000FF
-105.0 -106.4 94.81 -104.5 -107.5 95.04 0.365 0x0000FF
-105.4 -105.3 94.58 -105.0 -106.4 94.81 0.365 0x0000FF
-106.1 -103.8 94.51 -105.4 -105.3 94.58 0.365 0x0000FF
-106.8 -102.0 94.13 -106.1 -103.8 94.51 0.365 0x0000FF
-107.4 -100.0 93.9 -106.8 -102.0 94.13 0.365 0x0000FF
-107.4 -98.19 93.6 -107.4 -100.0 93.9 0.365 0x0000FF
-107.4 -97.46 93.52 -107.4 -98.19 93.6 0.365 0x0000FF
-107.0 -96.73 93.52 -107.4 -97.46 93.52 0.365 0x0000FF
-106.3 -95.46 92.91 -107.0 -96.73 93.52 0.365 0x0000FF
-105.0 -93.82 92.54 -106.3 -95.46 92.91 0.365 0x0000FF
-103.9 -92.0 92.01 -105.0 -93.82 92.54 0.365 0x0000FF
-103.4 -90.72 91.85 -103.9 -92.0 92.01 0.365 0x0000FF
-103.0 -88.54 92.54 -103.4 -90.72 91.85 0.365 0x0000FF
-103.2 -86.9 92.99 -103.0 -88.54 92.54 0.365 0x0000FF
-103.7 -85.26 93.6 -103.2 -86.9 92.99 0.365 0x0000FF
-104.1 -83.62 94.05 -103.7 -85.26 93.6 0.365 0x0000FF
-104.1 -82.52 94.05 -104.1 -83.62 94.05 0.365 0x0000FF
-103.9 -81.06 94.43 -104.1 -82.52 94.05 0.365 0x0000FF
-103.9 -80.15 95.49 -103.9 -81.06 94.43 0.365 0x0000FF
-104.5 -79.43 95.72 -103.9 -80.15 95.49 0.365 0x0000FF
-104.8 -78.88 95.79 -104.5 -79.43 95.72 0.365 0x0000FF
-105.4 -78.51 95.94 -104.8 -78.88 95.79 0.365 0x0000FF
-106.7 -77.59 96.1 -105.4 -78.51 95.94 0.365 0x0000FF
-107.6 -76.87 96.32 -106.7 -77.59 96.1 0.365 0x0000FF
-108.3 -76.15 96.32 -107.6 -76.87 96.32 0.365 0x0000FF
-109.6 -74.69 96.48 -108.3 -76.15 96.32 0.365 0x0000FF
-110.7 -73.59 96.85 -109.6 -74.69 96.48 0.365 0x0000FF
-111.4 -72.68 96.85 -110.7 -73.59 96.85 0.365 0x0000FF
-111.9 -71.77 96.85 -111.4 -72.68 96.85 0.365 0x0000FF
-113.0 -70.68 97.08 -111.9 -71.77 96.85 0.365 0x0000FF
-114.9 -68.86 97.23 -113.0 -70.68 97.08 0.365 0x0000FF
-116.0 -68.13 97.46 -114.9 -68.86 97.23 0.365 0x0000FF
-116.9 -67.22 98.07 -116.0 -68.13 97.46 0.365 0x0000FF
-117.6 -66.48 98.14 -116.9 -67.22 98.07 0.365 0x0000FF
-118.1 -65.76 98.52 -117.6 -66.48 98.14 0.365 0x0000FF
-118.9 -65.2 98.75 -118.1 -65.76 98.52 0.365 0x0000FF
-119.6 -64.84 99.28 -118.9 -65.2 98.75 0.365 0x0000FF
-120.2 -64.67 99.73 -119.6 -64.84 99.28 0.365 0x0000FF
-120.7 -64.48 100.1 -120.2 -64.67 99.73 0.365 0x0000FF
-121.2 -64.48 100.3 -120.7 -64.48 100.1 0.365 0x0000FF
-121.8 -64.48 100.9 -121.2 -64.48 100.3 0.365 0x0000FF
-122.3 -64.67 101.3 -121.8 -64.48 100.9 0.365 0x0000FF
-123.4 -64.12 101.8 -122.3 -64.67 101.3 0.365 0x0000FF
-124.2 -63.76 102.4 -123.4 -64.12 101.8 0.365 0x0000FF
-124.7 -63.57 103.0 -124.2 -63.76 102.4 0.365 0x0000FF
-125.6 -63.57 104.5 -124.7 -63.57 103.0 0.365 0x0000FF
-126.2 -63.94 104.9 -125.6 -63.57 104.5 0.365 0x0000FF
-126.9 -64.12 105.3 -126.2 -63.94 104.9 0.365 0x0000FF
-127.5 -64.12 104.4 -126.9 -64.12 105.3 0.365 0x0000FF
-128.19 -63.76 102.5 -127.5 -64.12 104.4 0.365 0x0000FF
-128.4 -63.76 100.9 -128.19 -63.76 102.5 0.365 0x0000FF
-130.4 -63.39 99.43 -128.4 -63.76 100.9 0.365 0x0000FF
-67.78 -117.1 93.82 -62.31 -115.0 93.6 0.455 0x0000FF
-68.51 -117.7 93.82 -67.78 -117.1 93.82 0.455 0x0000FF
-69.23 -118.8 94.05 -68.51 -117.7 93.82 0.455 0x0000FF
-69.97 -120.6 94.2 -69.23 -118.8 94.05 0.455 0x0000FF
-69.97 -122.4 94.66 -69.97 -120.6 94.2 0.455 0x0000FF
-69.43 -124.8 95.19 -69.97 -122.4 94.66 0.455 0x0000FF
-68.88 -127.3 95.19 -69.43 -124.8 95.19 0.455 0x0000FF
-66.69 -131.3 95.64 -68.88 -127.3 95.19 0.455 0x0000FF
-65.78 -132.6 95.64 -66.69 -131.3 95.64 0.455 0x0000FF
-64.68 -133.9 95.64 -65.78 -132.6 95.64 0.455 0x0000FF
-62.86 -135.0 95.11 -64.68 -133.9 95.64 0.455 0x0000FF
-61.76 -135.69 94.88 -62.86 -135.0 95.11 0.455 0x0000FF
-61.4 -136.1 94.43 -61.76 -135.69 94.88 0.455 0x0000FF
-60.67 -138.3 93.6 -61.4 -136.1 94.43 0.365 0x0000FF
-61.03 -139.4 93.6 -60.67 -138.3 93.6 0.365 0x0000FF
-61.58 -140.3 93.82 -61.03 -139.4 93.6 0.365 0x0000FF
-62.49 -141.6 93.9 -61.58 -140.3 93.82 0.365 0x0000FF
-63.41 -142.69 94.05 -62.49 -141.6 93.9 0.365 0x0000FF
-64.68 -143.69 94.2 -63.41 -142.69 94.05 0.365 0x0000FF
-66.69 -145.0 94.43 -64.68 -143.69 94.2 0.365 0x0000FF
-68.33 -146.1 94.43 -66.69 -145.0 94.43 0.365 0x0000FF
-70.52 -147.4 94.51 -68.33 -146.1 94.43 0.365 0x0000FF
-71.98 -147.8 94.88 -70.52 -147.4 94.51 0.365 0x0000FF
-73.08 -147.8 94.88 -71.98 -147.8 94.88 0.365 0x0000FF
-74.9 -147.9 95.11 -73.08 -147.8 94.88 0.365 0x0000FF
-76.18 -148.1 95.19 -74.9 -147.9 95.11 0.365 0x0000FF
-77.27 -148.3 95.26 -76.18 -148.1 95.19 0.365 0x0000FF
-78.73 -148.3 95.72 -77.27 -148.3 95.26 0.365 0x0000FF
-79.64 -148.5 95.87 -78.73 -148.3 95.72 0.365 0x0000FF
-80.56 -148.5 95.94 -79.64 -148.5 95.87 0.365 0x0000FF
-81.29 -148.5 95.57 -80.56 -148.5 95.94 0.365 0x0000FF
-81.83 -148.3 95.19 -81.29 -148.5 95.57 0.365 0x0000FF
-82.75 -148.1 94.73 -81.83 -148.3 95.19 0.365 0x0000FF
-84.02 -147.6 94.2 -82.75 -148.1 94.73 0.365 0x0000FF
-84.57 -147.0 92.91 -84.02 -147.6 94.2 0.365 0x0000FF
-86.03 -145.8 89.2 -84.57 -147.0 92.91 0.365 0x0000FF
-86.58 -145.19 89.73 -86.03 -145.8 89.2 0.365 0x0000FF
-87.12 -144.8 89.88 -86.58 -145.19 89.73 0.365 0x0000FF
-88.22 -144.1 90.34 -87.12 -144.8 89.88 0.365 0x0000FF
-88.77 -143.69 90.79 -88.22 -144.1 90.34 0.365 0x0000FF
-89.68 -143.4 91.7 -88.77 -143.69 90.79 0.365 0x0000FF
-90.59 -143.0 91.85 -89.68 -143.4 91.7 0.365 0x0000FF
-91.14 -142.8 92.31 -90.59 -143.0 91.85 0.365 0x0000FF
-92.23 -142.8 93.07 -91.14 -142.8 92.31 0.365 0x0000FF
-93.69 -142.8 93.52 -92.23 -142.8 93.07 0.365 0x0000FF
-94.97 -143.0 93.98 -93.69 -142.8 93.52 0.365 0x0000FF
-95.7 -143.19 94.73 -94.97 -143.0 93.98 0.365 0x0000FF
-97.16 -143.19 95.64 -95.7 -143.19 94.73 0.365 0x0000FF
-98.62 -143.6 96.32 -97.16 -143.19 95.64 0.275 0x0000FF
-99.35 -143.9 96.7 -98.62 -143.6 96.32 0.275 0x0000FF
-100.3 -144.1 97.08 -99.35 -143.9 96.7 0.275 0x0000FF
-101.2 -144.5 97.61 -100.3 -144.1 97.08 0.275 0x0000FF
-102.5 -144.8 98.14 -101.2 -144.5 97.61 0.275 0x0000FF
-103.9 -145.0 98.67 -102.5 -144.8 98.14 0.275 0x0000FF
-105.2 -145.0 98.97 -103.9 -145.0 98.67 0.275 0x0000FF
-107.0 -144.8 99.43 -105.2 -145.0 98.97 0.275 0x0000FF
-108.8 -144.3 99.73 -107.0 -144.8 99.43 0.275 0x0000FF
-111.0 -144.3 99.96 -108.8 -144.3 99.73 0.275 0x0000FF
-111.8 -144.3 100.5 -111.0 -144.3 99.96 0.275 0x0000FF
-112.8 -144.3 101.3 -111.8 -144.3 100.5 0.275 0x0000FF
-114.1 -144.3 102.2 -112.8 -144.3 101.3 0.275 0x0000FF
-116.0 -144.69 102.6 -114.1 -144.3 102.2 0.275 0x0000FF
-119.4 -146.1 102.8 -116.0 -144.69 102.6 0.275 0x0000FF
-121.4 -147.9 103.3 -119.4 -146.1 102.8 0.275 0x0000FF
-124.2 -150.69 103.7 -121.4 -147.9 103.3 0.275 0x0000FF
-126.2 -152.69 104.2 -124.2 -150.69 103.7 0.275 0x0000FF
-128.0 -154.69 104.4 -126.2 -152.69 104.2 0.275 0x0000FF
-134.6 -162.69 104.9 -128.0 -154.69 104.4 0.275 0x0000FF
-138.6 -165.6 105.0 -134.6 -162.69 104.9 0.275 0x0000FF
-142.8 -168.9 105.2 -138.6 -165.6 105.0 0.275 0x0000FF
-146.8 -172.9 105.6 -142.8 -168.9 105.2 0.275 0x0000FF
-154.8 -179.6 105.9 -146.8 -172.9 105.6 0.275 0x0000FF
-159.4 -184.7 106.0 -154.8 -179.6 105.9 0.275 0x0000FF
-147.0 -175.8 105.7 -146.8 -172.9 105.6 0.275 0x0000FF
-146.8 -176.5 105.7 -147.0 -175.8 105.7 0.275 0x0000FF
-146.8 -179.6 105.7 -146.8 -176.5 105.7 0.275 0x0000FF
-147.9 -182.9 105.7 -146.8 -179.6 105.7 0.275 0x0000FF
-149.19 -184.6 105.7 -147.9 -182.9 105.7 0.275 0x0000FF
-51.36 -112.0 93.22 -43.18 -111.4 97.89 0.82 0x0000FF
-53.74 -111.5 92.84 -51.36 -112.0 93.22 0.82 0x0000FF
-56.11 -111.3 91.4 -53.74 -111.5 92.84 0.82 0x0000FF
-57.38 -109.8 90.49 -56.11 -111.3 91.4 0.73 0x0000FF
-58.11 -109.3 89.81 -57.38 -109.8 90.49 0.73 0x0000FF
-59.03 -107.7 89.05 -58.11 -109.3 89.81 0.73 0x0000FF
-59.39 -106.4 88.37 -59.03 -107.7 89.05 0.73 0x0000FF
-60.67 -104.4 87.61 -59.39 -106.4 88.37 0.545 0x0000FF
-61.22 -103.7 87.01 -60.67 -104.4 87.61 0.545 0x0000FF
-62.31 -102.8 86.63 -61.22 -103.7 87.01 0.545 0x0000FF
-63.04 -102.2 86.32 -62.31 -102.8 86.63 0.545 0x0000FF
-64.68 -101.5 86.17 -63.04 -102.2 86.32 0.545 0x0000FF
-64.87 -101.3 85.95 -64.68 -101.5 86.17 0.545 0x0000FF
-66.51 -100.9 85.11 -64.87 -101.3 85.95 0.455 0x0000FF
-67.23 -100.9 84.96 -66.51 -100.9 85.11 0.455 0x0000FF
-68.15 -100.9 84.2 -67.23 -100.9 84.96 0.455 0x0000FF
-68.88 -100.9 83.07 -68.15 -100.9 84.2 0.455 0x0000FF
-69.61 -100.9 82.31 -68.88 -100.9 83.07 0.455 0x0000FF
-70.52 -101.1 79.73 -69.61 -100.9 82.31 0.365 0x0000FF
-71.25 -101.1 78.83 -70.52 -101.1 79.73 0.365 0x0000FF
-71.8 -101.1 77.84 -71.25 -101.1 78.83 0.365 0x0000FF
-72.53 -100.9 76.93 -71.8 -101.1 77.84 0.365 0x0000FF
-73.44 -100.7 76.55 -72.53 -100.9 76.93 0.365 0x0000FF
-74.34 -100.6 75.95 -73.44 -100.7 76.55 0.365 0x0000FF
-74.9 -100.6 74.89 -74.34 -100.6 75.95 0.365 0x0000FF
-76.18 -100.2 72.98 -74.9 -100.6 74.89 0.365 0x0000FF
-77.09 -99.47 71.17 -76.18 -100.2 72.98 0.365 0x0000FF
-78.0 -98.37 70.64 -77.09 -99.47 71.17 0.365 0x0000FF
-81.47 -94.37 69.51 -78.0 -98.37 70.64 0.275 0x0000FF
-82.2 -92.91 69.13 -81.47 -94.37 69.51 0.275 0x0000FF
-83.84 -89.99 68.83 -82.2 -92.91 69.13 0.275 0x0000FF
-58.84 -110.8 90.11 -56.11 -111.3 91.4 1.005 0x0000FF
-59.57 -110.6 90.34 -58.84 -110.8 90.11 1.005 0x0000FF
-60.49 -110.2 90.49 -59.57 -110.6 90.34 1.005 0x0000FF
-61.03 -110.2 89.58 -60.49 -110.2 90.49 1.005 0x0000FF
-61.58 -110.2 89.13 -61.03 -110.2 89.58 1.005 0x0000FF
-63.41 -110.4 89.81 -61.58 -110.2 89.13 0.455 0x0000FF
-66.14 -110.2 89.43 -63.41 -110.4 89.81 0.455 0x0000FF
-68.7 -110.2 89.13 -66.14 -110.2 89.43 0.365 0x0000FF
-72.89 -110.6 88.75 -68.7 -110.2 89.13 0.365 0x0000FF
-74.9 -111.1 88.22 -72.89 -110.6 88.75 0.365 0x0000FF
-76.91 -111.1 88.07 -74.9 -111.1 88.22 0.365 0x0000FF
-80.01 -111.5 87.54 -76.91 -111.1 88.07 0.275 0x0000FF
-85.12 -113.7 87.46 -80.01 -111.5 87.54 0.275 0x0000FF
-91.87 -115.0 87.46 -85.12 -113.7 87.46 0.275 0x0000FF
-97.71 -116.8 87.39 -91.87 -115.0 87.46 0.275 0x0000FF
-103.7 -119.5 87.23 -97.71 -116.8 87.39 0.275 0x0000FF
-105.4 -121.5 87.08 -103.7 -119.5 87.23 0.275 0x0000FF
-118.5 -127.9 86.85 -105.4 -121.5 87.08 0.275 0x0000FF
-122.2 -129.69 86.85 -118.5 -127.9 86.85 0.275 0x0000FF
-124.7 -131.5 86.85 -122.2 -129.69 86.85 0.275 0x0000FF
-128.9 -133.9 86.7 -124.7 -131.5 86.85 0.275 0x0000FF
-132.0 -134.8 86.7 -128.9 -133.9 86.7 0.275 0x0000FF
-133.8 -135.19 86.32 -132.0 -134.8 86.7 0.275 0x0000FF
-135.1 -135.5 86.63 -133.8 -135.19 86.32 0.275 0x0000FF
-136.9 -135.5 87.31 -135.1 -135.5 86.63 0.275 0x0000FF
-139.1 -135.5 88.29 -136.9 -135.5 87.31 0.275 0x0000FF
-146.6 -136.8 89.05 -139.1 -135.5 88.29 0.275 0x0000FF
-151.19 -136.6 89.58 -146.6 -136.8 89.05 0.275 0x0000FF
-154.3 -135.5 90.42 -151.19 -136.6 89.58 0.275 0x0000FF
-156.1 -135.19 90.95 -154.3 -135.5 90.42 0.275 0x0000FF
-157.19 -135.0 91.7 -156.1 -135.19 90.95 0.275 0x0000FF
-80.73 -111.9 89.96 -80.01 -111.5 87.54 0.275 0x0000FF
-81.29 -111.7 90.95 -80.73 -111.9 89.96 0.275 0x0000FF
-82.93 -112.0 91.7 -81.29 -111.7 90.95 0.275 0x0000FF
-84.94 -111.5 92.16 -82.93 -112.0 91.7 0.275 0x0000FF
-87.49 -111.1 92.54 -84.94 -111.5 92.16 0.275 0x0000FF
-88.77 -110.8 92.91 -87.49 -111.1 92.54 0.275 0x0000FF
-90.96 -110.8 93.52 -88.77 -110.8 92.91 0.275 0x0000FF
-94.97 -110.8 93.98 -90.96 -110.8 93.52 0.275 0x0000FF
-96.98 -110.8 94.43 -94.97 -110.8 93.98 0.275 0x0000FF
-100.6 -110.6 94.58 -96.98 -110.8 94.43 0.275 0x0000FF
-102.5 -109.5 94.88 -100.6 -110.6 94.58 0.275 0x0000FF
-104.1 -108.6 95.04 -102.5 -109.5 94.88 0.275 0x0000FF
-62.68 -108.8 88.9 -61.58 -110.2 89.13 0.545 0x0000FF
-63.95 -107.5 88.45 -62.68 -108.8 88.9 0.545 0x0000FF
-65.23 -106.2 88.07 -63.95 -107.5 88.45 0.545 0x0000FF
-66.14 -105.5 87.84 -65.23 -106.2 88.07 0.545 0x0000FF
-67.59 -104.4 87.39 -66.14 -105.5 87.84 0.545 0x0000FF
-68.88 -103.3 86.85 -67.59 -104.4 87.39 0.545 0x0000FF
-69.61 -102.6 85.95 -68.88 -103.3 86.85 0.545 0x0000FF
-70.7 -101.8 85.11 -69.61 -102.6 85.95 0.545 0x0000FF
-71.62 -101.3 84.73 -70.7 -101.8 85.11 0.545 0x0000FF
-72.34 -100.6 84.36 -71.62 -101.3 84.73 0.545 0x0000FF
-73.26 -99.28 83.6 -72.34 -100.6 84.36 0.455 0x0000FF
-73.62 -97.83 83.22 -73.26 -99.28 83.6 0.455 0x0000FF
-74.34 -95.46 82.31 -73.62 -97.83 83.22 0.365 0x0000FF
-75.08 -94.37 81.55 -74.34 -95.46 82.31 0.365 0x0000FF
-76.54 -91.81 80.87 -75.08 -94.37 81.55 0.365 0x0000FF
-77.45 -89.99 79.89 -76.54 -91.81 80.87 0.365 0x0000FF
-78.55 -88.54 79.28 -77.45 -89.99 79.89 0.365 0x0000FF
-84.21 -83.8 78.67 -78.55 -88.54 79.28 0.275 0x0000FF
-86.76 -82.16 78.14 -84.21 -83.8 78.67 0.275 0x0000FF
-89.31 -80.52 77.54 -86.76 -82.16 78.14 0.275 0x0000FF
-92.78 -78.88 77.54 -89.31 -80.52 77.54 0.275 0x0000FF
-94.61 -77.59 77.31 -92.78 -78.88 77.54 0.275 0x0000FF
-96.06 -76.51 76.93 -94.61 -77.59 77.31 0.275 0x0000FF
-97.71 -75.78 76.55 -96.06 -76.51 76.93 0.275 0x0000FF
-98.8 -74.87 75.72 -97.71 -75.78 76.55 0.275 0x0000FF
-99.35 -73.78 75.27 -98.8 -74.87 75.72 0.275 0x0000FF
-100.3 -72.5 74.66 -99.35 -73.78 75.27 0.275 0x0000FF
-101.4 -71.04 73.52 -100.3 -72.5 74.66 0.275 0x0000FF
-103.2 -68.86 72.69 -101.4 -71.04 73.52 0.275 0x0000FF
-105.4 -66.12 72.39 -103.2 -68.86 72.69 0.275 0x0000FF
-106.5 -64.48 71.63 -105.4 -66.12 72.39 0.275 0x0000FF
-107.9 -62.12 71.25 -106.5 -64.48 71.63 0.275 0x0000FF
-111.9 -56.47 70.48 -107.9 -62.12 71.25 0.275 0x0000FF
-112.8 -54.83 69.36 -111.9 -56.47 70.48 0.275 0x0000FF
-113.4 -53.55 68.83 -112.8 -54.83 69.36 0.275 0x0000FF
-113.0 -52.82 62.99 -113.4 -53.55 68.83 0.275 0x0000FF
-113.0 -52.28 62.46 -113.0 -52.82 62.99 0.275 0x0000FF
-113.0 -51.73 61.4 -113.0 -52.28 62.46 0.275 0x0000FF
-112.7 -51.0 60.27 -113.0 -51.73 61.4 0.275 0x0000FF
-112.7 -50.27 59.43 -112.7 -51.0 60.27 0.275 0x0000FF
-112.7 -49.54 59.05 -112.7 -50.27 59.43 0.275 0x0000FF
-112.8 -48.82 58.37 -112.7 -49.54 59.05 0.275 0x0000FF
-113.2 -47.54 57.62 -112.8 -48.82 58.37 0.275 0x0000FF
-113.6 -46.26 56.86 -113.2 -47.54 57.62 0.275 0x0000FF
-114.3 -44.26 56.78 -113.6 -46.26 56.86 0.275 0x0000FF
-114.9 -43.17 56.18 -114.3 -44.26 56.78 0.275 0x0000FF
-115.4 -42.44 55.72 -114.9 -43.17 56.18 0.275 0x0000FF
-115.8 -41.89 55.42 -115.4 -42.44 55.72 0.275 0x0000FF
-116.0 -41.71 55.04 -115.8 -41.89 55.42 0.275 0x0000FF
-117.4 -40.25 54.66 -116.0 -41.71 55.04 0.275 0x0000FF
-118.3 -38.79 54.21 -117.4 -40.25 54.66 0.275 0x0000FF
-119.6 -37.34 54.13 -118.3 -38.79 54.21 0.275 0x0000FF
-121.1 -36.24 53.37 -119.6 -37.34 54.13 0.275 0x0000FF
-122.5 -35.15 52.62 -121.1 -36.24 53.37 0.275 0x0000FF
-124.7 -34.06 52.09 -122.5 -35.15 52.62 0.275 0x0000FF
-126.7 -33.15 51.63 -124.7 -34.06 52.09 0.275 0x0000FF
-44.8 -102.4 100.5 -43.18 -111.4 97.89 0.82 0x0000FF
-46.44 -101.3 100.5 -44.8 -102.4 100.5 0.82 0x0000FF
-48.81 -99.83 100.3 -46.44 -101.3 100.5 0.82 0x0000FF
-49.72 -98.92 100.1 -48.81 -99.83 100.3 0.82 0x0000FF
-50.63 -97.46 99.73 -49.72 -98.92 100.1 0.73 0x0000FF
-49.9 -98.19 100.1 -50.63 -97.46 99.73 0.82 0x0000FF
-51.18 -96.37 99.58 -49.9 -98.19 100.1 0.73 0x0000FF
-51.18 -96.01 99.88 -51.18 -96.37 99.58 0.73 0x0000FF
-51.55 -95.64 100.6 -51.18 -96.01 99.88 0.73 0x0000FF
-52.28 -94.18 100.9 -51.55 -95.64 100.6 0.73 0x0000FF
-54.28 -91.45 101.4 -52.28 -94.18 100.9 0.545 0x0000FF
-55.74 -89.26 101.6 -54.28 -91.45 101.4 0.545 0x0000FF
-56.29 -88.72 102.2 -55.74 -89.26 101.6 0.545 0x0000FF
-56.47 -88.35 102.5 -56.29 -88.72 102.2 0.545 0x0000FF
-57.38 -87.26 101.3 -56.47 -88.35 102.5 0.545 0x0000FF
-57.38 -87.08 100.9 -57.38 -87.26 101.3 0.455 0x0000FF
-58.48 -86.17 100.2 -57.38 -87.08 100.9 0.455 0x0000FF
-58.66 -85.98 99.51 -58.48 -86.17 100.2 0.455 0x0000FF
-60.67 -85.26 99.51 -58.66 -85.98 99.51 0.365 0x0000FF
-61.58 -85.26 99.05 -60.67 -85.26 99.51 0.365 0x0000FF
-63.22 -86.71 98.82 -61.58 -85.26 99.05 0.365 0x0000FF
-63.95 -87.44 99.2 -63.22 -86.71 98.82 0.365 0x0000FF
-64.31 -88.17 99.28 -63.95 -87.44 99.2 0.365 0x0000FF
-64.68 -88.54 99.66 -64.31 -88.17 99.28 0.365 0x0000FF
-65.41 -89.45 99.88 -64.68 -88.54 99.66 0.365 0x0000FF
-65.95 -90.72 100.1 -65.41 -89.45 99.88 0.365 0x0000FF
-66.51 -92.36 100.8 -65.95 -90.72 100.1 0.365 0x0000FF
-67.05 -93.82 101.3 -66.51 -92.36 100.8 0.365 0x0000FF
-67.42 -95.46 101.6 -67.05 -93.82 101.3 0.365 0x0000FF
-67.97 -97.1 101.7 -67.42 -95.46 101.6 0.365 0x0000FF
-69.06 -98.74 101.9 -67.97 -97.1 101.7 0.365 0x0000FF
-70.34 -100.0 102.3 -69.06 -98.74 101.9 0.365 0x0000FF
-71.25 -100.7 102.5 -70.34 -100.0 102.3 0.365 0x0000FF
-72.89 -101.5 102.5 -71.25 -100.7 102.5 0.365 0x0000FF
-73.98 -103.1 103.0 -72.89 -101.5 102.5 0.365 0x0000FF
-75.45 -105.1 103.2 -73.98 -103.1 103.0 0.365 0x0000FF
-76.72 -107.3 103.8 -75.45 -105.1 103.2 0.365 0x0000FF
-77.64 -109.3 104.3 -76.72 -107.3 103.8 0.365 0x0000FF
-78.73 -113.0 104.7 -77.64 -109.3 104.3 0.365 0x0000FF
-79.09 -115.5 105.0 -78.73 -113.0 104.7 0.365 0x0000FF
-78.91 -118.6 105.1 -79.09 -115.5 105.0 0.365 0x0000FF
-78.37 -120.4 105.7 -78.91 -118.6 105.1 0.365 0x0000FF
-78.18 -121.3 105.6 -78.37 -120.4 105.7 0.365 0x0000FF
-77.64 -122.1 105.3 -78.18 -121.3 105.6 0.365 0x0000FF
-77.45 -123.2 104.7 -77.64 -122.1 105.3 0.365 0x0000FF
-76.54 -125.0 104.4 -77.45 -123.2 104.7 0.365 0x0000FF
-76.54 -126.1 104.0 -76.54 -125.0 104.4 0.365 0x0000FF
-76.72 -127.2 103.4 -76.54 -126.1 104.0 0.365 0x0000FF
-76.91 -129.19 103.1 -76.72 -127.2 103.4 0.365 0x0000FF
-77.09 -131.0 102.5 -76.91 -129.19 103.1 0.365 0x0000FF
-77.45 -132.8 102.0 -77.09 -131.0 102.5 0.365 0x0000FF
-77.64 -134.4 101.8 -77.45 -132.8 102.0 0.365 0x0000FF
-77.64 -137.0 101.6 -77.64 -134.4 101.8 0.365 0x0000FF
-77.09 -139.0 101.5 -77.64 -137.0 101.6 0.365 0x0000FF
-50.82 -97.46 100.3 -49.9 -98.19 100.1 0.73 0x0000FF
-51.0 -96.92 100.0 -50.82 -97.46 100.3 0.73 0x0000FF
-51.18 -96.73 99.43 -51.0 -96.92 100.0 0.73 0x0000FF
-51.91 -96.37 98.37 -51.18 -96.73 99.43 0.73 0x0000FF
-52.09 -96.37 97.46 -51.91 -96.37 98.37 0.73 0x0000FF
-52.82 -96.19 96.85 -52.09 -96.37 97.46 0.73 0x0000FF
-53.19 -96.01 96.7 -52.82 -96.19 96.85 0.73 0x0000FF
-53.19 -96.01 97.23 -53.19 -96.01 96.7 0.73 0x0000FF
-53.74 -95.82 97.31 -53.19 -96.01 97.23 0.73 0x0000FF
-54.47 -95.64 96.7 -53.74 -95.82 97.31 0.73 0x0000FF
-57.02 -94.0 95.64 -54.47 -95.64 96.7 0.64 0x0000FF
-59.03 -93.09 95.26 -57.02 -94.0 95.64 0.64 0x0000FF
-62.86 -90.36 94.66 -59.03 -93.09 95.26 0.545 0x0000FF
-65.41 -88.72 94.35 -62.86 -90.36 94.66 0.545 0x0000FF
-68.33 -86.9 93.98 -65.41 -88.72 94.35 0.455 0x0000FF
-69.97 -86.17 93.75 -68.33 -86.9 93.98 0.455 0x0000FF
-73.26 -84.34 93.29 -69.97 -86.17 93.75 0.365 0x0000FF
-75.08 -83.62 95.26 -73.26 -84.34 93.29 0.365 0x0000FF
-74.9 -83.62 95.87 -75.08 -83.62 95.26 0.365 0x0000FF
-75.08 -83.43 96.55 -74.9 -83.62 95.87 0.365 0x0000FF
-75.27 -82.89 96.85 -75.08 -83.43 96.55 0.365 0x0000FF
-75.63 -82.34 97.08 -75.27 -82.89 96.85 0.365 0x0000FF
-76.0 -80.88 97.23 -75.63 -82.34 97.08 0.365 0x0000FF
-76.36 -79.97 97.23 -76.0 -80.88 97.23 0.365 0x0000FF
-76.54 -78.88 96.78 -76.36 -79.97 97.23 0.365 0x0000FF
-76.91 -77.23 96.25 -76.54 -78.88 96.78 0.365 0x0000FF
-77.27 -75.95 96.02 -76.91 -77.23 96.25 0.365 0x0000FF
-77.81 -74.14 95.72 -77.27 -75.95 96.02 0.365 0x0000FF
-78.37 -73.05 95.11 -77.81 -74.14 95.72 0.365 0x0000FF
-80.37 -69.77 94.66 -78.37 -73.05 95.11 0.365 0x0000FF
-82.2 -67.95 93.98 -80.37 -69.77 94.66 0.365 0x0000FF
-83.84 -66.84 93.6 -82.2 -67.95 93.98 0.365 0x0000FF
-85.3 -65.94 93.07 -83.84 -66.84 93.6 0.365 0x0000FF
-87.85 -64.67 92.16 -85.3 -65.94 93.07 0.275 0x0000FF
-88.22 -63.76 91.1 -87.85 -64.67 92.16 0.275 0x0000FF
-88.95 -61.39 90.72 -88.22 -63.76 91.1 0.275 0x0000FF
-89.5 -60.29 90.57 -88.95 -61.39 90.72 0.275 0x0000FF
-89.86 -59.02 90.19 -89.5 -60.29 90.57 0.275 0x0000FF
-92.78 -56.1 89.35 -89.86 -59.02 90.19 0.275 0x0000FF
-93.88 -55.37 89.13 -92.78 -56.1 89.35 0.275 0x0000FF
-95.52 -54.65 88.82 -93.88 -55.37 89.13 0.275 0x0000FF
-97.52 -53.92 88.45 -95.52 -54.65 88.82 0.275 0x0000FF
-99.17 -52.82 87.84 -97.52 -53.92 88.45 0.275 0x0000FF
-99.9 -52.46 87.46 -99.17 -52.82 87.84 0.275 0x0000FF
-100.6 -52.1 86.78 -99.9 -52.46 87.46 0.275 0x0000FF
-101.9 -51.73 85.87 -100.6 -52.1 86.78 0.275 0x0000FF
-103.0 -51.37 85.34 -101.9 -51.73 85.87 0.275 0x0000FF
-107.2 -48.27 84.66 -103.0 -51.37 85.34 0.18 0x0000FF
-110.3 -46.63 84.13 -107.2 -48.27 84.66 0.18 0x0000FF
-112.8 -45.35 83.67 -110.3 -46.63 84.13 0.18 0x0000FF
-115.2 -43.71 83.22 -112.8 -45.35 83.67 0.18 0x0000FF
-118.3 -41.71 82.69 -115.2 -43.71 83.22 0.18 0x0000FF
-119.8 -40.61 82.23 -118.3 -41.71 82.69 0.18 0x0000FF
-121.1 -39.89 82.16 -119.8 -40.61 82.23 0.18 0x0000FF
-123.1 -38.97 81.55 -121.1 -39.89 82.16 0.18 0x0000FF
-127.1 -36.97 81.02 -123.1 -38.97 81.55 0.18 0x0000FF
-128.19 -36.79 80.56 -127.1 -36.97 81.02 0.18 0x0000FF
-131.5 -36.43 80.11 -128.19 -36.79 80.56 0.18 0x0000FF
-133.69 -36.24 79.81 -131.5 -36.43 80.11 0.18 0x0000FF
-137.69 -36.24 79.58 -133.69 -36.24 79.81 0.18 0x0000FF
-141.1 -36.24 79.28 -137.69 -36.24 79.58 0.18 0x0000FF
-147.0 -34.79 78.98 -141.1 -36.24 79.28 0.18 0x0000FF
-148.6 -34.42 78.45 -147.0 -34.79 78.98 0.18 0x0000FF
-78.73 -82.16 94.28 -75.08 -83.62 95.26 0.365 0x0000FF
-83.48 -80.15 94.28 -78.73 -82.16 94.28 0.365 0x0000FF
-87.31 -77.59 94.35 -83.48 -80.15 94.28 0.365 0x0000FF
-90.41 -75.78 94.73 -87.31 -77.59 94.35 0.365 0x0000FF
-91.87 -74.87 95.04 -90.41 -75.78 94.73 0.365 0x0000FF
-93.15 -73.78 95.34 -91.87 -74.87 95.04 0.365 0x0000FF
-95.34 -72.14 95.64 -93.15 -73.78 95.34 0.365 0x0000FF
-100.3 -69.04 96.17 -95.34 -72.14 95.64 0.365 0x0000FF
-101.9 -68.68 96.63 -100.3 -69.04 96.17 0.365 0x0000FF
-104.8 -67.4 97.01 -101.9 -68.68 96.63 0.365 0x0000FF
-106.5 -66.84 97.38 -104.8 -67.4 97.01 0.365 0x0000FF
-107.9 -66.67 97.54 -106.5 -66.84 97.38 0.365 0x0000FF
-109.0 -66.31 97.91 -107.9 -66.67 97.54 0.365 0x0000FF
-115.0 -63.76 98.67 -109.0 -66.31 97.91 0.275 0x0000FF
-116.0 -63.21 99.05 -115.0 -63.76 98.67 0.275 0x0000FF
-116.3 -62.48 99.35 -116.0 -63.21 99.05 0.275 0x0000FF
-116.9 -61.75 99.73 -116.3 -62.48 99.35 0.275 0x0000FF
-117.2 -61.02 99.88 -116.9 -61.75 99.73 0.275 0x0000FF
-118.5 -60.11 100.0 -117.2 -61.02 99.88 0.275 0x0000FF
-120.3 -59.2 100.5 -118.5 -60.11 100.0 0.275 0x0000FF
-123.1 -58.29 100.9 -120.3 -59.2 100.5 0.275 0x0000FF
-130.4 -56.1 101.8 -123.1 -58.29 100.9 0.275 0x0000FF
-141.5 -51.0 102.0 -130.4 -56.1 101.8 0.275 0x0000FF
-145.3 -48.09 102.3 -141.5 -51.0 102.0 0.275 0x0000FF
-149.9 -44.44 102.8 -145.3 -48.09 102.3 0.275 0x0000FF
-41.51 -102.0 101.8 -43.18 -111.4 97.89 0.545 0x0000FF
-43.52 -99.83 101.5 -41.51 -102.0 101.8 0.545 0x0000FF
-45.16 -97.64 100.6 -43.52 -99.83 101.5 0.545 0x0000FF
-46.8 -96.19 100.1 -45.16 -97.64 100.6 0.545 0x0000FF
-48.63 -94.37 99.28 -46.8 -96.19 100.1 0.545 0x0000FF
-50.63 -92.73 99.35 -48.63 -94.37 99.28 0.455 0x0000FF
-51.73 -91.27 100.2 -50.63 -92.73 99.35 0.365 0x0000FF
-54.28 -89.45 100.2 -51.73 -91.27 100.2 0.275 0x0000FF
-52.46 -87.99 100.2 -51.73 -91.27 100.2 0.275 0x0000FF
-53.37 -84.16 99.88 -52.46 -87.99 100.2 0.275 0x0000FF
-53.74 -82.16 99.81 -53.37 -84.16 99.88 0.275 0x0000FF
-53.92 -80.52 99.51 -53.74 -82.16 99.81 0.275 0x0000FF
-54.1 -79.61 99.35 -53.92 -80.52 99.51 0.275 0x0000FF
-54.1 -79.23 98.52 -54.1 -79.61 99.35 0.275 0x0000FF
-54.47 -78.51 98.07 -54.1 -79.23 98.52 0.275 0x0000FF
-54.65 -77.42 97.91 -54.47 -78.51 98.07 0.275 0x0000FF
-54.83 -75.42 97.61 -54.65 -77.42 97.91 0.18 0x0000FF
-54.83 -73.78 97.46 -54.83 -75.42 97.61 0.18 0x0000FF
-54.47 -72.5 97.38 -54.83 -73.78 97.46 0.18 0x0000FF
-42.19 -101.3 104.1 -43.18 -111.4 97.89 0.82 0x0000FF
-40.72 -99.88 104.3 -42.19 -101.3 104.1 0.82 0x0000FF
-39.46 -97.52 104.3 -40.72 -99.88 104.3 0.82 0x0000FF
-37.09 -92.96 104.7 -39.46 -97.52 104.3 0.73 0x0000FF
-35.99 -91.14 105.0 -37.09 -92.96 104.7 0.73 0x0000FF
-34.53 -89.68 105.1 -35.99 -91.14 105.0 0.73 0x0000FF
-32.34 -87.13 105.8 -34.53 -89.68 105.1 0.64 0x0000FF
-31.25 -85.13 106.5 -32.34 -87.13 105.8 0.64 0x0000FF
-30.7 -82.76 106.7 -31.25 -85.13 106.5 0.64 0x0000FF
-29.79 -80.56 106.9 -30.7 -82.76 106.7 0.64 0x0000FF
-28.51 -78.75 107.2 -29.79 -80.56 106.9 0.64 0x0000FF
-27.23 -77.47 107.6 -28.51 -78.75 107.2 0.545 0x0000FF
-26.69 -76.75 107.9 -27.23 -77.47 107.6 0.545 0x0000FF
-25.59 -75.47 108.5 -26.69 -76.75 107.9 0.455 0x0000FF
-25.23 -74.38 108.9 -25.59 -75.47 108.5 0.455 0x0000FF
-24.68 -72.37 109.3 -25.23 -74.38 108.9 0.455 0x0000FF
-25.23 -70.55 109.8 -24.68 -72.37 109.3 0.455 0x0000FF
-25.59 -69.45 110.5 -25.23 -70.55 109.8 0.455 0x0000FF
-26.14 -69.09 110.9 -25.59 -69.45 110.5 0.455 0x0000FF
-26.69 -68.73 111.3 -26.14 -69.09 110.9 0.455 0x0000FF
-27.42 -68.0 112.5 -26.69 -68.73 111.3 0.455 0x0000FF
-28.15 -67.09 112.9 -27.42 -68.0 112.5 0.455 0x0000FF
-28.51 -63.99 113.6 -28.15 -67.09 112.9 0.365 0x0000FF
-28.51 -63.08 114.3 -28.51 -63.99 113.6 0.365 0x0000FF
-27.96 -61.62 115.2 -28.51 -63.08 114.3 0.365 0x0000FF
-27.6 -60.35 115.8 -27.96 -61.62 115.2 0.365 0x0000FF
-27.23 -59.62 116.2 -27.6 -60.35 115.8 0.365 0x0000FF
-27.05 -58.89 116.8 -27.23 -59.62 116.2 0.365 0x0000FF
-27.05 -57.43 117.5 -27.05 -58.89 116.8 0.365 0x0000FF
-27.05 -55.97 118.4 -27.05 -57.43 117.5 0.365 0x0000FF
-26.87 -54.7 118.8 -27.05 -55.97 118.4 0.365 0x0000FF
-26.87 -53.97 119.5 -26.87 -54.7 118.8 0.365 0x0000FF
-26.87 -53.24 119.8 -26.87 -53.97 119.5 0.365 0x0000FF
-27.05 -51.97 120.7 -26.87 -53.24 119.8 0.365 0x0000FF
-26.87 -50.87 121.1 -27.05 -51.97 120.7 0.365 0x0000FF
-26.69 -49.78 121.8 -26.87 -50.87 121.1 0.365 0x0000FF
-26.32 -49.05 122.3 -26.69 -49.78 121.8 0.365 0x0000FF
-26.14 -48.5 122.9 -26.32 -49.05 122.3 0.365 0x0000FF
-25.59 -47.59 123.2 -26.14 -48.5 122.9 0.365 0x0000FF
-25.41 -46.86 124.2 -25.59 -47.59 123.2 0.365 0x0000FF
-24.86 -46.32 124.7 -25.41 -46.86 124.2 0.365 0x0000FF
-24.68 -45.95 125.6 -24.86 -46.32 124.7 0.365 0x0000FF
-24.13 -45.22 125.6 -24.68 -45.95 125.6 0.365 0x0000FF
-23.95 -44.68 125.8 -24.13 -45.22 125.6 0.365 0x0000FF
-23.77 -43.95 126.0 -23.95 -44.68 125.8 0.365 0x0000FF
-23.77 -43.4 126.2 -23.77 -43.95 126.0 0.365 0x0000FF
-24.31 -42.49 126.2 -23.77 -43.4 126.2 0.365 0x0000FF
-24.13 -33.93 126.6 -24.31 -42.49 126.2 0.365 0x0000FF
-24.5 -32.84 126.6 -24.13 -33.93 126.6 0.365 0x0000FF
-24.5 -31.38 126.8 -24.5 -32.84 126.6 0.365 0x0000FF
-24.5 -29.56 127.1 -24.5 -31.38 126.8 0.365 0x0000FF
-24.31 -27.55 127.2 -24.5 -29.56 127.1 0.365 0x0000FF
-23.95 -24.64 127.5 -24.31 -27.55 127.2 0.365 0x0000FF
-25.04 -16.8 127.5 -23.95 -24.64 127.5 0.365 0x0000FF
-24.86 -12.98 127.9 -25.04 -16.8 127.5 0.365 0x0000FF
-25.04 -10.24 128.1 -24.86 -12.98 127.9 0.365 0x0000FF
-25.04 -9.15 128.3 -25.04 -10.24 128.1 0.365 0x0000FF
-24.46 -6.59 129.0 -25.04 -9.15 128.3 0.365 0x0000FF
-37.04 -96.59 107.2 -39.46 -97.52 104.3 0.455 0x0000FF
-36.32 -95.87 107.6 -37.04 -96.59 107.2 0.455 0x0000FF
-35.78 -95.5 107.6 -36.32 -95.87 107.6 0.455 0x0000FF
-35.4 -94.95 107.8 -35.78 -95.5 107.6 0.455 0x0000FF
-35.04 -94.04 108.1 -35.4 -94.95 107.8 0.455 0x0000FF
-34.5 -93.13 108.2 -35.04 -94.04 108.1 0.455 0x0000FF
-34.32 -92.59 108.4 -34.5 -93.13 108.2 0.455 0x0000FF
-33.95 -91.86 108.6 -34.32 -92.59 108.4 0.455 0x0000FF
-33.59 -90.95 108.8 -33.95 -91.86 108.6 0.455 0x0000FF
-32.31 -89.12 109.0 -33.59 -90.95 108.8 0.365 0x0000FF
-31.4 -88.58 109.1 -32.31 -89.12 109.0 0.365 0x0000FF
-30.3 -88.21 109.3 -31.4 -88.58 109.1 0.365 0x0000FF
-29.39 -87.85 109.4 -30.3 -88.21 109.3 0.365 0x0000FF
-28.3 -87.48 109.7 -29.39 -87.85 109.4 0.365 0x0000FF
-27.38 -87.12 109.8 -28.3 -87.48 109.7 0.365 0x0000FF
-26.84 -86.76 110.0 -27.38 -87.12 109.8 0.365 0x0000FF
-25.92 -86.03 110.6 -26.84 -86.76 110.0 0.365 0x0000FF
-25.56 -85.66 110.9 -25.92 -86.03 110.6 0.365 0x0000FF
-25.38 -85.12 111.3 -25.56 -85.66 110.9 0.365 0x0000FF
-24.83 -84.2 111.9 -25.38 -85.12 111.3 0.365 0x0000FF
-24.28 -83.84 112.4 -24.83 -84.2 111.9 0.365 0x0000FF
-20.27 -82.75 112.7 -24.28 -83.84 112.4 0.275 0x0000FF
-18.44 -81.47 112.8 -20.27 -82.75 112.7 0.275 0x0000FF
-17.89 -80.73 113.1 -18.44 -81.47 112.8 0.275 0x0000FF
-14.98 -79.65 113.1 -17.89 -80.73 113.1 0.275 0x0000FF
-11.69 -78.19 113.1 -14.98 -79.65 113.1 0.275 0x0000FF
-10.23 -77.65 113.1 -11.69 -78.19 113.1 0.275 0x0000FF
-9.86 -77.45 113.1 -10.23 -77.65 113.1 0.275 0x0000FF
-9.32 -76.92 112.8 -9.86 -77.45 113.1 0.275 0x0000FF
-38.15 -111.3 95.94 -43.18 -111.4 97.89 0.91 0x0000FF
-35.42 -110.4 95.26 -38.15 -111.3 95.94 0.91 0x0000FF
-31.59 -109.6 94.51 -35.42 -110.4 95.26 0.91 0x0000FF
-27.39 -108.4 93.52 -31.59 -109.6 94.51 0.82 0x0000FF
-25.2 -107.8 92.84 -27.39 -108.4 93.52 0.82 0x0000FF
-22.83 -106.5 92.54 -25.2 -107.8 92.84 0.82 0x0000FF
-15.53 -104.5 92.23 -22.83 -106.5 92.54 0.73 0x0000FF
-11.15 -103.4 91.48 -15.53 -104.5 92.23 0.73 0x0000FF
-6.96 -102.5 91.32 -11.15 -103.4 91.48 0.73 0x0000FF
-3.67 -102.0 92.08 -6.96 -102.5 91.32 0.73 0x0000FF
-0.75 -101.4 92.38 -3.67 -102.0 92.08 0.73 0x0000FF
3.44 -99.44 92.84 -0.75 -101.4 92.38 0.73 0x0000FF
7.28 -98.16 93.45 3.44 -99.44 92.84 0.64 0x0000FF
10.56 -97.61 93.67 7.28 -98.16 93.45 0.64 0x0000FF
12.38 -97.07 94.2 10.56 -97.61 93.67 0.64 0x0000FF
15.49 -96.52 94.51 12.38 -97.07 94.2 0.64 0x0000FF
18.59 -95.79 95.34 15.49 -96.52 94.51 0.455 0x0000FF
21.32 -95.43 95.87 18.59 -95.79 95.34 0.455 0x0000FF
24.24 -94.52 96.32 21.32 -95.43 95.87 0.455 0x0000FF
27.35 -93.42 97.08 24.24 -94.52 96.32 0.455 0x0000FF
28.44 -93.24 97.84 27.35 -93.42 97.08 0.455 0x0000FF
29.53 -92.88 98.44 28.44 -93.24 97.84 0.455 0x0000FF
30.81 -92.15 98.67 29.53 -92.88 98.44 0.455 0x0000FF
31.36 -91.97 99.28 30.81 -92.15 98.67 0.455 0x0000FF
32.09 -91.97 99.96 31.36 -91.97 99.28 0.455 0x0000FF
34.28 -92.15 101.3 32.09 -91.97 99.96 0.455 0x0000FF
34.83 -92.15 101.7 34.28 -92.15 101.3 0.455 0x0000FF
36.1 -92.15 102.6 34.83 -92.15 101.7 0.455 0x0000FF
36.83 -92.15 103.6 36.1 -92.15 102.6 0.455 0x0000FF
37.56 -92.15 104.1 36.83 -92.15 103.6 0.455 0x0000FF
37.93 -92.15 105.0 37.56 -92.15 104.1 0.455 0x0000FF
40.11 -92.15 105.6 37.93 -92.15 105.0 0.455 0x0000FF
42.85 -92.33 109.3 40.11 -92.15 105.6 0.365 0x0000FF
46.14 -91.42 109.6 42.85 -92.33 109.3 0.275 0x0000FF
-16.63 -102.5 92.76 -22.83 -106.5 92.54 0.455 0x0000FF
-13.89 -101.3 92.38 -16.63 -102.5 92.76 0.455 0x0000FF
-12.61 -100.5 92.08 -13.89 -101.3 92.38 0.455 0x0000FF
-9.88 -99.07 91.55 -12.61 -100.5 92.08 0.455 0x0000FF
-7.5 -97.8 90.57 -9.88 -99.07 91.55 0.455 0x0000FF
-4.4 -96.7 89.81 -7.5 -97.8 90.57 0.455 0x0000FF
0.16 -94.88 89.35 -4.4 -96.7 89.81 0.455 0x0000FF
12.38 -88.87 88.6 0.16 -94.88 89.35 0.365 0x0000FF
14.94 -87.05 88.22 12.38 -88.87 88.6 0.365 0x0000FF
17.86 -85.22 88.07 14.94 -87.05 88.22 0.365 0x0000FF
20.23 -83.77 87.16 17.86 -85.22 88.07 0.365 0x0000FF
23.51 -81.58 86.4 20.23 -83.77 87.16 0.365 0x0000FF
25.7 -79.94 85.72 23.51 -81.58 86.4 0.365 0x0000FF
27.35 -79.2 85.19 25.7 -79.94 85.72 0.365 0x0000FF
35.74 -76.11 83.75 27.35 -79.2 85.19 0.365 0x0000FF
50.7 -70.28 83.14 35.74 -76.11 83.75 0.365 0x0000FF
55.44 -66.81 82.16 50.7 -70.28 83.14 0.365 0x0000FF
60.73 -63.36 81.25 55.44 -66.81 82.16 0.365 0x0000FF
68.58 -58.08 80.64 60.73 -63.36 81.25 0.365 0x0000FF
71.86 -56.8 81.48 68.58 -58.08 80.64 0.365 0x0000FF
73.31 -55.89 82.23 71.86 -56.8 81.48 0.365 0x0000FF
77.52 -54.98 82.69 73.31 -55.89 82.23 0.365 0x0000FF
80.44 -54.07 83.14 77.52 -54.98 82.69 0.365 0x0000FF
77.15 -53.34 81.86 73.31 -55.89 82.23 0.365 0x0000FF
78.25 -52.25 80.87 77.15 -53.34 81.86 0.365 0x0000FF
81.72 -48.97 80.04 78.25 -52.25 80.87 0.365 0x0000FF
84.64 -46.6 79.58 81.72 -48.97 80.04 0.365 0x0000FF
91.2 -42.11 78.9 84.64 -46.6 79.58 0.365 0x0000FF
92.85 -41.02 78.75 91.2 -42.11 78.9 0.365 0x0000FF
94.67 -40.29 78.37 92.85 -41.02 78.75 0.365 0x0000FF
96.13 -39.56 78.22 94.67 -40.29 78.37 0.365 0x0000FF
97.04 -38.83 78.22 96.13 -39.56 78.22 0.365 0x0000FF
97.77 -38.1 78.06 97.04 -38.83 78.22 0.365 0x0000FF
98.5 -37.19 77.69 97.77 -38.1 78.06 0.365 0x0000FF
99.41 -36.28 77.54 98.5 -37.19 77.69 0.365 0x0000FF
100.1 -35.36 77.45 99.41 -36.28 77.54 0.365 0x0000FF
101.6 -34.46 77.31 100.1 -35.36 77.45 0.365 0x0000FF
103.3 -33.54 77.31 101.6 -34.46 77.31 0.365 0x0000FF
105.4 -32.46 77.01 103.3 -33.54 77.31 0.365 0x0000FF
107.1 -31.18 76.93 105.4 -32.46 77.01 0.365 0x0000FF
108.3 -29.72 76.78 107.1 -31.18 76.93 0.365 0x0000FF
109.3 -27.9 76.78 108.3 -29.72 76.78 0.365 0x0000FF
110.5 -24.8 76.7 109.3 -27.9 76.78 0.365 0x0000FF
110.9 -23.35 76.48 110.5 -24.8 76.7 0.365 0x0000FF
111.3 -22.07 76.17 110.9 -23.35 76.48 0.365 0x0000FF
112.0 -20.61 76.09 111.3 -22.07 76.17 0.365 0x0000FF
-38.89 -114.7 99.13 -43.18 -111.4 97.89 0.73 0x0000FF
-36.33 -116.4 98.9 -38.89 -114.7 99.13 0.73 0x0000FF
-33.78 -117.5 98.44 -36.33 -116.4 98.9 0.73 0x0000FF
-31.59 -118.4 99.43 -33.78 -117.5 98.44 0.73 0x0000FF
-30.13 -119.3 99.81 -31.59 -118.4 99.43 0.73 0x0000FF
-28.85 -120.2 100.6 -30.13 -119.3 99.81 0.73 0x0000FF
-27.57 -121.3 101.0 -28.85 -120.2 100.6 0.73 0x0000FF
-24.11 -124.2 101.5 -27.57 -121.3 101.0 0.64 0x0000FF
-22.83 -125.7 101.8 -24.11 -124.2 101.5 0.64 0x0000FF
-20.64 -127.7 102.1 -22.83 -125.7 101.8 0.64 0x0000FF
-19.55 -128.4 102.2 -20.64 -127.7 102.1 0.64 0x0000FF
-18.45 -129.3 102.5 -19.55 -128.4 102.2 0.64 0x0000FF
-15.53 -131.1 102.6 -18.45 -129.3 102.5 0.64 0x0000FF
-12.98 -132.8 103.7 -15.53 -131.1 102.6 0.64 0x0000FF
-10.61 -134.4 103.8 -12.98 -132.8 103.7 0.64 0x0000FF
-8.77 -135.69 103.4 -10.61 -134.4 103.8 0.545 0x0000FF
-8.23 -135.9 102.3 -8.77 -135.69 103.4 0.545 0x0000FF
-7.69 -136.19 101.9 -8.23 -135.9 102.3 0.545 0x0000FF
-7.5 -136.6 100.6 -7.69 -136.19 101.9 0.545 0x0000FF
-7.14 -137.0 99.35 -7.5 -136.6 100.6 0.545 0x0000FF
-5.68 -138.1 98.44 -7.14 -137.0 99.35 0.545 0x0000FF
-4.95 -138.6 96.93 -5.68 -138.1 98.44 0.455 0x0000FF
-4.4 -139.0 96.4 -4.95 -138.6 96.93 0.455 0x0000FF
-1.66 -141.0 94.35 -4.4 -139.0 96.4 0.365 0x0000FF
0.52 -141.3 94.28 -1.66 -141.0 94.35 0.18 0x0000FF
1.44 -141.3 94.05 0.52 -141.3 94.28 0.18 0x0000FF
1.98 -141.3 93.82 1.44 -141.3 94.05 0.18 0x0000FF
2.52 -141.19 93.45 1.98 -141.3 93.82 0.18 0x0000FF
4.17 -141.3 93.07 2.52 -141.19 93.45 0.18 0x0000FF
4.72 -141.5 92.69 4.17 -141.3 93.07 0.18 0x0000FF
5.63 -141.69 92.46 4.72 -141.5 92.69 0.18 0x0000FF
6.18 -141.9 91.63 5.63 -141.69 92.46 0.18 0x0000FF
6.55 -142.3 90.95 6.18 -141.9 91.63 0.18 0x0000FF
7.28 -143.0 90.19 6.55 -142.3 90.95 0.18 0x0000FF
7.46 -143.5 89.73 7.28 -143.0 90.19 0.18 0x0000FF
7.64 -143.9 89.05 7.46 -143.5 89.73 0.18 0x0000FF
7.64 -144.3 87.99 7.64 -143.9 89.05 0.18 0x0000FF
7.64 -145.3 87.16 7.64 -144.3 87.99 0.18 0x0000FF
7.46 -146.3 86.7 7.64 -145.3 87.16 0.18 0x0000FF
7.28 -146.6 86.02 7.46 -146.3 86.7 0.18 0x0000FF
6.91 -147.0 85.04 7.28 -146.6 86.02 0.18 0x0000FF
6.73 -147.3 84.89 6.91 -147.0 85.04 0.18 0x0000FF
6.18 -148.1 84.13 6.73 -147.3 84.89 0.18 0x0000FF
6.0 -148.4 83.6 6.18 -148.1 84.13 0.18 0x0000FF
6.0 -149.0 83.6 6.0 -148.4 83.6 0.18 0x0000FF
6.0 -149.9 83.45 6.0 -149.0 83.6 0.18 0x0000FF
4.9 -151.0 83.22 6.0 -149.9 83.45 0.18 0x0000FF
3.81 -151.6 82.99 4.9 -151.0 83.22 0.18 0x0000FF
-0.01 -142.1 93.6 -1.66 -141.0 94.35 0.18 0x0000FF
0.16 -143.0 93.6 -0.01 -142.1 93.6 0.18 0x0000FF
-0.21 -143.9 93.6 0.16 -143.0 93.6 0.18 0x0000FF
-0.94 -144.4 93.6 -0.21 -143.9 93.6 0.18 0x0000FF
-1.66 -144.8 93.6 -0.94 -144.4 93.6 0.18 0x0000FF
-2.94 -146.3 93.6 -1.66 -144.8 93.6 0.18 0x0000FF
