49.1 73.67 -7.3 58.03 72.29 1.18 0.91 0x0000FF
47.1 72.58 -7.83 49.1 73.67 -7.3 0.91 0x0000FF
44.73 72.2 -8.28 47.1 72.58 -7.83 0.91 0x0000FF
43.08 72.03 -8.89 44.73 72.2 -8.28 0.91 0x0000FF
41.99 71.84 -8.67 43.08 72.03 -8.89 0.91 0x0000FF
40.89 71.84 -7.91 41.99 71.84 -8.67 0.91 0x0000FF
39.97 71.66 -7.0 40.89 71.84 -7.91 0.91 0x0000FF
38.15 72.39 -6.92 39.97 71.66 -7.0 0.545 0x0000FF
37.06 72.39 -6.47 38.15 72.39 -6.92 0.545 0x0000FF
36.52 72.39 -5.71 37.06 72.39 -6.47 0.545 0x0000FF
35.42 72.39 -5.03 36.52 72.39 -5.71 0.545 0x0000FF
33.96 72.39 -4.95 35.42 72.39 -5.03 0.545 0x0000FF
32.68 71.84 -4.12 33.96 72.39 -4.95 0.545 0x0000FF
31.04 71.48 -3.82 32.68 71.84 -4.12 0.545 0x0000FF
28.85 70.75 -3.74 31.04 71.48 -3.82 0.545 0x0000FF
27.03 70.2 -3.67 28.85 70.75 -3.74 0.545 0x0000FF
25.57 70.03 -3.29 27.03 70.2 -3.67 0.545 0x0000FF
23.01 69.66 -3.14 25.57 70.03 -3.29 0.545 0x0000FF
20.28 69.84 -3.14 23.01 69.66 -3.14 0.545 0x0000FF
19.18 70.2 -3.74 20.28 69.84 -3.14 0.545 0x0000FF
17.54 70.39 -4.42 19.18 70.2 -3.74 0.545 0x0000FF
16.45 70.75 -4.73 17.54 70.39 -4.42 0.545 0x0000FF
15.35 71.66 -5.18 16.45 70.75 -4.73 0.545 0x0000FF
14.62 71.84 -5.33 15.35 71.66 -5.18 0.545 0x0000FF
13.34 72.39 -5.33 14.62 71.84 -5.33 0.545 0x0000FF
12.61 72.76 -5.79 13.34 72.39 -5.33 0.545 0x0000FF
10.42 72.94 -6.85 12.61 72.76 -5.79 0.545 0x0000FF
9.33 72.76 -7.53 10.42 72.94 -6.85 0.545 0x0000FF
8.77 72.58 -8.21 9.33 72.76 -7.53 0.545 0x0000FF
7.87 72.03 -8.74 8.77 72.58 -8.21 0.545 0x0000FF
7.32 71.48 -9.11 7.87 72.03 -8.74 0.545 0x0000FF
6.78 71.12 -9.42 7.32 71.48 -9.11 0.545 0x0000FF
6.41 70.56 -10.02 6.78 71.12 -9.42 0.545 0x0000FF
5.86 70.39 -10.11 6.41 70.56 -10.02 0.545 0x0000FF
5.68 70.03 -10.71 5.86 70.39 -10.11 0.545 0x0000FF
4.76 69.3 -11.39 5.68 70.03 -10.71 0.545 0x0000FF
4.04 68.75 -12.07 4.76 69.3 -11.39 0.545 0x0000FF
3.31 68.39 -12.91 4.04 68.75 -12.07 0.545 0x0000FF
2.02 67.66 -13.74 3.31 68.39 -12.91 0.545 0x0000FF
0.94 66.93 -14.65 2.02 67.66 -13.74 0.545 0x0000FF
0.56 66.56 -14.8 0.94 66.93 -14.65 0.545 0x0000FF
0.39 65.83 -15.71 0.56 66.56 -14.8 0.545 0x0000FF
0.03 64.73 -16.23 0.39 65.83 -15.71 0.545 0x0000FF
-0.16 64.01 -16.47 0.03 64.73 -16.23 0.545 0x0000FF
-0.34 63.47 -17.14 -0.16 64.01 -16.47 0.545 0x0000FF
-1.62 59.82 -17.76 -0.34 63.47 -17.14 0.455 0x0000FF
-2.71 58.18 -18.59 -1.62 59.82 -17.76 0.455 0x0000FF
-3.44 56.72 -19.57 -2.71 58.18 -18.59 0.455 0x0000FF
-4.54 54.9 -19.95 -3.44 56.72 -19.57 0.455 0x0000FF
-5.27 53.81 -20.63 -4.54 54.9 -19.95 0.455 0x0000FF
-6.0 53.08 -21.16 -5.27 53.81 -20.63 0.455 0x0000FF
-6.54 52.72 -22.91 -6.0 53.08 -21.16 0.455 0x0000FF
-7.46 52.35 -24.04 -6.54 52.72 -22.91 0.455 0x0000FF
-10.92 51.62 -24.72 -7.46 52.35 -24.04 0.455 0x0000FF
-16.21 52.17 -26.01 -10.92 51.62 -24.72 0.455 0x0000FF
-24.42 51.81 -27.22 -16.21 52.17 -26.01 0.455 0x0000FF
-30.44 49.98 -27.53 -24.42 51.81 -27.22 0.365 0x0000FF
-32.11 46.03 -27.07 -30.44 49.98 -27.53 0.365 0x0000FF
-34.11 40.2 -27.0 -32.11 46.03 -27.07 0.365 0x0000FF
-34.49 36.36 -27.0 -34.11 40.2 -27.0 0.365 0x0000FF
-36.13 34.0 -27.07 -34.49 36.36 -27.0 0.365 0x0000FF
-37.04 30.54 -27.53 -36.13 34.0 -27.07 0.365 0x0000FF
-40.33 24.71 -27.83 -37.04 30.54 -27.53 0.365 0x0000FF
-43.25 21.25 -28.21 -40.33 24.71 -27.83 0.365 0x0000FF
-45.25 19.05 -28.74 -43.25 21.25 -28.21 0.365 0x0000FF
-48.54 17.05 -28.97 -45.25 19.05 -28.74 0.365 0x0000FF
-51.82 15.42 -29.42 -48.54 17.05 -28.97 0.365 0x0000FF
-55.29 13.6 -29.8 -51.82 15.42 -29.42 0.365 0x0000FF
-57.84 11.04 -30.25 -55.29 13.6 -29.8 0.365 0x0000FF
-58.76 9.22 -30.94 -57.84 11.04 -30.25 0.365 0x0000FF
-59.85 6.85 -31.39 -58.76 9.22 -30.94 0.365 0x0000FF
-60.58 5.21 -31.62 -59.85 6.85 -31.39 0.365 0x0000FF
-61.49 3.39 -30.63 -60.58 5.21 -31.62 0.365 0x0000FF
-61.86 2.48 -30.18 -61.49 3.39 -30.63 0.365 0x0000FF
-62.95 0.84 -27.6 -61.86 2.48 -30.18 0.365 0x0000FF
-66.23 -3.9 -26.69 -62.95 0.84 -27.6 0.365 0x0000FF
-69.34 -6.45 -26.69 -66.23 -3.9 -26.69 0.365 0x0000FF
-73.17 -8.27 -26.47 -69.34 -6.45 -26.69 0.365 0x0000FF
-77.91 -9.73 -26.39 -73.17 -8.27 -26.47 0.365 0x0000FF
-78.09 -11.37 -26.39 -77.91 -9.73 -26.39 0.365 0x0000FF
-80.09 -12.28 -26.39 -78.09 -11.37 -26.39 0.365 0x0000FF
-82.66 -12.82 -26.47 -80.09 -12.28 -26.39 0.365 0x0000FF
-87.04 -13.19 -26.39 -82.66 -12.82 -26.47 0.365 0x0000FF
-88.49 -13.37 -26.47 -87.04 -13.19 -26.39 0.365 0x0000FF
-96.16 -10.82 -25.63 -77.91 -9.73 -26.39 0.365 0x0000FF
-33.21 32.18 -26.77 -34.49 36.36 -27.0 0.365 0x0000FF
-32.65 30.9 -26.54 -33.21 32.18 -26.77 0.365 0x0000FF
-31.57 29.45 -26.24 -32.65 30.9 -26.54 0.365 0x0000FF
-30.84 27.81 -26.09 -31.57 29.45 -26.24 0.365 0x0000FF
-30.47 25.98 -25.63 -30.84 27.81 -26.09 0.365 0x0000FF
-30.29 24.71 -25.48 -30.47 25.98 -25.63 0.365 0x0000FF
-29.93 22.52 -25.26 -30.29 24.71 -25.48 0.365 0x0000FF
-29.38 17.6 -24.42 -29.93 22.52 -25.26 0.275 0x0000FF
-29.38 16.69 -24.27 -29.38 17.6 -24.42 0.275 0x0000FF
-29.2 15.96 -24.12 -29.38 16.69 -24.27 0.275 0x0000FF
-33.18 50.35 -27.53 -30.44 49.98 -27.53 0.365 0x0000FF
-42.15 49.12 -27.75 -33.18 50.35 -27.53 0.365 0x0000FF
-45.98 48.76 -27.91 -42.15 49.12 -27.75 0.365 0x0000FF
-49.45 48.21 -28.29 -45.98 48.76 -27.91 0.365 0x0000FF
-54.74 46.94 -28.44 -49.45 48.21 -28.29 0.365 0x0000FF
-59.85 45.3 -28.44 -54.74 46.94 -28.44 0.365 0x0000FF
-63.32 45.12 -28.13 -59.85 45.3 -28.44 0.365 0x0000FF
-67.15 45.12 -27.6 -63.32 45.12 -28.13 0.365 0x0000FF
-70.43 45.12 -27.15 -67.15 45.12 -27.6 0.365 0x0000FF
-73.72 44.75 -26.69 -70.43 45.12 -27.15 0.365 0x0000FF
-76.09 43.84 -26.32 -73.72 44.75 -26.69 0.365 0x0000FF
-78.28 42.56 -25.79 -76.09 43.84 -26.32 0.365 0x0000FF
-81.93 41.65 -25.41 -78.28 42.56 -25.79 0.365 0x0000FF
-85.76 42.02 -24.95 -81.93 41.65 -25.41 0.365 0x0000FF
-89.77 44.02 -24.42 -85.76 42.02 -24.95 0.365 0x0000FF
-93.79 45.84 -23.66 -89.77 44.02 -24.42 0.365 0x0000FF
-102.91 46.21 -23.44 -93.79 45.84 -23.66 0.365 0x0000FF
-108.56 45.48 -22.98 -102.91 46.21 -23.44 0.365 0x0000FF
-113.49 44.93 -22.68 -108.56 45.48 -22.98 0.365 0x0000FF
-118.05 43.66 -22.07 -113.49 44.93 -22.68 0.365 0x0000FF
-123.34 40.74 -21.77 -118.05 43.66 -22.07 0.365 0x0000FF
-128.82 35.82 -21.39 -123.34 40.74 -21.77 0.365 0x0000FF
-131.55 34.54 -21.24 -128.82 35.82 -21.39 0.365 0x0000FF
-134.11 33.09 -22.07 -131.55 34.54 -21.24 0.365 0x0000FF
-136.47 31.63 -22.98 -134.11 33.09 -22.07 0.365 0x0000FF
-149.25 28.72 -23.82 -136.47 31.63 -22.98 0.365 0x0000FF
-154.91 27.08 -24.19 -149.25 28.72 -23.82 0.365 0x0000FF
49.26 70.08 -0.48 58.03 72.29 1.18 0.91 0x0000FF
46.7 69.7 -0.48 49.26 70.08 -0.48 0.91 0x0000FF
43.42 69.34 -1.85 46.7 69.7 -0.48 0.91 0x0000FF
40.86 68.8 -1.77 43.42 69.34 -1.85 0.91 0x0000FF
38.67 68.06 -1.02 40.86 68.8 -1.77 0.91 0x0000FF
37.22 66.98 -0.48 38.67 68.06 -1.02 0.91 0x0000FF
34.29 65.34 -0.11 37.22 66.98 -0.48 0.91 0x0000FF
30.65 64.61 0.42 34.29 65.34 -0.11 0.91 0x0000FF
24.81 64.43 0.95 30.65 64.61 0.42 0.91 0x0000FF
23.71 64.43 1.11 24.81 64.43 0.95 0.91 0x0000FF
21.71 64.43 1.56 23.71 64.43 1.11 0.91 0x0000FF
18.61 64.06 2.39 21.71 64.43 1.56 0.91 0x0000FF
17.51 64.06 2.62 18.61 64.06 2.39 0.91 0x0000FF
15.32 64.61 2.85 17.51 64.06 2.62 0.82 0x0000FF
13.86 64.79 2.92 15.32 64.61 2.85 0.82 0x0000FF
12.77 64.79 3.23 13.86 64.79 2.92 0.82 0x0000FF
11.31 65.16 3.53 12.77 64.79 3.23 0.82 0x0000FF
10.21 64.98 3.76 11.31 65.16 3.53 0.82 0x0000FF
7.66 65.34 5.04 10.21 64.98 3.76 0.82 0x0000FF
6.2 65.34 5.8 7.66 65.34 5.04 0.82 0x0000FF
5.47 65.16 6.86 6.2 65.34 5.8 0.82 0x0000FF
4.19 66.98 8.15 5.47 65.16 6.86 0.455 0x0000FF
2.37 67.89 8.44 4.19 66.98 8.15 0.455 0x0000FF
1.45 70.44 8.61 2.37 67.89 8.44 0.365 0x0000FF
1.09 72.45 8.76 1.45 70.44 8.61 0.365 0x0000FF
0.18 76.81 9.14 1.09 72.45 8.76 0.365 0x0000FF
-0.73 80.83 9.28 0.18 76.81 9.14 0.365 0x0000FF
-0.73 86.66 10.03 -0.73 80.83 9.28 0.365 0x0000FF
0.72 91.76 10.5 -0.73 86.66 10.03 0.365 0x0000FF
2.18 95.77 10.8 0.72 91.76 10.5 0.365 0x0000FF
2.73 98.32 11.18 2.18 95.77 10.8 0.365 0x0000FF
3.28 100.5 11.56 2.73 98.32 11.18 0.365 0x0000FF
3.1 103.24 12.32 3.28 100.5 11.56 0.365 0x0000FF
2.54 106.15 12.85 3.1 103.24 12.32 0.365 0x0000FF
2.18 111.8 13.6 2.54 106.15 12.85 0.365 0x0000FF
1.82 113.44 14.13 2.18 111.8 13.6 0.365 0x0000FF
1.27 115.26 14.74 1.82 113.44 14.13 0.365 0x0000FF
1.27 116.36 15.5 1.27 115.26 14.74 0.365 0x0000FF
0.54 118.18 16.18 1.27 116.36 15.5 0.365 0x0000FF
-0.55 120.36 16.79 0.54 118.18 16.18 0.365 0x0000FF
-1.1 121.27 17.16 -0.55 120.36 16.79 0.365 0x0000FF
-2.0 123.1 17.62 -1.1 121.27 17.16 0.365 0x0000FF
-2.92 125.47 18.3 -2.0 123.1 17.62 0.365 0x0000FF
-3.11 127.29 18.98 -2.92 125.47 18.3 0.365 0x0000FF
-3.29 130.02 19.51 -3.11 127.29 18.98 0.365 0x0000FF
-3.11 133.47 20.04 -3.29 130.02 19.51 0.365 0x0000FF
-2.92 136.22 20.65 -3.11 133.47 20.04 0.365 0x0000FF
-2.92 138.77 21.1 -2.92 136.22 20.65 0.365 0x0000FF
-3.11 140.77 21.41 -2.92 138.77 21.1 0.365 0x0000FF
-4.49 147.25 21.94 -3.11 140.77 21.41 0.365 0x0000FF
-5.77 149.97 22.16 -4.49 147.25 21.94 0.365 0x0000FF
-9.6 155.99 22.39 -5.77 149.97 22.16 0.275 0x0000FF
-11.42 158.72 22.92 -9.6 155.99 22.39 0.275 0x0000FF
-15.62 162.37 23.38 -11.42 158.72 22.92 0.275 0x0000FF
-16.35 163.83 23.38 -15.62 162.37 23.38 0.275 0x0000FF
-16.53 165.1 23.45 -16.35 163.83 23.38 0.275 0x0000FF
-16.53 166.2 23.53 -16.53 165.1 23.45 0.275 0x0000FF
-16.17 167.11 23.83 -16.53 166.2 23.53 0.275 0x0000FF
-15.8 168.02 23.83 -16.17 167.11 23.83 0.275 0x0000FF
-15.07 168.93 24.21 -15.8 168.02 23.83 0.275 0x0000FF
-14.71 169.66 24.59 -15.07 168.93 24.21 0.275 0x0000FF
-14.34 169.84 24.82 -14.71 169.66 24.59 0.275 0x0000FF
-13.61 170.39 25.27 -14.34 169.84 24.82 0.275 0x0000FF
-13.06 170.57 25.65 -13.61 170.39 25.27 0.275 0x0000FF
-12.15 170.93 25.95 -13.06 170.57 25.65 0.275 0x0000FF
-11.79 170.93 26.18 -12.15 170.93 25.95 0.275 0x0000FF
-10.87 171.12 26.71 -11.79 170.93 26.18 0.275 0x0000FF
-10.14 171.12 27.09 -10.87 171.12 26.71 0.275 0x0000FF
-9.42 171.12 27.62 -10.14 171.12 27.09 0.275 0x0000FF
-9.05 171.12 27.92 -9.42 171.12 27.62 0.275 0x0000FF
-8.69 171.12 28.75 -9.05 171.12 27.92 0.275 0x0000FF
-8.32 170.93 29.06 -8.69 171.12 28.75 0.275 0x0000FF
-7.59 170.93 29.44 -8.32 170.93 29.06 0.275 0x0000FF
-7.04 170.75 29.97 -7.59 170.93 29.44 0.275 0x0000FF
-5.77 170.93 30.27 -7.04 170.75 29.97 0.275 0x0000FF
-4.84 171.12 30.65 -5.77 170.93 30.27 0.275 0x0000FF
-4.12 171.12 31.03 -4.84 171.12 30.65 0.275 0x0000FF
-2.66 170.93 31.86 -4.12 171.12 31.03 0.275 0x0000FF
-1.02 170.93 31.86 -2.66 170.93 31.86 0.275 0x0000FF
0.8 171.48 32.24 -1.02 170.93 31.86 0.275 0x0000FF
3.1 64.43 7.09 5.47 65.16 6.86 0.73 0x0000FF
2.0 64.25 7.24 3.1 64.43 7.09 0.73 0x0000FF
-2.38 64.06 7.92 2.0 64.25 7.24 0.64 0x0000FF
-6.76 63.7 8.52 -2.38 64.06 7.92 0.64 0x0000FF
-11.32 63.52 8.91 -6.76 63.7 8.52 0.64 0x0000FF
-15.33 64.43 9.28 -11.32 63.52 8.91 0.64 0x0000FF
-26.64 64.79 9.59 -15.33 64.43 9.28 0.545 0x0000FF
-31.75 64.98 9.97 -26.64 64.79 9.59 0.545 0x0000FF
-36.31 64.61 10.27 -31.75 64.98 9.97 0.545 0x0000FF
-42.33 65.52 10.8 -36.31 64.61 10.27 0.545 0x0000FF
-48.36 66.62 11.26 -42.33 65.52 10.8 0.545 0x0000FF
-52.19 65.89 11.56 -48.36 66.62 11.26 0.545 0x0000FF
-53.46 65.52 11.56 -52.19 65.89 11.56 0.545 0x0000FF
-56.2 65.34 11.64 -53.46 65.52 11.56 0.545 0x0000FF
-58.94 65.16 11.71 -56.2 65.34 11.64 0.545 0x0000FF
-61.31 64.79 11.94 -58.94 65.16 11.71 0.545 0x0000FF
-63.13 64.43 12.01 -61.31 64.79 11.94 0.545 0x0000FF
-65.51 64.06 12.01 -63.13 64.43 12.01 0.545 0x0000FF
-69.15 63.88 12.09 -65.51 64.06 12.01 0.545 0x0000FF
-75.18 64.79 12.32 -69.15 63.88 12.09 0.365 0x0000FF
-78.28 65.34 12.47 -75.18 64.79 12.32 0.365 0x0000FF
-82.29 65.52 12.54 -78.28 65.34 12.47 0.365 0x0000FF
-97.62 64.06 13.0 -82.29 65.52 12.54 0.365 0x0000FF
-100.72 63.34 13.0 -97.62 64.06 13.0 0.365 0x0000FF
-106.01 61.7 13.0 -100.72 63.34 13.0 0.365 0x0000FF
-108.38 60.24 13.07 -106.01 61.7 13.0 0.365 0x0000FF
-113.31 57.87 13.23 -108.38 60.24 13.07 0.365 0x0000FF
-118.42 54.59 13.76 -113.31 57.87 13.23 0.365 0x0000FF
-120.24 53.5 14.36 -118.42 54.59 13.76 0.365 0x0000FF
-121.52 52.95 15.04 -120.24 53.5 14.36 0.365 0x0000FF
-122.98 52.04 15.8 -121.52 52.95 15.04 0.365 0x0000FF
-125.72 52.04 16.18 -122.98 52.04 15.8 0.365 0x0000FF
-127.9 52.22 17.09 -125.72 52.04 16.18 0.365 0x0000FF
-130.09 53.5 18.07 -127.9 52.22 17.09 0.365 0x0000FF
-131.91 55.14 18.82 -130.09 53.5 18.07 0.365 0x0000FF
-133.56 55.68 19.36 -131.91 55.14 18.82 0.365 0x0000FF
-135.19 56.23 20.57 -133.56 55.68 19.36 0.365 0x0000FF
-136.66 57.51 20.8 -135.19 56.23 20.57 0.365 0x0000FF
-138.12 59.51 21.41 -136.66 57.51 20.8 0.365 0x0000FF
-139.4 61.15 21.94 -138.12 59.51 21.41 0.365 0x0000FF
-139.4 62.06 22.32 -139.4 61.15 21.94 0.365 0x0000FF
53.56 64.78 0.2 58.03 72.29 1.18 1.005 0x0000FF
53.01 63.87 0.35 53.56 64.78 0.2 1.005 0x0000FF
52.65 63.14 0.5 53.01 63.87 0.35 1.005 0x0000FF
52.46 62.23 0.73 52.65 63.14 0.5 1.005 0x0000FF
51.92 61.5 0.95 52.46 62.23 0.73 1.005 0x0000FF
51.55 60.41 1.11 51.92 61.5 0.95 1.005 0x0000FF
51.19 59.86 1.33 51.55 60.41 1.11 1.005 0x0000FF
50.64 58.95 1.64 51.19 59.86 1.33 1.005 0x0000FF
50.27 58.22 2.0 50.64 58.95 1.64 1.005 0x0000FF
49.73 57.13 2.17 50.27 58.22 2.0 1.005 0x0000FF
49.0 56.21 2.54 49.73 57.13 2.17 1.005 0x0000FF
48.45 55.67 2.92 49.0 56.21 2.54 1.005 0x0000FF
48.08 55.12 3.61 48.45 55.67 2.92 1.005 0x0000FF
47.72 54.76 4.36 48.08 55.12 3.61 1.005 0x0000FF
47.72 54.57 4.97 47.72 54.76 4.36 1.005 0x0000FF
47.17 54.39 4.82 47.72 54.57 4.97 1.005 0x0000FF
46.44 54.03 4.21 47.17 54.39 4.82 1.005 0x0000FF
45.53 53.12 3.68 46.44 54.03 4.21 1.005 0x0000FF
43.91 50.96 3.98 45.53 53.12 3.68 0.365 0x0000FF
42.09 50.04 3.98 43.91 50.96 3.98 0.365 0x0000FF
40.08 47.31 3.98 42.09 50.04 3.98 0.365 0x0000FF
39.17 44.94 3.98 40.08 47.31 3.98 0.365 0x0000FF
38.61 43.67 4.21 39.17 44.94 3.98 0.365 0x0000FF
37.89 41.48 4.67 38.61 43.67 4.21 0.365 0x0000FF
37.34 38.02 4.97 37.89 41.48 4.67 0.365 0x0000FF
36.97 34.92 5.35 37.34 38.02 4.97 0.365 0x0000FF
37.15 32.01 5.65 36.97 34.92 5.35 0.455 0x0000FF
37.15 29.64 5.95 37.15 32.01 5.65 0.455 0x0000FF
37.15 27.27 6.11 37.15 29.64 5.95 0.455 0x0000FF
36.61 24.72 6.33 37.15 27.27 6.11 0.545 0x0000FF
35.88 23.08 6.79 36.61 24.72 6.33 0.545 0x0000FF
35.34 21.62 7.01 35.88 23.08 6.79 0.545 0x0000FF
34.61 20.89 6.79 35.34 21.62 7.01 0.545 0x0000FF
34.06 20.71 6.33 34.61 20.89 6.79 0.545 0x0000FF
32.96 20.16 5.73 34.06 20.71 6.33 0.545 0x0000FF
30.41 18.16 5.12 32.96 20.16 5.73 0.545 0x0000FF
29.13 17.8 4.88 30.41 18.16 5.12 0.545 0x0000FF
28.4 17.25 4.51 29.13 17.8 4.88 0.545 0x0000FF
24.75 16.34 4.29 28.4 17.25 4.51 0.545 0x0000FF
18.0 14.33 4.13 24.75 16.34 4.29 0.455 0x0000FF
15.08 13.06 3.68 18.0 14.33 4.13 0.455 0x0000FF
10.89 11.78 3.15 15.08 13.06 3.68 0.455 0x0000FF
8.33 11.42 2.47 10.89 11.78 3.15 0.455 0x0000FF
0.49 9.41 2.24 8.33 11.42 2.47 0.455 0x0000FF
-3.53 8.32 2.85 0.49 9.41 2.24 0.455 0x0000FF
-7.18 7.96 3.08 -3.53 8.32 2.85 0.455 0x0000FF
-10.64 7.23 2.39 -7.18 7.96 3.08 0.455 0x0000FF
-11.37 8.69 -0.94 -10.64 7.23 2.39 0.545 0x0000FF
-12.65 11.05 -0.79 -11.37 8.69 -0.94 0.545 0x0000FF
-13.38 12.33 -0.48 -12.65 11.05 -0.79 0.545 0x0000FF
-14.84 14.33 -0.64 -13.38 12.33 -0.48 0.545 0x0000FF
-16.85 16.16 -0.94 -14.84 14.33 -0.64 0.545 0x0000FF
-18.3 17.25 -0.71 -16.85 16.16 -0.94 0.545 0x0000FF
-20.13 17.98 -1.32 -18.3 17.25 -0.71 0.545 0x0000FF
-21.77 18.71 -1.92 -20.13 17.98 -1.32 0.455 0x0000FF
-22.32 19.07 -3.51 -21.77 18.71 -1.92 0.455 0x0000FF
-22.5 20.16 -3.97 -22.32 19.07 -3.51 0.455 0x0000FF
-22.68 21.44 -4.26 -22.5 20.16 -3.97 0.455 0x0000FF
-22.68 22.53 -4.5 -22.68 21.44 -4.26 0.455 0x0000FF
-24.14 25.63 -4.58 -22.68 22.53 -4.5 0.365 0x0000FF
-24.51 26.72 -4.8 -24.14 25.63 -4.58 0.365 0x0000FF
-24.87 27.82 -4.95 -24.51 26.72 -4.8 0.365 0x0000FF
-25.97 29.64 -5.33 -24.87 27.82 -4.95 0.275 0x0000FF
-27.25 30.91 -5.41 -25.97 29.64 -5.33 0.275 0x0000FF
-12.1 5.95 2.31 -10.64 7.23 2.39 0.365 0x0000FF
-13.56 4.86 2.17 -12.1 5.95 2.31 0.365 0x0000FF
-15.02 3.77 2.0 -13.56 4.86 2.17 0.365 0x0000FF
-17.94 1.58 1.94 -15.02 3.77 2.0 0.365 0x0000FF
-19.76 0.49 1.86 -17.94 1.58 1.94 0.365 0x0000FF
-21.41 -0.79 1.64 -19.76 0.49 1.86 0.365 0x0000FF
-22.87 -1.52 0.73 -21.41 -0.79 1.64 0.365 0x0000FF
-23.41 -1.7 0.8 -22.87 -1.52 0.73 0.365 0x0000FF
-24.33 -2.25 1.26 -23.41 -1.7 0.8 0.365 0x0000FF
-24.33 -3.52 1.71 -24.33 -2.25 1.26 0.365 0x0000FF
-24.51 -4.07 1.94 -24.33 -3.52 1.71 0.365 0x0000FF
-24.69 -4.8 2.77 -24.51 -4.07 1.94 0.365 0x0000FF
-24.69 -5.16 3.23 -24.69 -4.8 2.77 0.365 0x0000FF
-25.06 -5.71 3.53 -24.69 -5.16 3.23 0.365 0x0000FF
-25.06 -6.26 4.21 -25.06 -5.71 3.53 0.365 0x0000FF
-25.06 -6.98 5.04 -25.06 -6.26 4.21 0.365 0x0000FF
-24.69 -7.35 6.03 -25.06 -6.98 5.04 0.365 0x0000FF
-24.69 -7.9 6.41 -24.69 -7.35 6.03 0.365 0x0000FF
-24.69 -8.44 6.79 -24.69 -7.9 6.41 0.365 0x0000FF
-24.69 -8.81 7.17 -24.69 -8.44 6.79 0.365 0x0000FF
-24.69 -9.52 7.92 -24.69 -8.81 7.17 0.365 0x0000FF
-24.51 -9.72 9.06 -24.69 -9.52 7.92 0.365 0x0000FF
-24.51 -10.08 9.59 -24.51 -9.72 9.06 0.365 0x0000FF
-24.51 -10.45 10.03 -24.51 -10.08 9.59 0.365 0x0000FF
-24.51 -11.17 10.65 -24.51 -10.45 10.03 0.365 0x0000FF
-24.51 -11.72 11.18 -24.51 -11.17 10.65 0.365 0x0000FF
-24.69 -12.45 11.71 -24.51 -11.72 11.18 0.365 0x0000FF
-24.69 -13.0 12.17 -24.69 -12.45 11.71 0.365 0x0000FF
-24.69 -13.54 13.53 -24.69 -13.0 12.17 0.365 0x0000FF
-24.69 -13.91 14.13 -24.69 -13.54 13.53 0.365 0x0000FF
-24.87 -14.27 15.42 -24.69 -13.91 14.13 0.365 0x0000FF
-24.87 -14.27 16.63 -24.87 -14.27 15.42 0.365 0x0000FF
-25.06 -14.64 17.23 -24.87 -14.27 16.63 0.365 0x0000FF
-25.24 -14.64 18.68 -25.06 -14.64 17.23 0.365 0x0000FF
-25.42 -15.0 20.04 -25.24 -14.64 18.68 0.365 0x0000FF
-25.97 -15.37 20.95 -25.42 -15.0 20.04 0.365 0x0000FF
-26.15 -16.09 21.94 -25.97 -15.37 20.95 0.365 0x0000FF
-26.15 -16.28 22.77 -26.15 -16.09 21.94 0.365 0x0000FF
-26.52 -17.19 23.83 -26.15 -16.28 22.77 0.365 0x0000FF
-26.15 -17.92 24.82 -26.52 -17.19 23.83 0.365 0x0000FF
-25.79 -18.64 25.65 -26.15 -17.92 24.82 0.365 0x0000FF
-25.42 -19.01 26.79 -25.79 -18.64 25.65 0.365 0x0000FF
-25.24 -19.37 27.54 -25.42 -19.01 26.79 0.365 0x0000FF
-24.87 -19.55 28.68 -25.24 -19.37 27.54 0.365 0x0000FF
-24.14 -20.65 29.66 -24.87 -19.55 28.68 0.365 0x0000FF
-23.78 -21.56 30.5 -24.14 -20.65 29.66 0.365 0x0000FF
-23.6 -22.47 31.48 -23.78 -21.56 30.5 0.365 0x0000FF
-23.6 -23.02 32.39 -23.6 -22.47 31.48 0.365 0x0000FF
-23.6 -24.29 33.45 -23.6 -23.02 32.39 0.365 0x0000FF
-23.78 -25.2 34.51 -23.6 -24.29 33.45 0.365 0x0000FF
-23.05 -26.48 35.95 -23.78 -25.2 34.51 0.365 0x0000FF
-22.87 -26.84 36.33 -23.05 -26.48 35.95 0.365 0x0000FF
-22.5 -27.75 37.39 -22.87 -26.84 36.33 0.365 0x0000FF
-25.06 -3.16 2.0 -24.33 -2.25 1.26 0.275 0x0000FF
-25.6 -3.52 1.64 -25.06 -3.16 2.0 0.275 0x0000FF
-26.52 -4.07 0.42 -25.6 -3.52 1.64 0.275 0x0000FF
-26.52 -4.43 -0.03 -26.52 -4.07 0.42 0.275 0x0000FF
-26.88 -5.34 -1.77 -26.52 -4.43 -0.03 0.275 0x0000FF
-26.7 -5.71 -2.76 -26.88 -5.34 -1.77 0.275 0x0000FF
-26.52 -7.17 -3.89 -26.7 -5.71 -2.76 0.275 0x0000FF
-26.88 -8.08 -4.05 -26.52 -7.17 -3.89 0.275 0x0000FF
-27.43 -8.44 -4.34 -26.88 -8.08 -4.05 0.275 0x0000FF
-27.79 -8.81 -4.95 -27.43 -8.44 -4.34 0.275 0x0000FF
-29.07 -8.99 -5.33 -27.79 -8.81 -4.95 0.275 0x0000FF
-31.26 -8.81 -5.71 -29.07 -8.99 -5.33 0.275 0x0000FF
-33.63 -8.44 -6.09 -31.26 -8.81 -5.71 0.275 0x0000FF
-36.0 -7.71 -6.62 -33.63 -8.44 -6.09 0.275 0x0000FF
-38.19 -7.71 -7.15 -36.0 -7.71 -6.62 0.275 0x0000FF
-41.29 -7.71 -7.38 -38.19 -7.71 -7.15 0.275 0x0000FF
43.89 51.84 3.61 45.53 53.12 3.68 0.82 0x0000FF
40.97 51.3 3.23 43.89 51.84 3.61 0.73 0x0000FF
39.33 51.3 3.0 40.97 51.3 3.23 0.73 0x0000FF
36.77 50.93 3.68 39.33 51.3 3.0 0.73 0x0000FF
34.04 50.57 4.44 36.77 50.93 3.68 0.64 0x0000FF
31.85 50.38 4.88 34.04 50.57 4.44 0.64 0x0000FF
28.56 50.02 5.5 31.85 50.38 4.88 0.64 0x0000FF
24.18 49.11 5.8 28.56 50.02 5.5 0.64 0x0000FF
17.25 48.02 6.33 24.18 49.11 5.8 0.64 0x0000FF
10.13 48.38 6.71 17.25 48.02 6.33 0.64 0x0000FF
7.76 48.38 7.09 10.13 48.38 6.71 0.64 0x0000FF
6.3 48.38 7.7 7.76 48.38 7.09 0.64 0x0000FF
4.84 48.38 8.15 6.3 48.38 7.7 0.64 0x0000FF
0.72 50.12 8.52 4.84 48.38 8.15 0.455 0x0000FF
-3.66 50.12 8.52 0.72 50.12 8.52 0.365 0x0000FF
-6.4 50.12 8.52 -3.66 50.12 8.52 0.365 0x0000FF
-8.41 49.94 8.52 -6.4 50.12 8.52 0.365 0x0000FF
-10.23 49.39 8.52 -8.41 49.94 8.52 0.365 0x0000FF
-16.43 48.66 8.52 -10.23 49.39 8.52 0.365 0x0000FF
-21.91 48.3 8.52 -16.43 48.66 8.52 0.365 0x0000FF
-29.21 48.3 8.52 -21.91 48.3 8.52 0.365 0x0000FF
-33.4 48.66 8.52 -29.21 48.3 8.52 0.365 0x0000FF
-41.25 50.12 8.52 -33.4 48.66 8.52 0.365 0x0000FF
-51.1 52.12 8.52 -41.25 50.12 8.52 0.365 0x0000FF
-63.14 58.14 8.52 -51.1 52.12 8.52 0.275 0x0000FF
2.29 48.02 8.23 4.84 48.38 8.15 0.455 0x0000FF
0.65 47.47 8.3 2.29 48.02 8.23 0.455 0x0000FF
-5.74 49.29 8.38 0.65 47.47 8.3 0.365 0x0000FF
-9.75 49.29 8.38 -5.74 49.29 8.38 0.365 0x0000FF
-14.68 49.11 8.38 -9.75 49.29 8.38 0.365 0x0000FF
-24.53 49.29 8.52 -14.68 49.11 8.38 0.365 0x0000FF
-28.73 49.29 8.61 -24.53 49.29 8.52 0.365 0x0000FF
-34.02 49.84 8.83 -28.73 49.29 8.61 0.365 0x0000FF
-43.51 51.48 8.98 -34.02 49.84 8.83 0.365 0x0000FF
-47.89 51.84 9.14 -43.51 51.48 8.98 0.365 0x0000FF
-52.81 53.3 9.14 -47.89 51.84 9.14 0.365 0x0000FF
-55.0 53.85 8.52 -52.81 53.3 9.14 0.365 0x0000FF
-57.01 54.76 8.44 -55.0 53.85 8.52 0.365 0x0000FF
-57.92 55.12 8.91 -57.01 54.76 8.44 0.365 0x0000FF
-59.2 55.3 9.36 -57.92 55.12 8.91 0.365 0x0000FF
-61.39 56.76 10.27 -59.2 55.3 9.36 0.365 0x0000FF
-66.86 59.13 10.35 -61.39 56.76 10.27 0.365 0x0000FF
-74.16 63.32 10.42 -66.86 59.13 10.35 0.365 0x0000FF
-80.36 65.31 10.57 -74.16 63.32 10.42 0.365 0x0000FF
-84.38 65.69 10.95 -80.36 65.31 10.57 0.365 0x0000FF
-88.87 64.51 11.03 -84.38 65.69 10.95 0.365 0x0000FF
-91.42 63.6 11.1 -88.87 64.51 11.03 0.365 0x0000FF
-94.52 62.14 11.18 -91.42 63.6 11.1 0.365 0x0000FF
-96.9 60.14 11.18 -94.52 62.14 11.18 0.365 0x0000FF
-100.0 57.77 11.18 -96.9 60.14 11.18 0.365 0x0000FF
-100.91 57.22 11.18 -100.0 57.77 11.18 0.365 0x0000FF
-101.64 56.68 11.26 -100.91 57.22 11.18 0.365 0x0000FF
-102.55 55.95 11.56 -101.64 56.68 11.26 0.365 0x0000FF
-103.83 55.22 11.79 -102.55 55.95 11.56 0.365 0x0000FF
-105.47 54.31 12.09 -103.83 55.22 11.79 0.365 0x0000FF
-106.57 53.76 12.47 -105.47 54.31 12.09 0.365 0x0000FF
-107.66 53.03 12.92 -106.57 53.76 12.47 0.365 0x0000FF
-109.12 52.12 13.15 -107.66 53.03 12.92 0.365 0x0000FF
-110.4 51.58 13.76 -109.12 52.12 13.15 0.365 0x0000FF
-111.31 51.21 14.06 -110.4 51.58 13.76 0.365 0x0000FF
-112.4 50.67 14.44 -111.31 51.21 14.06 0.365 0x0000FF
-113.5 49.94 14.97 -112.4 50.67 14.44 0.365 0x0000FF
-114.05 49.75 15.5 -113.5 49.94 14.97 0.365 0x0000FF
-114.96 49.03 15.88 -114.05 49.75 15.5 0.365 0x0000FF
-116.05 48.66 16.55 -114.96 49.03 15.88 0.365 0x0000FF
-116.6 48.3 15.95 -116.05 48.66 16.55 0.365 0x0000FF
-118.24 47.93 13.83 -116.6 48.3 15.95 0.365 0x0000FF
-118.79 47.75 13.15 -118.24 47.93 13.83 0.365 0x0000FF
-119.52 47.39 12.39 -118.79 47.75 13.15 0.365 0x0000FF
-120.61 47.2 11.86 -119.52 47.39 12.39 0.365 0x0000FF
-122.26 47.02 11.48 -120.61 47.2 11.86 0.365 0x0000FF
55.95 64.26 -0.94 58.03 72.29 1.18 0.73 0x0000FF
55.22 63.34 -1.24 55.95 64.26 -0.94 0.73 0x0000FF
54.86 62.43 -1.39 55.22 63.34 -1.24 0.73 0x0000FF
54.49 61.71 -1.55 54.86 62.43 -1.39 0.73 0x0000FF
54.31 60.98 -2.15 54.49 61.71 -1.55 0.73 0x0000FF
53.95 59.7 -2.83 54.31 60.98 -2.15 0.73 0x0000FF
53.76 58.79 -3.14 53.95 59.7 -2.83 0.73 0x0000FF
53.76 58.06 -3.29 53.76 58.79 -3.14 0.73 0x0000FF
53.58 57.15 -3.74 53.76 58.06 -3.29 0.73 0x0000FF
53.58 56.6 -4.12 53.58 57.15 -3.74 0.73 0x0000FF
53.58 56.24 -4.2 53.58 56.6 -4.12 0.73 0x0000FF
53.4 55.15 -4.58 53.58 56.24 -4.2 0.73 0x0000FF
53.4 54.23 -4.88 53.4 55.15 -4.58 0.73 0x0000FF
53.76 52.78 -4.95 53.4 54.23 -4.88 0.64 0x0000FF
53.76 50.96 -5.03 53.76 52.78 -4.95 0.64 0x0000FF
53.4 49.5 -4.58 53.76 50.96 -5.03 0.545 0x0000FF
53.4 48.22 -4.2 53.4 49.5 -4.58 0.545 0x0000FF
53.03 45.67 -4.2 53.4 48.22 -4.2 0.545 0x0000FF
52.49 44.58 -4.42 53.03 45.67 -4.2 0.545 0x0000FF
51.21 43.67 -4.5 52.49 44.58 -4.42 0.545 0x0000FF
51.21 42.57 -6.17 51.21 43.67 -4.5 0.365 0x0000FF
51.03 41.85 -6.17 51.21 42.57 -6.17 0.365 0x0000FF
51.03 41.48 -6.17 51.03 41.85 -6.17 0.365 0x0000FF
51.03 40.93 -6.24 51.03 41.48 -6.17 0.365 0x0000FF
51.03 40.39 -6.32 51.03 40.93 -6.24 0.365 0x0000FF
51.21 39.84 -6.32 51.03 40.39 -6.32 0.365 0x0000FF
50.84 39.11 -6.77 51.21 39.84 -6.32 0.365 0x0000FF
50.84 38.75 -6.85 50.84 39.11 -6.77 0.365 0x0000FF
50.3 38.02 -7.08 50.84 38.75 -6.85 0.365 0x0000FF
50.11 37.65 -7.23 50.3 38.02 -7.08 0.365 0x0000FF
50.11 37.11 -7.38 50.11 37.65 -7.23 0.365 0x0000FF
49.93 36.2 -7.68 50.11 37.11 -7.38 0.365 0x0000FF
49.75 35.29 -7.68 49.93 36.2 -7.68 0.365 0x0000FF
50.11 33.28 -7.68 49.75 35.29 -7.68 0.365 0x0000FF
52.49 38.57 -6.39 51.03 40.39 -6.32 0.365 0x0000FF
53.03 38.57 -6.62 52.49 38.57 -6.39 0.365 0x0000FF
53.58 36.93 -6.62 53.03 38.57 -6.62 0.365 0x0000FF
49.38 43.12 -4.95 51.21 43.67 -4.5 0.455 0x0000FF
46.47 42.76 -5.11 49.38 43.12 -4.95 0.455 0x0000FF
43.0 44.4 -5.48 46.47 42.76 -5.11 0.365 0x0000FF
41.9 44.94 -5.86 43.0 44.4 -5.48 0.365 0x0000FF
40.44 45.85 -6.09 41.9 44.94 -5.86 0.365 0x0000FF
39.53 46.4 -6.32 40.44 45.85 -6.09 0.365 0x0000FF
38.26 47.68 -6.85 39.53 46.4 -6.32 0.365 0x0000FF
36.61 49.32 -7.15 38.26 47.68 -6.85 0.365 0x0000FF
35.52 51.32 -7.15 36.61 49.32 -7.15 0.365 0x0000FF
33.33 54.23 -7.68 35.52 51.32 -7.15 0.365 0x0000FF
30.04 57.51 -7.83 33.33 54.23 -7.68 0.365 0x0000FF
28.4 58.79 -8.14 30.04 57.51 -7.83 0.365 0x0000FF
26.03 59.52 -8.28 28.4 58.79 -8.14 0.365 0x0000FF
23.84 60.61 -8.51 26.03 59.52 -8.28 0.365 0x0000FF
65.62 68.98 -2.91 58.03 72.29 1.18 1.275 0x0000FF
66.54 68.63 -3.29 65.62 68.98 -2.91 1.275 0x0000FF
68.91 67.54 -3.59 66.54 68.63 -3.29 1.275 0x0000FF
70.37 66.81 -3.82 68.91 67.54 -3.59 1.275 0x0000FF
71.64 65.9 -4.12 70.37 66.81 -3.82 1.275 0x0000FF
72.56 65.7 -4.12 71.64 65.9 -4.12 1.275 0x0000FF
76.39 61.89 -4.2 72.56 65.7 -4.12 0.82 0x0000FF
77.3 60.98 -4.26 76.39 61.89 -4.2 0.82 0x0000FF
79.12 60.61 -2.0 77.3 60.98 -4.26 0.64 0x0000FF
80.22 60.25 -1.17 79.12 60.61 -2.0 0.64 0x0000FF
81.13 60.25 -0.71 80.22 60.25 -1.17 0.64 0x0000FF
81.5 60.07 -0.11 81.13 60.25 -0.71 0.64 0x0000FF
81.86 59.88 0.65 81.5 60.07 -0.11 0.64 0x0000FF
82.59 59.88 1.18 81.86 59.88 0.65 0.64 0x0000FF
86.42 59.34 1.56 82.59 59.88 1.18 0.64 0x0000FF
89.16 59.34 1.86 86.42 59.34 1.56 0.64 0x0000FF
90.62 59.52 2.17 89.16 59.34 1.86 0.64 0x0000FF
92.26 59.88 2.31 90.62 59.52 2.17 0.64 0x0000FF
97.01 60.79 2.77 92.26 59.88 2.31 0.545 0x0000FF
98.1 60.79 2.92 97.01 60.79 2.77 0.545 0x0000FF
100.29 60.98 3.38 98.1 60.79 2.92 0.545 0x0000FF
101.75 60.98 3.76 100.29 60.98 3.38 0.545 0x0000FF
104.12 60.98 4.51 101.75 60.98 3.76 0.545 0x0000FF
105.95 60.98 4.88 104.12 60.98 4.51 0.545 0x0000FF
107.22 60.98 5.27 105.95 60.98 4.88 0.545 0x0000FF
108.13 60.98 5.65 107.22 60.98 5.27 0.545 0x0000FF
109.78 61.16 5.95 108.13 60.98 5.65 0.545 0x0000FF
111.24 61.34 6.56 109.78 61.16 5.95 0.545 0x0000FF
113.43 61.71 6.86 111.24 61.34 6.56 0.545 0x0000FF
114.89 61.71 7.17 113.43 61.71 6.86 0.545 0x0000FF
116.71 61.89 7.7 114.89 61.71 7.17 0.545 0x0000FF
120.18 62.43 8.23 116.71 61.89 7.7 0.545 0x0000FF
122.37 62.8 8.38 120.18 62.43 8.23 0.545 0x0000FF
124.19 63.53 8.83 122.37 62.8 8.38 0.545 0x0000FF
126.13 63.85 32.85 124.19 63.53 8.83 0.545 0x0000FF
127.41 64.76 33.22 126.13 63.85 32.85 0.455 0x0000FF
128.32 65.31 33.53 127.41 64.76 33.22 0.455 0x0000FF
129.41 65.68 33.83 128.32 65.31 33.53 0.455 0x0000FF
131.24 66.77 35.88 129.41 65.68 33.83 0.365 0x0000FF
132.33 66.95 35.79 131.24 66.77 35.88 0.365 0x0000FF
133.06 67.13 35.57 132.33 66.95 35.79 0.365 0x0000FF
134.88 67.5 35.65 133.06 67.13 35.57 0.365 0x0000FF
135.62 67.68 35.65 134.88 67.5 35.65 0.365 0x0000FF
137.26 68.23 35.72 135.62 67.68 35.65 0.365 0x0000FF
137.81 68.41 35.95 137.26 68.23 35.72 0.365 0x0000FF
138.9 68.95 36.1 137.81 68.41 35.95 0.365 0x0000FF
139.63 69.5 36.33 138.9 68.95 36.1 0.365 0x0000FF
140.54 70.05 36.47 139.63 69.5 36.33 0.365 0x0000FF
141.09 70.41 36.78 140.54 70.05 36.47 0.365 0x0000FF
142.37 71.14 37.15 141.09 70.41 36.78 0.365 0x0000FF
145.29 72.05 37.39 142.37 71.14 37.15 0.365 0x0000FF
78.03 56.79 -4.42 77.3 60.98 -4.26 0.82 0x0000FF
78.94 55.15 -4.8 78.03 56.79 -4.42 0.73 0x0000FF
79.67 52.96 -5.11 78.94 55.15 -4.8 0.73 0x0000FF
80.4 51.68 -5.18 79.67 52.96 -5.11 0.73 0x0000FF
81.31 49.5 -5.03 80.4 51.68 -5.18 0.73 0x0000FF
82.04 47.49 -4.65 81.31 49.5 -5.03 0.73 0x0000FF
83.14 44.4 -4.34 82.04 47.49 -4.65 0.73 0x0000FF
83.5 40.57 -3.74 83.14 44.4 -4.34 0.73 0x0000FF
84.96 36.38 0.95 83.5 40.57 -3.74 0.64 0x0000FF
86.06 31.64 2.7 84.96 36.38 0.95 0.82 0x0000FF
87.15 28.91 2.17 86.06 31.64 2.7 0.82 0x0000FF
88.06 25.45 2.17 87.15 28.91 2.17 0.73 0x0000FF
88.06 24.17 2.0 88.06 25.45 2.17 0.73 0x0000FF
87.88 23.26 1.79 88.06 24.17 2.0 0.73 0x0000FF
76.94 66.62 -4.73 72.56 65.7 -4.12 0.64 0x0000FF
80.77 66.62 -4.88 76.94 66.62 -4.73 0.64 0x0000FF
81.86 66.62 -5.18 80.77 66.62 -4.88 0.64 0x0000FF
83.5 66.62 -5.41 81.86 66.62 -5.18 0.64 0x0000FF
85.15 66.44 -5.79 83.5 66.62 -5.41 0.64 0x0000FF
88.06 66.62 -6.54 85.15 66.44 -5.79 0.64 0x0000FF
90.8 67.17 -7.0 88.06 66.62 -6.54 0.64 0x0000FF
92.26 67.17 -7.45 90.8 67.17 -7.0 0.64 0x0000FF
93.72 67.9 -7.76 92.26 67.17 -7.45 0.64 0x0000FF
95.18 68.45 -8.21 93.72 67.9 -7.76 0.64 0x0000FF
96.46 69.18 -8.28 95.18 68.45 -8.21 0.64 0x0000FF
98.46 70.27 -8.59 96.46 69.18 -8.28 0.545 0x0000FF
100.29 70.63 -9.03 98.46 70.27 -8.59 0.455 0x0000FF
104.49 71.0 -9.11 100.29 70.63 -9.03 0.455 0x0000FF
108.32 72.64 -9.5 104.49 71.0 -9.11 0.455 0x0000FF
109.78 73.18 -9.57 108.32 72.64 -9.5 0.455 0x0000FF
111.24 73.91 -9.88 109.78 73.18 -9.57 0.455 0x0000FF
112.33 74.28 -11.01 111.24 73.91 -9.88 0.455 0x0000FF
116.71 77.01 -12.23 112.33 74.28 -11.01 0.275 0x0000FF
66.34 74.64 -5.26 58.03 72.29 1.18 1.46 0x0000FF
68.72 74.09 -5.33 66.34 74.64 -5.26 1.46 0x0000FF
70.91 73.55 -5.56 68.72 74.09 -5.33 1.46 0x0000FF
72.73 73.0 -5.79 70.91 73.55 -5.56 1.46 0x0000FF
73.83 72.64 -6.01 72.73 73.0 -5.79 1.46 0x0000FF
74.38 72.45 -6.01 73.83 72.64 -6.01 1.46 0x0000FF
75.84 73.18 -4.73 74.38 72.45 -6.01 0.82 0x0000FF
78.94 73.18 -4.2 75.84 73.18 -4.73 0.82 0x0000FF
81.5 73.37 -4.05 78.94 73.18 -4.2 0.82 0x0000FF
83.14 73.55 -4.88 81.5 73.37 -4.05 0.82 0x0000FF
84.78 73.37 -6.01 83.14 73.55 -4.88 0.82 0x0000FF
86.97 73.55 -6.62 84.78 73.37 -6.01 0.82 0x0000FF
88.98 73.55 -7.3 86.97 73.55 -6.62 0.82 0x0000FF
89.89 75.01 -10.18 88.98 73.55 -7.3 0.64 0x0000FF
91.9 78.29 -9.65 89.89 75.01 -10.18 0.545 0x0000FF
92.44 79.01 -9.73 91.9 78.29 -9.65 0.545 0x0000FF
93.54 80.11 -10.79 92.44 79.01 -9.73 0.545 0x0000FF
94.63 80.65 -11.17 93.54 80.11 -10.79 0.545 0x0000FF
95.73 80.84 -12.15 94.63 80.65 -11.17 0.545 0x0000FF
96.46 81.56 -13.06 95.73 80.84 -12.15 0.545 0x0000FF
97.37 82.29 -13.44 96.46 81.56 -13.06 0.545 0x0000FF
98.1 83.2 -14.04 97.37 82.29 -13.44 0.545 0x0000FF
99.01 84.84 -14.95 98.1 83.2 -14.04 0.545 0x0000FF
99.19 86.48 -15.56 99.01 84.84 -14.95 0.545 0x0000FF
99.56 89.76 -14.8 99.19 86.48 -15.56 0.455 0x0000FF
100.29 92.13 -14.95 99.56 89.76 -14.8 0.455 0x0000FF
100.29 95.59 -16.7 100.29 92.13 -14.95 0.455 0x0000FF
100.65 98.69 -16.7 100.29 95.59 -16.7 0.455 0x0000FF
100.65 100.15 -16.7 100.65 98.69 -16.7 0.455 0x0000FF
101.02 101.61 -16.54 100.65 100.15 -16.7 0.455 0x0000FF
102.48 103.98 -16.47 101.02 101.61 -16.54 0.455 0x0000FF
106.68 106.16 -17.23 102.48 103.98 -16.47 0.455 0x0000FF
111.97 107.26 -17.53 106.68 106.16 -17.23 0.455 0x0000FF
117.8 108.17 -17.68 111.97 107.26 -17.53 0.455 0x0000FF
125.1 109.26 -18.05 117.8 108.17 -17.68 0.455 0x0000FF
127.84 109.81 -18.13 125.1 109.26 -18.05 0.455 0x0000FF
131.31 110.17 -18.29 127.84 109.81 -18.13 0.455 0x0000FF
133.5 110.53 -18.66 131.31 110.17 -18.29 0.455 0x0000FF
138.79 110.72 -18.97 133.5 110.53 -18.66 0.455 0x0000FF
142.8 111.99 -19.04 138.79 110.72 -18.97 0.365 0x0000FF
145.54 113.27 -19.2 142.8 111.99 -19.04 0.365 0x0000FF
148.27 114.36 -19.57 145.54 113.27 -19.2 0.365 0x0000FF
150.28 115.82 -20.1 148.27 114.36 -19.57 0.365 0x0000FF
157.21 116.37 -20.32 150.28 115.82 -20.1 0.365 0x0000FF
161.41 115.64 -20.94 157.21 116.37 -20.32 0.365 0x0000FF
165.42 115.45 -20.94 161.41 115.64 -20.94 0.365 0x0000FF
170.72 115.82 -21.16 165.42 115.45 -20.94 0.365 0x0000FF
172.54 117.09 -21.47 170.72 115.82 -21.16 0.365 0x0000FF
172.91 117.46 -21.62 172.54 117.09 -21.47 0.365 0x0000FF
178.03 121.54 -22.76 172.91 117.46 -21.62 0.275 0x0000FF
90.07 73.0 -7.68 88.98 73.55 -7.3 0.545 0x0000FF
90.98 73.0 -8.36 90.07 73.0 -7.68 0.545 0x0000FF
93.17 72.45 -8.74 90.98 73.0 -8.36 0.545 0x0000FF
95.36 72.45 -8.89 93.17 72.45 -8.74 0.545 0x0000FF
97.94 72.53 -8.67 95.36 72.45 -8.89 0.545 0x0000FF
101.4 71.62 -10.11 97.94 72.53 -8.67 0.545 0x0000FF
105.23 71.8 -10.64 101.4 71.62 -10.11 0.545 0x0000FF
111.07 73.08 -11.01 105.23 71.8 -10.64 0.545 0x0000FF
115.82 74.54 -11.7 111.07 73.08 -11.01 0.545 0x0000FF
120.38 75.98 -12.3 115.82 74.54 -11.7 0.545 0x0000FF
121.11 76.54 -12.91 120.38 75.98 -12.3 0.545 0x0000FF
122.57 77.45 -13.67 121.11 76.54 -12.91 0.545 0x0000FF
124.57 78.36 -15.03 122.57 77.45 -13.67 0.545 0x0000FF
127.68 80.0 -15.94 124.57 78.36 -15.03 0.545 0x0000FF
130.05 81.09 -17.38 127.68 80.0 -15.94 0.545 0x0000FF
132.78 82.19 -18.21 130.05 81.09 -17.38 0.545 0x0000FF
135.34 83.1 -18.82 132.78 82.19 -18.21 0.455 0x0000FF
136.8 84.19 -19.73 135.34 83.1 -18.82 0.455 0x0000FF
138.26 85.1 -20.1 136.8 84.19 -19.73 0.455 0x0000FF
139.72 86.2 -20.71 138.26 85.1 -20.1 0.455 0x0000FF
141.54 86.74 -21.16 139.72 86.2 -20.71 0.455 0x0000FF
145.37 87.47 -21.54 141.54 86.74 -21.16 0.455 0x0000FF
149.19 88.2 -21.77 145.37 87.47 -21.54 0.455 0x0000FF
153.94 88.75 -22.23 149.19 88.2 -21.77 0.455 0x0000FF
158.69 91.3 -22.68 153.94 88.75 -22.23 0.455 0x0000FF
161.06 92.21 -23.13 158.69 91.3 -22.68 0.365 0x0000FF
163.07 92.57 -23.89 161.06 92.21 -23.13 0.365 0x0000FF
164.53 93.12 -24.5 163.07 92.57 -23.89 0.365 0x0000FF
165.99 93.3 -25.33 164.53 93.12 -24.5 0.365 0x0000FF
167.45 93.67 -26.01 165.99 93.3 -25.33 0.365 0x0000FF
168.36 93.85 -26.92 167.45 93.67 -26.01 0.365 0x0000FF
170.0 93.85 -27.83 168.36 93.85 -26.92 0.365 0x0000FF
170.92 93.85 -28.21 170.0 93.85 -27.83 0.365 0x0000FF
171.46 93.85 -28.89 170.92 93.85 -28.21 0.365 0x0000FF
171.83 93.85 -29.42 171.46 93.85 -28.89 0.365 0x0000FF
172.56 94.03 -30.1 171.83 93.85 -29.42 0.365 0x0000FF
173.65 94.21 -30.71 172.56 94.03 -30.1 0.365 0x0000FF
174.38 94.21 -31.62 173.65 94.21 -30.71 0.365 0x0000FF
175.84 94.4 -32.07 174.38 94.21 -31.62 0.275 0x0000FF
176.57 94.4 -32.45 175.84 94.4 -32.07 0.275 0x0000FF
177.48 94.58 -32.9 176.57 94.4 -32.45 0.275 0x0000FF
179.13 94.94 -33.28 177.48 94.58 -32.9 0.275 0x0000FF
180.59 95.31 -33.51 179.13 94.94 -33.28 0.275 0x0000FF
182.23 95.49 -33.81 180.59 95.31 -33.51 0.275 0x0000FF
183.87 95.67 -34.27 182.23 95.49 -33.81 0.275 0x0000FF
186.06 95.67 -34.5 183.87 95.67 -34.27 0.275 0x0000FF
187.34 95.49 -35.63 186.06 95.67 -34.5 0.275 0x0000FF
190.07 95.12 -36.39 187.34 95.49 -35.63 0.275 0x0000FF
191.35 95.12 -37.15 190.07 95.12 -36.39 0.275 0x0000FF
192.99 95.12 -37.75 191.35 95.12 -37.15 0.275 0x0000FF
195.37 94.94 -37.9 192.99 95.12 -37.75 0.275 0x0000FF
197.92 94.76 -38.51 195.37 94.94 -37.9 0.275 0x0000FF
201.57 95.12 -39.04 197.92 94.76 -38.51 0.18 0x0000FF
204.49 95.67 -39.72 201.57 95.12 -39.04 0.18 0x0000FF
205.95 96.04 -40.18 204.49 95.67 -39.72 0.18 0x0000FF
208.32 96.58 -40.78 205.95 96.04 -40.18 0.18 0x0000FF
213.79 97.68 -41.16 208.32 96.58 -40.78 0.18 0x0000FF
76.39 68.26 -5.86 74.38 72.45 -6.01 0.73 0x0000FF
78.2 66.26 -5.56 76.39 68.26 -5.86 0.73 0x0000FF
81.13 62.98 -5.26 78.2 66.26 -5.56 0.73 0x0000FF
84.05 61.16 -5.18 81.13 62.98 -5.26 0.64 0x0000FF
85.69 59.88 -4.88 84.05 61.16 -5.18 0.64 0x0000FF
86.24 59.52 -4.8 85.69 59.88 -4.88 0.64 0x0000FF
87.52 58.61 -5.48 86.24 59.52 -4.8 0.64 0x0000FF
89.52 57.51 -6.47 87.52 58.61 -5.48 0.64 0x0000FF
91.17 56.42 -7.23 89.52 57.51 -6.47 0.64 0x0000FF
92.63 55.69 -7.61 91.17 56.42 -7.23 0.64 0x0000FF
93.36 55.15 -8.51 92.63 55.69 -7.61 0.64 0x0000FF
94.27 54.96 -8.89 93.36 55.15 -8.51 0.64 0x0000FF
95.36 54.42 -10.02 94.27 54.96 -8.89 0.64 0x0000FF
97.92 53.32 -10.33 95.36 54.42 -10.02 0.64 0x0000FF
99.56 52.23 -10.79 97.92 53.32 -10.33 0.64 0x0000FF
100.65 51.14 -11.62 99.56 52.23 -10.79 0.64 0x0000FF
102.66 49.32 -12.53 100.65 51.14 -11.62 0.545 0x0000FF
103.57 48.59 -13.29 102.66 49.32 -12.53 0.545 0x0000FF
104.12 48.04 -13.74 103.57 48.59 -13.29 0.545 0x0000FF
104.49 47.49 -14.27 104.12 48.04 -13.74 0.545 0x0000FF
105.03 46.58 -14.57 104.49 47.49 -14.27 0.545 0x0000FF
106.31 44.76 -14.73 105.03 46.58 -14.57 0.545 0x0000FF
107.04 43.12 -15.26 106.31 44.76 -14.73 0.545 0x0000FF
107.59 42.21 -15.63 107.04 43.12 -15.26 0.545 0x0000FF
108.13 41.12 -16.32 107.59 42.21 -15.63 0.545 0x0000FF
109.05 39.11 -17.14 108.13 41.12 -16.32 0.455 0x0000FF
109.59 37.65 -18.05 109.05 39.11 -17.14 0.455 0x0000FF
109.96 36.2 -18.66 109.59 37.65 -18.05 0.455 0x0000FF
110.69 34.92 -19.57 109.96 36.2 -18.66 0.455 0x0000FF
111.24 34.01 -20.1 110.69 34.92 -19.57 0.455 0x0000FF
111.42 33.1 -20.94 111.24 34.01 -20.1 0.455 0x0000FF
111.78 31.82 -21.39 111.42 33.1 -20.94 0.455 0x0000FF
112.15 30.73 -22.3 111.78 31.82 -21.39 0.455 0x0000FF
112.7 29.27 -23.13 112.15 30.73 -22.3 0.455 0x0000FF
113.24 28.18 -23.82 112.7 29.27 -23.13 0.455 0x0000FF
113.61 27.82 -24.57 113.24 28.18 -23.82 0.455 0x0000FF
113.97 27.45 -25.71 113.61 27.82 -24.57 0.455 0x0000FF
114.16 27.09 -25.86 113.97 27.45 -25.71 0.455 0x0000FF
114.7 26.54 -26.32 114.16 27.09 -25.86 0.455 0x0000FF
115.43 26.18 -27.07 114.7 26.54 -26.32 0.455 0x0000FF
116.16 25.81 -27.91 115.43 26.18 -27.07 0.455 0x0000FF
117.44 25.45 -29.04 116.16 25.81 -27.91 0.455 0x0000FF
118.72 24.9 -29.8 117.44 25.45 -29.04 0.455 0x0000FF
120.36 23.99 -30.71 118.72 24.9 -29.8 0.455 0x0000FF
122.37 22.35 -31.85 120.36 23.99 -30.71 0.455 0x0000FF
123.46 20.89 -32.38 122.37 22.35 -31.85 0.455 0x0000FF
126.74 18.52 -33.65 123.46 20.89 -32.38 0.365 0x0000FF
127.47 17.43 -34.42 126.74 18.52 -33.65 0.365 0x0000FF
127.66 16.88 -35.33 127.47 17.43 -34.42 0.365 0x0000FF
128.02 16.34 -35.47 127.66 16.88 -35.33 0.365 0x0000FF
128.02 15.79 -36.24 128.02 16.34 -35.47 0.365 0x0000FF
128.38 14.88 -36.84 128.02 15.79 -36.24 0.365 0x0000FF
128.75 14.52 -37.83 128.38 14.88 -36.84 0.365 0x0000FF
129.12 13.6 -38.59 128.75 14.52 -37.83 0.365 0x0000FF
129.66 12.88 -40.03 129.12 13.6 -38.59 0.365 0x0000FF
130.94 11.78 -41.54 129.66 12.88 -40.03 0.365 0x0000FF
132.58 10.87 -41.54 130.94 11.78 -41.54 0.365 0x0000FF
133.31 10.32 -40.33 132.58 10.87 -41.54 0.365 0x0000FF
135.32 9.05 -39.72 133.31 10.32 -40.33 0.365 0x0000FF
58.71 82.19 -2.76 58.03 72.29 1.18 2.19 0x0000FF
58.89 83.83 -2.45 58.71 82.19 -2.76 2.19 0x0000FF
59.26 87.11 -1.85 58.89 83.83 -2.45 1.915 0x0000FF
59.07 91.48 -1.32 59.26 87.11 -1.85 1.915 0x0000FF
58.71 96.58 -0.79 59.07 91.48 -1.32 1.915 0x0000FF
58.34 99.68 -0.56 58.71 96.58 -0.79 1.825 0x0000FF
57.8 103.51 -0.33 58.34 99.68 -0.56 1.825 0x0000FF
57.43 105.33 -0.18 57.8 103.51 -0.33 1.37 0x0000FF
56.52 109.34 -0.71 57.43 105.33 -0.18 1.37 0x0000FF
56.34 111.16 -1.02 56.52 109.34 -0.71 1.37 0x0000FF
56.15 113.71 -1.09 56.34 111.16 -1.02 1.37 0x0000FF
55.99 114.26 -1.09 56.15 113.71 -1.09 1.37 0x0000FF
56.43 114.32 -1.09 55.99 114.26 -1.09 1.37 0x0000FF
56.88 116.62 -1.32 56.43 114.32 -1.09 1.275 0x0000FF
57.98 121.0 -1.32 56.88 116.62 -1.32 1.275 0x0000FF
61.26 145.22 -1.32 57.98 121.0 -1.32 1.185 0x0000FF
62.54 152.52 -1.39 61.26 145.22 -1.32 1.095 0x0000FF
64.36 164.91 -1.55 62.54 152.52 -1.39 1.095 0x0000FF
68.3 177.74 1.86 64.36 164.91 -1.55 1.095 0x0000FF
69.03 180.84 1.33 68.3 177.74 1.86 1.095 0x0000FF
70.67 185.21 0.95 69.03 180.84 1.33 1.095 0x0000FF
72.5 189.59 0.8 70.67 185.21 0.95 1.095 0x0000FF
73.77 195.42 1.41 72.5 189.59 0.8 1.095 0x0000FF
75.42 201.06 1.64 73.77 195.42 1.41 1.095 0x0000FF
76.15 204.89 1.86 75.42 201.06 1.64 1.005 0x0000FF
77.23 206.53 1.94 76.15 204.89 1.86 1.005 0x0000FF
77.97 207.62 2.17 77.23 206.53 1.94 1.005 0x0000FF
78.88 208.35 2.47 77.97 207.62 2.17 1.005 0x0000FF
79.61 209.26 2.7 78.88 208.35 2.47 1.005 0x0000FF
80.7 210.36 3.08 79.61 209.26 2.7 1.005 0x0000FF
81.25 211.81 3.23 80.7 210.36 3.08 1.005 0x0000FF
81.25 213.64 3.53 81.25 211.81 3.23 1.005 0x0000FF
81.25 216.19 3.3 81.25 213.64 3.53 1.005 0x0000FF
81.25 219.1 1.86 81.25 216.19 3.3 1.005 0x0000FF
81.44 225.12 1.48 81.25 219.1 1.86 1.005 0x0000FF
81.98 229.12 1.03 81.44 225.12 1.48 1.005 0x0000FF
82.71 237.69 -1.17 81.98 229.12 1.03 0.91 0x0000FF
83.81 243.88 -1.39 82.71 237.69 -1.17 0.91 0x0000FF
86.55 254.45 -1.55 83.81 243.88 -1.39 0.82 0x0000FF
87.28 257.36 -1.77 86.55 254.45 -1.55 0.82 0x0000FF
87.82 261.01 -2.29 87.28 257.36 -1.77 0.73 0x0000FF
88.01 262.64 -2.29 87.82 261.01 -2.29 0.73 0x0000FF
88.19 264.11 -1.7 88.01 262.64 -2.29 0.73 0x0000FF
88.37 265.56 -1.09 88.19 264.11 -1.7 0.73 0x0000FF
88.55 266.83 -0.56 88.37 265.56 -1.09 0.73 0x0000FF
88.92 267.93 0.42 88.55 266.83 -0.56 0.73 0x0000FF
89.28 269.02 0.8 88.92 267.93 0.42 0.73 0x0000FF
90.2 269.94 1.41 89.28 269.02 0.8 0.73 0x0000FF
90.92 270.85 1.94 90.2 269.94 1.41 0.73 0x0000FF
91.65 272.67 2.47 90.92 270.85 1.94 0.73 0x0000FF
92.38 277.04 3.08 91.65 272.67 2.47 0.73 0x0000FF
91.48 279.52 4.82 92.38 277.04 3.08 0.545 0x0000FF
91.48 282.45 4.97 91.48 279.52 4.82 0.545 0x0000FF
91.66 285.37 5.2 91.48 282.45 4.97 0.545 0x0000FF
91.84 288.1 5.27 91.66 285.37 5.2 0.545 0x0000FF
92.39 290.27 5.42 91.84 288.1 5.27 0.545 0x0000FF
93.48 294.11 5.58 92.39 290.27 5.42 0.545 0x0000FF
95.31 297.2 5.65 93.48 294.11 5.58 0.545 0x0000FF
98.41 300.31 5.73 95.31 297.2 5.65 0.455 0x0000FF
100.42 301.39 5.73 98.41 300.31 5.73 0.455 0x0000FF
102.61 302.31 5.73 100.42 301.39 5.73 0.455 0x0000FF
103.52 303.04 5.65 102.61 302.31 5.73 0.455 0x0000FF
104.43 303.95 5.35 103.52 303.04 5.65 0.455 0x0000FF
105.53 306.14 5.2 104.43 303.95 5.35 0.455 0x0000FF
107.71 318.52 4.88 105.53 306.14 5.2 0.455 0x0000FF
108.44 321.44 4.82 107.71 318.52 4.88 0.455 0x0000FF
109.36 324.36 4.82 108.44 321.44 4.82 0.455 0x0000FF
111.0 329.64 4.74 109.36 324.36 4.82 0.365 0x0000FF
111.18 332.74 4.74 111.0 329.64 4.74 0.365 0x0000FF
110.63 334.74 4.59 111.18 332.74 4.74 0.365 0x0000FF
110.45 338.2 4.44 110.63 334.74 4.59 0.365 0x0000FF
110.45 341.3 4.51 110.45 338.2 4.44 0.365 0x0000FF
111.36 346.58 4.51 110.45 341.3 4.51 0.365 0x0000FF
113.19 350.77 4.51 111.36 346.58 4.51 0.365 0x0000FF
115.74 354.24 4.51 113.19 350.77 4.51 0.365 0x0000FF
118.11 356.61 4.51 115.74 354.24 4.51 0.365 0x0000FF
119.57 358.06 4.59 118.11 356.61 4.51 0.365 0x0000FF
122.13 362.98 4.59 119.57 358.06 4.59 0.365 0x0000FF
123.95 367.36 4.59 122.13 362.98 4.59 0.365 0x0000FF
124.5 370.27 4.59 123.95 367.36 4.59 0.365 0x0000FF
125.5 371.92 5.2 124.5 370.27 4.59 0.365 0x0000FF
126.05 373.2 5.12 125.5 371.92 5.2 0.365 0x0000FF
126.6 375.02 5.42 126.05 373.2 5.12 0.365 0x0000FF
127.33 379.21 5.88 126.6 375.02 5.42 0.365 0x0000FF
128.24 383.58 6.41 127.33 379.21 5.88 0.365 0x0000FF
128.78 392.33 6.48 128.24 383.58 6.41 0.365 0x0000FF
128.97 398.89 6.64 128.78 392.33 6.48 0.365 0x0000FF
128.6 403.26 7.01 128.97 398.89 6.64 0.365 0x0000FF
126.96 407.81 7.09 128.6 403.26 7.01 0.275 0x0000FF
125.14 411.28 7.17 126.96 407.81 7.09 0.275 0x0000FF
122.58 414.74 7.32 125.14 411.28 7.17 0.275 0x0000FF
119.48 419.84 7.54 122.58 414.74 7.32 0.275 0x0000FF
117.66 426.95 7.7 119.48 419.84 7.54 0.275 0x0000FF
117.66 433.14 7.85 117.66 426.95 7.7 0.275 0x0000FF
117.29 440.61 8.23 117.66 433.14 7.85 0.275 0x0000FF
115.47 451.91 8.38 117.29 440.61 8.23 0.275 0x0000FF
114.19 460.29 8.52 115.47 451.91 8.38 0.275 0x0000FF
115.47 468.87 8.76 114.19 460.29 8.52 0.275 0x0000FF
94.21 286.14 3.23 92.38 277.04 3.08 0.64 0x0000FF
94.76 289.61 3.45 94.21 286.14 3.23 0.64 0x0000FF
95.85 293.99 3.53 94.76 289.61 3.45 0.64 0x0000FF
97.31 296.72 3.76 95.85 293.99 3.53 0.64 0x0000FF
98.41 298.72 3.83 97.31 296.72 3.76 0.64 0x0000FF
101.39 303.97 5.27 98.41 298.72 3.83 0.64 0x0000FF
102.85 307.62 5.88 101.39 303.97 5.27 0.64 0x0000FF
103.58 310.7 6.11 102.85 307.62 5.88 0.64 0x0000FF
104.13 313.45 6.33 103.58 310.7 6.11 0.64 0x0000FF
104.13 315.63 6.41 104.13 313.45 6.33 0.64 0x0000FF
103.94 317.45 6.64 104.13 315.63 6.41 0.64 0x0000FF
103.58 320.55 7.01 103.94 317.45 6.64 0.64 0x0000FF
103.76 323.1 7.32 103.58 320.55 7.01 0.64 0x0000FF
104.31 327.11 7.39 103.76 323.1 7.32 0.64 0x0000FF
103.28 327.2 7.54 104.31 327.11 7.39 0.64 0x0000FF
102.92 327.94 7.85 103.28 327.2 7.54 0.64 0x0000FF
102.19 329.03 8.38 102.92 327.94 7.85 0.545 0x0000FF
101.28 330.86 8.61 102.19 329.03 8.38 0.545 0x0000FF
100.37 331.77 8.76 101.28 330.86 8.61 0.545 0x0000FF
99.64 332.68 8.98 100.37 331.77 8.76 0.545 0x0000FF
99.09 333.22 9.21 99.64 332.68 8.98 0.545 0x0000FF
99.09 333.95 9.36 99.09 333.22 9.21 0.545 0x0000FF
98.72 335.23 9.44 99.09 333.95 9.36 0.545 0x0000FF
98.72 337.96 9.59 98.72 335.23 9.44 0.545 0x0000FF
98.36 341.06 10.03 98.72 337.96 9.59 0.545 0x0000FF
97.26 343.97 10.11 98.36 341.06 10.03 0.545 0x0000FF
96.35 346.52 10.19 97.26 343.97 10.11 0.545 0x0000FF
95.44 349.08 10.35 96.35 346.52 10.19 0.545 0x0000FF
94.53 351.63 10.5 95.44 349.08 10.35 0.545 0x0000FF
92.52 358.0 11.1 94.53 351.63 10.5 0.455 0x0000FF
91.79 360.92 11.1 92.52 358.0 11.1 0.455 0x0000FF
91.43 363.11 11.41 91.79 360.92 11.1 0.455 0x0000FF
91.06 364.93 11.71 91.43 363.11 11.41 0.455 0x0000FF
90.51 367.84 11.94 91.06 364.93 11.71 0.455 0x0000FF
87.96 374.77 12.39 90.51 367.84 11.94 0.455 0x0000FF
85.59 381.51 12.47 87.96 374.77 12.39 0.455 0x0000FF
85.4 382.78 12.85 85.59 381.51 12.47 0.455 0x0000FF
85.4 383.88 13.07 85.4 382.78 12.85 0.455 0x0000FF
83.94 386.97 13.23 85.4 383.88 13.07 0.455 0x0000FF
83.22 389.34 13.68 83.94 386.97 13.23 0.455 0x0000FF
82.49 391.71 13.83 83.22 389.34 13.68 0.455 0x0000FF
81.94 394.26 14.21 82.49 391.71 13.83 0.455 0x0000FF
81.2 395.72 14.21 81.94 394.26 14.21 0.455 0x0000FF
80.48 397.18 14.74 81.2 395.72 14.21 0.455 0x0000FF
79.56 399.54 15.57 80.48 397.18 14.74 0.455 0x0000FF
77.56 405.38 16.1 79.56 399.54 15.57 0.455 0x0000FF
76.65 409.2 16.63 77.56 405.38 16.1 0.455 0x0000FF
75.37 414.49 17.01 76.65 409.2 16.63 0.455 0x0000FF
73.55 420.86 17.32 75.37 414.49 17.01 0.455 0x0000FF
72.09 425.05 17.92 73.55 420.86 17.32 0.455 0x0000FF
70.26 428.33 18.23 72.09 425.05 17.92 0.455 0x0000FF
68.8 430.7 18.3 70.26 428.33 18.23 0.455 0x0000FF
66.43 435.44 18.68 68.8 430.7 18.3 0.365 0x0000FF
66.43 438.35 18.91 66.43 435.44 18.68 0.365 0x0000FF
66.43 445.28 19.05 66.43 438.35 18.91 0.365 0x0000FF
64.59 455.12 19.36 66.43 445.28 19.05 0.365 0x0000FF
62.23 464.41 19.59 64.59 455.12 19.36 0.365 0x0000FF
61.5 470.06 19.82 62.23 464.41 19.59 0.365 0x0000FF
61.32 474.25 20.04 61.5 470.06 19.82 0.365 0x0000FF
60.41 478.26 20.42 61.32 474.25 20.04 0.275 0x0000FF
59.86 479.89 20.57 60.41 478.26 20.42 0.275 0x0000FF
59.31 481.72 20.57 59.86 479.89 20.57 0.275 0x0000FF
105.59 327.29 7.7 104.31 327.11 7.39 0.545 0x0000FF
105.95 328.02 7.7 105.59 327.29 7.7 0.545 0x0000FF
106.5 328.75 7.7 105.95 328.02 7.7 0.545 0x0000FF
107.05 330.03 7.7 106.5 328.75 7.7 0.545 0x0000FF
107.78 331.67 7.7 107.05 330.03 7.7 0.545 0x0000FF
108.51 334.22 7.7 107.78 331.67 7.7 0.545 0x0000FF
109.6 336.59 7.7 108.51 334.22 7.7 0.545 0x0000FF
112.52 340.59 7.77 109.6 336.59 7.7 0.455 0x0000FF
113.43 342.6 7.77 112.52 340.59 7.77 0.455 0x0000FF
114.34 344.24 7.77 113.43 342.6 7.77 0.455 0x0000FF
114.89 345.51 7.77 114.34 344.24 7.77 0.455 0x0000FF
115.44 346.42 8.0 114.89 345.51 7.77 0.455 0x0000FF
115.8 347.15 8.07 115.44 346.42 8.0 0.455 0x0000FF
116.35 348.43 8.07 115.8 347.15 8.07 0.455 0x0000FF
116.53 350.25 8.23 116.35 348.43 8.07 0.455 0x0000FF
116.72 353.35 8.44 116.53 350.25 8.23 0.455 0x0000FF
117.08 355.9 8.61 116.72 353.35 8.44 0.455 0x0000FF
116.9 358.63 8.61 117.08 355.9 8.61 0.455 0x0000FF
115.99 361.91 8.68 116.9 358.63 8.61 0.455 0x0000FF
113.43 369.56 8.91 115.99 361.91 8.68 0.365 0x0000FF
113.07 375.21 8.91 113.43 369.56 8.91 0.365 0x0000FF
113.61 377.76 8.98 113.07 375.21 8.91 0.365 0x0000FF
113.07 379.95 9.21 113.61 377.76 8.98 0.365 0x0000FF
112.7 381.04 9.21 113.07 379.95 9.21 0.365 0x0000FF
111.24 383.78 9.28 112.7 381.04 9.21 0.365 0x0000FF
110.33 386.51 9.44 111.24 383.78 9.28 0.365 0x0000FF
109.24 389.79 9.44 110.33 386.51 9.44 0.365 0x0000FF
107.3 402.1 9.67 109.24 389.79 9.44 0.365 0x0000FF
107.48 405.56 9.67 107.3 402.1 9.67 0.365 0x0000FF
106.02 414.3 9.74 107.48 405.56 9.67 0.365 0x0000FF
103.65 419.4 9.82 106.02 414.3 9.74 0.365 0x0000FF
101.28 424.14 9.82 103.65 419.4 9.82 0.365 0x0000FF
98.72 429.06 10.03 101.28 424.14 9.82 0.365 0x0000FF
96.17 432.52 10.11 98.72 429.06 10.03 0.365 0x0000FF
95.26 433.8 10.35 96.17 432.52 10.11 0.365 0x0000FF
94.89 434.53 9.82 95.26 433.8 10.35 0.365 0x0000FF
94.34 435.26 9.51 94.89 434.53 9.82 0.365 0x0000FF
93.61 436.17 9.21 94.34 435.26 9.51 0.365 0x0000FF
92.52 437.44 9.06 93.61 436.17 9.21 0.365 0x0000FF
91.61 438.9 8.76 92.52 437.44 9.06 0.365 0x0000FF
90.88 440.54 8.38 91.61 438.9 8.76 0.365 0x0000FF
90.33 442.54 8.15 90.88 440.54 8.38 0.365 0x0000FF
89.78 445.28 7.39 90.33 442.54 8.15 0.365 0x0000FF
89.24 449.29 6.86 89.78 445.28 7.39 0.365 0x0000FF
88.69 450.56 6.48 89.24 449.29 6.86 0.365 0x0000FF
56.35 113.9 -1.7 55.99 114.26 -1.09 1.095 0x0000FF
56.53 114.08 -1.39 56.35 113.9 -1.7 1.095 0x0000FF
56.17 114.45 -0.94 56.53 114.08 -1.39 1.095 0x0000FF
56.17 114.45 -0.41 56.17 114.45 -0.94 1.095 0x0000FF
55.99 114.45 0.65 56.17 114.45 -0.41 1.095 0x0000FF
55.62 114.45 1.79 55.99 114.45 0.65 1.095 0x0000FF
55.44 114.63 3.23 55.62 114.45 1.79 1.095 0x0000FF
55.44 114.63 4.82 55.44 114.63 3.23 1.095 0x0000FF
55.44 114.63 6.71 55.44 114.63 4.82 1.095 0x0000FF
55.26 114.63 8.76 55.44 114.63 6.71 1.095 0x0000FF
54.89 114.63 9.59 55.26 114.63 8.76 1.095 0x0000FF
54.89 114.63 11.18 54.89 114.63 9.59 1.095 0x0000FF
54.89 114.63 12.92 54.89 114.63 11.18 1.095 0x0000FF
54.89 114.63 14.74 54.89 114.63 12.92 1.095 0x0000FF
54.89 114.63 15.88 54.89 114.63 14.74 1.095 0x0000FF
54.16 114.63 16.86 54.89 114.63 15.88 1.095 0x0000FF
53.8 114.81 17.54 54.16 114.63 16.86 1.095 0x0000FF
52.88 115.18 18.23 53.8 114.81 17.54 1.005 0x0000FF
51.97 115.36 18.6 52.88 115.18 18.23 1.005 0x0000FF
48.14 115.54 20.12 51.97 115.36 18.6 0.91 0x0000FF
46.32 115.36 20.5 48.14 115.54 20.12 0.82 0x0000FF
43.58 114.63 21.18 46.32 115.36 20.5 0.73 0x0000FF
42.12 114.26 21.48 43.58 114.63 21.18 0.73 0x0000FF
41.21 114.26 21.79 42.12 114.26 21.48 0.73 0x0000FF
41.21 114.26 22.69 41.21 114.26 21.79 0.73 0x0000FF
41.21 114.08 21.63 41.21 114.26 22.69 0.73 0x0000FF
41.03 114.08 21.18 41.21 114.08 21.63 0.73 0x0000FF
39.93 115.54 20.5 41.03 114.08 21.18 0.545 0x0000FF
38.65 116.63 19.82 39.93 115.54 20.5 0.545 0x0000FF
37.92 117.18 19.05 38.65 116.63 19.82 0.545 0x0000FF
36.83 118.09 18.45 37.92 117.18 19.05 0.545 0x0000FF
34.09 120.46 17.32 36.83 118.09 18.45 0.455 0x0000FF
33.54 121.19 17.23 34.09 120.46 17.32 0.455 0x0000FF
32.63 121.92 16.55 33.54 121.19 17.23 0.455 0x0000FF
31.54 122.83 16.18 32.63 121.92 16.55 0.455 0x0000FF
29.71 124.47 15.65 31.54 122.83 16.18 0.455 0x0000FF
28.62 125.01 15.12 29.71 124.47 15.65 0.455 0x0000FF
27.16 126.47 14.67 28.62 125.01 15.12 0.455 0x0000FF
25.88 127.56 14.51 27.16 126.47 14.67 0.455 0x0000FF
24.06 129.75 14.06 25.88 127.56 14.51 0.455 0x0000FF
22.6 131.57 13.6 24.06 129.75 14.06 0.455 0x0000FF
20.96 134.31 13.15 22.6 131.57 13.6 0.455 0x0000FF
19.68 136.13 12.77 20.96 134.31 13.15 0.365 0x0000FF
18.77 137.22 12.54 19.68 136.13 12.77 0.365 0x0000FF
17.3 138.13 11.86 18.77 137.22 12.54 0.365 0x0000FF
14.75 139.59 11.41 17.3 138.13 11.86 0.365 0x0000FF
13.11 139.94 11.03 14.75 139.59 11.41 0.365 0x0000FF
10.19 139.94 10.35 13.11 139.94 11.03 0.365 0x0000FF
7.64 139.41 9.74 10.19 139.94 10.35 0.365 0x0000FF
5.63 138.68 9.21 7.64 139.41 9.74 0.365 0x0000FF
2.16 136.86 8.61 5.63 138.68 9.21 0.365 0x0000FF
-1.67 134.85 2.85 2.16 136.86 8.61 0.275 0x0000FF
-3.31 134.31 2.85 -1.67 134.85 2.85 0.275 0x0000FF
-5.14 134.12 2.77 -3.31 134.31 2.85 0.275 0x0000FF
-7.14 133.58 2.62 -5.14 134.12 2.77 0.275 0x0000FF
-8.42 133.4 2.31 -7.14 133.58 2.62 0.275 0x0000FF
-9.51 133.4 2.17 -8.42 133.4 2.31 0.275 0x0000FF
-10.79 133.03 2.17 -9.51 133.4 2.17 0.275 0x0000FF
-12.25 132.66 1.94 -10.79 133.03 2.17 0.275 0x0000FF
-13.71 132.12 1.79 -12.25 132.66 1.94 0.275 0x0000FF
-15.35 131.94 1.11 -13.71 132.12 1.79 0.275 0x0000FF
-17.91 131.94 0.8 -15.35 131.94 1.11 0.275 0x0000FF
-20.64 132.12 0.2 -17.91 131.94 0.8 0.275 0x0000FF
-23.02 132.3 -0.79 -20.64 132.12 0.2 0.275 0x0000FF
-26.66 132.66 -1.55 -23.02 132.3 -0.79 0.275 0x0000FF
-28.12 132.85 -1.7 -26.66 132.66 -1.55 0.275 0x0000FF
-30.13 133.21 -2.29 -28.12 132.85 -1.7 0.275 0x0000FF
-37.25 133.58 -2.68 -30.13 133.21 -2.29 0.275 0x0000FF
-39.25 133.94 -3.44 -37.25 133.58 -2.68 0.275 0x0000FF
36.83 112.08 19.44 41.03 114.08 21.18 0.365 0x0000FF
34.82 110.26 19.44 36.83 112.08 19.44 0.365 0x0000FF
33.72 109.34 19.29 34.82 110.26 19.44 0.365 0x0000FF
31.9 108.07 19.29 33.72 109.34 19.29 0.365 0x0000FF
29.35 107.16 19.05 31.9 108.07 19.29 0.365 0x0000FF
26.06 106.07 19.05 29.35 107.16 19.05 0.365 0x0000FF
19.5 105.7 19.05 26.06 106.07 19.05 0.365 0x0000FF
12.38 107.71 19.05 19.5 105.7 19.05 0.365 0x0000FF
7.45 109.16 18.91 12.38 107.71 19.05 0.365 0x0000FF
3.62 110.44 18.91 7.45 109.16 18.91 0.365 0x0000FF
1.62 110.98 18.76 3.62 110.44 18.91 0.365 0x0000FF
-0.94 111.71 18.45 1.62 110.98 18.76 0.365 0x0000FF
-4.59 111.9 18.14 -0.94 111.71 18.45 0.365 0x0000FF
-8.77 110.8 17.85 -4.59 111.9 18.14 0.365 0x0000FF
-11.52 109.16 17.85 -8.77 110.8 17.85 0.365 0x0000FF
-14.08 107.52 17.62 -11.52 109.16 17.85 0.365 0x0000FF
-17.18 105.88 17.39 -14.08 107.52 17.62 0.365 0x0000FF
-27.76 103.33 17.01 -17.18 105.88 17.39 0.365 0x0000FF
-28.31 102.42 16.71 -27.76 103.33 17.01 0.365 0x0000FF
-29.22 101.87 16.32 -28.31 102.42 16.71 0.365 0x0000FF
-37.06 101.51 16.32 -29.22 101.87 16.32 0.365 0x0000FF
-42.54 100.78 16.26 -37.06 101.51 16.32 0.365 0x0000FF
-44.91 99.69 15.95 -42.54 100.78 16.26 0.365 0x0000FF
-46.73 99.14 15.65 -44.91 99.69 15.95 0.365 0x0000FF
-56.4 98.41 15.65 -46.73 99.14 15.65 0.365 0x0000FF
-70.09 99.51 15.42 -56.4 98.41 15.65 0.365 0x0000FF
-73.56 99.87 15.2 -70.09 99.51 15.42 0.365 0x0000FF
-79.2 100.42 15.04 -73.56 99.87 15.2 0.365 0x0000FF
58.89 104.05 -0.26 57.8 103.51 -0.33 1.185 0x0000FF
61.99 104.96 -0.03 58.89 104.05 -0.26 1.005 0x0000FF
69.47 106.24 0.5 61.99 104.96 -0.03 0.91 0x0000FF
73.84 106.42 0.8 69.47 106.24 0.5 0.91 0x0000FF
78.05 106.42 0.8 73.84 106.42 0.8 0.91 0x0000FF
82.79 106.24 -0.26 78.05 106.42 0.8 0.91 0x0000FF
88.27 106.79 -0.94 82.79 106.24 -0.26 0.82 0x0000FF
93.19 107.51 -1.55 88.27 106.79 -0.94 0.64 0x0000FF
95.93 107.51 -1.55 93.19 107.51 -1.55 0.64 0x0000FF
97.57 107.7 -1.77 95.93 107.51 -1.55 0.64 0x0000FF
99.39 107.51 -1.77 97.57 107.7 -1.77 0.64 0x0000FF
100.31 108.42 -2.08 99.39 107.51 -1.77 0.365 0x0000FF
100.85 109.15 -2.38 100.31 108.42 -2.08 0.365 0x0000FF
101.77 109.88 -2.61 100.85 109.15 -2.38 0.365 0x0000FF
102.13 110.25 -2.76 101.77 109.88 -2.61 0.365 0x0000FF
102.86 110.61 -3.36 102.13 110.25 -2.76 0.365 0x0000FF
104.32 111.34 -4.05 102.86 110.61 -3.36 0.365 0x0000FF
106.15 111.7 -4.26 104.32 111.34 -4.05 0.365 0x0000FF
107.79 112.07 -4.58 106.15 111.7 -4.26 0.365 0x0000FF
108.52 112.07 -4.73 107.79 112.07 -4.58 0.365 0x0000FF
109.43 112.25 -5.26 108.52 112.07 -4.73 0.365 0x0000FF
110.89 112.25 -6.09 109.43 112.25 -5.26 0.365 0x0000FF
111.98 112.43 -6.85 110.89 112.25 -6.09 0.365 0x0000FF
115.27 112.98 -7.83 111.98 112.43 -6.85 0.275 0x0000FF
117.64 113.89 -8.36 115.27 112.98 -7.83 0.275 0x0000FF
118.92 114.44 -8.59 117.64 113.89 -8.36 0.275 0x0000FF
121.47 114.98 -8.89 118.92 114.44 -8.59 0.275 0x0000FF
103.77 106.42 -2.08 99.39 107.51 -1.77 0.545 0x0000FF
107.06 104.78 -2.15 103.77 106.42 -2.08 0.545 0x0000FF
110.34 103.69 -2.23 107.06 104.78 -2.15 0.545 0x0000FF
115.09 100.95 -2.45 110.34 103.69 -2.23 0.545 0x0000FF
117.09 99.68 -2.38 115.09 100.95 -2.45 0.545 0x0000FF
118.37 98.59 -2.23 117.09 99.68 -2.38 0.545 0x0000FF
120.01 97.49 -1.85 118.37 98.59 -2.23 0.545 0x0000FF
121.65 96.76 -1.09 120.01 97.49 -1.85 0.545 0x0000FF
123.66 95.85 -0.56 121.65 96.76 -1.09 0.545 0x0000FF
125.3 95.31 -0.48 123.66 95.85 -0.56 0.545 0x0000FF
127.31 94.58 -0.11 125.3 95.31 -0.48 0.545 0x0000FF
129.68 93.85 0.35 127.31 94.58 -0.11 0.455 0x0000FF
132.05 93.48 0.42 129.68 93.85 0.35 0.455 0x0000FF
134.43 93.12 0.57 132.05 93.48 0.42 0.455 0x0000FF
138.8 93.67 0.73 134.43 93.12 0.57 0.365 0x0000FF
141.36 93.48 0.95 138.8 93.67 0.73 0.365 0x0000FF
147.56 93.67 1.11 141.36 93.48 0.95 0.275 0x0000FF
