54.09 -6.96 -3.51 45.89 -0.54 -3.35 0.91 0x0000FF
56.83 -7.69 -3.51 54.09 -6.96 -3.51 1.005 0x0000FF
62.12 -11.15 -1.62 56.83 -7.69 -3.51 1.185 0x0000FF
62.48 -12.07 -1.77 62.12 -11.15 -1.62 1.185 0x0000FF
62.66 -12.43 -1.92 62.48 -12.07 -1.77 1.185 0x0000FF
63.03 -12.79 -2.45 62.66 -12.43 -1.92 1.185 0x0000FF
63.39 -13.16 -2.76 63.03 -12.79 -2.45 1.185 0x0000FF
63.76 -13.52 -3.14 63.39 -13.16 -2.76 1.185 0x0000FF
64.31 -14.25 -3.36 63.76 -13.52 -3.14 1.185 0x0000FF
64.84 -14.62 -3.89 64.31 -14.25 -3.36 0.91 0x0000FF
65.22 -15.16 -4.05 64.84 -14.62 -3.89 0.91 0x0000FF
66.13 -15.53 -4.26 65.22 -15.16 -4.05 0.91 0x0000FF
66.5 -15.89 -4.95 66.13 -15.53 -4.26 0.82 0x0000FF
67.23 -16.26 -5.11 66.5 -15.89 -4.95 0.82 0x0000FF
67.77 -16.62 -5.64 67.23 -16.26 -5.11 0.82 0x0000FF
68.69 -16.98 -6.01 67.77 -16.62 -5.64 0.82 0x0000FF
69.05 -17.17 -6.7 68.69 -16.98 -6.01 0.82 0x0000FF
70.15 -17.53 -7.91 69.05 -17.17 -6.7 0.82 0x0000FF
71.23 -17.71 -8.51 70.15 -17.53 -7.91 0.82 0x0000FF
72.33 -18.26 -8.74 71.23 -17.71 -8.51 0.82 0x0000FF
72.7 -18.44 -8.74 72.33 -18.26 -8.74 0.82 0x0000FF
73.41 -20.1 -8.36 72.7 -18.44 -8.74 0.365 0x0000FF
76.51 -20.82 -8.44 73.41 -20.1 -8.36 0.365 0x0000FF
79.43 -22.28 -8.89 76.51 -20.82 -8.44 0.365 0x0000FF
80.89 -23.19 -8.89 79.43 -22.28 -8.89 0.365 0x0000FF
82.89 -24.29 -8.89 80.89 -23.19 -8.89 0.365 0x0000FF
85.26 -24.65 -8.89 82.89 -24.29 -8.89 0.365 0x0000FF
88.91 -25.01 -8.89 85.26 -24.65 -8.89 0.365 0x0000FF
93.48 -25.56 -8.36 88.91 -25.01 -8.89 0.365 0x0000FF
94.93 -25.56 -8.36 93.48 -25.56 -8.36 0.365 0x0000FF
96.58 -25.56 -8.28 94.93 -25.56 -8.36 0.365 0x0000FF
98.77 -25.56 -8.36 96.58 -25.56 -8.28 0.365 0x0000FF
75.25 -18.8 -8.97 72.7 -18.44 -8.74 0.64 0x0000FF
76.7 -18.63 -9.11 75.25 -18.8 -8.97 0.64 0x0000FF
80.73 -19.54 -9.5 76.7 -18.63 -9.11 0.545 0x0000FF
82.73 -20.63 -9.88 80.73 -19.54 -9.5 0.545 0x0000FF
84.74 -21.72 -10.26 82.73 -20.63 -9.88 0.545 0x0000FF
86.75 -22.63 -10.48 84.74 -21.72 -10.26 0.545 0x0000FF
91.49 -23.91 -10.48 86.75 -22.63 -10.48 0.545 0x0000FF
94.41 -23.91 -10.94 91.49 -23.91 -10.48 0.545 0x0000FF
99.7 -24.46 -10.94 94.41 -23.91 -10.94 0.545 0x0000FF
107.55 -25.0 -11.32 99.7 -24.46 -10.94 0.545 0x0000FF
114.3 -25.91 -11.54 107.55 -25.0 -11.32 0.545 0x0000FF
120.14 -27.55 -11.54 114.3 -25.91 -11.54 0.545 0x0000FF
126.34 -29.19 -11.85 120.14 -27.55 -11.54 0.545 0x0000FF
128.9 -29.37 -12.15 126.34 -29.19 -11.85 0.545 0x0000FF
129.99 -29.56 -12.38 128.9 -29.37 -12.15 0.545 0x0000FF
133.09 -29.37 -12.53 129.99 -29.56 -12.38 0.545 0x0000FF
136.74 -28.65 -13.14 133.09 -29.37 -12.53 0.545 0x0000FF
139.47 -27.74 -13.67 136.74 -28.65 -13.14 0.545 0x0000FF
144.04 -26.28 -14.2 139.47 -27.74 -13.67 0.545 0x0000FF
146.05 -25.73 -14.73 144.04 -26.28 -14.2 0.545 0x0000FF
158.09 -25.55 -15.26 146.05 -25.73 -14.73 0.545 0x0000FF
161.55 -25.0 -15.48 158.09 -25.55 -15.26 0.545 0x0000FF
165.57 -23.18 -15.63 161.55 -25.0 -15.48 0.545 0x0000FF
167.76 -22.09 -15.94 165.57 -23.18 -15.63 0.545 0x0000FF
170.31 -20.81 -16.23 167.76 -22.09 -15.94 0.545 0x0000FF
172.68 -19.89 -16.39 170.31 -20.81 -16.23 0.545 0x0000FF
174.87 -19.17 -16.47 172.68 -19.89 -16.39 0.545 0x0000FF
177.25 -18.63 -16.47 174.87 -19.17 -16.47 0.545 0x0000FF
186.16 -17.54 -16.54 177.25 -18.63 -16.47 0.455 0x0000FF
192.36 -17.18 -16.85 186.16 -17.54 -16.54 0.455 0x0000FF
198.57 -15.36 -17.0 192.36 -17.18 -16.85 0.455 0x0000FF
206.05 -14.45 -17.6 198.57 -15.36 -17.0 0.455 0x0000FF
211.89 -13.35 -17.91 206.05 -14.45 -17.6 0.455 0x0000FF
216.45 -12.26 -18.13 211.89 -13.35 -17.91 0.455 0x0000FF
222.47 -10.8 -18.36 216.45 -12.26 -18.13 0.455 0x0000FF
226.3 -9.16 -18.51 222.47 -10.8 -18.36 0.455 0x0000FF
228.13 -4.79 -19.04 226.3 -9.16 -18.51 0.455 0x0000FF
229.22 -1.88 -19.35 228.13 -4.79 -19.04 0.455 0x0000FF
231.23 0.13 -19.73 229.22 -1.88 -19.35 0.455 0x0000FF
232.69 1.22 -19.27 231.23 0.13 -19.73 0.455 0x0000FF
234.69 2.13 -18.66 232.69 1.22 -19.27 0.455 0x0000FF
236.7 3.41 -18.51 234.69 2.13 -18.66 0.455 0x0000FF
238.16 4.5 -18.13 236.7 3.41 -18.51 0.455 0x0000FF
240.35 6.51 -17.53 238.16 4.5 -18.13 0.365 0x0000FF
241.08 7.78 -17.38 240.35 6.51 -17.53 0.365 0x0000FF
241.63 9.24 -17.07 241.08 7.78 -17.38 0.365 0x0000FF
241.81 10.51 -16.17 241.63 9.24 -17.07 0.365 0x0000FF
241.81 11.61 -15.56 241.81 10.51 -16.17 0.365 0x0000FF
242.17 13.07 -15.18 241.81 11.61 -15.56 0.365 0x0000FF
242.72 14.52 -14.8 242.17 13.07 -15.18 0.365 0x0000FF
243.27 15.8 -14.42 242.72 14.52 -14.8 0.365 0x0000FF
244.55 17.8 -14.2 243.27 15.8 -14.42 0.365 0x0000FF
244.91 18.71 -13.97 244.55 17.8 -14.2 0.365 0x0000FF
245.82 21.08 -13.59 244.91 18.71 -13.97 0.365 0x0000FF
247.47 23.63 -13.14 245.82 21.08 -13.59 0.365 0x0000FF
248.2 27.64 -12.98 247.47 23.63 -13.14 0.365 0x0000FF
65.4 -11.7 -1.62 62.12 -11.15 -1.62 0.64 0x0000FF
67.23 -11.7 -1.62 65.4 -11.7 -1.62 0.545 0x0000FF
68.31 -11.88 -1.7 67.23 -11.7 -1.62 0.545 0x0000FF
69.59 -12.43 -1.7 68.31 -11.88 -1.7 0.545 0x0000FF
70.69 -12.79 -1.77 69.59 -12.43 -1.7 0.545 0x0000FF
71.59 -12.79 -1.85 70.69 -12.79 -1.77 0.545 0x0000FF
72.33 -12.98 -1.92 71.59 -12.79 -1.85 0.545 0x0000FF
73.25 -12.98 -1.77 72.33 -12.98 -1.92 0.455 0x0000FF
73.61 -12.98 -1.39 73.25 -12.98 -1.77 0.455 0x0000FF
74.16 -13.16 -0.86 73.61 -12.98 -1.39 0.455 0x0000FF
74.89 -13.52 -0.48 74.16 -13.16 -0.86 0.455 0x0000FF
75.25 -13.71 -0.26 74.89 -13.52 -0.48 0.455 0x0000FF
75.8 -13.89 -0.18 75.25 -13.71 -0.26 0.455 0x0000FF
76.34 -14.25 0.42 75.8 -13.89 -0.18 0.455 0x0000FF
76.7 -14.43 1.48 76.34 -14.25 0.42 0.455 0x0000FF
77.98 -14.98 2.17 76.7 -14.43 1.48 0.455 0x0000FF
79.45 -15.71 2.54 77.98 -14.98 2.17 0.455 0x0000FF
81.64 -17.35 2.92 79.45 -15.71 2.54 0.365 0x0000FF
83.1 -18.07 3.0 81.64 -17.35 2.92 0.365 0x0000FF
84.56 -18.8 3.23 83.1 -18.07 3.0 0.365 0x0000FF
85.65 -19.17 3.53 84.56 -18.8 3.23 0.365 0x0000FF
87.3 -19.89 3.83 85.65 -19.17 3.53 0.365 0x0000FF
88.39 -20.45 3.83 87.3 -19.89 3.83 0.365 0x0000FF
91.31 -21.9 3.91 88.39 -20.45 3.83 0.18 0x0000FF
59.38 -7.15 -2.08 56.83 -7.69 -3.51 0.91 0x0000FF
61.21 -6.42 -1.24 59.38 -7.15 -2.08 0.91 0x0000FF
61.75 -6.42 -1.09 61.21 -6.42 -1.24 0.91 0x0000FF
64.12 -6.42 -0.41 61.75 -6.42 -1.09 0.91 0x0000FF
68.69 -6.78 0.12 64.12 -6.42 -0.41 0.82 0x0000FF
71.23 -7.15 0.27 68.69 -6.78 0.12 0.82 0x0000FF
73.06 -6.96 0.73 71.23 -7.15 0.27 0.73 0x0000FF
75.06 -6.96 0.95 73.06 -6.96 0.73 0.73 0x0000FF
77.81 -6.96 1.11 75.06 -6.96 0.95 0.64 0x0000FF
79.81 -6.96 1.18 77.81 -6.96 1.11 0.64 0x0000FF
81.09 -6.05 1.18 79.81 -6.96 1.18 0.64 0x0000FF
83.28 -4.41 1.26 81.09 -6.05 1.18 0.64 0x0000FF
85.47 -5.14 1.41 83.28 -4.41 1.26 0.365 0x0000FF
87.84 -5.14 1.41 85.47 -5.14 1.41 0.365 0x0000FF
90.58 -6.42 1.41 87.84 -5.14 1.41 0.365 0x0000FF
95.14 -6.42 1.41 90.58 -6.42 1.41 0.275 0x0000FF
86.93 -0.95 1.48 83.28 -4.41 1.26 0.545 0x0000FF
88.21 0.14 1.56 86.93 -0.95 1.48 0.545 0x0000FF
88.76 1.78 1.71 88.21 0.14 1.56 0.545 0x0000FF
90.22 4.7 1.71 88.76 1.78 1.71 0.545 0x0000FF
91.13 5.97 1.71 90.22 4.7 1.71 0.545 0x0000FF
93.13 7.61 1.79 91.13 5.97 1.71 0.545 0x0000FF
95.87 9.8 1.79 93.13 7.61 1.79 0.455 0x0000FF
98.43 11.26 1.79 95.87 9.8 1.79 0.455 0x0000FF
101.16 13.26 1.79 98.43 11.26 1.79 0.455 0x0000FF
102.26 16.17 1.79 101.16 13.26 1.79 0.365 0x0000FF
102.62 15.26 1.79 102.26 16.17 1.79 0.275 0x0000FF
103.53 15.08 1.79 102.62 15.26 1.79 0.275 0x0000FF
104.63 13.62 1.79 103.53 15.08 1.79 0.275 0x0000FF
105.18 11.8 1.79 104.63 13.62 1.79 0.275 0x0000FF
105.18 10.16 1.79 105.18 11.8 1.79 0.275 0x0000FF
105.54 8.69 1.79 105.18 10.16 1.79 0.275 0x0000FF
107.0 7.43 1.79 105.54 8.69 1.79 0.275 0x0000FF
108.1 6.52 1.79 107.0 7.43 1.79 0.275 0x0000FF
109.19 5.61 1.79 108.1 6.52 1.79 0.275 0x0000FF
104.63 18.54 1.79 102.26 16.17 1.79 0.365 0x0000FF
105.72 19.82 1.79 104.63 18.54 1.79 0.365 0x0000FF
107.91 21.82 1.79 105.72 19.82 1.79 0.365 0x0000FF
112.47 25.28 1.79 107.91 21.82 1.79 0.275 0x0000FF
113.93 26.56 1.79 112.47 25.28 1.79 0.275 0x0000FF
118.86 30.93 1.79 113.93 26.56 1.79 0.275 0x0000FF
43.49 -9.71 -11.17 45.89 -0.54 -3.35 1.275 0x0000FF
44.22 -10.62 -11.17 43.49 -9.71 -11.17 1.275 0x0000FF
44.59 -12.63 -11.17 44.22 -10.62 -11.17 1.275 0x0000FF
44.77 -13.9 -11.17 44.59 -12.63 -11.17 1.275 0x0000FF
44.59 -15.72 -11.47 44.77 -13.9 -11.17 1.275 0x0000FF
43.86 -19.91 -11.7 44.59 -15.72 -11.47 1.275 0x0000FF
43.49 -21.01 -11.7 43.86 -19.91 -11.7 1.275 0x0000FF
39.6 -26.21 -12.6 43.49 -21.01 -11.7 0.64 0x0000FF
37.77 -29.12 -12.53 39.6 -26.21 -12.6 0.64 0x0000FF
36.5 -33.49 -12.3 37.77 -29.12 -12.53 0.64 0x0000FF
35.77 -37.32 -12.23 36.5 -33.49 -12.3 0.64 0x0000FF
35.58 -40.78 -12.0 35.77 -37.32 -12.23 0.64 0x0000FF
35.04 -43.51 -12.0 35.58 -40.78 -12.0 0.64 0x0000FF
34.67 -45.88 -12.0 35.04 -43.51 -12.0 0.64 0x0000FF
34.49 -47.16 -12.0 34.67 -45.88 -12.0 0.64 0x0000FF
34.11 -49.89 -12.0 34.49 -47.16 -12.0 0.545 0x0000FF
34.67 -51.71 -12.0 34.11 -49.89 -12.0 0.545 0x0000FF
33.58 -54.08 -12.0 34.67 -51.71 -12.0 0.545 0x0000FF
33.03 -56.63 -12.0 33.58 -54.08 -12.0 0.545 0x0000FF
33.58 -59.91 -12.0 33.03 -56.63 -12.0 0.545 0x0000FF
34.31 -63.74 -12.0 33.58 -59.91 -12.0 0.545 0x0000FF
33.58 -67.02 -12.07 34.31 -63.74 -12.0 0.365 0x0000FF
33.39 -68.48 -12.07 33.58 -67.02 -12.07 0.365 0x0000FF
34.67 -71.39 -12.07 33.39 -68.48 -12.07 0.365 0x0000FF
34.67 -72.67 -12.07 34.67 -71.39 -12.07 0.365 0x0000FF
34.49 -75.04 -12.07 34.67 -72.67 -12.07 0.365 0x0000FF
34.85 -77.04 -12.07 34.49 -75.04 -12.07 0.365 0x0000FF
33.94 -79.95 -12.07 34.85 -77.04 -12.07 0.365 0x0000FF
36.13 -44.06 -11.85 35.58 -40.78 -12.0 0.64 0x0000FF
36.31 -44.97 -11.7 36.13 -44.06 -11.85 0.64 0x0000FF
36.86 -46.43 -11.47 36.31 -44.97 -11.7 0.64 0x0000FF
37.04 -47.34 -11.17 36.86 -46.43 -11.47 0.545 0x0000FF
37.22 -47.71 -11.47 37.04 -47.34 -11.17 0.545 0x0000FF
37.95 -48.62 -11.92 37.22 -47.71 -11.47 0.545 0x0000FF
38.68 -48.98 -12.23 37.95 -48.62 -11.92 0.545 0x0000FF
39.6 -49.35 -12.68 38.68 -48.98 -12.23 0.545 0x0000FF
40.86 -50.07 -13.06 39.6 -49.35 -12.68 0.545 0x0000FF
41.42 -50.44 -13.67 40.86 -50.07 -13.06 0.545 0x0000FF
42.7 -51.17 -14.2 41.42 -50.44 -13.67 0.545 0x0000FF
43.79 -52.44 -14.57 42.7 -51.17 -14.2 0.545 0x0000FF
45.44 -54.45 -15.1 43.79 -52.44 -14.57 0.455 0x0000FF
45.98 -54.99 -15.26 45.44 -54.45 -15.1 0.455 0x0000FF
46.35 -55.9 -15.41 45.98 -54.99 -15.26 0.365 0x0000FF
47.08 -56.82 -15.71 46.35 -55.9 -15.41 0.365 0x0000FF
47.62 -57.73 -16.01 47.08 -56.82 -15.71 0.365 0x0000FF
48.35 -59.37 -16.47 47.62 -57.73 -16.01 0.365 0x0000FF
49.08 -60.09 -16.92 48.35 -59.37 -16.47 0.365 0x0000FF
49.63 -60.82 -17.07 49.08 -60.09 -16.92 0.365 0x0000FF
50.91 -62.65 -13.14 49.63 -60.82 -17.07 0.365 0x0000FF
52.37 -63.37 -13.14 50.91 -62.65 -13.14 0.365 0x0000FF
43.49 -24.29 -12.0 43.49 -21.01 -11.7 0.91 0x0000FF
42.58 -27.2 -12.23 43.49 -24.29 -12.0 0.82 0x0000FF
42.22 -28.66 -13.06 42.58 -27.2 -12.23 0.82 0x0000FF
42.22 -29.39 -14.12 42.22 -28.66 -13.06 0.82 0x0000FF
42.22 -29.39 -15.26 42.22 -29.39 -14.12 0.82 0x0000FF
41.79 -30.58 -16.54 42.22 -29.39 -15.26 0.73 0x0000FF
41.42 -31.31 -16.85 41.79 -30.58 -16.54 0.73 0x0000FF
40.51 -32.04 -17.0 41.42 -31.31 -16.85 0.73 0x0000FF
39.96 -32.76 -17.07 40.51 -32.04 -17.0 0.73 0x0000FF
38.5 -35.32 -19.64 39.96 -32.76 -17.07 0.455 0x0000FF
38.32 -36.77 -20.71 38.5 -35.32 -19.64 0.455 0x0000FF
37.4 -40.96 -20.86 38.32 -36.77 -20.71 0.455 0x0000FF
36.86 -42.24 -20.86 37.4 -40.96 -20.86 0.455 0x0000FF
36.31 -43.88 -21.01 36.86 -42.24 -20.86 0.545 0x0000FF
33.94 -45.34 -21.09 36.31 -43.88 -21.01 0.545 0x0000FF
33.39 -45.7 -21.09 33.94 -45.34 -21.09 0.545 0x0000FF
32.85 -46.43 -21.09 33.39 -45.7 -21.09 0.545 0x0000FF
31.39 -47.89 -21.32 32.85 -46.43 -21.09 0.545 0x0000FF
30.66 -49.53 -21.39 31.39 -47.89 -21.32 0.545 0x0000FF
30.11 -51.53 -21.47 30.66 -49.53 -21.39 0.545 0x0000FF
29.93 -52.62 -21.47 30.11 -51.53 -21.47 0.545 0x0000FF
29.38 -54.08 -21.47 29.93 -52.62 -21.47 0.545 0x0000FF
28.1 -56.09 -21.47 29.38 -54.08 -21.47 0.545 0x0000FF
27.01 -58.27 -21.47 28.1 -56.09 -21.47 0.545 0x0000FF
26.46 -59.18 -21.62 27.01 -58.27 -21.47 0.545 0x0000FF
26.1 -59.91 -22.0 26.46 -59.18 -21.62 0.545 0x0000FF
25.55 -60.64 -22.15 26.1 -59.91 -22.0 0.545 0x0000FF
24.09 -61.01 -22.6 25.55 -60.64 -22.15 0.545 0x0000FF
23.18 -61.01 -22.45 24.09 -61.01 -22.6 0.545 0x0000FF
22.63 -61.01 -22.3 23.18 -61.01 -22.45 0.545 0x0000FF
20.26 -60.82 -21.77 22.63 -61.01 -22.3 0.455 0x0000FF
18.98 -60.46 -21.62 20.26 -60.82 -21.77 0.455 0x0000FF
17.88 -59.91 -20.86 18.98 -60.46 -21.62 0.455 0x0000FF
16.05 -59.0 -20.18 17.88 -59.91 -20.86 0.365 0x0000FF
15.33 -58.09 -19.88 16.05 -59.0 -20.18 0.365 0x0000FF
14.78 -57.54 -19.57 15.33 -58.09 -19.88 0.365 0x0000FF
14.24 -57.0 -19.04 14.78 -57.54 -19.57 0.365 0x0000FF
13.69 -56.82 -18.73 14.24 -57.0 -19.04 0.365 0x0000FF
13.51 -56.45 -17.6 13.69 -56.82 -18.73 0.365 0x0000FF
12.96 -55.9 -17.07 13.51 -56.45 -17.6 0.365 0x0000FF
12.23 -54.63 -16.01 12.96 -55.9 -17.07 0.365 0x0000FF
11.86 -53.9 -15.56 12.23 -54.63 -16.01 0.365 0x0000FF
10.59 -52.62 -14.88 11.86 -53.9 -15.56 0.365 0x0000FF
9.86 -51.71 -14.12 10.59 -52.62 -14.88 0.365 0x0000FF
8.94 -50.98 -13.97 9.86 -51.71 -14.12 0.365 0x0000FF
7.67 -50.26 -13.29 8.94 -50.98 -13.97 0.365 0x0000FF
5.84 -50.26 -13.06 7.67 -50.26 -13.29 0.365 0x0000FF
4.2 -51.17 -12.6 5.84 -50.26 -13.06 0.365 0x0000FF
2.38 -52.81 -12.38 4.2 -51.17 -12.6 0.275 0x0000FF
34.67 -42.42 -20.86 36.86 -42.24 -20.86 0.365 0x0000FF
33.94 -42.42 -20.86 34.67 -42.42 -20.86 0.365 0x0000FF
32.11 -41.69 -20.86 33.94 -42.42 -20.86 0.365 0x0000FF
31.2 -41.33 -20.86 32.11 -41.69 -20.86 0.365 0x0000FF
30.84 -40.24 -20.86 31.2 -41.33 -20.86 0.365 0x0000FF
30.66 -38.78 -20.94 30.84 -40.24 -20.86 0.365 0x0000FF
30.47 -36.04 -20.94 30.66 -38.78 -20.94 0.365 0x0000FF
29.74 -33.31 -20.94 30.47 -36.04 -20.94 0.365 0x0000FF
28.28 -31.31 -20.94 29.74 -33.31 -20.94 0.365 0x0000FF
39.04 -33.49 -17.07 39.96 -32.76 -17.07 0.545 0x0000FF
37.77 -33.68 -17.38 39.04 -33.49 -17.07 0.545 0x0000FF
36.86 -33.86 -17.91 37.77 -33.68 -17.38 0.545 0x0000FF
35.95 -33.86 -18.13 36.86 -33.86 -17.91 0.545 0x0000FF
34.67 -34.04 -18.36 35.95 -33.86 -18.13 0.545 0x0000FF
29.56 -34.04 -18.73 34.67 -34.04 -18.36 0.545 0x0000FF
27.74 -34.04 -18.89 29.56 -34.04 -18.73 0.545 0x0000FF
24.82 -33.49 -19.27 27.74 -34.04 -18.89 0.545 0x0000FF
21.35 -32.58 -19.64 24.82 -33.49 -19.27 0.545 0x0000FF
17.34 -30.76 -20.32 21.35 -32.58 -19.64 0.545 0x0000FF
14.78 -29.3 -20.56 17.34 -30.76 -20.32 0.545 0x0000FF
12.05 -28.03 -20.86 14.78 -29.3 -20.56 0.545 0x0000FF
10.59 -28.03 -21.47 12.05 -28.03 -20.86 0.545 0x0000FF
8.02 -27.66 -21.62 10.59 -28.03 -21.47 0.545 0x0000FF
6.03 -27.66 -21.92 8.02 -27.66 -21.62 0.455 0x0000FF
4.01 -27.12 -22.45 6.03 -27.66 -21.92 0.455 0x0000FF
1.46 -26.39 -22.91 4.01 -27.12 -22.45 0.455 0x0000FF
-0.73 -26.39 -23.13 1.46 -26.39 -22.91 0.455 0x0000FF
-2.37 -26.39 -23.21 -0.73 -26.39 -23.13 0.455 0x0000FF
-4.55 -27.12 -23.36 -2.37 -26.39 -23.21 0.455 0x0000FF
-6.75 -27.85 -23.82 -4.55 -27.12 -23.36 0.455 0x0000FF
-9.11 -28.21 -24.27 -6.75 -27.85 -23.82 0.455 0x0000FF
-11.13 -28.21 -25.03 -9.11 -28.21 -24.27 0.455 0x0000FF
-12.4 -28.21 -25.33 -11.13 -28.21 -25.03 0.455 0x0000FF
-14.04 -28.57 -26.01 -12.4 -28.21 -25.33 0.455 0x0000FF
-16.78 -29.12 -26.54 -14.04 -28.57 -26.01 0.455 0x0000FF
-18.97 -29.49 -26.85 -16.78 -29.12 -26.54 0.455 0x0000FF
-21.16 -29.85 -26.92 -18.97 -29.49 -26.85 0.455 0x0000FF
-23.9 -30.58 -27.83 -21.16 -29.85 -26.92 0.365 0x0000FF
-26.27 -31.31 -27.98 -23.9 -30.58 -27.83 0.365 0x0000FF
-28.64 -32.04 -28.13 -26.27 -31.31 -27.98 0.365 0x0000FF
-30.83 -32.95 -28.36 -28.64 -32.04 -28.13 0.365 0x0000FF
43.86 -33.21 -17.07 42.22 -29.39 -15.26 0.82 0x0000FF
44.34 -34.77 -17.68 43.86 -33.21 -17.07 0.91 0x0000FF
44.34 -35.5 -17.68 44.34 -34.77 -17.68 0.91 0x0000FF
44.52 -36.04 -17.91 44.34 -35.5 -17.68 0.91 0x0000FF
44.52 -36.59 -19.04 44.52 -36.04 -17.91 0.91 0x0000FF
44.52 -37.5 -19.64 44.52 -36.59 -19.04 0.91 0x0000FF
44.71 -38.78 -20.1 44.52 -37.5 -19.64 0.91 0x0000FF
45.25 -40.24 -20.63 44.71 -38.78 -20.1 0.91 0x0000FF
45.8 -41.69 -21.09 45.25 -40.24 -20.63 0.91 0x0000FF
47.44 -44.43 -21.32 45.8 -41.69 -21.09 0.91 0x0000FF
49.63 -48.43 -21.47 47.44 -44.43 -21.32 0.91 0x0000FF
50.91 -53.35 -21.92 49.63 -48.43 -21.47 0.91 0x0000FF
51.46 -57.18 -22.15 50.91 -53.35 -21.92 0.64 0x0000FF
52.73 -59.18 -22.45 51.46 -57.18 -22.15 0.64 0x0000FF
54.92 -63.19 -23.06 52.73 -59.18 -22.45 0.64 0x0000FF
56.75 -65.38 -23.06 54.92 -63.19 -23.06 0.64 0x0000FF
57.66 -67.02 -22.68 56.75 -65.38 -23.06 0.64 0x0000FF
58.21 -69.56 -22.45 57.66 -67.02 -22.68 0.64 0x0000FF
60.4 -77.59 -22.38 58.21 -69.56 -22.45 0.64 0x0000FF
61.49 -82.32 -22.3 60.4 -77.59 -22.38 0.64 0x0000FF
62.4 -84.87 -22.45 61.49 -82.32 -22.3 0.545 0x0000FF
62.95 -85.97 -22.76 62.4 -84.87 -22.45 0.545 0x0000FF
64.05 -87.42 -22.91 62.95 -85.97 -22.76 0.545 0x0000FF
65.69 -90.52 -22.98 64.05 -87.42 -22.91 0.455 0x0000FF
66.42 -91.98 -23.06 65.69 -90.52 -22.98 0.455 0x0000FF
66.59 -93.8 -23.13 66.42 -91.98 -23.06 0.455 0x0000FF
67.88 -96.17 -23.13 66.59 -93.8 -23.13 0.455 0x0000FF
68.06 -99.81 -23.29 67.88 -96.17 -23.13 0.365 0x0000FF
67.69 -101.27 -23.29 68.06 -99.81 -23.29 0.365 0x0000FF
67.33 -103.28 -23.29 67.69 -101.27 -23.29 0.365 0x0000FF
67.33 -106.19 -23.29 67.33 -103.28 -23.29 0.365 0x0000FF
45.13 -34.31 -18.44 43.86 -33.21 -17.07 0.73 0x0000FF
47.14 -34.85 -18.82 45.13 -34.31 -18.44 0.64 0x0000FF
47.87 -35.4 -18.82 47.14 -34.85 -18.82 0.64 0x0000FF
48.42 -35.95 -18.97 47.87 -35.4 -18.82 0.64 0x0000FF
48.97 -36.31 -19.27 48.42 -35.95 -18.97 0.64 0x0000FF
50.43 -36.68 -19.5 48.97 -36.31 -19.27 0.64 0x0000FF
51.7 -36.86 -19.57 50.43 -36.68 -19.5 0.64 0x0000FF
53.46 -36.22 -21.39 51.7 -36.86 -19.57 0.545 0x0000FF
54.19 -36.22 -21.62 53.46 -36.22 -21.39 0.545 0x0000FF
54.74 -36.22 -22.0 54.19 -36.22 -21.62 0.545 0x0000FF
55.29 -36.22 -22.53 54.74 -36.22 -22.0 0.545 0x0000FF
55.84 -36.4 -22.98 55.29 -36.22 -22.53 0.545 0x0000FF
56.93 -36.59 -23.44 55.84 -36.4 -22.98 0.545 0x0000FF
57.66 -36.59 -23.97 56.93 -36.59 -23.44 0.545 0x0000FF
58.75 -36.77 -24.04 57.66 -36.59 -23.97 0.545 0x0000FF
61.13 -36.59 -24.72 58.75 -36.77 -24.04 0.545 0x0000FF
64.95 -36.96 -25.18 61.13 -36.59 -24.72 0.455 0x0000FF
65.69 -37.14 -25.41 64.95 -36.96 -25.18 0.455 0x0000FF
66.23 -37.68 -25.63 65.69 -37.14 -25.41 0.455 0x0000FF
67.51 -38.04 -25.71 66.23 -37.68 -25.63 0.455 0x0000FF
67.88 -38.4 -26.09 67.51 -38.04 -25.71 0.455 0x0000FF
70.98 -38.78 -26.62 67.88 -38.4 -26.09 0.365 0x0000FF
71.89 -38.78 -26.69 70.98 -38.78 -26.62 0.365 0x0000FF
74.81 -40.04 -26.77 71.89 -38.78 -26.69 0.365 0x0000FF
42.52 -9.99 -6.92 45.89 -0.54 -3.35 1.095 0x0000FF
41.06 -11.27 -6.92 42.52 -9.99 -6.92 1.095 0x0000FF
38.86 -15.09 -7.0 41.06 -11.27 -6.92 0.82 0x0000FF
38.14 -18.01 -7.53 38.86 -15.09 -7.0 0.82 0x0000FF
37.77 -22.38 -7.53 38.14 -18.01 -7.53 0.82 0x0000FF
36.86 -29.67 -7.91 37.77 -22.38 -7.53 0.82 0x0000FF
36.86 -36.22 -7.98 36.86 -29.67 -7.91 0.82 0x0000FF
35.58 -40.78 -8.21 36.86 -36.22 -7.98 0.82 0x0000FF
36.5 -45.52 -8.44 35.58 -40.78 -8.21 0.64 0x0000FF
37.04 -48.07 -8.44 36.5 -45.52 -8.44 0.64 0x0000FF
36.31 -51.9 -9.11 37.04 -48.07 -8.44 0.545 0x0000FF
35.22 -53.54 -9.57 36.31 -51.9 -9.11 0.545 0x0000FF
39.04 -4.71 7.01 45.89 -0.54 -3.35 1.185 0x0000FF
37.04 -6.35 7.01 39.04 -4.71 7.01 1.37 0x0000FF
35.58 -7.44 7.01 37.04 -6.35 7.01 1.37 0x0000FF
32.32 -8.06 8.61 35.58 -7.44 7.01 0.82 0x0000FF
27.94 -9.88 8.61 32.32 -8.06 8.61 0.73 0x0000FF
24.84 -10.61 9.21 27.94 -9.88 8.61 0.73 0x0000FF
22.65 -11.52 9.59 24.84 -10.61 9.21 0.73 0x0000FF
19.73 -12.8 9.67 22.65 -11.52 9.59 0.73 0x0000FF
17.54 -13.71 9.97 19.73 -12.8 9.67 0.73 0x0000FF
15.72 -14.26 10.27 17.54 -13.71 9.97 0.73 0x0000FF
14.44 -15.71 9.74 15.72 -14.26 10.27 0.455 0x0000FF
13.53 -16.26 9.97 14.44 -15.71 9.74 0.455 0x0000FF
12.98 -16.8 10.35 13.53 -16.26 9.97 0.455 0x0000FF
12.07 -17.54 10.35 12.98 -16.8 10.35 0.455 0x0000FF
11.52 -18.45 10.42 12.07 -17.54 10.35 0.455 0x0000FF
10.79 -19.18 10.57 11.52 -18.45 10.42 0.455 0x0000FF
10.24 -20.45 10.03 10.79 -19.18 10.57 0.455 0x0000FF
9.69 -21.91 9.89 10.24 -20.45 10.03 0.455 0x0000FF
9.15 -23.73 9.82 9.69 -21.91 9.89 0.455 0x0000FF
8.77 -24.82 9.59 9.15 -23.73 9.82 0.455 0x0000FF
8.6 -26.1 9.59 8.77 -24.82 9.59 0.455 0x0000FF
8.24 -27.01 9.51 8.6 -26.1 9.59 0.455 0x0000FF
7.87 -28.29 9.51 8.24 -27.01 9.51 0.455 0x0000FF
8.42 -29.93 9.36 7.87 -28.29 9.51 0.365 0x0000FF
8.77 -31.02 9.36 8.42 -29.93 9.36 0.365 0x0000FF
8.77 -31.93 9.36 8.77 -31.02 9.36 0.365 0x0000FF
8.77 -32.65 9.36 8.77 -31.93 9.36 0.365 0x0000FF
8.6 -33.21 9.36 8.77 -32.65 9.36 0.365 0x0000FF
7.87 -35.03 9.36 8.6 -33.21 9.36 0.365 0x0000FF
7.32 -36.67 9.36 7.87 -35.03 9.36 0.365 0x0000FF
7.14 -40.49 9.36 7.32 -36.67 9.36 0.365 0x0000FF
7.87 -42.5 9.36 7.14 -40.49 9.36 0.365 0x0000FF
6.59 -29.56 9.51 7.87 -28.29 9.51 0.365 0x0000FF
6.59 -29.93 9.51 6.59 -29.56 9.51 0.365 0x0000FF
6.41 -30.65 9.06 6.59 -29.93 9.51 0.365 0x0000FF
6.05 -31.38 8.76 6.41 -30.65 9.06 0.365 0x0000FF
5.68 -31.93 8.3 6.05 -31.38 8.76 0.365 0x0000FF
5.68 -32.29 7.39 5.68 -31.93 8.3 0.365 0x0000FF
5.5 -33.39 7.01 5.68 -32.29 7.39 0.365 0x0000FF
4.95 -34.85 6.41 5.5 -33.39 7.01 0.365 0x0000FF
4.76 -36.49 5.73 4.95 -34.85 6.41 0.365 0x0000FF
4.59 -37.4 5.12 4.76 -36.49 5.73 0.365 0x0000FF
4.59 -38.31 4.82 4.59 -37.4 5.12 0.365 0x0000FF
4.22 -39.04 4.21 4.59 -38.31 4.82 0.365 0x0000FF
3.86 -39.95 3.68 4.22 -39.04 4.21 0.365 0x0000FF
3.31 -40.68 3.3 3.86 -39.95 3.68 0.365 0x0000FF
2.76 -41.4 2.77 3.31 -40.68 3.3 0.365 0x0000FF
2.4 -41.95 2.24 2.76 -41.4 2.77 0.365 0x0000FF
1.3 -42.86 1.33 2.4 -41.95 2.24 0.365 0x0000FF
0.56 -43.77 1.26 1.3 -42.86 1.33 0.365 0x0000FF
0.21 -45.96 1.26 0.56 -43.77 1.26 0.365 0x0000FF
0.56 -52.34 1.03 0.21 -45.96 1.26 0.365 0x0000FF
-0.34 -55.43 1.03 0.56 -52.34 1.03 0.365 0x0000FF
-1.43 -57.98 0.95 -0.34 -55.43 1.03 0.365 0x0000FF
-1.25 -64.36 0.95 -1.43 -57.98 0.95 0.275 0x0000FF
-1.25 -67.45 0.95 -1.25 -64.36 0.95 0.275 0x0000FF
-2.35 -70.19 0.95 -1.25 -67.45 0.95 0.275 0x0000FF
-1.8 -71.83 0.95 -2.35 -70.19 0.95 0.275 0x0000FF
-1.07 -76.56 0.95 -1.8 -71.83 0.95 0.275 0x0000FF
14.44 -13.89 10.5 15.72 -14.26 10.27 0.545 0x0000FF
12.98 -13.89 10.8 14.44 -13.89 10.5 0.545 0x0000FF
10.79 -13.35 11.18 12.98 -13.89 10.8 0.545 0x0000FF
7.14 -12.98 11.71 10.79 -13.35 11.18 0.545 0x0000FF
4.22 -12.07 12.09 7.14 -12.98 11.71 0.545 0x0000FF
1.3 -10.8 12.62 4.22 -12.07 12.09 0.545 0x0000FF
-1.8 -9.52 13.0 1.3 -10.8 12.62 0.545 0x0000FF
-3.99 -8.61 13.3 -1.8 -9.52 13.0 0.545 0x0000FF
-5.63 -7.88 13.68 -3.99 -8.61 13.3 0.545 0x0000FF
-8.36 -6.24 14.13 -5.63 -7.88 13.68 0.545 0x0000FF
-12.2 -4.05 14.74 -8.36 -6.24 14.13 0.455 0x0000FF
-14.21 -2.78 15.2 -12.2 -4.05 14.74 0.455 0x0000FF
-16.03 -1.32 15.65 -14.21 -2.78 15.2 0.365 0x0000FF
-16.39 -0.59 15.88 -16.03 -1.32 15.65 0.365 0x0000FF
-17.13 0.32 16.1 -16.39 -0.59 15.88 0.365 0x0000FF
-17.67 1.41 17.23 -17.13 0.32 16.1 0.365 0x0000FF
-17.86 1.78 18.07 -17.67 1.41 17.23 0.365 0x0000FF
-18.22 2.87 18.53 -17.86 1.78 18.07 0.365 0x0000FF
-18.22 3.6 18.82 -18.22 2.87 18.53 0.365 0x0000FF
-18.77 6.88 19.36 -18.22 3.6 18.82 0.365 0x0000FF
-18.95 7.61 19.97 -18.77 6.88 19.36 0.365 0x0000FF
-18.95 8.69 20.27 -18.95 7.61 19.97 0.365 0x0000FF
-19.3 10.34 20.57 -18.95 8.69 20.27 0.365 0x0000FF
-19.3 11.25 21.03 -19.3 10.34 20.57 0.365 0x0000FF
-19.13 13.07 21.33 -19.3 11.25 21.03 0.365 0x0000FF
-19.13 14.17 21.71 -19.13 13.07 21.33 0.365 0x0000FF
-18.95 14.89 22.39 -19.13 14.17 21.71 0.365 0x0000FF
-18.04 16.17 22.62 -18.95 14.89 22.39 0.365 0x0000FF
-16.57 17.07 23.22 -18.04 16.17 22.62 0.275 0x0000FF
-15.48 18.36 23.98 -16.57 17.07 23.22 0.275 0x0000FF
-15.12 19.09 23.98 -15.48 18.36 23.98 0.275 0x0000FF
-14.94 20.0 23.98 -15.12 19.09 23.98 0.275 0x0000FF
-14.94 21.27 24.21 -14.94 20.0 23.98 0.275 0x0000FF
-14.94 22.18 24.36 -14.94 21.27 24.21 0.275 0x0000FF
-14.94 23.46 24.66 -14.94 22.18 24.36 0.275 0x0000FF
-15.12 26.74 25.42 -14.94 23.46 24.66 0.275 0x0000FF
-14.94 28.38 25.42 -15.12 26.74 25.42 0.275 0x0000FF
-14.75 29.47 25.72 -14.94 28.38 25.42 0.275 0x0000FF
-14.57 30.2 26.25 -14.75 29.47 25.72 0.275 0x0000FF
-12.93 34.75 25.95 -14.57 30.2 26.25 0.275 0x0000FF
-12.38 36.21 26.94 -12.93 34.75 25.95 0.275 0x0000FF
-12.02 36.58 27.62 -12.38 36.21 26.94 0.275 0x0000FF
-11.65 37.67 28.15 -12.02 36.58 27.62 0.275 0x0000FF
-11.29 38.76 28.83 -11.65 37.67 28.15 0.275 0x0000FF
-11.1 39.31 28.98 -11.29 38.76 28.83 0.275 0x0000FF
-10.74 40.04 29.28 -11.1 39.31 28.98 0.275 0x0000FF
-10.74 40.95 29.51 -10.74 40.04 29.28 0.275 0x0000FF
-10.56 41.68 29.51 -10.74 40.95 29.51 0.275 0x0000FF
-10.19 42.77 29.51 -10.56 41.68 29.51 0.275 0x0000FF
-8.55 44.05 29.74 -10.19 42.77 29.51 0.275 0x0000FF
-6.36 46.96 29.97 -8.55 44.05 29.74 0.275 0x0000FF
-5.63 48.97 30.57 -6.36 46.96 29.97 0.275 0x0000FF
31.77 -7.7 8.61 32.32 -8.06 8.61 0.545 0x0000FF
31.22 -7.33 8.91 31.77 -7.7 8.61 0.545 0x0000FF
31.04 -6.97 9.89 31.22 -7.33 8.91 0.545 0x0000FF
29.95 -6.24 10.03 31.04 -6.97 9.89 0.545 0x0000FF
28.85 -5.33 10.73 29.95 -6.24 10.03 0.545 0x0000FF
28.12 -4.59 11.1 28.85 -5.33 10.73 0.545 0x0000FF
27.03 -3.69 12.09 28.12 -4.59 11.1 0.545 0x0000FF
25.02 -2.23 12.47 27.03 -3.69 12.09 0.545 0x0000FF
23.56 -1.32 12.62 25.02 -2.23 12.47 0.545 0x0000FF
21.55 -0.23 12.85 23.56 -1.32 12.62 0.455 0x0000FF
20.1 0.14 13.45 21.55 -0.23 12.85 0.455 0x0000FF
18.45 0.5 13.76 20.1 0.14 13.45 0.455 0x0000FF
17.91 0.68 14.51 18.45 0.5 13.76 0.455 0x0000FF
16.98 1.23 14.89 17.91 0.68 14.51 0.455 0x0000FF
16.45 1.41 15.95 16.98 1.23 14.89 0.455 0x0000FF
15.9 1.78 16.48 16.45 1.41 15.95 0.455 0x0000FF
14.99 2.14 17.09 15.9 1.78 16.48 0.455 0x0000FF
14.44 2.69 17.54 14.99 2.14 17.09 0.455 0x0000FF
13.71 3.23 18.23 14.44 2.69 17.54 0.455 0x0000FF
12.25 4.69 19.36 13.71 3.23 18.23 0.365 0x0000FF
11.52 5.42 19.59 12.25 4.69 19.36 0.365 0x0000FF
10.61 5.97 19.97 11.52 5.42 19.59 0.365 0x0000FF
10.06 6.51 20.73 10.61 5.97 19.97 0.365 0x0000FF
8.77 7.06 20.95 10.06 6.51 20.73 0.275 0x0000FF
8.05 7.24 21.1 8.77 7.06 20.95 0.275 0x0000FF
6.96 7.79 21.71 8.05 7.24 21.1 0.275 0x0000FF
5.68 7.79 21.71 6.96 7.79 21.71 0.275 0x0000FF
35.22 -10.35 7.01 35.58 -7.44 7.01 0.82 0x0000FF
34.85 -11.99 7.17 35.22 -10.35 7.01 0.82 0x0000FF
34.85 -16.37 7.47 34.85 -11.99 7.17 0.82 0x0000FF
34.31 -19.46 7.09 34.85 -16.37 7.47 0.73 0x0000FF
33.94 -22.38 7.01 34.31 -19.46 7.09 0.73 0x0000FF
33.21 -25.29 6.94 33.94 -22.38 7.01 0.73 0x0000FF
31.93 -28.03 6.79 33.21 -25.29 6.94 0.73 0x0000FF
31.39 -29.12 6.71 31.93 -28.03 6.79 0.73 0x0000FF
31.02 -30.58 6.41 31.39 -29.12 6.71 0.73 0x0000FF
30.66 -32.04 7.01 31.02 -30.58 6.41 0.73 0x0000FF
29.93 -33.68 7.54 30.66 -32.04 7.01 0.73 0x0000FF
28.1 -36.59 8.07 29.93 -33.68 7.54 0.73 0x0000FF
25.91 -42.24 8.52 28.1 -36.59 8.07 0.73 0x0000FF
24.64 -44.06 9.14 25.91 -42.24 8.52 0.73 0x0000FF
24.45 -45.34 9.36 24.64 -44.06 9.14 0.73 0x0000FF
24.75 -47.54 10.11 24.45 -45.34 9.36 0.545 0x0000FF
25.48 -49.54 10.11 24.75 -47.54 10.11 0.545 0x0000FF
25.48 -51.55 9.89 25.48 -49.54 10.11 0.545 0x0000FF
25.66 -54.83 9.67 25.48 -51.55 9.89 0.545 0x0000FF
26.21 -58.83 9.97 25.66 -54.83 9.67 0.545 0x0000FF
26.39 -61.57 9.82 26.21 -58.83 9.97 0.545 0x0000FF
26.58 -63.57 9.82 26.39 -61.57 9.82 0.545 0x0000FF
26.76 -66.67 10.11 26.58 -63.57 9.82 0.455 0x0000FF
26.03 -69.04 10.11 26.76 -66.67 10.11 0.455 0x0000FF
25.3 -71.22 9.82 26.03 -69.04 10.11 0.455 0x0000FF
24.57 -73.23 9.74 25.3 -71.22 9.82 0.455 0x0000FF
23.84 -75.41 9.67 24.57 -73.23 9.74 0.455 0x0000FF
23.47 -77.23 9.59 23.84 -75.41 9.67 0.455 0x0000FF
22.74 -79.59 9.44 23.47 -77.23 9.59 0.455 0x0000FF
22.01 -81.23 9.14 22.74 -79.59 9.44 0.455 0x0000FF
20.92 -83.07 8.91 22.01 -81.23 9.14 0.455 0x0000FF
17.82 -85.62 8.91 20.92 -83.07 8.91 0.455 0x0000FF
16.36 -87.07 8.91 17.82 -85.62 8.91 0.455 0x0000FF
14.53 -89.81 8.83 16.36 -87.07 8.91 0.455 0x0000FF
14.35 -90.9 8.76 14.53 -89.81 8.83 0.455 0x0000FF
14.35 -91.99 8.76 14.35 -90.9 8.76 0.455 0x0000FF
14.17 -93.63 8.68 14.35 -91.99 8.76 0.455 0x0000FF
14.17 -94.0 8.68 14.17 -93.63 8.68 0.455 0x0000FF
13.44 -96.18 9.21 14.17 -94.0 8.68 0.455 0x0000FF
13.07 -96.73 9.28 13.44 -96.18 9.21 0.455 0x0000FF
12.71 -97.1 8.61 13.07 -96.73 9.28 0.455 0x0000FF
11.25 -99.1 8.38 12.71 -97.1 8.61 0.455 0x0000FF
10.7 -99.65 7.92 11.25 -99.1 8.38 0.455 0x0000FF
9.42 -101.1 7.54 10.7 -99.65 7.92 0.455 0x0000FF
8.88 -101.47 7.17 9.42 -101.1 7.54 0.455 0x0000FF
7.24 -103.84 6.94 8.88 -101.47 7.17 0.455 0x0000FF
7.05 -104.57 6.71 7.24 -103.84 6.94 0.455 0x0000FF
6.51 -105.29 6.71 7.05 -104.57 6.71 0.455 0x0000FF
6.14 -106.39 6.33 6.51 -105.29 6.71 0.455 0x0000FF
6.51 -106.93 6.11 6.14 -106.39 6.33 0.455 0x0000FF
6.69 -108.03 5.58 6.51 -106.93 6.11 0.455 0x0000FF
6.14 -109.67 5.58 6.69 -108.03 5.58 0.455 0x0000FF
4.32 -114.22 5.58 6.14 -109.67 5.58 0.455 0x0000FF
2.67 -115.13 5.27 4.32 -114.22 5.58 0.455 0x0000FF
1.4 -116.23 5.04 2.67 -115.13 5.27 0.455 0x0000FF
0.3 -118.05 4.97 1.4 -116.23 5.04 0.455 0x0000FF
-0.25 -120.78 4.97 0.3 -118.05 4.97 0.455 0x0000FF
-0.79 -126.07 4.97 -0.25 -120.78 4.97 0.365 0x0000FF
-2.06 -128.8 4.88 -0.79 -126.07 4.97 0.365 0x0000FF
-3.16 -131.35 4.67 -2.06 -128.8 4.88 0.365 0x0000FF
-4.44 -134.63 4.29 -3.16 -131.35 4.67 0.365 0x0000FF
-6.63 -137.36 4.21 -4.44 -134.63 4.29 0.365 0x0000FF
-9.49 -143.44 3.68 -6.63 -137.36 4.21 0.365 0x0000FF
-11.86 -144.9 3.45 -9.49 -143.44 3.68 0.365 0x0000FF
-12.41 -145.27 3.38 -11.86 -144.9 3.45 0.365 0x0000FF
-13.87 -145.81 3.98 -12.41 -145.27 3.38 0.365 0x0000FF
-14.6 -145.99 4.29 -13.87 -145.81 3.98 0.365 0x0000FF
-16.61 -146.36 3.15 -14.6 -145.99 4.29 0.365 0x0000FF
-16.97 -146.54 2.17 -16.61 -146.36 3.15 0.365 0x0000FF
-17.89 -146.36 0.35 -16.97 -146.54 2.17 0.365 0x0000FF
-19.16 -146.36 -0.56 -17.89 -146.36 0.35 0.365 0x0000FF
-20.8 -146.54 -1.39 -19.16 -146.36 -0.56 0.365 0x0000FF
-21.35 -146.72 -2.38 -20.8 -146.54 -1.39 0.365 0x0000FF
-22.26 -147.09 -2.45 -21.35 -146.72 -2.38 0.365 0x0000FF
-23.36 -147.63 -3.06 -22.26 -147.09 -2.45 0.365 0x0000FF
-24.09 -148.36 -3.67 -23.36 -147.63 -3.06 0.365 0x0000FF
-24.64 -148.72 -3.89 -24.09 -148.36 -3.67 0.365 0x0000FF
-25.91 -150.0 -4.12 -24.64 -148.72 -3.89 0.365 0x0000FF
-27.19 -152.37 -4.65 -25.91 -150.0 -4.12 0.365 0x0000FF
-28.1 -154.38 -4.95 -27.19 -152.37 -4.65 0.365 0x0000FF
-28.29 -155.65 -4.95 -28.1 -154.38 -4.95 0.365 0x0000FF
-28.83 -156.56 -5.64 -28.29 -155.65 -4.95 0.365 0x0000FF
-29.56 -158.57 -6.62 -28.83 -156.56 -5.64 0.365 0x0000FF
-30.47 -160.02 -7.61 -29.56 -158.57 -6.62 0.365 0x0000FF
-32.11 -162.21 -8.21 -30.47 -160.02 -7.61 0.365 0x0000FF
-32.85 -163.66 -8.89 -32.11 -162.21 -8.21 0.365 0x0000FF
-35.95 -168.77 -9.5 -32.85 -163.66 -8.89 0.365 0x0000FF
-40.86 -174.42 -10.41 -35.95 -168.77 -9.5 0.365 0x0000FF
24.57 -64.3 8.52 26.58 -63.57 9.82 0.455 0x0000FF
23.29 -64.84 8.98 24.57 -64.3 8.52 0.455 0x0000FF
21.47 -65.58 8.07 23.29 -64.84 8.98 0.455 0x0000FF
19.64 -65.94 7.47 21.47 -65.58 8.07 0.455 0x0000FF
18.18 -66.48 6.56 19.64 -65.94 7.47 0.455 0x0000FF
16.91 -66.84 5.88 18.18 -66.48 6.56 0.455 0x0000FF
15.63 -67.4 5.42 16.91 -66.84 5.88 0.455 0x0000FF
14.9 -67.94 4.82 15.63 -67.4 5.42 0.455 0x0000FF
13.44 -68.48 4.13 14.9 -67.94 4.82 0.455 0x0000FF
12.71 -69.04 3.45 13.44 -68.48 4.13 0.455 0x0000FF
10.34 -70.31 2.92 12.71 -69.04 3.45 0.455 0x0000FF
9.61 -70.68 2.31 10.34 -70.31 2.92 0.455 0x0000FF
8.88 -70.68 1.41 9.61 -70.68 2.31 0.455 0x0000FF
5.96 -71.77 0.8 8.88 -70.68 1.41 0.365 0x0000FF
5.05 -73.59 -0.94 5.96 -71.77 0.8 0.365 0x0000FF
4.68 -74.69 -1.17 5.05 -73.59 -0.94 0.365 0x0000FF
4.68 -75.23 -1.62 4.68 -74.69 -1.17 0.365 0x0000FF
4.13 -76.69 -2.23 4.68 -75.23 -1.62 0.365 0x0000FF
3.95 -77.78 -2.38 4.13 -76.69 -2.23 0.365 0x0000FF
3.4 -78.69 -2.45 3.95 -77.78 -2.38 0.365 0x0000FF
3.04 -79.59 -2.68 3.4 -78.69 -2.45 0.365 0x0000FF
2.31 -80.52 -2.83 3.04 -79.59 -2.68 0.365 0x0000FF
1.58 -81.06 -3.06 2.31 -80.52 -2.83 0.365 0x0000FF
-0.79 -81.23 -3.59 1.58 -81.06 -3.06 0.365 0x0000FF
-1.34 -80.88 -3.74 -0.79 -81.23 -3.59 0.365 0x0000FF
-2.25 -80.52 -4.34 -1.34 -80.88 -3.74 0.365 0x0000FF
-3.35 -80.52 -4.65 -2.25 -80.52 -4.34 0.365 0x0000FF
-6.45 -80.7 -4.95 -3.35 -80.52 -4.65 0.365 0x0000FF
23.36 -47.34 9.44 24.45 -45.34 9.36 0.64 0x0000FF
23.18 -48.98 9.59 23.36 -47.34 9.44 0.64 0x0000FF
23.54 -50.98 9.89 23.18 -48.98 9.59 0.64 0x0000FF
23.91 -52.26 10.03 23.54 -50.98 9.89 0.64 0x0000FF
24.09 -54.45 10.27 23.91 -52.26 10.03 0.64 0x0000FF
24.27 -56.27 10.27 24.09 -54.45 10.27 0.64 0x0000FF
24.45 -59.0 10.42 24.27 -56.27 10.27 0.64 0x0000FF
23.91 -60.82 10.57 24.45 -59.0 10.42 0.64 0x0000FF
22.99 -62.28 10.57 23.91 -60.82 10.57 0.64 0x0000FF
21.9 -64.65 10.65 22.99 -62.28 10.57 0.64 0x0000FF
20.62 -67.75 10.65 21.9 -64.65 10.65 0.64 0x0000FF
19.53 -70.84 10.65 20.62 -67.75 10.65 0.64 0x0000FF
17.34 -77.77 10.8 19.53 -70.84 10.65 0.64 0x0000FF
11.5 -87.24 10.88 17.34 -77.77 10.8 0.545 0x0000FF
10.22 -90.16 10.88 11.5 -87.24 10.88 0.545 0x0000FF
9.49 -92.71 10.88 10.22 -90.16 10.88 0.545 0x0000FF
8.21 -96.53 10.88 9.49 -92.71 10.88 0.545 0x0000FF
6.94 -98.9 10.88 8.21 -96.53 10.88 0.545 0x0000FF
5.48 -100.91 11.03 6.94 -98.9 10.88 0.545 0x0000FF
4.38 -102.37 11.03 5.48 -100.91 11.03 0.545 0x0000FF
2.74 -105.64 11.03 4.38 -102.37 11.03 0.545 0x0000FF
2.38 -106.37 11.03 2.74 -105.64 11.03 0.545 0x0000FF
1.65 -107.65 10.88 2.38 -106.37 11.03 0.545 0x0000FF
1.1 -109.29 10.42 1.65 -107.65 10.88 0.545 0x0000FF
-0.54 -112.02 9.74 1.1 -109.29 10.42 0.545 0x0000FF
-5.47 -118.95 9.67 -0.54 -112.02 9.74 0.545 0x0000FF
-6.2 -120.95 9.67 -5.47 -118.95 9.67 0.545 0x0000FF
-6.38 -122.77 9.51 -6.2 -120.95 9.67 0.545 0x0000FF
-6.56 -124.05 9.51 -6.38 -122.77 9.51 0.545 0x0000FF
-7.29 -125.87 9.51 -6.56 -124.05 9.51 0.545 0x0000FF
-11.41 -135.66 9.44 -7.29 -125.87 9.51 0.545 0x0000FF
-14.14 -141.49 9.44 -11.41 -135.66 9.44 0.545 0x0000FF
-16.51 -145.68 9.21 -14.14 -141.49 9.44 0.545 0x0000FF
-18.16 -147.87 8.98 -16.51 -145.68 9.21 0.545 0x0000FF
-20.35 -150.41 8.68 -18.16 -147.87 8.98 0.545 0x0000FF
-23.81 -156.25 9.14 -20.35 -150.41 8.68 0.545 0x0000FF
-24.91 -158.97 9.59 -23.81 -156.25 9.14 0.545 0x0000FF
-25.64 -160.62 9.89 -24.91 -158.97 9.59 0.545 0x0000FF
-26.0 -161.53 10.42 -25.64 -160.62 9.89 0.545 0x0000FF
-29.47 -167.73 10.95 -26.0 -161.53 10.42 0.545 0x0000FF
-32.75 -170.46 11.48 -29.47 -167.73 10.95 0.545 0x0000FF
-36.22 -172.83 11.56 -32.75 -170.46 11.48 0.545 0x0000FF
-40.96 -177.38 11.94 -36.22 -172.83 11.56 0.545 0x0000FF
-42.97 -180.48 12.24 -40.96 -177.38 11.94 0.545 0x0000FF
-46.62 -185.95 12.92 -42.97 -180.48 12.24 0.545 0x0000FF
-57.57 -204.71 14.06 -46.62 -185.95 12.92 0.545 0x0000FF
-59.57 -207.26 14.06 -57.57 -204.71 14.06 0.545 0x0000FF
-61.03 -208.36 14.13 -59.57 -207.26 14.06 0.545 0x0000FF
-62.67 -209.27 14.36 -61.03 -208.36 14.13 0.545 0x0000FF
-63.4 -209.45 14.29 -62.67 -209.27 14.36 0.545 0x0000FF
-65.05 -209.45 13.83 -63.4 -209.45 14.29 0.545 0x0000FF
-68.51 -209.09 13.38 -65.05 -209.45 13.83 0.545 0x0000FF
-72.34 -208.9 12.92 -68.51 -209.09 13.38 0.545 0x0000FF
-77.45 -208.54 12.62 -72.34 -208.9 12.92 0.545 0x0000FF
-80.01 -209.81 11.86 -77.45 -208.54 12.62 0.545 0x0000FF
-82.01 -210.72 11.79 -80.01 -209.81 11.86 0.545 0x0000FF
-83.66 -211.82 11.26 -82.01 -210.72 11.79 0.545 0x0000FF
-86.03 -213.64 10.88 -83.66 -211.82 11.26 0.545 0x0000FF
-86.94 -214.55 10.11 -86.03 -213.64 10.88 0.545 0x0000FF
-92.96 -216.18 8.98 -86.94 -214.55 10.11 0.455 0x0000FF
47.26 10.19 1.18 45.89 -0.54 -3.35 3.195 0x0000FF
47.44 13.3 1.33 47.26 10.19 1.18 3.195 0x0000FF
47.07 16.76 1.48 47.44 13.3 1.33 2.83 0x0000FF
48.53 21.32 1.64 47.07 16.76 1.48 2.645 0x0000FF
49.44 24.6 1.71 48.53 21.32 1.64 2.28 0x0000FF
50.9 29.33 1.79 49.44 24.6 1.71 2.28 0x0000FF
50.9 29.7 1.86 50.9 29.33 1.79 2.28 0x0000FF
51.09 30.79 2.24 50.9 29.7 1.86 2.28 0x0000FF
51.63 32.43 1.71 51.09 30.79 2.24 2.005 0x0000FF
51.82 34.97 1.41 51.63 32.43 1.71 2.005 0x0000FF
52.55 37.9 0.57 51.82 34.97 1.41 2.005 0x0000FF
52.36 41.18 -0.03 52.55 37.9 0.57 2.005 0x0000FF
52.55 42.45 -0.41 52.36 41.18 -0.03 2.005 0x0000FF
52.91 43.36 -0.41 52.55 42.45 -0.41 2.005 0x0000FF
53.64 45.55 -0.56 52.91 43.36 -0.41 1.55 0x0000FF
54.37 47.19 -0.41 53.64 45.55 -0.56 1.55 0x0000FF
54.74 49.56 -1.17 54.37 47.19 -0.41 1.55 0x0000FF
55.47 51.38 -0.41 54.74 49.56 -1.17 1.55 0x0000FF
56.93 55.57 0.8 55.47 51.38 -0.41 1.55 0x0000FF
59.48 60.85 1.48 56.93 55.57 0.8 1.55 0x0000FF
60.39 63.41 1.86 59.48 60.85 1.48 1.55 0x0000FF
62.58 67.59 2.47 60.39 63.41 1.86 1.55 0x0000FF
64.41 72.88 2.92 62.58 67.59 2.47 1.55 0x0000FF
67.33 79.44 3.68 64.41 72.88 2.92 1.55 0x0000FF
69.51 84.72 4.29 67.33 79.44 3.68 1.55 0x0000FF
70.97 92.19 4.59 69.51 84.72 4.29 1.55 0x0000FF
72.8 98.02 4.88 70.97 92.19 4.59 1.55 0x0000FF
73.7 99.85 5.2 72.8 98.02 4.88 1.55 0x0000FF
75.95 104.92 5.65 73.7 99.85 5.2 1.55 0x0000FF
77.04 107.65 6.11 75.95 104.92 5.65 1.55 0x0000FF
77.95 109.48 6.71 77.04 107.65 6.11 1.55 0x0000FF
78.86 112.76 6.94 77.95 109.48 6.71 1.55 0x0000FF
79.41 114.4 7.24 78.86 112.76 6.94 1.55 0x0000FF
79.78 116.22 7.7 79.41 114.4 7.24 1.55 0x0000FF
80.14 117.31 7.92 79.78 116.22 7.7 1.55 0x0000FF
80.51 118.4 8.15 80.14 117.31 7.92 1.55 0x0000FF
81.59 121.32 8.68 80.51 118.4 8.15 1.275 0x0000FF
83.61 124.23 9.36 81.59 121.32 8.68 1.275 0x0000FF
84.7 125.87 9.89 83.61 124.23 9.36 1.275 0x0000FF
85.8 127.33 10.8 84.7 125.87 9.89 1.275 0x0000FF
86.16 128.43 11.79 85.8 127.33 10.8 1.275 0x0000FF
87.44 132.8 12.39 86.16 128.43 11.79 1.275 0x0000FF
87.08 136.08 13.76 87.44 132.8 12.39 1.185 0x0000FF
86.35 137.72 13.76 87.08 136.08 13.76 1.185 0x0000FF
85.98 138.99 14.44 86.35 137.72 13.76 1.095 0x0000FF
85.43 140.81 14.67 85.98 138.99 14.44 1.095 0x0000FF
84.7 143.18 15.12 85.43 140.81 14.67 1.095 0x0000FF
84.34 146.83 15.35 84.7 143.18 15.12 1.095 0x0000FF
83.97 149.19 15.65 84.34 146.83 15.35 1.095 0x0000FF
84.7 153.02 15.8 83.97 149.19 15.65 1.095 0x0000FF
86.35 161.77 16.32 84.7 153.02 15.8 1.095 0x0000FF
87.81 164.68 16.55 86.35 161.77 16.32 1.095 0x0000FF
90.72 171.24 16.94 87.81 164.68 16.55 1.095 0x0000FF
91.82 175.98 17.16 90.72 171.24 16.94 1.095 0x0000FF
93.46 180.72 17.23 91.82 175.98 17.16 1.095 0x0000FF
95.96 183.18 17.09 93.46 180.72 17.23 0.455 0x0000FF
97.06 184.82 17.09 95.96 183.18 17.09 0.455 0x0000FF
97.61 185.55 17.01 97.06 184.82 17.09 0.455 0x0000FF
98.52 187.01 17.62 97.61 185.55 17.01 0.455 0x0000FF
99.43 188.65 18.0 98.52 187.01 17.62 0.455 0x0000FF
100.52 191.02 18.53 99.43 188.65 18.0 0.455 0x0000FF
101.98 193.57 18.76 100.52 191.02 18.53 0.455 0x0000FF
103.26 195.94 19.05 101.98 193.57 18.76 0.455 0x0000FF
105.09 200.86 19.44 103.26 195.94 19.05 0.365 0x0000FF
105.63 205.59 19.66 105.09 200.86 19.44 0.365 0x0000FF
106.0 207.78 19.89 105.63 205.59 19.66 0.365 0x0000FF
106.55 212.7 20.35 106.0 207.78 19.89 0.275 0x0000FF
108.19 216.16 20.5 106.55 212.7 20.35 0.275 0x0000FF
108.01 219.62 20.88 108.19 216.16 20.5 0.275 0x0000FF
94.74 188.19 17.32 93.46 180.72 17.23 1.095 0x0000FF
95.1 190.01 17.39 94.74 188.19 17.32 1.095 0x0000FF
96.83 194.99 17.7 95.1 190.01 17.39 1.095 0x0000FF
97.56 196.81 18.07 96.83 194.99 17.7 1.095 0x0000FF
98.11 198.64 18.23 97.56 196.81 18.07 1.095 0x0000FF
99.38 201.73 18.98 98.11 198.64 18.23 1.095 0x0000FF
100.11 205.38 19.44 99.38 201.73 18.98 1.095 0x0000FF
101.21 208.66 19.89 100.11 205.38 19.44 1.095 0x0000FF
101.39 211.39 20.12 101.21 208.66 19.89 1.095 0x0000FF
101.02 215.03 20.65 101.39 211.39 20.12 1.095 0x0000FF
100.84 217.04 20.88 101.02 215.03 20.65 1.095 0x0000FF
101.39 220.14 21.1 100.84 217.04 20.88 1.095 0x0000FF
102.85 224.51 21.41 101.39 220.14 21.1 1.005 0x0000FF
103.76 227.61 21.56 102.85 224.51 21.41 1.005 0x0000FF
104.67 230.52 21.71 103.76 227.61 21.56 1.005 0x0000FF
106.68 239.45 22.24 104.67 230.52 21.71 1.005 0x0000FF
107.96 243.28 22.32 106.68 239.45 22.24 1.005 0x0000FF
111.61 257.12 23.0 107.96 243.28 22.32 1.005 0x0000FF
114.71 269.88 23.45 111.61 257.12 23.0 1.005 0x0000FF
116.17 274.8 23.53 114.71 269.88 23.45 1.005 0x0000FF
117.63 279.52 23.68 116.17 274.8 23.53 1.005 0x0000FF
117.99 280.81 23.76 117.63 279.52 23.68 1.005 0x0000FF
122.52 295.27 24.21 117.99 280.81 23.76 1.005 0x0000FF
123.43 298.93 24.29 122.52 295.27 24.21 1.005 0x0000FF
124.34 303.12 24.51 123.43 298.93 24.29 1.005 0x0000FF
124.71 306.76 24.59 124.34 303.12 24.51 1.005 0x0000FF
124.89 312.23 24.66 124.71 306.76 24.59 1.005 0x0000FF
123.79 319.33 25.42 124.89 312.23 24.66 1.005 0x0000FF
123.79 322.98 25.72 123.79 319.33 25.42 1.005 0x0000FF
124.16 326.26 26.18 123.79 322.98 25.72 1.005 0x0000FF
124.34 328.26 26.33 124.16 326.26 26.18 1.005 0x0000FF
126.71 337.19 26.86 124.34 328.26 26.33 1.005 0x0000FF
129.09 346.12 27.09 126.71 337.19 26.86 1.005 0x0000FF
131.28 350.49 27.62 129.09 346.12 27.09 1.005 0x0000FF
130.76 356.33 28.6 131.28 350.49 27.62 0.365 0x0000FF
130.57 358.88 28.68 130.76 356.33 28.6 0.365 0x0000FF
130.38 361.25 28.75 130.57 358.88 28.68 0.365 0x0000FF
130.21 362.52 28.91 130.38 361.25 28.75 0.365 0x0000FF
130.03 364.16 29.06 130.21 362.52 28.91 0.365 0x0000FF
130.03 364.71 29.36 130.03 364.16 29.06 0.365 0x0000FF
129.84 365.26 29.44 130.03 364.71 29.36 0.365 0x0000FF
129.47 366.17 29.82 129.84 365.26 29.44 0.365 0x0000FF
129.3 366.9 29.97 129.47 366.17 29.82 0.365 0x0000FF
128.93 367.62 30.27 129.3 366.9 29.97 0.365 0x0000FF
128.57 368.35 30.5 128.93 367.62 30.27 0.365 0x0000FF
128.19 368.9 30.65 128.57 368.35 30.5 0.365 0x0000FF
127.84 369.45 31.1 128.19 368.9 30.65 0.365 0x0000FF
127.47 370.18 31.33 127.84 369.45 31.1 0.365 0x0000FF
127.29 371.09 31.56 127.47 370.18 31.33 0.365 0x0000FF
126.92 372.54 31.63 127.29 371.09 31.56 0.365 0x0000FF
126.74 374.37 31.78 126.92 372.54 31.63 0.365 0x0000FF
126.56 377.46 32.01 126.74 374.37 31.78 0.365 0x0000FF
126.19 380.56 32.24 126.56 377.46 32.01 0.365 0x0000FF
126.01 382.02 32.54 126.19 380.56 32.24 0.365 0x0000FF
125.83 382.75 32.85 126.01 382.02 32.54 0.365 0x0000FF
125.83 383.48 33.29 125.83 382.75 32.85 0.365 0x0000FF
125.83 384.39 33.6 125.83 383.48 33.29 0.365 0x0000FF
125.65 385.12 34.13 125.83 384.39 33.6 0.365 0x0000FF
125.65 386.03 34.65 125.65 385.12 34.13 0.365 0x0000FF
125.28 387.48 35.04 125.65 386.03 34.65 0.365 0x0000FF
124.92 388.58 35.27 125.28 387.48 35.04 0.365 0x0000FF
124.92 389.49 35.65 124.92 388.58 35.27 0.365 0x0000FF
124.92 390.76 35.95 124.92 389.49 35.65 0.365 0x0000FF
124.55 391.68 36.4 124.92 390.76 35.95 0.365 0x0000FF
124.19 392.95 36.94 124.55 391.68 36.4 0.365 0x0000FF
124.01 393.68 37.24 124.19 392.95 36.94 0.365 0x0000FF
123.64 394.23 37.31 124.01 393.68 37.24 0.365 0x0000FF
123.46 394.95 37.84 123.64 394.23 37.31 0.365 0x0000FF
122.91 396.23 38.15 123.46 394.95 37.84 0.365 0x0000FF
122.73 396.78 38.68 122.91 396.23 38.15 0.365 0x0000FF
122.36 397.32 39.13 122.73 396.78 38.68 0.365 0x0000FF
122.0 397.69 39.97 122.36 397.32 39.13 0.365 0x0000FF
121.82 398.23 40.42 122.0 397.69 39.97 0.365 0x0000FF
121.45 399.33 41.71 121.82 398.23 40.42 0.365 0x0000FF
121.09 400.42 42.24 121.45 399.33 41.71 0.365 0x0000FF
120.72 401.51 43.3 121.09 400.42 42.24 0.365 0x0000FF
120.54 402.61 43.6 120.72 401.51 43.3 0.365 0x0000FF
136.93 358.69 28.07 131.28 350.49 27.62 1.005 0x0000FF
138.03 361.24 28.22 136.93 358.69 28.07 0.91 0x0000FF
140.76 365.8 28.38 138.03 361.24 28.22 0.91 0x0000FF
141.49 369.62 28.6 140.76 365.8 28.38 0.91 0x0000FF
141.31 371.63 28.83 141.49 369.62 28.6 0.91 0x0000FF
141.99 375.52 29.06 141.31 371.63 28.83 1.095 0x0000FF
142.16 376.43 29.82 141.99 375.52 29.06 1.095 0x0000FF
142.53 376.79 29.51 142.16 376.43 29.82 1.095 0x0000FF
142.72 377.16 28.68 142.53 376.79 29.51 1.095 0x0000FF
142.9 377.89 28.07 142.72 377.16 28.68 1.095 0x0000FF
143.26 380.62 27.32 142.9 377.89 28.07 1.095 0x0000FF
143.08 383.53 26.63 143.26 380.62 27.32 1.095 0x0000FF
143.08 385.54 25.95 143.08 383.53 26.63 1.095 0x0000FF
143.63 388.82 25.04 143.08 385.54 25.95 1.095 0x0000FF
143.99 390.64 24.36 143.63 388.82 25.04 1.095 0x0000FF
143.99 394.1 23.6 143.99 390.64 24.36 1.095 0x0000FF
143.99 396.65 22.47 143.99 394.1 23.6 1.095 0x0000FF
143.99 398.47 22.01 143.99 396.65 22.47 1.095 0x0000FF
142.16 399.75 20.95 143.99 398.47 22.01 0.545 0x0000FF
141.8 400.48 20.42 142.16 399.75 20.95 0.545 0x0000FF
141.26 401.03 19.51 141.8 400.48 20.42 0.545 0x0000FF
140.34 402.67 18.14 141.26 401.03 19.51 0.545 0x0000FF
139.8 403.21 17.47 140.34 402.67 18.14 0.545 0x0000FF
138.69 403.58 16.48 139.8 403.21 17.47 0.545 0x0000FF
137.79 403.94 15.88 138.69 403.58 16.48 0.545 0x0000FF
137.06 404.3 15.04 137.79 403.94 15.88 0.545 0x0000FF
136.33 404.85 14.21 137.06 404.3 15.04 0.545 0x0000FF
135.6 405.4 13.98 136.33 404.85 14.21 0.545 0x0000FF
134.87 406.67 13.0 135.6 405.4 13.98 0.545 0x0000FF
134.13 408.68 12.09 134.87 406.67 13.0 0.545 0x0000FF
133.59 410.68 11.26 134.13 408.68 12.09 0.545 0x0000FF
132.68 413.41 10.57 133.59 410.68 11.26 0.545 0x0000FF
132.13 415.42 9.89 132.68 413.41 10.57 0.545 0x0000FF
131.04 419.43 9.21 132.13 415.42 9.89 0.545 0x0000FF
130.13 422.52 9.21 131.04 419.43 9.21 0.545 0x0000FF
129.21 424.53 9.97 130.13 422.52 9.21 0.545 0x0000FF
128.47 426.72 10.19 129.21 424.53 9.97 0.545 0x0000FF
127.75 428.36 10.57 128.47 426.72 10.19 0.545 0x0000FF
127.39 428.72 10.88 127.75 428.36 10.57 0.545 0x0000FF
127.47 430.96 10.95 127.39 428.72 10.88 0.365 0x0000FF
128.19 432.24 10.88 127.47 430.96 10.95 0.365 0x0000FF
129.29 432.6 10.8 128.19 432.24 10.88 0.365 0x0000FF
130.02 433.69 10.8 129.29 432.6 10.8 0.365 0x0000FF
130.02 436.79 10.73 130.02 433.69 10.8 0.365 0x0000FF
131.3 438.79 10.5 130.02 436.79 10.73 0.365 0x0000FF
132.4 441.89 10.5 131.3 438.79 10.5 0.365 0x0000FF
125.38 434.0 12.09 127.39 428.72 10.88 0.545 0x0000FF
124.65 436.19 12.39 125.38 434.0 12.09 0.545 0x0000FF
123.38 439.47 12.77 124.65 436.19 12.39 0.545 0x0000FF
122.28 441.11 12.24 123.38 439.47 12.77 0.545 0x0000FF
121.55 443.11 11.56 122.28 441.11 12.24 0.545 0x0000FF
119.91 446.21 10.95 121.55 443.11 11.56 0.545 0x0000FF
118.27 447.3 10.42 119.91 446.21 10.95 0.545 0x0000FF
115.71 450.04 9.67 118.27 447.3 10.42 0.455 0x0000FF
115.53 451.68 9.21 115.71 450.04 9.67 0.455 0x0000FF
115.35 454.05 8.98 115.53 451.68 9.21 0.455 0x0000FF
115.17 455.87 8.68 115.35 454.05 8.98 0.455 0x0000FF
114.62 457.51 8.15 115.17 455.87 8.68 0.455 0x0000FF
113.89 460.24 7.7 114.62 457.51 8.15 0.455 0x0000FF
113.16 462.06 7.32 113.89 460.24 7.7 0.455 0x0000FF
112.43 463.16 7.09 113.16 462.06 7.32 0.455 0x0000FF
108.49 467.04 6.64 112.43 463.16 7.09 0.365 0x0000FF
106.49 468.31 6.48 108.49 467.04 6.64 0.365 0x0000FF
105.58 470.13 6.26 106.49 468.31 6.48 0.365 0x0000FF
105.39 470.86 5.8 105.58 470.13 6.26 0.365 0x0000FF
105.58 472.14 5.5 105.39 470.86 5.8 0.365 0x0000FF
105.76 474.32 4.97 105.58 472.14 5.5 0.365 0x0000FF
105.76 475.96 4.97 105.76 474.32 4.97 0.365 0x0000FF
105.03 478.88 4.59 105.76 475.96 4.97 0.365 0x0000FF
103.57 480.88 4.59 105.03 478.88 4.59 0.365 0x0000FF
102.66 482.89 4.59 103.57 480.88 4.59 0.365 0x0000FF
102.47 485.26 4.36 102.66 482.89 4.59 0.365 0x0000FF
102.29 489.45 4.36 102.47 485.26 4.36 0.365 0x0000FF
102.29 493.64 4.29 102.29 489.45 4.36 0.365 0x0000FF
101.93 498.56 4.29 102.29 493.64 4.29 0.365 0x0000FF
101.74 500.01 3.91 101.93 498.56 4.29 0.365 0x0000FF
101.38 502.75 3.91 101.74 500.01 3.91 0.365 0x0000FF
101.74 506.94 3.91 101.38 502.75 3.91 0.365 0x0000FF
102.66 510.95 3.91 101.74 506.94 3.91 0.365 0x0000FF
145.63 401.03 21.79 143.99 398.47 22.01 0.91 0x0000FF
148.19 403.76 21.33 145.63 401.03 21.79 0.73 0x0000FF
151.84 408.68 21.63 148.19 403.76 21.33 0.64 0x0000FF
153.66 410.32 21.26 151.84 408.68 21.63 0.64 0x0000FF
155.49 411.23 22.54 153.66 410.32 21.26 0.455 0x0000FF
156.94 412.14 23.45 155.49 411.23 22.54 0.455 0x0000FF
158.41 412.87 24.06 156.94 412.14 23.45 0.365 0x0000FF
159.5 413.05 24.21 158.41 412.87 24.06 0.365 0x0000FF
161.33 413.05 24.29 159.5 413.05 24.21 0.365 0x0000FF
155.12 413.96 20.35 153.66 410.32 21.26 0.545 0x0000FF
155.85 415.42 19.89 155.12 413.96 20.35 0.455 0x0000FF
156.58 416.33 19.59 155.85 415.42 19.89 0.455 0x0000FF
157.86 417.61 19.13 156.58 416.33 19.59 0.455 0x0000FF
158.77 418.88 18.0 157.86 417.61 19.13 0.455 0x0000FF
160.22 421.25 17.32 158.77 418.88 18.0 0.455 0x0000FF
160.6 421.8 16.03 160.22 421.25 17.32 0.455 0x0000FF
160.96 422.34 15.42 160.6 421.8 16.03 0.455 0x0000FF
161.87 423.98 14.44 160.96 422.34 15.42 0.455 0x0000FF
164.06 425.8 13.76 161.87 423.98 14.44 0.365 0x0000FF
164.61 426.35 13.07 164.06 425.8 13.76 0.365 0x0000FF
165.16 427.63 12.17 164.61 426.35 13.07 0.365 0x0000FF
165.89 429.45 11.48 165.16 427.63 12.17 0.365 0x0000FF
167.53 431.09 10.95 165.89 429.45 11.48 0.365 0x0000FF
169.35 432.0 10.27 167.53 431.09 10.95 0.365 0x0000FF
169.9 432.36 9.36 169.35 432.0 10.27 0.365 0x0000FF
170.45 433.27 8.68 169.9 432.36 9.36 0.365 0x0000FF
171.54 434.91 7.92 170.45 433.27 8.68 0.365 0x0000FF
172.27 435.64 7.54 171.54 434.91 7.92 0.365 0x0000FF
173.37 437.28 6.71 172.27 435.64 7.54 0.365 0x0000FF
173.55 438.01 5.8 173.37 437.28 6.71 0.365 0x0000FF
174.65 439.83 5.04 173.55 438.01 5.8 0.365 0x0000FF
175.37 441.11 3.53 174.65 439.83 5.04 0.365 0x0000FF
176.47 442.38 2.85 175.37 441.11 3.53 0.365 0x0000FF
176.83 442.57 2.09 176.47 442.38 2.85 0.365 0x0000FF
177.38 443.11 0.27 176.83 442.57 2.09 0.365 0x0000FF
51.45 44.82 -0.48 52.91 43.36 -0.41 0.64 0x0000FF
50.72 45.91 -0.94 51.45 44.82 -0.48 0.64 0x0000FF
48.9 47.92 -1.02 50.72 45.91 -0.94 0.64 0x0000FF
47.44 50.47 -0.56 48.9 47.92 -1.02 0.545 0x0000FF
44.34 53.57 -0.56 47.44 50.47 -0.56 0.545 0x0000FF
41.05 56.3 -0.56 44.34 53.57 -0.56 0.545 0x0000FF
37.95 60.13 -1.02 41.05 56.3 -0.56 0.545 0x0000FF
36.31 61.95 -1.09 37.95 60.13 -1.02 0.545 0x0000FF
35.21 62.49 -0.71 36.31 61.95 -1.09 0.545 0x0000FF
34.67 63.04 -0.64 35.21 62.49 -0.71 0.545 0x0000FF
33.94 64.31 -0.48 34.67 63.04 -0.64 0.545 0x0000FF
33.39 65.77 -0.33 33.94 64.31 -0.48 0.545 0x0000FF
32.65 67.78 -0.18 33.39 65.77 -0.33 0.545 0x0000FF
32.29 69.95 0.05 32.65 67.78 -0.18 0.545 0x0000FF
32.11 70.88 0.27 32.29 69.95 0.05 0.545 0x0000FF
31.38 72.88 0.5 32.11 70.88 0.27 0.545 0x0000FF
29.56 74.7 0.88 31.38 72.88 0.5 0.545 0x0000FF
26.64 75.25 1.18 29.56 74.7 0.88 0.545 0x0000FF
22.26 75.43 1.56 26.64 75.25 1.18 0.545 0x0000FF
18.25 76.16 1.86 22.26 75.43 1.56 0.545 0x0000FF
16.23 76.89 2.54 18.25 76.16 1.86 0.455 0x0000FF
13.68 77.8 3.08 16.23 76.89 2.54 0.455 0x0000FF
9.49 78.89 3.83 13.68 77.8 3.08 0.455 0x0000FF
5.66 80.17 4.51 9.49 78.89 3.83 0.455 0x0000FF
4.55 80.53 5.27 5.66 80.17 4.51 0.455 0x0000FF
2.0 81.26 5.8 4.55 80.53 5.27 0.455 0x0000FF
0.36 81.44 6.48 2.0 81.26 5.8 0.455 0x0000FF
-1.82 81.99 7.32 0.36 81.44 6.48 0.455 0x0000FF
-5.66 82.17 8.3 -1.82 81.99 7.32 0.365 0x0000FF
-7.85 82.72 9.06 -5.66 82.17 8.3 0.365 0x0000FF
-9.67 82.54 9.51 -7.85 82.72 9.06 0.275 0x0000FF
-11.86 82.17 10.11 -9.67 82.54 9.51 0.275 0x0000FF
-16.05 82.72 10.73 -11.86 82.17 10.11 0.18 0x0000FF
-18.25 83.45 11.26 -16.05 82.72 10.73 0.18 0x0000FF
46.16 49.56 -2.98 48.9 47.92 -1.02 0.545 0x0000FF
44.88 50.65 -2.83 46.16 49.56 -2.98 0.545 0x0000FF
44.7 50.83 -3.67 44.88 50.65 -2.83 0.545 0x0000FF
43.42 51.56 -3.89 44.7 50.83 -3.67 0.545 0x0000FF
41.6 52.29 -4.73 43.42 51.56 -3.89 0.545 0x0000FF
39.4 52.66 -5.33 41.6 52.29 -4.73 0.545 0x0000FF
36.86 53.02 -5.79 39.4 52.66 -5.33 0.545 0x0000FF
35.21 53.57 -6.39 36.86 53.02 -5.79 0.545 0x0000FF
34.29 54.11 -6.85 35.21 53.57 -6.39 0.545 0x0000FF
33.39 55.39 -7.3 34.29 54.11 -6.85 0.545 0x0000FF
32.29 56.3 -7.83 33.39 55.39 -7.3 0.455 0x0000FF
31.02 56.85 -8.21 32.29 56.3 -7.83 0.455 0x0000FF
29.92 57.39 -8.44 31.02 56.85 -8.21 0.365 0x0000FF
28.1 57.21 -8.74 29.92 57.39 -8.44 0.275 0x0000FF
27.19 57.58 -9.5 28.1 57.21 -8.74 0.275 0x0000FF
