17.13 48.65 -25.56 22.47 47.8 -15.78 0.91 0x0000FF
14.39 49.74 -25.79 17.13 48.65 -25.56 0.91 0x0000FF
13.48 50.11 -26.24 14.39 49.74 -25.79 1.185 0x0000FF
12.02 50.84 -26.77 13.48 50.11 -26.24 1.185 0x0000FF
10.92 51.75 -27.07 12.02 50.84 -26.77 1.185 0x0000FF
8.55 53.39 -27.68 10.92 51.75 -27.07 1.185 0x0000FF
7.99 54.15 -28.44 8.55 53.39 -27.68 0.82 0x0000FF
7.26 54.69 -27.83 7.99 54.15 -28.44 0.82 0x0000FF
7.08 54.88 -27.68 7.26 54.69 -27.83 0.82 0x0000FF
7.08 54.88 -28.29 7.08 54.88 -27.68 0.82 0x0000FF
7.26 55.24 -29.57 7.08 54.88 -28.29 0.82 0x0000FF
7.44 55.79 -30.63 7.26 55.24 -29.57 0.82 0x0000FF
7.63 56.33 -31.01 7.44 55.79 -30.63 0.82 0x0000FF
7.63 57.24 -31.62 7.63 56.33 -31.01 0.82 0x0000FF
7.63 57.79 -32.07 7.63 57.24 -31.62 0.82 0x0000FF
7.63 58.7 -32.53 7.63 57.79 -32.07 0.82 0x0000FF
7.08 59.61 -33.21 7.63 58.7 -32.53 0.73 0x0000FF
6.35 60.34 -33.59 7.08 59.61 -33.21 0.73 0x0000FF
5.8 61.07 -34.65 6.35 60.34 -33.59 0.73 0x0000FF
5.44 61.62 -35.4 5.8 61.07 -34.65 0.73 0x0000FF
4.88 62.16 -37.53 5.44 61.62 -35.4 0.73 0x0000FF
3.98 62.89 -35.47 4.88 62.16 -37.53 0.64 0x0000FF
2.34 62.71 -36.47 3.98 62.89 -35.47 0.64 0x0000FF
1.06 61.62 -36.69 2.34 62.71 -36.47 0.545 0x0000FF
0.88 61.25 -36.77 1.06 61.62 -36.69 0.545 0x0000FF
-0.04 60.52 -36.92 0.88 61.25 -36.77 0.455 0x0000FF
-0.57 60.34 -37.0 -0.04 60.52 -36.92 0.455 0x0000FF
-1.31 59.8 -37.07 -0.57 60.34 -37.0 0.455 0x0000FF
-2.59 58.7 -37.38 -1.31 59.8 -37.07 0.365 0x0000FF
-3.14 57.79 -37.45 -2.59 58.7 -37.38 0.365 0x0000FF
7.27 52.84 -27.91 8.55 53.39 -27.68 1.005 0x0000FF
6.0 53.21 -28.29 7.27 52.84 -27.91 1.005 0x0000FF
4.17 53.21 -28.82 6.0 53.21 -28.29 1.005 0x0000FF
3.08 53.02 -29.04 4.17 53.21 -28.82 1.005 0x0000FF
1.8 52.84 -29.42 3.08 53.02 -29.04 0.91 0x0000FF
1.07 52.48 -29.95 1.8 52.84 -29.42 0.91 0x0000FF
0.34 52.11 -31.24 1.07 52.48 -29.95 0.91 0x0000FF
-0.02 51.75 -30.94 0.34 52.11 -31.24 0.91 0x0000FF
-0.39 51.38 -30.63 -0.02 51.75 -30.94 0.91 0x0000FF
-2.02 49.74 -30.86 -0.39 51.38 -30.63 0.82 0x0000FF
-2.41 47.59 -31.16 -2.02 49.74 -30.86 0.455 0x0000FF
-2.96 46.86 -31.24 -2.41 47.59 -31.16 0.455 0x0000FF
-3.14 45.58 -31.47 -2.96 46.86 -31.24 0.455 0x0000FF
-3.32 44.49 -31.62 -3.14 45.58 -31.47 0.455 0x0000FF
-3.14 43.76 -32.0 -3.32 44.49 -31.62 0.455 0x0000FF
-3.14 42.67 -32.29 -3.14 43.76 -32.0 0.455 0x0000FF
-3.14 41.58 -32.75 -3.14 42.67 -32.29 0.455 0x0000FF
-3.14 40.65 -33.13 -3.14 41.58 -32.75 0.455 0x0000FF
-3.14 39.75 -33.36 -3.14 40.65 -33.13 0.455 0x0000FF
-2.96 38.84 -33.44 -3.14 39.75 -33.36 0.455 0x0000FF
-2.77 38.47 -34.11 -2.96 38.84 -33.44 0.455 0x0000FF
-2.23 37.2 -34.65 -2.77 38.47 -34.11 0.455 0x0000FF
-2.41 36.84 -35.33 -2.23 37.2 -34.65 0.455 0x0000FF
-2.41 36.11 -35.63 -2.41 36.84 -35.33 0.455 0x0000FF
-2.59 35.2 -36.15 -2.41 36.11 -35.63 0.455 0x0000FF
-2.77 34.65 -36.47 -2.59 35.2 -36.15 0.455 0x0000FF
-3.32 30.46 -42.98 -2.77 34.65 -36.47 0.455 0x0000FF
-3.14 29.19 -42.98 -3.32 30.46 -42.98 0.455 0x0000FF
-3.14 27.73 -43.06 -3.14 29.19 -42.98 0.455 0x0000FF
-3.5 25.36 -43.51 -3.14 27.73 -43.06 0.455 0x0000FF
-4.05 24.27 -44.12 -3.5 25.36 -43.51 0.455 0x0000FF
-4.59 23.54 -44.12 -4.05 24.27 -44.12 0.455 0x0000FF
-6.06 22.63 -45.48 -4.59 23.54 -44.12 0.455 0x0000FF
-6.79 21.9 -45.86 -6.06 22.63 -45.48 0.455 0x0000FF
-7.7 21.35 -46.47 -6.79 21.9 -45.86 0.455 0x0000FF
-9.34 20.99 -47.37 -7.7 21.35 -46.47 0.455 0x0000FF
-10.25 20.62 -48.43 -9.34 20.99 -47.37 0.455 0x0000FF
-11.71 19.89 -49.27 -10.25 20.62 -48.43 0.455 0x0000FF
-13.17 18.98 -50.03 -11.71 19.89 -49.27 0.455 0x0000FF
-14.09 18.07 -50.56 -13.17 18.98 -50.03 0.455 0x0000FF
-15.36 16.61 -51.01 -14.09 18.07 -50.56 0.455 0x0000FF
-15.73 15.7 -52.07 -15.36 16.61 -51.01 0.455 0x0000FF
-16.09 14.25 -52.75 -15.73 15.7 -52.07 0.455 0x0000FF
-17.19 11.88 -53.36 -16.09 14.25 -52.75 0.455 0x0000FF
-18.46 9.86 -53.81 -17.19 11.88 -53.36 0.455 0x0000FF
-19.73 8.42 -54.27 -18.46 9.86 -53.81 0.455 0x0000FF
-21.75 6.59 -54.42 -19.73 8.42 -54.27 0.455 0x0000FF
-23.21 5.5 -54.57 -21.75 6.59 -54.42 0.455 0x0000FF
-26.13 2.77 -54.87 -23.21 5.5 -54.57 0.365 0x0000FF
-26.31 2.22 -55.02 -26.13 2.77 -54.87 0.365 0x0000FF
-26.49 0.95 -55.33 -26.31 2.22 -55.02 0.365 0x0000FF
-26.67 -0.15 -55.78 -26.49 0.95 -55.33 0.365 0x0000FF
-26.86 -1.24 -55.78 -26.67 -0.15 -55.78 0.365 0x0000FF
-27.4 -2.52 -56.24 -26.86 -1.24 -55.78 0.365 0x0000FF
-28.13 -3.25 -56.92 -27.4 -2.52 -56.24 0.365 0x0000FF
-28.68 -3.79 -56.99 -28.13 -3.25 -56.92 0.365 0x0000FF
-29.05 -4.34 -57.9 -28.68 -3.79 -56.99 0.365 0x0000FF
-29.96 -5.07 -58.81 -29.05 -4.34 -57.9 0.365 0x0000FF
-30.51 -5.61 -58.81 -29.96 -5.07 -58.81 0.365 0x0000FF
-31.05 -6.34 -59.42 -30.51 -5.61 -58.81 0.365 0x0000FF
-31.78 -7.07 -60.18 -31.05 -6.34 -59.42 0.365 0x0000FF
-32.15 -7.8 -60.86 -31.78 -7.07 -60.18 0.365 0x0000FF
-32.33 -8.89 -61.39 -32.15 -7.8 -60.86 0.365 0x0000FF
-32.51 -10.17 -61.84 -32.33 -8.89 -61.39 0.365 0x0000FF
-5.13 49.74 -30.78 -2.02 49.74 -30.86 0.64 0x0000FF
-8.05 49.74 -30.78 -5.13 49.74 -30.78 0.64 0x0000FF
-10.42 49.93 -31.32 -8.05 49.74 -30.78 0.64 0x0000FF
-12.07 49.74 -31.85 -10.42 49.93 -31.32 0.64 0x0000FF
-13.53 49.2 -32.29 -12.07 49.74 -31.85 0.64 0x0000FF
-15.71 48.29 -32.97 -13.53 49.2 -32.29 0.64 0x0000FF
-17.72 47.01 -33.21 -15.71 48.29 -32.97 0.64 0x0000FF
-19.91 45.37 -33.51 -17.72 47.01 -33.21 0.64 0x0000FF
-22.47 43.73 -33.97 -19.91 45.37 -33.51 0.64 0x0000FF
-26.11 42.64 -34.27 -22.47 43.73 -33.97 0.64 0x0000FF
-30.49 42.09 -34.79 -26.11 42.64 -34.27 0.64 0x0000FF
-33.22 41.36 -35.03 -30.49 42.09 -34.79 0.64 0x0000FF
-37.43 41.18 -35.25 -33.22 41.36 -35.03 0.64 0x0000FF
-41.99 40.27 -35.71 -37.43 41.18 -35.25 0.64 0x0000FF
-50.38 39.18 -36.47 -41.99 40.27 -35.71 0.545 0x0000FF
-54.21 38.81 -36.77 -50.38 39.18 -36.47 0.545 0x0000FF
-56.04 38.81 -37.15 -54.21 38.81 -36.77 0.545 0x0000FF
-60.6 38.99 -37.9 -56.04 38.81 -37.15 0.545 0x0000FF
-62.79 39.36 -38.28 -60.6 38.99 -37.9 0.545 0x0000FF
-65.89 39.36 -38.65 -62.79 39.36 -38.28 0.545 0x0000FF
-69.72 38.81 -38.74 -65.89 39.36 -38.65 0.545 0x0000FF
-75.56 36.99 -38.81 -69.72 38.81 -38.74 0.545 0x0000FF
-82.49 32.97 -39.11 -75.56 36.99 -38.81 0.545 0x0000FF
-86.51 31.34 -39.34 -82.49 32.97 -39.11 0.545 0x0000FF
-91.25 28.61 -39.57 -86.51 31.34 -39.34 0.545 0x0000FF
-95.45 27.33 -39.95 -91.25 28.61 -39.57 0.545 0x0000FF
-100.56 28.06 -40.1 -95.45 27.33 -39.95 0.545 0x0000FF
-102.75 28.43 -40.1 -100.56 28.06 -40.1 0.545 0x0000FF
-114.25 31.01 -38.89 -102.75 28.43 -40.1 0.545 0x0000FF
-121.0 33.19 -38.59 -114.25 31.01 -38.89 0.545 0x0000FF
-127.21 34.65 -38.06 -121.0 33.19 -38.59 0.545 0x0000FF
-132.13 33.92 -39.04 -127.21 34.65 -38.06 0.545 0x0000FF
-134.13 33.38 -39.27 -132.13 33.92 -39.04 0.545 0x0000FF
-137.97 32.1 -39.65 -134.13 33.38 -39.27 0.545 0x0000FF
-140.53 31.19 -40.18 -137.97 32.1 -39.65 0.545 0x0000FF
-143.99 30.28 -40.4 -140.53 31.19 -40.18 0.545 0x0000FF
-146.72 29.55 -40.78 -143.99 30.28 -40.4 0.545 0x0000FF
-147.82 29.0 -40.94 -146.72 29.55 -40.78 0.545 0x0000FF
-151.47 28.46 -41.24 -147.82 29.0 -40.94 0.455 0x0000FF
-153.11 28.64 -41.54 -151.47 28.46 -41.24 0.455 0x0000FF
-154.94 29.37 -41.54 -153.11 28.64 -41.54 0.455 0x0000FF
-157.86 29.73 -41.69 -154.94 29.37 -41.54 0.455 0x0000FF
-160.96 29.73 -41.84 -157.86 29.73 -41.69 0.455 0x0000FF
-164.79 28.82 -42.0 -160.96 29.73 -41.84 0.365 0x0000FF
-134.87 36.29 -37.53 -127.21 34.65 -38.06 0.455 0x0000FF
-136.51 37.02 -37.29 -134.87 36.29 -37.53 0.455 0x0000FF
-137.61 37.75 -37.15 -136.51 37.02 -37.29 0.455 0x0000FF
-139.25 38.47 -36.77 -137.61 37.75 -37.15 0.455 0x0000FF
-140.16 38.84 -36.47 -139.25 38.47 -36.77 0.455 0x0000FF
-141.44 39.21 -35.78 -140.16 38.84 -36.47 0.455 0x0000FF
-142.16 39.57 -35.4 -141.44 39.21 -35.78 0.455 0x0000FF
-143.08 39.75 -34.88 -142.16 39.57 -35.4 0.455 0x0000FF
-143.99 39.75 -34.5 -143.08 39.75 -34.88 0.455 0x0000FF
-144.72 39.94 -33.89 -143.99 39.75 -34.5 0.455 0x0000FF
-145.27 39.94 -33.13 -144.72 39.94 -33.89 0.455 0x0000FF
-145.82 39.94 -32.07 -145.27 39.94 -33.13 0.455 0x0000FF
-146.72 39.75 -31.54 -145.82 39.94 -32.07 0.455 0x0000FF
-147.46 39.57 -30.86 -146.72 39.75 -31.54 0.455 0x0000FF
-148.37 39.21 -29.95 -147.46 39.57 -30.86 0.455 0x0000FF
-148.91 39.02 -29.65 -148.37 39.21 -29.95 0.455 0x0000FF
-149.47 38.84 -29.35 -148.91 39.02 -29.65 0.455 0x0000FF
-150.38 38.65 -28.44 -149.47 38.84 -29.35 0.455 0x0000FF
-151.11 38.47 -27.91 -150.38 38.65 -28.44 0.365 0x0000FF
-152.75 38.47 -27.45 -151.11 38.47 -27.91 0.365 0x0000FF
-154.21 38.11 -26.62 -152.75 38.47 -27.45 0.365 0x0000FF
-154.76 37.93 -25.26 -154.21 38.11 -26.62 0.365 0x0000FF
-155.3 37.75 -24.8 -154.76 37.93 -25.26 0.365 0x0000FF
-156.4 37.39 -23.89 -155.3 37.75 -24.8 0.365 0x0000FF
-157.31 37.02 -22.83 -156.4 37.39 -23.89 0.365 0x0000FF
-161.69 36.11 -21.85 -157.31 37.02 -22.83 0.365 0x0000FF
14.92 48.13 -21.85 22.47 47.8 -15.78 1.005 0x0000FF
11.64 48.32 -21.85 14.92 48.13 -21.85 1.005 0x0000FF
8.17 48.13 -21.85 11.64 48.32 -21.85 1.005 0x0000FF
3.79 48.32 -21.92 8.17 48.13 -21.85 1.005 0x0000FF
1.24 48.5 -22.76 3.79 48.32 -21.92 1.005 0x0000FF
-2.04 48.68 -23.74 1.24 48.5 -22.76 1.005 0x0000FF
-5.33 48.32 -23.89 -2.04 48.68 -23.74 1.005 0x0000FF
-6.24 48.13 -23.89 -5.33 48.32 -23.89 1.005 0x0000FF
-10.8 48.13 -23.97 -6.24 48.13 -23.89 0.82 0x0000FF
-13.17 49.96 -23.82 -10.8 48.13 -23.97 0.455 0x0000FF
-15.0 51.23 -24.04 -13.17 49.96 -23.82 0.455 0x0000FF
-17.73 52.51 -24.27 -15.0 51.23 -24.04 0.455 0x0000FF
-19.92 53.6 -23.97 -17.73 52.51 -24.27 0.455 0x0000FF
-22.3 54.88 -23.59 -19.92 53.6 -23.97 0.365 0x0000FF
-24.49 56.7 -23.36 -22.3 54.88 -23.59 0.365 0x0000FF
-29.78 58.88 -22.6 -24.49 56.7 -23.36 0.365 0x0000FF
-33.24 60.89 -22.45 -29.78 58.88 -22.6 0.365 0x0000FF
-36.89 62.35 -21.62 -33.24 60.89 -22.45 0.365 0x0000FF
-39.08 63.26 -21.01 -36.89 62.35 -21.62 0.365 0x0000FF
-41.64 63.99 -20.32 -39.08 63.26 -21.01 0.365 0x0000FF
-42.91 64.34 -19.57 -41.64 63.99 -20.32 0.365 0x0000FF
-45.1 65.44 -18.97 -42.91 64.34 -19.57 0.365 0x0000FF
-46.01 65.81 -18.51 -45.1 65.44 -18.97 0.365 0x0000FF
-46.93 66.54 -17.91 -46.01 65.81 -18.51 0.365 0x0000FF
-48.02 68.54 -17.14 -46.93 66.54 -17.91 0.365 0x0000FF
-50.03 70.55 -16.32 -48.02 68.54 -17.14 0.365 0x0000FF
-53.31 72.91 -16.09 -50.03 70.55 -16.32 0.365 0x0000FF
-57.87 75.45 -15.63 -53.31 72.91 -16.09 0.365 0x0000FF
-59.52 77.83 -14.95 -57.87 75.45 -15.63 0.365 0x0000FF
-60.79 80.02 -14.35 -59.52 77.83 -14.95 0.365 0x0000FF
-61.34 81.66 -13.82 -60.79 80.02 -14.35 0.365 0x0000FF
-64.26 83.66 -13.59 -61.34 81.66 -13.82 0.365 0x0000FF
-69.19 86.21 -13.21 -64.26 83.66 -13.59 0.365 0x0000FF
-70.83 88.22 -13.06 -69.19 86.21 -13.21 0.365 0x0000FF
-73.2 92.04 -12.68 -70.83 88.22 -13.06 0.365 0x0000FF
-75.39 94.05 -12.0 -73.2 92.04 -12.68 0.365 0x0000FF
-78.13 95.14 -11.39 -75.39 94.05 -12.0 0.365 0x0000FF
-79.04 95.51 -10.33 -78.13 95.14 -11.39 0.365 0x0000FF
-82.32 95.87 -10.11 -79.04 95.51 -10.33 0.365 0x0000FF
-84.69 96.24 -9.03 -82.32 95.87 -10.11 0.365 0x0000FF
-86.52 96.24 -8.51 -84.69 96.24 -9.03 0.365 0x0000FF
-87.8 96.24 -8.06 -86.52 96.24 -8.51 0.365 0x0000FF
-88.34 96.24 -7.38 -87.8 96.24 -8.06 0.365 0x0000FF
-89.44 96.42 -7.0 -88.34 96.24 -7.38 0.365 0x0000FF
-90.17 96.6 -6.24 -89.44 96.42 -7.0 0.365 0x0000FF
-91.08 96.78 -5.64 -90.17 96.6 -6.24 0.365 0x0000FF
-93.27 98.06 -5.03 -91.08 96.78 -5.64 0.365 0x0000FF
-96.55 99.52 -3.82 -93.27 98.06 -5.03 0.365 0x0000FF
-97.28 100.24 -2.52 -96.55 99.52 -3.82 0.365 0x0000FF
-97.83 100.79 -1.77 -97.28 100.24 -2.52 0.365 0x0000FF
-16.28 47.04 -23.97 -10.8 48.13 -23.97 0.64 0x0000FF
-25.4 46.86 -23.97 -16.28 47.04 -23.97 0.64 0x0000FF
-28.86 46.68 -23.97 -25.4 46.86 -23.97 0.64 0x0000FF
-32.7 44.31 -23.97 -28.86 46.68 -23.97 0.545 0x0000FF
-33.79 43.4 -23.97 -32.7 44.31 -23.97 0.545 0x0000FF
-37.61 41.58 -23.97 -33.79 43.4 -23.97 0.545 0x0000FF
-41.45 40.47 -23.97 -37.61 41.58 -23.97 0.545 0x0000FF
-45.1 40.11 -23.97 -41.45 40.47 -23.97 0.545 0x0000FF
-48.2 39.94 -23.97 -45.1 40.11 -23.97 0.545 0x0000FF
-51.31 39.57 -23.66 -48.2 39.94 -23.97 0.545 0x0000FF
-52.22 39.39 -23.21 -51.31 39.57 -23.66 0.545 0x0000FF
-56.6 38.84 -23.13 -52.22 39.39 -23.21 0.545 0x0000FF
-59.15 37.75 -22.68 -56.6 38.84 -23.13 0.545 0x0000FF
-61.71 36.84 -22.23 -59.15 37.75 -22.68 0.545 0x0000FF
-67.0 34.29 -22.0 -61.71 36.84 -22.23 0.545 0x0000FF
-70.45 32.65 -21.54 -67.0 34.29 -22.0 0.545 0x0000FF
-73.2 31.37 -21.09 -70.45 32.65 -21.54 0.545 0x0000FF
-76.48 30.1 -20.79 -73.2 31.37 -21.09 0.545 0x0000FF
-79.77 28.82 -20.32 -76.48 30.1 -20.79 0.545 0x0000FF
-82.14 28.09 -19.5 -79.77 28.82 -20.32 0.545 0x0000FF
-84.51 27.0 -19.35 -82.14 28.09 -19.5 0.545 0x0000FF
-87.8 25.0 -18.89 -84.51 27.0 -19.35 0.545 0x0000FF
-90.17 23.54 -18.29 -87.8 25.0 -18.89 0.545 0x0000FF
-92.91 22.26 -17.91 -90.17 23.54 -18.29 0.545 0x0000FF
-94.55 21.53 -17.53 -92.91 22.26 -17.91 0.545 0x0000FF
-96.92 20.26 -17.23 -94.55 21.53 -17.53 0.545 0x0000FF
-99.84 18.8 -16.39 -96.92 20.26 -17.23 0.545 0x0000FF
-103.12 16.07 -15.71 -99.84 18.8 -16.39 0.455 0x0000FF
-105.13 15.34 -15.63 -103.12 16.07 -15.71 0.455 0x0000FF
-106.59 14.61 -15.41 -105.13 15.34 -15.63 0.455 0x0000FF
-108.78 13.52 -15.18 -106.59 14.61 -15.41 0.455 0x0000FF
-110.79 12.79 -14.8 -108.78 13.52 -15.18 0.455 0x0000FF
-112.43 12.06 -14.73 -110.79 12.79 -14.8 0.455 0x0000FF
-116.08 9.86 -14.42 -112.43 12.06 -14.73 0.365 0x0000FF
-117.35 8.77 -14.35 -116.08 9.86 -14.42 0.365 0x0000FF
-7.88 46.49 -23.97 -6.24 48.13 -23.89 0.73 0x0000FF
-9.71 44.13 -24.04 -7.88 46.49 -23.97 0.73 0x0000FF
-11.9 39.57 -24.04 -9.71 44.13 -24.04 0.64 0x0000FF
-13.36 36.47 -24.12 -11.9 39.57 -24.04 0.64 0x0000FF
-15.55 32.47 -24.27 -13.36 36.47 -24.12 0.64 0x0000FF
-16.82 30.46 -24.35 -15.55 32.47 -24.27 0.64 0x0000FF
-19.73 26.64 -24.42 -16.82 30.46 -24.35 0.64 0x0000FF
-23.03 23.72 -24.5 -19.73 26.64 -24.42 0.64 0x0000FF
-25.4 21.53 -24.88 -23.03 23.72 -24.5 0.64 0x0000FF
-27.59 19.89 -24.95 -25.4 21.53 -24.88 0.64 0x0000FF
-29.05 18.44 -24.88 -27.59 19.89 -24.95 0.64 0x0000FF
-30.32 16.8 -24.5 -29.05 18.44 -24.88 0.64 0x0000FF
-31.97 16.07 -24.42 -30.32 16.8 -24.5 0.64 0x0000FF
-32.88 15.34 -25.33 -31.97 16.07 -24.42 0.64 0x0000FF
-34.15 14.06 -25.86 -32.88 15.34 -25.33 0.64 0x0000FF
-34.7 12.61 -26.39 -34.15 14.06 -25.86 0.64 0x0000FF
-34.89 11.51 -25.94 -34.7 12.61 -26.39 0.64 0x0000FF
-35.79 9.14 -25.18 -34.89 11.51 -25.94 0.64 0x0000FF
-34.89 6.23 -25.56 -35.79 9.14 -25.18 0.365 0x0000FF
-34.15 5.14 -25.56 -34.89 6.23 -25.56 0.365 0x0000FF
-33.24 3.86 -25.56 -34.15 5.14 -25.56 0.365 0x0000FF
-37.99 6.96 -25.18 -35.79 9.14 -25.18 0.545 0x0000FF
-38.35 6.59 -25.48 -37.99 6.96 -25.18 0.545 0x0000FF
-39.08 5.68 -26.09 -38.35 6.59 -25.48 0.545 0x0000FF
-40.18 4.41 -26.47 -39.08 5.68 -26.09 0.545 0x0000FF
-41.45 3.31 -26.62 -40.18 4.41 -26.47 0.545 0x0000FF
-42.18 2.77 -27.22 -41.45 3.31 -26.62 0.545 0x0000FF
-42.73 2.4 -27.91 -42.18 2.77 -27.22 0.545 0x0000FF
-43.46 1.67 -28.66 -42.73 2.4 -27.91 0.545 0x0000FF
-45.65 0.03 -29.5 -43.46 1.67 -28.66 0.455 0x0000FF
-46.2 -0.69 -30.03 -45.65 0.03 -29.5 0.455 0x0000FF
-46.38 -1.24 -30.33 -46.2 -0.69 -30.03 0.455 0x0000FF
-47.47 -2.15 -30.86 -46.38 -1.24 -30.33 0.455 0x0000FF
-48.2 -2.7 -31.16 -47.47 -2.15 -30.86 0.455 0x0000FF
-52.4 -3.79 -31.62 -48.2 -2.7 -31.16 0.365 0x0000FF
19.48 39.39 -10.86 22.47 47.8 -15.78 1.275 0x0000FF
18.57 37.39 -10.64 19.48 39.39 -10.86 1.275 0x0000FF
18.39 36.65 -9.73 18.57 37.39 -10.64 1.275 0x0000FF
17.48 34.29 -9.5 18.39 36.65 -9.73 1.275 0x0000FF
16.2 32.28 -9.11 17.48 34.29 -9.5 1.275 0x0000FF
15.47 30.83 -8.74 16.2 32.28 -9.11 1.275 0x0000FF
13.83 29.19 -8.28 15.47 30.83 -8.74 1.275 0x0000FF
14.01 28.64 -9.5 13.83 29.19 -8.28 0.64 0x0000FF
14.38 27.91 -9.19 14.01 28.64 -9.5 0.64 0x0000FF
14.74 26.45 -8.59 14.38 27.91 -9.19 0.64 0x0000FF
15.29 25.36 -8.21 14.74 26.45 -8.59 0.64 0x0000FF
17.48 22.08 -7.45 15.29 25.36 -8.21 0.64 0x0000FF
18.39 20.8 -7.08 17.48 22.08 -7.45 0.64 0x0000FF
20.39 19.17 -6.39 18.39 20.8 -7.08 0.64 0x0000FF
23.68 16.98 -5.71 20.39 19.17 -6.39 0.64 0x0000FF
25.87 14.97 -5.33 23.68 16.98 -5.71 0.64 0x0000FF
28.93 10.71 -4.65 25.87 14.97 -5.33 0.64 0x0000FF
30.39 9.98 -4.05 28.93 10.71 -4.65 0.545 0x0000FF
31.48 8.89 -3.67 30.39 9.98 -4.05 0.545 0x0000FF
32.21 7.8 -3.21 31.48 8.89 -3.67 0.545 0x0000FF
33.11 5.98 -2.61 32.21 7.8 -3.21 0.545 0x0000FF
34.22 3.79 -2.23 33.11 5.98 -2.61 0.545 0x0000FF
35.68 1.42 -1.85 34.22 3.79 -2.23 0.545 0x0000FF
37.32 -2.77 -1.39 35.68 1.42 -1.85 0.545 0x0000FF
38.78 -5.5 -1.02 37.32 -2.77 -1.39 0.545 0x0000FF
41.52 -9.51 -0.71 38.78 -5.5 -1.02 0.545 0x0000FF
42.98 -13.15 -0.26 41.52 -9.51 -0.71 0.545 0x0000FF
43.34 -15.34 -0.18 42.98 -13.15 -0.26 0.545 0x0000FF
44.43 -18.07 0.12 43.34 -15.34 -0.18 0.545 0x0000FF
44.62 -20.81 0.42 44.43 -18.07 0.12 0.545 0x0000FF
45.35 -24.27 0.73 44.62 -20.81 0.42 0.545 0x0000FF
45.71 -25.91 0.65 45.35 -24.27 0.73 0.545 0x0000FF
45.71 -27.55 0.5 45.71 -25.91 0.65 0.545 0x0000FF
45.53 -29.55 -0.03 45.71 -27.55 0.5 0.545 0x0000FF
45.53 -30.46 -0.94 45.53 -29.55 -0.03 0.545 0x0000FF
45.89 -32.1 -1.77 45.53 -30.46 -0.94 0.545 0x0000FF
46.44 -34.29 -2.45 45.89 -32.1 -1.77 0.545 0x0000FF
47.72 -37.02 -2.68 46.44 -34.29 -2.45 0.545 0x0000FF
49.36 -39.03 -3.36 47.72 -37.02 -2.68 0.545 0x0000FF
51.37 -41.58 -4.05 49.36 -39.03 -3.36 0.545 0x0000FF
54.47 -46.68 -4.8 51.37 -41.58 -4.05 0.545 0x0000FF
57.21 -49.78 -5.11 54.47 -46.68 -4.8 0.455 0x0000FF
59.58 -52.15 -5.48 57.21 -49.78 -5.11 0.455 0x0000FF
61.77 -55.61 -5.79 59.58 -52.15 -5.48 0.455 0x0000FF
63.05 -58.7 -6.24 61.77 -55.61 -5.79 0.455 0x0000FF
63.41 -60.53 -6.85 63.05 -58.7 -6.24 0.455 0x0000FF
64.31 -62.17 -6.39 63.41 -60.53 -6.85 0.365 0x0000FF
64.87 -63.62 -6.01 64.31 -62.17 -6.39 0.365 0x0000FF
65.23 -64.72 -5.48 64.87 -63.62 -6.01 0.365 0x0000FF
66.33 -66.17 -4.8 65.23 -64.72 -5.48 0.365 0x0000FF
66.88 -67.63 -3.97 66.33 -66.17 -4.8 0.365 0x0000FF
67.23 -69.27 -3.74 66.88 -67.63 -3.97 0.365 0x0000FF
10.18 26.64 -8.06 13.83 29.19 -8.28 1.095 0x0000FF
7.63 24.63 -7.83 10.18 26.64 -8.06 0.82 0x0000FF
2.88 23.72 -7.38 7.63 24.63 -7.83 0.73 0x0000FF
1.97 23.17 -7.3 2.88 23.72 -7.38 0.73 0x0000FF
0.51 22.08 -7.38 1.97 23.17 -7.3 0.545 0x0000FF
-0.77 21.17 -7.38 0.51 22.08 -7.38 0.545 0x0000FF
-3.69 19.53 -7.38 -0.77 21.17 -7.38 0.545 0x0000FF
-8.98 18.07 -7.68 -3.69 19.53 -7.38 0.545 0x0000FF
-10.44 18.07 -7.68 -8.98 18.07 -7.68 0.545 0x0000FF
-12.26 17.53 -8.06 -10.44 18.07 -7.68 0.545 0x0000FF
-13.9 17.16 -8.06 -12.26 17.53 -8.06 0.545 0x0000FF
-14.82 16.98 -7.53 -13.9 17.16 -8.06 0.545 0x0000FF
-16.64 16.43 -6.62 -14.82 16.98 -7.53 0.545 0x0000FF
-21.57 13.15 -6.47 -16.64 16.43 -6.62 0.545 0x0000FF
-25.22 11.51 -6.32 -21.57 13.15 -6.47 0.545 0x0000FF
-30.32 10.06 -5.86 -25.22 11.51 -6.32 0.545 0x0000FF
-41.09 8.96 -5.64 -30.32 10.06 -5.86 0.545 0x0000FF
-49.48 7.5 -5.41 -41.09 8.96 -5.64 0.545 0x0000FF
-57.51 7.32 -5.18 -49.48 7.5 -5.41 0.545 0x0000FF
-63.35 8.23 -4.58 -57.51 7.32 -5.18 0.545 0x0000FF
-69.73 9.14 -4.42 -63.35 8.23 -4.58 0.545 0x0000FF
-70.65 10.06 -4.8 -69.73 9.14 -4.42 0.365 0x0000FF
-71.19 10.97 -5.26 -70.65 10.06 -4.8 0.365 0x0000FF
-71.19 11.51 -5.56 -71.19 10.97 -5.26 0.365 0x0000FF
-71.01 12.24 -5.86 -71.19 11.51 -5.56 0.365 0x0000FF
-70.83 13.52 -6.01 -71.01 12.24 -5.86 0.365 0x0000FF
-71.19 14.61 -6.24 -70.83 13.52 -6.01 0.365 0x0000FF
-72.65 15.89 -6.24 -71.19 14.61 -6.24 0.365 0x0000FF
-73.93 15.89 -6.24 -72.65 15.89 -6.24 0.365 0x0000FF
-73.38 8.77 -4.34 -69.73 9.14 -4.42 0.455 0x0000FF
-77.76 6.96 -4.2 -73.38 8.77 -4.34 0.455 0x0000FF
-79.04 5.86 -4.2 -77.76 6.96 -4.2 0.365 0x0000FF
-0.04 22.44 -7.3 1.97 23.17 -7.3 0.64 0x0000FF
-0.95 21.9 -7.3 -0.04 22.44 -7.3 0.64 0x0000FF
-2.04 21.17 -7.3 -0.95 21.9 -7.3 0.64 0x0000FF
-2.59 20.26 -7.3 -2.04 21.17 -7.3 0.64 0x0000FF
-2.77 18.8 -7.3 -2.59 20.26 -7.3 0.64 0x0000FF
-2.41 16.8 -7.3 -2.77 18.8 -7.3 0.64 0x0000FF
-1.68 14.79 -7.3 -2.41 16.8 -7.3 0.64 0x0000FF
-1.5 12.61 -7.3 -1.68 14.79 -7.3 0.64 0x0000FF
-2.23 9.51 -7.3 -1.5 12.61 -7.3 0.64 0x0000FF
-4.96 4.41 -7.3 -2.23 9.51 -7.3 0.545 0x0000FF
-6.24 1.86 -7.3 -4.96 4.41 -7.3 0.545 0x0000FF
-6.97 0.4 -7.3 -6.24 1.86 -7.3 0.545 0x0000FF
-8.25 -1.42 -7.3 -6.97 0.4 -7.3 0.545 0x0000FF
-8.43 -3.61 -7.3 -8.25 -1.42 -7.3 0.545 0x0000FF
-8.78 -4.7 -7.15 -8.43 -3.61 -7.3 0.545 0x0000FF
-8.98 -6.16 -7.15 -8.78 -4.7 -7.15 0.545 0x0000FF
-9.52 -7.8 -6.62 -8.98 -6.16 -7.15 0.545 0x0000FF
-9.89 -9.61 -7.08 -9.52 -7.8 -6.62 0.545 0x0000FF
-10.07 -11.08 -7.76 -9.89 -9.61 -7.08 0.545 0x0000FF
-10.25 -12.36 -7.98 -10.07 -11.08 -7.76 0.545 0x0000FF
-10.44 -14.18 -8.44 -10.25 -12.36 -7.98 0.545 0x0000FF
-10.62 -16.36 -8.82 -10.44 -14.18 -8.44 0.545 0x0000FF
-11.35 -18.37 -9.35 -10.62 -16.36 -8.82 0.545 0x0000FF
-12.08 -19.82 -9.5 -11.35 -18.37 -9.35 0.545 0x0000FF
-13.72 -22.56 -9.88 -12.08 -19.82 -9.5 0.455 0x0000FF
-15.18 -24.56 -10.11 -13.72 -22.56 -9.88 0.455 0x0000FF
-15.91 -26.93 -10.26 -15.18 -24.56 -10.11 0.455 0x0000FF
-19.19 -30.58 -10.71 -15.91 -26.93 -10.26 0.365 0x0000FF
-23.76 -33.31 -10.79 -19.19 -30.58 -10.71 0.365 0x0000FF
28.2 42.42 -9.88 22.47 47.8 -15.78 1.46 0x0000FF
30.93 40.59 -9.65 28.2 42.42 -9.88 1.46 0x0000FF
33.11 39.14 -9.19 30.93 40.59 -9.65 1.46 0x0000FF
34.4 38.22 -8.89 33.11 39.14 -9.19 1.275 0x0000FF
35.86 37.13 -8.51 34.4 38.22 -8.89 1.185 0x0000FF
37.32 36.22 -7.98 35.86 37.13 -8.51 1.185 0x0000FF
38.96 35.31 -7.38 37.32 36.22 -7.98 1.185 0x0000FF
40.06 35.13 -6.85 38.96 35.31 -7.38 1.095 0x0000FF
40.97 34.58 -6.24 40.06 35.13 -6.85 1.095 0x0000FF
41.7 34.03 -5.64 40.97 34.58 -6.24 1.095 0x0000FF
42.61 33.11 -5.03 41.7 34.03 -5.64 1.095 0x0000FF
43.34 32.76 -4.2 42.61 33.11 -5.03 1.095 0x0000FF
44.62 32.03 -3.74 43.34 32.76 -4.2 1.095 0x0000FF
46.08 31.48 -3.82 44.62 32.03 -3.74 0.545 0x0000FF
46.81 31.12 -3.74 46.08 31.48 -3.82 0.545 0x0000FF
48.08 30.39 -3.67 46.81 31.12 -3.74 0.545 0x0000FF
49.73 29.84 -3.59 48.08 30.39 -3.67 0.545 0x0000FF
51.0 29.3 -3.44 49.73 29.84 -3.59 0.545 0x0000FF
53.19 28.57 -3.21 51.0 29.3 -3.44 0.545 0x0000FF
54.29 28.39 -3.06 53.19 28.57 -3.21 0.545 0x0000FF
55.38 28.2 -2.98 54.29 28.39 -3.06 0.545 0x0000FF
56.48 28.02 -2.91 55.38 28.2 -2.98 0.545 0x0000FF
58.48 28.02 -2.83 56.48 28.02 -2.91 0.545 0x0000FF
59.21 28.2 -2.76 58.48 28.02 -2.83 0.545 0x0000FF
60.13 28.57 -2.52 59.21 28.2 -2.76 0.545 0x0000FF
60.86 28.57 -2.15 60.13 28.57 -2.52 0.545 0x0000FF
61.59 28.93 -1.92 60.86 28.57 -2.15 0.545 0x0000FF
62.32 29.12 -1.85 61.59 28.93 -1.92 0.545 0x0000FF
63.05 29.12 -1.47 62.32 29.12 -1.85 0.545 0x0000FF
63.59 29.12 -1.24 63.05 29.12 -1.47 0.545 0x0000FF
64.5 28.93 -0.79 63.59 29.12 -1.24 0.545 0x0000FF
65.95 29.12 0.05 64.5 28.93 -0.79 0.545 0x0000FF
66.51 29.12 0.42 65.95 29.12 0.05 0.545 0x0000FF
66.88 28.93 0.95 66.51 29.12 0.42 0.545 0x0000FF
67.61 28.75 1.56 66.88 28.93 0.95 0.545 0x0000FF
68.34 28.39 2.17 67.61 28.75 1.56 0.545 0x0000FF
69.06 28.2 3.61 68.34 28.39 2.17 0.545 0x0000FF
69.8 28.02 4.51 69.06 28.2 3.61 0.545 0x0000FF
71.44 27.84 4.51 69.8 28.02 4.51 0.545 0x0000FF
74.54 28.57 4.97 71.44 27.84 4.51 0.455 0x0000FF
77.28 30.76 7.32 74.54 28.57 4.97 0.455 0x0000FF
77.81 31.48 8.38 77.28 30.76 7.32 0.455 0x0000FF
78.73 32.58 9.06 77.81 31.48 8.38 0.455 0x0000FF
79.65 33.11 9.51 78.73 32.58 9.06 0.455 0x0000FF
80.93 33.49 11.56 79.65 33.11 9.51 0.455 0x0000FF
82.02 33.85 11.86 80.93 33.49 11.56 0.455 0x0000FF
85.49 34.4 12.92 82.02 33.85 11.86 0.455 0x0000FF
87.49 34.95 13.68 85.49 34.4 12.92 0.455 0x0000FF
92.24 36.4 14.59 87.49 34.95 13.68 0.365 0x0000FF
96.25 39.14 15.27 92.24 36.4 14.59 0.365 0x0000FF
97.53 41.5 15.88 96.25 39.14 15.27 0.365 0x0000FF
98.26 43.33 16.79 97.53 41.5 15.88 0.365 0x0000FF
98.44 44.42 17.32 98.26 43.33 16.79 0.365 0x0000FF
98.99 44.97 18.38 98.44 44.42 17.32 0.365 0x0000FF
99.9 46.24 19.05 98.99 44.97 18.38 0.365 0x0000FF
100.81 47.52 19.44 99.9 46.24 19.05 0.365 0x0000FF
102.09 48.25 20.35 100.81 47.52 19.44 0.365 0x0000FF
102.64 48.43 20.57 102.09 48.25 20.35 0.365 0x0000FF
103.18 48.61 21.18 102.64 48.43 20.57 0.365 0x0000FF
103.91 48.79 21.71 103.18 48.61 21.18 0.365 0x0000FF
104.64 49.16 22.39 103.91 48.79 21.71 0.365 0x0000FF
105.01 49.16 23.0 104.64 49.16 22.39 0.365 0x0000FF
107.56 49.52 24.66 105.01 49.16 23.0 0.365 0x0000FF
108.29 49.34 25.27 107.56 49.52 24.66 0.365 0x0000FF
110.12 49.52 26.48 108.29 49.34 25.27 0.365 0x0000FF
111.21 49.52 27.16 110.12 49.52 26.48 0.365 0x0000FF
112.12 49.52 27.54 111.21 49.52 27.16 0.365 0x0000FF
115.96 49.16 28.83 112.12 49.52 27.54 0.365 0x0000FF
120.52 48.98 29.28 115.96 49.16 28.83 0.365 0x0000FF
128.18 49.34 29.66 120.52 48.98 29.28 0.365 0x0000FF
131.47 50.43 30.35 128.18 49.34 29.66 0.365 0x0000FF
44.98 30.94 -3.51 44.62 32.03 -3.74 0.91 0x0000FF
44.98 30.39 -3.14 44.98 30.94 -3.51 0.91 0x0000FF
44.98 30.03 -2.29 44.98 30.39 -3.14 0.91 0x0000FF
44.98 29.84 -1.47 44.98 30.03 -2.29 0.91 0x0000FF
44.98 29.48 -1.32 44.98 29.84 -1.47 0.91 0x0000FF
45.35 29.3 1.94 44.98 29.48 -1.32 0.91 0x0000FF
45.35 28.57 2.31 45.35 29.3 1.94 0.91 0x0000FF
45.35 28.2 3.38 45.35 28.57 2.31 0.91 0x0000FF
44.98 27.66 4.67 45.35 28.2 3.38 0.91 0x0000FF
44.8 27.48 5.88 44.98 27.66 4.67 0.91 0x0000FF
44.62 27.11 7.17 44.8 27.48 5.88 0.91 0x0000FF
44.43 26.75 8.0 44.62 27.11 7.17 0.91 0x0000FF
44.25 26.2 8.76 44.43 26.75 8.0 0.91 0x0000FF
44.25 25.65 10.42 44.25 26.2 8.76 0.91 0x0000FF
44.43 25.11 11.18 44.25 25.65 10.42 0.91 0x0000FF
45.35 24.01 11.71 44.43 25.11 11.18 0.91 0x0000FF
45.53 22.92 12.24 45.35 24.01 11.71 0.73 0x0000FF
45.35 21.65 12.77 45.53 22.92 12.24 0.73 0x0000FF
45.16 21.1 12.92 45.35 21.65 12.77 0.73 0x0000FF
44.8 19.46 13.0 45.16 21.1 12.92 0.73 0x0000FF
44.43 18.37 13.3 44.8 19.46 13.0 0.73 0x0000FF
44.25 16.36 13.68 44.43 18.37 13.3 0.73 0x0000FF
44.8 13.99 13.98 44.25 16.36 13.68 0.73 0x0000FF
45.16 12.17 14.06 44.8 13.99 13.98 0.73 0x0000FF
45.53 10.17 14.13 45.16 12.17 14.06 0.73 0x0000FF
45.71 7.43 14.44 45.53 10.17 14.13 0.73 0x0000FF
45.53 1.06 14.74 45.71 7.43 14.44 0.64 0x0000FF
45.35 -2.41 14.97 45.53 1.06 14.74 0.64 0x0000FF
44.25 -5.87 15.42 45.35 -2.41 14.97 0.545 0x0000FF
44.07 -8.24 15.65 44.25 -5.87 15.42 0.545 0x0000FF
44.98 -10.6 15.88 44.07 -8.24 15.65 0.545 0x0000FF
45.89 -13.34 16.03 44.98 -10.6 15.88 0.545 0x0000FF
45.89 -17.16 16.1 45.89 -13.34 16.03 0.545 0x0000FF
45.53 -18.62 16.18 45.89 -17.16 16.1 0.545 0x0000FF
45.16 -19.71 16.32 45.53 -18.62 16.18 0.545 0x0000FF
44.62 -21.17 15.95 45.16 -19.71 16.32 0.545 0x0000FF
44.62 -21.72 15.57 44.62 -21.17 15.95 0.545 0x0000FF
44.43 -22.63 15.2 44.62 -21.72 15.57 0.545 0x0000FF
44.25 -23.54 14.82 44.43 -22.63 15.2 0.545 0x0000FF
44.25 -24.63 14.29 44.25 -23.54 14.82 0.545 0x0000FF
44.8 -26.09 13.76 44.25 -24.63 14.29 0.545 0x0000FF
44.98 -26.82 13.07 44.8 -26.09 13.76 0.545 0x0000FF
45.35 -27.37 12.62 44.98 -26.82 13.07 0.545 0x0000FF
45.71 -28.1 12.24 45.35 -27.37 12.62 0.545 0x0000FF
46.08 -28.82 12.09 45.71 -28.1 12.24 0.545 0x0000FF
47.35 -30.1 11.48 46.08 -28.82 12.09 0.545 0x0000FF
49.91 -32.1 11.48 47.35 -30.1 11.48 0.545 0x0000FF
50.27 -32.83 11.26 49.91 -32.1 11.48 0.545 0x0000FF
51.0 -33.74 11.18 50.27 -32.83 11.26 0.545 0x0000FF
51.0 -35.57 10.88 51.0 -33.74 11.18 0.455 0x0000FF
51.19 -37.02 10.8 51.0 -35.57 10.88 0.455 0x0000FF
51.73 -37.75 10.65 51.19 -37.02 10.8 0.455 0x0000FF
52.46 -38.47 10.19 51.73 -37.75 10.65 0.455 0x0000FF
52.83 -39.03 9.97 52.46 -38.47 10.19 0.455 0x0000FF
52.83 -39.39 9.97 52.83 -39.03 9.97 0.455 0x0000FF
53.19 -39.94 9.59 52.83 -39.39 9.97 0.455 0x0000FF
53.92 -40.85 9.28 53.19 -39.94 9.59 0.455 0x0000FF
55.02 -41.58 9.06 53.92 -40.85 9.28 0.365 0x0000FF
55.56 -42.31 8.52 55.02 -41.58 9.06 0.365 0x0000FF
56.29 -42.85 7.92 55.56 -42.31 8.52 0.365 0x0000FF
56.84 -43.04 7.77 56.29 -42.85 7.92 0.365 0x0000FF
59.94 -44.49 7.01 56.84 -43.04 7.77 0.365 0x0000FF
24.01 55.01 -13.67 22.47 47.8 -15.78 2.1 0x0000FF
26.02 60.3 -13.89 24.01 55.01 -13.67 2.1 0x0000FF
27.66 64.67 -14.27 26.02 60.3 -13.89 2.1 0x0000FF
28.93 68.13 -14.57 27.66 64.67 -14.27 1.735 0x0000FF
30.21 71.95 -14.5 28.93 68.13 -14.57 1.735 0x0000FF
31.85 74.87 -13.89 30.21 71.95 -14.5 1.735 0x0000FF
32.95 77.79 -13.74 31.85 74.87 -13.89 1.735 0x0000FF
34.77 80.16 -13.36 32.95 77.79 -13.74 1.735 0x0000FF
35.69 82.16 -13.14 34.77 80.16 -13.36 1.735 0x0000FF
37.68 87.84 -12.3 35.69 82.16 -13.14 1.095 0x0000FF
39.69 92.76 -12.0 37.68 87.84 -12.3 1.095 0x0000FF
41.33 97.86 -11.62 39.69 92.76 -12.0 1.095 0x0000FF
45.53 108.79 -11.32 41.33 97.86 -11.62 1.095 0x0000FF
53.01 121.91 -10.71 45.53 108.79 -11.32 1.095 0x0000FF
53.92 126.1 -9.65 53.01 121.91 -10.71 1.095 0x0000FF
55.38 130.84 -9.03 53.92 126.1 -9.65 1.095 0x0000FF
56.48 133.94 -8.21 55.38 130.84 -9.03 1.095 0x0000FF
58.12 139.77 -6.54 56.48 133.94 -8.21 1.095 0x0000FF
58.67 142.5 -5.48 58.12 139.77 -6.54 1.095 0x0000FF
58.85 143.22 -4.42 58.67 142.5 -5.48 1.095 0x0000FF
59.4 144.69 -2.91 58.85 143.22 -4.42 1.095 0x0000FF
60.97 149.31 0.8 59.4 144.69 -2.91 1.095 0x0000FF
61.89 152.77 1.18 60.97 149.31 0.8 1.095 0x0000FF
63.53 156.96 1.71 61.89 152.77 1.18 1.095 0x0000FF
65.17 160.79 2.24 63.53 156.96 1.71 1.095 0x0000FF
66.98 165.34 2.62 65.17 160.79 2.24 1.095 0x0000FF
68.64 170.08 3.23 66.98 165.34 2.62 1.095 0x0000FF
70.28 174.27 3.68 68.64 170.08 3.23 1.095 0x0000FF
71.01 178.28 4.05 70.28 174.27 3.68 1.095 0x0000FF
73.93 189.39 4.88 71.01 178.28 4.05 1.095 0x0000FF
75.2 195.22 5.42 73.93 189.39 4.88 1.095 0x0000FF
77.58 200.87 5.65 75.2 195.22 5.42 1.095 0x0000FF
80.68 207.43 6.33 77.58 200.87 5.65 1.095 0x0000FF
81.77 210.53 6.94 80.68 207.43 6.33 1.095 0x0000FF
82.87 213.62 7.24 81.77 210.53 6.94 1.095 0x0000FF
83.96 218.0 7.7 82.87 213.62 7.24 1.095 0x0000FF
85.61 223.28 8.38 83.96 218.0 7.7 1.095 0x0000FF
89.07 235.85 8.98 85.61 223.28 8.38 1.095 0x0000FF
91.53 246.4 10.95 89.07 235.85 8.98 1.095 0x0000FF
93.9 251.87 11.26 91.53 246.4 10.95 1.095 0x0000FF
96.09 257.88 11.56 93.9 251.87 11.26 1.095 0x0000FF
97.18 261.16 11.94 96.09 257.88 11.56 1.095 0x0000FF
99.37 264.62 12.24 97.18 261.16 11.94 1.095 0x0000FF
102.84 271.73 12.7 99.37 264.62 12.24 1.095 0x0000FF
104.85 279.93 12.92 102.84 271.73 12.7 1.095 0x0000FF
106.49 285.57 13.23 104.85 279.93 12.92 1.095 0x0000FF
108.49 292.86 13.53 106.49 285.57 13.23 1.095 0x0000FF
110.5 301.06 14.06 108.49 292.86 13.53 1.095 0x0000FF
113.24 316.73 14.74 110.5 301.06 14.06 1.095 0x0000FF
115.06 321.29 15.04 113.24 316.73 14.74 1.095 0x0000FF
119.99 337.32 15.65 115.06 321.29 15.04 1.095 0x0000FF
122.0 347.16 16.03 119.99 337.32 15.65 1.095 0x0000FF
122.73 353.35 16.48 122.0 347.16 16.03 1.005 0x0000FF
123.46 355.72 16.86 122.73 353.35 16.48 1.005 0x0000FF
123.46 356.45 17.16 123.46 355.72 16.86 1.005 0x0000FF
128.94 378.33 17.92 123.46 356.45 17.16 1.005 0x0000FF
128.94 380.7 18.14 128.94 378.33 17.92 1.005 0x0000FF
130.27 385.79 18.38 128.94 380.7 18.14 0.545 0x0000FF
131.55 388.53 18.68 130.27 385.79 18.38 0.545 0x0000FF
132.28 391.44 18.91 131.55 388.53 18.68 0.545 0x0000FF
132.83 393.63 19.51 132.28 391.44 18.91 0.545 0x0000FF
133.37 396.18 20.04 132.83 393.63 19.51 0.545 0x0000FF
134.1 398.91 20.5 133.37 396.18 20.04 0.545 0x0000FF
134.83 401.28 21.41 134.1 398.91 20.5 0.545 0x0000FF
135.56 404.2 21.79 134.83 401.28 21.41 0.545 0x0000FF
136.29 405.84 22.32 135.56 404.2 21.79 0.545 0x0000FF
137.75 408.02 23.22 136.29 405.84 22.32 0.545 0x0000FF
139.38 410.57 23.83 137.75 408.02 23.22 0.455 0x0000FF
142.31 412.4 24.36 139.38 410.57 23.83 0.455 0x0000FF
143.96 413.31 24.89 142.31 412.4 24.36 0.455 0x0000FF
145.78 415.13 25.5 143.96 413.31 24.89 0.365 0x0000FF
146.88 417.31 25.88 145.78 415.13 25.5 0.365 0x0000FF
147.61 418.95 26.03 146.88 417.31 25.88 0.365 0x0000FF
148.69 421.32 26.48 147.61 418.95 26.03 0.365 0x0000FF
149.43 424.06 27.01 148.69 421.32 26.48 0.365 0x0000FF
149.79 426.42 27.77 149.43 424.06 27.01 0.365 0x0000FF
150.88 429.52 28.15 149.79 426.42 27.77 0.365 0x0000FF
152.16 432.26 28.53 150.88 429.52 28.15 0.365 0x0000FF
153.99 434.99 28.83 152.16 432.26 28.53 0.365 0x0000FF
155.44 435.9 29.13 153.99 434.99 28.83 0.365 0x0000FF
157.09 436.63 29.82 155.44 435.9 29.13 0.365 0x0000FF
159.83 439.36 31.18 157.09 436.63 29.82 0.365 0x0000FF
160.56 441.18 31.78 159.83 439.36 31.18 0.365 0x0000FF
160.74 443.55 32.15 160.56 441.18 31.78 0.365 0x0000FF
160.19 446.65 32.61 160.74 443.55 32.15 0.365 0x0000FF
127.31 388.9 18.38 128.94 380.7 18.14 1.005 0x0000FF
124.75 400.74 18.91 127.31 388.9 18.38 1.005 0x0000FF
124.91 401.28 17.7 124.75 400.74 18.91 0.455 0x0000FF
125.27 402.37 16.55 124.91 401.28 17.7 0.455 0x0000FF
126.18 405.28 15.95 125.27 402.37 16.55 0.455 0x0000FF
127.1 407.47 15.73 126.18 405.28 15.95 0.455 0x0000FF
129.1 408.75 15.5 127.1 407.47 15.73 0.455 0x0000FF
133.3 410.2 15.27 129.1 408.75 15.5 0.455 0x0000FF
135.66 411.48 15.12 133.3 410.2 15.27 0.455 0x0000FF
136.94 412.94 15.04 135.66 411.48 15.12 0.455 0x0000FF
137.5 414.76 15.04 136.94 412.94 15.04 0.455 0x0000FF
137.68 416.76 14.89 137.5 414.76 15.04 0.455 0x0000FF
137.31 425.87 14.89 137.68 416.76 14.89 0.455 0x0000FF
138.04 427.88 14.82 137.31 425.87 14.89 0.455 0x0000FF
139.87 430.61 14.74 138.04 427.88 14.82 0.455 0x0000FF
142.24 433.16 14.67 139.87 430.61 14.74 0.455 0x0000FF
142.97 434.8 15.12 142.24 433.16 14.67 0.455 0x0000FF
144.61 442.82 15.27 142.97 434.8 15.12 0.455 0x0000FF
144.61 443.36 14.89 144.61 442.82 15.27 0.455 0x0000FF
144.61 444.82 14.44 144.61 443.36 14.89 0.455 0x0000FF
145.34 446.64 13.98 144.61 444.82 14.44 0.455 0x0000FF
146.8 449.56 13.53 145.34 446.64 13.98 0.455 0x0000FF
148.26 451.56 13.07 146.8 449.56 13.53 0.455 0x0000FF
149.54 453.2 12.62 148.26 451.56 13.07 0.455 0x0000FF
149.9 454.3 12.24 149.54 453.2 12.62 0.455 0x0000FF
150.63 456.3 11.64 149.9 454.3 12.24 0.455 0x0000FF
152.28 459.76 11.26 150.63 456.3 11.64 0.455 0x0000FF
153.72 461.95 11.1 152.28 459.76 11.26 0.455 0x0000FF
155.38 463.41 10.88 153.72 461.95 11.1 0.455 0x0000FF
157.19 467.41 10.8 155.38 463.41 10.88 0.275 0x0000FF
157.38 468.51 10.8 157.19 467.41 10.8 0.275 0x0000FF
157.19 472.7 10.8 157.38 468.51 10.8 0.275 0x0000FF
156.11 477.25 10.8 157.19 472.7 10.8 0.275 0x0000FF
154.28 479.62 10.8 156.11 477.25 10.8 0.275 0x0000FF
153.0 480.53 10.73 154.28 479.62 10.8 0.275 0x0000FF
149.72 484.36 10.73 153.0 480.53 10.73 0.275 0x0000FF
147.35 490.01 10.73 149.72 484.36 10.73 0.275 0x0000FF
146.62 492.37 10.73 147.35 490.01 10.73 0.275 0x0000FF
146.62 493.1 10.73 146.62 492.37 10.73 0.275 0x0000FF
139.99 501.7 10.65 146.62 493.1 10.73 0.275 0x0000FF
138.16 504.98 10.5 139.99 501.7 10.65 0.275 0x0000FF
137.07 506.43 10.42 138.16 504.98 10.5 0.275 0x0000FF
136.16 507.34 10.19 137.07 506.43 10.42 0.275 0x0000FF
135.07 508.98 10.73 136.16 507.34 10.19 0.275 0x0000FF
133.61 510.44 11.26 135.07 508.98 10.73 0.275 0x0000FF
131.41 512.08 11.48 133.61 510.44 11.26 0.275 0x0000FF
129.41 513.9 11.86 131.41 512.08 11.48 0.275 0x0000FF
128.86 515.0 12.01 129.41 513.9 11.86 0.275 0x0000FF
127.77 516.45 12.32 128.86 515.0 12.01 0.275 0x0000FF
127.04 517.91 12.54 127.77 516.45 12.32 0.275 0x0000FF
126.49 519.37 12.92 127.04 517.91 12.54 0.275 0x0000FF
126.49 520.64 13.23 126.49 519.37 12.92 0.275 0x0000FF
126.67 521.55 13.6 126.49 520.64 13.23 0.275 0x0000FF
126.67 523.2 13.83 126.67 521.55 13.6 0.275 0x0000FF
125.58 526.84 14.29 126.67 523.2 13.83 0.275 0x0000FF
124.3 528.84 14.44 125.58 526.84 14.29 0.275 0x0000FF
123.39 530.29 14.89 124.3 528.84 14.44 0.275 0x0000FF
123.02 531.03 15.5 123.39 530.29 14.89 0.275 0x0000FF
122.84 532.12 15.65 123.02 531.03 15.5 0.275 0x0000FF
122.66 533.22 15.88 122.84 532.12 15.65 0.275 0x0000FF
122.66 533.76 16.26 122.66 533.22 15.88 0.275 0x0000FF
122.66 534.66 16.79 122.66 533.76 16.26 0.275 0x0000FF
122.66 535.4 17.54 122.66 534.66 16.79 0.275 0x0000FF
122.66 536.13 17.92 122.66 535.4 17.54 0.275 0x0000FF
122.66 537.04 18.53 122.66 536.13 17.92 0.275 0x0000FF
122.48 538.32 19.29 122.66 537.04 18.53 0.275 0x0000FF
122.29 539.59 19.66 122.48 538.32 19.29 0.275 0x0000FF
121.93 540.87 20.12 122.29 539.59 19.66 0.275 0x0000FF
121.2 542.33 20.8 121.93 540.87 20.12 0.275 0x0000FF
120.83 543.78 21.33 121.2 542.33 20.8 0.275 0x0000FF
120.47 544.88 22.16 120.83 543.78 21.33 0.275 0x0000FF
120.1 545.97 22.47 120.47 544.88 22.16 0.275 0x0000FF
119.74 546.52 22.92 120.1 545.97 22.47 0.275 0x0000FF
159.57 464.68 10.57 155.38 463.41 10.88 0.365 0x0000FF
162.66 465.41 10.42 159.57 464.68 10.57 0.365 0x0000FF
165.59 467.23 9.74 162.66 465.41 10.42 0.275 0x0000FF
120.19 412.22 19.44 124.75 400.74 18.91 0.91 0x0000FF
117.27 421.51 19.73 120.19 412.22 19.44 0.73 0x0000FF
114.72 427.34 20.19 117.27 421.51 19.73 0.73 0x0000FF
110.52 435.36 20.65 114.72 427.34 20.19 0.64 0x0000FF
105.6 441.92 20.95 110.52 435.36 20.65 0.64 0x0000FF
102.5 445.93 21.18 105.6 441.92 20.95 0.64 0x0000FF
100.12 447.57 21.41 102.5 445.93 21.18 0.64 0x0000FF
100.11 449.23 21.41 100.12 447.57 21.41 0.545 0x0000FF
100.11 455.97 21.41 100.11 449.23 21.41 0.545 0x0000FF
100.48 456.88 21.48 100.11 455.97 21.41 0.545 0x0000FF
100.66 458.34 21.56 100.48 456.88 21.48 0.545 0x0000FF
100.48 460.34 21.71 100.66 458.34 21.56 0.545 0x0000FF
100.29 461.98 22.01 100.48 460.34 21.71 0.545 0x0000FF
99.93 462.71 22.16 100.29 461.98 22.01 0.545 0x0000FF
99.75 463.44 22.62 99.93 462.71 22.16 0.545 0x0000FF
99.57 464.17 23.07 99.75 463.44 22.62 0.545 0x0000FF
99.2 465.26 23.3 99.57 464.17 23.07 0.545 0x0000FF
99.02 466.17 23.53 99.2 465.26 23.3 0.545 0x0000FF
99.02 466.72 23.76 99.02 466.17 23.53 0.545 0x0000FF
99.02 467.45 23.76 99.02 466.72 23.76 0.545 0x0000FF
99.2 468.36 23.98 99.02 467.45 23.76 0.545 0x0000FF
99.38 469.09 24.29 99.2 468.36 23.98 0.545 0x0000FF
99.38 469.81 24.36 99.38 469.09 24.29 0.545 0x0000FF
99.38 470.91 24.82 99.38 469.81 24.36 0.545 0x0000FF
99.02 471.82 24.82 99.38 470.91 24.82 0.545 0x0000FF
98.84 472.91 25.12 99.02 471.82 24.82 0.545 0x0000FF
98.65 474.19 25.5 98.84 472.91 25.12 0.545 0x0000FF
98.65 475.46 25.5 98.65 474.19 25.5 0.545 0x0000FF
98.47 477.1 25.65 98.65 475.46 25.5 0.545 0x0000FF
97.74 480.75 25.8 98.47 477.1 25.65 0.545 0x0000FF
96.65 483.84 26.1 97.74 480.75 25.8 0.545 0x0000FF
93.54 486.58 26.25 96.65 483.84 26.1 0.545 0x0000FF
91.35 487.67 26.33 93.54 486.58 26.25 0.545 0x0000FF
89.35 488.76 26.56 91.35 487.67 26.33 0.545 0x0000FF
85.88 492.22 27.01 89.35 488.76 26.56 0.545 0x0000FF
84.42 494.78 27.39 85.88 492.22 27.01 0.545 0x0000FF
83.14 496.96 27.69 84.42 494.78 27.39 0.545 0x0000FF
82.23 497.14 27.16 83.14 496.96 27.69 0.455 0x0000FF
81.87 498.06 26.1 82.23 497.14 27.16 0.455 0x0000FF
81.68 498.24 25.12 81.87 498.06 26.1 0.455 0x0000FF
80.95 499.15 24.66 81.68 498.24 25.12 0.455 0x0000FF
80.59 499.88 24.21 80.95 499.15 24.66 0.455 0x0000FF
79.68 500.61 23.68 80.59 499.88 24.21 0.455 0x0000FF
79.13 501.7 23.38 79.68 500.61 23.68 0.455 0x0000FF
78.22 502.97 23.3 79.13 501.7 23.38 0.455 0x0000FF
78.4 503.52 22.85 78.22 502.97 23.3 0.455 0x0000FF
77.31 504.8 22.69 78.4 503.52 22.85 0.455 0x0000FF
76.03 505.34 22.54 77.31 504.8 22.69 0.455 0x0000FF
74.75 506.25 22.09 76.03 505.34 22.54 0.455 0x0000FF
73.47 507.71 21.71 74.75 506.25 22.09 0.455 0x0000FF
72.56 508.99 21.03 73.47 507.71 21.71 0.455 0x0000FF
71.65 510.26 20.27 72.56 508.99 21.03 0.455 0x0000FF
70.56 511.72 19.59 71.65 510.26 20.27 0.455 0x0000FF
66.91 514.82 19.44 70.56 511.72 19.59 0.455 0x0000FF
65.45 516.46 19.05 66.91 514.82 19.44 0.455 0x0000FF
63.44 519.54 18.6 65.45 516.46 19.05 0.455 0x0000FF
60.16 523.92 18.14 63.44 519.54 18.6 0.455 0x0000FF
59.06 525.2 17.47 60.16 523.92 18.14 0.455 0x0000FF
57.42 527.57 17.09 59.06 525.2 17.47 0.455 0x0000FF
55.78 530.29 16.71 57.42 527.57 17.09 0.455 0x0000FF
55.23 532.49 16.41 55.78 530.29 16.71 0.455 0x0000FF
54.13 534.67 16.03 55.23 532.49 16.41 0.455 0x0000FF
52.49 536.32 15.8 54.13 534.67 16.03 0.455 0x0000FF
51.4 537.59 15.35 52.49 536.32 15.8 0.455 0x0000FF
50.67 539.23 15.2 51.4 537.59 15.35 0.455 0x0000FF
50.01 543.26 14.82 50.67 539.23 15.2 0.365 0x0000FF
49.47 544.53 14.21 50.01 543.26 14.82 0.365 0x0000FF
48.74 545.99 13.76 49.47 544.53 14.21 0.365 0x0000FF
47.82 547.63 13.3 48.74 545.99 13.76 0.365 0x0000FF
46.18 550.0 12.92 47.82 547.63 13.3 0.365 0x0000FF
44.72 553.1 12.7 46.18 550.0 12.92 0.365 0x0000FF
43.44 555.83 12.24 44.72 553.1 12.7 0.365 0x0000FF
42.9 557.47 11.64 43.44 555.83 12.24 0.365 0x0000FF
42.35 558.75 11.1 42.9 557.47 11.64 0.365 0x0000FF
41.25 560.92 10.65 42.35 558.75 11.1 0.365 0x0000FF
40.15 562.57 10.03 41.25 560.92 10.65 0.365 0x0000FF
39.25 563.66 9.44 40.15 562.57 10.03 0.365 0x0000FF
38.52 565.29 8.44 39.25 563.66 9.44 0.365 0x0000FF
37.97 567.13 8.23 38.52 565.29 8.44 0.365 0x0000FF
83.14 499.51 27.77 83.14 496.96 27.69 0.455 0x0000FF
83.14 500.06 27.77 83.14 499.51 27.77 0.455 0x0000FF
83.14 501.33 27.85 83.14 500.06 27.77 0.455 0x0000FF
82.6 502.79 28.22 83.14 501.33 27.85 0.365 0x0000FF
82.05 503.52 28.53 82.6 502.79 28.22 0.365 0x0000FF
81.31 504.07 28.75 82.05 503.52 28.53 0.365 0x0000FF
79.86 505.34 29.51 81.31 504.07 28.75 0.365 0x0000FF
78.77 506.44 30.19 79.86 505.34 29.51 0.365 0x0000FF
78.22 506.8 30.72 78.77 506.44 30.19 0.365 0x0000FF
78.04 507.17 31.86 78.22 506.8 30.72 0.365 0x0000FF
77.48 507.53 32.61 78.04 507.17 31.86 0.365 0x0000FF
77.31 508.08 33.9 77.48 507.53 32.61 0.365 0x0000FF
76.2 510.44 36.03 77.31 508.08 33.9 0.365 0x0000FF
80.04 512.45 37.01 76.2 510.44 36.03 0.365 0x0000FF
80.41 513.36 36.47 80.04 512.45 37.01 0.365 0x0000FF
80.77 513.91 36.33 80.41 513.36 36.47 0.365 0x0000FF
81.68 515.54 37.92 80.77 513.91 36.33 0.365 0x0000FF
82.05 516.82 38.22 81.68 515.54 37.92 0.365 0x0000FF
82.41 518.64 38.83 82.05 516.82 38.22 0.365 0x0000FF
82.6 519.37 39.51 82.41 518.64 38.83 0.365 0x0000FF
82.78 520.65 39.89 82.6 519.37 39.51 0.365 0x0000FF
82.78 522.65 40.42 82.78 520.65 39.89 0.365 0x0000FF
72.56 510.81 36.18 76.2 510.44 36.03 0.365 0x0000FF
71.83 510.99 36.56 72.56 510.81 36.18 0.365 0x0000FF
70.73 511.54 36.78 71.83 510.99 36.56 0.365 0x0000FF
68.55 511.72 37.15 70.73 511.54 36.78 0.365 0x0000FF
67.09 512.08 37.39 68.55 511.72 37.15 0.365 0x0000FF
65.98 512.27 37.69 67.09 512.08 37.39 0.365 0x0000FF
64.9 512.63 38.22 65.98 512.27 37.69 0.365 0x0000FF
62.16 513.36 39.13 64.9 512.63 38.22 0.365 0x0000FF
61.07 513.91 39.74 62.16 513.36 39.13 0.365 0x0000FF
56.14 515.36 39.65 61.07 513.91 39.74 0.365 0x0000FF
53.77 516.28 40.19 56.14 515.36 39.65 0.365 0x0000FF
50.3 517.73 40.79 53.77 516.28 40.19 0.365 0x0000FF
47.57 519.37 41.56 50.3 517.73 40.79 0.365 0x0000FF
41.18 522.11 41.94 47.57 519.37 41.56 0.365 0x0000FF
37.35 523.38 42.54 41.18 522.11 41.94 0.365 0x0000FF
33.52 524.29 42.92 37.35 523.38 42.54 0.365 0x0000FF
30.96 524.66 43.37 33.52 524.29 42.92 0.365 0x0000FF
25.12 525.39 43.9 30.96 524.66 43.37 0.365 0x0000FF
63.05 145.05 -3.82 58.85 143.22 -4.42 0.82 0x0000FF
66.51 145.6 -3.74 63.05 145.05 -3.82 0.82 0x0000FF
68.34 146.69 -3.67 66.51 145.6 -3.74 0.82 0x0000FF
74.9 150.52 -3.59 68.34 146.69 -3.67 0.64 0x0000FF
79.65 151.25 -3.59 74.9 150.52 -3.59 0.64 0x0000FF
82.75 152.52 -3.51 79.65 151.25 -3.59 0.64 0x0000FF
92.24 157.62 -2.98 82.75 152.52 -3.51 0.545 0x0000FF
97.53 159.63 -2.91 92.24 157.62 -2.98 0.545 0x0000FF
105.37 160.54 -2.52 97.53 159.63 -2.91 0.545 0x0000FF
109.21 161.63 -2.38 105.37 160.54 -2.52 0.545 0x0000FF
114.5 163.44 -2.29 109.21 161.63 -2.38 0.545 0x0000FF
119.61 165.09 -2.15 114.5 163.44 -2.29 0.545 0x0000FF
122.71 167.1 -2.08 119.61 165.09 -2.15 0.545 0x0000FF
130.55 171.29 -1.7 122.71 167.1 -2.08 0.455 0x0000FF
135.11 171.84 -1.7 130.55 171.29 -1.7 0.455 0x0000FF
139.49 172.38 -1.55 135.11 171.84 -1.7 0.365 0x0000FF
140.77 173.29 -1.55 139.49 172.38 -1.55 0.365 0x0000FF
36.96 82.52 -12.68 35.69 82.16 -13.14 0.91 0x0000FF
37.69 83.07 -12.6 36.96 82.52 -12.68 0.91 0x0000FF
38.06 83.44 -12.45 37.69 83.07 -12.6 0.91 0x0000FF
38.97 84.35 -12.38 38.06 83.44 -12.45 0.82 0x0000FF
39.33 84.71 -12.15 38.97 84.35 -12.38 0.82 0x0000FF
39.7 84.71 -11.85 39.33 84.71 -12.15 0.82 0x0000FF
40.06 84.89 -11.85 39.7 84.71 -11.85 0.82 0x0000FF
41.52 84.89 -11.54 40.06 84.89 -11.85 0.82 0x0000FF
42.98 84.71 -11.54 41.52 84.89 -11.54 0.82 0x0000FF
45.17 83.8 -11.47 42.98 84.71 -11.54 0.64 0x0000FF
46.45 83.44 -11.24 45.17 83.8 -11.47 0.64 0x0000FF
47.36 83.44 -10.86 46.45 83.44 -11.24 0.64 0x0000FF
51.01 82.89 -10.71 47.36 83.44 -10.86 0.64 0x0000FF
53.2 81.98 -10.48 51.01 82.89 -10.71 0.64 0x0000FF
54.11 81.43 -10.33 53.2 81.98 -10.48 0.455 0x0000FF
58.49 80.16 -10.18 54.11 81.43 -10.33 0.455 0x0000FF
62.14 78.15 -10.11 58.49 80.16 -10.18 0.455 0x0000FF
65.06 74.87 -9.65 62.14 78.15 -10.11 0.455 0x0000FF
66.52 74.14 -9.57 65.06 74.87 -9.65 0.455 0x0000FF
67.98 73.78 -9.27 66.52 74.14 -9.57 0.455 0x0000FF
69.26 73.05 -9.03 67.98 73.78 -9.27 0.455 0x0000FF
71.63 72.5 -8.89 69.26 73.05 -9.03 0.455 0x0000FF
74.37 72.31 -8.44 71.63 72.5 -8.89 0.455 0x0000FF
76.37 72.14 -7.83 74.37 72.31 -8.44 0.455 0x0000FF
77.65 72.14 -7.3 76.37 72.14 -7.83 0.455 0x0000FF
81.3 71.23 -6.32 77.65 72.14 -7.3 0.455 0x0000FF
83.85 71.78 -5.64 81.3 71.23 -6.32 0.455 0x0000FF
85.39 70.08 -4.5 83.85 71.78 -5.64 0.365 0x0000FF
88.67 68.8 -4.2 85.39 70.08 -4.5 0.365 0x0000FF
90.68 67.34 -3.82 88.67 68.8 -4.2 0.365 0x0000FF
92.5 65.89 -3.59 90.68 67.34 -3.82 0.365 0x0000FF
93.96 64.43 -3.21 92.5 65.89 -3.59 0.365 0x0000FF
95.42 62.79 -2.91 93.96 64.43 -3.21 0.365 0x0000FF
96.88 61.33 -2.91 95.42 62.79 -2.91 0.365 0x0000FF
99.8 58.23 -2.38 96.88 61.33 -2.91 0.365 0x0000FF
102.9 57.14 -2.15 99.8 58.23 -2.38 0.365 0x0000FF
106.92 55.32 -1.85 102.9 57.14 -2.15 0.365 0x0000FF
111.66 53.5 -1.62 106.92 55.32 -1.85 0.365 0x0000FF
118.96 50.76 -1.39 111.66 53.5 -1.62 0.275 0x0000FF
125.71 47.85 -1.17 118.96 50.76 -1.39 0.275 0x0000FF
129.36 46.94 -0.86 125.71 47.85 -1.17 0.275 0x0000FF
138.85 45.66 -0.71 129.36 46.94 -0.86 0.275 0x0000FF
141.4 44.57 -0.33 138.85 45.66 -0.71 0.275 0x0000FF
143.22 42.93 -0.11 141.4 44.57 -0.33 0.275 0x0000FF
145.96 40.74 -0.11 143.22 42.93 -0.11 0.275 0x0000FF
147.41 39.47 -0.33 145.96 40.74 -0.11 0.275 0x0000FF
150.52 38.01 -0.56 147.41 39.47 -0.33 0.275 0x0000FF
154.54 35.82 -0.86 150.52 38.01 -0.56 0.275 0x0000FF
157.82 34.18 -3.29 154.54 35.82 -0.86 0.275 0x0000FF
159.46 32.72 -3.29 157.82 34.18 -3.29 0.275 0x0000FF
160.91 30.9 -3.29 159.46 32.72 -3.29 0.275 0x0000FF
163.11 29.26 -3.44 160.91 30.9 -3.29 0.275 0x0000FF
167.13 27.81 -3.59 163.11 29.26 -3.44 0.275 0x0000FF
171.32 27.62 -3.82 167.13 27.81 -3.59 0.275 0x0000FF
174.06 27.62 -3.89 171.32 27.62 -3.82 0.275 0x0000FF
178.26 27.26 -4.05 174.06 27.62 -3.89 0.275 0x0000FF
187.56 25.8 -1.92 178.26 27.26 -4.05 0.275 0x0000FF
90.06 73.59 -5.41 83.85 71.78 -5.64 0.365 0x0000FF
96.62 73.23 -2.0 90.06 73.59 -5.41 0.455 0x0000FF
100.64 74.51 -1.55 96.62 73.23 -2.0 0.455 0x0000FF
103.56 74.87 -1.32 100.64 74.51 -1.55 0.455 0x0000FF
111.22 75.05 -1.24 103.56 74.87 -1.32 0.455 0x0000FF
118.52 75.59 -1.09 111.22 75.05 -1.24 0.455 0x0000FF
128.91 78.33 -0.79 118.52 75.59 -1.09 0.455 0x0000FF
144.06 83.98 -0.79 128.91 78.33 -0.79 0.455 0x0000FF
166.14 98.92 -0.56 144.06 83.98 -0.79 0.455 0x0000FF
182.56 104.02 -0.41 166.14 98.92 -0.56 0.455 0x0000FF
189.75 107.06 -0.86 182.56 104.02 -0.41 0.365 0x0000FF
192.31 109.07 -0.86 189.75 107.06 -0.86 0.365 0x0000FF
194.68 110.34 -0.71 192.31 109.07 -0.86 0.365 0x0000FF
196.14 111.07 -0.71 194.68 110.34 -0.71 0.365 0x0000FF
197.6 112.16 -0.64 196.14 111.07 -0.71 0.365 0x0000FF
198.51 113.08 -0.18 197.6 112.16 -0.64 0.365 0x0000FF
200.15 114.53 0.05 198.51 113.08 -0.18 0.365 0x0000FF
202.52 116.9 0.2 200.15 114.53 0.05 0.365 0x0000FF
203.8 118.54 0.57 202.52 116.9 0.2 0.365 0x0000FF
206.9 121.82 1.11 203.8 118.54 0.57 0.365 0x0000FF
210.19 125.28 1.33 206.9 121.82 1.11 0.365 0x0000FF
213.11 127.65 1.79 210.19 125.28 1.33 0.365 0x0000FF
217.85 130.02 2.17 213.11 127.65 1.79 0.365 0x0000FF
222.59 131.47 2.39 217.85 130.02 2.17 0.365 0x0000FF
227.88 133.3 2.62 222.59 131.47 2.39 0.275 0x0000FF
230.62 134.03 2.92 227.88 133.3 2.62 0.275 0x0000FF
191.5 102.2 -0.41 182.56 104.02 -0.41 0.365 0x0000FF
198.07 100.93 -0.33 191.5 102.2 -0.41 0.365 0x0000FF
202.99 101.29 -0.26 198.07 100.93 -0.33 0.365 0x0000FF
204.64 101.66 -0.26 202.99 101.29 -0.26 0.365 0x0000FF
213.11 101.23 0.8 204.64 101.66 -0.26 0.365 0x0000FF
214.56 101.6 1.18 213.11 101.23 0.8 0.365 0x0000FF
214.93 101.6 1.41 214.56 101.6 1.18 0.365 0x0000FF
215.48 101.6 1.64 214.93 101.6 1.41 0.365 0x0000FF
216.75 101.41 2.54 215.48 101.6 1.64 0.365 0x0000FF
218.58 101.23 2.92 216.75 101.41 2.54 0.365 0x0000FF
219.86 101.23 3.0 218.58 101.23 2.92 0.365 0x0000FF
224.6 101.6 3.45 219.86 101.23 3.0 0.365 0x0000FF
226.79 101.41 4.13 224.6 101.6 3.45 0.365 0x0000FF
229.53 101.23 4.51 226.79 101.41 4.13 0.365 0x0000FF
232.45 101.05 4.82 229.53 101.23 4.51 0.365 0x0000FF
233.9 101.05 5.65 232.45 101.05 4.82 0.365 0x0000FF
234.82 101.05 6.03 233.9 101.05 5.65 0.365 0x0000FF
237.19 101.23 6.56 234.82 101.05 6.03 0.365 0x0000FF
239.56 101.41 7.54 237.19 101.23 6.56 0.365 0x0000FF
242.66 101.6 8.61 239.56 101.41 7.54 0.365 0x0000FF
253.06 103.05 9.14 242.66 101.6 8.61 0.365 0x0000FF
256.16 104.15 9.67 253.06 103.05 9.14 0.365 0x0000FF
261.82 105.97 9.82 256.16 104.15 9.67 0.365 0x0000FF
