13.59 6.49 -10.33 21.73 0.75 -13.62 1.095 0x0000FF
12.49 7.04 -9.8 13.59 6.49 -10.33 1.095 0x0000FF
11.4 7.76 -8.97 12.49 7.04 -9.8 1.095 0x0000FF
8.11 9.22 -7.15 11.4 7.76 -8.97 1.095 0x0000FF
6.84 9.59 -7.23 8.11 9.22 -7.15 1.095 0x0000FF
6.11 9.94 -7.83 6.84 9.59 -7.23 1.095 0x0000FF
3.19 13.59 -7.91 6.11 9.94 -7.83 0.455 0x0000FF
1.73 17.05 -7.3 3.19 13.59 -7.91 0.455 0x0000FF
0.81 21.07 -6.77 1.73 17.05 -7.3 0.365 0x0000FF
0.45 24.71 -6.47 0.81 21.07 -6.77 0.365 0x0000FF
-1.01 28.9 -6.17 0.45 24.71 -6.47 0.365 0x0000FF
-3.02 31.63 -7.15 -1.01 28.9 -6.17 0.365 0x0000FF
-6.85 35.82 -8.44 -3.02 31.63 -7.15 0.365 0x0000FF
-9.4 38.92 -8.97 -6.85 35.82 -8.44 0.365 0x0000FF
-10.86 42.38 -9.57 -9.4 38.92 -8.97 0.365 0x0000FF
-11.41 45.84 -10.48 -10.86 42.38 -9.57 0.365 0x0000FF
-11.04 48.94 -11.32 -11.41 45.84 -10.48 0.365 0x0000FF
-9.77 51.86 -12.0 -11.04 48.94 -11.32 0.365 0x0000FF
-7.21 52.95 -12.91 -9.77 51.86 -12.0 0.365 0x0000FF
-5.75 53.68 -13.29 -7.21 52.95 -12.91 0.365 0x0000FF
3.55 10.68 -7.83 6.11 9.94 -7.83 0.91 0x0000FF
1.0 11.59 -7.61 3.55 10.68 -7.83 0.73 0x0000FF
-1.19 12.14 -7.23 1.0 11.59 -7.61 0.73 0x0000FF
-5.21 12.68 -6.7 -1.19 12.14 -7.23 0.64 0x0000FF
-9.77 15.23 -6.09 -5.21 12.68 -6.7 0.545 0x0000FF
-10.68 15.6 -6.77 -9.77 15.23 -6.09 0.545 0x0000FF
-11.04 15.96 -7.23 -10.68 15.6 -6.77 0.545 0x0000FF
-12.87 16.14 -8.28 -11.04 15.96 -7.23 0.545 0x0000FF
-14.33 16.51 -8.74 -12.87 16.14 -8.28 0.545 0x0000FF
-18.89 16.51 -9.11 -14.33 16.51 -8.74 0.545 0x0000FF
-22.9 15.78 -9.42 -18.89 16.51 -9.11 0.545 0x0000FF
-25.09 15.42 -10.02 -22.9 15.78 -9.42 0.275 0x0000FF
-26.01 14.87 -11.54 -25.09 15.42 -10.02 0.275 0x0000FF
-27.1 14.69 -12.0 -26.01 14.87 -11.54 0.275 0x0000FF
-30.38 14.14 -13.21 -27.1 14.69 -12.0 0.275 0x0000FF
-31.84 14.32 -14.57 -30.38 14.14 -13.21 0.275 0x0000FF
-33.85 14.51 -16.23 -31.84 14.32 -14.57 0.275 0x0000FF
-34.4 14.69 -15.41 -33.85 14.51 -16.23 0.275 0x0000FF
-35.13 14.69 -11.7 -34.4 14.69 -15.41 0.275 0x0000FF
-36.4 15.78 -9.88 -35.13 14.69 -11.7 0.275 0x0000FF
-37.32 16.32 -9.27 -36.4 15.78 -9.88 0.275 0x0000FF
-26.19 13.05 -9.5 -22.9 15.78 -9.42 0.455 0x0000FF
-27.65 11.04 -9.8 -26.19 13.05 -9.5 0.455 0x0000FF
-28.56 10.13 -9.35 -27.65 11.04 -9.8 0.455 0x0000FF
-29.11 8.68 -8.74 -28.56 10.13 -9.35 0.455 0x0000FF
-30.38 6.67 -7.76 -29.11 8.68 -8.74 0.455 0x0000FF
-33.11 4.48 -6.7 -30.38 6.67 -7.76 0.365 0x0000FF
-35.13 3.57 -5.71 -33.11 4.48 -6.7 0.365 0x0000FF
-37.32 3.39 -4.12 -35.13 3.57 -5.71 0.365 0x0000FF
-39.51 3.39 -3.44 -37.32 3.39 -4.12 0.365 0x0000FF
-41.33 3.57 -2.23 -39.51 3.39 -3.44 0.365 0x0000FF
-44.07 2.12 -1.55 -41.33 3.57 -2.23 0.365 0x0000FF
-46.81 0.28 -0.33 -44.07 2.12 -1.55 0.365 0x0000FF
-49.18 -1.35 1.18 -46.81 0.28 -0.33 0.365 0x0000FF
-49.91 -2.44 1.79 -49.18 -1.35 1.18 0.365 0x0000FF
-51.55 -3.71 3.15 -49.91 -2.44 1.79 0.365 0x0000FF
-52.46 -4.99 4.29 -51.55 -3.71 3.15 0.365 0x0000FF
-54.83 -7.36 5.88 -52.46 -4.99 4.29 0.365 0x0000FF
-56.48 -8.82 6.26 -54.83 -7.36 5.88 0.365 0x0000FF
-57.02 -9.73 9.14 -56.48 -8.82 6.26 0.365 0x0000FF
-58.12 -10.46 10.35 -57.02 -9.73 9.14 0.365 0x0000FF
-58.48 -11.18 12.32 -58.12 -10.46 10.35 0.365 0x0000FF
-58.85 -11.73 13.68 -58.48 -11.18 12.32 0.365 0x0000FF
-59.39 -12.46 14.59 -58.85 -11.73 13.68 0.365 0x0000FF
-62.5 -13.19 16.03 -59.39 -12.46 14.59 0.365 0x0000FF
-64.5 -13.19 16.48 -62.5 -13.19 16.03 0.365 0x0000FF
-69.25 -11.91 17.7 -64.5 -13.19 16.48 0.275 0x0000FF
-70.7 -12.1 18.14 -69.25 -11.91 17.7 0.18 0x0000FF
15.41 7.58 -19.88 21.73 0.75 -13.62 1.095 0x0000FF
14.13 9.59 -20.1 15.41 7.58 -19.88 1.095 0x0000FF
12.49 10.86 -20.41 14.13 9.59 -20.1 1.095 0x0000FF
11.76 11.96 -21.32 12.49 10.86 -20.41 1.095 0x0000FF
8.48 13.59 -21.54 11.76 11.96 -21.32 0.91 0x0000FF
5.38 15.05 -22.53 8.48 13.59 -21.54 0.82 0x0000FF
4.28 15.78 -23.44 5.38 15.05 -22.53 0.82 0x0000FF
3.73 16.14 -24.5 4.28 15.78 -23.44 0.82 0x0000FF
2.46 16.87 -25.94 3.73 16.14 -24.5 0.82 0x0000FF
2.46 18.7 -25.1 2.46 16.87 -25.94 0.365 0x0000FF
3.0 20.52 -24.19 2.46 18.7 -25.1 0.365 0x0000FF
3.55 21.25 -24.88 3.0 20.52 -24.19 0.365 0x0000FF
4.28 21.98 -25.56 3.55 21.25 -24.88 0.365 0x0000FF
5.74 22.52 -26.62 4.28 21.98 -25.56 0.365 0x0000FF
6.65 22.89 -28.36 5.74 22.52 -26.62 0.365 0x0000FF
7.93 22.89 -29.19 6.65 22.89 -28.36 0.365 0x0000FF
9.02 22.89 -30.33 7.93 22.89 -29.19 0.365 0x0000FF
10.11 22.89 -32.15 9.02 22.89 -30.33 0.365 0x0000FF
11.4 22.34 -32.97 10.11 22.89 -32.15 0.365 0x0000FF
11.76 21.98 -34.04 11.4 22.34 -32.97 0.365 0x0000FF
12.13 21.07 -35.1 11.76 21.98 -34.04 0.365 0x0000FF
12.13 19.79 -36.84 12.13 21.07 -35.1 0.275 0x0000FF
12.13 19.05 -37.29 12.13 19.79 -36.84 0.275 0x0000FF
-0.65 18.32 -28.44 2.46 16.87 -25.94 0.73 0x0000FF
-2.65 20.14 -29.5 -0.65 18.32 -28.44 0.64 0x0000FF
-3.75 20.88 -30.33 -2.65 20.14 -29.5 0.64 0x0000FF
-4.66 21.98 -31.92 -3.75 20.88 -30.33 0.64 0x0000FF
-6.3 23.25 -32.83 -4.66 21.98 -31.92 0.64 0x0000FF
-7.94 24.71 -34.11 -6.3 23.25 -32.83 0.64 0x0000FF
-10.32 26.53 -35.25 -7.94 24.71 -34.11 0.455 0x0000FF
-11.96 27.99 -36.09 -10.32 26.53 -35.25 0.455 0x0000FF
-13.23 28.9 -37.29 -11.96 27.99 -36.09 0.455 0x0000FF
-14.88 30.54 -38.28 -13.23 28.9 -37.29 0.275 0x0000FF
-16.14 31.45 -38.97 -14.88 30.54 -38.28 0.275 0x0000FF
24.72 7.76 -19.73 21.73 0.75 -13.62 1.275 0x0000FF
25.63 9.22 -19.8 24.72 7.76 -19.73 1.275 0x0000FF
26.36 9.94 -20.41 25.63 9.22 -19.8 1.275 0x0000FF
26.91 10.86 -21.01 26.36 9.94 -20.41 1.275 0x0000FF
28.36 12.14 -21.92 26.91 10.86 -21.01 1.275 0x0000FF
29.28 13.41 -22.98 28.36 12.14 -21.92 1.185 0x0000FF
31.24 14.36 -22.76 29.28 13.41 -22.98 0.455 0x0000FF
32.89 14.17 -22.91 31.24 14.36 -22.76 0.455 0x0000FF
35.61 13.63 -23.21 32.89 14.17 -22.91 0.455 0x0000FF
36.9 13.26 -23.82 35.61 13.63 -23.21 0.455 0x0000FF
37.99 12.35 -24.35 36.9 13.26 -23.82 0.455 0x0000FF
38.72 11.8 -25.26 37.99 12.35 -24.35 0.455 0x0000FF
40.54 11.26 -26.09 38.72 11.8 -25.26 0.455 0x0000FF
42.37 10.71 -28.66 40.54 11.26 -26.09 0.455 0x0000FF
44.2 10.71 -29.72 42.37 10.71 -28.66 0.455 0x0000FF
45.47 10.53 -30.94 44.2 10.71 -29.72 0.455 0x0000FF
48.94 10.35 -33.06 45.47 10.53 -30.94 0.365 0x0000FF
51.31 10.16 -33.59 48.94 10.35 -33.06 0.365 0x0000FF
54.41 9.98 -34.04 51.31 10.16 -33.59 0.365 0x0000FF
29.28 16.69 -23.21 29.28 13.41 -22.98 1.095 0x0000FF
30.01 20.14 -23.89 29.28 16.69 -23.21 1.095 0x0000FF
30.01 23.25 -24.35 30.01 20.14 -23.89 1.095 0x0000FF
29.64 26.17 -24.5 30.01 23.25 -24.35 1.095 0x0000FF
29.46 27.81 -24.57 29.64 26.17 -24.5 1.095 0x0000FF
30.15 30.02 -24.42 29.46 27.81 -24.57 0.455 0x0000FF
30.33 30.94 -24.65 30.15 30.02 -24.42 0.455 0x0000FF
30.51 32.03 -25.1 30.33 30.94 -24.65 0.455 0x0000FF
30.15 32.94 -26.16 30.51 32.03 -25.1 0.455 0x0000FF
29.6 33.49 -28.06 30.15 32.94 -26.16 0.455 0x0000FF
28.69 34.03 -29.57 29.6 33.49 -28.06 0.455 0x0000FF
28.14 34.22 -31.09 28.69 34.03 -29.57 0.455 0x0000FF
27.05 34.4 -31.92 28.14 34.22 -31.09 0.455 0x0000FF
25.59 35.13 -33.13 27.05 34.4 -31.92 0.365 0x0000FF
25.04 35.67 -34.11 25.59 35.13 -33.13 0.365 0x0000FF
23.95 36.58 -36.77 25.04 35.67 -34.11 0.365 0x0000FF
23.4 36.95 -37.53 23.95 36.58 -36.77 0.365 0x0000FF
21.21 37.68 -38.65 23.4 36.95 -37.53 0.365 0x0000FF
19.2 38.04 -39.72 21.21 37.68 -38.65 0.365 0x0000FF
17.01 38.4 -40.86 19.2 38.04 -39.72 0.275 0x0000FF
27.82 29.63 -24.57 29.46 27.81 -24.57 0.82 0x0000FF
23.99 31.63 -24.88 27.82 29.63 -24.57 0.73 0x0000FF
21.98 34.0 -25.03 23.99 31.63 -24.88 0.73 0x0000FF
20.88 35.46 -24.27 21.98 34.0 -25.03 0.73 0x0000FF
18.69 37.65 -22.98 20.88 35.46 -24.27 0.545 0x0000FF
17.97 39.29 -22.45 18.69 37.65 -22.98 0.545 0x0000FF
17.97 41.47 -21.69 17.97 39.29 -22.45 0.545 0x0000FF
18.14 44.57 -21.24 17.97 41.47 -21.69 0.545 0x0000FF
19.23 47.48 -20.79 18.14 44.57 -21.24 0.545 0x0000FF
18.88 50.4 -20.18 19.23 47.48 -20.79 0.545 0x0000FF
18.69 51.86 -19.95 18.88 50.4 -20.18 0.545 0x0000FF
19.57 53.35 -19.57 18.69 51.86 -19.95 0.365 0x0000FF
20.3 55.9 -19.73 19.57 53.35 -19.57 0.365 0x0000FF
20.84 56.81 -19.12 20.3 55.9 -19.73 0.365 0x0000FF
21.21 57.72 -18.66 20.84 56.81 -19.12 0.365 0x0000FF
21.57 58.45 -17.82 21.21 57.72 -18.66 0.365 0x0000FF
21.94 59.54 -17.14 21.57 58.45 -17.82 0.365 0x0000FF
22.3 60.63 -16.77 21.94 59.54 -17.14 0.365 0x0000FF
23.22 62.09 -16.09 22.3 60.63 -16.77 0.365 0x0000FF
25.4 64.28 -15.18 23.22 62.09 -16.09 0.365 0x0000FF
28.32 66.65 -14.57 25.4 64.28 -15.18 0.365 0x0000FF
32.15 69.02 -14.12 28.32 66.65 -14.57 0.365 0x0000FF
35.26 70.84 -13.51 32.15 69.02 -14.12 0.365 0x0000FF
42.01 76.67 -13.29 35.26 70.84 -13.51 0.365 0x0000FF
44.74 80.31 -13.06 42.01 76.67 -13.29 0.365 0x0000FF
47.85 84.68 -12.23 44.74 80.31 -13.06 0.365 0x0000FF
50.4 87.6 -11.54 47.85 84.68 -12.23 0.365 0x0000FF
58.43 97.44 -10.71 50.4 87.6 -11.54 0.365 0x0000FF
61.35 100.17 -10.18 58.43 97.44 -10.71 0.365 0x0000FF
64.81 102.54 -8.97 61.35 100.17 -10.18 0.365 0x0000FF
68.45 104.73 -8.67 64.81 102.54 -8.97 0.365 0x0000FF
70.84 106.18 -8.14 68.45 104.73 -8.67 0.365 0x0000FF
72.11 108.01 -7.91 70.84 106.18 -8.14 0.365 0x0000FF
73.39 110.19 -7.15 72.11 108.01 -7.91 0.365 0x0000FF
74.12 111.65 -6.47 73.39 110.19 -7.15 0.365 0x0000FF
76.31 113.84 -6.01 74.12 111.65 -6.47 0.365 0x0000FF
78.86 114.75 -5.33 76.31 113.84 -6.01 0.365 0x0000FF
83.06 115.84 -4.42 78.86 114.75 -5.33 0.365 0x0000FF
87.44 116.93 -3.67 83.06 115.84 -4.42 0.365 0x0000FF
89.99 116.93 -2.68 87.44 116.93 -3.67 0.365 0x0000FF
91.27 116.93 -2.45 89.99 116.93 -2.68 0.275 0x0000FF
13.4 58.6 -19.64 18.69 51.86 -19.95 0.545 0x0000FF
11.21 63.34 -19.2 13.4 58.6 -19.64 0.545 0x0000FF
9.75 68.25 -18.89 11.21 63.34 -19.2 0.545 0x0000FF
6.65 74.63 -18.51 9.75 68.25 -18.89 0.545 0x0000FF
3.55 78.45 -18.05 6.65 74.63 -18.51 0.545 0x0000FF
1.18 81.01 -17.82 3.55 78.45 -18.05 0.545 0x0000FF
-0.32 85.41 -17.6 1.18 81.01 -17.82 0.455 0x0000FF
-1.05 88.15 -17.14 -0.32 85.41 -17.6 0.455 0x0000FF
-1.6 89.79 -16.54 -1.05 88.15 -17.14 0.455 0x0000FF
-2.5 91.43 -16.39 -1.6 89.79 -16.54 0.455 0x0000FF
-5.05 93.98 -15.94 -2.5 91.43 -16.39 0.455 0x0000FF
-9.63 94.89 -15.33 -5.05 93.98 -15.94 0.455 0x0000FF
-11.45 96.16 -15.1 -9.63 94.89 -15.33 0.455 0x0000FF
-12.73 97.98 -14.8 -11.45 96.16 -15.1 0.455 0x0000FF
-13.82 100.54 -14.5 -12.73 97.98 -14.8 0.455 0x0000FF
-14.19 104.18 -13.97 -13.82 100.54 -14.5 0.455 0x0000FF
-14.0 107.09 -13.67 -14.19 104.18 -13.97 0.455 0x0000FF
-13.28 109.28 -13.21 -14.0 107.09 -13.67 0.455 0x0000FF
-12.55 112.38 -12.91 -13.28 109.28 -13.21 0.455 0x0000FF
-12.36 117.48 -12.98 -12.55 112.38 -12.91 0.365 0x0000FF
-12.0 118.57 -13.36 -12.36 117.48 -12.98 0.365 0x0000FF
-11.63 119.3 -13.36 -12.0 118.57 -13.36 0.365 0x0000FF
-11.27 121.12 -12.3 -11.63 119.3 -13.36 0.365 0x0000FF
-10.72 122.76 -12.0 -11.27 121.12 -12.3 0.365 0x0000FF
-10.54 123.86 -11.01 -10.72 122.76 -12.0 0.365 0x0000FF
-10.17 125.13 -10.48 -10.54 123.86 -11.01 0.365 0x0000FF
-10.17 126.95 -9.42 -10.17 125.13 -10.48 0.365 0x0000FF
-10.54 128.96 -8.67 -10.17 126.95 -9.42 0.365 0x0000FF
-10.9 131.51 -8.21 -10.54 128.96 -8.67 0.365 0x0000FF
-11.45 133.33 -8.06 -10.9 131.51 -8.21 0.365 0x0000FF
-11.82 135.88 -7.68 -11.45 133.33 -8.06 0.275 0x0000FF
-14.92 114.2 -12.76 -12.55 112.38 -12.91 0.365 0x0000FF
-16.55 114.2 -12.23 -14.92 114.2 -12.76 0.365 0x0000FF
-18.57 114.93 -12.0 -16.55 114.2 -12.23 0.365 0x0000FF
-19.3 116.75 -11.62 -18.57 114.93 -12.0 0.365 0x0000FF
-19.3 120.4 -11.39 -19.3 116.75 -11.62 0.365 0x0000FF
-17.64 124.04 -11.09 -19.3 120.4 -11.39 0.365 0x0000FF
-16.92 127.14 -11.01 -17.64 124.04 -11.09 0.365 0x0000FF
29.42 0.14 -17.23 21.73 0.75 -13.62 1.825 0x0000FF
30.33 0.51 -17.23 29.42 0.14 -17.23 1.825 0x0000FF
32.7 0.33 -17.45 30.33 0.51 -17.23 1.825 0x0000FF
33.25 0.14 -18.97 32.7 0.33 -17.45 1.825 0x0000FF
34.53 -0.4 -19.64 33.25 0.14 -18.97 1.825 0x0000FF
35.44 -1.31 -20.48 34.53 -0.4 -19.64 0.82 0x0000FF
36.17 -1.31 -20.03 35.44 -1.31 -20.48 0.82 0x0000FF
36.53 -1.68 -19.57 36.17 -1.31 -20.03 0.82 0x0000FF
37.63 -2.41 -18.66 36.53 -1.68 -19.57 0.545 0x0000FF
38.36 -3.32 -18.29 37.63 -2.41 -18.66 0.545 0x0000FF
39.51 -5.27 -15.94 38.36 -3.32 -18.29 0.455 0x0000FF
40.04 -6.91 -16.17 39.51 -5.27 -15.94 0.455 0x0000FF
40.24 -8.55 -16.39 40.04 -6.91 -16.17 0.455 0x0000FF
40.24 -10.92 -16.62 40.24 -8.55 -16.39 0.455 0x0000FF
40.6 -13.47 -16.92 40.24 -10.92 -16.62 0.455 0x0000FF
40.78 -14.2 -15.86 40.6 -13.47 -16.92 0.455 0x0000FF
40.97 -15.65 -14.12 40.78 -14.2 -15.86 0.455 0x0000FF
41.33 -17.11 -13.89 40.97 -15.65 -14.12 0.365 0x0000FF
41.33 -18.21 -13.67 41.33 -17.11 -13.89 0.365 0x0000FF
42.06 -20.21 -13.29 41.33 -18.21 -13.67 0.365 0x0000FF
43.7 -22.4 -13.14 42.06 -20.21 -13.29 0.365 0x0000FF
44.98 -24.4 -13.14 43.7 -22.4 -13.14 0.365 0x0000FF
48.08 -26.95 -12.98 44.98 -24.4 -13.14 0.275 0x0000FF
36.9 -0.04 -20.48 34.53 -0.4 -19.64 0.82 0x0000FF
39.27 0.87 -20.71 36.9 -0.04 -20.48 0.82 0x0000FF
40.0 1.05 -21.09 39.27 0.87 -20.71 0.82 0x0000FF
40.72 1.6 -22.0 40.0 1.05 -21.09 0.82 0x0000FF
42.19 2.69 -22.68 40.72 1.6 -22.0 0.82 0x0000FF
44.56 4.33 -23.74 42.19 2.69 -22.68 0.82 0x0000FF
46.39 5.61 -24.27 44.56 4.33 -23.74 0.82 0x0000FF
47.66 7.07 -25.26 46.39 5.61 -24.27 0.82 0x0000FF
49.85 9.25 -26.16 47.66 7.07 -25.26 0.82 0x0000FF
52.77 12.17 -27.38 49.85 9.25 -26.16 0.73 0x0000FF
54.78 13.99 -28.59 52.77 12.17 -27.38 0.73 0x0000FF
57.7 16.54 -29.5 54.78 13.99 -28.59 0.64 0x0000FF
61.9 24.19 -30.1 57.7 16.54 -29.5 0.64 0x0000FF
63.54 26.74 -30.78 61.9 24.19 -30.1 0.64 0x0000FF
65.54 28.57 -31.54 63.54 26.74 -30.78 0.64 0x0000FF
67.55 30.75 -33.13 65.54 28.57 -31.54 0.64 0x0000FF
69.56 34.4 -34.88 67.55 30.75 -33.13 0.545 0x0000FF
70.11 36.77 -35.63 69.56 34.4 -34.88 0.545 0x0000FF
70.65 38.95 -36.84 70.11 36.77 -35.63 0.545 0x0000FF
71.2 42.41 -37.97 70.65 38.95 -36.84 0.455 0x0000FF
72.11 44.24 -38.59 71.2 42.41 -37.97 0.455 0x0000FF
73.03 45.88 -39.79 72.11 44.24 -38.59 0.455 0x0000FF
73.75 47.7 -41.09 73.03 45.88 -39.79 0.365 0x0000FF
74.67 49.16 -41.47 73.75 47.7 -41.09 0.365 0x0000FF
75.2 50.25 -41.77 74.67 49.16 -41.47 0.365 0x0000FF
22.99 -10.75 -3.44 21.73 0.75 -13.62 2.465 0x0000FF
22.81 -13.12 -3.82 22.99 -10.75 -3.44 2.465 0x0000FF
23.35 -14.58 -4.05 22.81 -13.12 -3.82 2.1 0x0000FF
23.54 -17.48 -4.42 23.35 -14.58 -4.05 2.1 0x0000FF
23.54 -20.22 -4.58 23.54 -17.48 -4.42 2.1 0x0000FF
23.54 -22.05 -5.41 23.54 -20.22 -4.58 2.1 0x0000FF
23.72 -25.33 -5.64 23.54 -22.05 -5.41 2.1 0x0000FF
23.72 -25.69 -5.03 23.72 -25.33 -5.64 2.1 0x0000FF
24.08 -27.51 -4.8 23.72 -25.69 -5.03 1.825 0x0000FF
24.08 -27.69 -3.82 24.08 -27.51 -4.8 1.825 0x0000FF
23.9 -27.88 -3.44 24.08 -27.69 -3.82 1.825 0x0000FF
24.08 -28.61 -2.83 23.9 -27.88 -3.44 1.825 0x0000FF
24.45 -30.06 -2.23 24.08 -28.61 -2.83 1.825 0x0000FF
25.54 -36.26 -1.47 24.45 -30.06 -2.23 1.825 0x0000FF
25.73 -38.63 -1.02 25.54 -36.26 -1.47 1.825 0x0000FF
25.73 -39.54 -0.71 25.73 -38.63 -1.02 1.64 0x0000FF
25.73 -40.27 -0.33 25.73 -39.54 -0.71 1.64 0x0000FF
25.91 -42.09 0.35 25.73 -40.27 -0.33 1.37 0x0000FF
25.91 -44.09 0.65 25.91 -42.09 0.35 1.37 0x0000FF
26.09 -45.73 1.03 25.91 -44.09 0.65 1.37 0x0000FF
25.91 -47.37 1.11 26.09 -45.73 1.03 1.37 0x0000FF
26.64 -50.47 1.56 25.91 -47.37 1.11 1.37 0x0000FF
27.92 -53.57 1.94 26.64 -50.47 1.56 1.37 0x0000FF
28.46 -55.02 2.24 27.92 -53.57 1.94 1.37 0x0000FF
28.65 -55.39 2.7 28.46 -55.02 2.24 1.37 0x0000FF
28.83 -55.94 2.62 28.65 -55.39 2.7 1.37 0x0000FF
28.83 -56.3 1.64 28.83 -55.94 2.62 1.37 0x0000FF
29.19 -57.21 0.73 28.83 -56.3 1.64 1.37 0x0000FF
29.92 -61.22 1.48 29.19 -57.21 0.73 1.185 0x0000FF
30.1 -63.95 1.94 29.92 -61.22 1.48 1.185 0x0000FF
30.1 -66.87 2.47 30.1 -63.95 1.94 1.185 0x0000FF
30.65 -70.69 2.92 30.1 -66.87 2.47 1.185 0x0000FF
31.38 -72.88 3.3 30.65 -70.69 2.92 1.185 0x0000FF
32.29 -75.06 3.91 31.38 -72.88 3.3 1.185 0x0000FF
34.11 -79.98 4.88 32.29 -75.06 3.91 1.095 0x0000FF
35.58 -83.27 5.42 34.11 -79.98 4.88 1.095 0x0000FF
36.49 -86.36 5.58 35.58 -83.27 5.42 1.095 0x0000FF
37.04 -90.01 6.18 36.49 -86.36 5.58 1.095 0x0000FF
37.4 -92.74 6.94 37.04 -90.01 6.18 1.095 0x0000FF
37.77 -95.29 7.7 37.4 -92.74 6.94 1.095 0x0000FF
37.95 -98.39 8.38 37.77 -95.29 7.7 1.095 0x0000FF
38.13 -100.76 8.83 37.95 -98.39 8.38 1.095 0x0000FF
38.5 -104.04 10.03 38.13 -100.76 8.83 1.095 0x0000FF
39.22 -105.31 10.27 38.5 -104.04 10.03 1.005 0x0000FF
39.96 -106.22 10.88 39.22 -105.31 10.27 1.005 0x0000FF
40.5 -107.32 11.71 39.96 -106.22 10.88 1.005 0x0000FF
41.05 -109.14 12.09 40.5 -107.32 11.71 1.005 0x0000FF
41.42 -110.96 12.85 41.05 -109.14 12.09 1.005 0x0000FF
41.78 -113.87 13.83 41.42 -110.96 12.85 1.005 0x0000FF
42.69 -117.88 14.59 41.78 -113.87 13.83 1.005 0x0000FF
43.42 -123.9 15.57 42.69 -117.88 14.59 1.005 0x0000FF
44.15 -127.18 16.18 43.42 -123.9 15.57 1.005 0x0000FF
44.52 -129.72 16.71 44.15 -127.18 16.18 1.005 0x0000FF
44.6 -135.19 17.7 44.52 -129.72 16.71 1.005 0x0000FF
45.15 -137.21 17.77 44.6 -135.19 17.7 1.005 0x0000FF
45.33 -139.76 18.91 45.15 -137.21 17.77 1.005 0x0000FF
45.52 -140.85 19.82 45.33 -139.76 18.91 1.005 0x0000FF
46.25 -143.04 19.05 45.52 -140.85 19.82 0.91 0x0000FF
46.61 -144.31 18.98 46.25 -143.04 19.05 0.91 0x0000FF
47.16 -145.77 20.27 46.61 -144.31 18.98 0.91 0x0000FF
48.07 -148.13 21.26 47.16 -145.77 20.27 0.91 0x0000FF
48.25 -149.22 21.86 48.07 -148.13 21.26 0.91 0x0000FF
48.62 -150.87 22.77 48.25 -149.22 21.86 0.91 0x0000FF
48.98 -153.97 23.76 48.62 -150.87 22.77 0.91 0x0000FF
49.16 -156.88 24.36 48.98 -153.97 23.76 0.91 0x0000FF
50.08 -159.43 25.42 49.16 -156.88 24.36 0.91 0x0000FF
51.54 -163.08 26.18 50.08 -159.43 25.42 0.82 0x0000FF
51.72 -164.72 26.63 51.54 -163.08 26.18 0.82 0x0000FF
52.27 -166.72 27.16 51.72 -164.72 26.63 0.82 0x0000FF
52.81 -169.45 27.39 52.27 -166.72 27.16 0.82 0x0000FF
53.54 -172.55 27.77 52.81 -169.45 27.39 0.73 0x0000FF
55.37 -175.83 27.62 53.54 -172.55 27.77 0.64 0x0000FF
56.46 -178.75 28.07 55.37 -175.83 27.62 0.64 0x0000FF
56.65 -180.02 28.45 56.46 -178.75 28.07 0.64 0x0000FF
57.19 -183.48 30.88 56.65 -180.02 28.45 0.64 0x0000FF
57.19 -185.12 31.56 57.19 -183.48 30.88 0.64 0x0000FF
57.56 -186.03 32.31 57.19 -185.12 31.56 0.64 0x0000FF
57.92 -188.59 33.22 57.56 -186.03 32.31 0.64 0x0000FF
58.29 -189.86 33.83 57.92 -188.59 33.22 0.64 0x0000FF
59.38 -193.14 34.59 58.29 -189.86 33.83 0.64 0x0000FF
60.48 -196.24 35.04 59.38 -193.14 34.59 0.64 0x0000FF
62.48 -202.61 35.5 60.48 -196.24 35.04 0.64 0x0000FF
63.21 -207.9 36.18 62.48 -202.61 35.5 0.64 0x0000FF
65.04 -215.55 36.86 63.21 -207.9 36.18 0.64 0x0000FF
66.13 -220.11 37.15 65.04 -215.55 36.86 0.64 0x0000FF
66.5 -222.66 37.39 66.13 -220.11 37.15 0.64 0x0000FF
67.05 -225.9 38.29 66.5 -222.66 37.39 0.64 0x0000FF
67.23 -228.27 38.6 67.05 -225.9 38.29 0.64 0x0000FF
68.15 -232.1 39.36 67.23 -228.27 38.6 0.64 0x0000FF
68.69 -234.28 39.81 68.15 -232.1 39.36 0.64 0x0000FF
69.61 -237.75 40.34 68.69 -234.28 39.81 0.64 0x0000FF
70.34 -240.66 41.03 69.61 -237.75 40.34 0.64 0x0000FF
71.06 -243.94 41.71 70.34 -240.66 41.03 0.64 0x0000FF
71.98 -247.22 42.62 71.06 -243.94 41.71 0.64 0x0000FF
72.7 -249.77 43.3 71.98 -247.22 42.62 0.64 0x0000FF
74.7 -253.96 44.13 72.7 -249.77 43.3 0.64 0x0000FF
75.63 -256.7 44.51 74.7 -253.96 44.13 0.64 0x0000FF
76.72 -259.06 45.42 75.63 -256.7 44.51 0.64 0x0000FF
77.81 -261.98 46.71 76.72 -259.06 45.42 0.64 0x0000FF
79.64 -267.26 47.39 77.81 -261.98 46.71 0.64 0x0000FF
80.37 -270.0 48.0 79.64 -267.26 47.39 0.64 0x0000FF
80.92 -274.0 48.75 80.37 -270.0 48.0 0.64 0x0000FF
82.38 -280.56 50.12 80.92 -274.0 48.75 0.64 0x0000FF
82.38 -286.39 50.34 82.38 -280.56 50.12 0.64 0x0000FF
82.92 -294.41 50.87 82.38 -286.39 50.34 0.64 0x0000FF
83.65 -300.24 51.48 82.92 -294.41 50.87 0.64 0x0000FF
83.84 -306.25 52.09 83.65 -300.24 51.48 0.64 0x0000FF
83.84 -310.08 52.77 83.84 -306.25 52.09 0.64 0x0000FF
83.34 -313.38 55.27 83.84 -310.08 52.77 0.64 0x0000FF
83.95 -315.79 57.31 83.34 -313.38 55.27 0.365 0x0000FF
84.31 -317.98 57.46 83.95 -315.79 57.31 0.365 0x0000FF
84.86 -320.89 57.99 84.31 -317.98 57.46 0.365 0x0000FF
85.77 -321.8 57.69 84.86 -320.89 57.99 0.275 0x0000FF
86.13 -322.17 57.99 85.77 -321.8 57.69 0.275 0x0000FF
86.86 -322.7 58.6 86.13 -322.17 57.99 0.275 0x0000FF
87.23 -323.08 59.51 86.86 -322.7 58.6 0.275 0x0000FF
87.59 -323.62 60.65 87.23 -323.08 59.51 0.275 0x0000FF
87.96 -323.99 61.71 87.59 -323.62 60.65 0.275 0x0000FF
88.14 -324.72 62.77 87.96 -323.99 61.71 0.275 0x0000FF
88.32 -325.99 63.45 88.14 -324.72 62.77 0.275 0x0000FF
88.51 -327.27 64.43 88.32 -325.99 63.45 0.275 0x0000FF
88.87 -328.54 64.95 88.51 -327.27 64.43 0.275 0x0000FF
89.24 -330.36 65.48 88.87 -328.54 64.95 0.275 0x0000FF
89.6 -331.28 66.09 89.24 -330.36 65.48 0.275 0x0000FF
90.15 -332.55 66.55 89.6 -331.28 66.09 0.275 0x0000FF
91.43 -333.83 67.61 90.15 -332.55 66.55 0.275 0x0000FF
93.25 -335.83 68.14 91.43 -333.83 67.61 0.275 0x0000FF
95.44 -336.56 69.2 93.25 -335.83 68.14 0.275 0x0000FF
98.72 -338.38 70.19 95.44 -336.56 69.2 0.275 0x0000FF
100.73 -340.02 71.02 98.72 -338.38 70.19 0.275 0x0000FF
102.19 -342.03 72.01 100.73 -340.02 71.02 0.275 0x0000FF
102.92 -342.75 73.3 102.19 -342.03 72.01 0.275 0x0000FF
103.65 -343.67 74.58 102.92 -342.75 73.3 0.275 0x0000FF
104.93 -344.76 75.48 103.65 -343.67 74.58 0.275 0x0000FF
106.02 -345.67 76.55 104.93 -344.76 75.48 0.275 0x0000FF
85.77 -326.54 59.66 84.86 -320.89 57.99 0.275 0x0000FF
85.59 -327.63 60.04 85.77 -326.54 59.66 0.275 0x0000FF
85.59 -329.09 60.42 85.59 -327.63 60.04 0.275 0x0000FF
85.22 -330.73 60.72 85.59 -329.09 60.42 0.275 0x0000FF
84.49 -332.37 61.25 85.22 -330.73 60.72 0.275 0x0000FF
83.95 -333.64 61.55 84.49 -332.37 61.25 0.275 0x0000FF
83.95 -334.37 62.01 83.95 -333.64 61.55 0.275 0x0000FF
84.31 -335.83 62.31 83.95 -334.37 62.01 0.275 0x0000FF
84.49 -337.29 62.69 84.31 -335.83 62.31 0.275 0x0000FF
84.67 -338.56 62.99 84.49 -337.29 62.69 0.275 0x0000FF
84.67 -339.47 63.37 84.67 -338.56 62.99 0.275 0x0000FF
84.49 -340.39 64.43 84.67 -339.47 63.37 0.275 0x0000FF
84.49 -341.3 65.04 84.49 -340.39 64.43 0.275 0x0000FF
84.49 -342.57 65.64 84.49 -341.3 65.04 0.275 0x0000FF
84.49 -343.85 66.09 84.49 -342.57 65.64 0.275 0x0000FF
84.49 -344.94 66.48 84.49 -343.85 66.09 0.275 0x0000FF
84.67 -345.67 67.61 84.49 -344.94 66.48 0.275 0x0000FF
84.86 -346.94 68.45 84.67 -345.67 67.61 0.275 0x0000FF
85.4 -348.22 69.2 84.86 -346.94 68.45 0.275 0x0000FF
86.68 -351.14 70.34 85.4 -348.22 69.2 0.275 0x0000FF
87.05 -353.69 71.02 86.68 -351.14 70.34 0.275 0x0000FF
88.14 -357.51 72.16 87.05 -353.69 71.02 0.275 0x0000FF
89.05 -360.43 72.77 88.14 -357.51 72.16 0.275 0x0000FF
89.24 -362.61 73.45 89.05 -360.43 72.77 0.275 0x0000FF
89.42 -363.71 74.13 89.24 -362.61 73.45 0.275 0x0000FF
89.78 -365.53 75.48 89.42 -363.71 74.13 0.275 0x0000FF
90.33 -366.99 76.33 89.78 -365.53 75.48 0.275 0x0000FF
91.24 -370.27 76.93 90.33 -366.99 76.33 0.275 0x0000FF
91.61 -373.36 77.54 91.24 -370.27 76.93 0.275 0x0000FF
92.34 -376.46 78.59 91.61 -373.36 77.54 0.275 0x0000FF
92.52 -378.28 79.36 92.34 -376.46 78.59 0.275 0x0000FF
93.25 -381.02 81.4 92.52 -378.28 79.36 0.275 0x0000FF
93.62 -381.74 81.78 93.25 -381.02 81.4 0.275 0x0000FF
93.8 -384.11 83.52 93.62 -381.74 81.78 0.275 0x0000FF
80.97 -318.11 55.49 83.34 -313.38 55.27 0.545 0x0000FF
79.69 -323.22 55.72 80.97 -318.11 55.49 0.545 0x0000FF
79.51 -326.68 56.02 79.69 -323.22 55.72 0.545 0x0000FF
78.42 -332.33 56.1 79.51 -326.68 56.02 0.545 0x0000FF
78.23 -332.87 56.4 78.42 -332.33 56.1 0.545 0x0000FF
77.87 -335.61 55.65 78.23 -332.87 56.4 0.545 0x0000FF
77.51 -339.07 55.04 77.87 -335.61 55.65 0.545 0x0000FF
76.78 -342.89 53.9 77.51 -339.07 55.04 0.545 0x0000FF
76.41 -345.26 53.37 76.78 -342.89 53.9 0.545 0x0000FF
75.86 -349.09 52.31 76.41 -345.26 53.37 0.545 0x0000FF
75.86 -351.27 51.4 75.86 -349.09 52.31 0.545 0x0000FF
75.68 -354.01 50.34 75.86 -351.27 51.4 0.545 0x0000FF
74.4 -358.38 49.43 75.68 -354.01 50.34 0.455 0x0000FF
74.59 -360.2 48.9 74.4 -358.38 49.43 0.455 0x0000FF
74.59 -362.02 47.24 74.59 -360.2 48.9 0.455 0x0000FF
74.22 -363.85 45.57 74.59 -362.02 47.24 0.455 0x0000FF
74.59 -365.85 44.43 74.22 -363.85 45.57 0.365 0x0000FF
74.77 -368.22 43.9 74.59 -365.85 44.43 0.365 0x0000FF
74.77 -370.41 42.92 74.77 -368.22 43.9 0.365 0x0000FF
74.4 -373.32 42.16 74.77 -370.41 42.92 0.365 0x0000FF
74.4 -374.96 41.03 74.4 -373.32 42.16 0.365 0x0000FF
75.55 -377.37 41.71 74.4 -374.96 41.03 0.365 0x0000FF
76.28 -378.28 42.31 75.55 -377.37 41.71 0.365 0x0000FF
76.83 -379.19 41.48 76.28 -378.28 42.31 0.365 0x0000FF
77.38 -381.74 39.97 76.83 -379.19 41.48 0.365 0x0000FF
77.38 -383.38 39.59 77.38 -381.74 39.97 0.275 0x0000FF
78.65 -385.39 38.45 77.38 -383.38 39.59 0.275 0x0000FF
79.2 -386.48 37.54 78.65 -385.39 38.45 0.275 0x0000FF
79.75 -387.58 36.4 79.2 -386.48 37.54 0.275 0x0000FF
79.93 -388.12 34.97 79.75 -387.58 36.4 0.275 0x0000FF
80.66 -389.76 33.83 79.93 -388.12 34.97 0.275 0x0000FF
81.2 -391.04 32.31 80.66 -389.76 33.83 0.275 0x0000FF
82.12 -392.86 31.71 81.2 -391.04 32.31 0.275 0x0000FF
83.4 -395.77 29.66 82.12 -392.86 31.71 0.275 0x0000FF
83.95 -397.41 28.75 83.4 -395.77 29.66 0.275 0x0000FF
84.67 -400.33 26.03 83.95 -397.41 28.75 0.275 0x0000FF
85.4 -404.34 25.35 84.67 -400.33 26.03 0.275 0x0000FF
86.32 -406.52 23.53 85.4 -404.34 25.35 0.275 0x0000FF
86.68 -407.98 22.69 86.32 -406.52 23.53 0.275 0x0000FF
87.23 -409.07 20.65 86.68 -407.98 22.69 0.275 0x0000FF
88.51 -410.53 19.21 87.23 -409.07 20.65 0.275 0x0000FF
90.51 -412.72 18.07 88.51 -410.53 19.21 0.18 0x0000FF
94.16 -415.27 17.01 90.51 -412.72 18.07 0.18 0x0000FF
72.2 -378.97 40.72 74.4 -374.96 41.03 0.275 0x0000FF
68.56 -381.16 40.42 72.2 -378.97 40.72 0.275 0x0000FF
65.45 -383.16 40.19 68.56 -381.16 40.42 0.275 0x0000FF
63.46 -385.35 39.74 65.45 -383.16 40.19 0.275 0x0000FF
63.09 -387.17 39.36 63.46 -385.35 39.74 0.275 0x0000FF
62.54 -388.99 38.29 63.09 -387.17 39.36 0.275 0x0000FF
61.81 -391.54 38.22 62.54 -388.99 38.29 0.275 0x0000FF
62.0 -393.36 37.84 61.81 -391.54 38.22 0.275 0x0000FF
61.32 -397.41 36.94 62.0 -393.36 37.84 0.275 0x0000FF
60.96 -399.05 36.03 61.32 -397.41 36.94 0.275 0x0000FF
60.59 -402.52 35.5 60.96 -399.05 36.03 0.275 0x0000FF
60.59 -402.7 34.89 60.59 -402.52 35.5 0.275 0x0000FF
60.59 -403.43 33.75 60.59 -402.7 34.89 0.275 0x0000FF
60.41 -404.16 32.47 60.59 -403.43 33.75 0.275 0x0000FF
60.04 -405.43 31.71 60.41 -404.16 32.47 0.275 0x0000FF
59.68 -406.52 30.95 60.04 -405.43 31.71 0.275 0x0000FF
59.68 -408.16 29.44 59.68 -406.52 30.95 0.275 0x0000FF
59.5 -408.53 28.3 59.68 -408.16 29.44 0.275 0x0000FF
59.13 -409.62 26.94 59.5 -408.53 28.3 0.275 0x0000FF
58.95 -410.53 24.89 59.13 -409.62 26.94 0.275 0x0000FF
58.4 -411.99 23.68 58.95 -410.53 24.89 0.275 0x0000FF
57.31 -414.18 22.54 58.4 -411.99 23.68 0.275 0x0000FF
56.39 -415.82 20.88 57.31 -414.18 22.54 0.275 0x0000FF
55.48 -419.64 20.19 56.39 -415.82 20.88 0.275 0x0000FF
58.17 -398.1 37.24 62.0 -393.36 37.84 0.275 0x0000FF
54.52 -402.47 36.94 58.17 -398.1 37.24 0.275 0x0000FF
51.78 -405.75 36.71 54.52 -402.47 36.94 0.275 0x0000FF
50.14 -407.03 36.25 51.78 -405.75 36.71 0.275 0x0000FF
39.97 -415.82 35.79 50.14 -407.03 36.25 0.275 0x0000FF
37.04 -419.1 38.45 39.97 -415.82 35.79 0.275 0x0000FF
35.78 -420.37 39.65 37.04 -419.1 38.45 0.275 0x0000FF
34.68 -422.74 40.72 35.78 -420.37 39.65 0.275 0x0000FF
32.49 -426.75 41.94 34.68 -422.74 40.72 0.275 0x0000FF
30.12 -431.12 42.77 32.49 -426.75 41.94 0.275 0x0000FF
25.38 -436.77 43.45 30.12 -431.12 42.77 0.275 0x0000FF
19.17 -443.51 44.36 25.38 -436.77 43.45 0.275 0x0000FF
45.15 -143.22 21.03 45.52 -140.85 19.82 0.64 0x0000FF
43.87 -145.4 22.01 45.15 -143.22 21.03 0.64 0x0000FF
42.78 -147.04 22.62 43.87 -145.4 22.01 0.545 0x0000FF
40.77 -148.32 23.6 42.78 -147.04 22.62 0.545 0x0000FF
38.22 -149.78 23.76 40.77 -148.32 23.6 0.545 0x0000FF
32.74 -153.97 24.06 38.22 -149.78 23.76 0.545 0x0000FF
29.46 -158.69 25.12 32.74 -153.97 24.06 0.455 0x0000FF
28.0 -160.88 25.27 29.46 -158.69 25.12 0.455 0x0000FF
22.89 -165.63 25.95 28.0 -160.88 25.27 0.455 0x0000FF
22.34 -166.36 26.25 22.89 -165.63 25.95 0.455 0x0000FF
18.7 -168.36 27.47 22.34 -166.36 26.25 0.365 0x0000FF
17.78 -170.55 27.85 18.7 -168.36 27.47 0.365 0x0000FF
16.51 -172.19 28.3 17.78 -170.55 27.85 0.365 0x0000FF
12.86 -174.19 29.13 16.51 -172.19 28.3 0.275 0x0000FF
10.3 -174.74 29.36 12.86 -174.19 29.13 0.275 0x0000FF
8.66 -175.65 29.66 10.3 -174.74 29.36 0.275 0x0000FF
6.65 -176.92 30.19 8.66 -175.65 29.66 0.275 0x0000FF
6.11 -177.65 30.88 6.65 -176.92 30.19 0.275 0x0000FF
5.56 -178.38 31.78 6.11 -177.65 30.88 0.275 0x0000FF
4.65 -179.11 32.77 5.56 -178.38 31.78 0.275 0x0000FF
3.55 -180.75 34.06 4.65 -179.11 32.77 0.275 0x0000FF
2.64 -181.84 34.51 3.55 -180.75 34.06 0.275 0x0000FF
1.36 -182.94 35.42 2.64 -181.84 34.51 0.275 0x0000FF
-0.46 -184.94 36.33 1.36 -182.94 35.42 0.275 0x0000FF
-1.56 -185.85 37.24 -0.46 -184.94 36.33 0.275 0x0000FF
-3.75 -188.04 38.0 -1.56 -185.85 37.24 0.275 0x0000FF
-5.39 -189.31 38.0 -3.75 -188.04 38.0 0.275 0x0000FF
-6.67 -190.77 38.75 -5.39 -189.31 38.0 0.275 0x0000FF
-8.86 -192.96 39.65 -6.67 -190.77 38.75 0.275 0x0000FF
-11.04 -194.6 40.5 -8.86 -192.96 39.65 0.275 0x0000FF
30.65 -58.49 0.5 29.19 -57.21 0.73 0.64 0x0000FF
31.38 -59.76 0.8 30.65 -58.49 0.5 0.64 0x0000FF
31.75 -60.13 1.11 31.38 -59.76 0.8 0.64 0x0000FF
32.11 -60.85 1.26 31.75 -60.13 1.11 0.64 0x0000FF
33.21 -61.58 1.11 32.11 -60.85 1.26 0.64 0x0000FF
34.47 -62.31 0.12 33.21 -61.58 1.11 0.64 0x0000FF
35.21 -62.49 -0.79 34.47 -62.31 0.12 0.64 0x0000FF
36.67 -63.04 -2.45 35.21 -62.49 -0.79 0.64 0x0000FF
37.95 -63.22 -4.26 36.67 -63.04 -2.45 0.64 0x0000FF
39.59 -63.41 -5.56 37.95 -63.22 -4.26 0.64 0x0000FF
43.79 -63.22 -6.7 39.59 -63.41 -5.56 0.545 0x0000FF
50.17 -64.5 -7.08 43.79 -63.22 -6.7 0.545 0x0000FF
54.92 -65.23 -7.76 50.17 -64.5 -7.08 0.545 0x0000FF
61.85 -65.95 -7.98 54.92 -65.23 -7.76 0.455 0x0000FF
68.78 -67.59 -8.28 61.85 -65.95 -7.98 0.365 0x0000FF
75.9 -68.69 -8.28 68.78 -67.59 -8.28 0.365 0x0000FF
79.73 -70.33 -8.28 75.9 -68.69 -8.28 0.365 0x0000FF
25.18 -41.36 1.48 25.73 -40.27 -0.33 0.545 0x0000FF
24.63 -42.09 1.56 25.18 -41.36 1.48 0.455 0x0000FF
24.08 -42.63 1.86 24.63 -42.09 1.56 0.455 0x0000FF
23.54 -43.0 2.39 24.08 -42.63 1.86 0.455 0x0000FF
22.81 -43.36 3.68 23.54 -43.0 2.39 0.365 0x0000FF
22.26 -43.36 4.44 22.81 -43.36 3.68 0.365 0x0000FF
21.53 -43.55 6.71 22.26 -43.36 4.44 0.365 0x0000FF
20.25 -43.73 7.39 21.53 -43.55 6.71 0.365 0x0000FF
19.34 -43.36 9.14 20.25 -43.73 7.39 0.365 0x0000FF
17.52 -43.36 10.35 19.34 -43.36 9.14 0.365 0x0000FF
16.79 -43.18 12.32 17.52 -43.36 10.35 0.365 0x0000FF
16.23 -42.45 13.6 16.79 -43.18 12.32 0.365 0x0000FF
16.05 -41.36 15.12 16.23 -42.45 13.6 0.365 0x0000FF
16.05 -40.63 16.18 16.05 -41.36 15.12 0.365 0x0000FF
16.05 -40.08 17.54 16.05 -40.63 16.18 0.365 0x0000FF
16.23 -39.54 19.13 16.05 -40.08 17.54 0.365 0x0000FF
16.42 -38.81 20.27 16.23 -39.54 19.13 0.365 0x0000FF
16.79 -37.72 21.79 16.42 -38.81 20.27 0.365 0x0000FF
16.97 -36.99 23.0 16.79 -37.72 21.79 0.365 0x0000FF
18.43 -36.08 24.97 16.97 -36.99 23.0 0.365 0x0000FF
19.34 -36.08 25.95 18.43 -36.08 24.97 0.275 0x0000FF
19.89 -36.08 27.32 19.34 -36.08 25.95 0.275 0x0000FF
