-2.66 22.27 29.74 -9.46 21.93 29.62 1.005 0x0000FF
-0.11 23.37 30.35 -2.66 22.27 29.74 1.005 0x0000FF
1.9 23.91 31.56 -0.11 23.37 30.35 1.005 0x0000FF
3.54 24.1 32.24 1.9 23.91 31.56 1.095 0x0000FF
4.63 24.28 32.77 3.54 24.1 32.24 1.095 0x0000FF
5.55 24.1 33.29 4.63 24.28 32.77 1.095 0x0000FF
7.19 23.37 32.31 5.55 24.1 33.29 1.095 0x0000FF
7.92 22.46 32.47 7.19 23.37 32.31 0.73 0x0000FF
11.39 21.18 32.69 7.92 22.46 32.47 0.73 0x0000FF
13.76 20.09 32.69 11.39 21.18 32.69 0.73 0x0000FF
15.04 19.54 32.47 13.76 20.09 32.69 0.73 0x0000FF
17.04 18.8 32.31 15.04 19.54 32.47 0.73 0x0000FF
20.14 17.89 31.18 17.04 18.8 32.31 0.73 0x0000FF
31.09 13.89 30.19 20.14 17.89 31.18 0.73 0x0000FF
38.02 10.98 29.28 31.09 13.89 30.19 0.73 0x0000FF
41.67 10.07 30.35 38.02 10.98 29.28 0.73 0x0000FF
46.05 10.07 29.13 41.67 10.07 30.35 0.73 0x0000FF
51.16 10.25 28.38 46.05 10.07 29.13 0.73 0x0000FF
56.63 11.34 27.24 51.16 10.25 28.38 0.73 0x0000FF
62.47 12.07 26.33 56.63 11.34 27.24 0.73 0x0000FF
68.13 10.25 24.82 62.47 12.07 26.33 0.64 0x0000FF
69.59 8.78 24.51 68.13 10.25 24.82 0.545 0x0000FF
69.95 8.06 23.91 69.59 8.78 24.51 0.545 0x0000FF
71.05 6.61 23.0 69.95 8.06 23.91 0.545 0x0000FF
72.51 4.59 22.39 71.05 6.61 23.0 0.545 0x0000FF
73.97 3.87 21.48 72.51 4.59 22.39 0.545 0x0000FF
75.79 3.14 20.35 73.97 3.87 21.48 0.545 0x0000FF
78.34 2.41 19.59 75.79 3.14 20.35 0.545 0x0000FF
79.08 1.87 18.6 78.34 2.41 19.59 0.545 0x0000FF
80.54 -0.32 17.54 79.08 1.87 18.6 0.545 0x0000FF
82.36 -2.87 16.86 80.54 -0.32 17.54 0.545 0x0000FF
84.55 -5.78 16.18 82.36 -2.87 16.86 0.545 0x0000FF
90.02 -11.8 15.42 84.55 -5.78 16.18 0.545 0x0000FF
93.67 -15.08 14.89 90.02 -11.8 15.42 0.545 0x0000FF
102.25 -18.54 14.13 93.67 -15.08 14.89 0.455 0x0000FF
111.55 -19.45 13.91 102.25 -18.54 14.13 0.365 0x0000FF
115.38 -20.0 13.76 111.55 -19.45 13.91 0.365 0x0000FF
118.85 -20.54 13.6 115.38 -20.0 13.76 0.365 0x0000FF
121.04 -21.27 13.23 118.85 -20.54 13.6 0.365 0x0000FF
123.23 -22.18 13.15 121.04 -21.27 13.23 0.365 0x0000FF
106.08 -23.09 13.83 102.25 -18.54 14.13 0.365 0x0000FF
107.9 -24.73 13.3 106.08 -23.09 13.83 0.365 0x0000FF
109.36 -25.46 12.92 107.9 -24.73 13.3 0.365 0x0000FF
111.74 -26.74 12.32 109.36 -25.46 12.92 0.365 0x0000FF
113.93 -27.65 11.64 111.74 -26.74 12.32 0.365 0x0000FF
116.11 -27.83 10.57 113.93 -27.65 11.64 0.365 0x0000FF
119.4 -28.38 9.74 116.11 -27.83 10.57 0.365 0x0000FF
124.33 -28.56 9.06 119.4 -28.38 9.74 0.365 0x0000FF
127.97 -28.74 8.3 124.33 -28.56 9.06 0.365 0x0000FF
8.65 23.37 32.54 7.19 23.37 32.31 0.545 0x0000FF
9.56 23.91 32.92 8.65 23.37 32.54 0.545 0x0000FF
12.48 23.91 32.92 9.56 23.91 32.92 0.545 0x0000FF
12.85 24.1 32.31 12.48 23.91 32.92 0.545 0x0000FF
13.39 24.46 31.03 12.85 24.1 32.31 0.545 0x0000FF
15.04 25.37 29.97 13.39 24.46 31.03 0.545 0x0000FF
16.68 27.01 28.75 15.04 25.37 29.97 0.545 0x0000FF
18.5 29.02 27.69 16.68 27.01 28.75 0.455 0x0000FF
19.96 29.93 26.56 18.5 29.02 27.69 0.455 0x0000FF
21.24 30.47 25.65 19.96 29.93 26.56 0.455 0x0000FF
22.7 31.75 23.98 21.24 30.47 25.65 0.455 0x0000FF
24.16 33.02 22.77 22.7 31.75 23.98 0.455 0x0000FF
25.8 34.47 22.16 24.16 33.02 22.77 0.455 0x0000FF
26.53 36.29 20.5 25.8 34.47 22.16 0.455 0x0000FF
27.81 38.13 18.82 26.53 36.29 20.5 0.455 0x0000FF
28.9 39.4 17.32 27.81 38.13 18.82 0.365 0x0000FF
30.91 40.31 15.65 28.9 39.4 17.32 0.365 0x0000FF
36.38 43.77 15.12 30.91 40.31 15.65 0.365 0x0000FF
39.47 45.78 14.36 36.38 43.77 15.12 0.365 0x0000FF
44.05 49.6 13.07 39.47 45.78 14.36 0.275 0x0000FF
-19.62 21.51 34.06 -9.46 21.93 29.62 0.82 0x0000FF
-20.54 22.23 34.13 -19.62 21.51 34.06 0.82 0x0000FF
-21.63 23.15 33.53 -20.54 22.23 34.13 0.82 0x0000FF
-22.36 23.33 33.45 -21.63 23.15 33.53 0.82 0x0000FF
-23.27 23.87 34.74 -22.36 23.33 33.45 0.82 0x0000FF
-24.0 25.15 36.18 -23.27 23.87 34.74 0.82 0x0000FF
-24.37 28.06 37.09 -24.0 25.15 36.18 0.82 0x0000FF
-24.73 29.52 37.77 -24.37 28.06 37.09 0.82 0x0000FF
-23.75 30.89 37.77 -24.73 29.52 37.77 0.91 0x0000FF
-23.2 32.35 38.45 -23.75 30.89 37.77 0.91 0x0000FF
-23.02 33.26 39.65 -23.2 32.35 38.45 0.91 0x0000FF
-22.65 34.17 40.27 -23.02 33.26 39.65 0.91 0x0000FF
-22.29 34.9 41.33 -22.65 34.17 40.27 0.91 0x0000FF
-22.11 35.81 43.07 -22.29 34.9 41.33 0.91 0x0000FF
-21.92 36.72 43.98 -22.11 35.81 43.07 0.91 0x0000FF
-21.19 38.36 44.51 -21.92 36.72 43.98 0.82 0x0000FF
-21.01 40.19 46.4 -21.19 38.36 44.51 0.73 0x0000FF
-21.01 41.1 47.46 -21.01 40.19 46.4 0.73 0x0000FF
-21.01 41.83 48.6 -21.01 41.1 47.46 0.73 0x0000FF
-21.38 42.74 49.74 -21.01 41.83 48.6 0.73 0x0000FF
-22.11 43.47 52.16 -21.38 42.74 49.74 0.73 0x0000FF
-23.38 44.56 53.68 -22.11 43.47 52.16 0.73 0x0000FF
-23.38 44.56 54.28 -23.38 44.56 53.68 0.73 0x0000FF
-24.84 45.11 55.8 -23.38 44.56 54.28 0.73 0x0000FF
-25.57 45.65 56.93 -24.84 45.11 55.8 0.64 0x0000FF
-25.57 45.65 58.07 -25.57 45.65 56.93 0.64 0x0000FF
-26.3 45.83 59.74 -25.57 45.65 58.07 0.64 0x0000FF
-28.13 47.11 61.4 -26.3 45.83 59.74 0.64 0x0000FF
-30.13 48.57 62.01 -28.13 47.11 61.4 0.545 0x0000FF
-31.05 50.21 63.9 -30.13 48.57 62.01 0.455 0x0000FF
-31.41 50.75 64.95 -31.05 50.21 63.9 0.455 0x0000FF
-31.59 51.3 65.42 -31.41 50.75 64.95 0.455 0x0000FF
-31.78 52.39 66.63 -31.59 51.3 65.42 0.455 0x0000FF
-31.59 54.58 67.84 -31.78 52.39 66.63 0.455 0x0000FF
-29.4 57.13 68.45 -31.59 54.58 67.84 0.455 0x0000FF
-26.85 59.32 69.13 -29.4 57.13 68.45 0.455 0x0000FF
-25.57 61.5 70.72 -26.85 59.32 69.13 0.365 0x0000FF
-24.3 64.05 71.17 -25.57 61.5 70.72 0.365 0x0000FF
-26.01 31.71 37.39 -24.73 29.52 37.77 0.365 0x0000FF
-26.01 32.79 37.09 -26.01 31.71 37.39 0.365 0x0000FF
-26.19 33.9 35.57 -26.01 32.79 37.09 0.365 0x0000FF
-26.56 36.99 35.27 -26.19 33.9 35.57 0.365 0x0000FF
-26.74 38.45 34.28 -26.56 36.99 35.27 0.365 0x0000FF
-26.56 39.54 33.83 -26.74 38.45 34.28 0.365 0x0000FF
-26.37 41.0 33.29 -26.56 39.54 33.83 0.365 0x0000FF
-25.28 44.83 32.54 -26.37 41.0 33.29 0.365 0x0000FF
-25.1 46.83 31.86 -25.28 44.83 32.54 0.365 0x0000FF
-25.46 49.2 31.1 -25.1 46.83 31.86 0.365 0x0000FF
-26.37 52.12 30.42 -25.46 49.2 31.1 0.365 0x0000FF
-28.56 55.03 30.04 -26.37 52.12 30.42 0.365 0x0000FF
-36.77 61.41 29.59 -28.56 55.03 30.04 0.365 0x0000FF
-45.9 67.97 28.98 -36.77 61.41 29.59 0.365 0x0000FF
-49.73 72.89 28.22 -45.9 67.97 28.98 0.365 0x0000FF
-52.46 76.7 27.24 -49.73 72.89 28.22 0.365 0x0000FF
-54.47 81.81 27.16 -52.46 76.7 27.24 0.365 0x0000FF
-55.38 85.82 26.71 -54.47 81.81 27.16 0.365 0x0000FF
-57.14 92.11 26.33 -55.38 85.82 26.71 0.365 0x0000FF
-58.23 96.67 25.95 -57.14 92.11 26.33 0.365 0x0000FF
-62.06 103.41 25.35 -58.23 96.67 25.95 0.365 0x0000FF
-64.44 106.87 24.44 -62.06 103.41 25.35 0.365 0x0000FF
-66.81 109.79 23.53 -64.44 106.87 24.44 0.365 0x0000FF
-69.0 114.52 21.71 -66.81 109.79 23.53 0.365 0x0000FF
-70.81 120.72 20.04 -69.0 114.52 21.71 0.365 0x0000FF
-71.73 132.56 18.82 -70.81 120.72 20.04 0.365 0x0000FF
-71.73 135.11 18.45 -71.73 132.56 18.82 0.365 0x0000FF
-71.55 141.49 19.36 -71.73 135.11 18.45 0.365 0x0000FF
-70.81 144.94 20.12 -71.55 141.49 19.36 0.365 0x0000FF
-68.63 150.78 21.94 -70.81 144.94 20.12 0.275 0x0000FF
-67.72 155.15 22.47 -68.63 150.78 21.94 0.275 0x0000FF
-66.81 160.97 23.0 -67.72 155.15 22.47 0.275 0x0000FF
-66.81 164.99 23.3 -66.81 160.97 23.0 0.275 0x0000FF
-8.5 26.46 19.13 -9.46 21.93 29.62 1.825 0x0000FF
-8.5 29.02 18.76 -8.5 26.46 19.13 1.825 0x0000FF
-8.86 29.93 18.68 -8.5 29.02 18.76 1.825 0x0000FF
-10.87 31.75 15.35 -8.86 29.93 18.68 0.545 0x0000FF
-12.88 32.65 15.27 -10.87 31.75 15.35 0.545 0x0000FF
-14.16 33.57 14.44 -12.88 32.65 15.27 0.545 0x0000FF
-15.8 35.94 14.67 -14.16 33.57 14.44 0.545 0x0000FF
-16.16 39.58 14.89 -15.8 35.94 14.67 0.455 0x0000FF
-17.62 42.13 14.59 -16.16 39.58 14.89 0.455 0x0000FF
-17.98 43.77 13.68 -17.62 42.13 14.59 0.455 0x0000FF
-17.98 45.96 13.07 -17.98 43.77 13.68 0.455 0x0000FF
-18.35 47.78 12.47 -17.98 45.96 13.07 0.455 0x0000FF
-18.72 49.97 11.86 -18.35 47.78 12.47 0.455 0x0000FF
-19.04 50.81 11.86 -18.72 49.97 11.86 0.455 0x0000FF
-18.48 51.54 14.74 -19.04 50.81 11.86 0.545 0x0000FF
-17.76 52.09 13.38 -18.48 51.54 14.74 0.545 0x0000FF
-17.39 52.45 12.32 -17.76 52.09 13.38 0.545 0x0000FF
-17.03 53.0 11.79 -17.39 52.45 12.32 0.545 0x0000FF
-16.67 53.18 11.03 -17.03 53.0 11.79 0.545 0x0000FF
-16.3 53.73 10.42 -16.67 53.18 11.03 0.545 0x0000FF
-15.76 54.46 9.51 -16.3 53.73 10.42 0.545 0x0000FF
-15.57 55.18 8.76 -15.76 54.46 9.51 0.545 0x0000FF
-15.39 56.28 8.23 -15.57 55.18 8.76 0.545 0x0000FF
-15.03 57.01 8.0 -15.39 56.28 8.23 0.545 0x0000FF
-14.84 57.73 7.39 -15.03 57.01 8.0 0.545 0x0000FF
-14.84 58.28 6.86 -14.84 57.73 7.39 0.545 0x0000FF
-14.48 59.19 6.64 -14.84 58.28 6.86 0.545 0x0000FF
-14.3 59.92 6.11 -14.48 59.19 6.64 0.545 0x0000FF
-13.93 61.01 5.65 -14.3 59.92 6.11 0.545 0x0000FF
-13.38 61.74 5.35 -13.93 61.01 5.65 0.545 0x0000FF
-13.02 63.02 5.04 -13.38 61.74 5.35 0.545 0x0000FF
-11.74 65.2 4.21 -13.02 63.02 5.04 0.455 0x0000FF
-11.56 66.12 4.13 -11.74 65.2 4.21 0.455 0x0000FF
-11.38 67.03 3.83 -11.56 66.12 4.13 0.455 0x0000FF
-10.83 69.58 3.3 -11.38 67.03 3.83 0.365 0x0000FF
-10.65 70.67 2.85 -10.83 69.58 3.3 0.365 0x0000FF
-10.46 72.68 2.54 -10.65 70.67 2.85 0.365 0x0000FF
-10.46 73.77 2.0 -10.46 72.68 2.54 0.365 0x0000FF
-10.83 75.23 1.33 -10.46 73.77 2.0 0.365 0x0000FF
-11.19 76.87 0.5 -10.83 75.23 1.33 0.365 0x0000FF
-11.38 77.59 0.27 -11.19 76.87 0.5 0.365 0x0000FF
-12.11 78.87 -0.64 -11.38 77.59 0.27 0.365 0x0000FF
-12.47 80.33 -1.09 -12.11 78.87 -0.64 0.365 0x0000FF
-12.65 81.06 -1.55 -12.47 80.33 -1.09 0.365 0x0000FF
-13.02 82.33 -2.15 -12.65 81.06 -1.55 0.365 0x0000FF
-13.2 83.24 -2.61 -13.02 82.33 -2.15 0.365 0x0000FF
-14.48 87.98 -3.44 -13.2 83.24 -2.61 0.365 0x0000FF
-14.84 88.71 -4.34 -14.48 87.98 -3.44 0.365 0x0000FF
-15.21 89.98 -6.01 -14.84 88.71 -4.34 0.365 0x0000FF
-15.57 90.71 -6.24 -15.21 89.98 -6.01 0.365 0x0000FF
-16.12 92.72 -7.0 -15.57 90.71 -6.24 0.365 0x0000FF
-16.48 94.72 -7.61 -16.12 92.72 -7.0 0.365 0x0000FF
-16.48 95.63 -8.59 -16.48 94.72 -7.61 0.365 0x0000FF
-16.48 97.45 -9.8 -16.48 95.63 -8.59 0.275 0x0000FF
-16.67 99.28 -10.48 -16.48 97.45 -9.8 0.275 0x0000FF
-19.45 53.07 12.01 -19.04 50.81 11.86 0.365 0x0000FF
-20.91 55.98 12.7 -19.45 53.07 12.01 0.365 0x0000FF
-21.82 57.62 13.23 -20.91 55.98 12.7 0.365 0x0000FF
-23.64 59.08 13.83 -21.82 57.62 13.23 0.365 0x0000FF
-27.11 61.99 14.21 -23.64 59.08 13.83 0.365 0x0000FF
-33.13 67.45 14.36 -27.11 61.99 14.21 0.365 0x0000FF
-33.68 67.81 14.21 -33.13 67.45 14.36 0.365 0x0000FF
-34.4 68.73 13.0 -33.68 67.81 14.21 0.365 0x0000FF
-47.55 77.48 1.41 -34.4 68.73 13.0 0.365 0x0000FF
-51.56 80.76 1.41 -47.55 77.48 1.41 0.365 0x0000FF
-55.94 84.04 1.33 -51.56 80.76 1.41 0.365 0x0000FF
-70.31 94.9 0.95 -55.94 84.04 1.33 0.365 0x0000FF
-71.95 98.91 0.42 -70.31 94.9 0.95 0.365 0x0000FF
-71.4 106.2 0.2 -71.95 98.91 0.42 0.365 0x0000FF
-71.04 107.66 1.03 -71.4 106.2 0.2 0.365 0x0000FF
-70.67 108.57 1.79 -71.04 107.66 1.03 0.365 0x0000FF
-70.67 109.84 2.62 -70.67 108.57 1.79 0.365 0x0000FF
-70.67 113.31 3.45 -70.67 109.84 2.62 0.365 0x0000FF
-71.59 115.86 3.83 -70.67 113.31 3.45 0.365 0x0000FF
-75.42 120.78 3.98 -71.59 115.86 3.83 0.365 0x0000FF
-75.59 121.69 3.98 -75.42 120.78 3.98 0.275 0x0000FF
-76.15 122.6 3.98 -75.59 121.69 3.98 0.275 0x0000FF
-8.14 31.2 18.6 -8.86 29.93 18.68 1.005 0x0000FF
-7.41 32.29 18.23 -8.14 31.2 18.6 1.005 0x0000FF
-5.4 33.39 17.39 -7.41 32.29 18.23 0.91 0x0000FF
-4.67 33.57 16.71 -5.4 33.39 17.39 0.91 0x0000FF
-2.66 34.11 16.1 -4.67 33.57 16.71 0.82 0x0000FF
-0.84 34.29 15.2 -2.66 34.11 16.1 0.82 0x0000FF
-0.28 34.29 14.21 -0.84 34.29 15.2 0.64 0x0000FF
0.62 34.29 13.0 -0.28 34.29 14.21 0.64 0x0000FF
1.72 34.29 12.39 0.62 34.29 13.0 0.64 0x0000FF
3.18 34.65 11.1 1.72 34.29 12.39 0.64 0x0000FF
4.26 36.67 9.21 3.18 34.65 11.1 0.455 0x0000FF
4.45 37.58 8.44 4.26 36.67 9.21 0.455 0x0000FF
4.82 38.67 7.47 4.45 37.58 8.44 0.455 0x0000FF
5.0 40.86 6.18 4.82 38.67 7.47 0.455 0x0000FF
5.18 42.68 4.74 5.0 40.86 6.18 0.455 0x0000FF
5.0 44.32 3.76 5.18 42.68 4.74 0.455 0x0000FF
4.63 46.32 2.17 5.0 44.32 3.76 0.455 0x0000FF
5.04 46.99 2.17 4.63 46.32 2.17 0.455 0x0000FF
5.59 46.62 2.17 5.04 46.99 2.17 0.455 0x0000FF
6.14 46.62 2.39 5.59 46.62 2.17 0.455 0x0000FF
6.69 46.99 3.38 6.14 46.62 2.39 0.455 0x0000FF
6.87 47.17 3.15 6.69 46.99 3.38 0.455 0x0000FF
7.05 47.17 1.79 6.87 47.17 3.15 0.455 0x0000FF
7.6 47.17 1.03 7.05 47.17 1.79 0.455 0x0000FF
8.15 47.35 0.73 7.6 47.17 1.03 0.455 0x0000FF
9.06 47.53 -1.24 8.15 47.35 0.73 0.455 0x0000FF
9.6 47.71 -2.29 9.06 47.53 -1.24 0.455 0x0000FF
10.7 48.26 -3.14 9.6 47.71 -2.29 0.455 0x0000FF
11.25 48.44 -3.82 10.7 48.26 -3.14 0.455 0x0000FF
11.98 48.99 -3.97 11.25 48.44 -3.82 0.455 0x0000FF
12.52 49.72 -4.95 11.98 48.99 -3.97 0.455 0x0000FF
13.07 50.63 -5.56 12.52 49.72 -4.95 0.455 0x0000FF
13.44 52.45 -5.86 13.07 50.63 -5.56 0.455 0x0000FF
13.44 53.91 -6.09 13.44 52.45 -5.86 0.455 0x0000FF
13.62 58.46 -5.79 13.44 53.91 -6.09 0.365 0x0000FF
13.44 60.1 -5.71 13.62 58.46 -5.79 0.365 0x0000FF
13.44 61.74 -6.39 13.44 60.1 -5.71 0.365 0x0000FF
13.25 63.2 -6.39 13.44 61.74 -6.39 0.365 0x0000FF
12.89 64.84 -6.24 13.25 63.2 -6.39 0.365 0x0000FF
11.98 67.2 -5.79 12.89 64.84 -6.24 0.365 0x0000FF
11.06 70.31 -5.48 11.98 67.2 -5.79 0.365 0x0000FF
10.33 72.68 -5.48 11.06 70.31 -5.48 0.365 0x0000FF
10.33 75.23 -5.41 10.33 72.68 -5.48 0.365 0x0000FF
10.7 77.59 -5.41 10.33 75.23 -5.41 0.365 0x0000FF
11.43 78.69 -5.71 10.7 77.59 -5.41 0.365 0x0000FF
13.62 79.59 -6.17 11.43 78.69 -5.71 0.365 0x0000FF
15.44 81.23 -6.7 13.62 79.59 -6.17 0.365 0x0000FF
15.81 82.88 -7.3 15.44 81.23 -6.7 0.365 0x0000FF
15.63 84.7 -7.38 15.81 82.88 -7.3 0.365 0x0000FF
14.71 88.34 -7.98 15.63 84.7 -7.38 0.365 0x0000FF
14.35 90.71 -8.14 14.71 88.34 -7.98 0.365 0x0000FF
14.35 94.36 -8.51 14.35 90.71 -8.14 0.365 0x0000FF
14.9 96.0 -9.27 14.35 94.36 -8.51 0.365 0x0000FF
15.63 97.45 -9.35 14.9 96.0 -9.27 0.365 0x0000FF
15.99 98.91 -9.94 15.63 97.45 -9.35 0.365 0x0000FF
15.81 101.28 -10.41 15.99 98.91 -9.94 0.365 0x0000FF
15.26 103.1 -11.01 15.81 101.28 -10.41 0.365 0x0000FF
14.71 105.11 -11.7 15.26 103.1 -11.01 0.365 0x0000FF
14.17 106.75 -12.0 14.71 105.11 -11.7 0.365 0x0000FF
13.25 109.12 -12.76 14.17 106.75 -12.0 0.365 0x0000FF
11.79 111.48 -13.14 13.25 109.12 -12.76 0.365 0x0000FF
10.33 113.12 -13.59 11.79 111.48 -13.14 0.365 0x0000FF
8.69 116.22 -14.42 10.33 113.12 -13.59 0.365 0x0000FF
8.15 117.86 -14.95 8.69 116.22 -14.42 0.365 0x0000FF
7.6 121.5 -15.18 8.15 117.86 -14.95 0.365 0x0000FF
8.15 124.24 -16.23 7.6 121.5 -15.18 0.365 0x0000FF
9.06 128.06 -16.47 8.15 124.24 -16.23 0.365 0x0000FF
15.26 55.73 -8.28 13.44 53.91 -6.09 0.275 0x0000FF
16.54 57.55 -8.28 15.26 55.73 -8.28 0.275 0x0000FF
17.27 58.28 -8.44 16.54 57.55 -8.28 0.275 0x0000FF
18.36 59.01 -8.51 17.27 58.28 -8.44 0.275 0x0000FF
19.46 60.1 -9.03 18.36 59.01 -8.51 0.275 0x0000FF
20.37 60.83 -9.19 19.46 60.1 -9.03 0.275 0x0000FF
4.26 47.24 0.8 5.04 46.99 2.17 0.455 0x0000FF
3.54 48.51 -1.24 4.26 47.24 0.8 0.455 0x0000FF
3.18 49.6 -2.52 3.54 48.51 -1.24 0.455 0x0000FF
2.08 51.24 -3.89 3.18 49.6 -2.52 0.455 0x0000FF
-0.66 53.61 -4.95 2.08 51.24 -3.89 0.365 0x0000FF
-2.29 55.07 -5.86 -0.66 53.61 -4.95 0.365 0x0000FF
-3.57 56.71 -6.01 -2.29 55.07 -5.86 0.365 0x0000FF
-4.3 58.35 -6.62 -3.57 56.71 -6.01 0.365 0x0000FF
-5.03 60.54 -7.23 -4.3 58.35 -6.62 0.365 0x0000FF
4.63 33.57 11.03 3.18 34.65 11.1 0.545 0x0000FF
5.37 33.21 10.73 4.63 33.57 11.03 0.545 0x0000FF
7.37 32.11 10.27 5.37 33.21 10.73 0.545 0x0000FF
10.47 31.2 9.74 7.37 32.11 10.27 0.545 0x0000FF
11.57 30.66 8.98 10.47 31.2 9.74 0.545 0x0000FF
12.66 29.74 7.85 11.57 30.66 8.98 0.545 0x0000FF
13.03 29.38 6.79 12.66 29.74 7.85 0.545 0x0000FF
13.58 29.02 5.35 13.03 29.38 6.79 0.545 0x0000FF
14.12 28.47 4.21 13.58 29.02 5.35 0.545 0x0000FF
15.4 27.92 1.33 14.12 28.47 4.21 0.545 0x0000FF
18.32 26.1 1.56 15.4 27.92 1.33 0.365 0x0000FF
19.23 25.55 1.71 18.32 26.1 1.56 0.365 0x0000FF
21.6 24.1 1.71 19.23 25.55 1.71 0.365 0x0000FF
23.06 23.0 1.71 21.6 24.1 1.71 0.365 0x0000FF
25.44 21.73 1.71 23.06 23.0 1.71 0.365 0x0000FF
19.78 28.47 0.8 15.4 27.92 1.33 0.455 0x0000FF
23.61 29.38 0.57 19.78 28.47 0.8 0.455 0x0000FF
26.9 30.11 0.42 23.61 29.38 0.57 0.455 0x0000FF
29.45 30.11 0.27 26.9 30.11 0.42 0.365 0x0000FF
33.46 30.66 -0.11 29.45 30.11 0.27 0.365 0x0000FF
37.29 31.38 -0.18 33.46 30.66 -0.11 0.365 0x0000FF
44.41 32.47 -0.64 37.29 31.38 -0.18 0.365 0x0000FF
54.45 32.11 -0.94 44.41 32.47 -0.64 0.365 0x0000FF
60.1 33.94 -0.94 54.45 32.11 -0.94 0.365 0x0000FF
-16.85 18.55 33.75 -9.46 21.93 29.62 1.095 0x0000FF
-19.95 17.29 34.44 -16.85 18.55 33.75 1.095 0x0000FF
-23.97 15.83 35.04 -19.95 17.29 34.44 1.005 0x0000FF
-25.97 15.28 35.72 -23.97 15.83 35.04 1.005 0x0000FF
-28.71 14.55 36.25 -25.97 15.28 35.72 1.005 0x0000FF
-30.53 14.19 36.63 -28.71 14.55 36.25 1.005 0x0000FF
-33.31 13.67 36.18 -30.53 14.19 36.63 0.455 0x0000FF
-35.13 12.4 36.25 -33.31 13.67 36.18 0.455 0x0000FF
-39.51 11.48 33.29 -35.13 12.4 36.25 0.455 0x0000FF
-42.43 11.67 33.07 -39.51 11.48 33.29 0.455 0x0000FF
-45.17 11.3 33.22 -42.43 11.67 33.07 0.455 0x0000FF
-47.36 11.48 35.19 -45.17 11.3 33.22 0.455 0x0000FF
-50.09 11.48 36.56 -47.36 11.48 35.19 0.455 0x0000FF
-52.28 11.67 38.0 -50.09 11.48 36.56 0.455 0x0000FF
-55.2 11.85 40.42 -52.28 11.67 38.0 0.455 0x0000FF
-57.21 11.67 41.63 -55.2 11.85 40.42 0.455 0x0000FF
-60.67 11.67 42.09 -57.21 11.67 41.63 0.365 0x0000FF
-63.59 11.3 42.77 -60.67 11.67 42.09 0.365 0x0000FF
-67.61 10.21 45.04 -63.59 11.3 42.77 0.365 0x0000FF
-69.8 10.94 46.03 -67.61 10.21 45.04 0.365 0x0000FF
-73.63 11.67 47.31 -69.8 10.94 46.03 0.365 0x0000FF
-77.45 12.94 47.62 -73.63 11.67 47.31 0.365 0x0000FF
-81.47 13.12 48.6 -77.45 12.94 47.62 0.275 0x0000FF
-84.76 12.58 49.28 -81.47 13.12 48.6 0.275 0x0000FF
-88.04 11.67 50.34 -84.76 12.58 49.28 0.275 0x0000FF
-91.51 10.76 51.56 -88.04 11.67 50.34 0.275 0x0000FF
-94.79 9.85 52.24 -91.51 10.76 51.56 0.275 0x0000FF
-96.25 9.11 53.15 -94.79 9.85 52.24 0.275 0x0000FF
-97.9 8.21 53.75 -96.25 9.11 53.15 0.275 0x0000FF
-98.81 7.29 52.84 -97.9 8.21 53.75 0.275 0x0000FF
-99.17 6.93 52.46 -98.81 7.29 52.84 0.275 0x0000FF
-100.45 5.84 50.49 -99.17 6.93 52.46 0.275 0x0000FF
-33.82 13.64 36.63 -30.53 14.19 36.63 0.82 0x0000FF
-37.83 13.1 36.63 -33.82 13.64 36.63 0.64 0x0000FF
-39.47 12.19 36.86 -37.83 13.1 36.63 0.64 0x0000FF
-40.39 11.09 37.09 -39.47 12.19 36.86 0.64 0x0000FF
-41.48 10.0 37.31 -40.39 11.09 37.09 0.64 0x0000FF
-43.49 7.99 37.54 -41.48 10.0 37.31 0.64 0x0000FF
-44.4 7.08 37.09 -43.49 7.99 37.54 0.64 0x0000FF
-44.95 7.27 36.47 -44.4 7.08 37.09 0.64 0x0000FF
-46.04 9.44 36.4 -44.95 7.27 36.47 0.545 0x0000FF
-46.96 9.63 36.18 -46.04 9.44 36.4 0.545 0x0000FF
-47.5 9.82 36.18 -46.96 9.63 36.18 0.545 0x0000FF
-48.23 9.63 36.1 -47.5 9.82 36.18 0.545 0x0000FF
-50.79 8.91 35.95 -48.23 9.63 36.1 0.455 0x0000FF
-51.52 9.44 35.72 -50.79 8.91 35.95 0.455 0x0000FF
-52.43 9.82 35.72 -51.52 9.44 35.72 0.455 0x0000FF
-53.16 10.36 35.72 -52.43 9.82 35.72 0.455 0x0000FF
-54.44 10.55 35.72 -53.16 10.36 35.72 0.455 0x0000FF
-55.9 9.44 35.72 -54.44 10.55 35.72 0.365 0x0000FF
-56.81 8.36 35.19 -55.9 9.44 35.72 0.365 0x0000FF
-56.99 7.81 35.04 -56.81 8.36 35.19 0.365 0x0000FF
-57.36 6.9 34.59 -56.99 7.81 35.04 0.365 0x0000FF
-57.54 6.17 34.36 -57.36 6.9 34.59 0.365 0x0000FF
-57.9 5.63 34.97 -57.54 6.17 34.36 0.365 0x0000FF
-58.09 5.26 35.79 -57.9 5.63 34.97 0.365 0x0000FF
-58.09 4.9 36.4 -58.09 5.26 35.79 0.365 0x0000FF
-58.27 4.53 37.24 -58.09 4.9 36.4 0.365 0x0000FF
-58.27 4.17 37.92 -58.27 4.53 37.24 0.365 0x0000FF
-59.0 1.07 39.74 -58.27 4.17 37.92 0.365 0x0000FF
-59.54 0.71 41.4 -59.0 1.07 39.74 0.365 0x0000FF
-60.09 0.34 41.94 -59.54 0.71 41.4 0.365 0x0000FF
-60.82 0.16 42.01 -60.09 0.34 41.94 0.365 0x0000FF
-62.28 -1.48 42.92 -60.82 0.16 42.01 0.365 0x0000FF
-63.01 -2.76 43.68 -62.28 -1.48 42.92 0.365 0x0000FF
-63.92 -3.67 44.21 -63.01 -2.76 43.68 0.365 0x0000FF
-65.56 -6.03 44.66 -63.92 -3.67 44.21 0.365 0x0000FF
-66.11 -7.49 45.19 -65.56 -6.03 44.66 0.365 0x0000FF
-66.66 -9.13 45.27 -66.11 -7.49 45.19 0.365 0x0000FF
-72.34 -17.12 46.1 -66.66 -9.13 45.27 0.365 0x0000FF
-73.63 -18.57 46.56 -72.34 -17.12 46.1 0.365 0x0000FF
-74.91 -20.22 47.54 -73.63 -18.57 46.56 0.365 0x0000FF
-75.45 -21.68 48.53 -74.91 -20.22 47.54 0.365 0x0000FF
-76.37 -24.04 49.06 -75.45 -21.68 48.53 0.365 0x0000FF
-76.73 -26.96 49.43 -76.37 -24.04 49.06 0.365 0x0000FF
-76.91 -30.24 50.12 -76.73 -26.96 49.43 0.365 0x0000FF
-77.45 -32.97 50.19 -76.91 -30.24 50.12 0.365 0x0000FF
-78.37 -35.89 50.72 -77.45 -32.97 50.19 0.365 0x0000FF
-79.47 -37.53 51.4 -78.37 -35.89 50.72 0.365 0x0000FF
-81.11 -39.17 52.01 -79.47 -37.53 51.4 0.365 0x0000FF
-82.93 -40.26 52.54 -81.11 -39.17 52.01 0.365 0x0000FF
-86.4 -41.9 53.22 -82.93 -40.26 52.54 0.365 0x0000FF
-88.95 -42.99 53.9 -86.4 -41.9 53.22 0.365 0x0000FF
-90.78 -44.63 53.98 -88.95 -42.99 53.9 0.365 0x0000FF
-94.79 -48.09 54.43 -90.78 -44.63 53.98 0.365 0x0000FF
-96.8 -50.1 55.12 -94.79 -48.09 54.43 0.365 0x0000FF
-99.9 -54.11 55.87 -96.8 -50.1 55.12 0.365 0x0000FF
-6.59 10.38 26.03 -9.46 21.93 29.62 2.37 0x0000FF
-6.23 8.19 26.18 -6.59 10.38 26.03 2.37 0x0000FF
-5.68 6.37 26.63 -6.23 8.19 26.18 1.825 0x0000FF
-5.13 5.09 26.94 -5.68 6.37 26.63 1.825 0x0000FF
-5.13 3.64 27.32 -5.13 5.09 26.94 1.825 0x0000FF
-4.95 1.27 28.0 -5.13 3.64 27.32 1.735 0x0000FF
-4.4 -0.37 28.68 -4.95 1.27 28.0 1.64 0x0000FF
-4.04 -2.37 29.28 -4.4 -0.37 28.68 1.64 0x0000FF
-2.21 -5.09 29.97 -4.04 -2.37 29.28 1.64 0x0000FF
-0.75 -7.65 30.57 -2.21 -5.09 29.97 1.64 0x0000FF
-0.21 -8.75 30.8 -0.75 -7.65 30.57 1.64 0x0000FF
0.8 -9.61 29.44 -0.21 -8.75 30.8 0.82 0x0000FF
2.25 -10.34 29.44 0.8 -9.61 29.44 0.82 0x0000FF
4.26 -10.52 29.44 2.25 -10.34 29.44 0.64 0x0000FF
6.64 -11.8 29.82 4.26 -10.52 29.44 0.545 0x0000FF
10.66 -13.44 30.72 6.64 -11.8 29.82 0.455 0x0000FF
13.94 -15.08 30.19 10.66 -13.44 30.72 0.455 0x0000FF
17.23 -17.63 29.82 13.94 -15.08 30.19 0.455 0x0000FF
20.14 -20.72 29.21 17.23 -17.63 29.82 0.455 0x0000FF
24.16 -23.82 28.3 20.14 -20.72 29.21 0.455 0x0000FF
26.17 -24.73 27.92 24.16 -23.82 28.3 0.455 0x0000FF
27.81 -25.64 27.32 26.17 -24.73 27.92 0.455 0x0000FF
29.27 -27.1 26.25 27.81 -25.64 27.32 0.455 0x0000FF
30.0 -28.38 25.35 29.27 -27.1 26.25 0.455 0x0000FF
31.46 -29.29 23.98 30.0 -28.38 25.35 0.455 0x0000FF
33.28 -30.75 21.48 31.46 -29.29 23.98 0.455 0x0000FF
34.74 -31.66 20.73 33.28 -30.75 21.48 0.455 0x0000FF
35.47 -31.84 18.98 34.74 -31.66 20.73 0.455 0x0000FF
37.65 -32.75 18.3 35.47 -31.84 18.98 0.365 0x0000FF
39.11 -33.11 17.09 37.65 -32.75 18.3 0.365 0x0000FF
41.67 -33.11 15.88 39.11 -33.11 17.09 0.365 0x0000FF
44.23 -32.57 14.82 41.67 -33.11 15.88 0.365 0x0000FF
47.33 -32.2 14.44 44.23 -32.57 14.82 0.275 0x0000FF
-0.02 -10.93 30.95 -0.21 -8.75 30.8 1.275 0x0000FF
0.16 -13.85 31.71 -0.02 -10.93 30.95 1.275 0x0000FF
0.16 -17.13 32.15 0.16 -13.85 31.71 1.275 0x0000FF
0.52 -21.14 32.47 0.16 -17.13 32.15 1.275 0x0000FF
1.25 -24.42 33.22 0.52 -21.14 32.47 1.275 0x0000FF
1.98 -28.97 33.68 1.25 -24.42 33.22 1.275 0x0000FF
3.44 -33.89 34.06 1.98 -28.97 33.68 1.275 0x0000FF
3.99 -38.26 34.97 3.44 -33.89 34.06 1.275 0x0000FF
4.36 -39.36 34.65 3.99 -38.26 34.97 1.185 0x0000FF
4.72 -43.37 35.27 4.36 -39.36 34.65 1.185 0x0000FF
5.45 -46.28 35.88 4.72 -43.37 35.27 1.185 0x0000FF
6.54 -49.56 36.33 5.45 -46.28 35.88 1.095 0x0000FF
7.27 -51.93 36.71 6.54 -49.56 36.33 1.095 0x0000FF
8.0 -54.66 37.84 7.27 -51.93 36.71 1.095 0x0000FF
8.73 -56.67 38.53 8.0 -54.66 37.84 1.095 0x0000FF
9.27 -59.4 38.97 8.73 -56.67 38.53 1.095 0x0000FF
10.38 -62.5 39.81 9.27 -59.4 38.97 1.095 0x0000FF
10.92 -67.05 41.1 10.38 -62.5 39.81 1.095 0x0000FF
10.92 -70.33 41.86 10.92 -67.05 41.1 1.095 0x0000FF
9.65 -77.06 42.84 10.92 -70.33 41.86 1.095 0x0000FF
7.64 -89.64 44.13 9.65 -77.06 42.84 1.095 0x0000FF
7.27 -92.56 43.45 7.64 -89.64 44.13 1.095 0x0000FF
6.91 -94.56 41.78 7.27 -92.56 43.45 1.095 0x0000FF
7.27 -98.57 42.62 6.91 -94.56 41.78 1.095 0x0000FF
7.46 -102.4 43.22 7.27 -98.57 42.62 1.095 0x0000FF
8.73 -106.77 43.68 7.46 -102.4 43.22 1.095 0x0000FF
12.38 -111.69 44.28 8.73 -106.77 43.68 1.095 0x0000FF
14.94 -115.7 44.81 12.38 -111.69 44.28 1.095 0x0000FF
16.03 -118.07 45.34 14.94 -115.7 44.81 1.095 0x0000FF
16.53 -120.85 46.48 16.03 -118.07 45.34 1.095 0x0000FF
16.89 -122.86 47.24 16.53 -120.85 46.48 1.095 0x0000FF
16.72 -125.59 47.77 16.89 -122.86 47.24 1.095 0x0000FF
16.53 -128.13 48.75 16.72 -125.59 47.77 1.095 0x0000FF
17.07 -131.24 49.89 16.53 -128.13 48.75 1.095 0x0000FF
17.45 -136.34 50.65 17.07 -131.24 49.89 1.095 0x0000FF
17.26 -138.71 51.78 17.45 -136.34 50.65 1.095 0x0000FF
17.26 -139.99 52.54 17.26 -138.71 51.78 1.095 0x0000FF
17.63 -144.54 53.52 17.26 -139.99 52.54 1.095 0x0000FF
17.63 -148.72 54.81 17.63 -144.54 53.52 1.095 0x0000FF
17.8 -152.01 55.72 17.63 -148.72 54.81 1.095 0x0000FF
17.98 -156.57 56.63 17.8 -152.01 55.72 1.095 0x0000FF
18.72 -161.12 57.31 17.98 -156.57 56.63 1.095 0x0000FF
19.45 -164.04 58.15 18.72 -161.12 57.31 1.095 0x0000FF
20.73 -169.14 59.28 19.45 -164.04 58.15 1.095 0x0000FF
22.56 -174.6 60.12 20.73 -169.14 59.28 1.095 0x0000FF
23.28 -179.34 60.87 22.56 -174.6 60.12 1.095 0x0000FF
23.83 -186.26 62.01 23.28 -179.34 60.87 1.095 0x0000FF
23.83 -190.45 62.54 23.83 -186.26 62.01 1.095 0x0000FF
23.47 -200.48 63.98 23.83 -190.45 62.54 1.095 0x0000FF
23.1 -203.76 64.2 23.47 -200.48 63.98 1.095 0x0000FF
23.1 -205.76 64.81 23.1 -203.76 64.2 1.095 0x0000FF
23.1 -207.03 64.13 23.1 -205.76 64.81 1.095 0x0000FF
22.65 -208.75 64.28 23.1 -207.03 64.13 1.095 0x0000FF
21.92 -211.3 64.58 22.65 -208.75 64.28 1.095 0x0000FF
21.56 -214.58 64.95 21.92 -211.3 64.58 1.095 0x0000FF
21.37 -218.95 65.34 21.56 -214.58 64.95 1.095 0x0000FF
22.29 -222.05 65.87 21.37 -218.95 65.34 1.095 0x0000FF
23.74 -225.51 66.25 22.29 -222.05 65.87 1.005 0x0000FF
24.84 -228.61 66.78 23.74 -225.51 66.25 1.005 0x0000FF
25.93 -232.98 67.31 24.84 -228.61 66.78 1.005 0x0000FF
26.48 -238.44 68.37 25.93 -232.98 67.31 1.005 0x0000FF
27.39 -245.0 68.75 26.48 -238.44 68.37 1.005 0x0000FF
28.31 -251.38 69.66 27.39 -245.0 68.75 0.91 0x0000FF
29.04 -254.66 70.64 28.31 -251.38 69.66 0.91 0x0000FF
29.77 -258.67 71.55 29.04 -254.66 70.64 0.91 0x0000FF
30.86 -265.41 72.31 29.77 -258.67 71.55 0.91 0x0000FF
32.14 -269.77 72.84 30.86 -265.41 72.31 0.91 0x0000FF
33.4 -278.7 73.9 32.14 -269.77 72.84 0.91 0x0000FF
35.42 -288.19 74.81 33.4 -278.7 73.9 0.91 0x0000FF
37.9 -291.16 75.04 35.42 -288.19 74.81 0.365 0x0000FF
40.28 -294.81 75.72 37.9 -291.16 75.04 0.365 0x0000FF
44.29 -298.81 75.95 40.28 -294.81 75.72 0.365 0x0000FF
49.77 -303.55 76.33 44.29 -298.81 75.95 0.365 0x0000FF
52.14 -306.27 77.23 49.77 -303.55 76.33 0.365 0x0000FF
57.06 -313.02 77.92 52.14 -306.27 77.23 0.365 0x0000FF
61.62 -318.13 78.06 57.06 -313.02 77.92 0.365 0x0000FF
65.27 -323.77 79.51 61.62 -318.13 78.06 0.365 0x0000FF
70.2 -329.61 79.89 65.27 -323.77 79.51 0.365 0x0000FF
72.94 -333.43 80.42 70.2 -329.61 79.89 0.365 0x0000FF
75.31 -337.8 80.72 72.94 -333.43 80.42 0.365 0x0000FF
75.48 -344.91 80.64 75.31 -337.8 80.72 0.275 0x0000FF
75.48 -347.1 80.64 75.48 -344.91 80.64 0.275 0x0000FF
74.76 -350.38 80.64 75.48 -347.1 80.64 0.275 0x0000FF
80.23 -342.0 80.79 75.31 -337.8 80.72 0.365 0x0000FF
81.15 -344.18 81.17 80.23 -342.0 80.79 0.365 0x0000FF
83.34 -347.46 81.33 81.15 -344.18 81.17 0.365 0x0000FF
84.61 -350.56 80.87 83.34 -347.46 81.33 0.275 0x0000FF
84.07 -354.2 80.48 84.61 -350.56 80.87 0.275 0x0000FF
35.42 -292.01 74.95 35.42 -288.19 74.81 0.82 0x0000FF
34.86 -299.66 75.56 35.42 -292.01 74.95 0.82 0x0000FF
35.06 -301.85 75.95 34.86 -299.66 75.56 0.82 0x0000FF
34.64 -304.85 75.27 35.06 -301.85 75.95 0.82 0x0000FF
34.46 -307.41 74.43 34.64 -304.85 75.27 0.82 0x0000FF
34.27 -313.05 72.01 34.46 -307.41 74.43 0.82 0x0000FF
34.27 -317.79 71.93 34.27 -313.05 72.01 0.82 0x0000FF
33.54 -322.7 71.02 34.27 -317.79 71.93 0.73 0x0000FF
32.45 -328.54 70.19 33.54 -322.7 71.02 0.73 0x0000FF
32.27 -333.82 70.34 32.45 -328.54 70.19 0.73 0x0000FF
32.27 -337.1 71.02 32.27 -333.82 70.34 0.73 0x0000FF
31.36 -342.02 71.93 32.27 -337.1 71.02 0.64 0x0000FF
30.26 -344.76 72.54 31.36 -342.02 71.93 0.64 0x0000FF
28.44 -347.67 73.37 30.26 -344.76 72.54 0.64 0x0000FF
27.16 -350.4 74.58 28.44 -347.67 73.37 0.64 0x0000FF
25.52 -358.97 75.42 27.16 -350.4 74.58 0.545 0x0000FF
24.42 -364.98 76.09 25.52 -358.97 75.42 0.545 0x0000FF
22.42 -371.72 76.25 24.42 -364.98 76.09 0.455 0x0000FF
21.5 -374.64 76.63 22.42 -371.72 76.25 0.455 0x0000FF
20.59 -377.73 76.93 21.5 -374.64 76.63 0.455 0x0000FF
20.41 -379.19 77.69 20.59 -377.73 76.93 0.455 0x0000FF
20.23 -380.83 77.84 20.41 -379.19 77.69 0.455 0x0000FF
19.3 -384.29 78.75 20.23 -380.83 77.84 0.455 0x0000FF
17.48 -391.58 79.36 19.3 -384.29 78.75 0.365 0x0000FF
17.12 -393.04 79.81 17.48 -391.58 79.36 0.365 0x0000FF
16.76 -394.5 80.26 17.12 -393.04 79.81 0.365 0x0000FF
15.98 -396.31 80.79 16.76 -394.5 80.26 0.275 0x0000FF
15.43 -397.77 81.17 15.98 -396.31 80.79 0.275 0x0000FF
15.07 -398.87 81.63 15.43 -397.77 81.17 0.275 0x0000FF
14.52 -399.96 82.31 15.07 -398.87 81.63 0.275 0x0000FF
14.16 -401.23 82.92 14.52 -399.96 82.31 0.275 0x0000FF
12.7 -407.98 83.98 14.16 -401.23 82.92 0.275 0x0000FF
11.78 -409.62 84.2 12.7 -407.98 83.98 0.275 0x0000FF
10.32 -412.35 85.72 11.78 -409.62 84.2 0.275 0x0000FF
7.4 -415.99 86.55 10.32 -412.35 85.72 0.275 0x0000FF
5.22 -419.64 87.92 7.4 -415.99 86.55 0.275 0x0000FF
5.03 -420.0 88.82 5.22 -419.64 87.92 0.275 0x0000FF
23.83 -207.95 64.13 23.1 -207.03 64.13 0.73 0x0000FF
25.02 -208.56 60.87 23.83 -207.95 64.13 0.455 0x0000FF
25.39 -208.56 60.34 25.02 -208.56 60.87 0.455 0x0000FF
27.03 -208.93 59.28 25.39 -208.56 60.34 0.455 0x0000FF
27.58 -208.93 58.6 27.03 -208.93 59.28 0.455 0x0000FF
29.4 -208.75 57.69 27.58 -208.93 58.6 0.365 0x0000FF
30.5 -208.75 57.01 29.4 -208.75 57.69 0.365 0x0000FF
31.96 -208.38 56.48 30.5 -208.75 57.01 0.365 0x0000FF
32.86 -208.02 55.34 31.96 -208.38 56.48 0.365 0x0000FF
33.6 -206.74 54.59 32.86 -208.02 55.34 0.365 0x0000FF
34.14 -205.83 53.75 33.6 -206.74 54.59 0.365 0x0000FF
34.14 -204.92 52.99 34.14 -205.83 53.75 0.365 0x0000FF
34.51 -203.83 51.78 34.14 -204.92 52.99 0.365 0x0000FF
35.06 -202.92 49.89 34.51 -203.83 51.78 0.365 0x0000FF
35.79 -202.19 47.92 35.06 -202.92 49.89 0.365 0x0000FF
36.33 -202.0 47.31 35.79 -202.19 47.92 0.365 0x0000FF
37.06 -201.64 46.18 36.33 -202.0 47.31 0.365 0x0000FF
37.61 -201.64 45.19 37.06 -201.64 46.18 0.365 0x0000FF
38.52 -201.46 44.36 37.61 -201.64 45.19 0.365 0x0000FF
39.44 -201.09 43.53 38.52 -201.46 44.36 0.365 0x0000FF
40.71 -199.64 42.77 39.44 -201.09 43.53 0.365 0x0000FF
41.26 -198.91 42.01 40.71 -199.64 42.77 0.365 0x0000FF
41.99 -197.81 40.95 41.26 -198.91 42.01 0.365 0x0000FF
42.72 -196.36 40.34 41.99 -197.81 40.95 0.365 0x0000FF
43.08 -195.63 39.65 42.72 -196.36 40.34 0.365 0x0000FF
43.45 -194.72 38.68 43.08 -195.63 39.65 0.365 0x0000FF
43.81 -193.99 38.07 43.45 -194.72 38.68 0.365 0x0000FF
44.54 -193.26 37.47 43.81 -193.99 38.07 0.365 0x0000FF
45.27 -192.17 37.01 44.54 -193.26 37.47 0.365 0x0000FF
46.19 -191.25 36.18 45.27 -192.17 37.01 0.365 0x0000FF
47.46 -190.53 35.65 46.19 -191.25 36.18 0.365 0x0000FF
49.65 -189.62 34.74 47.46 -190.53 35.65 0.275 0x0000FF
5.63 -37.9 34.89 3.99 -38.26 34.97 0.73 0x0000FF
6.91 -36.99 35.04 5.63 -37.9 34.89 0.73 0x0000FF
7.64 -36.61 35.27 6.91 -36.99 35.04 0.73 0x0000FF
8.92 -36.44 34.28 7.64 -36.61 35.27 0.73 0x0000FF
10.19 -36.08 33.75 8.92 -36.44 34.28 0.73 0x0000FF
11.11 -35.9 32.47 10.19 -36.08 33.75 0.73 0x0000FF
12.38 -35.71 31.41 11.11 -35.9 32.47 0.73 0x0000FF
13.84 -35.9 29.74 12.38 -35.71 31.41 0.73 0x0000FF
15.49 -35.9 28.83 13.84 -35.9 29.74 0.73 0x0000FF
17.86 -35.71 27.47 15.49 -35.9 28.83 0.73 0x0000FF
20.78 -34.61 26.25 17.86 -35.71 27.47 0.545 0x0000FF
21.69 -34.44 25.65 20.78 -34.61 26.25 0.545 0x0000FF
22.97 -33.71 24.29 21.69 -34.44 25.65 0.545 0x0000FF
24.24 -32.43 23.6 22.97 -33.71 24.29 0.365 0x0000FF
25.16 -31.89 22.54 24.24 -32.43 23.6 0.365 0x0000FF
26.61 -30.98 19.66 25.16 -31.89 22.54 0.365 0x0000FF
28.26 -30.61 18.45 26.61 -30.98 19.66 0.365 0x0000FF
30.45 -30.07 16.86 28.26 -30.61 18.45 0.365 0x0000FF
31.18 -29.52 16.03 30.45 -30.07 16.86 0.365 0x0000FF
31.72 -29.15 14.44 31.18 -29.52 16.03 0.365 0x0000FF
33.72 -27.15 13.15 31.72 -29.15 14.44 0.275 0x0000FF
33.54 -25.69 11.86 33.72 -27.15 13.15 0.275 0x0000FF
-4.22 6.92 26.41 -6.23 8.19 26.18 1.005 0x0000FF
-3.49 6.01 27.16 -4.22 6.92 26.41 1.005 0x0000FF
-2.76 5.46 27.85 -3.49 6.01 27.16 1.005 0x0000FF
-2.21 4.73 28.45 -2.76 5.46 27.85 1.005 0x0000FF
-0.39 3.28 29.06 -2.21 4.73 28.45 0.91 0x0000FF
0.89 2.0 29.44 -0.39 3.28 29.06 0.91 0x0000FF
2.35 0.54 30.65 0.89 2.0 29.44 0.73 0x0000FF
3.08 -0.37 31.25 2.35 0.54 30.65 0.73 0x0000FF
3.81 -1.28 32.01 3.08 -0.37 31.25 0.545 0x0000FF
5.45 -2.37 32.69 3.81 -1.28 32.01 0.545 0x0000FF
8.0 -4.01 34.13 5.45 -2.37 32.69 0.455 0x0000FF
10.19 -4.38 34.74 8.0 -4.01 34.13 0.455 0x0000FF
12.2 -4.74 35.19 10.19 -4.38 34.74 0.365 0x0000FF
14.39 -4.55 35.79 12.2 -4.74 35.19 0.365 0x0000FF
16.57 -4.38 35.95 14.39 -4.55 35.79 0.365 0x0000FF
