-83.1 -3.59 -1.77 -89.9 -0.7 3.01 1.185 0x0000FF
-82.37 -3.95 -1.39 -83.1 -3.59 -1.77 1.185 0x0000FF
-81.81 -3.95 -1.17 -82.37 -3.95 -1.39 1.185 0x0000FF
-80.36 -5.23 -1.02 -81.81 -3.95 -1.17 1.185 0x0000FF
-77.98 -6.69 -0.86 -80.36 -5.23 -1.02 1.185 0x0000FF
-76.7 -6.13 0.2 -77.98 -6.69 -0.86 1.095 0x0000FF
-75.59 -5.95 0.42 -76.7 -6.13 0.2 1.005 0x0000FF
-74.14 -5.95 0.5 -75.59 -5.95 0.42 1.005 0x0000FF
-71.95 -5.95 0.65 -74.14 -5.95 0.5 1.005 0x0000FF
-69.58 -6.86 0.8 -71.95 -5.95 0.65 0.91 0x0000FF
-67.76 -7.59 0.95 -69.58 -6.86 0.8 0.82 0x0000FF
-67.2 -7.77 1.26 -67.76 -7.59 0.95 0.82 0x0000FF
-66.11 -7.96 1.41 -67.2 -7.77 1.26 0.82 0x0000FF
-64.65 -7.77 1.64 -66.11 -7.96 1.41 0.82 0x0000FF
-63.01 -7.41 1.94 -64.65 -7.77 1.64 0.82 0x0000FF
-61.37 -6.13 2.0 -63.01 -7.41 1.94 0.82 0x0000FF
-60.82 -5.95 2.0 -61.37 -6.13 2.0 0.82 0x0000FF
-59.0 -4.53 1.56 -60.82 -5.95 2.0 0.455 0x0000FF
-58.64 -3.44 1.64 -59.0 -4.53 1.56 0.455 0x0000FF
-58.09 -1.07 1.79 -58.64 -3.44 1.64 0.455 0x0000FF
-57.72 1.84 1.94 -58.09 -1.07 1.79 0.455 0x0000FF
-57.72 2.75 1.94 -57.72 1.84 1.94 0.455 0x0000FF
-57.54 4.03 1.64 -57.72 2.75 1.94 0.455 0x0000FF
-57.36 5.31 0.73 -57.54 4.03 1.64 0.455 0x0000FF
-57.36 6.95 0.65 -57.36 5.31 0.73 0.455 0x0000FF
-57.36 8.77 0.12 -57.36 6.95 0.65 0.455 0x0000FF
-57.36 9.31 -0.33 -57.36 8.77 0.12 0.455 0x0000FF
-56.99 10.59 -0.71 -57.36 9.31 -0.33 0.455 0x0000FF
-56.63 11.5 -1.32 -56.99 10.59 -0.71 0.455 0x0000FF
-56.26 11.86 -1.55 -56.63 11.5 -1.32 0.455 0x0000FF
-56.08 12.41 -1.92 -56.26 11.86 -1.55 0.455 0x0000FF
-56.08 13.14 -2.15 -56.08 12.41 -1.92 0.455 0x0000FF
-55.72 13.87 -2.29 -56.08 13.14 -2.15 0.455 0x0000FF
-55.72 14.42 -2.68 -55.72 13.87 -2.29 0.455 0x0000FF
-55.35 15.33 -3.14 -55.72 14.42 -2.68 0.455 0x0000FF
-54.99 15.87 -3.36 -55.35 15.33 -3.14 0.455 0x0000FF
-54.07 16.78 -3.59 -54.99 15.87 -3.36 0.455 0x0000FF
-52.98 17.69 -3.97 -54.07 16.78 -3.59 0.455 0x0000FF
-51.7 18.79 -4.26 -52.98 17.69 -3.97 0.455 0x0000FF
-50.97 19.14 -4.58 -51.7 18.79 -4.26 0.455 0x0000FF
-49.33 20.61 -5.03 -50.97 19.14 -4.58 0.455 0x0000FF
-48.05 21.89 -5.26 -49.33 20.61 -5.03 0.455 0x0000FF
-46.23 23.34 -5.56 -48.05 21.89 -5.26 0.455 0x0000FF
-45.13 24.25 -5.86 -46.23 23.34 -5.56 0.455 0x0000FF
-44.22 24.98 -6.24 -45.13 24.25 -5.86 0.455 0x0000FF
-43.13 26.44 -6.7 -44.22 24.98 -6.24 0.455 0x0000FF
-42.76 26.8 -6.7 -43.13 26.44 -6.7 0.455 0x0000FF
-41.49 28.99 -7.3 -42.76 26.8 -6.7 0.455 0x0000FF
-41.49 29.72 -7.53 -41.49 28.99 -7.3 0.455 0x0000FF
-40.94 30.63 -8.51 -41.49 29.72 -7.53 0.455 0x0000FF
-40.57 31.72 -9.27 -40.94 30.63 -8.51 0.455 0x0000FF
-40.21 32.45 -9.88 -40.57 31.72 -9.27 0.455 0x0000FF
-40.21 33.18 -10.41 -40.21 32.45 -9.88 0.455 0x0000FF
-40.21 33.9 -10.94 -40.21 33.18 -10.41 0.455 0x0000FF
-40.21 34.64 -11.17 -40.21 33.9 -10.94 0.455 0x0000FF
-40.57 36.64 -12.07 -40.21 34.64 -11.17 0.455 0x0000FF
-40.94 38.65 -12.68 -40.57 36.64 -12.07 0.455 0x0000FF
-40.76 39.56 -13.29 -40.94 38.65 -12.68 0.455 0x0000FF
-39.29 40.47 -13.36 -40.76 39.56 -13.29 0.455 0x0000FF
-38.57 41.02 -14.04 -39.29 40.47 -13.36 0.455 0x0000FF
-37.47 41.38 -14.73 -38.57 41.02 -14.04 0.455 0x0000FF
-36.38 41.56 -15.18 -37.47 41.38 -14.73 0.455 0x0000FF
-34.36 43.02 -15.94 -36.38 41.56 -15.18 0.455 0x0000FF
-33.64 43.2 -16.09 -34.36 43.02 -15.94 0.455 0x0000FF
-32.72 43.75 -16.39 -33.64 43.2 -16.09 0.455 0x0000FF
-30.72 44.3 -17.0 -32.72 43.75 -16.39 0.455 0x0000FF
-29.44 44.66 -17.45 -30.72 44.3 -17.0 0.455 0x0000FF
-28.53 45.02 -17.91 -29.44 44.66 -17.45 0.455 0x0000FF
-27.44 45.21 -17.98 -28.53 45.02 -17.91 0.455 0x0000FF
-26.89 45.39 -18.44 -27.44 45.21 -17.98 0.455 0x0000FF
-25.98 45.57 -19.04 -26.89 45.39 -18.44 0.455 0x0000FF
-24.7 45.75 -19.73 -25.98 45.57 -19.04 0.455 0x0000FF
-23.06 46.3 -20.48 -24.7 45.75 -19.73 0.455 0x0000FF
-21.23 46.66 -20.56 -23.06 46.3 -20.48 0.455 0x0000FF
-17.22 48.67 -21.54 -21.23 46.66 -20.56 0.365 0x0000FF
-16.67 49.4 -22.3 -17.22 48.67 -21.54 0.365 0x0000FF
-15.39 50.13 -22.83 -16.67 49.4 -22.3 0.365 0x0000FF
-13.57 51.22 -23.51 -15.39 50.13 -22.83 0.365 0x0000FF
-12.66 51.4 -23.97 -13.57 51.22 -23.51 0.365 0x0000FF
-11.2 51.95 -24.8 -12.66 51.4 -23.97 0.365 0x0000FF
-10.1 52.31 -24.95 -11.2 51.95 -24.8 0.365 0x0000FF
-8.64 53.04 -25.48 -10.1 52.31 -24.95 0.365 0x0000FF
-7.37 53.95 -26.32 -8.64 53.04 -25.48 0.365 0x0000FF
-7.0 54.32 -26.69 -7.37 53.95 -26.32 0.365 0x0000FF
-5.91 55.59 -27.22 -7.0 54.32 -26.69 0.365 0x0000FF
-4.63 59.6 -27.98 -5.91 55.59 -27.22 0.365 0x0000FF
-4.08 62.33 -28.44 -4.63 59.6 -27.98 0.365 0x0000FF
-4.08 65.06 -28.51 -4.08 62.33 -28.44 0.365 0x0000FF
-4.99 69.08 -28.89 -4.08 65.06 -28.51 0.365 0x0000FF
-4.99 70.9 -29.42 -4.99 69.08 -28.89 0.365 0x0000FF
-4.26 71.98 -29.88 -4.99 70.9 -29.42 0.365 0x0000FF
-2.44 73.98 -30.25 -4.26 71.98 -29.88 0.365 0x0000FF
-0.62 76.73 -30.41 -2.44 73.98 -30.25 0.365 0x0000FF
0.3 79.64 -31.32 -0.62 76.73 -30.41 0.365 0x0000FF
1.03 82.19 -31.85 0.3 79.64 -31.32 0.365 0x0000FF
2.67 83.65 -32.0 1.03 82.19 -31.85 0.365 0x0000FF
3.76 84.56 -32.45 2.67 83.65 -32.0 0.365 0x0000FF
5.23 87.84 -32.45 3.76 84.56 -32.45 0.365 0x0000FF
5.6 89.3 -32.07 5.23 87.84 -32.45 0.365 0x0000FF
5.96 90.76 -31.77 5.6 89.3 -32.07 0.365 0x0000FF
5.96 93.49 -31.47 5.96 90.76 -31.77 0.365 0x0000FF
6.33 95.49 -31.24 5.96 93.49 -31.47 0.365 0x0000FF
6.88 97.13 -31.01 6.33 95.49 -31.24 0.365 0x0000FF
7.42 98.77 -30.78 6.88 97.13 -31.01 0.365 0x0000FF
7.79 100.41 -30.63 7.42 98.77 -30.78 0.365 0x0000FF
7.61 100.78 -30.18 7.79 100.41 -30.63 0.365 0x0000FF
7.61 101.69 -29.72 7.61 100.78 -30.18 0.365 0x0000FF
6.88 103.51 -27.15 7.61 101.69 -29.72 0.365 0x0000FF
6.69 103.88 -26.92 6.88 103.51 -27.15 0.365 0x0000FF
6.51 104.42 -26.39 6.69 103.88 -26.92 0.365 0x0000FF
6.51 105.15 -25.86 6.51 104.42 -26.39 0.365 0x0000FF
6.51 106.24 -25.48 6.51 105.15 -25.86 0.365 0x0000FF
6.88 107.34 -24.8 6.51 106.24 -25.48 0.365 0x0000FF
7.24 107.7 -24.27 6.88 107.34 -24.8 0.365 0x0000FF
8.52 109.34 -23.89 7.24 107.7 -24.27 0.365 0x0000FF
9.06 110.25 -23.89 8.52 109.34 -23.89 0.365 0x0000FF
9.25 110.8 -23.66 9.06 110.25 -23.89 0.365 0x0000FF
-59.36 -6.32 2.09 -60.82 -5.95 2.0 0.545 0x0000FF
-58.45 -6.13 2.17 -59.36 -6.32 2.09 0.545 0x0000FF
-57.9 -6.13 2.24 -58.45 -6.13 2.17 0.545 0x0000FF
-57.17 -6.68 2.39 -57.9 -6.13 2.24 0.545 0x0000FF
-56.44 -7.23 2.54 -57.17 -6.68 2.39 0.545 0x0000FF
-55.53 -7.59 2.7 -56.44 -7.23 2.54 0.545 0x0000FF
-54.07 -7.96 2.85 -55.53 -7.59 2.7 0.545 0x0000FF
-51.7 -7.96 2.85 -54.07 -7.96 2.85 0.545 0x0000FF
-50.97 -7.77 3.08 -51.7 -7.96 2.85 0.545 0x0000FF
-49.33 -7.23 3.3 -50.97 -7.77 3.08 0.545 0x0000FF
-48.42 -7.04 3.45 -49.33 -7.23 3.3 0.545 0x0000FF
-47.69 -6.86 3.45 -48.42 -7.04 3.45 0.545 0x0000FF
-46.23 -6.86 4.05 -47.69 -6.86 3.45 0.455 0x0000FF
-45.13 -6.86 4.29 -46.23 -6.86 4.05 0.455 0x0000FF
-43.67 -7.23 4.36 -45.13 -6.86 4.29 0.455 0x0000FF
-42.03 -7.59 4.67 -43.67 -7.23 4.36 0.455 0x0000FF
-40.75 -7.77 4.88 -42.03 -7.59 4.67 0.455 0x0000FF
-39.47 -7.96 5.12 -40.75 -7.77 4.88 0.455 0x0000FF
-37.83 -8.32 5.35 -39.47 -7.96 5.12 0.455 0x0000FF
-37.1 -8.68 5.8 -37.83 -8.32 5.35 0.455 0x0000FF
-36.19 -8.86 6.03 -37.1 -8.68 5.8 0.455 0x0000FF
-34.72 -9.41 6.33 -36.19 -8.86 6.03 0.455 0x0000FF
-33.27 -9.96 6.33 -34.72 -9.41 6.33 0.455 0x0000FF
-32.54 -10.32 6.41 -33.27 -9.96 6.33 0.455 0x0000FF
-30.9 -10.87 6.56 -32.54 -10.32 6.41 0.455 0x0000FF
-28.89 -11.6 6.64 -30.9 -10.87 6.56 0.455 0x0000FF
-27.43 -11.96 6.64 -28.89 -11.6 6.64 0.455 0x0000FF
-26.15 -12.1 7.09 -27.43 -11.96 6.64 0.455 0x0000FF
-25.05 -12.64 7.17 -26.15 -12.1 7.09 0.455 0x0000FF
-22.68 -13.55 7.32 -25.05 -12.64 7.17 0.455 0x0000FF
-21.22 -14.28 7.62 -22.68 -13.55 7.32 0.455 0x0000FF
-20.49 -14.47 7.77 -21.22 -14.28 7.62 0.455 0x0000FF
-19.57 -14.47 8.07 -20.49 -14.47 7.77 0.455 0x0000FF
-18.67 -14.65 8.38 -19.57 -14.47 8.07 0.455 0x0000FF
-16.66 -15.01 8.61 -18.67 -14.65 8.38 0.455 0x0000FF
-15.38 -15.38 8.68 -16.66 -15.01 8.61 0.455 0x0000FF
-13.38 -15.92 8.76 -15.38 -15.38 8.68 0.455 0x0000FF
-11.37 -16.29 8.91 -13.38 -15.92 8.76 0.455 0x0000FF
-10.09 -16.64 8.91 -11.37 -16.29 8.91 0.455 0x0000FF
-9.18 -16.64 8.98 -10.09 -16.64 8.91 0.455 0x0000FF
-7.9 -16.82 8.98 -9.18 -16.64 8.98 0.455 0x0000FF
-5.71 -17.75 8.98 -7.9 -16.82 8.98 0.365 0x0000FF
-3.34 -17.93 9.21 -5.71 -17.75 8.98 0.365 0x0000FF
-1.88 -18.29 9.28 -3.34 -17.93 9.21 0.365 0x0000FF
-0.79 -18.66 9.51 -1.88 -18.29 9.28 0.365 0x0000FF
-0.24 -19.02 9.82 -0.79 -18.66 9.51 0.365 0x0000FF
-0.06 -19.02 9.44 -0.24 -19.02 9.82 0.365 0x0000FF
0.31 -19.2 9.67 -0.06 -19.02 9.44 0.365 0x0000FF
1.22 -19.57 9.97 0.31 -19.2 9.67 0.365 0x0000FF
2.68 -19.93 10.27 1.22 -19.57 9.97 0.365 0x0000FF
3.04 -19.93 10.5 2.68 -19.93 10.27 0.365 0x0000FF
3.41 -20.11 10.27 3.04 -19.93 10.5 0.365 0x0000FF
3.77 -20.3 9.67 3.41 -20.11 10.27 0.365 0x0000FF
4.32 -20.3 8.91 3.77 -20.3 9.67 0.365 0x0000FF
5.23 -20.48 8.3 4.32 -20.3 8.91 0.365 0x0000FF
6.51 -20.48 7.7 5.23 -20.48 8.3 0.365 0x0000FF
7.97 -20.84 7.62 6.51 -20.48 7.7 0.365 0x0000FF
9.61 -20.84 7.24 7.97 -20.84 7.62 0.365 0x0000FF
12.71 -20.66 6.94 9.61 -20.84 7.24 0.365 0x0000FF
15.45 -20.66 6.71 12.71 -20.66 6.94 0.365 0x0000FF
16.55 -20.84 6.48 15.45 -20.66 6.71 0.365 0x0000FF
18.73 -21.39 6.18 16.55 -20.84 6.48 0.365 0x0000FF
19.64 -21.75 5.88 18.73 -21.39 6.18 0.365 0x0000FF
22.93 -22.48 5.65 19.64 -21.75 5.88 0.365 0x0000FF
25.49 -23.03 5.27 22.93 -22.48 5.65 0.365 0x0000FF
28.22 -23.58 4.88 25.49 -23.03 5.27 0.365 0x0000FF
29.14 -23.58 4.59 28.22 -23.58 4.88 0.365 0x0000FF
31.14 -24.12 4.44 29.14 -23.58 4.59 0.365 0x0000FF
32.42 -24.3 4.05 31.14 -24.12 4.44 0.365 0x0000FF
33.15 -24.49 3.53 32.42 -24.3 4.05 0.365 0x0000FF
34.61 -24.49 3.08 33.15 -24.49 3.53 0.365 0x0000FF
35.52 -24.49 2.7 34.61 -24.49 3.08 0.365 0x0000FF
36.43 -24.49 2.54 35.52 -24.49 2.7 0.365 0x0000FF
37.35 -24.49 2.31 36.43 -24.49 2.54 0.365 0x0000FF
38.81 -24.49 1.94 37.35 -24.49 2.31 0.365 0x0000FF
39.54 -24.49 1.48 38.81 -24.49 1.94 0.365 0x0000FF
40.81 -24.3 0.95 39.54 -24.49 1.48 0.365 0x0000FF
42.45 -24.12 0.5 40.81 -24.3 0.95 0.365 0x0000FF
43.18 -23.76 0.05 42.45 -24.12 0.5 0.365 0x0000FF
44.83 -23.76 -0.11 43.18 -23.76 0.05 0.365 0x0000FF
45.74 -23.58 -0.48 44.83 -23.76 -0.11 0.365 0x0000FF
47.56 -23.76 -0.71 45.74 -23.58 -0.48 0.365 0x0000FF
50.85 -24.12 -1.09 47.56 -23.76 -0.71 0.365 0x0000FF
54.31 -23.94 -1.62 50.85 -24.12 -1.09 0.275 0x0000FF
56.69 -23.94 -2.08 54.31 -23.94 -1.62 0.275 0x0000FF
59.24 -23.94 -2.83 56.69 -23.94 -2.08 0.275 0x0000FF
64.53 -24.12 -3.21 59.24 -23.94 -2.83 0.275 0x0000FF
66.36 -24.49 -3.51 64.53 -24.12 -3.21 0.275 0x0000FF
69.28 -23.76 -3.97 66.36 -24.49 -3.51 0.275 0x0000FF
70.37 -23.76 -4.2 69.28 -23.76 -3.97 0.275 0x0000FF
-25.97 -13.97 6.79 -27.43 -11.96 6.64 0.455 0x0000FF
-24.7 -14.51 6.79 -25.97 -13.97 6.79 0.455 0x0000FF
-23.97 -15.06 6.86 -24.7 -14.51 6.79 0.455 0x0000FF
-23.42 -15.61 7.24 -23.97 -15.06 6.86 0.455 0x0000FF
-22.87 -16.52 7.39 -23.42 -15.61 7.24 0.455 0x0000FF
-22.14 -17.61 7.54 -22.87 -16.52 7.39 0.455 0x0000FF
-21.96 -18.34 7.7 -22.14 -17.61 7.54 0.455 0x0000FF
-21.6 -19.25 8.0 -21.96 -18.34 7.7 0.455 0x0000FF
-21.05 -20.53 8.23 -21.6 -19.25 8.0 0.455 0x0000FF
-20.87 -21.44 8.44 -21.05 -20.53 8.23 0.455 0x0000FF
-20.68 -21.8 8.76 -20.87 -21.44 8.44 0.455 0x0000FF
-20.5 -22.53 8.98 -20.68 -21.8 8.76 0.455 0x0000FF
-19.22 -24.54 9.21 -20.5 -22.53 8.98 0.455 0x0000FF
-18.3 -25.81 9.59 -19.22 -24.54 9.21 0.455 0x0000FF
-16.48 -27.45 10.03 -18.3 -25.81 9.59 0.455 0x0000FF
-15.94 -28.0 10.42 -16.48 -27.45 10.03 0.455 0x0000FF
-14.84 -29.09 10.8 -15.94 -28.0 10.42 0.455 0x0000FF
-13.57 -30.55 11.18 -14.84 -29.09 10.8 0.455 0x0000FF
-11.56 -32.92 11.48 -13.57 -30.55 11.18 0.455 0x0000FF
-9.92 -34.56 11.79 -11.56 -32.92 11.48 0.455 0x0000FF
-9.01 -35.83 11.94 -9.92 -34.56 11.79 0.455 0x0000FF
-7.36 -38.38 12.24 -9.01 -35.83 11.94 0.455 0x0000FF
-6.27 -40.02 12.62 -7.36 -38.38 12.24 0.455 0x0000FF
-4.45 -42.57 12.77 -6.27 -40.02 12.62 0.455 0x0000FF
-3.17 -44.76 13.0 -4.45 -42.57 12.77 0.455 0x0000FF
-1.53 -47.31 13.15 -3.17 -44.76 13.0 0.455 0x0000FF
-0.43 -48.95 13.6 -1.53 -47.31 13.15 0.365 0x0000FF
-0.25 -49.5 13.68 -0.43 -48.95 13.6 0.365 0x0000FF
-0.07 -50.23 14.06 -0.25 -49.5 13.68 0.365 0x0000FF
0.12 -50.59 14.21 -0.07 -50.23 14.06 0.365 0x0000FF
0.48 -51.5 14.59 0.12 -50.59 14.21 0.365 0x0000FF
0.66 -52.23 14.82 0.48 -51.5 14.59 0.365 0x0000FF
1.03 -53.14 14.97 0.66 -52.23 14.82 0.365 0x0000FF
1.21 -53.87 15.5 1.03 -53.14 14.97 0.365 0x0000FF
1.21 -54.42 15.88 1.21 -53.87 15.5 0.365 0x0000FF
1.39 -55.15 16.1 1.21 -54.42 15.88 0.365 0x0000FF
1.76 -56.06 16.26 1.39 -55.15 16.1 0.365 0x0000FF
1.94 -56.78 16.55 1.76 -56.06 16.26 0.365 0x0000FF
2.12 -57.7 16.79 1.94 -56.78 16.55 0.365 0x0000FF
2.31 -58.42 17.09 2.12 -57.7 16.79 0.365 0x0000FF
2.49 -58.97 17.32 2.31 -58.42 17.09 0.365 0x0000FF
2.85 -60.06 17.54 2.49 -58.97 17.32 0.365 0x0000FF
3.4 -60.79 17.77 2.85 -60.06 17.54 0.365 0x0000FF
3.95 -61.34 18.23 3.4 -60.79 17.77 0.365 0x0000FF
5.04 -62.25 18.53 3.95 -61.34 18.23 0.365 0x0000FF
5.95 -62.98 18.82 5.04 -62.25 18.53 0.365 0x0000FF
7.23 -63.71 19.21 5.95 -62.98 18.82 0.365 0x0000FF
8.51 -64.26 19.82 7.23 -63.71 19.21 0.365 0x0000FF
8.86 -64.8 20.12 8.51 -64.26 19.82 0.365 0x0000FF
9.97 -65.89 20.5 8.86 -64.8 20.12 0.365 0x0000FF
11.06 -67.53 20.8 9.97 -65.89 20.5 0.365 0x0000FF
11.79 -68.81 21.18 11.06 -67.53 20.8 0.365 0x0000FF
12.52 -69.72 21.41 11.79 -68.81 21.18 0.365 0x0000FF
13.44 -70.45 22.01 12.52 -69.72 21.41 0.365 0x0000FF
15.08 -70.81 22.39 13.44 -70.45 22.01 0.365 0x0000FF
17.63 -71.18 22.54 15.08 -70.81 22.39 0.365 0x0000FF
19.64 -71.18 22.77 17.63 -71.18 22.54 0.365 0x0000FF
21.65 -71.18 22.92 19.64 -71.18 22.77 0.365 0x0000FF
23.84 -71.54 23.07 21.65 -71.18 22.92 0.365 0x0000FF
24.93 -71.91 23.38 23.84 -71.54 23.07 0.365 0x0000FF
25.66 -72.27 23.38 24.93 -71.91 23.38 0.365 0x0000FF
26.02 -72.45 23.91 25.66 -72.27 23.38 0.365 0x0000FF
28.4 -73.18 24.36 26.02 -72.45 23.91 0.365 0x0000FF
28.76 -73.18 23.6 28.4 -73.18 24.36 0.365 0x0000FF
30.4 -75.19 20.19 28.76 -73.18 23.6 0.365 0x0000FF
31.32 -76.28 19.82 30.4 -75.19 20.19 0.365 0x0000FF
32.04 -77.19 19.73 31.32 -76.28 19.82 0.365 0x0000FF
33.69 -79.01 19.59 32.04 -77.19 19.73 0.365 0x0000FF
36.24 -80.84 19.36 33.69 -79.01 19.59 0.365 0x0000FF
37.88 -82.48 19.21 36.24 -80.84 19.36 0.365 0x0000FF
40.26 -85.75 19.13 37.88 -82.48 19.21 0.365 0x0000FF
43.18 -90.49 19.05 40.26 -85.75 19.13 0.365 0x0000FF
44.45 -93.41 19.05 43.18 -90.49 19.05 0.365 0x0000FF
45.18 -95.41 19.05 44.45 -93.41 19.05 0.365 0x0000FF
46.09 -97.23 18.98 45.18 -95.41 19.05 0.365 0x0000FF
46.65 -98.82 17.54 46.09 -97.23 18.98 0.365 0x0000FF
46.83 -99.19 17.47 46.65 -98.82 17.54 0.365 0x0000FF
46.83 -100.1 17.09 46.83 -99.19 17.47 0.365 0x0000FF
46.83 -100.65 16.71 46.83 -100.1 17.09 0.365 0x0000FF
47.02 -101.74 16.26 46.83 -100.65 16.71 0.365 0x0000FF
47.56 -102.83 15.88 47.02 -101.74 16.26 0.365 0x0000FF
48.11 -104.11 15.42 47.56 -102.83 15.88 0.365 0x0000FF
48.84 -106.29 15.04 48.11 -104.11 15.42 0.365 0x0000FF
49.75 -108.12 14.59 48.84 -106.29 15.04 0.365 0x0000FF
50.48 -109.76 14.59 49.75 -108.12 14.59 0.365 0x0000FF
-76.34 -8.14 -0.71 -77.98 -6.69 -0.86 0.545 0x0000FF
-75.44 -9.05 -0.48 -76.34 -8.14 -0.71 0.545 0x0000FF
-73.25 -10.69 -0.33 -75.44 -9.05 -0.48 0.545 0x0000FF
-71.23 -12.88 -0.26 -73.25 -10.69 -0.33 0.545 0x0000FF
-69.59 -14.52 -0.18 -71.23 -12.88 -0.26 0.545 0x0000FF
-67.95 -15.98 -0.03 -69.59 -14.52 -0.18 0.545 0x0000FF
-66.68 -17.25 0.35 -67.95 -15.98 -0.03 0.545 0x0000FF
-65.4 -18.53 0.73 -66.68 -17.25 0.35 0.545 0x0000FF
-63.76 -20.53 1.03 -65.4 -18.53 0.73 0.545 0x0000FF
-62.66 -22.54 1.18 -63.76 -20.53 1.03 0.545 0x0000FF
-62.12 -24.0 1.33 -62.66 -22.54 1.18 0.545 0x0000FF
-61.39 -25.82 1.64 -62.12 -24.0 1.33 0.545 0x0000FF
-60.66 -27.46 1.79 -61.39 -25.82 1.64 0.545 0x0000FF
-59.74 -29.64 1.86 -60.66 -27.46 1.79 0.545 0x0000FF
-59.01 -30.37 1.86 -59.74 -29.64 1.86 0.545 0x0000FF
-57.19 -31.65 1.94 -59.01 -30.37 1.86 0.545 0x0000FF
-55.55 -32.74 2.0 -57.19 -31.65 1.94 0.545 0x0000FF
-54.45 -33.47 2.54 -55.55 -32.74 2.0 0.545 0x0000FF
-53.36 -34.38 2.7 -54.45 -33.47 2.54 0.545 0x0000FF
-49.71 -36.2 3.23 -53.36 -34.38 2.7 0.545 0x0000FF
-46.97 -38.02 3.53 -49.71 -36.2 3.23 0.545 0x0000FF
-46.06 -39.65 4.05 -46.97 -38.02 3.53 0.545 0x0000FF
-45.7 -40.94 4.05 -46.06 -39.65 4.05 0.545 0x0000FF
-45.15 -42.4 4.44 -45.7 -40.94 4.05 0.545 0x0000FF
-44.24 -46.41 4.59 -45.15 -42.4 4.44 0.545 0x0000FF
-43.14 -48.05 4.97 -44.24 -46.41 4.59 0.545 0x0000FF
-41.5 -49.87 5.04 -43.14 -48.05 4.97 0.545 0x0000FF
-38.94 -52.05 5.2 -41.5 -49.87 5.04 0.545 0x0000FF
-36.94 -53.51 5.2 -38.94 -52.05 5.2 0.545 0x0000FF
-34.93 -54.6 5.35 -36.94 -53.51 5.2 0.545 0x0000FF
-32.71 -57.31 5.58 -34.93 -54.6 5.35 0.545 0x0000FF
-28.87 -60.4 5.73 -32.71 -57.31 5.58 0.545 0x0000FF
-26.32 -62.41 5.95 -28.87 -60.4 5.73 0.545 0x0000FF
-23.58 -65.14 6.03 -26.32 -62.41 5.95 0.545 0x0000FF
-20.66 -68.42 6.26 -23.58 -65.14 6.03 0.545 0x0000FF
-19.39 -70.23 6.33 -20.66 -68.42 6.26 0.545 0x0000FF
-18.48 -72.25 6.03 -19.39 -70.23 6.33 0.545 0x0000FF
-17.55 -74.62 5.65 -18.48 -72.25 6.03 0.545 0x0000FF
-16.82 -76.44 5.5 -17.55 -74.62 5.65 0.545 0x0000FF
-15.74 -78.08 5.2 -16.82 -76.44 5.5 0.545 0x0000FF
-13.73 -80.45 4.82 -15.74 -78.08 5.2 0.545 0x0000FF
-9.17 -83.91 4.51 -13.73 -80.45 4.82 0.545 0x0000FF
-6.62 -87.37 4.05 -9.17 -83.91 4.51 0.545 0x0000FF
-3.33 -93.2 3.91 -6.62 -87.37 4.05 0.545 0x0000FF
3.78 -107.96 3.68 -3.33 -93.2 3.91 0.545 0x0000FF
5.79 -112.51 3.45 3.78 -107.96 3.68 0.545 0x0000FF
12.91 -121.99 3.23 5.79 -112.51 3.45 0.545 0x0000FF
14.55 -126.36 3.08 12.91 -121.99 3.23 0.545 0x0000FF
16.37 -129.46 2.85 14.55 -126.36 3.08 0.545 0x0000FF
18.2 -133.65 2.77 16.37 -129.46 2.85 0.545 0x0000FF
23.31 -139.66 2.7 18.2 -133.65 2.77 0.545 0x0000FF
25.31 -140.94 2.54 23.31 -139.66 2.7 0.545 0x0000FF
26.59 -141.66 2.47 25.31 -140.94 2.54 0.545 0x0000FF
30.06 -143.12 2.31 26.59 -141.66 2.47 0.365 0x0000FF
30.6 -143.66 2.31 30.06 -143.12 2.31 0.365 0x0000FF
31.7 -144.94 2.17 30.6 -143.66 2.31 0.365 0x0000FF
33.15 -146.4 2.17 31.7 -144.94 2.17 0.365 0x0000FF
33.34 -146.94 2.0 33.15 -146.4 2.17 0.365 0x0000FF
33.71 -147.68 1.64 33.34 -146.94 2.0 0.365 0x0000FF
33.89 -148.04 1.18 33.71 -147.68 1.64 0.365 0x0000FF
34.07 -148.77 1.18 33.89 -148.04 1.18 0.365 0x0000FF
34.25 -149.5 0.88 34.07 -148.77 1.18 0.365 0x0000FF
34.61 -150.22 0.73 34.25 -149.5 0.88 0.365 0x0000FF
34.97 -151.13 0.65 34.61 -150.22 0.73 0.365 0x0000FF
35.17 -151.69 0.57 34.97 -151.13 0.65 0.365 0x0000FF
35.53 -152.22 0.42 35.17 -151.69 0.57 0.365 0x0000FF
35.9 -152.78 0.42 35.53 -152.22 0.42 0.365 0x0000FF
36.44 -153.69 0.2 35.9 -152.78 0.42 0.365 0x0000FF
37.72 -155.33 0.05 36.44 -153.69 0.2 0.365 0x0000FF
38.45 -156.41 -0.26 37.72 -155.33 0.05 0.365 0x0000FF
39.36 -157.15 -0.41 38.45 -156.41 -0.26 0.365 0x0000FF
40.46 -158.06 -0.79 39.36 -157.15 -0.41 0.365 0x0000FF
41.37 -158.79 -1.09 40.46 -158.06 -0.79 0.365 0x0000FF
41.73 -158.97 -1.62 41.37 -158.79 -1.09 0.365 0x0000FF
42.28 -159.52 -2.45 41.73 -158.97 -1.62 0.365 0x0000FF
43.19 -160.07 -3.29 42.28 -159.52 -2.45 0.365 0x0000FF
43.74 -160.61 -3.82 43.19 -160.07 -3.29 0.365 0x0000FF
44.47 -161.88 -4.26 43.74 -160.61 -3.82 0.365 0x0000FF
45.2 -162.8 -4.65 44.47 -161.88 -4.26 0.365 0x0000FF
46.3 -164.26 -4.73 45.2 -162.8 -4.65 0.365 0x0000FF
47.76 -165.17 -5.18 46.3 -164.26 -4.73 0.365 0x0000FF
48.38 -166.14 -6.24 47.76 -165.17 -5.18 0.365 0x0000FF
49.11 -166.51 -6.32 48.38 -166.14 -6.24 0.365 0x0000FF
49.66 -166.87 -6.92 49.11 -166.51 -6.32 0.365 0x0000FF
50.39 -167.42 -7.68 49.66 -166.87 -6.92 0.365 0x0000FF
50.93 -167.6 -7.83 50.39 -167.42 -7.68 0.365 0x0000FF
52.03 -168.33 -8.21 50.93 -167.6 -7.83 0.365 0x0000FF
52.76 -169.06 -8.51 52.03 -168.33 -8.21 0.365 0x0000FF
53.49 -169.97 -8.59 52.76 -169.06 -8.51 0.365 0x0000FF
54.4 -170.7 -9.03 53.49 -169.97 -8.59 0.365 0x0000FF
54.77 -171.06 -9.5 54.4 -170.7 -9.03 0.365 0x0000FF
55.68 -171.97 -9.57 54.77 -171.06 -9.5 0.365 0x0000FF
56.04 -172.7 -9.94 55.68 -171.97 -9.57 0.365 0x0000FF
56.41 -173.43 -10.02 56.04 -172.7 -9.94 0.365 0x0000FF
56.41 -173.79 -10.48 56.41 -173.43 -10.02 0.365 0x0000FF
56.41 -174.16 -11.39 56.41 -173.79 -10.48 0.365 0x0000FF
56.41 -174.89 -11.85 56.41 -174.16 -11.39 0.365 0x0000FF
56.04 -175.62 -12.0 56.41 -174.89 -11.85 0.365 0x0000FF
56.04 -175.98 -12.53 56.04 -175.62 -12.0 0.365 0x0000FF
55.86 -176.71 -13.44 56.04 -175.98 -12.53 0.365 0x0000FF
55.5 -177.07 -13.89 55.86 -176.71 -13.44 0.365 0x0000FF
55.31 -177.26 -14.5 55.5 -177.07 -13.89 0.365 0x0000FF
54.77 -177.62 -15.18 55.31 -177.26 -14.5 0.365 0x0000FF
53.85 -177.99 -15.94 54.77 -177.62 -15.18 0.365 0x0000FF
53.31 -178.17 -16.17 53.85 -177.99 -15.94 0.365 0x0000FF
52.58 -178.35 -16.77 53.31 -178.17 -16.17 0.365 0x0000FF
50.39 -179.62 -17.38 52.58 -178.35 -16.77 0.275 0x0000FF
49.84 -179.81 -17.91 50.39 -179.62 -17.38 0.275 0x0000FF
48.93 -180.35 -18.13 49.84 -179.81 -17.91 0.275 0x0000FF
48.02 -181.26 -18.44 48.93 -180.35 -18.13 0.275 0x0000FF
47.29 -182.54 -18.73 48.02 -181.26 -18.44 0.275 0x0000FF
46.56 -184.36 -18.97 47.29 -182.54 -18.73 0.275 0x0000FF
46.37 -186.37 -19.12 46.56 -184.36 -18.97 0.275 0x0000FF
46.37 -188.19 -19.2 46.37 -186.37 -19.12 0.275 0x0000FF
46.56 -189.1 -19.2 46.37 -188.19 -19.2 0.275 0x0000FF
-30.55 -56.06 5.42 -34.93 -54.6 5.35 0.545 0x0000FF
-29.09 -57.34 5.58 -30.55 -56.06 5.42 0.545 0x0000FF
-24.17 -60.44 5.8 -29.09 -57.34 5.58 0.455 0x0000FF
-22.34 -61.89 5.88 -24.17 -60.44 5.8 0.455 0x0000FF
-20.32 -63.53 6.11 -22.34 -61.89 5.88 0.455 0x0000FF
-17.23 -65.72 6.26 -20.32 -63.53 6.11 0.455 0x0000FF
-15.23 -66.98 6.41 -17.23 -65.72 6.26 0.455 0x0000FF
-11.94 -69.55 6.71 -15.23 -66.98 6.41 0.455 0x0000FF
-9.19 -71.37 6.71 -11.94 -69.55 6.71 0.365 0x0000FF
-6.29 -73.55 6.94 -9.19 -71.37 6.71 0.365 0x0000FF
-5.01 -74.83 7.09 -6.29 -73.55 6.94 0.365 0x0000FF
-3.37 -76.47 7.24 -5.01 -74.83 7.09 0.365 0x0000FF
0.68 -79.72 7.47 -3.37 -76.47 7.24 0.365 0x0000FF
2.31 -80.81 7.62 0.68 -79.72 7.47 0.365 0x0000FF
-82.71 -6.24 9.89 -89.9 -0.7 3.01 0.73 0x0000FF
-82.53 -6.78 10.11 -82.71 -6.24 9.89 0.73 0x0000FF
-81.98 -7.33 10.27 -82.53 -6.78 10.11 0.73 0x0000FF
-81.8 -7.88 10.73 -81.98 -7.33 10.27 0.73 0x0000FF
-81.8 -8.24 11.1 -81.8 -7.88 10.73 0.73 0x0000FF
-81.61 -8.6 11.26 -81.8 -8.24 11.1 0.73 0x0000FF
-81.98 -8.97 11.41 -81.61 -8.6 11.26 0.73 0x0000FF
-82.53 -9.33 11.71 -81.98 -8.97 11.41 0.73 0x0000FF
-82.53 -9.69 12.01 -82.53 -9.33 11.71 0.73 0x0000FF
-82.53 -10.43 12.24 -82.53 -9.69 12.01 0.73 0x0000FF
-82.53 -10.79 12.39 -82.53 -10.43 12.24 0.73 0x0000FF
-82.53 -11.15 12.62 -82.53 -10.79 12.39 0.73 0x0000FF
-82.16 -11.88 12.92 -82.53 -11.15 12.62 0.73 0x0000FF
-81.98 -12.25 13.0 -82.16 -11.88 12.92 0.73 0x0000FF
-81.43 -12.79 13.15 -81.98 -12.25 13.0 0.73 0x0000FF
-81.25 -13.16 13.38 -81.43 -12.79 13.15 0.73 0x0000FF
-80.34 -14.07 13.38 -81.25 -13.16 13.38 0.73 0x0000FF
-79.97 -14.25 13.53 -80.34 -14.07 13.38 0.73 0x0000FF
-79.23 -14.98 13.6 -79.97 -14.25 13.53 0.73 0x0000FF
-79.06 -15.35 13.83 -79.23 -14.98 13.6 0.73 0x0000FF
-78.69 -15.71 14.21 -79.06 -15.35 13.83 0.73 0x0000FF
-77.97 -16.26 14.51 -78.69 -15.71 14.21 0.73 0x0000FF
-77.59 -16.8 14.89 -77.97 -16.26 14.51 0.73 0x0000FF
-77.42 -16.98 15.35 -77.59 -16.8 14.89 0.73 0x0000FF
-77.05 -17.71 15.8 -77.42 -16.98 15.35 0.73 0x0000FF
-76.31 -18.44 16.18 -77.05 -17.71 15.8 0.73 0x0000FF
-75.95 -18.8 16.86 -76.31 -18.44 16.18 0.73 0x0000FF
-75.41 -19.54 17.54 -75.95 -18.8 16.86 0.73 0x0000FF
-74.68 -19.89 18.0 -75.41 -19.54 17.54 0.73 0x0000FF
-73.95 -20.07 18.23 -74.68 -19.89 18.0 0.73 0x0000FF
-73.59 -20.45 18.45 -73.95 -20.07 18.23 0.73 0x0000FF
-73.04 -20.81 18.98 -73.59 -20.45 18.45 0.73 0x0000FF
-72.86 -21.36 19.82 -73.04 -20.81 18.98 0.73 0x0000FF
-72.31 -22.27 19.89 -72.86 -21.36 19.82 0.73 0x0000FF
-72.13 -22.63 20.73 -72.31 -22.27 19.89 0.73 0x0000FF
-72.13 -23.18 21.41 -72.13 -22.63 20.73 0.73 0x0000FF
-71.94 -23.54 21.79 -72.13 -23.18 21.41 0.73 0x0000FF
-71.76 -23.91 22.16 -71.94 -23.54 21.79 0.73 0x0000FF
-71.76 -24.46 22.47 -71.76 -23.91 22.16 0.73 0x0000FF
-71.58 -24.82 22.54 -71.76 -24.46 22.47 0.73 0x0000FF
-71.58 -25.18 23.15 -71.58 -24.82 22.54 0.73 0x0000FF
-71.2 -25.73 23.68 -71.58 -25.18 23.15 0.73 0x0000FF
-71.03 -26.28 24.13 -71.2 -25.73 23.68 0.73 0x0000FF
-70.84 -27.01 24.82 -71.03 -26.28 24.13 0.73 0x0000FF
-70.67 -27.55 25.42 -70.84 -27.01 24.82 0.73 0x0000FF
-70.48 -27.92 26.1 -70.67 -27.55 25.42 0.73 0x0000FF
-70.3 -28.28 26.79 -70.48 -27.92 26.1 0.73 0x0000FF
-70.3 -29.01 27.24 -70.3 -28.28 26.79 0.73 0x0000FF
-70.3 -29.56 28.0 -70.3 -29.01 27.24 0.73 0x0000FF
-70.3 -30.1 28.53 -70.3 -29.56 28.0 0.73 0x0000FF
-70.3 -30.83 29.44 -70.3 -30.1 28.53 0.73 0x0000FF
-70.48 -32.65 30.04 -70.3 -30.83 29.44 0.73 0x0000FF
-70.3 -34.65 30.5 -70.48 -32.65 30.04 0.64 0x0000FF
-70.12 -35.57 30.8 -70.3 -34.65 30.5 0.64 0x0000FF
-69.02 -36.11 31.25 -70.12 -35.57 30.8 0.64 0x0000FF
-68.11 -36.47 31.63 -69.02 -36.11 31.25 0.64 0x0000FF
-67.93 -37.03 32.15 -68.11 -36.47 31.63 0.64 0x0000FF
-67.38 -37.57 32.47 -67.93 -37.03 32.15 0.64 0x0000FF
-67.02 -38.29 32.77 -67.38 -37.57 32.47 0.64 0x0000FF
-66.84 -38.85 33.0 -67.02 -38.29 32.77 0.64 0x0000FF
-66.65 -39.21 33.22 -66.84 -38.85 33.0 0.64 0x0000FF
-66.29 -40.49 34.06 -66.65 -39.21 33.22 0.64 0x0000FF
-66.47 -45.23 34.59 -66.29 -40.49 34.06 0.545 0x0000FF
-66.84 -46.32 34.81 -66.47 -45.23 34.59 0.545 0x0000FF
-67.2 -47.23 35.27 -66.84 -46.32 34.81 0.545 0x0000FF
-67.56 -48.14 35.72 -67.2 -47.23 35.27 0.545 0x0000FF
-67.38 -49.42 36.18 -67.56 -48.14 35.72 0.545 0x0000FF
-66.65 -50.51 36.56 -67.38 -49.42 36.18 0.545 0x0000FF
-90.01 -7.88 7.54 -89.9 -0.7 3.01 1.005 0x0000FF
-89.46 -9.33 7.77 -90.01 -7.88 7.54 0.82 0x0000FF
-89.09 -10.61 7.77 -89.46 -9.33 7.77 0.82 0x0000FF
-88.55 -11.7 7.77 -89.09 -10.61 7.77 0.82 0x0000FF
-88.18 -12.61 7.39 -88.55 -11.7 7.77 0.82 0x0000FF
-87.82 -13.52 7.17 -88.18 -12.61 7.39 0.82 0x0000FF
-87.45 -14.62 6.79 -87.82 -13.52 7.17 0.82 0x0000FF
-87.09 -15.53 6.33 -87.45 -14.62 6.79 0.82 0x0000FF
-86.54 -16.98 5.73 -87.09 -15.53 6.33 0.73 0x0000FF
-86.18 -17.53 5.2 -86.54 -16.98 5.73 0.73 0x0000FF
-86.18 -17.89 4.51 -86.18 -17.53 5.2 0.73 0x0000FF
-85.81 -18.8 4.29 -86.18 -17.89 4.51 0.73 0x0000FF
-85.63 -19.72 3.83 -85.81 -18.8 4.29 0.73 0x0000FF
-85.45 -20.45 3.3 -85.63 -19.72 3.83 0.73 0x0000FF
-85.45 -21.18 2.77 -85.45 -20.45 3.3 0.73 0x0000FF
-85.63 -21.9 2.54 -85.45 -21.18 2.77 0.73 0x0000FF
-85.63 -22.63 2.0 -85.63 -21.9 2.54 0.73 0x0000FF
-85.81 -24.09 1.94 -85.63 -22.63 2.0 0.64 0x0000FF
-85.81 -24.82 1.41 -85.81 -24.09 1.94 0.64 0x0000FF
-86.18 -25.73 0.65 -85.81 -24.82 1.41 0.545 0x0000FF
-87.09 -27.01 0.27 -86.18 -25.73 0.65 0.455 0x0000FF
-89.09 -8.42 1.64 -89.9 -0.7 3.01 1.275 0x0000FF
-90.01 -11.88 1.41 -89.09 -8.42 1.64 1.275 0x0000FF
-92.2 -18.26 1.71 -90.01 -11.88 1.41 1.095 0x0000FF
-92.56 -18.98 2.17 -92.2 -18.26 1.71 1.095 0x0000FF
-93.84 -21.18 2.85 -92.56 -18.98 2.17 1.005 0x0000FF
-94.2 -21.9 3.08 -93.84 -21.18 2.85 1.005 0x0000FF
-94.93 -22.82 3.38 -94.2 -21.9 3.08 1.005 0x0000FF
-95.85 -24.46 3.53 -94.93 -22.82 3.38 1.005 0x0000FF
-96.58 -25.73 3.68 -95.85 -24.46 3.53 1.005 0x0000FF
-97.31 -27.01 3.91 -96.58 -25.73 3.68 1.005 0x0000FF
-97.67 -28.1 3.91 -97.31 -27.01 3.91 1.005 0x0000FF
-98.22 -28.83 3.98 -97.67 -28.1 3.91 1.005 0x0000FF
-98.95 -30.1 4.29 -98.22 -28.83 3.98 1.005 0x0000FF
-99.68 -31.2 4.51 -98.95 -30.1 4.29 1.005 0x0000FF
-100.22 -32.84 4.67 -99.68 -31.2 4.51 1.005 0x0000FF
-100.59 -34.11 4.88 -100.22 -32.84 4.67 1.005 0x0000FF
-100.59 -34.65 4.97 -100.59 -34.11 4.88 1.005 0x0000FF
-100.77 -35.75 5.04 -100.59 -34.65 4.97 1.005 0x0000FF
-101.14 -37.21 5.2 -100.77 -35.75 5.04 1.005 0x0000FF
-101.5 -37.76 5.27 -101.14 -37.21 5.2 1.005 0x0000FF
-103.33 -40.31 5.95 -101.5 -37.76 5.27 0.64 0x0000FF
-103.69 -41.22 5.8 -103.33 -40.31 5.95 0.64 0x0000FF
-104.24 -42.68 5.42 -103.69 -41.22 5.8 0.64 0x0000FF
-104.97 -44.86 5.04 -104.24 -42.68 5.42 0.64 0x0000FF
-105.33 -46.5 4.88 -104.97 -44.86 5.04 0.64 0x0000FF
-106.06 -48.51 4.59 -105.33 -46.5 4.88 0.64 0x0000FF
-106.79 -49.96 4.36 -106.06 -48.51 4.59 0.64 0x0000FF
-107.89 -52.15 4.21 -106.79 -49.96 4.36 0.64 0x0000FF
-108.98 -53.42 3.91 -107.89 -52.15 4.21 0.64 0x0000FF
-110.08 -54.15 3.68 -108.98 -53.42 3.91 0.64 0x0000FF
-112.08 -55.43 3.45 -110.08 -54.15 3.68 0.64 0x0000FF
-113.54 -56.52 3.38 -112.08 -55.43 3.45 0.64 0x0000FF
-116.1 -59.07 3.15 -113.54 -56.52 3.38 0.64 0x0000FF
-118.83 -62.72 3.15 -116.1 -59.07 3.15 0.64 0x0000FF
-119.75 -68.37 2.92 -118.83 -62.72 3.15 0.64 0x0000FF
-120.48 -72.37 2.7 -119.75 -68.37 2.92 0.64 0x0000FF
-121.75 -75.84 2.39 -120.48 -72.37 2.7 0.64 0x0000FF
-122.48 -78.39 2.09 -121.75 -75.84 2.39 0.64 0x0000FF
-123.24 -81.91 1.86 -122.48 -78.39 2.09 0.64 0x0000FF
-123.6 -84.64 1.71 -123.24 -81.91 1.86 0.64 0x0000FF
-123.24 -87.74 1.41 -123.6 -84.64 1.71 0.64 0x0000FF
-123.42 -89.01 1.41 -123.24 -87.74 1.41 0.64 0x0000FF
-123.6 -91.75 1.18 -123.42 -89.01 1.41 0.73 0x0000FF
-124.52 -93.57 1.48 -123.6 -91.75 1.18 0.73 0x0000FF
-125.61 -96.66 1.64 -124.52 -93.57 1.48 0.73 0x0000FF
-127.07 -100.67 1.86 -125.61 -96.66 1.64 0.73 0x0000FF
-129.44 -105.23 2.17 -127.07 -100.67 1.86 0.64 0x0000FF
-129.99 -106.69 2.39 -129.44 -105.23 2.17 0.64 0x0000FF
-130.35 -107.96 2.17 -129.99 -106.69 2.39 0.64 0x0000FF
-131.08 -111.97 1.64 -130.35 -107.96 2.17 0.64 0x0000FF
-132.36 -115.8 1.26 -131.08 -111.97 1.64 0.64 0x0000FF
-133.82 -120.53 1.03 -132.36 -115.8 1.26 0.64 0x0000FF
-134.91 -127.27 0.5 -133.82 -120.53 1.03 0.64 0x0000FF
-135.46 -129.63 -0.11 -134.91 -127.27 0.5 0.64 0x0000FF
-136.19 -134.38 -0.33 -135.46 -129.63 -0.11 0.64 0x0000FF
-137.29 -139.47 -0.86 -136.19 -134.38 -0.33 0.64 0x0000FF
-137.65 -142.94 -1.09 -137.29 -139.47 -0.86 0.545 0x0000FF
-137.47 -146.22 -1.47 -137.65 -142.94 -1.09 0.545 0x0000FF
-139.47 -154.79 -2.08 -137.47 -146.22 -1.47 0.545 0x0000FF
-140.21 -155.88 -2.15 -139.47 -154.79 -2.08 0.455 0x0000FF
-140.38 -156.24 -2.29 -140.21 -155.88 -2.15 0.455 0x0000FF
-141.12 -156.61 -2.61 -140.38 -156.24 -2.29 0.455 0x0000FF
-142.21 -156.61 -2.76 -141.12 -156.61 -2.61 0.455 0x0000FF
-145.32 -155.33 -2.83 -142.21 -156.61 -2.76 0.455 0x0000FF
-147.87 -153.88 -3.06 -145.32 -155.33 -2.83 0.455 0x0000FF
-149.88 -152.05 -3.36 -147.87 -153.88 -3.06 0.365 0x0000FF
-150.41 -151.13 -2.98 -149.88 -152.05 -3.36 0.365 0x0000FF
-151.15 -149.87 -2.52 -150.41 -151.13 -2.98 0.365 0x0000FF
-151.34 -149.13 -2.0 -151.15 -149.87 -2.52 0.365 0x0000FF
-150.97 -147.5 -1.32 -151.34 -149.13 -2.0 0.365 0x0000FF
-150.61 -144.94 -1.02 -150.97 -147.5 -1.32 0.365 0x0000FF
-150.06 -143.49 -0.64 -150.61 -144.94 -1.02 0.365 0x0000FF
-149.51 -141.85 -0.33 -150.06 -143.49 -0.64 0.365 0x0000FF
-148.96 -140.38 -0.18 -149.51 -141.85 -0.33 0.365 0x0000FF
-148.6 -139.47 0.05 -148.96 -140.38 -0.18 0.365 0x0000FF
-148.78 -137.84 0.5 -148.6 -139.47 0.05 0.275 0x0000FF
-148.96 -136.57 0.73 -148.78 -137.84 0.5 0.275 0x0000FF
-149.51 -134.38 1.03 -148.96 -136.57 0.73 0.275 0x0000FF
-150.24 -133.1 1.26 -149.51 -134.38 1.03 0.275 0x0000FF
-152.25 -131.65 1.64 -150.24 -133.1 1.26 0.275 0x0000FF
-124.88 -90.11 1.18 -123.42 -89.01 1.41 0.64 0x0000FF
-125.43 -90.47 1.64 -124.88 -90.11 1.18 0.64 0x0000FF
-126.34 -90.83 2.0 -125.43 -90.47 1.64 0.64 0x0000FF
-127.8 -91.2 2.77 -126.34 -90.83 2.0 0.64 0x0000FF
-129.44 -91.56 2.85 -127.8 -91.2 2.77 0.64 0x0000FF
-133.63 -91.38 3.08 -129.44 -91.56 2.85 0.545 0x0000FF
-135.65 -90.83 3.45 -133.63 -91.38 3.08 0.545 0x0000FF
-141.47 -88.83 3.68 -135.65 -90.83 3.45 0.455 0x0000FF
-143.31 -87.55 3.91 -141.47 -88.83 3.68 0.455 0x0000FF
-146.22 -85.73 4.21 -143.31 -87.55 3.91 0.365 0x0000FF
-146.59 -84.09 3.98 -146.22 -85.73 4.21 0.365 0x0000FF
-146.59 -83.0 3.76 -146.59 -84.09 3.98 0.365 0x0000FF
-146.96 -81.54 3.68 -146.59 -83.0 3.76 0.365 0x0000FF
-147.87 -79.9 3.53 -146.96 -81.54 3.68 0.365 0x0000FF
-148.78 -78.26 3.53 -147.87 -79.9 3.53 0.365 0x0000FF
-149.51 -73.89 3.53 -148.78 -78.26 3.53 0.365 0x0000FF
-148.22 -70.79 3.45 -149.51 -73.89 3.53 0.275 0x0000FF
-147.69 -84.82 4.59 -146.22 -85.73 4.21 0.365 0x0000FF
-148.78 -84.09 4.59 -147.69 -84.82 4.59 0.365 0x0000FF
-150.79 -83.0 4.82 -148.78 -84.09 4.59 0.365 0x0000FF
-152.61 -81.54 5.04 -150.79 -83.0 4.82 0.365 0x0000FF
-154.44 -80.27 5.2 -152.61 -81.54 5.04 0.365 0x0000FF
-155.72 -79.36 5.35 -154.44 -80.27 5.2 0.365 0x0000FF
-158.44 -77.9 5.73 -155.72 -79.36 5.35 0.275 0x0000FF
-161.55 -76.98 6.11 -158.44 -77.9 5.73 0.275 0x0000FF
-101.14 -39.03 5.12 -101.5 -37.76 5.27 0.82 0x0000FF
-101.14 -39.94 5.27 -101.14 -39.03 5.12 0.82 0x0000FF
-100.95 -40.49 5.65 -101.14 -39.94 5.27 0.82 0x0000FF
-100.41 -41.04 5.65 -100.95 -40.49 5.65 0.82 0x0000FF
-100.41 -43.4 7.24 -100.41 -41.04 5.65 0.545 0x0000FF
-100.04 -45.41 7.47 -100.41 -43.4 7.24 0.545 0x0000FF
-99.68 -46.68 7.39 -100.04 -45.41 7.47 0.545 0x0000FF
-99.68 -48.87 7.54 -99.68 -46.68 7.39 0.545 0x0000FF
-99.49 -51.42 7.77 -99.68 -48.87 7.54 0.545 0x0000FF
-99.49 -51.97 7.77 -99.49 -51.42 7.77 0.545 0x0000FF
-99.31 -52.88 7.54 -99.49 -51.97 7.77 0.545 0x0000FF
-99.13 -53.24 7.17 -99.31 -52.88 7.54 0.545 0x0000FF
-98.76 -54.15 6.79 -99.13 -53.24 7.17 0.545 0x0000FF
-98.04 -56.7 6.64 -98.76 -54.15 6.79 0.545 0x0000FF
-97.85 -57.43 6.18 -98.04 -56.7 6.64 0.545 0x0000FF
-97.49 -57.8 6.03 -97.85 -57.43 6.18 0.545 0x0000FF
-97.49 -58.16 5.95 -97.49 -57.8 6.03 0.545 0x0000FF
-97.31 -58.89 5.88 -97.49 -58.16 5.95 0.545 0x0000FF
-97.12 -59.62 5.5 -97.31 -58.89 5.88 0.545 0x0000FF
-96.94 -60.35 5.35 -97.12 -59.62 5.5 0.545 0x0000FF
-96.39 -61.62 5.2 -96.94 -60.35 5.35 0.545 0x0000FF
-95.66 -62.9 5.2 -96.39 -61.62 5.2 0.545 0x0000FF
-95.48 -63.26 5.04 -95.66 -62.9 5.2 0.545 0x0000FF
-94.93 -63.99 4.82 -95.48 -63.26 5.04 0.545 0x0000FF
-94.39 -64.72 4.67 -94.93 -63.99 4.82 0.545 0x0000FF
-93.11 -65.45 4.36 -94.39 -64.72 4.67 0.545 0x0000FF
-92.56 -65.63 4.29 -93.11 -65.45 4.36 0.545 0x0000FF
-92.01 -65.81 4.13 -92.56 -65.63 4.29 0.455 0x0000FF
-91.28 -66.18 3.98 -92.01 -65.81 4.13 0.455 0x0000FF
-90.92 -66.36 3.91 -91.28 -66.18 3.98 0.455 0x0000FF
-90.01 -66.91 3.61 -90.92 -66.36 3.91 0.455 0x0000FF
-89.64 -67.27 3.53 -90.01 -66.91 3.61 0.455 0x0000FF
-89.09 -67.45 3.53 -89.64 -67.27 3.53 0.455 0x0000FF
-88.18 -68.18 3.15 -89.09 -67.45 3.53 0.455 0x0000FF
-87.45 -68.73 3.08 -88.18 -68.18 3.15 0.455 0x0000FF
-86.18 -69.45 2.92 -87.45 -68.73 3.08 0.455 0x0000FF
-84.9 -70.19 2.47 -86.18 -69.45 2.92 0.455 0x0000FF
-84.53 -70.37 2.0 -84.9 -70.19 2.47 0.455 0x0000FF
-84.17 -71.09 1.86 -84.53 -70.37 2.0 0.455 0x0000FF
-83.8 -71.45 1.03 -84.17 -71.09 1.86 0.455 0x0000FF
-83.26 -72.01 0.88 -83.8 -71.45 1.03 0.455 0x0000FF
-82.16 -73.47 0.65 -83.26 -72.01 0.88 0.455 0x0000FF
-81.8 -73.83 0.57 -82.16 -73.47 0.65 0.455 0x0000FF
-81.8 -74.2 0.27 -81.8 -73.83 0.57 0.455 0x0000FF
-80.34 -76.02 0.12 -81.8 -74.2 0.27 0.365 0x0000FF
-79.97 -76.93 -0.48 -80.34 -76.02 0.12 0.365 0x0000FF
-79.06 -78.2 -1.17 -79.97 -76.93 -0.48 0.365 0x0000FF
-79.06 -79.3 -1.55 -79.06 -78.2 -1.17 0.365 0x0000FF
-79.06 -80.75 -1.55 -79.06 -79.3 -1.55 0.365 0x0000FF
-79.23 -82.39 -1.85 -79.06 -80.75 -1.55 0.365 0x0000FF
-79.61 -83.49 -2.15 -79.23 -82.39 -1.85 0.365 0x0000FF
-80.7 -86.4 -2.38 -79.61 -83.49 -2.15 0.365 0x0000FF
-99.68 -42.31 5.65 -100.41 -41.04 5.65 0.64 0x0000FF
-99.13 -43.04 5.65 -99.68 -42.31 5.65 0.64 0x0000FF
-98.95 -43.59 5.5 -99.13 -43.04 5.65 0.64 0x0000FF
-97.85 -45.04 5.2 -98.95 -43.59 5.5 0.64 0x0000FF
-97.67 -45.59 4.67 -97.85 -45.04 5.2 0.64 0x0000FF
-96.94 -47.41 4.59 -97.67 -45.59 4.67 0.64 0x0000FF
-96.76 -48.14 4.44 -96.94 -47.41 4.59 0.64 0x0000FF
-96.21 -49.42 4.36 -96.76 -48.14 4.44 0.64 0x0000FF
-95.3 -50.87 4.13 -96.21 -49.42 4.36 0.64 0x0000FF
-94.02 -52.88 4.13 -95.3 -50.87 4.13 0.64 0x0000FF
-93.47 -54.34 3.98 -94.02 -52.88 4.13 0.64 0x0000FF
-92.38 -56.34 3.83 -93.47 -54.34 3.98 0.545 0x0000FF
-90.37 -57.62 3.61 -92.38 -56.34 3.83 0.545 0x0000FF
-88.73 -58.34 3.08 -90.37 -57.62 3.61 0.545 0x0000FF
-87.27 -59.44 3.0 -88.73 -58.34 3.08 0.545 0x0000FF
-85.08 -60.71 2.7 -87.27 -59.44 3.0 0.545 0x0000FF
-83.26 -62.9 2.39 -85.08 -60.71 2.7 0.545 0x0000FF
-81.25 -65.09 2.39 -83.26 -62.9 2.39 0.545 0x0000FF
-80.34 -67.27 2.17 -81.25 -65.09 2.39 0.545 0x0000FF
-78.51 -69.28 1.94 -80.34 -67.27 2.17 0.545 0x0000FF
-75.78 -70.73 1.79 -78.51 -69.28 1.94 0.545 0x0000FF
-74.31 -72.19 1.56 -75.78 -70.73 1.79 0.545 0x0000FF
-72.67 -74.92 1.33 -74.31 -72.19 1.56 0.545 0x0000FF
-71.58 -78.02 1.18 -72.67 -74.92 1.33 0.545 0x0000FF
-70.67 -80.2 0.65 -71.58 -78.02 1.18 0.545 0x0000FF
-65.38 -86.95 -0.26 -70.67 -80.2 0.65 0.545 0x0000FF
-65.01 -87.86 -0.64 -65.38 -86.95 -0.26 0.545 0x0000FF
-63.92 -89.68 -0.79 -65.01 -87.86 -0.64 0.545 0x0000FF
-63.0 -92.78 -1.17 -63.92 -89.68 -0.79 0.545 0x0000FF
-62.09 -96.61 -1.24 -63.0 -92.78 -1.17 0.545 0x0000FF
-61.36 -101.71 -1.47 -62.09 -96.61 -1.24 0.545 0x0000FF
-58.99 -107.54 -1.62 -61.36 -101.71 -1.47 0.545 0x0000FF
-56.07 -111.73 -1.92 -58.99 -107.54 -1.62 0.545 0x0000FF
-53.88 -116.1 -2.08 -56.07 -111.73 -1.92 0.545 0x0000FF
-53.15 -118.47 -2.38 -53.88 -116.1 -2.08 0.545 0x0000FF
-52.42 -121.57 -2.38 -53.15 -118.47 -2.38 0.545 0x0000FF
-52.24 -123.21 -2.52 -52.42 -121.57 -2.38 0.545 0x0000FF
-52.24 -125.94 -2.83 -52.24 -123.21 -2.52 0.545 0x0000FF
-52.6 -128.86 -3.21 -52.24 -125.94 -2.83 0.545 0x0000FF
-52.97 -131.04 -3.59 -52.6 -128.86 -3.21 0.545 0x0000FF
-52.97 -134.13 -3.97 -52.97 -131.04 -3.59 0.545 0x0000FF
-52.42 -135.96 -4.12 -52.97 -134.13 -3.97 0.545 0x0000FF
-52.24 -138.51 -4.5 -52.42 -135.96 -4.12 0.545 0x0000FF
-51.87 -141.06 -4.88 -52.24 -138.51 -4.5 0.545 0x0000FF
-51.14 -143.25 -5.11 -51.87 -141.06 -4.88 0.545 0x0000FF
-49.87 -145.97 -5.18 -51.14 -143.25 -5.11 0.545 0x0000FF
-48.77 -147.62 -5.48 -49.87 -145.97 -5.18 0.545 0x0000FF
-47.13 -150.16 -5.71 -48.77 -147.62 -5.48 0.545 0x0000FF
-45.49 -152.54 -5.94 -47.13 -150.16 -5.71 0.545 0x0000FF
-44.03 -154.55 -6.01 -45.49 -152.54 -5.94 0.545 0x0000FF
-42.57 -156.37 -6.32 -44.03 -154.55 -6.01 0.545 0x0000FF
-40.93 -158.01 -6.62 -42.57 -156.37 -6.32 0.545 0x0000FF
-40.74 -158.37 -6.62 -40.93 -158.01 -6.62 0.545 0x0000FF
-40.56 -158.74 -6.92 -40.74 -158.37 -6.62 0.545 0x0000FF
-39.83 -160.01 -7.38 -40.56 -158.74 -6.92 0.545 0x0000FF
-38.92 -160.91 -7.76 -39.83 -160.01 -7.38 0.545 0x0000FF
-38.19 -162.19 -7.91 -38.92 -160.91 -7.76 0.545 0x0000FF
-37.46 -163.11 -8.28 -38.19 -162.19 -7.91 0.545 0x0000FF
-36.36 -164.2 -8.67 -37.46 -163.11 -8.28 0.545 0x0000FF
-35.64 -164.93 -9.27 -36.36 -164.2 -8.67 0.545 0x0000FF
-34.72 -165.48 -9.42 -35.64 -164.93 -9.27 0.545 0x0000FF
-33.81 -166.21 -9.73 -34.72 -165.48 -9.42 0.545 0x0000FF
-30.16 -168.21 -10.41 -33.81 -166.21 -9.73 0.455 0x0000FF
-29.8 -168.39 -11.47 -30.16 -168.21 -10.41 0.455 0x0000FF
-28.34 -168.94 -12.0 -29.8 -168.39 -11.47 0.455 0x0000FF
-27.43 -169.49 -12.45 -28.34 -168.94 -12.0 0.455 0x0000FF
-26.51 -170.03 -12.83 -27.43 -169.49 -12.45 0.455 0x0000FF
-23.96 -170.76 -13.21 -26.51 -170.03 -12.83 0.455 0x0000FF
-21.22 -172.4 -13.29 -23.96 -170.76 -13.21 0.365 0x0000FF
-19.95 -173.13 -13.97 -21.22 -172.4 -13.29 0.365 0x0000FF
-18.12 -173.31 -14.2 -19.95 -173.13 -13.97 0.365 0x0000FF
-95.32 -6.11 5.5 -89.9 -0.7 3.01 1.37 0x0000FF
-96.24 -7.02 6.33 -95.32 -6.11 5.5 1.37 0x0000FF
-97.51 -7.75 6.48 -96.24 -7.02 6.33 1.37 0x0000FF
-98.61 -8.48 6.79 -97.51 -7.75 6.48 1.37 0x0000FF
-99.88 -9.39 6.94 -98.61 -8.48 6.79 1.37 0x0000FF
-101.34 -10.3 7.24 -99.88 -9.39 6.94 1.37 0x0000FF
-102.44 -11.21 7.47 -101.34 -10.3 7.24 1.37 0x0000FF
-103.9 -11.94 7.85 -102.44 -11.21 7.47 1.37 0x0000FF
-104.63 -12.31 7.92 -103.9 -11.94 7.85 1.37 0x0000FF
-104.99 -12.67 8.52 -104.63 -12.31 7.92 1.37 0x0000FF
-105.72 -12.85 8.83 -104.99 -12.67 8.52 1.37 0x0000FF
-106.45 -13.4 9.44 -105.72 -12.85 8.83 1.37 0x0000FF
-108.09 -13.95 8.07 -106.45 -13.4 9.44 0.64 0x0000FF
-108.82 -14.13 7.85 -108.09 -13.95 8.07 0.545 0x0000FF
-111.01 -15.04 8.52 -108.82 -14.13 7.85 0.545 0x0000FF
-112.84 -15.59 8.61 -111.01 -15.04 8.52 0.545 0x0000FF
-114.3 -15.59 8.0 -112.84 -15.59 8.61 0.545 0x0000FF
-115.76 -15.77 7.7 -114.3 -15.59 8.0 0.545 0x0000FF
-119.41 -16.13 7.17 -115.76 -15.77 7.7 0.545 0x0000FF
-120.32 -16.3 6.41 -119.41 -16.13 7.17 0.545 0x0000FF
-121.23 -16.5 5.88 -120.32 -16.3 6.41 0.545 0x0000FF
-122.14 -17.04 5.42 -121.23 -16.5 5.88 0.545 0x0000FF
-122.69 -17.77 4.82 -122.14 -17.04 5.42 0.545 0x0000FF
-123.79 -18.68 4.13 -122.69 -17.77 4.82 0.545 0x0000FF
-126.16 -21.23 3.23 -123.79 -18.68 4.13 0.545 0x0000FF
-129.26 -22.33 2.77 -126.16 -21.23 3.23 0.545 0x0000FF
-131.81 -24.51 2.31 -129.26 -22.33 2.77 0.545 0x0000FF
-133.09 -28.34 1.71 -131.81 -24.51 2.31 0.545 0x0000FF
-133.63 -32.35 1.11 -133.09 -28.34 1.71 0.545 0x0000FF
-134.55 -35.26 0.2 -133.63 -32.35 1.11 0.545 0x0000FF
-136.56 -38.54 -0.41 -134.55 -35.26 0.2 0.545 0x0000FF
-139.11 -42.19 -1.09 -136.56 -38.54 -0.41 0.545 0x0000FF
-140.38 -45.65 -1.62 -139.11 -42.19 -1.09 0.545 0x0000FF
-142.94 -49.29 -2.15 -140.38 -45.65 -1.62 0.545 0x0000FF
-144.59 -51.66 -2.45 -142.94 -49.29 -2.15 0.545 0x0000FF
-147.32 -53.3 -2.83 -144.59 -51.66 -2.45 0.545 0x0000FF
-149.69 -56.4 -3.21 -147.32 -53.3 -2.83 0.545 0x0000FF
-151.34 -59.68 -3.59 -149.69 -56.4 -3.21 0.545 0x0000FF
-152.61 -62.41 -4.42 -151.34 -59.68 -3.59 0.545 0x0000FF
-153.71 -65.87 -5.03 -152.61 -62.41 -4.42 0.545 0x0000FF
-155.16 -69.52 -5.71 -153.71 -65.87 -5.03 0.545 0x0000FF
-156.26 -72.06 -6.54 -155.16 -69.52 -5.71 0.545 0x0000FF
-157.72 -75.53 -7.38 -156.26 -72.06 -6.54 0.545 0x0000FF
-161.01 -81.72 -8.59 -157.72 -75.53 -7.38 0.545 0x0000FF
-162.28 -83.36 -9.42 -161.01 -81.72 -8.59 0.455 0x0000FF
-164.11 -84.82 -10.41 -162.28 -83.36 -9.42 0.455 0x0000FF
-166.84 -86.46 -11.01 -164.11 -84.82 -10.41 0.455 0x0000FF
-168.3 -88.65 -11.54 -166.84 -86.46 -11.01 0.455 0x0000FF
-168.49 -91.2 -11.92 -168.3 -88.65 -11.54 0.455 0x0000FF
-168.49 -93.57 -12.38 -168.49 -91.2 -11.92 0.455 0x0000FF
-169.58 -98.49 -12.83 -168.49 -93.57 -12.38 0.455 0x0000FF
-171.59 -105.59 -13.29 -169.58 -98.49 -12.83 0.455 0x0000FF
-171.22 -107.23 -13.51 -171.59 -105.59 -13.29 0.455 0x0000FF
-170.68 -108.69 -13.74 -171.22 -107.23 -13.51 0.455 0x0000FF
-169.4 -111.6 -14.04 -170.68 -108.69 -13.74 0.455 0x0000FF
-167.03 -114.52 -14.27 -169.4 -111.6 -14.04 0.455 0x0000FF
-164.84 -116.34 -14.65 -167.03 -114.52 -14.27 0.455 0x0000FF
-162.1 -119.07 -14.73 -164.84 -116.34 -14.65 0.455 0x0000FF
-160.09 -122.72 -15.1 -162.1 -119.07 -14.73 0.455 0x0000FF
-158.44 -125.63 -15.41 -160.09 -122.72 -15.1 0.455 0x0000FF
-157.36 -128.91 -16.23 -158.44 -125.63 -15.41 0.455 0x0000FF
-156.08 -132.19 -17.0 -157.36 -128.91 -16.23 0.455 0x0000FF
-154.99 -135.47 -17.6 -156.08 -132.19 -17.0 0.455 0x0000FF
-154.44 -137.11 -18.21 -154.99 -135.47 -17.6 0.365 0x0000FF
-154.26 -139.47 -18.59 -154.44 -137.11 -18.21 0.365 0x0000FF
-154.44 -140.38 -19.2 -154.26 -139.47 -18.59 0.365 0x0000FF
-155.16 -141.3 -19.8 -154.44 -140.38 -19.2 0.365 0x0000FF
-155.9 -141.49 -20.79 -155.16 -141.3 -19.8 0.365 0x0000FF
-156.99 -141.85 -21.01 -155.9 -141.49 -20.79 0.365 0x0000FF
-159.0 -142.03 -22.23 -156.99 -141.85 -21.01 0.365 0x0000FF
-160.82 -142.03 -22.76 -159.0 -142.03 -22.23 0.365 0x0000FF
-161.74 -142.03 -23.13 -160.82 -142.03 -22.76 0.365 0x0000FF
-162.28 -141.85 -23.59 -161.74 -142.03 -23.13 0.365 0x0000FF
-163.01 -141.66 -24.19 -162.28 -141.85 -23.59 0.365 0x0000FF
-164.29 -140.38 -24.35 -163.01 -141.66 -24.19 0.275 0x0000FF
-164.84 -140.03 -24.57 -164.29 -140.38 -24.35 0.275 0x0000FF
-165.39 -139.85 -24.88 -164.84 -140.03 -24.57 0.275 0x0000FF
-109.74 -13.03 8.0 -108.09 -13.95 8.07 0.275 0x0000FF
-111.2 -12.67 7.39 -109.74 -13.03 8.0 0.275 0x0000FF
-112.66 -12.49 7.92 -111.2 -12.67 7.39 0.275 0x0000FF
-113.39 -12.49 8.38 -112.66 -12.49 7.92 0.275 0x0000FF
-115.21 -12.49 8.91 -113.39 -12.49 8.38 0.275 0x0000FF
-116.67 -12.85 9.14 -115.21 -12.49 8.91 0.275 0x0000FF
-117.22 -13.03 9.51 -116.67 -12.85 9.14 0.275 0x0000FF
-118.31 -13.4 9.97 -117.22 -13.03 9.51 0.275 0x0000FF
-118.86 -14.13 10.5 -118.31 -13.4 9.97 0.275 0x0000FF
-119.41 -14.67 10.88 -118.86 -14.13 10.5 0.275 0x0000FF
-120.5 -15.22 10.88 -119.41 -14.67 10.88 0.275 0x0000FF
-121.05 -15.59 11.03 -120.5 -15.22 10.88 0.275 0x0000FF
-122.87 -16.13 11.33 -121.05 -15.59 11.03 0.275 0x0000FF
-124.15 -16.68 11.41 -122.87 -16.13 11.33 0.275 0x0000FF
-107.55 -15.4 10.03 -106.45 -13.4 9.44 0.82 0x0000FF
-107.73 -15.95 10.57 -107.55 -15.4 10.03 0.82 0x0000FF
-107.73 -16.68 11.1 -107.73 -15.95 10.57 0.73 0x0000FF
-107.55 -17.59 11.18 -107.73 -16.68 11.1 0.73 0x0000FF
-107.18 -17.95 11.33 -107.55 -17.59 11.18 0.73 0x0000FF
-107.0 -18.5 12.01 -107.18 -17.95 11.33 0.73 0x0000FF
-106.64 -18.87 12.47 -107.0 -18.5 12.01 0.73 0x0000FF
-106.27 -19.23 12.85 -106.64 -18.87 12.47 0.73 0x0000FF
-105.91 -19.96 13.0 -106.27 -19.23 12.85 0.73 0x0000FF
-105.54 -22.14 13.45 -105.91 -19.96 13.0 0.64 0x0000FF
-105.36 -23.24 13.6 -105.54 -22.14 13.45 0.64 0x0000FF
-104.81 -25.79 13.91 -105.36 -23.24 13.6 0.64 0x0000FF
-104.63 -27.25 14.13 -104.81 -25.79 13.91 0.64 0x0000FF
-104.63 -28.34 14.44 -104.63 -27.25 14.13 0.64 0x0000FF
-104.63 -29.61 14.82 -104.63 -28.34 14.44 0.64 0x0000FF
-104.63 -30.16 14.36 -104.63 -29.61 14.82 0.64 0x0000FF
-104.45 -31.25 13.76 -104.63 -30.16 14.36 0.64 0x0000FF
-104.26 -31.98 13.45 -104.45 -31.25 13.76 0.64 0x0000FF
-103.9 -39.09 12.47 -104.26 -31.98 13.45 0.545 0x0000FF
-103.72 -39.82 12.17 -103.9 -39.09 12.47 0.545 0x0000FF
-103.35 -40.36 12.01 -103.72 -39.82 12.17 0.545 0x0000FF
-102.62 -40.9 11.71 -103.35 -40.36 12.01 0.545 0x0000FF
-102.07 -41.46 11.33 -102.62 -40.9 11.71 0.545 0x0000FF
-101.53 -42.37 11.03 -102.07 -41.46 11.33 0.545 0x0000FF
-100.98 -43.1 10.65 -101.53 -42.37 11.03 0.545 0x0000FF
-100.61 -43.83 10.27 -100.98 -43.1 10.65 0.545 0x0000FF
-100.43 -44.56 9.89 -100.61 -43.83 10.27 0.545 0x0000FF
-100.07 -45.83 8.98 -100.43 -44.56 9.89 0.545 0x0000FF
-100.07 -46.56 8.61 -100.07 -45.83 8.98 0.545 0x0000FF
-99.7 -47.83 10.03 -100.07 -46.56 8.61 0.545 0x0000FF
-99.7 -48.93 8.83 -99.7 -47.83 10.03 0.545 0x0000FF
-99.34 -49.66 8.61 -99.7 -48.93 8.83 0.545 0x0000FF
-98.97 -51.11 8.07 -99.34 -49.66 8.61 0.545 0x0000FF
-98.79 -52.57 7.85 -98.97 -51.11 8.07 0.545 0x0000FF
-98.97 -53.67 7.7 -98.79 -52.57 7.85 0.545 0x0000FF
-98.42 -55.49 7.54 -98.97 -53.67 7.7 0.545 0x0000FF
-98.24 -56.76 7.24 -98.42 -55.49 7.54 0.545 0x0000FF
-97.33 -58.22 5.04 -98.24 -56.76 7.24 0.455 0x0000FF
-96.78 -59.86 5.2 -97.33 -58.22 5.04 0.365 0x0000FF
-96.24 -61.32 5.27 -96.78 -59.86 5.2 0.275 0x0000FF
-91.41 11.11 -2.98 -89.9 -0.7 3.01 1.825 0x0000FF
-92.32 14.39 -3.06 -91.41 11.11 -2.98 1.825 0x0000FF
-92.87 17.86 -3.29 -92.32 14.39 -3.06 1.825 0x0000FF
-93.23 21.32 -3.36 -92.87 17.86 -3.29 1.735 0x0000FF
-93.6 24.23 -3.51 -93.23 21.32 -3.36 1.735 0x0000FF
-93.42 26.42 -3.59 -93.6 24.23 -3.51 1.735 0x0000FF
-93.6 28.79 -3.67 -93.42 26.42 -3.59 1.735 0x0000FF
-93.42 31.7 -3.74 -93.6 28.79 -3.67 1.735 0x0000FF
-93.42 32.79 -3.74 -93.42 31.7 -3.74 1.735 0x0000FF
-93.86 34.97 -3.67 -93.42 32.79 -3.74 1.37 0x0000FF
-92.77 37.15 -3.21 -93.86 34.97 -3.67 1.37 0x0000FF
-92.59 37.89 -2.98 -92.77 37.15 -3.21 1.37 0x0000FF
-92.4 38.44 -2.52 -92.59 37.89 -2.98 1.37 0x0000FF
-92.22 39.17 -3.06 -92.4 38.44 -2.52 1.37 0x0000FF
-92.22 39.89 -3.74 -92.22 39.17 -3.06 1.37 0x0000FF
-91.86 41.9 -4.2 -92.22 39.89 -3.74 1.37 0x0000FF
-91.67 43.72 -4.34 -91.86 41.9 -4.2 1.37 0x0000FF
-91.67 45.18 -4.12 -91.67 43.72 -4.34 1.37 0x0000FF
-91.86 46.64 -3.82 -91.67 45.18 -4.12 1.37 0x0000FF
-92.22 47.91 -3.36 -91.86 46.64 -3.82 1.37 0x0000FF
-92.59 49.55 -3.06 -92.22 47.91 -3.36 1.37 0x0000FF
-92.95 51.92 -2.91 -92.59 49.55 -3.06 1.37 0x0000FF
-93.32 53.38 -2.38 -92.95 51.92 -2.91 1.37 0x0000FF
-93.86 54.65 -2.15 -93.32 53.38 -2.38 1.37 0x0000FF
-94.23 57.2 -1.77 -93.86 54.65 -2.15 1.37 0x0000FF
-94.41 59.57 -1.55 -94.23 57.2 -1.77 1.37 0x0000FF
-94.96 61.94 -1.09 -94.41 59.57 -1.55 1.37 0x0000FF
-95.32 63.94 -0.79 -94.96 61.94 -1.09 1.37 0x0000FF
-96.05 66.5 -0.11 -95.32 63.94 -0.79 1.37 0x0000FF
-97.33 69.05 0.2 -96.05 66.5 -0.11 1.37 0x0000FF
-98.42 73.23 1.03 -97.33 69.05 0.2 1.37 0x0000FF
-99.52 75.79 1.33 -98.42 73.23 1.03 1.37 0x0000FF
-101.89 79.98 1.48 -99.52 75.79 1.33 1.37 0x0000FF
-104.63 84.17 1.71 -101.89 79.98 1.48 1.275 0x0000FF
-105.18 85.81 2.09 -104.63 84.17 1.71 1.275 0x0000FF
-106.45 87.81 2.39 -105.18 85.81 2.09 1.275 0x0000FF
-108.64 91.09 2.77 -106.45 87.81 2.39 1.275 0x0000FF
-109.01 92.55 3.3 -108.64 91.09 2.77 1.275 0x0000FF
-109.74 95.1 3.68 -109.01 92.55 3.3 1.275 0x0000FF
-111.01 99.11 3.91 -109.74 95.1 3.68 1.275 0x0000FF
-111.38 100.75 4.05 -111.01 99.11 3.91 1.275 0x0000FF
-111.56 102.57 4.51 -111.38 100.75 4.05 1.275 0x0000FF
-111.93 104.03 4.74 -111.56 102.57 4.51 1.275 0x0000FF
-112.29 106.03 5.2 -111.93 104.03 4.74 1.275 0x0000FF
-112.29 106.76 5.42 -112.29 106.03 5.2 1.275 0x0000FF
-112.11 107.85 5.73 -112.29 106.76 5.42 1.275 0x0000FF
-111.56 109.13 6.03 -112.11 107.85 5.73 1.275 0x0000FF
-111.38 109.86 6.64 -111.56 109.13 6.03 1.275 0x0000FF
-110.47 114.05 6.94 -111.38 109.86 6.64 1.275 0x0000FF
-110.47 116.6 7.24 -110.47 114.05 6.94 1.275 0x0000FF
-111.38 119.7 7.47 -110.47 116.6 7.24 1.275 0x0000FF
-112.11 122.07 7.7 -111.38 119.7 7.47 1.275 0x0000FF
-111.37 123.12 8.07 -112.11 122.07 7.7 0.82 0x0000FF
-111.18 124.03 8.15 -111.37 123.12 8.07 0.82 0x0000FF
-111.18 125.3 8.3 -111.18 124.03 8.15 0.82 0x0000FF
-111.18 126.58 8.91 -111.18 125.3 8.3 0.82 0x0000FF
-111.0 126.94 9.44 -111.18 126.58 8.91 0.82 0x0000FF
-110.82 129.31 9.51 -111.0 126.94 9.44 0.82 0x0000FF
-110.64 131.86 9.59 -110.82 129.31 9.51 0.82 0x0000FF
-110.27 133.32 9.82 -110.64 131.86 9.59 0.82 0x0000FF
-109.54 135.13 9.89 -110.27 133.32 9.82 0.82 0x0000FF
-108.81 136.96 10.03 -109.54 135.13 9.89 0.82 0x0000FF
-106.81 142.06 10.27 -108.81 136.96 10.03 0.82 0x0000FF
-106.26 145.71 10.42 -106.81 142.06 10.27 0.82 0x0000FF
-105.71 150.81 10.57 -106.26 145.71 10.42 0.82 0x0000FF
-105.35 154.82 10.65 -105.71 150.81 10.57 0.82 0x0000FF
-105.16 158.1 10.95 -105.35 154.82 10.65 0.82 0x0000FF
-105.16 160.47 11.18 -105.16 158.1 10.95 0.82 0x0000FF
-105.16 163.19 11.33 -105.16 160.47 11.18 0.82 0x0000FF
-105.71 166.11 11.33 -105.16 163.19 11.33 0.82 0x0000FF
-105.89 167.57 11.71 -105.71 166.11 11.33 0.82 0x0000FF
-105.89 168.85 12.17 -105.89 167.57 11.71 0.82 0x0000FF
-106.26 169.58 12.39 -105.89 168.85 12.17 0.82 0x0000FF
-106.26 170.49 12.62 -106.26 169.58 12.39 0.82 0x0000FF
-105.53 175.77 12.85 -106.26 170.49 12.62 0.82 0x0000FF
-105.35 176.68 12.85 -105.53 175.77 12.85 0.82 0x0000FF
-104.98 178.32 12.92 -105.35 176.68 12.85 0.82 0x0000FF
-104.8 179.23 12.92 -104.98 178.32 12.92 0.82 0x0000FF
-104.62 180.51 13.07 -104.8 179.23 12.92 0.82 0x0000FF
-104.25 181.42 13.07 -104.62 180.51 13.07 0.82 0x0000FF
-104.07 182.15 13.15 -104.25 181.42 13.07 0.82 0x0000FF
-103.89 183.42 13.3 -104.07 182.15 13.15 0.82 0x0000FF
-103.89 185.97 13.3 -103.89 183.42 13.3 0.82 0x0000FF
-103.89 186.89 13.45 -103.89 185.97 13.3 0.82 0x0000FF
-103.89 188.16 13.53 -103.89 186.89 13.45 0.82 0x0000FF
-103.89 188.71 13.91 -103.89 188.16 13.53 0.82 0x0000FF
-103.89 189.44 14.06 -103.89 188.71 13.91 0.82 0x0000FF
-103.7 190.71 14.29 -103.89 189.44 14.06 0.82 0x0000FF
-103.16 194.17 14.59 -103.7 190.71 14.29 0.82 0x0000FF
-103.34 195.63 14.74 -103.16 194.17 14.59 0.82 0x0000FF
-103.52 196.54 15.04 -103.34 195.63 14.74 0.82 0x0000FF
-103.52 199.82 15.5 -103.52 196.54 15.04 0.82 0x0000FF
-103.52 201.83 15.73 -103.52 199.82 15.5 0.82 0x0000FF
-102.79 204.19 15.88 -103.52 201.83 15.73 0.82 0x0000FF
-102.43 208.57 16.26 -102.79 204.19 15.88 0.82 0x0000FF
-102.24 209.3 16.32 -102.43 208.57 16.26 0.82 0x0000FF
-102.24 211.48 16.48 -102.24 209.3 16.32 0.82 0x0000FF
-102.06 213.12 16.94 -102.24 211.48 16.48 0.82 0x0000FF
-101.88 214.4 17.16 -102.06 213.12 16.94 0.82 0x0000FF
-101.88 215.49 17.54 -101.88 214.4 17.16 0.82 0x0000FF
-102.33 220.36 17.92 -101.88 215.49 17.54 0.82 0x0000FF
-101.6 226.37 18.3 -102.33 220.36 17.92 0.82 0x0000FF
-101.23 230.74 18.53 -101.6 226.37 18.3 0.82 0x0000FF
-100.5 235.3 18.68 -101.23 230.74 18.53 0.82 0x0000FF
-100.14 240.22 19.13 -100.5 235.3 18.68 0.82 0x0000FF
-100.14 243.68 19.36 -100.14 240.22 19.13 0.82 0x0000FF
-99.77 246.59 19.66 -100.14 243.68 19.36 0.82 0x0000FF
-99.04 249.51 19.97 -99.77 246.59 19.66 0.82 0x0000FF
-98.49 253.34 20.12 -99.04 249.51 19.97 0.82 0x0000FF
-97.04 256.43 20.42 -98.49 253.34 20.12 0.82 0x0000FF
-96.85 260.26 20.73 -97.04 256.43 20.42 0.82 0x0000FF
-96.49 264.45 20.8 -96.85 260.26 20.73 0.82 0x0000FF
-95.94 267.36 21.1 -96.49 264.45 20.8 0.82 0x0000FF
-95.21 269.92 21.26 -95.94 267.36 21.1 0.82 0x0000FF
-93.75 276.29 21.63 -95.21 269.92 21.26 0.82 0x0000FF
-93.93 279.75 21.79 -93.75 276.29 21.63 0.82 0x0000FF
-94.12 282.85 21.94 -93.93 279.75 21.79 0.82 0x0000FF
-94.3 285.39 22.09 -94.12 282.85 21.94 0.82 0x0000FF
-94.3 289.23 22.32 -94.3 285.39 22.09 0.82 0x0000FF
-93.57 292.14 22.47 -94.3 289.23 22.32 0.82 0x0000FF
-93.39 295.06 22.69 -93.57 292.14 22.47 0.82 0x0000FF
-92.84 298.33 22.92 -93.39 295.06 22.69 0.82 0x0000FF
-92.29 300.33 23.0 -92.84 298.33 22.92 0.82 0x0000FF
-91.56 303.08 23.07 -92.29 300.33 23.0 0.82 0x0000FF
-91.38 305.08 23.22 -91.56 303.08 23.07 0.82 0x0000FF
-91.56 305.99 23.45 -91.38 305.08 23.22 0.82 0x0000FF
-89.88 313.08 23.76 -91.56 305.99 23.45 0.82 0x0000FF
-88.79 318.36 23.91 -89.88 313.08 23.76 0.82 0x0000FF
-88.42 325.1 24.13 -88.79 318.36 23.91 0.82 0x0000FF
-88.06 331.12 24.29 -88.42 325.1 24.13 0.82 0x0000FF
-87.15 337.31 24.66 -88.06 331.12 24.29 0.82 0x0000FF
-85.87 344.96 24.89 -87.15 337.31 24.66 0.82 0x0000FF
-84.41 353.53 25.12 -85.87 344.96 24.89 0.82 0x0000FF
-84.23 362.09 25.35 -84.41 353.53 25.12 0.82 0x0000FF
-84.23 365.19 25.57 -84.23 362.09 25.35 0.82 0x0000FF
-82.59 367.33 25.27 -84.23 365.19 25.57 0.73 0x0000FF
-81.13 369.7 25.42 -82.59 367.33 25.27 0.73 0x0000FF
-79.84 371.88 25.65 -81.13 369.7 25.42 0.73 0x0000FF
-79.67 373.34 25.8 -79.84 371.88 25.65 0.73 0x0000FF
-78.76 376.07 26.03 -79.67 373.34 25.8 0.73 0x0000FF
-77.84 378.81 26.1 -78.76 376.07 26.03 0.73 0x0000FF
-77.3 378.9 25.12 -77.84 378.81 26.1 0.455 0x0000FF
-77.3 378.9 24.29 -77.3 378.9 25.12 0.455 0x0000FF
-76.56 379.26 23.91 -77.3 378.9 24.29 0.455 0x0000FF
-75.29 379.99 23.76 -76.56 379.26 23.91 0.455 0x0000FF
-74.73 379.99 23.68 -75.29 379.99 23.76 0.455 0x0000FF
-71.64 379.99 23.38 -74.73 379.99 23.68 0.365 0x0000FF
-70.55 381.08 23.15 -71.64 379.99 23.38 0.365 0x0000FF
-69.45 382.0 22.92 -70.55 381.08 23.15 0.365 0x0000FF
-68.17 382.36 22.92 -69.45 382.0 22.92 0.365 0x0000FF
-66.34 383.27 22.62 -68.17 382.36 22.92 0.365 0x0000FF
-64.34 383.82 22.24 -66.34 383.27 22.62 0.365 0x0000FF
-63.07 384.0 22.01 -64.34 383.82 22.24 0.365 0x0000FF
-60.33 384.0 22.01 -63.07 384.0 22.01 0.365 0x0000FF
-59.23 384.18 22.01 -60.33 384.0 22.01 0.365 0x0000FF
-57.23 385.27 21.94 -59.23 384.18 22.01 0.365 0x0000FF
-55.77 386.37 21.33 -57.23 385.27 21.94 0.365 0x0000FF
-54.12 387.83 21.1 -55.77 386.37 21.33 0.365 0x0000FF
-52.48 389.1 20.88 -54.12 387.83 21.1 0.365 0x0000FF
-50.29 390.56 21.71 -52.48 389.1 20.88 0.365 0x0000FF
-48.65 391.47 22.16 -50.29 390.56 21.71 0.365 0x0000FF
-47.19 392.2 22.32 -48.65 391.47 22.16 0.365 0x0000FF
-46.28 392.93 22.32 -47.19 392.2 22.32 0.365 0x0000FF
-45.0 394.02 22.54 -46.28 392.93 22.32 0.365 0x0000FF
-43.73 394.57 22.77 -45.0 394.02 22.54 0.365 0x0000FF
-42.08 395.48 23.0 -43.73 394.57 22.77 0.365 0x0000FF
-40.44 396.39 23.22 -42.08 395.48 23.0 0.365 0x0000FF
-39.53 397.12 23.45 -40.44 396.39 23.22 0.365 0x0000FF
-38.25 397.85 23.68 -39.53 397.12 23.45 0.365 0x0000FF
-37.52 398.58 24.06 -38.25 397.85 23.68 0.365 0x0000FF
-35.51 399.85 24.59 -37.52 398.58 24.06 0.365 0x0000FF
-32.96 400.76 24.89 -35.51 399.85 24.59 0.365 0x0000FF
-31.32 401.49 25.27 -32.96 400.76 24.89 0.365 0x0000FF
-28.95 402.58 25.5 -31.32 401.49 25.27 0.365 0x0000FF
-27.67 403.49 25.88 -28.95 402.58 25.5 0.365 0x0000FF
-27.12 403.86 26.25 -27.67 403.49 25.88 0.365 0x0000FF
-25.11 405.32 26.86 -27.12 403.86 26.25 0.275 0x0000FF
-23.47 407.5 27.24 -25.11 405.32 26.86 0.275 0x0000FF
-23.11 409.69 27.54 -23.47 407.5 27.24 0.275 0x0000FF
-22.74 411.15 27.92 -23.11 409.69 27.54 0.275 0x0000FF
-22.38 412.42 28.3 -22.74 411.15 27.92 0.275 0x0000FF
-22.01 413.33 28.38 -22.38 412.42 28.3 0.275 0x0000FF
-21.28 414.43 28.75 -22.01 413.33 28.38 0.275 0x0000FF
-20.74 414.79 29.06 -21.28 414.43 28.75 0.275 0x0000FF
-18.55 416.43 29.59 -20.74 414.79 29.06 0.275 0x0000FF
-13.99 420.62 29.74 -18.55 416.43 29.59 0.275 0x0000FF
-11.98 422.44 29.97 -13.99 420.62 29.74 0.275 0x0000FF
-9.24 425.18 30.04 -11.98 422.44 29.97 0.275 0x0000FF
-5.77 430.64 30.19 -9.24 425.18 30.04 0.275 0x0000FF
0.43 432.65 30.5 -5.77 430.64 30.19 0.275 0x0000FF
4.44 433.56 30.72 0.43 432.65 30.5 0.275 0x0000FF
5.72 434.1 30.8 4.44 433.56 30.72 0.275 0x0000FF
9.0 434.83 31.1 5.72 434.1 30.8 0.275 0x0000FF
-77.84 383.73 26.18 -77.84 378.81 26.1 0.73 0x0000FF
-79.3 392.47 26.48 -77.84 383.73 26.18 0.73 0x0000FF
-82.77 398.48 26.48 -79.3 392.47 26.48 0.64 0x0000FF
-86.05 404.5 26.63 -82.77 398.48 26.48 0.64 0x0000FF
-91.53 413.97 26.71 -86.05 404.5 26.63 0.64 0x0000FF
-92.44 415.43 26.86 -91.53 413.97 26.71 0.545 0x0000FF
-92.44 416.16 27.16 -92.44 415.43 26.86 0.545 0x0000FF
-92.62 416.89 27.16 -92.44 416.16 27.16 0.545 0x0000FF
-92.62 417.25 27.47 -92.62 416.89 27.16 0.545 0x0000FF
-92.62 418.16 27.24 -92.62 417.25 27.47 0.545 0x0000FF
-92.81 419.07 27.01 -92.62 418.16 27.24 0.545 0x0000FF
-92.81 419.8 26.79 -92.81 419.07 27.01 0.545 0x0000FF
-92.81 420.53 26.63 -92.81 419.8 26.79 0.545 0x0000FF
-92.44 421.26 26.56 -92.81 420.53 26.63 0.545 0x0000FF
-92.08 422.35 26.41 -92.44 421.26 26.56 0.545 0x0000FF
-91.71 422.9 26.03 -92.08 422.35 26.41 0.545 0x0000FF
-91.16 423.45 25.8 -91.71 422.9 26.03 0.545 0x0000FF
-90.62 423.99 25.65 -91.16 423.45 25.8 0.545 0x0000FF
-90.07 424.36 25.42 -90.62 423.99 25.65 0.545 0x0000FF
-89.52 425.09 25.35 -90.07 424.36 25.42 0.545 0x0000FF
-88.97 425.45 25.04 -89.52 425.09 25.35 0.545 0x0000FF
-88.43 426.0 24.89 -88.97 425.45 25.04 0.545 0x0000FF
-88.24 426.54 24.74 -88.43 426.0 24.89 0.545 0x0000FF
-88.24 427.45 24.59 -88.24 426.54 24.74 0.545 0x0000FF
-88.79 430.55 24.21 -88.24 427.45 24.59 0.455 0x0000FF
-88.79 431.46 23.98 -88.79 430.55 24.21 0.455 0x0000FF
-88.43 432.19 23.91 -88.79 431.46 23.98 0.455 0x0000FF
-88.43 433.1 23.53 -88.43 432.19 23.91 0.455 0x0000FF
-88.43 433.65 23.3 -88.43 433.1 23.53 0.455 0x0000FF
-88.43 435.11 23.22 -88.43 433.65 23.3 0.455 0x0000FF
-88.43 436.02 22.85 -88.43 435.11 23.22 0.455 0x0000FF
-88.97 437.48 20.42 -88.43 436.02 22.85 0.455 0x0000FF
-89.16 438.39 20.42 -88.97 437.48 20.42 0.455 0x0000FF
-89.16 439.48 20.42 -89.16 438.39 20.42 0.455 0x0000FF
-89.34 440.39 20.27 -89.16 439.48 20.42 0.455 0x0000FF
-89.34 440.94 20.19 -89.34 440.39 20.27 0.455 0x0000FF
-89.34 441.85 20.12 -89.34 440.94 20.19 0.455 0x0000FF
-89.34 442.03 19.59 -89.34 441.85 20.12 0.455 0x0000FF
-89.34 442.58 19.29 -89.34 442.03 19.59 0.455 0x0000FF
-89.34 442.76 18.82 -89.34 442.58 19.29 0.455 0x0000FF
-89.34 443.31 18.68 -89.34 442.76 18.82 0.455 0x0000FF
-89.16 444.22 17.92 -89.34 443.31 18.68 0.455 0x0000FF
-88.79 445.13 17.62 -89.16 444.22 17.92 0.455 0x0000FF
-88.43 446.04 17.32 -88.79 445.13 17.62 0.455 0x0000FF
-88.06 446.77 16.71 -88.43 446.04 17.32 0.365 0x0000FF
-87.7 447.68 16.32 -88.06 446.77 16.71 0.365 0x0000FF
-86.97 449.14 15.95 -87.7 447.68 16.32 0.365 0x0000FF
-86.05 450.59 15.65 -86.97 449.14 15.95 0.365 0x0000FF
-85.87 451.14 15.27 -86.05 450.59 15.65 0.365 0x0000FF
-85.69 451.87 14.97 -85.87 451.14 15.27 0.365 0x0000FF
-85.32 452.78 14.67 -85.69 451.87 14.97 0.365 0x0000FF
-84.78 454.78 14.21 -85.32 452.78 14.67 0.365 0x0000FF
-84.05 459.52 13.91 -84.78 454.78 14.21 0.365 0x0000FF
-85.14 465.35 13.53 -84.05 459.52 13.91 0.275 0x0000FF
-85.51 467.36 13.3 -85.14 465.35 13.53 0.275 0x0000FF
-85.51 470.64 13.15 -85.51 467.36 13.3 0.275 0x0000FF
-84.96 473.37 12.92 -85.51 470.64 13.15 0.275 0x0000FF
-84.41 474.64 12.77 -84.96 473.37 12.92 0.275 0x0000FF
-83.32 476.1 12.54 -84.41 474.64 12.77 0.275 0x0000FF
-80.95 477.92 12.17 -83.32 476.1 12.54 0.275 0x0000FF
-78.2 479.2 11.94 -80.95 477.92 12.17 0.275 0x0000FF
-77.66 480.66 11.79 -78.2 479.2 11.94 0.275 0x0000FF
-77.48 483.21 11.79 -77.66 480.66 11.79 0.275 0x0000FF
-77.84 486.85 11.56 -77.48 483.21 11.79 0.275 0x0000FF
-77.48 488.31 11.56 -77.84 486.85 11.56 0.275 0x0000FF
-71.92 497.62 11.26 -77.48 488.31 11.56 0.275 0x0000FF
-85.14 365.73 25.8 -84.23 365.19 25.57 0.64 0x0000FF
-86.24 369.93 25.95 -85.14 365.73 25.8 0.64 0x0000FF
-86.78 373.02 26.18 -86.24 369.93 25.95 0.64 0x0000FF
-89.88 376.85 26.41 -86.78 373.02 26.18 0.64 0x0000FF
-91.89 378.85 26.56 -89.88 376.85 26.41 0.64 0x0000FF
-93.9 380.31 26.63 -91.89 378.85 26.56 0.64 0x0000FF
-95.91 382.31 26.86 -93.9 380.31 26.63 0.64 0x0000FF
-97.91 384.14 27.01 -95.91 382.31 26.86 0.64 0x0000FF
-100.47 386.51 27.09 -97.91 384.14 27.01 0.64 0x0000FF
-102.66 388.15 27.32 -100.47 386.51 27.09 0.64 0x0000FF
-105.03 389.97 27.47 -102.66 388.15 27.32 0.64 0x0000FF
-106.49 391.24 27.54 -105.03 389.97 27.47 0.64 0x0000FF
-109.59 397.44 27.77 -106.49 391.24 27.54 0.64 0x0000FF
-112.15 399.76 28.15 -109.59 397.44 27.77 0.545 0x0000FF
-113.06 400.49 28.22 -112.15 399.76 28.15 0.545 0x0000FF
-113.79 401.76 28.53 -113.06 400.49 28.22 0.545 0x0000FF
-114.33 402.49 28.75 -113.79 401.76 28.53 0.545 0x0000FF
-115.06 403.59 29.06 -114.33 402.49 28.75 0.545 0x0000FF
-115.98 404.5 29.36 -115.06 403.59 29.06 0.545 0x0000FF
-117.07 405.41 29.44 -115.98 404.5 29.36 0.545 0x0000FF
-119.08 406.87 29.82 -117.07 405.41 29.44 0.455 0x0000FF
-120.36 408.69 30.04 -119.08 406.87 29.82 0.455 0x0000FF
-122.0 410.69 30.27 -120.36 408.69 30.04 0.275 0x0000FF
-124.37 411.24 30.42 -122.0 410.69 30.27 0.275 0x0000FF
-113.02 122.98 8.0 -112.11 122.07 7.7 1.005 0x0000FF
-113.2 123.52 8.23 -113.02 122.98 8.0 1.005 0x0000FF
-113.93 125.89 8.44 -113.2 123.52 8.23 1.005 0x0000FF
-114.48 128.44 8.61 -113.93 125.89 8.44 1.005 0x0000FF
-115.21 131.72 8.76 -114.48 128.44 8.61 1.005 0x0000FF
-115.76 135.55 8.91 -115.21 131.72 8.76 1.005 0x0000FF
-116.12 140.83 9.28 -115.76 135.55 8.91 1.005 0x0000FF
-116.85 147.21 9.44 -116.12 140.83 9.28 1.005 0x0000FF
-117.95 158.51 9.67 -116.85 147.21 9.44 1.005 0x0000FF
-118.31 161.97 9.82 -117.95 158.51 9.67 1.005 0x0000FF
-119.41 165.79 9.97 -118.31 161.97 9.82 1.005 0x0000FF
-120.32 169.99 10.11 -119.41 165.79 9.97 1.005 0x0000FF
-120.14 181.46 10.27 -120.32 169.99 10.11 1.005 0x0000FF
-121.96 195.68 10.57 -120.14 181.46 10.27 1.005 0x0000FF
-123.42 204.24 10.8 -121.96 195.68 10.57 1.005 0x0000FF
-123.97 209.34 10.88 -123.42 204.24 10.8 1.005 0x0000FF
-124.15 212.26 11.03 -123.97 209.34 10.88 1.005 0x0000FF
-125.67 227.43 11.41 -124.15 212.26 11.03 1.005 0x0000FF
-125.67 232.53 11.64 -125.67 227.43 11.41 1.005 0x0000FF
-125.86 233.63 11.71 -125.67 232.53 11.64 1.005 0x0000FF
-125.67 236.72 11.94 -125.86 233.63 11.71 1.005 0x0000FF
-126.04 240.19 12.24 -125.67 236.72 11.94 1.005 0x0000FF
-126.04 243.47 12.39 -126.04 240.19 12.24 1.005 0x0000FF
-125.49 247.66 12.7 -126.04 243.47 12.39 1.005 0x0000FF
-125.31 253.12 13.0 -125.49 247.66 12.7 1.005 0x0000FF
-125.13 257.86 13.07 -125.31 253.12 13.0 1.005 0x0000FF
-125.13 262.41 13.53 -125.13 257.86 13.07 1.005 0x0000FF
-125.13 264.95 13.6 -125.13 262.41 13.53 1.005 0x0000FF
-124.94 268.79 14.06 -125.13 264.95 13.6 0.91 0x0000FF
-124.03 272.43 14.51 -124.94 268.79 14.06 0.91 0x0000FF
-123.67 274.26 14.74 -124.03 272.43 14.51 0.91 0x0000FF
-123.12 278.45 15.04 -123.67 274.26 14.74 0.91 0x0000FF
-123.12 281.91 15.12 -123.12 278.45 15.04 0.91 0x0000FF
-123.85 284.82 15.35 -123.12 281.91 15.12 0.91 0x0000FF
-124.4 289.2 15.42 -123.85 284.82 15.35 0.82 0x0000FF
-124.21 292.66 15.57 -124.4 289.2 15.42 0.82 0x0000FF
-123.12 297.39 15.73 -124.21 292.66 15.57 0.82 0x0000FF
-122.57 301.04 15.88 -123.12 297.39 15.73 0.82 0x0000FF
-122.39 302.13 16.03 -122.57 301.04 15.88 0.82 0x0000FF
-122.21 303.04 16.41 -122.39 302.13 16.03 0.82 0x0000FF
-122.21 303.23 16.79 -122.21 303.04 16.41 0.82 0x0000FF
-122.06 308.74 17.47 -122.21 303.23 16.79 0.82 0x0000FF
-121.33 312.93 17.7 -122.06 308.74 17.47 0.82 0x0000FF
-119.87 323.32 17.92 -121.33 312.93 17.7 0.73 0x0000FF
-118.78 327.87 18.07 -119.87 323.32 17.92 0.73 0x0000FF
-117.32 332.61 18.38 -118.78 327.87 18.07 0.73 0x0000FF
-116.04 336.8 18.38 -117.32 332.61 18.38 0.73 0x0000FF
-115.49 342.26 18.45 -116.04 336.8 18.38 0.73 0x0000FF
-115.68 347.91 18.6 -115.49 342.26 18.45 0.73 0x0000FF
-116.04 351.92 18.91 -115.68 347.91 18.6 0.73 0x0000FF
-116.59 353.38 19.13 -116.04 351.92 18.91 0.73 0x0000FF
-117.86 356.48 19.73 -116.59 353.38 19.13 0.73 0x0000FF
-117.86 357.57 19.89 -117.86 356.48 19.73 0.73 0x0000FF
-117.86 359.39 20.19 -117.86 357.57 19.89 0.73 0x0000FF
-117.86 361.03 20.5 -117.86 359.39 20.19 0.73 0x0000FF
-117.86 362.12 20.04 -117.86 361.03 20.5 0.73 0x0000FF
-117.86 362.67 19.73 -117.86 362.12 20.04 0.73 0x0000FF
-117.68 363.58 19.29 -117.86 362.67 19.73 0.73 0x0000FF
-117.5 365.77 18.76 -117.68 363.58 19.29 0.73 0x0000FF
-117.32 366.86 18.3 -117.5 365.77 18.76 0.73 0x0000FF
-116.95 368.68 17.77 -117.32 366.86 18.3 0.73 0x0000FF
-116.22 371.78 17.39 -116.95 368.68 17.77 0.73 0x0000FF
-116.04 374.88 17.09 -116.22 371.78 17.39 0.73 0x0000FF
-116.04 376.34 16.71 -116.04 374.88 17.09 0.73 0x0000FF
-116.04 377.98 16.18 -116.04 376.34 16.71 0.73 0x0000FF
-115.31 380.34 15.88 -116.04 377.98 16.18 0.73 0x0000FF
-114.95 385.26 15.57 -115.31 380.34 15.88 0.73 0x0000FF
-115.49 390.0 15.35 -114.95 385.26 15.57 0.73 0x0000FF
-116.77 393.1 14.97 -115.49 390.0 15.35 0.73 0x0000FF
-117.86 394.19 14.74 -116.77 393.1 14.97 0.73 0x0000FF
-118.74 395.91 14.13 -117.86 394.19 14.74 0.73 0x0000FF
-119.29 397.01 13.6 -118.74 395.91 14.13 0.73 0x0000FF
-120.38 399.56 13.15 -119.29 397.01 13.6 0.73 0x0000FF
-121.11 402.47 13.07 -120.38 399.56 13.15 0.73 0x0000FF
-120.5 403.95 12.54 -121.11 402.47 13.07 0.64 0x0000FF
-123.79 408.5 12.17 -120.5 403.95 12.54 0.64 0x0000FF
-124.33 411.05 12.24 -123.79 408.5 12.17 0.64 0x0000FF
-124.7 412.51 12.32 -124.33 411.05 12.24 0.64 0x0000FF
-124.88 412.69 12.47 -124.7 412.51 12.32 0.64 0x0000FF
-125.25 413.97 11.64 -124.88 412.69 12.47 0.64 0x0000FF
-125.43 414.52 11.41 -125.25 413.97 11.64 0.64 0x0000FF
-125.79 415.97 11.1 -125.43 414.52 11.41 0.64 0x0000FF
-126.52 416.7 10.27 -125.79 415.97 11.1 0.455 0x0000FF
-127.07 417.61 10.42 -126.52 416.7 10.27 0.455 0x0000FF
-127.98 418.16 10.8 -127.07 417.61 10.42 0.455 0x0000FF
-128.71 418.34 11.1 -127.98 418.16 10.8 0.455 0x0000FF
-129.44 418.52 11.41 -128.71 418.34 11.1 0.455 0x0000FF
-130.16 418.89 11.1 -129.44 418.52 11.41 0.455 0x0000FF
-130.54 419.07 10.5 -130.16 418.89 11.1 0.455 0x0000FF
-131.44 419.62 10.19 -130.54 419.07 10.5 0.455 0x0000FF
-133.46 420.16 10.03 -131.44 419.62 10.19 0.455 0x0000FF
-134.72 420.89 9.74 -133.46 420.16 10.03 0.455 0x0000FF
-134.91 420.89 9.36 -134.72 420.89 9.74 0.455 0x0000FF
-135.1 420.89 9.06 -134.91 420.89 9.36 0.455 0x0000FF
-135.28 421.26 8.38 -135.1 420.89 9.06 0.455 0x0000FF
-136.38 422.17 7.47 -135.28 421.26 8.38 0.455 0x0000FF
-137.29 423.08 6.41 -136.38 422.17 7.47 0.455 0x0000FF
-138.02 423.81 5.73 -137.29 423.08 6.41 0.455 0x0000FF
-138.57 424.35 5.27 -138.02 423.81 5.73 0.455 0x0000FF
-138.75 424.9 4.51 -138.57 424.35 5.27 0.455 0x0000FF
-139.29 425.81 3.83 -138.75 424.9 4.51 0.455 0x0000FF
-139.29 426.54 3.3 -139.29 425.81 3.83 0.455 0x0000FF
-139.47 427.27 2.7 -139.29 426.54 3.3 0.455 0x0000FF
-139.66 428.18 2.24 -139.47 427.27 2.7 0.455 0x0000FF
-140.21 430.37 1.94 -139.66 428.18 2.24 0.455 0x0000FF
-140.38 430.91 1.64 -140.21 430.37 1.94 0.455 0x0000FF
-140.94 432.19 1.41 -140.38 430.91 1.64 0.455 0x0000FF
-141.3 433.46 0.8 -140.94 432.19 1.41 0.455 0x0000FF
-141.66 434.19 0.65 -141.3 433.46 0.8 0.455 0x0000FF
-142.4 435.47 0.12 -141.66 434.19 0.65 0.455 0x0000FF
-143.66 437.11 -0.26 -142.4 435.47 0.12 0.455 0x0000FF
-144.77 438.2 -0.48 -143.66 437.11 -0.26 0.455 0x0000FF
-145.68 438.93 -0.79 -144.77 438.2 -0.48 0.455 0x0000FF
-146.41 439.48 -1.39 -145.68 438.93 -0.79 0.455 0x0000FF
-146.78 439.66 -3.14 -146.41 439.48 -1.39 0.455 0x0000FF
-148.05 441.12 -3.14 -146.78 439.66 -3.14 0.455 0x0000FF
-149.15 443.49 -3.74 -148.05 441.12 -3.14 0.455 0x0000FF
-154.26 450.04 -4.42 -149.15 443.49 -3.74 0.455 0x0000FF
-159.72 455.51 -5.03 -154.26 450.04 -4.42 0.455 0x0000FF
-164.66 461.52 -5.41 -159.72 455.51 -5.03 0.365 0x0000FF
-166.12 462.07 -5.86 -164.66 461.52 -5.41 0.365 0x0000FF
-167.03 462.62 -6.17 -166.12 462.07 -5.86 0.365 0x0000FF
-169.4 464.07 -6.54 -167.03 462.62 -6.17 0.365 0x0000FF
-173.6 468.45 -6.77 -169.4 464.07 -6.54 0.365 0x0000FF
-177.25 473.0 -6.92 -173.6 468.45 -6.77 0.365 0x0000FF
-179.8 475.92 -7.23 -177.25 473.0 -6.92 0.365 0x0000FF
-181.08 477.37 -7.45 -179.8 475.92 -7.23 0.365 0x0000FF
-193.3 490.49 -7.76 -181.08 477.37 -7.45 0.365 0x0000FF
-194.58 492.31 -8.06 -193.3 490.49 -7.76 0.365 0x0000FF
-196.04 493.59 -8.21 -194.58 492.31 -8.06 0.365 0x0000FF
-199.69 495.96 -8.28 -196.04 493.59 -8.21 0.365 0x0000FF
-221.03 509.99 -8.89 -199.69 495.96 -8.28 0.365 0x0000FF
-224.32 512.9 -9.11 -221.03 509.99 -8.89 0.365 0x0000FF
-225.05 513.8 -8.59 -224.32 512.9 -9.11 0.365 0x0000FF
-226.14 514.91 -8.28 -225.05 513.8 -8.59 0.365 0x0000FF
-228.51 517.09 -7.98 -226.14 514.91 -8.28 0.365 0x0000FF
-230.16 518.91 -7.83 -228.51 517.09 -7.98 0.365 0x0000FF
-233.62 521.28 -7.68 -230.16 518.91 -7.83 0.275 0x0000FF
-235.63 522.55 -7.38 -233.62 521.28 -7.68 0.275 0x0000FF
-238.18 524.02 -7.0 -235.63 522.55 -7.38 0.275 0x0000FF
-241.65 526.2 -6.77 -238.18 524.02 -7.0 0.275 0x0000FF
-124.52 418.89 11.1 -125.79 415.97 11.1 0.545 0x0000FF
-123.6 421.26 11.03 -124.52 418.89 11.1 0.545 0x0000FF
-122.14 423.63 10.73 -123.6 421.26 11.03 0.545 0x0000FF
-120.32 425.81 10.42 -122.14 423.63 10.73 0.545 0x0000FF
-116.31 429.46 9.97 -120.32 425.81 10.42 0.545 0x0000FF
-113.2 434.92 9.82 -116.31 429.46 9.97 0.545 0x0000FF
-111.74 437.29 9.44 -113.2 434.92 9.82 0.545 0x0000FF
-110.1 443.3 9.06 -111.74 437.29 9.44 0.545 0x0000FF
-109.01 446.58 8.3 -110.1 443.3 9.06 0.545 0x0000FF
-107.91 450.59 8.07 -109.01 446.58 8.3 0.545 0x0000FF
-105.54 455.33 7.62 -107.91 450.59 8.07 0.545 0x0000FF
-103.35 458.79 7.01 -105.54 455.33 7.62 0.545 0x0000FF
-98.97 468.08 6.56 -103.35 458.79 7.01 0.545 0x0000FF
-97.15 472.64 6.18 -98.97 468.08 6.56 0.545 0x0000FF
-96.24 475.19 5.58 -97.15 472.64 6.18 0.545 0x0000FF
-95.69 479.2 5.27 -96.24 475.19 5.58 0.545 0x0000FF
-95.14 482.66 4.67 -95.69 479.2 5.27 0.545 0x0000FF
-95.32 485.21 4.29 -95.14 482.66 4.67 0.545 0x0000FF
-96.05 491.4 3.68 -95.32 485.21 4.29 0.455 0x0000FF
-96.05 494.68 3.38 -96.05 491.4 3.68 0.365 0x0000FF
-95.87 495.78 3.15 -96.05 494.68 3.38 0.365 0x0000FF
-95.32 496.87 2.92 -95.87 495.78 3.15 0.365 0x0000FF
-94.78 497.6 2.7 -95.32 496.87 2.92 0.365 0x0000FF
-93.68 498.33 2.62 -94.78 497.6 2.7 0.365 0x0000FF
-92.77 499.06 2.62 -93.68 498.33 2.62 0.365 0x0000FF
-92.04 499.6 2.31 -92.77 499.06 2.62 0.365 0x0000FF
-91.49 500.15 2.31 -92.04 499.6 2.31 0.365 0x0000FF
-90.58 501.61 2.09 -91.49 500.15 2.31 0.275 0x0000FF
-90.22 502.7 1.79 -90.58 501.61 2.09 0.275 0x0000FF
-90.03 503.43 1.48 -90.22 502.7 1.79 0.275 0x0000FF
-89.67 504.89 1.26 -90.03 503.43 1.48 0.275 0x0000FF
-89.3 506.16 1.26 -89.67 504.89 1.26 0.275 0x0000FF
-88.76 506.89 1.18 -89.3 506.16 1.26 0.275 0x0000FF
-87.3 508.17 1.11 -88.76 506.89 1.18 0.275 0x0000FF
-86.02 508.71 0.95 -87.3 508.17 1.11 0.275 0x0000FF
-119.59 405.59 12.77 -120.5 403.95 12.54 0.64 0x0000FF
-119.41 406.5 12.7 -119.59 405.59 12.77 0.64 0x0000FF
-118.86 407.59 12.54 -119.41 406.5 12.7 0.64 0x0000FF
-118.5 408.69 12.39 -118.86 407.59 12.54 0.64 0x0000FF
-117.95 409.96 12.09 -118.5 408.69 12.39 0.64 0x0000FF
-117.04 411.05 11.86 -117.95 409.96 12.09 0.64 0x0000FF
-115.76 413.24 11.56 -117.04 411.05 11.86 0.64 0x0000FF
-115.21 414.33 11.26 -115.76 413.24 11.56 0.64 0x0000FF
-114.66 415.06 11.18 -115.21 414.33 11.26 0.64 0x0000FF
-113.2 417.25 10.8 -114.66 415.06 11.18 0.64 0x0000FF
-111.93 419.25 10.35 -113.2 417.25 10.8 0.64 0x0000FF
-110.1 421.8 10.19 -111.93 419.25 10.35 0.64 0x0000FF
-108.83 423.44 10.03 -110.1 421.8 10.19 0.64 0x0000FF
-107.18 425.81 9.82 -108.83 423.44 10.03 0.64 0x0000FF
-106.45 427.09 9.67 -107.18 425.81 9.82 0.64 0x0000FF
-106.09 428.54 9.28 -106.45 427.09 9.67 0.64 0x0000FF
-106.45 430.0 8.91 -106.09 428.54 9.28 0.64 0x0000FF
-106.64 431.46 8.61 -106.45 430.0 8.91 0.64 0x0000FF
-107.0 438.2 8.23 -106.64 431.46 8.61 0.64 0x0000FF
-106.64 440.57 7.7 -107.0 438.2 8.23 0.545 0x0000FF
-106.82 442.39 7.24 -106.64 440.57 7.7 0.545 0x0000FF
-106.82 444.94 7.01 -106.82 442.39 7.24 0.545 0x0000FF
-106.64 448.77 6.79 -106.82 444.94 7.01 0.545 0x0000FF
-105.72 454.05 6.48 -106.64 448.77 6.79 0.545 0x0000FF
-105.54 456.42 6.18 -105.72 454.05 6.48 0.545 0x0000FF
-104.99 459.52 5.8 -105.54 456.42 6.18 0.545 0x0000FF
-103.53 466.81 5.5 -104.99 459.52 5.8 0.545 0x0000FF
-103.53 469.36 5.5 -103.53 466.81 5.5 0.545 0x0000FF
-103.53 471.18 5.35 -103.53 469.36 5.5 0.545 0x0000FF
-102.07 475.37 5.27 -103.53 471.18 5.35 0.455 0x0000FF
-101.16 478.83 5.04 -102.07 475.37 5.27 0.455 0x0000FF
-100.8 481.93 4.97 -101.16 478.83 5.04 0.455 0x0000FF
-101.16 485.03 4.97 -100.8 481.93 4.97 0.455 0x0000FF
-101.34 487.58 4.88 -101.16 485.03 4.97 0.455 0x0000FF
-100.8 491.95 4.82 -101.34 487.58 4.88 0.365 0x0000FF
-100.98 494.14 4.59 -100.8 491.95 4.82 0.365 0x0000FF
-122.75 403.57 13.0 -121.11 402.47 13.07 0.545 0x0000FF
-123.3 404.11 12.92 -122.75 403.57 13.0 0.545 0x0000FF
-123.66 404.48 12.62 -123.3 404.11 12.92 0.545 0x0000FF
-124.21 405.02 12.39 -123.66 404.48 12.62 0.545 0x0000FF
-125.12 405.57 12.24 -124.21 405.02 12.39 0.545 0x0000FF
-126.4 407.03 12.09 -125.12 405.57 12.24 0.545 0x0000FF
-127.86 408.48 11.94 -126.4 407.03 12.09 0.545 0x0000FF
-129.69 410.67 11.86 -127.86 408.48 11.94 0.545 0x0000FF
-130.78 411.4 11.48 -129.69 410.67 11.86 0.545 0x0000FF
-131.88 412.13 11.1 -130.78 411.4 11.48 0.545 0x0000FF
-132.97 412.68 10.73 -131.88 412.13 11.1 0.545 0x0000FF
-133.88 413.22 10.42 -132.97 412.68 10.73 0.545 0x0000FF
-135.52 414.13 10.11 -133.88 413.22 10.42 0.545 0x0000FF
-137.35 415.23 9.51 -135.52 414.13 10.11 0.545 0x0000FF
-139.54 416.5 9.14 -137.35 415.23 9.51 0.545 0x0000FF
-141.55 417.96 8.76 -139.54 416.5 9.14 0.545 0x0000FF
-142.82 419.23 8.44 -141.55 417.96 8.76 0.545 0x0000FF
-143.91 420.51 8.07 -142.82 419.23 8.44 0.545 0x0000FF
-145.74 424.52 7.62 -143.91 420.51 8.07 0.545 0x0000FF
-148.3 429.62 7.32 -145.74 424.52 7.62 0.545 0x0000FF
-148.47 431.44 7.09 -148.3 429.62 7.32 0.545 0x0000FF
-149.03 433.63 6.71 -148.47 431.44 7.09 0.545 0x0000FF
-149.38 435.27 6.48 -149.03 433.63 6.71 0.545 0x0000FF
-149.76 438.91 6.33 -149.38 435.27 6.48 0.545 0x0000FF
-149.94 441.1 6.03 -149.76 438.91 6.33 0.545 0x0000FF
-150.3 442.92 5.95 -149.94 441.1 6.03 0.545 0x0000FF
-150.49 444.38 5.73 -150.3 442.92 5.95 0.545 0x0000FF
-152.66 448.75 5.42 -150.49 444.38 5.73 0.545 0x0000FF
-153.04 449.48 5.12 -152.66 448.75 5.42 0.545 0x0000FF
-154.13 451.3 4.88 -153.04 449.48 5.12 0.545 0x0000FF
-155.41 453.49 4.59 -154.13 451.3 4.88 0.545 0x0000FF
-156.51 455.86 4.44 -155.41 453.49 4.59 0.545 0x0000FF
-157.6 458.41 4.13 -156.51 455.86 4.44 0.545 0x0000FF
-158.33 460.05 3.91 -157.6 458.41 4.13 0.545 0x0000FF
-159.06 461.51 3.61 -158.33 460.05 3.91 0.545 0x0000FF
-159.79 462.6 3.23 -159.06 461.51 3.61 0.545 0x0000FF
-160.52 463.87 3.08 -159.79 462.6 3.23 0.545 0x0000FF
-161.61 465.7 2.77 -160.52 463.87 3.08 0.545 0x0000FF
-161.61 466.61 2.7 -161.61 465.7 2.77 0.545 0x0000FF
-161.61 467.15 2.7 -161.61 466.61 2.7 0.545 0x0000FF
-161.61 468.79 2.62 -161.61 467.15 2.7 0.545 0x0000FF
-161.61 470.25 2.47 -161.61 468.79 2.62 0.545 0x0000FF
-161.25 471.89 2.39 -161.61 470.25 2.47 0.545 0x0000FF
-160.34 474.44 2.24 -161.25 471.89 2.39 0.545 0x0000FF
-159.61 476.45 2.24 -160.34 474.44 2.24 0.545 0x0000FF
-158.88 478.45 2.24 -159.61 476.45 2.24 0.545 0x0000FF
-157.97 480.27 2.24 -158.88 478.45 2.24 0.545 0x0000FF
-157.41 481.55 2.24 -157.97 480.27 2.24 0.545 0x0000FF
-157.05 482.46 2.24 -157.41 481.55 2.24 0.545 0x0000FF
-156.81 484.12 2.09 -157.05 482.46 2.24 0.365 0x0000FF
-154.86 483.73 2.24 -157.05 482.46 2.24 0.455 0x0000FF
-154.32 484.46 2.09 -154.86 483.73 2.24 0.455 0x0000FF
-153.77 485.19 2.0 -154.32 484.46 2.09 0.455 0x0000FF
-95.24 33.52 -3.74 -93.42 32.79 -3.74 0.64 0x0000FF
-96.15 34.07 -3.74 -95.24 33.52 -3.74 0.64 0x0000FF
-96.88 34.79 -3.67 -96.15 34.07 -3.74 0.64 0x0000FF
-97.61 36.08 -3.59 -96.88 34.79 -3.67 0.64 0x0000FF
-97.98 36.61 -3.51 -97.61 36.08 -3.59 0.64 0x0000FF
-97.98 37.17 -3.29 -97.98 36.61 -3.51 0.64 0x0000FF
-98.16 38.08 -2.76 -97.98 37.17 -3.29 0.64 0x0000FF
-98.34 38.26 -2.29 -98.16 38.08 -2.76 0.64 0x0000FF
-98.52 38.81 -2.08 -98.34 38.26 -2.29 0.64 0x0000FF
-98.71 38.99 -1.47 -98.52 38.81 -2.08 0.64 0x0000FF
-99.25 39.54 -1.24 -98.71 38.99 -1.47 0.64 0x0000FF
-99.98 40.08 -0.94 -99.25 39.54 -1.24 0.64 0x0000FF
-100.53 40.08 -0.86 -99.98 40.08 -0.94 0.64 0x0000FF
-102.17 40.45 -0.56 -100.53 40.08 -0.86 0.64 0x0000FF
-102.72 40.45 -0.26 -102.17 40.45 -0.56 0.64 0x0000FF
-103.82 40.81 -0.18 -102.72 40.45 -0.26 0.64 0x0000FF
-105.28 40.99 0.12 -103.82 40.81 -0.18 0.64 0x0000FF
-107.28 41.91 0.8 -105.28 40.99 0.12 0.64 0x0000FF
-109.11 42.63 1.64 -107.28 41.91 0.8 0.64 0x0000FF
-110.93 43.36 1.64 -109.11 42.63 1.64 0.64 0x0000FF
-112.39 43.91 1.94 -110.93 43.36 1.64 0.64 0x0000FF
-114.4 44.46 2.09 -112.39 43.91 1.94 0.64 0x0000FF
-115.31 45.19 2.17 -114.4 44.46 2.09 0.64 0x0000FF
-116.22 45.37 2.31 -115.31 45.19 2.17 0.64 0x0000FF
-117.5 46.1 2.39 -116.22 45.37 2.31 0.64 0x0000FF
-118.59 46.46 2.54 -117.5 46.1 2.39 0.64 0x0000FF
-118.96 46.64 3.08 -118.59 46.46 2.54 0.64 0x0000FF
-119.87 47.74 3.38 -118.96 46.64 3.08 0.64 0x0000FF
-121.15 49.01 3.61 -119.87 47.74 3.38 0.64 0x0000FF
-121.7 49.92 3.91 -121.15 49.01 3.61 0.64 0x0000FF
-122.24 51.02 3.98 -121.7 49.92 3.91 0.64 0x0000FF
-123.7 52.66 4.59 -122.24 51.02 3.98 0.64 0x0000FF
-124.25 53.02 4.88 -123.7 52.66 4.59 0.64 0x0000FF
-124.98 53.38 4.88 -124.25 53.02 4.88 0.64 0x0000FF
-125.89 53.57 5.12 -124.98 53.38 4.88 0.64 0x0000FF
-126.44 53.93 5.35 -125.89 53.57 5.12 0.64 0x0000FF
-128.44 54.66 5.5 -126.44 53.93 5.35 0.64 0x0000FF
-129.36 54.66 5.8 -128.44 54.66 5.5 0.64 0x0000FF
-130.44 55.02 6.03 -129.36 54.66 5.8 0.64 0x0000FF
-131.72 55.57 6.18 -130.44 55.02 6.03 0.545 0x0000FF
-132.28 55.57 6.64 -131.72 55.57 6.18 0.545 0x0000FF
-133.19 56.12 6.94 -132.28 55.57 6.64 0.545 0x0000FF
-134.29 56.66 7.32 -133.19 56.12 6.94 0.545 0x0000FF
-135.75 57.21 7.62 -134.29 56.66 7.32 0.545 0x0000FF
-137.02 57.39 7.92 -135.75 57.21 7.62 0.545 0x0000FF
-137.57 57.58 7.92 -137.02 57.39 7.92 0.545 0x0000FF
-138.47 57.76 8.15 -137.57 57.58 7.92 0.545 0x0000FF
-139.76 57.94 8.3 -138.47 57.76 8.15 0.545 0x0000FF
-141.58 57.76 8.38 -139.76 57.94 8.3 0.545 0x0000FF
-142.86 57.76 8.61 -141.58 57.76 8.38 0.545 0x0000FF
-143.77 57.76 8.76 -142.86 57.76 8.61 0.545 0x0000FF
-145.41 57.76 8.83 -143.77 57.76 8.76 0.545 0x0000FF
-146.51 57.58 8.98 -145.41 57.76 8.83 0.545 0x0000FF
-148.88 57.76 9.28 -146.51 57.58 8.98 0.545 0x0000FF
-150.34 58.12 9.36 -148.88 57.76 9.28 0.545 0x0000FF
-151.62 58.49 9.59 -150.34 58.12 9.36 0.545 0x0000FF
-152.35 58.67 9.97 -151.62 58.49 9.59 0.545 0x0000FF
-153.44 59.4 10.11 -152.35 58.67 9.97 0.545 0x0000FF
-154.72 60.13 10.27 -153.44 59.4 10.11 0.545 0x0000FF
-156.91 61.04 10.35 -154.72 60.13 10.27 0.545 0x0000FF
-159.65 61.95 10.5 -156.91 61.04 10.35 0.545 0x0000FF
-162.38 62.68 10.73 -159.65 61.95 10.5 0.545 0x0000FF
-165.48 63.41 10.95 -162.38 62.68 10.73 0.545 0x0000FF
-168.77 64.68 10.95 -165.48 63.41 10.95 0.545 0x0000FF
-173.51 66.69 11.18 -168.77 64.68 10.95 0.545 0x0000FF
-177.16 69.95 11.41 -173.51 66.69 11.18 0.545 0x0000FF
-179.72 73.23 11.71 -177.16 69.95 11.41 0.545 0x0000FF
-181.18 76.16 11.86 -179.72 73.23 11.71 0.545 0x0000FF
-182.82 80.17 11.94 -181.18 76.16 11.86 0.545 0x0000FF
-183.55 83.99 12.01 -182.82 80.17 11.94 0.545 0x0000FF
-184.28 87.46 12.09 -183.55 83.99 12.01 0.545 0x0000FF
-184.82 89.28 12.09 -184.28 87.46 12.09 0.545 0x0000FF
-185.01 90.37 12.09 -184.82 89.28 12.09 0.545 0x0000FF
-185.01 92.01 12.09 -185.01 90.37 12.09 0.545 0x0000FF
-185.19 93.65 12.24 -185.01 92.01 12.09 0.545 0x0000FF
-185.19 94.38 12.32 -185.19 93.65 12.24 0.545 0x0000FF
-185.92 95.65 12.47 -185.19 94.38 12.32 0.545 0x0000FF
-186.28 97.84 12.77 -185.92 95.65 12.47 0.545 0x0000FF
-186.47 98.39 12.77 -186.28 97.84 12.77 0.545 0x0000FF
-186.65 98.93 12.39 -186.47 98.39 12.77 0.545 0x0000FF
-187.56 101.3 11.79 -186.65 98.93 12.39 0.545 0x0000FF
-188.47 102.94 11.1 -187.56 101.3 11.79 0.545 0x0000FF
-191.03 104.76 10.5 -188.47 102.94 11.1 0.545 0x0000FF
-192.85 106.95 9.97 -191.03 104.76 10.5 0.545 0x0000FF
-195.59 110.23 9.28 -192.85 106.95 9.97 0.545 0x0000FF
-197.6 112.78 7.92 -195.59 110.23 9.28 0.545 0x0000FF
-201.79 118.07 7.32 -197.6 112.78 7.92 0.545 0x0000FF
-206.54 121.71 6.94 -201.79 118.07 7.32 0.545 0x0000FF
-207.71 124.62 6.48 -206.54 121.71 6.94 0.545 0x0000FF
-208.08 125.35 6.26 -207.71 124.62 6.48 0.545 0x0000FF
-208.81 126.62 5.65 -208.08 125.35 6.26 0.545 0x0000FF
-210.82 128.63 5.27 -208.81 126.62 5.65 0.545 0x0000FF
-212.82 130.44 5.12 -210.82 128.63 5.27 0.455 0x0000FF
-214.1 131.72 4.74 -212.82 130.44 5.12 0.455 0x0000FF
-215.19 132.82 4.29 -214.1 131.72 4.74 0.455 0x0000FF
-216.47 133.91 4.05 -215.19 132.82 4.29 0.455 0x0000FF
-218.66 135.72 3.76 -216.47 133.91 4.05 0.455 0x0000FF
-219.76 136.63 3.61 -218.66 135.72 3.76 0.455 0x0000FF
-220.67 137.37 3.45 -219.76 136.63 3.61 0.455 0x0000FF
-222.13 138.1 2.92 -220.67 137.37 3.45 0.455 0x0000FF
-223.22 138.83 2.62 -222.13 138.1 2.92 0.455 0x0000FF
-224.5 139.74 2.54 -223.22 138.83 2.62 0.455 0x0000FF
-226.14 140.65 2.24 -224.5 139.74 2.54 0.455 0x0000FF
-227.24 141.19 1.64 -226.14 140.65 2.24 0.455 0x0000FF
-231.43 142.29 0.88 -227.24 141.19 1.64 0.455 0x0000FF
-233.99 143.02 0.2 -231.43 142.29 0.88 0.455 0x0000FF
-238.18 144.29 -0.41 -233.99 143.02 0.2 0.365 0x0000FF
-239.64 145.02 -0.71 -238.18 144.29 -0.41 0.365 0x0000FF
-241.83 146.47 -1.55 -239.64 145.02 -0.71 0.365 0x0000FF
-244.02 147.76 -1.92 -241.83 146.47 -1.55 0.365 0x0000FF
-249.5 151.58 -2.61 -244.02 147.76 -1.92 0.365 0x0000FF
-253.14 155.22 -2.91 -249.5 151.58 -2.61 0.365 0x0000FF
