-1.89 -1.14 114.05 4.82 4.03 113.66 0.91 0x0000FF
-3.35 -1.33 112.53 -1.89 -1.14 114.05 0.91 0x0000FF
-4.08 -1.51 112.38 -3.35 -1.33 112.53 0.91 0x0000FF
-4.8 -1.88 110.87 -4.08 -1.51 112.38 0.91 0x0000FF
-5.36 -2.24 110.49 -4.8 -1.88 110.87 0.91 0x0000FF
-5.9 -2.6 109.58 -5.36 -2.24 110.49 0.91 0x0000FF
-6.27 -2.97 108.97 -5.9 -2.6 109.58 0.91 0x0000FF
-7.18 -3.88 107.91 -6.27 -2.97 108.97 0.91 0x0000FF
-7.91 -4.97 107.84 -7.18 -3.88 107.91 0.91 0x0000FF
-8.64 -5.88 107.61 -7.91 -4.97 107.84 0.91 0x0000FF
-10.47 -7.52 107.61 -8.64 -5.88 107.61 0.91 0x0000FF
-11.2 -8.61 107.46 -10.47 -7.52 107.61 0.91 0x0000FF
-11.74 -9.16 107.38 -11.2 -8.61 107.46 0.91 0x0000FF
-12.11 -9.71 107.31 -11.74 -9.16 107.38 0.91 0x0000FF
-12.47 -10.26 106.32 -12.11 -9.71 107.31 0.91 0x0000FF
-13.2 -10.62 106.02 -12.47 -10.26 106.32 0.91 0x0000FF
-13.93 -10.8 105.72 -13.2 -10.62 106.02 0.91 0x0000FF
-14.11 -10.8 104.66 -13.93 -10.8 105.72 0.91 0x0000FF
-14.84 -11.17 104.35 -14.11 -10.8 104.66 0.91 0x0000FF
-15.57 -11.35 103.6 -14.84 -11.17 104.35 0.91 0x0000FF
-16.48 -11.35 102.54 -15.57 -11.35 103.6 0.91 0x0000FF
-17.22 -11.53 102.54 -16.48 -11.35 102.54 0.91 0x0000FF
-17.76 -11.53 101.47 -17.22 -11.53 102.54 0.91 0x0000FF
-18.13 -12.08 101.02 -17.76 -11.53 101.47 0.91 0x0000FF
-19.22 -12.44 100.49 -18.13 -12.08 101.02 0.91 0x0000FF
-20.14 -12.99 99.88 -19.22 -12.44 100.49 0.91 0x0000FF
-20.87 -13.54 99.81 -20.14 -12.99 99.88 0.91 0x0000FF
-22.69 -14.45 99.28 -20.87 -13.54 99.81 0.91 0x0000FF
-25.43 -15.91 98.29 -22.69 -14.45 99.28 0.64 0x0000FF
-26.7 -16.45 97.91 -25.43 -15.91 98.29 0.64 0x0000FF
-27.62 -16.82 97.46 -26.7 -16.45 97.91 0.64 0x0000FF
-28.53 -17.36 96.93 -27.62 -16.82 97.46 0.64 0x0000FF
-29.62 -17.73 96.32 -28.53 -17.36 96.93 0.64 0x0000FF
-30.17 -18.09 94.58 -29.62 -17.73 96.32 0.64 0x0000FF
-30.9 -18.46 92.69 -30.17 -18.09 94.58 0.64 0x0000FF
-32.72 -21.01 92.23 -30.9 -18.46 92.69 0.545 0x0000FF
-33.09 -21.74 91.17 -32.72 -21.01 92.23 0.545 0x0000FF
-33.27 -22.1 90.64 -33.09 -21.74 91.17 0.545 0x0000FF
-33.82 -22.83 89.96 -33.27 -22.1 90.64 0.545 0x0000FF
-34.54 -23.38 88.98 -33.82 -22.83 89.96 0.545 0x0000FF
-35.46 -23.92 88.98 -34.54 -23.38 88.98 0.545 0x0000FF
-36.36 -24.65 87.92 -35.46 -23.92 88.98 0.545 0x0000FF
-37.1 -25.02 87.39 -36.36 -24.65 87.92 0.545 0x0000FF
-37.83 -25.38 86.93 -37.1 -25.02 87.39 0.545 0x0000FF
-38.75 -26.11 86.63 -37.83 -25.38 86.93 0.545 0x0000FF
-39.84 -26.29 85.72 -38.75 -26.11 86.63 0.545 0x0000FF
-41.12 -26.29 85.57 -39.84 -26.29 85.72 0.545 0x0000FF
-42.94 -26.84 84.73 -41.12 -26.29 85.57 0.545 0x0000FF
-44.95 -27.2 84.28 -42.94 -26.84 84.73 0.545 0x0000FF
-46.41 -27.57 83.9 -44.95 -27.2 84.28 0.545 0x0000FF
-48.23 -28.11 83.22 -46.41 -27.57 83.9 0.545 0x0000FF
-49.88 -28.84 82.46 -48.23 -28.11 83.22 0.545 0x0000FF
-51.52 -29.39 82.23 -49.88 -28.84 82.46 0.545 0x0000FF
-53.16 -29.93 81.25 -51.52 -29.39 82.23 0.545 0x0000FF
-54.98 -30.66 81.25 -53.16 -29.93 81.25 0.545 0x0000FF
-56.44 -31.57 80.95 -54.98 -30.66 81.25 0.545 0x0000FF
-59.36 -32.85 80.26 -56.44 -31.57 80.95 0.545 0x0000FF
-61.0 -34.13 79.89 -59.36 -32.85 80.26 0.545 0x0000FF
-62.65 -35.58 79.51 -61.0 -34.13 79.89 0.545 0x0000FF
-64.29 -37.04 79.13 -62.65 -35.58 79.51 0.545 0x0000FF
-65.93 -38.5 78.59 -64.29 -37.04 79.13 0.545 0x0000FF
-67.39 -39.59 78.3 -65.93 -38.5 78.59 0.545 0x0000FF
-69.03 -40.86 77.92 -67.39 -39.59 78.3 0.545 0x0000FF
-71.22 -41.78 77.54 -69.03 -40.86 77.92 0.545 0x0000FF
-72.31 -42.51 77.16 -71.22 -41.78 77.54 0.545 0x0000FF
-73.23 -43.23 76.78 -72.31 -42.51 77.16 0.545 0x0000FF
-74.51 -43.96 76.78 -73.23 -43.23 76.78 0.545 0x0000FF
-75.78 -45.06 76.4 -74.51 -43.96 76.78 0.545 0x0000FF
-77.06 -46.15 76.17 -75.78 -45.06 76.4 0.545 0x0000FF
-78.52 -46.88 75.64 -77.06 -46.15 76.17 0.545 0x0000FF
-83.99 -50.52 75.27 -78.52 -46.88 75.64 0.455 0x0000FF
-84.54 -51.07 75.19 -83.99 -50.52 75.27 0.455 0x0000FF
-85.27 -51.62 74.89 -84.54 -51.07 75.19 0.455 0x0000FF
-86.0 -52.53 74.43 -85.27 -51.62 74.89 0.455 0x0000FF
-86.37 -53.07 74.05 -86.0 -52.53 74.43 0.455 0x0000FF
-86.55 -53.98 73.83 -86.37 -53.07 74.05 0.455 0x0000FF
-87.28 -55.08 73.37 -86.55 -53.98 73.83 0.455 0x0000FF
-87.64 -56.17 73.14 -87.28 -55.08 73.37 0.455 0x0000FF
-89.1 -58.72 72.61 -87.64 -56.17 73.14 0.455 0x0000FF
-90.38 -61.27 71.93 -89.1 -58.72 72.61 0.455 0x0000FF
-92.02 -63.64 71.78 -90.38 -61.27 71.93 0.455 0x0000FF
-92.93 -65.09 70.87 -92.02 -63.64 71.78 0.455 0x0000FF
-94.76 -66.19 70.48 -92.93 -65.09 70.87 0.455 0x0000FF
-96.04 -67.65 70.04 -94.76 -66.19 70.48 0.455 0x0000FF
-96.58 -68.2 69.28 -96.04 -67.65 70.04 0.455 0x0000FF
-97.68 -69.65 68.9 -96.58 -68.2 69.28 0.455 0x0000FF
-98.96 -70.75 68.45 -97.68 -69.65 68.9 0.455 0x0000FF
-100.05 -72.2 67.84 -98.96 -70.75 68.45 0.455 0x0000FF
-100.78 -73.12 67.69 -100.05 -72.2 67.84 0.455 0x0000FF
-101.69 -73.66 67.01 -100.78 -73.12 67.69 0.455 0x0000FF
-102.6 -74.56 66.63 -101.69 -73.66 67.01 0.455 0x0000FF
-102.6 -75.12 65.8 -102.6 -74.56 66.63 0.455 0x0000FF
-103.33 -75.84 64.73 -102.6 -75.12 65.8 0.455 0x0000FF
-104.43 -76.58 64.2 -103.33 -75.84 64.73 0.455 0x0000FF
-106.44 -78.22 63.83 -104.43 -76.58 64.2 0.365 0x0000FF
-107.17 -79.31 63.3 -106.44 -78.22 63.83 0.365 0x0000FF
-108.26 -81.13 62.84 -107.17 -79.31 63.3 0.365 0x0000FF
-25.97 -15.18 98.82 -22.69 -14.45 99.28 0.73 0x0000FF
-26.89 -15.36 98.14 -25.97 -15.18 98.82 0.73 0x0000FF
-28.53 -15.36 98.14 -26.89 -15.36 98.14 0.73 0x0000FF
-32.72 -16.09 97.91 -28.53 -15.36 98.14 0.64 0x0000FF
-33.64 -16.63 97.91 -32.72 -16.09 97.91 0.64 0x0000FF
-35.83 -18.09 97.61 -33.64 -16.63 97.91 0.545 0x0000FF
-37.47 -18.27 97.23 -35.83 -18.09 97.61 0.545 0x0000FF
-40.39 -19.0 97.23 -37.47 -18.27 97.23 0.545 0x0000FF
-41.85 -19.55 97.23 -40.39 -19.0 97.23 0.545 0x0000FF
-45.68 -19.73 96.93 -41.85 -19.55 97.23 0.455 0x0000FF
-48.42 -19.55 96.85 -45.68 -19.73 96.93 0.455 0x0000FF
-51.52 -19.18 96.85 -48.42 -19.55 96.85 0.365 0x0000FF
0.85 15.43 116.02 4.82 4.03 113.66 1.275 0x0000FF
-1.15 16.89 116.25 0.85 15.43 116.02 1.275 0x0000FF
-3.17 19.07 116.32 -1.15 16.89 116.25 1.275 0x0000FF
-3.2 19.59 121.02 -3.17 19.07 116.32 0.64 0x0000FF
-3.57 20.5 121.17 -3.2 19.59 121.02 0.64 0x0000FF
-3.75 21.23 121.47 -3.57 20.5 121.17 0.64 0x0000FF
-3.75 21.77 121.7 -3.75 21.23 121.47 0.64 0x0000FF
-3.57 22.5 122.23 -3.75 21.77 121.7 0.64 0x0000FF
-3.39 23.05 122.61 -3.57 22.5 122.23 0.64 0x0000FF
-3.39 23.6 122.76 -3.39 23.05 122.61 0.64 0x0000FF
-3.39 24.51 123.06 -3.39 23.6 122.76 0.64 0x0000FF
-3.2 25.24 123.29 -3.39 24.51 123.06 0.64 0x0000FF
-2.66 26.69 123.52 -3.2 25.24 123.29 0.64 0x0000FF
-2.29 28.52 123.9 -2.66 26.69 123.52 0.64 0x0000FF
-1.74 30.16 124.05 -2.29 28.52 123.9 0.64 0x0000FF
-1.38 32.34 124.12 -1.74 30.16 124.05 0.64 0x0000FF
-1.56 35.99 124.28 -1.38 32.34 124.12 0.545 0x0000FF
-1.74 39.08 124.35 -1.56 35.99 124.28 0.545 0x0000FF
-1.93 40.18 124.43 -1.74 39.08 124.35 0.545 0x0000FF
-2.47 42.73 124.5 -1.93 40.18 124.43 0.545 0x0000FF
-2.84 46.74 124.58 -2.47 42.73 124.5 0.455 0x0000FF
-2.66 48.74 124.65 -2.84 46.74 124.58 0.455 0x0000FF
-2.29 50.2 124.65 -2.66 48.74 124.65 0.455 0x0000FF
-1.74 51.29 124.73 -2.29 50.2 124.65 0.455 0x0000FF
-0.47 53.3 124.73 -1.74 51.29 124.73 0.365 0x0000FF
1.72 55.3 124.81 -0.47 53.3 124.73 0.365 0x0000FF
3.91 56.94 124.81 1.72 55.3 124.81 0.365 0x0000FF
5.92 59.31 124.81 3.91 56.94 124.81 0.365 0x0000FF
8.11 64.05 124.88 5.92 59.31 124.81 0.365 0x0000FF
9.57 68.23 124.88 8.11 64.05 124.88 0.365 0x0000FF
11.94 71.88 124.96 9.57 68.23 124.88 0.365 0x0000FF
14.13 74.25 124.96 11.94 71.88 124.96 0.365 0x0000FF
15.59 76.62 124.96 14.13 74.25 124.96 0.365 0x0000FF
15.77 77.89 124.96 15.59 76.62 124.96 0.365 0x0000FF
-4.63 19.8 116.47 -3.17 19.07 116.32 0.82 0x0000FF
-4.99 20.53 116.85 -4.63 19.8 116.47 0.82 0x0000FF
-6.09 21.99 116.85 -4.99 20.53 116.85 0.64 0x0000FF
-6.45 22.9 116.47 -6.09 21.99 116.85 0.64 0x0000FF
-6.82 23.63 115.26 -6.45 22.9 116.47 0.64 0x0000FF
-7.36 24.91 114.66 -6.82 23.63 115.26 0.64 0x0000FF
-8.64 26.55 114.28 -7.36 24.91 114.66 0.64 0x0000FF
-11.2 29.1 113.29 -8.64 26.55 114.28 0.64 0x0000FF
-14.66 32.2 112.84 -11.2 29.1 113.29 0.64 0x0000FF
-19.22 35.47 112.23 -14.66 32.2 112.84 0.64 0x0000FF
-26.34 38.75 111.7 -19.22 35.47 112.23 0.64 0x0000FF
-33.64 43.49 111.4 -26.34 38.75 111.7 0.64 0x0000FF
-36.01 47.5 110.87 -33.64 43.49 111.4 0.64 0x0000FF
-38.75 53.15 110.41 -36.01 47.5 110.87 0.64 0x0000FF
-39.47 54.97 109.96 -38.75 53.15 110.41 0.64 0x0000FF
-40.79 56.39 115.26 -39.47 54.97 109.96 0.64 0x0000FF
-40.61 56.39 115.11 -40.79 56.39 115.26 0.545 0x0000FF
-40.61 56.57 113.67 -40.61 56.39 115.11 0.545 0x0000FF
-40.42 57.3 112.23 -40.61 56.57 113.67 0.545 0x0000FF
-40.24 57.85 111.63 -40.42 57.3 112.23 0.545 0x0000FF
-40.24 58.58 110.56 -40.24 57.85 111.63 0.545 0x0000FF
-40.42 59.13 109.96 -40.24 58.58 110.56 0.545 0x0000FF
-40.79 60.04 109.05 -40.42 59.13 109.96 0.545 0x0000FF
-40.79 60.58 108.29 -40.79 60.04 109.05 0.545 0x0000FF
-40.06 61.68 107.38 -40.79 60.58 108.29 0.545 0x0000FF
-40.06 63.5 106.78 -40.06 61.68 107.38 0.455 0x0000FF
-39.88 64.05 106.1 -40.06 63.5 106.78 0.455 0x0000FF
-40.42 64.95 104.5 -39.88 64.05 106.1 0.455 0x0000FF
-40.61 65.5 103.52 -40.42 64.95 104.5 0.455 0x0000FF
-41.34 66.05 100.94 -40.61 65.5 103.52 0.455 0x0000FF
-41.88 66.41 100.11 -41.34 66.05 100.94 0.455 0x0000FF
-42.43 66.78 98.97 -41.88 66.41 100.11 0.455 0x0000FF
-42.98 67.14 97.91 -42.43 66.78 98.97 0.455 0x0000FF
-43.89 68.78 97.16 -42.98 67.14 97.91 0.455 0x0000FF
-44.07 69.51 96.63 -43.89 68.78 97.16 0.455 0x0000FF
-44.07 70.23 95.64 -44.07 69.51 96.63 0.455 0x0000FF
-43.89 70.97 95.19 -44.07 70.23 95.64 0.455 0x0000FF
-43.71 71.7 93.98 -43.89 70.97 95.19 0.455 0x0000FF
-43.34 72.23 93.6 -43.71 71.7 93.98 0.455 0x0000FF
-42.43 73.16 88.07 -43.34 72.23 93.6 0.365 0x0000FF
-42.8 73.88 88.07 -42.43 73.16 88.07 0.365 0x0000FF
-43.16 74.43 88.07 -42.8 73.88 88.07 0.365 0x0000FF
-43.71 74.43 88.07 -43.16 74.43 88.07 0.365 0x0000FF
-44.62 74.43 88.07 -43.71 74.43 88.07 0.365 0x0000FF
-46.08 74.43 88.07 -44.62 74.43 88.07 0.365 0x0000FF
-46.99 74.98 87.84 -46.08 74.43 88.07 0.365 0x0000FF
-48.45 75.34 87.54 -46.99 74.98 87.84 0.365 0x0000FF
-49.18 75.52 87.23 -48.45 75.34 87.54 0.365 0x0000FF
-50.28 75.89 87.01 -49.18 75.52 87.23 0.365 0x0000FF
-51.37 76.06 86.48 -50.28 75.89 87.01 0.365 0x0000FF
-52.28 76.06 85.64 -51.37 76.06 86.48 0.365 0x0000FF
-53.38 76.06 85.49 -52.28 76.06 85.64 0.365 0x0000FF
-54.29 76.06 84.81 -53.38 76.06 85.49 0.365 0x0000FF
-55.2 76.06 83.98 -54.29 76.06 84.81 0.365 0x0000FF
-56.11 75.89 83.22 -55.2 76.06 83.98 0.365 0x0000FF
-57.39 75.52 82.39 -56.11 75.89 83.22 0.365 0x0000FF
-58.85 75.16 81.4 -57.39 75.52 82.39 0.365 0x0000FF
-60.13 74.98 80.87 -58.85 75.16 81.4 0.365 0x0000FF
-60.86 74.98 78.75 -60.13 74.98 80.87 0.365 0x0000FF
-61.95 74.79 76.63 -60.86 74.98 78.75 0.365 0x0000FF
-62.87 74.79 76.02 -61.95 74.79 76.63 0.365 0x0000FF
-65.78 74.43 75.11 -62.87 74.79 76.02 0.365 0x0000FF
-69.25 73.88 74.66 -65.78 74.43 75.11 0.365 0x0000FF
-71.44 73.16 74.28 -69.25 73.88 74.66 0.365 0x0000FF
-73.27 72.43 73.9 -71.44 73.16 74.28 0.365 0x0000FF
-75.27 72.06 73.3 -73.27 72.43 73.9 0.365 0x0000FF
-76.91 71.88 72.92 -75.27 72.06 73.3 0.365 0x0000FF
-78.37 71.88 72.61 -76.91 71.88 72.92 0.365 0x0000FF
-79.83 71.88 71.7 -78.37 71.88 72.61 0.365 0x0000FF
-81.29 72.06 70.72 -79.83 71.88 71.7 0.365 0x0000FF
-83.12 72.79 69.43 -81.29 72.06 70.72 0.365 0x0000FF
-83.66 74.06 68.52 -83.12 72.79 69.43 0.365 0x0000FF
-83.85 74.98 67.54 -83.66 74.06 68.52 0.365 0x0000FF
-84.39 77.16 66.78 -83.85 74.98 67.54 0.365 0x0000FF
-86.04 78.8 65.72 -84.39 77.16 66.78 0.365 0x0000FF
-87.5 79.53 65.04 -86.04 78.8 65.72 0.365 0x0000FF
-43.53 58.03 115.26 -40.79 56.39 115.26 0.545 0x0000FF
-46.99 60.4 115.11 -43.53 58.03 115.26 0.545 0x0000FF
-51.55 63.32 114.81 -46.99 60.4 115.11 0.545 0x0000FF
-57.76 68.23 114.5 -51.55 63.32 114.81 0.545 0x0000FF
-62.87 72.23 114.28 -57.76 68.23 114.5 0.455 0x0000FF
-67.79 76.25 114.28 -62.87 72.23 114.28 0.455 0x0000FF
-73.98 80.08 114.05 -67.79 76.25 114.28 0.455 0x0000FF
-78.01 82.99 113.75 -73.98 80.08 114.05 0.455 0x0000FF
-81.29 85.0 113.52 -78.01 82.99 113.75 0.455 0x0000FF
-83.48 86.46 112.84 -81.29 85.0 113.52 0.455 0x0000FF
-85.31 88.1 112.53 -83.48 86.46 112.84 0.455 0x0000FF
-88.23 89.74 111.93 -85.31 88.1 112.53 0.455 0x0000FF
-91.88 92.47 111.17 -88.23 89.74 111.93 0.365 0x0000FF
-93.33 93.38 110.19 -91.88 92.47 111.17 0.365 0x0000FF
-94.43 94.11 109.58 -93.33 93.38 110.19 0.365 0x0000FF
-96.8 94.84 109.13 -94.43 94.11 109.58 0.365 0x0000FF
-102.28 97.21 108.37 -96.8 94.84 109.13 0.365 0x0000FF
-106.47 99.21 107.38 -102.28 97.21 108.37 0.365 0x0000FF
-109.03 101.21 106.93 -106.47 99.21 107.38 0.365 0x0000FF
-110.85 102.31 107.31 -109.03 101.21 106.93 0.365 0x0000FF
-111.4 102.67 107.76 -110.85 102.31 107.31 0.365 0x0000FF
-111.76 103.22 108.37 -111.4 102.67 107.76 0.365 0x0000FF
-112.86 104.13 109.13 -111.76 103.22 108.37 0.365 0x0000FF
-113.77 105.4 109.58 -112.86 104.13 109.13 0.365 0x0000FF
-114.68 107.77 109.88 -113.77 105.4 109.58 0.365 0x0000FF
-117.42 111.96 110.41 -114.68 107.77 109.88 0.365 0x0000FF
-118.51 113.79 110.79 -117.42 111.96 110.41 0.365 0x0000FF
-119.97 117.61 111.09 -118.51 113.79 110.79 0.365 0x0000FF
-120.7 119.62 111.63 -119.97 117.61 111.09 0.365 0x0000FF
-121.07 120.53 110.56 -120.7 119.62 111.63 0.365 0x0000FF
-121.43 121.98 109.35 -121.07 120.53 110.56 0.365 0x0000FF
-121.62 124.9 108.67 -121.43 121.98 109.35 0.365 0x0000FF
-121.8 127.45 107.99 -121.62 124.9 108.67 0.365 0x0000FF
-122.53 130.0 107.31 -121.8 127.45 107.99 0.365 0x0000FF
-123.07 132.55 106.63 -122.53 130.0 107.31 0.365 0x0000FF
-124.35 134.74 105.87 -123.07 132.55 106.63 0.365 0x0000FF
-125.26 135.83 105.49 -124.35 134.74 105.87 0.365 0x0000FF
-128.0 137.29 104.88 -125.26 135.83 105.49 0.365 0x0000FF
-129.46 138.19 104.28 -128.0 137.29 104.88 0.365 0x0000FF
-130.37 138.38 104.2 -129.46 138.19 104.28 0.365 0x0000FF
-131.65 139.29 103.67 -130.37 138.38 104.2 0.365 0x0000FF
-132.56 140.38 103.29 -131.65 139.29 103.67 0.365 0x0000FF
-133.29 141.3 102.91 -132.56 140.38 103.29 0.365 0x0000FF
3.0 16.3 108.9 4.82 4.03 113.66 1.095 0x0000FF
2.45 17.22 108.6 3.0 16.3 108.9 1.095 0x0000FF
2.09 17.95 108.22 2.45 17.22 108.6 1.095 0x0000FF
1.72 18.68 107.69 2.09 17.95 108.22 1.095 0x0000FF
1.36 19.41 107.31 1.72 18.68 107.69 1.095 0x0000FF
-0.28 22.14 107.16 1.36 19.41 107.31 1.005 0x0000FF
-0.65 23.23 106.93 -0.28 22.14 107.16 1.005 0x0000FF
-1.01 24.14 106.85 -0.65 23.23 106.93 1.005 0x0000FF
-1.2 25.24 106.17 -1.01 24.14 106.85 1.005 0x0000FF
-1.74 27.42 105.64 -1.2 25.24 106.17 0.91 0x0000FF
-1.93 28.15 105.49 -1.74 27.42 105.64 0.91 0x0000FF
-1.93 29.43 105.19 -1.93 28.15 105.49 0.91 0x0000FF
-1.93 31.07 104.66 -1.93 29.43 105.19 0.91 0x0000FF
-1.74 32.71 103.75 -1.93 31.07 104.66 0.91 0x0000FF
-1.38 33.79 102.84 -1.74 32.71 103.75 0.91 0x0000FF
-1.01 35.44 102.38 -1.38 33.79 102.84 0.91 0x0000FF
-0.65 36.72 101.4 -1.01 35.44 102.38 0.91 0x0000FF
0.26 38.36 100.72 -0.65 36.72 101.4 0.91 0x0000FF
1.18 39.99 100.19 0.26 38.36 100.72 0.91 0x0000FF
2.09 41.27 99.81 1.18 39.99 100.19 0.91 0x0000FF
3.55 43.64 99.13 2.09 41.27 99.81 0.91 0x0000FF
3.91 44.55 98.75 3.55 43.64 99.13 0.91 0x0000FF
5.37 45.1 99.05 3.91 44.55 98.75 0.455 0x0000FF
5.92 45.46 99.43 5.37 45.1 99.05 0.455 0x0000FF
6.47 45.46 99.2 5.92 45.46 99.43 0.455 0x0000FF
8.47 45.64 98.22 6.47 45.46 99.2 0.455 0x0000FF
10.11 46.01 97.23 8.47 45.64 98.22 0.455 0x0000FF
11.39 46.37 96.17 10.11 46.01 97.23 0.455 0x0000FF
12.85 47.47 95.57 11.39 46.37 96.17 0.455 0x0000FF
14.13 48.38 94.66 12.85 47.47 95.57 0.455 0x0000FF
14.86 49.65 93.98 14.13 48.38 94.66 0.455 0x0000FF
15.41 50.93 93.6 14.86 49.65 93.98 0.455 0x0000FF
15.41 51.84 92.91 15.41 50.93 93.6 0.455 0x0000FF
15.41 53.11 92.38 15.41 51.84 92.91 0.365 0x0000FF
15.22 54.21 91.78 15.41 53.11 92.38 0.365 0x0000FF
15.22 55.12 91.4 15.22 54.21 91.78 0.365 0x0000FF
15.41 56.03 91.17 15.22 55.12 91.4 0.365 0x0000FF
16.32 57.85 90.64 15.41 56.03 91.17 0.365 0x0000FF
17.05 58.76 90.34 16.32 57.85 90.64 0.365 0x0000FF
17.41 59.49 88.9 17.05 58.76 90.34 0.365 0x0000FF
17.78 60.04 87.84 17.41 59.49 88.9 0.365 0x0000FF
18.14 60.58 86.93 17.78 60.04 87.84 0.365 0x0000FF
18.87 62.22 86.02 18.14 60.58 86.93 0.365 0x0000FF
19.42 63.13 84.96 18.87 62.22 86.02 0.365 0x0000FF
20.14 64.05 84.13 19.42 63.13 84.96 0.365 0x0000FF
20.7 64.95 83.22 20.14 64.05 84.13 0.365 0x0000FF
21.25 67.14 82.76 20.7 64.95 83.22 0.365 0x0000FF
21.43 68.23 82.46 21.25 67.14 82.76 0.365 0x0000FF
21.43 70.23 81.93 21.43 68.23 82.46 0.365 0x0000FF
21.61 71.52 81.55 21.43 70.23 81.93 0.365 0x0000FF
22.34 74.98 81.02 21.61 71.52 81.55 0.365 0x0000FF
22.52 75.7 80.64 22.34 74.98 81.02 0.365 0x0000FF
23.62 76.98 80.26 22.52 75.7 80.64 0.365 0x0000FF
24.35 77.7 79.66 23.62 76.98 80.26 0.365 0x0000FF
24.71 78.26 78.83 24.35 77.7 79.66 0.365 0x0000FF
25.08 79.17 77.98 24.71 78.26 78.83 0.365 0x0000FF
25.26 80.26 77.23 25.08 79.17 77.98 0.365 0x0000FF
25.26 81.17 76.02 25.26 80.26 77.23 0.365 0x0000FF
24.89 82.27 75.19 25.26 81.17 76.02 0.365 0x0000FF
24.35 82.99 73.9 24.89 82.27 75.19 0.365 0x0000FF
23.25 83.72 72.77 24.35 82.99 73.9 0.365 0x0000FF
21.98 84.63 72.23 23.25 83.72 72.77 0.365 0x0000FF
20.32 85.36 71.55 21.98 84.63 72.23 0.365 0x0000FF
19.23 85.91 71.02 20.32 85.36 71.55 0.365 0x0000FF
18.51 86.46 70.34 19.23 85.91 71.02 0.365 0x0000FF
18.14 87.0 70.04 18.51 86.46 70.34 0.365 0x0000FF
17.05 88.46 68.06 18.14 87.0 70.04 0.365 0x0000FF
15.95 90.1 67.45 17.05 88.46 68.06 0.365 0x0000FF
15.22 91.92 66.25 15.95 90.1 67.45 0.365 0x0000FF
14.49 93.38 65.19 15.22 91.92 66.25 0.365 0x0000FF
13.04 95.57 64.28 14.49 93.38 65.19 0.365 0x0000FF
11.03 98.66 63.22 13.04 95.57 64.28 0.365 0x0000FF
4.63 47.1 98.37 3.91 44.55 98.75 0.64 0x0000FF
4.82 49.1 97.91 4.63 47.1 98.37 0.64 0x0000FF
4.82 50.74 97.38 4.82 49.1 97.91 0.64 0x0000FF
4.63 53.84 97.23 4.82 50.74 97.38 0.64 0x0000FF
3.91 56.57 96.55 4.63 53.84 97.23 0.64 0x0000FF
2.09 58.94 96.32 3.91 56.57 96.55 0.64 0x0000FF
0.63 60.4 96.02 2.09 58.94 96.32 0.64 0x0000FF
-1.74 62.04 95.72 0.63 60.4 96.02 0.64 0x0000FF
-3.02 62.77 95.11 -1.74 62.04 95.72 0.64 0x0000FF
-3.75 63.32 94.73 -3.02 62.77 95.11 0.64 0x0000FF
-4.66 64.05 94.05 -3.75 63.32 94.73 0.64 0x0000FF
-5.21 64.23 93.82 -4.66 64.05 94.05 0.64 0x0000FF
-5.76 64.41 92.99 -5.21 64.23 93.82 0.64 0x0000FF
-7.03 64.95 91.78 -5.76 64.41 92.99 0.545 0x0000FF
-7.58 65.14 90.79 -7.03 64.95 91.78 0.545 0x0000FF
-8.31 65.31 89.88 -7.58 65.14 90.79 0.545 0x0000FF
-9.77 66.23 87.92 -8.31 65.31 89.88 0.545 0x0000FF
-10.32 66.78 87.08 -9.77 66.23 87.92 0.545 0x0000FF
-11.6 68.23 86.48 -10.32 66.78 87.08 0.545 0x0000FF
-12.69 69.69 85.72 -11.6 68.23 86.48 0.455 0x0000FF
-13.6 70.59 85.49 -12.69 69.69 85.72 0.455 0x0000FF
-15.06 71.52 84.96 -13.6 70.59 85.49 0.455 0x0000FF
-16.16 72.06 84.51 -15.06 71.52 84.96 0.455 0x0000FF
-17.25 72.97 84.28 -16.16 72.06 84.51 0.455 0x0000FF
-17.8 73.34 83.82 -17.25 72.97 84.28 0.455 0x0000FF
-19.26 74.06 83.07 -17.8 73.34 83.82 0.365 0x0000FF
-20.72 74.98 81.93 -19.26 74.06 83.07 0.365 0x0000FF
-21.45 75.34 81.17 -20.72 74.98 81.93 0.365 0x0000FF
-22.18 75.89 80.34 -21.45 75.34 81.17 0.365 0x0000FF
-22.91 76.25 79.66 -22.18 75.89 80.34 0.365 0x0000FF
-24.73 77.53 79.28 -22.91 76.25 79.66 0.365 0x0000FF
-26.01 78.26 78.67 -24.73 77.53 79.28 0.365 0x0000FF
-26.74 79.34 77.98 -26.01 78.26 78.67 0.365 0x0000FF
-27.29 81.17 77.31 -26.74 79.34 77.98 0.365 0x0000FF
-27.47 84.09 77.01 -27.29 81.17 77.31 0.365 0x0000FF
-26.92 86.64 76.55 -27.47 84.09 77.01 0.365 0x0000FF
-27.47 90.1 75.87 -26.92 86.64 76.55 0.365 0x0000FF
-28.38 92.1 75.34 -27.47 90.1 75.87 0.365 0x0000FF
-29.29 93.56 75.11 -28.38 92.1 75.34 0.365 0x0000FF
-30.75 94.65 74.36 -29.29 93.56 75.11 0.365 0x0000FF
-31.67 97.39 74.2 -30.75 94.65 74.36 0.365 0x0000FF
-32.4 98.48 73.75 -31.67 97.39 74.2 0.365 0x0000FF
-33.13 99.94 73.59 -32.4 98.48 73.75 0.365 0x0000FF
-33.67 101.03 73.06 -33.13 99.94 73.59 0.365 0x0000FF
-34.4 101.94 72.92 -33.67 101.03 73.06 0.365 0x0000FF
-34.77 103.95 72.61 -34.4 101.94 72.92 0.365 0x0000FF
-35.86 106.32 71.4 -34.77 103.95 72.61 0.365 0x0000FF
-36.22 107.23 71.4 -35.86 106.32 71.4 0.365 0x0000FF
-36.22 110.14 70.95 -36.22 107.23 71.4 0.365 0x0000FF
-36.96 112.51 70.56 -36.22 110.14 70.95 0.365 0x0000FF
6.47 16.48 113.82 4.82 4.03 113.66 0.82 0x0000FF
6.28 17.39 113.29 6.47 16.48 113.82 0.82 0x0000FF
6.28 18.5 112.91 6.28 17.39 113.29 0.82 0x0000FF
6.65 20.14 112.08 6.28 18.5 112.91 0.82 0x0000FF
6.83 21.23 111.55 6.65 20.14 112.08 0.82 0x0000FF
7.2 23.23 110.94 6.83 21.23 111.55 0.73 0x0000FF
7.38 24.14 110.03 7.2 23.23 110.94 0.73 0x0000FF
7.93 26.15 109.35 7.38 24.14 110.03 0.73 0x0000FF
9.02 28.88 108.67 7.93 26.15 109.35 0.73 0x0000FF
10.48 30.7 108.22 9.02 28.88 108.67 0.73 0x0000FF
11.76 32.34 107.46 10.48 30.7 108.22 0.73 0x0000FF
12.67 33.61 106.78 11.76 32.34 107.46 0.73 0x0000FF
15.04 36.72 104.43 12.67 33.61 106.78 0.73 0x0000FF
16.14 37.81 103.29 15.04 36.72 104.43 0.73 0x0000FF
17.23 39.63 102.16 16.14 37.81 103.29 0.73 0x0000FF
18.32 41.63 100.57 17.23 39.63 102.16 0.73 0x0000FF
19.42 43.82 99.2 18.32 41.63 100.57 0.73 0x0000FF
20.7 45.64 97.91 19.42 43.82 99.2 0.73 0x0000FF
22.34 47.1 97.23 20.7 45.64 97.91 0.73 0x0000FF
23.62 48.74 96.48 22.34 47.1 97.23 0.73 0x0000FF
23.43 50.74 95.41 23.62 48.74 96.48 0.455 0x0000FF
23.07 51.84 95.64 23.43 50.74 95.41 0.455 0x0000FF
23.07 51.84 95.04 23.07 51.84 95.64 0.455 0x0000FF
22.71 52.57 94.13 23.07 51.84 95.04 0.455 0x0000FF
21.79 53.3 92.69 22.71 52.57 94.13 0.455 0x0000FF
20.88 54.02 92.38 21.79 53.3 92.69 0.455 0x0000FF
17.96 55.48 92.23 20.88 54.02 92.38 0.365 0x0000FF
17.41 56.57 92.23 17.96 55.48 92.23 0.365 0x0000FF
16.87 57.67 92.23 17.41 56.57 92.23 0.365 0x0000FF
16.68 59.49 92.23 16.87 57.67 92.23 0.365 0x0000FF
21.06 57.12 91.93 20.88 54.02 92.38 0.365 0x0000FF
21.43 58.03 91.93 21.06 57.12 91.93 0.365 0x0000FF
21.43 58.76 92.08 21.43 58.03 91.93 0.365 0x0000FF
21.06 60.58 92.61 21.43 58.76 92.08 0.365 0x0000FF
20.88 61.13 92.61 21.06 60.58 92.61 0.365 0x0000FF
20.88 61.13 93.14 20.88 61.13 92.61 0.365 0x0000FF
20.7 61.86 91.78 20.88 61.13 93.14 0.365 0x0000FF
20.7 62.41 90.57 20.7 61.86 91.78 0.365 0x0000FF
20.88 63.5 89.35 20.7 62.41 90.57 0.365 0x0000FF
21.25 64.23 88.9 20.88 63.5 89.35 0.365 0x0000FF
21.61 64.95 88.45 21.25 64.23 88.9 0.365 0x0000FF
22.16 65.68 87.54 21.61 64.95 88.45 0.365 0x0000FF
22.71 66.41 86.7 22.16 65.68 87.54 0.365 0x0000FF
23.25 66.95 86.02 22.71 66.41 86.7 0.365 0x0000FF
24.16 68.05 85.49 23.25 66.95 86.02 0.365 0x0000FF
25.26 69.33 84.81 24.16 68.05 85.49 0.365 0x0000FF
26.35 71.7 84.13 25.26 69.33 84.81 0.365 0x0000FF
26.72 73.52 83.52 26.35 71.7 84.13 0.365 0x0000FF
27.08 76.8 82.69 26.72 73.52 83.52 0.365 0x0000FF
27.27 77.7 81.7 27.08 76.8 82.69 0.365 0x0000FF
27.27 79.17 81.17 27.27 77.7 81.7 0.365 0x0000FF
26.72 80.44 80.48 27.27 79.17 81.17 0.365 0x0000FF
25.62 80.81 80.04 26.72 80.44 80.48 0.365 0x0000FF
25.08 50.02 95.87 23.62 48.74 96.48 0.64 0x0000FF
25.62 50.02 95.49 25.08 50.02 95.87 0.64 0x0000FF
26.72 50.38 95.26 25.62 50.02 95.49 0.64 0x0000FF
28.0 50.56 94.88 26.72 50.38 95.26 0.64 0x0000FF
28.91 50.74 94.13 28.0 50.56 94.88 0.64 0x0000FF
29.64 50.93 93.52 28.91 50.74 94.13 0.64 0x0000FF
30.73 51.11 91.85 29.64 50.93 93.52 0.545 0x0000FF
31.28 51.29 90.72 30.73 51.11 91.85 0.545 0x0000FF
31.65 51.29 89.81 31.28 51.29 90.72 0.545 0x0000FF
33.1 51.47 89.13 31.65 51.29 89.81 0.545 0x0000FF
35.11 51.66 88.82 33.1 51.47 89.13 0.545 0x0000FF
36.21 51.84 88.14 35.11 51.66 88.82 0.545 0x0000FF
37.67 52.38 87.61 36.21 51.84 88.14 0.545 0x0000FF
40.4 52.75 86.55 37.67 52.38 87.61 0.455 0x0000FF
41.68 52.93 86.17 40.4 52.75 86.55 0.455 0x0000FF
43.32 53.66 85.79 41.68 52.93 86.17 0.455 0x0000FF
45.51 54.94 84.96 43.32 53.66 85.79 0.455 0x0000FF
46.24 55.48 84.51 45.51 54.94 84.96 0.455 0x0000FF
46.79 55.66 83.52 46.24 55.48 84.51 0.455 0x0000FF
47.7 56.03 83.29 46.79 55.66 83.52 0.455 0x0000FF
48.25 56.39 82.92 47.7 56.03 83.29 0.455 0x0000FF
48.8 56.76 82.39 48.25 56.39 82.92 0.455 0x0000FF
50.07 57.67 81.7 48.8 56.76 82.39 0.455 0x0000FF
50.62 58.03 80.87 50.07 57.67 81.7 0.455 0x0000FF
51.17 58.58 80.11 50.62 58.03 80.87 0.455 0x0000FF
51.53 58.94 79.58 51.17 58.58 80.11 0.455 0x0000FF
52.08 59.67 78.75 51.53 58.94 79.58 0.455 0x0000FF
52.81 60.58 78.37 52.08 59.67 78.75 0.455 0x0000FF
54.09 61.49 77.76 52.81 60.58 78.37 0.455 0x0000FF
55.18 61.86 77.08 54.09 61.49 77.76 0.455 0x0000FF
56.28 62.22 76.17 55.18 61.86 77.08 0.455 0x0000FF
57.92 62.95 75.56 56.28 62.22 76.17 0.455 0x0000FF
59.93 63.5 74.89 57.92 62.95 75.56 0.455 0x0000FF
61.39 63.68 74.51 59.93 63.5 74.89 0.455 0x0000FF
61.93 63.68 73.9 61.39 63.68 74.51 0.455 0x0000FF
63.39 63.86 73.37 61.93 63.68 73.9 0.455 0x0000FF
64.67 63.68 73.22 63.39 63.86 73.37 0.455 0x0000FF
65.03 63.68 73.06 64.67 63.68 73.22 0.455 0x0000FF
65.58 63.32 72.54 65.03 63.68 73.06 0.455 0x0000FF
66.31 63.32 72.08 65.58 63.32 72.54 0.455 0x0000FF
66.86 62.95 71.4 66.31 63.32 72.08 0.455 0x0000FF
67.22 62.77 70.72 66.86 62.95 71.4 0.455 0x0000FF
67.59 62.59 70.11 67.22 62.77 70.72 0.455 0x0000FF
67.95 62.41 69.36 67.59 62.59 70.11 0.455 0x0000FF
68.87 62.22 68.75 67.95 62.41 69.36 0.455 0x0000FF
69.78 62.22 67.69 68.87 62.22 68.75 0.455 0x0000FF
70.69 62.41 67.23 69.78 62.22 67.69 0.455 0x0000FF
72.33 63.32 66.48 70.69 62.41 67.23 0.455 0x0000FF
73.97 65.14 65.64 72.33 63.32 66.48 0.365 0x0000FF
74.52 66.05 64.95 73.97 65.14 65.64 0.365 0x0000FF
74.89 66.78 64.58 74.52 66.05 64.95 0.365 0x0000FF
75.25 67.69 63.83 74.89 66.78 64.58 0.365 0x0000FF
75.62 69.15 63.68 75.25 67.69 63.83 0.365 0x0000FF
76.16 69.88 63.45 75.62 69.15 63.68 0.365 0x0000FF
76.53 70.23 62.84 76.16 69.88 63.45 0.365 0x0000FF
77.08 70.79 62.31 76.53 70.23 62.84 0.365 0x0000FF
77.98 71.7 62.16 77.08 70.79 62.31 0.365 0x0000FF
78.54 72.97 60.8 77.98 71.7 62.16 0.365 0x0000FF
78.72 74.43 60.04 78.54 72.97 60.8 0.365 0x0000FF
78.72 75.89 59.58 78.72 74.43 60.04 0.365 0x0000FF
78.34 77.53 58.98 78.72 75.89 59.58 0.365 0x0000FF
77.44 78.98 58.3 78.34 77.53 58.98 0.365 0x0000FF
75.06 79.9 57.31 77.44 78.98 58.3 0.365 0x0000FF
73.23 80.26 56.78 75.06 79.9 57.31 0.365 0x0000FF
71.59 80.98 56.1 73.23 80.26 56.78 0.365 0x0000FF
70.33 82.08 55.49 71.59 80.98 56.1 0.365 0x0000FF
69.41 82.99 54.66 70.33 82.08 55.49 0.365 0x0000FF
69.05 85.36 54.66 69.41 82.99 54.66 0.365 0x0000FF
68.87 86.27 54.13 69.05 85.36 54.66 0.365 0x0000FF
68.68 88.1 53.52 68.87 86.27 54.13 0.365 0x0000FF
68.87 89.74 53.45 68.68 88.1 53.52 0.365 0x0000FF
69.95 92.29 52.92 68.87 89.74 53.45 0.365 0x0000FF
70.69 93.56 52.46 69.95 92.29 52.92 0.365 0x0000FF
72.33 95.2 52.01 70.69 93.56 52.46 0.365 0x0000FF
73.61 96.29 51.63 72.33 95.2 52.01 0.365 0x0000FF
74.52 97.39 51.48 73.61 96.29 51.63 0.365 0x0000FF
75.06 99.03 50.95 74.52 97.39 51.48 0.365 0x0000FF
75.43 102.85 50.04 75.06 99.03 50.95 0.365 0x0000FF
75.06 105.04 49.51 75.43 102.85 50.04 0.365 0x0000FF
75.43 106.86 49.36 75.06 105.04 49.51 0.365 0x0000FF
13.22 6.29 113.22 4.82 4.03 113.66 0.82 0x0000FF
17.96 7.56 110.34 13.22 6.29 113.22 0.82 0x0000FF
20.14 8.11 110.41 17.96 7.56 110.34 0.82 0x0000FF
20.52 8.28 109.81 20.14 8.11 110.41 0.82 0x0000FF
21.06 8.66 109.81 20.52 8.28 109.81 0.82 0x0000FF
21.18 8.05 105.41 21.06 8.66 109.81 0.73 0x0000FF
21.55 7.87 104.96 21.18 8.05 105.41 0.73 0x0000FF
22.09 7.87 104.05 21.55 7.87 104.96 0.73 0x0000FF
23.74 7.32 103.6 22.09 7.87 104.05 0.73 0x0000FF
24.83 7.32 102.38 23.74 7.32 103.6 0.73 0x0000FF
26.47 6.77 101.7 24.83 7.32 102.38 0.73 0x0000FF
30.85 5.86 101.02 26.47 6.77 101.7 0.73 0x0000FF
34.32 4.59 100.64 30.85 5.86 101.02 0.73 0x0000FF
36.51 3.49 100.11 34.32 4.59 100.64 0.73 0x0000FF
40.52 2.04 99.35 36.51 3.49 100.11 0.73 0x0000FF
44.17 1.49 98.6 40.52 2.04 99.35 0.73 0x0000FF
48.18 0.94 98.44 44.17 1.49 98.6 0.73 0x0000FF
51.47 0.57 97.76 48.18 0.94 98.44 0.73 0x0000FF
53.48 0.57 97.46 51.47 0.57 97.76 0.73 0x0000FF
56.21 0.94 96.85 53.48 0.57 97.46 0.73 0x0000FF
57.49 1.12 96.17 56.21 0.94 96.85 0.73 0x0000FF
58.58 1.67 95.72 57.49 1.12 96.17 0.73 0x0000FF
60.96 1.85 95.26 58.58 1.67 95.72 0.73 0x0000FF
68.06 1.67 94.96 60.96 1.85 95.26 0.73 0x0000FF
78.29 0.4 94.58 68.06 1.67 94.96 0.73 0x0000FF
83.4 -0.33 94.2 78.29 0.4 94.58 0.64 0x0000FF
86.5 -0.88 93.37 83.4 -0.33 94.2 0.64 0x0000FF
90.88 -2.88 92.99 86.5 -0.88 93.37 0.545 0x0000FF
93.07 -3.25 92.23 90.88 -2.88 92.99 0.545 0x0000FF
96.72 -3.79 91.63 93.07 -3.25 92.23 0.545 0x0000FF
99.64 -4.16 90.95 96.72 -3.79 91.63 0.545 0x0000FF
102.74 -4.7 89.88 99.64 -4.16 90.95 0.545 0x0000FF
107.3 -6.89 89.2 102.74 -4.7 89.88 0.545 0x0000FF
111.5 -8.71 88.45 107.3 -6.89 89.2 0.545 0x0000FF
117.15 -11.26 88.22 111.5 -8.71 88.45 0.545 0x0000FF
118.98 -12.36 87.54 117.15 -11.26 88.22 0.545 0x0000FF
120.98 -13.45 86.63 118.98 -12.36 87.54 0.545 0x0000FF
122.62 -14.18 85.95 120.98 -13.45 86.63 0.545 0x0000FF
123.72 -14.91 85.42 122.62 -14.18 85.95 0.545 0x0000FF
124.81 -15.82 84.81 123.72 -14.91 85.42 0.545 0x0000FF
126.46 -17.09 84.43 124.81 -15.82 84.81 0.545 0x0000FF
127.92 -18.37 83.14 126.46 -17.09 84.43 0.545 0x0000FF
130.29 -20.01 82.84 127.92 -18.37 83.14 0.545 0x0000FF
134.66 -21.65 81.7 130.29 -20.01 82.84 0.545 0x0000FF
137.59 -22.74 80.34 134.66 -21.65 81.7 0.545 0x0000FF
138.86 -23.47 79.95 137.59 -22.74 80.34 0.545 0x0000FF
141.36 -24.78 72.39 138.86 -23.47 79.95 0.455 0x0000FF
144.63 -25.87 71.63 141.36 -24.78 72.39 0.455 0x0000FF
151.76 -26.6 70.8 144.63 -25.87 71.63 0.455 0x0000FF
163.43 -27.15 69.95 151.76 -26.6 70.8 0.365 0x0000FF
170.37 -26.06 69.13 163.43 -27.15 69.95 0.365 0x0000FF
175.66 -24.78 68.52 170.37 -26.06 69.13 0.365 0x0000FF
177.48 -24.23 67.98 175.66 -24.78 68.52 0.365 0x0000FF
181.68 -23.5 69.05 177.48 -24.23 67.98 0.365 0x0000FF
184.05 -22.96 69.66 181.68 -23.5 69.05 0.365 0x0000FF
187.15 -22.41 70.72 184.05 -22.96 69.66 0.365 0x0000FF
188.25 -22.23 70.72 187.15 -22.41 70.72 0.365 0x0000FF
190.44 -22.05 71.25 188.25 -22.23 70.72 0.365 0x0000FF
192.99 -20.95 71.4 190.44 -22.05 71.25 0.365 0x0000FF
198.28 -19.86 72.23 192.99 -20.95 71.4 0.365 0x0000FF
201.02 -19.13 72.54 198.28 -19.86 72.23 0.365 0x0000FF
203.02 -18.77 73.3 201.02 -19.13 72.54 0.365 0x0000FF
207.4 -18.77 73.75 203.02 -18.77 73.3 0.365 0x0000FF
212.69 -17.3 74.28 207.4 -18.77 73.75 0.365 0x0000FF
216.53 -16.03 75.11 212.69 -17.3 74.28 0.365 0x0000FF
219.08 -14.58 75.87 216.53 -16.03 75.11 0.365 0x0000FF
219.99 -14.76 77.16 219.08 -14.58 75.87 0.365 0x0000FF
22.71 11.39 109.73 21.06 8.66 109.81 0.64 0x0000FF
23.62 12.85 109.35 22.71 11.39 109.73 0.64 0x0000FF
26.35 15.76 108.97 23.62 12.85 109.35 0.545 0x0000FF
27.81 16.86 108.75 26.35 15.76 108.97 0.545 0x0000FF
29.09 17.95 107.99 27.81 16.86 108.75 0.545 0x0000FF
30.19 19.59 108.6 29.09 17.95 107.99 0.545 0x0000FF
31.46 21.23 109.13 30.19 19.59 108.6 0.545 0x0000FF
33.65 23.78 109.5 31.46 21.23 109.13 0.545 0x0000FF
37.85 27.61 109.73 33.65 23.78 109.5 0.545 0x0000FF
42.41 29.43 110.11 37.85 27.61 109.73 0.545 0x0000FF
46.61 31.07 110.34 42.41 29.43 110.11 0.545 0x0000FF
47.88 31.61 110.19 46.61 31.07 110.34 0.545 0x0000FF
49.71 32.52 109.88 47.88 31.61 110.19 0.545 0x0000FF
51.9 33.97 109.28 49.71 32.52 109.88 0.545 0x0000FF
53.72 35.08 108.44 51.9 33.97 109.28 0.455 0x0000FF
54.82 35.79 107.99 53.72 35.08 108.44 0.455 0x0000FF
56.46 36.72 107.16 54.82 35.79 107.99 0.455 0x0000FF
58.47 37.81 106.85 56.46 36.72 107.16 0.455 0x0000FF
60.29 39.27 105.94 58.47 37.81 106.85 0.365 0x0000FF
60.84 39.63 105.19 60.29 39.27 105.94 0.365 0x0000FF
62.3 41.63 104.66 60.84 39.63 105.19 0.365 0x0000FF
65.4 45.1 103.82 62.3 41.63 104.66 0.365 0x0000FF
67.22 46.37 103.67 65.4 45.1 103.82 0.365 0x0000FF
69.78 47.47 102.76 67.22 46.37 103.67 0.365 0x0000FF
71.42 49.29 102.76 69.78 47.47 102.76 0.365 0x0000FF
73.23 50.56 102.31 71.42 49.29 102.76 0.365 0x0000FF
74.16 51.29 101.78 73.23 50.56 102.31 0.365 0x0000FF
74.7 51.66 101.63 74.16 51.29 101.78 0.365 0x0000FF
75.98 52.57 101.1 74.7 51.66 101.63 0.365 0x0000FF
78.34 54.57 100.57 75.98 52.57 101.1 0.365 0x0000FF
80.18 57.67 99.58 78.34 54.57 100.57 0.365 0x0000FF
81.81 61.49 97.84 80.18 57.67 99.58 0.365 0x0000FF
83.1 62.77 96.93 81.81 61.49 97.84 0.365 0x0000FF
86.75 64.77 96.25 83.1 62.77 96.93 0.365 0x0000FF
89.67 65.68 95.64 86.75 64.77 96.25 0.365 0x0000FF
90.33 65.26 91.48 89.67 65.68 95.64 0.365 0x0000FF
91.24 65.26 90.49 90.33 65.26 91.48 0.365 0x0000FF
91.97 65.26 90.19 91.24 65.26 90.49 0.365 0x0000FF
93.07 65.81 89.43 91.97 65.26 90.19 0.365 0x0000FF
95.62 66.9 88.45 93.07 65.81 89.43 0.365 0x0000FF
98.91 70.18 87.23 95.62 66.9 88.45 0.365 0x0000FF
100.37 72.55 86.02 98.91 70.18 87.23 0.365 0x0000FF
101.1 74.01 85.26 100.37 72.55 86.02 0.365 0x0000FF
101.83 75.83 84.13 101.1 74.01 85.26 0.365 0x0000FF
103.83 76.56 83.14 101.83 75.83 84.13 0.365 0x0000FF
105.29 77.09 81.86 103.83 76.56 83.14 0.365 0x0000FF
106.57 77.29 81.63 105.29 77.09 81.86 0.365 0x0000FF
108.76 77.65 80.56 106.57 77.29 81.63 0.365 0x0000FF
111.13 77.83 80.04 108.76 77.65 80.56 0.365 0x0000FF
112.77 78.01 79.58 111.13 77.83 80.04 0.365 0x0000FF
115.51 78.73 79.2 112.77 78.01 79.58 0.365 0x0000FF
117.88 78.92 78.45 115.51 78.73 79.2 0.365 0x0000FF
121.17 77.83 77.45 117.88 78.92 78.45 0.365 0x0000FF
122.08 77.47 76.4 121.17 77.83 77.45 0.365 0x0000FF
122.81 76.19 74.95 122.08 77.47 76.4 0.365 0x0000FF
122.99 75.09 74.81 122.81 76.19 74.95 0.365 0x0000FF
123.17 73.09 74.13 122.99 75.09 74.81 0.365 0x0000FF
123.72 71.81 73.45 123.17 73.09 74.13 0.365 0x0000FF
124.27 71.09 72.84 123.72 71.81 73.45 0.365 0x0000FF
124.81 70.54 71.93 124.27 71.09 72.84 0.365 0x0000FF
125.73 69.81 71.25 124.81 70.54 71.93 0.365 0x0000FF
126.46 68.72 71.02 125.73 69.81 71.25 0.365 0x0000FF
126.82 67.45 70.64 126.46 68.72 71.02 0.365 0x0000FF
126.82 66.72 70.42 126.82 67.45 70.64 0.365 0x0000FF
126.82 66.17 69.81 126.82 66.72 70.42 0.365 0x0000FF
126.09 65.08 68.59 126.82 66.17 69.81 0.365 0x0000FF
125.36 64.53 67.61 126.09 65.08 68.59 0.365 0x0000FF
124.63 63.62 66.78 125.36 64.53 67.61 0.365 0x0000FF
124.45 63.26 66.25 124.63 63.62 66.78 0.365 0x0000FF
123.35 62.53 64.89 124.45 63.26 66.25 0.365 0x0000FF
122.62 62.16 63.3 123.35 62.53 64.89 0.365 0x0000FF
121.35 61.62 62.46 122.62 62.16 63.3 0.365 0x0000FF
14.92 5.28 104.05 4.82 4.03 113.66 0.545 0x0000FF
18.38 4.92 104.05 14.92 5.28 104.05 0.545 0x0000FF
21.85 5.28 103.97 18.38 4.92 104.05 0.545 0x0000FF
22.4 5.47 104.13 21.85 5.28 103.97 0.545 0x0000FF
23.13 5.65 105.11 22.4 5.47 104.13 0.545 0x0000FF
24.77 6.19 106.02 23.13 5.65 105.11 0.545 0x0000FF
29.51 6.01 106.63 24.77 6.19 106.02 0.545 0x0000FF
35.17 5.28 106.85 29.51 6.01 106.63 0.545 0x0000FF
39.18 4.92 107.08 35.17 5.28 106.85 0.545 0x0000FF
44.66 4.92 107.53 39.18 4.92 107.08 0.545 0x0000FF
46.66 4.92 107.76 44.66 4.92 107.53 0.545 0x0000FF
48.3 5.09 107.31 46.66 4.92 107.76 0.545 0x0000FF
49.58 5.28 105.94 48.3 5.09 107.31 0.545 0x0000FF
54.33 5.65 105.03 49.58 5.28 105.94 0.545 0x0000FF
57.97 5.83 104.58 54.33 5.65 105.03 0.545 0x0000FF
60.53 5.65 104.05 57.97 5.83 104.58 0.545 0x0000FF
64.0 5.47 103.37 60.53 5.65 104.05 0.545 0x0000FF
64.73 4.19 102.99 64.0 5.47 103.37 0.455 0x0000FF
65.64 3.46 102.84 64.73 4.19 102.99 0.455 0x0000FF
66.91 2.91 102.61 65.64 3.46 102.84 0.455 0x0000FF
68.92 1.46 101.78 66.91 2.91 102.61 0.455 0x0000FF
70.75 0.0 101.1 68.92 1.46 101.78 0.455 0x0000FF
72.2 -1.82 100.79 70.75 0.0 101.1 0.455 0x0000FF
73.12 -2.92 100.19 72.2 -1.82 100.79 0.455 0x0000FF
76.95 -4.19 99.66 73.12 -2.92 100.19 0.455 0x0000FF
83.52 -5.47 99.28 76.95 -4.19 99.66 0.455 0x0000FF
88.08 -6.01 98.9 83.52 -5.47 99.28 0.365 0x0000FF
90.45 -6.74 98.6 88.08 -6.01 98.9 0.365 0x0000FF
93.19 -8.56 98.29 90.45 -6.74 98.6 0.365 0x0000FF
97.02 -10.39 97.99 93.19 -8.56 98.29 0.365 0x0000FF
100.3 -11.84 97.99 97.02 -10.39 97.99 0.365 0x0000FF
102.31 -16.22 99.28 100.3 -11.84 97.99 0.365 0x0000FF
103.59 -17.48 99.43 102.31 -16.22 99.28 0.365 0x0000FF
106.32 -19.13 100.11 103.59 -17.48 99.43 0.365 0x0000FF
108.7 -20.22 100.64 106.32 -19.13 100.11 0.365 0x0000FF
110.7 -21.32 101.4 108.7 -20.22 100.64 0.365 0x0000FF
113.62 -22.78 101.85 110.7 -21.32 101.4 0.365 0x0000FF
119.83 -24.96 102.54 113.62 -22.78 101.85 0.365 0x0000FF
122.56 -27.7 103.6 119.83 -24.96 102.54 0.365 0x0000FF
123.11 -28.97 104.43 122.56 -27.7 103.6 0.365 0x0000FF
124.75 -29.33 104.81 123.11 -28.97 104.43 0.365 0x0000FF
125.85 -29.33 105.41 124.75 -29.33 104.81 0.365 0x0000FF
127.49 -29.33 106.02 125.85 -29.33 105.41 0.365 0x0000FF
128.58 -29.15 106.63 127.49 -29.33 106.02 0.365 0x0000FF
130.22 -28.79 106.93 128.58 -29.15 106.63 0.365 0x0000FF
138.07 -30.06 107.38 130.22 -28.79 106.93 0.365 0x0000FF
141.9 -31.89 107.91 138.07 -30.06 107.38 0.365 0x0000FF
148.84 -35.35 108.44 141.9 -31.89 107.91 0.365 0x0000FF
66.91 5.47 103.22 64.0 5.47 103.37 0.455 0x0000FF
69.29 5.47 103.14 66.91 5.47 103.22 0.455 0x0000FF
71.29 4.92 102.69 69.29 5.47 103.14 0.455 0x0000FF
72.56 4.01 102.16 71.29 4.92 102.69 0.455 0x0000FF
74.03 2.37 101.93 72.56 4.01 102.16 0.365 0x0000FF
74.4 2.0 102.08 74.03 2.37 101.93 0.365 0x0000FF
74.76 1.27 102.38 74.4 2.0 102.08 0.365 0x0000FF
75.12 0.55 102.76 74.76 1.27 102.38 0.365 0x0000FF
75.31 0.18 103.07 75.12 0.55 102.76 0.365 0x0000FF
75.84 -0.73 103.29 75.31 0.18 103.07 0.365 0x0000FF
76.22 -1.64 103.37 75.84 -0.73 103.29 0.365 0x0000FF
76.77 -2.37 103.9 76.22 -1.64 103.37 0.365 0x0000FF
77.31 -3.28 104.05 76.77 -2.37 103.9 0.365 0x0000FF
78.04 -4.01 104.5 77.31 -3.28 104.05 0.365 0x0000FF
78.77 -4.37 104.96 78.04 -4.01 104.5 0.365 0x0000FF
79.5 -5.09 105.03 78.77 -4.37 104.96 0.365 0x0000FF
80.42 -6.2 105.34 79.5 -5.09 105.03 0.365 0x0000FF
7.43 -7.44 114.81 4.82 4.03 113.66 2.465 0x0000FF
7.61 -9.44 115.03 7.43 -7.44 114.81 2.465 0x0000FF
7.24 -12.36 115.72 7.61 -9.44 115.03 2.465 0x0000FF
6.7 -16.91 116.02 7.24 -12.36 115.72 2.1 0x0000FF
5.97 -23.11 116.62 6.7 -16.91 116.02 1.825 0x0000FF
5.42 -26.75 117.15 5.97 -23.11 116.62 1.825 0x0000FF
5.05 -28.94 117.61 5.42 -26.75 117.15 1.825 0x0000FF
4.87 -30.94 118.14 5.05 -28.94 117.61 1.825 0x0000FF
4.69 -31.85 118.44 4.87 -30.94 118.14 1.825 0x0000FF
4.32 -33.31 117.76 4.69 -31.85 118.44 1.825 0x0000FF
3.96 -34.22 116.4 4.32 -33.31 117.76 1.825 0x0000FF
3.59 -35.86 117.15 3.96 -34.22 116.4 1.46 0x0000FF
2.86 -36.96 116.55 3.59 -35.86 117.15 1.46 0x0000FF
2.31 -38.22 116.17 2.86 -36.96 116.55 1.46 0x0000FF
1.95 -39.14 115.56 2.31 -38.22 116.17 1.275 0x0000FF
1.77 -39.86 115.26 1.95 -39.14 115.56 1.275 0x0000FF
1.41 -41.51 114.58 1.77 -39.86 115.26 1.185 0x0000FF
1.41 -42.6 114.43 1.41 -41.51 114.58 1.185 0x0000FF
0.86 -44.43 114.12 1.41 -42.6 114.43 1.185 0x0000FF
0.13 -46.07 113.67 0.86 -44.43 114.12 1.185 0x0000FF
-0.42 -48.07 113.44 0.13 -46.07 113.67 1.185 0x0000FF
-1.14 -50.62 112.99 -0.42 -48.07 113.44 1.185 0x0000FF
-2.06 -52.99 112.84 -1.14 -50.62 112.99 1.185 0x0000FF
-3.16 -58.09 112.76 -2.06 -52.99 112.84 1.185 0x0000FF
-3.89 -62.65 112.46 -3.16 -58.09 112.76 1.185 0x0000FF
-4.25 -67.2 112.08 -3.89 -62.65 112.46 1.185 0x0000FF
-4.8 -71.2 111.78 -4.25 -67.2 112.08 1.185 0x0000FF
-5.35 -72.48 111.63 -4.8 -71.2 111.78 1.185 0x0000FF
-6.62 -75.58 111.32 -5.35 -72.48 111.63 1.185 0x0000FF
-8.26 -79.23 111.09 -6.62 -75.58 111.32 1.185 0x0000FF
-9.18 -83.05 110.87 -8.26 -79.23 111.09 1.185 0x0000FF
-9.91 -87.06 110.56 -9.18 -83.05 110.87 1.185 0x0000FF
-10.27 -91.43 110.26 -9.91 -87.06 110.56 1.185 0x0000FF
-10.27 -95.99 110.11 -10.27 -91.43 110.26 1.185 0x0000FF
-10.27 -97.45 110.11 -10.27 -95.99 110.11 1.185 0x0000FF
-10.27 -97.99 110.64 -10.27 -97.45 110.11 1.185 0x0000FF
-10.27 -99.81 111.4 -10.27 -97.99 110.64 1.185 0x0000FF
-11.0 -103.46 111.85 -10.27 -99.81 111.4 1.185 0x0000FF
-11.91 -106.19 111.93 -11.0 -103.46 111.85 1.185 0x0000FF
-12.1 -108.92 112.69 -11.91 -106.19 111.93 1.185 0x0000FF
-13.46 -115.09 112.91 -12.1 -108.92 112.69 1.095 0x0000FF
-14.01 -116.91 113.29 -13.46 -115.09 112.91 1.095 0x0000FF
-14.74 -118.73 113.44 -14.01 -116.91 113.29 1.095 0x0000FF
-15.1 -121.28 113.82 -14.74 -118.73 113.44 1.095 0x0000FF
-16.01 -125.84 112.76 -15.1 -121.28 113.82 1.185 0x0000FF
-16.38 -128.38 112.84 -16.01 -125.84 112.76 1.095 0x0000FF
-16.93 -132.22 112.91 -16.38 -128.38 112.84 1.095 0x0000FF
-17.47 -136.22 113.37 -16.93 -132.22 112.91 1.095 0x0000FF
-17.66 -140.22 113.59 -17.47 -136.22 113.37 1.095 0x0000FF
-18.2 -143.69 113.9 -17.66 -140.22 113.59 1.095 0x0000FF
-18.38 -146.97 112.35 -18.2 -143.69 113.9 1.005 0x0000FF
-19.11 -148.97 111.0 -18.38 -146.97 112.35 1.005 0x0000FF
-19.86 -152.11 109.81 -19.11 -148.97 111.0 0.82 0x0000FF
-21.32 -155.03 109.88 -19.86 -152.11 109.81 0.82 0x0000FF
-21.87 -155.76 109.96 -21.32 -155.03 109.88 0.82 0x0000FF
-22.24 -156.49 109.96 -21.87 -155.76 109.96 0.82 0x0000FF
-22.6 -157.58 110.03 -22.24 -156.49 109.96 0.82 0x0000FF
-23.33 -158.66 110.11 -22.6 -157.58 110.03 0.82 0x0000FF
-23.7 -159.94 110.11 -23.33 -158.66 110.11 0.82 0x0000FF
-24.79 -161.94 110.11 -23.7 -159.94 110.11 0.82 0x0000FF
-25.52 -163.59 110.11 -24.79 -161.94 110.11 0.82 0x0000FF
-25.89 -165.05 110.19 -25.52 -163.59 110.11 0.82 0x0000FF
-26.25 -165.96 110.26 -25.89 -165.05 110.19 0.82 0x0000FF
-26.8 -167.42 110.34 -26.25 -165.96 110.26 0.82 0x0000FF
-27.34 -169.24 110.34 -26.8 -167.42 110.34 0.82 0x0000FF
-28.62 -171.25 110.41 -27.34 -169.24 110.34 0.82 0x0000FF
-29.35 -172.89 110.49 -28.62 -171.25 110.41 0.82 0x0000FF
-29.72 -174.53 110.49 -29.35 -172.89 110.49 0.82 0x0000FF
-29.72 -175.98 110.56 -29.72 -174.53 110.49 0.82 0x0000FF
-29.72 -177.81 110.64 -29.72 -175.98 110.56 0.82 0x0000FF
-29.72 -178.9 110.64 -29.72 -177.81 110.64 0.82 0x0000FF
-29.53 -180.72 110.72 -29.72 -178.9 110.64 0.82 0x0000FF
-29.72 -182.54 110.72 -29.53 -180.72 110.72 0.82 0x0000FF
-29.72 -184.73 110.72 -29.72 -182.54 110.72 0.82 0x0000FF
-29.53 -186.73 110.72 -29.72 -184.73 110.72 0.82 0x0000FF
-29.35 -188.92 110.72 -29.53 -186.73 110.72 0.82 0x0000FF
-28.99 -191.11 110.72 -29.35 -188.92 110.72 0.82 0x0000FF
-28.8 -193.66 110.79 -28.99 -191.11 110.72 0.82 0x0000FF
-28.99 -194.39 110.79 -28.8 -193.66 110.79 0.82 0x0000FF
-28.99 -196.02 110.79 -28.99 -194.39 110.79 0.82 0x0000FF
-29.35 -197.85 110.64 -28.99 -196.02 110.79 0.82 0x0000FF
-30.26 -198.94 110.56 -29.35 -197.85 110.64 0.82 0x0000FF
-30.45 -200.22 110.41 -30.26 -198.94 110.56 0.82 0x0000FF
-30.63 -201.49 110.34 -30.45 -200.22 110.41 0.82 0x0000FF
-30.81 -202.58 110.26 -30.63 -201.49 110.34 0.82 0x0000FF
-30.99 -203.86 110.19 -30.81 -202.58 110.26 0.82 0x0000FF
-30.99 -205.13 110.11 -30.99 -203.86 110.19 0.82 0x0000FF
-30.99 -206.23 110.03 -30.99 -205.13 110.11 0.82 0x0000FF
-30.99 -207.32 110.03 -30.99 -206.23 110.03 0.82 0x0000FF
-30.99 -208.6 110.03 -30.99 -207.32 110.03 0.82 0x0000FF
-31.18 -209.87 110.49 -30.99 -208.6 110.03 0.82 0x0000FF
-30.99 -210.6 110.72 -31.18 -209.87 110.49 0.82 0x0000FF
-30.99 -211.69 111.32 -30.99 -210.6 110.72 0.82 0x0000FF
-30.81 -212.42 111.32 -30.99 -211.69 111.32 0.82 0x0000FF
-30.81 -213.52 111.63 -30.81 -212.42 111.32 0.82 0x0000FF
-30.99 -215.16 112.0 -30.81 -213.52 111.63 0.82 0x0000FF
-30.99 -216.07 112.0 -30.99 -215.16 112.0 0.82 0x0000FF
-30.99 -217.34 112.16 -30.99 -216.07 112.0 0.82 0x0000FF
-31.18 -218.62 112.38 -30.99 -217.34 112.16 0.82 0x0000FF
-31.18 -219.53 112.61 -31.18 -218.62 112.38 0.82 0x0000FF
-31.18 -221.35 112.84 -31.18 -219.53 112.61 0.82 0x0000FF
-30.81 -224.27 112.84 -31.18 -221.35 112.84 0.82 0x0000FF
-30.63 -224.99 112.91 -30.81 -224.27 112.84 0.82 0x0000FF
-30.63 -225.72 113.06 -30.63 -224.99 112.91 0.82 0x0000FF
-30.99 -227.18 113.14 -30.63 -225.72 113.06 0.82 0x0000FF
-30.63 -228.27 113.14 -30.99 -227.18 113.14 0.82 0x0000FF
-30.26 -229.19 113.14 -30.63 -228.27 113.14 0.82 0x0000FF
-30.08 -230.1 112.61 -30.26 -229.19 113.14 0.64 0x0000FF
-29.9 -230.83 112.08 -30.08 -230.1 112.61 0.64 0x0000FF
-29.9 -231.55 111.63 -29.9 -230.83 112.08 0.64 0x0000FF
-29.9 -232.1 111.55 -29.9 -231.55 111.63 0.64 0x0000FF
-30.26 -233.56 111.02 -29.9 -232.1 111.55 0.64 0x0000FF
-30.26 -234.83 110.79 -30.26 -233.56 111.02 0.64 0x0000FF
-30.08 -236.66 110.49 -30.26 -234.83 110.79 0.64 0x0000FF
-29.35 -238.11 110.34 -30.08 -236.66 110.49 0.64 0x0000FF
-28.8 -239.39 110.19 -29.35 -238.11 110.34 0.64 0x0000FF
-28.44 -240.85 110.19 -28.8 -239.39 110.19 0.64 0x0000FF
-28.07 -242.67 110.03 -28.44 -240.85 110.19 0.64 0x0000FF
-27.53 -247.22 109.88 -28.07 -242.67 110.03 0.64 0x0000FF
-27.53 -249.41 109.88 -27.53 -247.22 109.88 0.64 0x0000FF
-27.53 -251.41 109.81 -27.53 -249.41 109.88 0.64 0x0000FF
-27.53 -259.79 107.66 -27.53 -251.41 109.81 0.64 0x0000FF
-27.34 -263.8 105.5 -27.53 -259.79 107.66 0.64 0x0000FF
-27.34 -267.08 103.0 -27.34 -263.8 105.5 0.64 0x0000FF
-27.34 -269.63 103.0 -27.34 -267.08 103.0 0.64 0x0000FF
-27.18 -272.58 102.0 -27.34 -269.63 103.0 0.64 0x0000FF
-26.9 -276.48 100.0 -27.18 -272.58 102.0 0.64 0x0000FF
-26.9 -279.39 98.52 -26.9 -276.48 100.0 0.64 0x0000FF
-26.53 -281.22 98.52 -26.9 -279.39 98.52 0.64 0x0000FF
-25.8 -289.42 98.14 -26.53 -281.22 98.52 0.64 0x0000FF
-25.07 -294.33 98.07 -25.8 -289.42 98.14 0.64 0x0000FF
-24.71 -296.89 98.07 -25.07 -294.33 98.07 0.64 0x0000FF
-24.34 -298.7 98.07 -24.71 -296.89 98.07 0.64 0x0000FF
-24.16 -301.99 98.07 -24.34 -298.7 98.07 0.64 0x0000FF
-24.34 -304.17 98.07 -24.16 -301.99 98.07 0.64 0x0000FF
-24.34 -306.36 98.07 -24.34 -304.17 98.07 0.64 0x0000FF
-24.71 -308.18 98.07 -24.34 -306.36 98.07 0.64 0x0000FF
-25.99 -312.19 98.07 -24.71 -308.18 98.07 0.64 0x0000FF
-26.53 -314.56 98.07 -25.99 -312.19 98.07 0.64 0x0000FF
-26.9 -316.2 97.99 -26.53 -314.56 98.07 0.64 0x0000FF
-27.08 -318.02 97.69 -26.9 -316.2 97.99 0.64 0x0000FF
-27.08 -319.3 97.54 -27.08 -318.02 97.69 0.64 0x0000FF
-27.08 -320.02 97.23 -27.08 -319.3 97.54 0.64 0x0000FF
-26.35 -329.5 96.7 -27.08 -320.02 97.23 0.64 0x0000FF
-26.17 -331.87 96.7 -26.35 -329.5 96.7 0.64 0x0000FF
-26.17 -333.51 96.63 -26.17 -331.87 96.7 0.64 0x0000FF
-26.35 -336.97 96.63 -26.17 -333.51 96.63 0.64 0x0000FF
-26.35 -340.43 96.48 -26.35 -336.97 96.63 0.64 0x0000FF
-25.26 -345.9 98.22 -26.35 -340.43 96.48 0.64 0x0000FF
-24.89 -348.08 97.99 -25.26 -345.9 98.22 0.64 0x0000FF
-25.07 -351.0 97.84 -24.89 -348.08 97.99 0.64 0x0000FF
-25.26 -355.74 97.84 -25.07 -351.0 97.84 0.64 0x0000FF
-25.07 -358.65 97.84 -25.26 -355.74 97.84 0.64 0x0000FF
-24.02 -360.2 97.69 -25.07 -358.65 97.84 0.545 0x0000FF
-23.47 -361.11 97.69 -24.02 -360.2 97.69 0.545 0x0000FF
-23.29 -361.84 97.61 -23.47 -361.11 97.69 0.545 0x0000FF
-23.1 -362.2 97.31 -23.29 -361.84 97.61 0.545 0x0000FF
-22.92 -362.75 96.02 -23.1 -362.2 97.31 0.545 0x0000FF
-22.74 -363.29 95.64 -22.92 -362.75 96.02 0.545 0x0000FF
-22.56 -363.66 95.11 -22.74 -363.29 95.64 0.545 0x0000FF
-22.19 -364.2 94.73 -22.56 -363.66 95.11 0.545 0x0000FF
-22.01 -364.75 94.66 -22.19 -364.2 94.73 0.545 0x0000FF
-21.28 -365.66 94.28 -22.01 -364.75 94.66 0.545 0x0000FF
-20.73 -366.39 93.98 -21.28 -365.66 94.28 0.545 0x0000FF
-20.18 -366.94 93.45 -20.73 -366.39 93.98 0.545 0x0000FF
-19.27 -367.67 93.29 -20.18 -366.94 93.45 0.545 0x0000FF
-18.36 -368.21 92.84 -19.27 -367.67 93.29 0.545 0x0000FF
-17.45 -369.31 92.84 -18.36 -368.21 92.84 0.545 0x0000FF
-15.07 -371.49 92.69 -17.45 -369.31 92.84 0.545 0x0000FF
-14.16 -373.13 92.69 -15.07 -371.49 92.69 0.545 0x0000FF
-13.62 -374.59 92.61 -14.16 -373.13 92.69 0.545 0x0000FF
-13.25 -375.5 92.46 -13.62 -374.59 92.61 0.545 0x0000FF
-12.89 -376.78 92.38 -13.25 -375.5 92.46 0.545 0x0000FF
-12.52 -377.69 92.31 -12.89 -376.78 92.38 0.545 0x0000FF
-12.34 -378.23 92.23 -12.52 -377.69 92.31 0.545 0x0000FF
-11.79 -379.33 92.08 -12.34 -378.23 92.23 0.545 0x0000FF
-11.61 -380.06 91.85 -11.79 -379.33 92.08 0.545 0x0000FF
-11.61 -380.42 91.7 -11.61 -380.06 91.85 0.545 0x0000FF
-11.43 -380.78 91.32 -11.61 -380.42 91.7 0.545 0x0000FF
-11.43 -381.33 91.1 -11.43 -380.78 91.32 0.545 0x0000FF
-11.24 -382.06 90.79 -11.43 -381.33 91.1 0.545 0x0000FF
-11.06 -382.42 90.34 -11.24 -382.06 90.79 0.545 0x0000FF
-11.06 -382.97 90.04 -11.06 -382.42 90.34 0.545 0x0000FF
-10.88 -383.88 89.81 -11.06 -382.97 90.04 0.545 0x0000FF
-10.88 -384.61 89.73 -10.88 -383.88 89.81 0.545 0x0000FF
-10.7 -385.16 89.05 -10.88 -384.61 89.73 0.545 0x0000FF
-10.7 -385.89 88.52 -10.7 -385.16 89.05 0.545 0x0000FF
-10.7 -386.25 87.99 -10.7 -385.89 88.52 0.545 0x0000FF
-10.7 -386.61 87.39 -10.7 -386.25 87.99 0.545 0x0000FF
-10.7 -387.16 86.93 -10.7 -386.61 87.39 0.545 0x0000FF
-10.7 -388.07 85.57 -10.7 -387.16 86.93 0.545 0x0000FF
-10.88 -388.8 85.26 -10.7 -388.07 85.57 0.545 0x0000FF
-11.06 -389.53 84.81 -10.88 -388.8 85.26 0.545 0x0000FF
-11.06 -390.62 84.28 -11.06 -389.53 84.81 0.545 0x0000FF
-11.06 -392.26 83.67 -11.06 -390.62 84.28 0.545 0x0000FF
-10.7 -393.36 83.14 -11.06 -392.26 83.67 0.545 0x0000FF
-10.51 -393.9 82.54 -10.7 -393.36 83.14 0.545 0x0000FF
-10.15 -394.45 82.01 -10.51 -393.9 82.54 0.545 0x0000FF
-9.77 -394.81 81.55 -10.15 -394.45 82.01 0.545 0x0000FF
-9.42 -394.81 81.09 -9.77 -394.81 81.55 0.545 0x0000FF
-9.05 -395.36 80.48 -9.42 -394.81 81.09 0.545 0x0000FF
-7.96 -396.45 79.81 -9.05 -395.36 80.48 0.455 0x0000FF
-7.41 -396.82 79.2 -7.96 -396.45 79.81 0.455 0x0000FF
-7.05 -397.73 78.83 -7.41 -396.82 79.2 0.455 0x0000FF
-6.5 -398.09 78.52 -7.05 -397.73 78.83 0.455 0x0000FF
-5.95 -398.64 78.14 -6.5 -398.09 78.52 0.455 0x0000FF
-5.59 -398.82 77.54 -5.95 -398.64 78.14 0.455 0x0000FF
-5.59 -399.0 76.02 -5.59 -398.82 77.54 0.455 0x0000FF
-5.04 -399.55 75.11 -5.59 -399.0 76.02 0.455 0x0000FF
-4.86 -399.92 74.51 -5.04 -399.55 75.11 0.455 0x0000FF
-4.86 -400.28 73.37 -4.86 -399.92 74.51 0.455 0x0000FF
-4.68 -401.37 72.45 -4.86 -400.28 73.37 0.455 0x0000FF
-4.68 -401.74 71.86 -4.68 -401.37 72.45 0.455 0x0000FF
-4.86 -402.47 71.63 -4.68 -401.74 71.86 0.455 0x0000FF
-4.86 -403.01 71.25 -4.86 -402.47 71.63 0.455 0x0000FF
-5.04 -403.38 70.87 -4.86 -403.01 71.25 0.455 0x0000FF
-5.04 -403.74 70.42 -5.04 -403.38 70.87 0.455 0x0000FF
-4.86 -404.47 69.81 -5.04 -403.74 70.42 0.455 0x0000FF
-4.86 -404.83 69.43 -4.86 -404.47 69.81 0.455 0x0000FF
-4.86 -405.2 69.36 -4.86 -404.83 69.43 0.455 0x0000FF
-4.68 -405.56 68.83 -4.86 -405.2 69.36 0.455 0x0000FF
-4.49 -406.11 68.06 -4.68 -405.56 68.83 0.455 0x0000FF
-4.3 -406.66 67.77 -4.49 -406.11 68.06 0.455 0x0000FF
-3.95 -407.2 67.45 -4.3 -406.66 67.77 0.455 0x0000FF
-3.76 -407.57 66.78 -3.95 -407.2 67.45 0.455 0x0000FF
-3.4 -408.11 66.7 -3.76 -407.57 66.78 0.455 0x0000FF
-3.03 -408.84 65.87 -3.4 -408.11 66.7 0.455 0x0000FF
-2.67 -409.21 65.04 -3.03 -408.84 65.87 0.455 0x0000FF
-2.67 -409.57 64.81 -2.67 -409.21 65.04 0.455 0x0000FF
-2.29 -409.94 64.2 -2.67 -409.57 64.81 0.455 0x0000FF
-2.12 -410.3 63.68 -2.29 -409.94 64.2 0.455 0x0000FF
-2.12 -410.85 63.22 -2.12 -410.3 63.68 0.455 0x0000FF
-2.12 -411.39 62.84 -2.12 -410.85 63.22 0.455 0x0000FF
-2.12 -412.12 62.31 -2.12 -411.39 62.84 0.455 0x0000FF
-2.12 -412.85 61.48 -2.12 -412.12 62.31 0.455 0x0000FF
-2.49 -413.4 60.95 -2.12 -412.85 61.48 0.455 0x0000FF
-2.49 -413.94 60.42 -2.49 -413.4 60.95 0.455 0x0000FF
-2.67 -414.49 60.42 -2.49 -413.94 60.42 0.455 0x0000FF
-2.67 -415.4 59.66 -2.67 -414.49 60.42 0.455 0x0000FF
-2.85 -416.31 59.13 -2.67 -415.4 59.66 0.455 0x0000FF
-2.85 -417.04 59.13 -2.85 -416.31 59.13 0.455 0x0000FF
-2.67 -417.95 58.75 -2.85 -417.04 59.13 0.455 0x0000FF
-2.67 -418.32 58.52 -2.67 -417.95 58.75 0.455 0x0000FF
-2.29 -419.05 57.92 -2.67 -418.32 58.52 0.455 0x0000FF
-2.12 -419.59 57.84 -2.29 -419.05 57.92 0.455 0x0000FF
-1.76 -420.69 57.39 -2.12 -419.59 57.84 0.455 0x0000FF
-1.39 -421.23 56.86 -1.76 -420.69 57.39 0.455 0x0000FF
-0.84 -422.14 56.71 -1.39 -421.23 56.86 0.455 0x0000FF
-0.11 -423.24 55.95 -0.84 -422.14 56.71 0.455 0x0000FF
0.25 -423.6 55.49 -0.11 -423.24 55.95 0.455 0x0000FF
1.71 -424.88 54.66 0.25 -423.6 55.49 0.455 0x0000FF
2.08 -425.24 54.21 1.71 -424.88 54.66 0.455 0x0000FF
4.8 -427.43 53.37 2.08 -425.24 54.21 0.365 0x0000FF
5.54 -427.79 52.84 4.8 -427.43 53.37 0.365 0x0000FF
7.0 -428.88 52.24 5.54 -427.79 52.84 0.365 0x0000FF
8.1 -429.43 51.71 7.0 -428.88 52.24 0.365 0x0000FF
9.19 -430.16 50.95 8.1 -429.43 51.71 0.365 0x0000FF
11.02 -430.52 50.19 9.19 -430.16 50.95 0.365 0x0000FF
12.11 -430.71 49.59 11.02 -430.52 50.19 0.365 0x0000FF
14.12 -431.44 49.21 12.11 -430.71 49.59 0.365 0x0000FF
16.85 -432.16 48.68 14.12 -431.44 49.21 0.365 0x0000FF
18.5 -432.16 48.68 16.85 -432.16 48.68 0.365 0x0000FF
-27.26 -361.93 97.84 -25.07 -358.65 97.84 0.545 0x0000FF
-28.72 -364.48 98.14 -27.26 -361.93 97.84 0.545 0x0000FF
-29.82 -365.94 98.22 -28.72 -364.48 98.14 0.545 0x0000FF
-30.37 -366.67 98.29 -29.82 -365.94 98.22 0.545 0x0000FF
-31.83 -368.49 97.99 -30.37 -366.67 98.29 0.545 0x0000FF
-32.74 -369.77 97.69 -31.83 -368.49 97.99 0.545 0x0000FF
-33.83 -371.04 97.31 -32.74 -369.77 97.69 0.545 0x0000FF
-36.93 -374.68 97.01 -33.83 -371.04 97.31 0.545 0x0000FF
-38.21 -376.87 96.63 -36.93 -374.68 97.01 0.545 0x0000FF
-38.25 -378.6 96.1 -38.21 -376.87 96.63 0.545 0x0000FF
-38.97 -379.51 95.79 -38.25 -378.6 96.1 0.545 0x0000FF
-39.34 -379.87 95.64 -38.97 -379.51 95.79 0.545 0x0000FF
-39.34 -380.42 95.57 -39.34 -379.87 95.64 0.545 0x0000FF
-39.71 -380.97 94.96 -39.34 -380.42 95.57 0.545 0x0000FF
-40.44 -381.51 94.35 -39.71 -380.97 94.96 0.545 0x0000FF
-40.79 -382.24 93.75 -40.44 -381.51 94.35 0.545 0x0000FF
-41.17 -382.61 93.29 -40.79 -382.24 93.75 0.545 0x0000FF
-41.17 -382.97 93.07 -41.17 -382.61 93.29 0.545 0x0000FF
-41.53 -383.52 92.69 -41.17 -382.97 93.07 0.545 0x0000FF
-41.9 -384.06 92.08 -41.53 -383.52 92.69 0.545 0x0000FF
-41.9 -384.43 91.63 -41.9 -384.06 92.08 0.545 0x0000FF
-42.26 -384.97 91.63 -41.9 -384.43 91.63 0.545 0x0000FF
-42.44 -385.7 91.02 -42.26 -384.97 91.63 0.545 0x0000FF
-42.44 -386.07 90.79 -42.44 -385.7 91.02 0.545 0x0000FF
-42.63 -386.43 90.34 -42.44 -386.07 90.79 0.545 0x0000FF
-43.17 -386.98 89.88 -42.63 -386.43 90.34 0.545 0x0000FF
-43.9 -387.71 89.66 -43.17 -386.98 89.88 0.545 0x0000FF
-44.45 -388.25 89.51 -43.9 -387.71 89.66 0.545 0x0000FF
-45.36 -389.17 89.35 -44.45 -388.25 89.51 0.545 0x0000FF
-45.91 -389.89 89.05 -45.36 -389.17 89.35 0.545 0x0000FF
-47.0 -391.17 88.82 -45.91 -389.89 89.05 0.545 0x0000FF
-47.73 -391.9 88.67 -47.0 -391.17 88.82 0.545 0x0000FF
-48.28 -392.44 88.45 -47.73 -391.9 88.67 0.545 0x0000FF
-49.01 -392.99 88.22 -48.28 -392.44 88.45 0.545 0x0000FF
-49.74 -393.54 88.14 -49.01 -392.99 88.22 0.545 0x0000FF
-50.29 -393.9 87.99 -49.74 -393.54 88.14 0.545 0x0000FF
-50.65 -394.63 87.99 -50.29 -393.9 87.99 0.545 0x0000FF
-51.2 -395.0 87.76 -50.65 -394.63 87.99 0.545 0x0000FF
-52.11 -395.91 87.61 -51.2 -395.0 87.76 0.545 0x0000FF
-53.75 -397.91 87.54 -52.11 -395.91 87.61 0.545 0x0000FF
-54.48 -399.55 87.23 -53.75 -397.91 87.54 0.545 0x0000FF
-55.21 -401.37 87.16 -54.48 -399.55 87.23 0.545 0x0000FF
-55.4 -401.92 86.78 -55.21 -401.37 87.16 0.545 0x0000FF
-55.94 -403.19 86.63 -55.4 -401.92 86.78 0.545 0x0000FF
-56.49 -404.47 86.32 -55.94 -403.19 86.63 0.545 0x0000FF
-57.22 -405.75 86.1 -56.49 -404.47 86.32 0.545 0x0000FF
-57.95 -407.02 85.95 -57.22 -405.75 86.1 0.545 0x0000FF
-58.68 -408.48 85.95 -57.95 -407.02 85.95 0.545 0x0000FF
-59.41 -409.94 85.79 -58.68 -408.48 85.95 0.545 0x0000FF
-59.78 -411.21 85.64 -59.41 -409.94 85.79 0.545 0x0000FF
-59.78 -411.76 85.34 -59.78 -411.21 85.64 0.545 0x0000FF
-60.32 -413.03 84.81 -59.78 -411.76 85.34 0.545 0x0000FF
-61.24 -414.67 84.66 -60.32 -413.03 84.81 0.545 0x0000FF
-62.33 -416.13 84.28 -61.24 -414.67 84.66 0.545 0x0000FF
-63.06 -417.41 83.98 -62.33 -416.13 84.28 0.545 0x0000FF
-63.97 -418.86 83.45 -63.06 -417.41 83.98 0.545 0x0000FF
-64.7 -419.77 82.76 -63.97 -418.86 83.45 0.545 0x0000FF
-65.43 -420.69 82.46 -64.7 -419.77 82.76 0.545 0x0000FF
-65.98 -422.51 84.36 -65.43 -420.69 82.46 0.365 0x0000FF
-66.53 -423.6 84.36 -65.98 -422.51 84.36 0.365 0x0000FF
-66.53 -424.51 84.13 -66.53 -423.6 84.36 0.365 0x0000FF
-66.7 -425.61 84.13 -66.53 -424.51 84.13 0.365 0x0000FF
-66.7 -426.7 84.13 -66.7 -425.61 84.13 0.365 0x0000FF
-66.53 -427.79 84.13 -66.7 -426.7 84.13 0.365 0x0000FF
-66.34 -428.88 84.13 -66.53 -427.79 84.13 0.365 0x0000FF
-67.98 -421.78 81.55 -65.43 -420.69 82.46 0.455 0x0000FF
-68.34 -422.69 81.48 -67.98 -421.78 81.55 0.455 0x0000FF
-69.63 -425.61 81.48 -68.34 -422.69 81.48 0.365 0x0000FF
-70.18 -427.06 81.33 -69.63 -425.61 81.48 0.365 0x0000FF
-70.18 -428.7 81.33 -70.18 -427.06 81.33 0.365 0x0000FF
-28.44 -228.64 113.22 -30.26 -229.19 113.14 0.545 0x0000FF
-26.43 -229.0 113.37 -28.44 -228.64 113.22 0.545 0x0000FF
-24.79 -229.55 113.44 -26.43 -229.0 113.37 0.545 0x0000FF
-22.97 -230.28 113.44 -24.79 -229.55 113.44 0.545 0x0000FF
-20.96 -230.83 113.59 -22.97 -230.28 113.44 0.545 0x0000FF
-16.39 -232.1 113.67 -20.96 -230.83 113.59 0.545 0x0000FF
-14.57 -232.46 113.75 -16.39 -232.1 113.67 0.545 0x0000FF
-12.38 -233.01 113.75 -14.57 -232.46 113.75 0.545 0x0000FF
-9.65 -233.56 113.75 -12.38 -233.01 113.75 0.545 0x0000FF
-8.0 -233.56 113.9 -9.65 -233.56 113.75 0.545 0x0000FF
-2.71 -231.92 114.28 -8.0 -233.56 113.9 0.455 0x0000FF
-0.71 -231.19 114.35 -2.71 -231.92 114.28 0.455 0x0000FF
0.75 -230.83 114.5 -0.71 -231.19 114.35 0.455 0x0000FF
1.85 -230.64 114.73 0.75 -230.83 114.5 0.455 0x0000FF
3.49 -229.91 114.73 1.85 -230.64 114.73 0.455 0x0000FF
4.76 -229.37 114.88 3.49 -229.91 114.73 0.455 0x0000FF
6.77 -229.0 115.11 4.76 -229.37 114.88 0.455 0x0000FF
8.23 -228.46 115.19 6.77 -229.0 115.11 0.455 0x0000FF
9.69 -228.09 114.96 8.23 -228.46 115.19 0.455 0x0000FF
10.79 -227.91 114.88 9.69 -228.09 114.96 0.455 0x0000FF
11.52 -227.91 114.5 10.79 -227.91 114.88 0.455 0x0000FF
12.25 -227.73 113.14 11.52 -227.91 114.5 0.455 0x0000FF
12.79 -227.73 112.53 12.25 -227.73 113.14 0.455 0x0000FF
13.16 -227.73 112.38 12.79 -227.73 112.53 0.455 0x0000FF
13.71 -227.73 112.0 13.16 -227.73 112.38 0.455 0x0000FF
14.07 -227.73 111.85 13.71 -227.73 112.0 0.455 0x0000FF
14.8 -227.73 111.47 14.07 -227.73 111.85 0.455 0x0000FF
15.9 -227.36 111.4 14.8 -227.73 111.47 0.455 0x0000FF
16.98 -227.18 110.94 15.9 -227.36 111.4 0.455 0x0000FF
19.55 -226.27 110.72 16.98 -227.18 110.94 0.365 0x0000FF
20.28 -225.91 110.49 19.55 -226.27 110.72 0.365 0x0000FF
21.19 -225.54 110.26 20.28 -225.91 110.49 0.365 0x0000FF
21.92 -225.36 110.19 21.19 -225.54 110.26 0.365 0x0000FF
22.46 -225.36 109.96 21.92 -225.36 110.19 0.365 0x0000FF
23.01 -225.36 109.66 22.46 -225.36 109.96 0.365 0x0000FF
23.38 -225.18 109.43 23.01 -225.36 109.66 0.365 0x0000FF
24.29 -224.99 108.82 23.38 -225.18 109.43 0.365 0x0000FF
25.38 -224.99 107.69 24.29 -224.99 108.82 0.365 0x0000FF
26.48 -224.99 106.17 25.38 -224.99 107.69 0.365 0x0000FF
27.94 -224.81 105.34 26.48 -224.99 106.17 0.365 0x0000FF
29.03 -224.81 104.81 27.94 -224.81 105.34 0.365 0x0000FF
4.13 -35.32 116.09 3.96 -34.22 116.4 0.64 0x0000FF
4.87 -36.04 115.64 4.13 -35.32 116.09 0.64 0x0000FF
5.24 -36.4 115.19 4.87 -36.04 115.64 0.64 0x0000FF
5.42 -36.59 115.94 5.24 -36.4 115.19 0.64 0x0000FF
5.78 -37.14 117.23 5.42 -36.59 115.94 0.64 0x0000FF
6.15 -37.5 117.38 5.78 -37.14 117.23 0.64 0x0000FF
7.43 -38.4 117.99 6.15 -37.5 117.38 0.64 0x0000FF
8.34 -38.96 118.29 7.43 -38.4 117.99 0.64 0x0000FF
9.43 -39.14 118.52 8.34 -38.96 118.29 0.545 0x0000FF
9.98 -39.14 119.2 9.43 -39.14 118.52 0.545 0x0000FF
10.71 -39.69 119.5 9.98 -39.14 119.2 0.545 0x0000FF
11.62 -39.86 119.73 10.71 -39.69 119.5 0.545 0x0000FF
11.99 -40.24 119.88 11.62 -39.86 119.73 0.545 0x0000FF
12.9 -40.6 120.56 11.99 -40.24 119.88 0.455 0x0000FF
13.26 -40.96 120.79 12.9 -40.6 120.56 0.455 0x0000FF
13.63 -41.33 121.25 13.26 -40.96 120.79 0.455 0x0000FF
13.99 -41.88 121.7 13.63 -41.33 121.25 0.455 0x0000FF
14.36 -42.42 122.08 13.99 -41.88 121.7 0.365 0x0000FF
14.91 -42.6 122.23 14.36 -42.42 122.08 0.365 0x0000FF
15.27 -42.79 122.46 14.91 -42.6 122.23 0.365 0x0000FF
16.0 -43.15 123.37 15.27 -42.79 122.46 0.365 0x0000FF
16.73 -43.33 123.97 16.0 -43.15 123.37 0.365 0x0000FF
17.1 -43.52 124.28 16.73 -43.33 123.97 0.365 0x0000FF
17.46 -43.7 125.26 17.1 -43.52 124.28 0.365 0x0000FF
18.01 -43.88 126.02 17.46 -43.7 125.26 0.365 0x0000FF
18.37 -44.06 126.55 18.01 -43.88 126.02 0.365 0x0000FF
18.73 -44.24 127.08 18.37 -44.06 126.55 0.365 0x0000FF
20.02 -44.97 127.23 18.73 -44.24 127.08 0.18 0x0000FF
21.11 -45.34 127.53 20.02 -44.97 127.23 0.18 0x0000FF
21.84 -45.7 127.61 21.11 -45.34 127.53 0.18 0x0000FF
22.57 -46.25 127.76 21.84 -45.7 127.61 0.18 0x0000FF
