-2.58 -10.99 7.62 3.81 -18.82 -0.69 1.095 0x0000FF
-2.95 -9.71 7.85 -2.58 -10.99 7.62 1.095 0x0000FF
-4.04 -7.71 8.3 -2.95 -9.71 7.85 0.91 0x0000FF
-5.14 -5.34 8.52 -4.04 -7.71 8.3 0.91 0x0000FF
-6.05 -2.42 8.38 -5.14 -5.34 8.52 0.91 0x0000FF
-6.78 -0.05 7.92 -6.05 -2.42 8.38 0.91 0x0000FF
-7.87 2.68 7.47 -6.78 -0.05 7.92 0.82 0x0000FF
-8.24 4.13 6.86 -7.87 2.68 7.47 0.82 0x0000FF
-8.97 6.87 6.18 -8.24 4.13 6.86 0.82 0x0000FF
-9.51 10.7 4.97 -8.97 6.87 6.18 0.73 0x0000FF
-9.69 13.79 4.29 -9.51 10.7 4.97 0.73 0x0000FF
-9.51 16.53 4.21 -9.69 13.79 4.29 0.73 0x0000FF
-10.24 22.9 3.91 -9.51 16.53 4.21 0.64 0x0000FF
-11.34 25.27 3.83 -10.24 22.9 3.91 0.64 0x0000FF
-11.7 28.73 3.68 -11.34 25.27 3.83 0.64 0x0000FF
-11.52 32.56 3.61 -11.7 28.73 3.68 0.64 0x0000FF
-12.43 35.84 3.3 -11.52 32.56 3.61 0.64 0x0000FF
-12.62 39.85 3.15 -12.43 35.84 3.3 0.545 0x0000FF
-13.16 41.49 3.15 -12.62 39.85 3.15 0.545 0x0000FF
-13.89 43.86 2.77 -13.16 41.49 3.15 0.545 0x0000FF
-14.83 45.07 1.48 -13.89 43.86 2.77 0.545 0x0000FF
-15.38 47.25 0.95 -14.83 45.07 1.48 0.545 0x0000FF
-15.56 48.35 0.57 -15.38 47.25 0.95 0.545 0x0000FF
-15.74 49.08 0.05 -15.56 48.35 0.57 0.545 0x0000FF
-16.11 50.72 -0.56 -15.74 49.08 0.05 0.545 0x0000FF
-16.11 51.63 -1.24 -16.11 50.72 -0.56 0.545 0x0000FF
-16.29 53.63 -1.85 -16.11 51.63 -1.24 0.545 0x0000FF
-16.29 54.72 -2.52 -16.29 53.63 -1.85 0.545 0x0000FF
-16.29 56.91 -3.51 -16.29 54.72 -2.52 0.545 0x0000FF
-16.47 59.1 -4.58 -16.29 56.91 -3.51 0.545 0x0000FF
-16.11 62.01 -5.26 -16.47 59.1 -4.58 0.545 0x0000FF
-16.11 64.93 -6.32 -16.11 62.01 -5.26 0.545 0x0000FF
-15.93 68.2 -6.92 -16.11 64.93 -6.32 0.545 0x0000FF
-15.38 71.84 -7.53 -15.93 68.2 -6.92 0.545 0x0000FF
-15.56 74.77 -7.76 -15.38 71.84 -7.53 0.545 0x0000FF
-15.74 78.41 -8.14 -15.56 74.77 -7.76 0.545 0x0000FF
-15.93 80.95 -8.82 -15.74 78.41 -8.14 0.545 0x0000FF
-16.47 84.24 -9.8 -15.93 80.95 -8.82 0.545 0x0000FF
-17.02 86.97 -11.01 -16.47 84.24 -9.8 0.545 0x0000FF
-17.75 89.34 -12.3 -17.02 86.97 -11.01 0.545 0x0000FF
-19.57 92.99 -13.36 -17.75 89.34 -12.3 0.545 0x0000FF
-20.85 95.72 -13.82 -19.57 92.99 -13.36 0.545 0x0000FF
-21.4 96.99 -14.5 -20.85 95.72 -13.82 0.545 0x0000FF
-21.95 98.09 -15.63 -21.4 96.99 -14.5 0.545 0x0000FF
-22.68 99.73 -16.62 -21.95 98.09 -15.63 0.545 0x0000FF
-23.22 101.91 -17.23 -22.68 99.73 -16.62 0.545 0x0000FF
-23.95 105.01 -19.5 -23.22 101.91 -17.23 0.365 0x0000FF
-23.95 105.92 -19.5 -23.95 105.01 -19.5 0.365 0x0000FF
-21.03 109.57 -19.35 -23.95 105.92 -19.5 0.365 0x0000FF
-19.76 110.48 -18.82 -21.03 109.57 -19.35 0.365 0x0000FF
-17.39 111.21 -18.59 -19.76 110.48 -18.82 0.365 0x0000FF
-16.11 111.75 -18.51 -17.39 111.21 -18.59 0.365 0x0000FF
-14.65 111.93 -19.2 -16.11 111.75 -18.51 0.365 0x0000FF
-13.01 111.93 -20.32 -14.65 111.93 -19.2 0.365 0x0000FF
-11.55 111.75 -21.47 -13.01 111.93 -20.32 0.365 0x0000FF
-10.27 111.57 -22.15 -11.55 111.75 -21.47 0.365 0x0000FF
-9.9 111.57 -22.98 -10.27 111.57 -22.15 0.365 0x0000FF
-8.99 111.57 -23.82 -9.9 111.57 -22.98 0.365 0x0000FF
-7.53 111.02 -24.95 -8.99 111.57 -23.82 0.365 0x0000FF
-5.89 110.66 -25.94 -7.53 111.02 -24.95 0.365 0x0000FF
-3.52 110.48 -27.15 -5.89 110.66 -25.94 0.365 0x0000FF
-2.42 110.48 -28.13 -3.52 110.48 -27.15 0.365 0x0000FF
-1.33 110.48 -29.12 -2.42 110.48 -28.13 0.365 0x0000FF
-0.23 110.48 -29.42 -1.33 110.48 -29.12 0.365 0x0000FF
0.5 110.48 -30.03 -0.23 110.48 -29.42 0.365 0x0000FF
1.41 110.48 -30.78 0.5 110.48 -30.03 0.365 0x0000FF
1.95 110.48 -31.47 1.41 110.48 -30.78 0.365 0x0000FF
3.23 110.66 -32.0 1.95 110.48 -31.47 0.365 0x0000FF
4.33 110.84 -32.75 3.23 110.66 -32.0 0.365 0x0000FF
5.05 110.84 -33.74 4.33 110.84 -32.75 0.365 0x0000FF
5.42 111.02 -35.03 5.05 110.84 -33.74 0.365 0x0000FF
6.52 111.21 -35.86 5.42 111.02 -35.03 0.365 0x0000FF
7.06 111.57 -36.69 6.52 111.21 -35.86 0.365 0x0000FF
11.81 112.66 -38.59 7.06 111.57 -36.69 0.365 0x0000FF
15.27 112.85 -39.04 11.81 112.66 -38.59 0.365 0x0000FF
17.1 112.85 -40.4 15.27 112.85 -39.04 0.365 0x0000FF
18.73 112.85 -41.54 17.1 112.85 -40.4 0.365 0x0000FF
22.57 112.85 -42.45 18.73 112.85 -41.54 0.275 0x0000FF
24.58 112.48 -43.51 22.57 112.85 -42.45 0.275 0x0000FF
25.86 112.12 -43.97 24.58 112.48 -43.51 0.275 0x0000FF
26.59 112.12 -45.1 25.86 112.12 -43.97 0.275 0x0000FF
28.41 111.75 -46.09 26.59 112.12 -45.1 0.275 0x0000FF
-24.32 107.56 -16.01 -23.95 105.92 -19.5 0.365 0x0000FF
-24.32 108.29 -15.56 -24.32 107.56 -16.01 0.365 0x0000FF
-24.5 110.29 -16.92 -24.32 108.29 -15.56 0.365 0x0000FF
-25.05 111.93 -17.3 -24.5 110.29 -16.92 0.365 0x0000FF
-25.41 113.57 -18.51 -25.05 111.93 -17.3 0.365 0x0000FF
-27.23 115.67 -22.3 -25.41 113.57 -18.51 0.275 0x0000FF
-29.05 120.04 -21.92 -27.23 115.67 -22.3 0.275 0x0000FF
-29.05 123.5 -21.54 -29.05 120.04 -21.92 0.275 0x0000FF
-29.05 125.69 -22.53 -29.05 123.5 -21.54 0.275 0x0000FF
-29.05 127.69 -22.91 -29.05 125.69 -22.53 0.275 0x0000FF
-29.23 129.88 -23.44 -29.05 127.69 -22.91 0.275 0x0000FF
-29.96 132.25 -24.35 -29.23 129.88 -23.44 0.275 0x0000FF
-31.24 135.53 -25.41 -29.96 132.25 -24.35 0.275 0x0000FF
-33.97 140.08 -26.47 -31.24 135.53 -25.41 0.275 0x0000FF
-36.9 147.72 -27.22 -33.97 140.08 -26.47 0.275 0x0000FF
-38.17 151.93 -27.91 -36.9 147.72 -27.22 0.275 0x0000FF
-39.45 155.38 -29.35 -38.17 151.93 -27.91 0.275 0x0000FF
-39.45 157.03 -29.88 -39.45 155.38 -29.35 0.275 0x0000FF
-4.47 -15.18 12.47 3.81 -18.82 -0.69 1.825 0x0000FF
-8.11 -13.36 12.47 -4.47 -15.18 12.47 1.825 0x0000FF
-9.22 -13.36 12.7 -8.11 -13.36 12.47 1.095 0x0000FF
-11.41 -13.0 13.07 -9.22 -13.36 12.7 1.095 0x0000FF
-16.32 -13.91 13.53 -11.41 -13.0 13.07 1.005 0x0000FF
-17.97 -14.27 13.83 -16.32 -13.91 13.53 1.005 0x0000FF
-21.26 -15.37 14.29 -17.97 -14.27 13.83 0.91 0x0000FF
-23.08 -16.28 14.67 -21.26 -15.37 14.29 0.91 0x0000FF
-23.45 -16.46 15.12 -23.08 -16.28 14.67 0.91 0x0000FF
-24.91 -17.0 15.95 -23.45 -16.46 15.12 0.91 0x0000FF
-25.82 -17.55 16.32 -24.91 -17.0 15.95 0.91 0x0000FF
-27.64 -18.1 17.09 -25.82 -17.55 16.32 0.91 0x0000FF
-28.37 -18.46 17.77 -27.64 -18.1 17.09 0.91 0x0000FF
-29.29 -18.82 18.98 -28.37 -18.46 17.77 0.91 0x0000FF
-32.75 -20.83 19.36 -29.29 -18.82 18.98 0.82 0x0000FF
-34.21 -21.38 19.89 -32.75 -20.83 19.36 0.82 0x0000FF
-34.4 -21.38 20.65 -34.21 -21.38 19.89 0.82 0x0000FF
-37.13 -22.11 20.88 -34.4 -21.38 20.65 0.73 0x0000FF
-38.59 -22.84 21.56 -37.13 -22.11 20.88 0.73 0x0000FF
-41.69 -24.11 21.56 -38.59 -22.84 21.56 0.64 0x0000FF
-44.43 -24.29 22.77 -41.69 -24.11 21.56 0.64 0x0000FF
-46.25 -24.84 23.3 -44.43 -24.29 22.77 0.64 0x0000FF
-51.73 -25.75 23.76 -46.25 -24.84 23.3 0.64 0x0000FF
-54.47 -26.3 23.98 -51.73 -25.75 23.76 0.545 0x0000FF
-56.47 -26.84 24.82 -54.47 -26.3 23.98 0.545 0x0000FF
-61.58 -26.3 25.57 -56.47 -26.84 24.82 0.545 0x0000FF
-63.77 -26.11 26.1 -61.58 -26.3 25.57 0.455 0x0000FF
-65.78 -26.48 26.56 -63.77 -26.11 26.1 0.365 0x0000FF
-67.42 -26.84 27.16 -65.78 -26.48 26.56 0.365 0x0000FF
-68.33 -27.57 27.32 -67.42 -26.84 27.16 0.275 0x0000FF
-69.97 -27.57 27.77 -68.33 -27.57 27.32 0.275 0x0000FF
-73.62 -27.39 28.0 -69.97 -27.57 27.77 0.275 0x0000FF
-76.18 -26.48 27.16 -73.62 -27.39 28.0 0.275 0x0000FF
-78.55 -23.56 27.16 -76.18 -26.48 27.16 0.275 0x0000FF
-81.29 -19.19 27.16 -78.55 -23.56 27.16 0.275 0x0000FF
-85.48 -14.45 27.62 -81.29 -19.19 27.16 0.275 0x0000FF
-90.23 -11.36 28.15 -85.48 -14.45 27.62 0.275 0x0000FF
-92.6 -9.17 28.98 -90.23 -11.36 28.15 0.275 0x0000FF
-98.25 -5.34 29.59 -92.6 -9.17 28.98 0.275 0x0000FF
-103.36 -2.25 31.56 -98.25 -5.34 29.59 0.275 0x0000FF
-106.28 0.49 31.94 -103.36 -2.25 31.56 0.275 0x0000FF
-109.57 3.58 32.61 -106.28 0.49 31.94 0.275 0x0000FF
-114.49 7.96 33.29 -109.57 3.58 32.61 0.275 0x0000FF
-118.32 11.05 33.53 -114.49 7.96 33.29 0.275 0x0000FF
-121.79 13.79 34.74 -118.32 11.05 33.53 0.275 0x0000FF
-127.26 19.25 35.65 -121.79 13.79 34.74 0.275 0x0000FF
-130.37 21.44 36.1 -127.26 19.25 35.65 0.275 0x0000FF
-131.93 22.49 37.24 -130.37 21.44 36.1 0.275 0x0000FF
-133.57 24.86 37.47 -131.93 22.49 37.24 0.275 0x0000FF
-136.86 27.95 38.15 -133.57 24.86 37.47 0.275 0x0000FF
-140.69 31.78 38.53 -136.86 27.95 38.15 0.275 0x0000FF
-144.52 36.52 38.83 -140.69 31.78 38.53 0.275 0x0000FF
-145.07 38.52 39.28 -144.52 36.52 38.83 0.275 0x0000FF
-145.97 40.53 40.34 -145.07 38.52 39.28 0.275 0x0000FF
-147.08 42.71 41.63 -145.97 40.53 40.34 0.275 0x0000FF
-149.63 44.53 41.94 -147.08 42.71 41.63 0.275 0x0000FF
-151.63 46.9 42.62 -149.63 44.53 41.94 0.275 0x0000FF
-153.1 49.82 43.15 -151.63 46.9 42.62 0.275 0x0000FF
-153.46 51.09 43.6 -153.1 49.82 43.15 0.275 0x0000FF
-154.19 51.46 44.74 -153.46 51.09 43.6 0.275 0x0000FF
-154.74 51.82 45.34 -154.19 51.46 44.74 0.275 0x0000FF
-155.47 52.19 46.03 -154.74 51.82 45.34 0.275 0x0000FF
-157.11 52.55 46.78 -155.47 52.19 46.03 0.275 0x0000FF
-68.06 -26.16 26.25 -67.42 -26.84 27.16 0.275 0x0000FF
-69.9 -25.61 26.71 -68.06 -26.16 26.25 0.275 0x0000FF
-70.45 -25.43 27.77 -69.9 -25.61 26.71 0.275 0x0000FF
-72.64 -24.88 29.51 -70.45 -25.43 27.77 0.275 0x0000FF
-73.73 -24.52 30.5 -72.64 -24.88 29.51 0.275 0x0000FF
-75.73 -23.24 32.09 -73.73 -24.52 30.5 0.275 0x0000FF
-76.47 -23.06 33.53 -75.73 -23.24 32.09 0.275 0x0000FF
-77.93 -22.52 34.59 -76.47 -23.06 33.53 0.275 0x0000FF
-79.75 -22.15 35.42 -77.93 -22.52 34.59 0.275 0x0000FF
-81.76 -21.6 35.95 -79.75 -22.15 35.42 0.275 0x0000FF
-83.22 -21.24 37.31 -81.76 -21.6 35.95 0.275 0x0000FF
-85.22 -20.69 38.07 -83.22 -21.24 37.31 0.275 0x0000FF
-87.05 -19.97 39.51 -85.22 -20.69 38.07 0.275 0x0000FF
-88.69 -19.23 40.57 -87.05 -19.97 39.51 0.275 0x0000FF
-91.25 -17.96 41.4 -88.69 -19.23 40.57 0.275 0x0000FF
-95.26 -15.77 42.39 -91.25 -17.96 41.4 0.275 0x0000FF
-97.08 -14.86 43.53 -95.26 -15.77 42.39 0.275 0x0000FF
-98.54 -13.59 44.21 -97.08 -14.86 43.53 0.275 0x0000FF
-99.82 -11.77 45.65 -98.54 -13.59 44.21 0.275 0x0000FF
-101.1 -10.13 46.25 -99.82 -11.77 45.65 0.275 0x0000FF
-10.42 -11.04 11.41 -8.11 -13.36 12.47 0.64 0x0000FF
-12.79 -8.85 11.64 -10.42 -11.04 11.41 0.64 0x0000FF
-15.71 -7.21 11.94 -12.79 -8.85 11.64 0.64 0x0000FF
-21.18 -3.02 12.17 -15.71 -7.21 11.94 0.64 0x0000FF
-22.28 -1.93 13.0 -21.18 -3.02 12.17 0.64 0x0000FF
-23.74 0.26 13.38 -22.28 -1.93 13.0 0.64 0x0000FF
-25.56 2.08 13.38 -23.74 0.26 13.38 0.64 0x0000FF
-26.84 3.17 13.23 -25.56 2.08 13.38 0.64 0x0000FF
-27.02 4.63 13.23 -26.84 3.17 13.23 0.545 0x0000FF
-27.75 4.8 13.53 -27.02 4.63 13.23 0.545 0x0000FF
-28.3 5.18 12.85 -27.75 4.8 13.53 0.545 0x0000FF
-28.66 5.0 12.32 -28.3 5.18 12.85 0.545 0x0000FF
-29.39 5.0 12.17 -28.66 5.0 12.32 0.545 0x0000FF
-30.85 6.09 10.88 -29.39 5.0 12.17 0.545 0x0000FF
-32.5 7.36 10.8 -30.85 6.09 10.88 0.545 0x0000FF
-34.32 8.64 10.5 -32.5 7.36 10.8 0.455 0x0000FF
-36.86 10.28 10.19 -34.32 8.64 10.5 0.455 0x0000FF
-38.33 11.19 9.74 -36.86 10.28 10.19 0.455 0x0000FF
-39.61 11.92 9.51 -38.33 11.19 9.74 0.455 0x0000FF
-41.07 12.47 8.76 -39.61 11.92 9.51 0.455 0x0000FF
-42.9 12.83 8.3 -41.07 12.47 8.76 0.455 0x0000FF
-45.63 13.74 7.39 -42.9 12.83 8.3 0.455 0x0000FF
-46.91 14.29 7.01 -45.63 13.74 7.39 0.455 0x0000FF
-48.92 15.38 6.79 -46.91 14.29 7.01 0.365 0x0000FF
-50.01 15.93 6.64 -48.92 15.38 6.79 0.365 0x0000FF
-53.3 17.57 7.17 -50.01 15.93 6.64 0.365 0x0000FF
-57.13 19.94 7.32 -53.3 17.57 7.17 0.365 0x0000FF
-58.77 20.67 6.71 -57.13 19.94 7.32 0.365 0x0000FF
-60.23 21.58 6.03 -58.77 20.67 6.71 0.365 0x0000FF
-63.88 25.22 5.12 -60.23 21.58 6.03 0.365 0x0000FF
-67.16 27.04 4.74 -63.88 25.22 5.12 0.365 0x0000FF
-70.98 28.14 4.44 -67.16 27.04 4.74 0.365 0x0000FF
-73.0 28.32 3.98 -70.98 28.14 4.44 0.365 0x0000FF
-75.01 28.5 3.61 -73.0 28.32 3.98 0.365 0x0000FF
-76.65 28.68 3.45 -75.01 28.5 3.61 0.365 0x0000FF
-77.38 28.86 2.47 -76.65 28.68 3.45 0.365 0x0000FF
-79.2 29.41 0.88 -77.38 28.86 2.47 0.365 0x0000FF
-81.03 29.96 0.35 -79.2 29.41 0.88 0.365 0x0000FF
-84.13 31.6 -0.18 -81.03 29.96 0.35 0.365 0x0000FF
-88.14 33.78 -0.86 -84.13 31.6 -0.18 0.365 0x0000FF
-91.98 35.97 -1.32 -88.14 33.78 -0.86 0.365 0x0000FF
-96.17 38.89 -2.29 -91.98 35.97 -1.32 0.365 0x0000FF
-97.81 39.97 -3.14 -96.17 38.89 -2.29 0.365 0x0000FF
-100.0 41.07 -3.67 -97.81 39.97 -3.14 0.365 0x0000FF
-102.56 41.8 -4.34 -100.0 41.07 -3.67 0.365 0x0000FF
-105.11 42.53 -5.33 -102.56 41.8 -4.34 0.365 0x0000FF
-107.3 43.44 -6.17 -105.11 42.53 -5.33 0.275 0x0000FF
-110.95 44.72 -6.54 -107.3 43.44 -6.17 0.275 0x0000FF
-113.69 45.81 -7.0 -110.95 44.72 -6.54 0.275 0x0000FF
-116.79 45.99 -7.45 -113.69 45.81 -7.0 0.275 0x0000FF
-119.53 46.9 -8.14 -116.79 45.99 -7.45 0.275 0x0000FF
-120.26 47.27 -9.27 -119.53 46.9 -8.14 0.275 0x0000FF
-120.99 47.63 -10.48 -120.26 47.27 -9.27 0.275 0x0000FF
-121.72 48.54 -11.47 -120.99 47.63 -10.48 0.275 0x0000FF
-124.45 50.18 -12.15 -121.72 48.54 -11.47 0.18 0x0000FF
-27.39 5.0 14.06 -26.84 3.17 13.23 0.455 0x0000FF
-28.3 6.27 14.06 -27.39 5.0 14.06 0.455 0x0000FF
-28.85 6.45 14.59 -28.3 6.27 14.06 0.455 0x0000FF
-29.21 7.18 15.42 -28.85 6.45 14.59 0.455 0x0000FF
-29.58 7.73 16.55 -29.21 7.18 15.42 0.455 0x0000FF
-30.67 9.0 17.23 -29.58 7.73 16.55 0.455 0x0000FF
-32.31 11.01 17.39 -30.67 9.0 17.23 0.455 0x0000FF
-33.96 12.47 18.45 -32.31 11.01 17.39 0.455 0x0000FF
-34.69 13.74 19.29 -33.96 12.47 18.45 0.455 0x0000FF
-35.6 14.83 20.12 -34.69 13.74 19.29 0.455 0x0000FF
-37.6 16.66 20.88 -35.6 14.83 20.12 0.455 0x0000FF
-38.7 17.93 21.41 -37.6 16.66 20.88 0.455 0x0000FF
-39.43 19.39 21.94 -38.7 17.93 21.41 0.455 0x0000FF
-40.15 20.48 22.54 -39.43 19.39 21.94 0.455 0x0000FF
-42.17 22.31 23.6 -40.15 20.48 22.54 0.455 0x0000FF
-43.26 23.58 24.13 -42.17 22.31 23.6 0.455 0x0000FF
-45.08 24.86 24.59 -43.26 23.58 24.13 0.455 0x0000FF
-48.0 26.86 25.12 -45.08 24.86 24.59 0.455 0x0000FF
-48.92 27.95 25.35 -48.0 26.86 25.12 0.455 0x0000FF
-50.38 29.59 25.88 -48.92 27.95 25.35 0.455 0x0000FF
-53.11 31.78 27.09 -50.38 29.59 25.88 0.365 0x0000FF
-56.21 33.6 27.77 -53.11 31.78 27.09 0.365 0x0000FF
-59.13 35.61 28.0 -56.21 33.6 27.77 0.365 0x0000FF
-61.14 36.88 28.38 -59.13 35.61 28.0 0.365 0x0000FF
-62.6 38.7 28.98 -61.14 36.88 28.38 0.365 0x0000FF
-63.88 39.79 29.51 -62.6 38.7 28.98 0.365 0x0000FF
-66.43 41.07 30.12 -63.88 39.79 29.51 0.365 0x0000FF
-67.89 42.16 30.42 -66.43 41.07 30.12 0.365 0x0000FF
-71.36 44.17 31.33 -67.89 42.16 30.42 0.365 0x0000FF
-71.91 44.72 32.24 -71.36 44.17 31.33 0.365 0x0000FF
-73.0 46.36 32.31 -71.91 44.72 32.24 0.365 0x0000FF
-74.45 48.54 33.22 -73.0 46.36 32.31 0.365 0x0000FF
-75.92 49.82 33.68 -74.45 48.54 33.22 0.365 0x0000FF
-77.2 50.91 35.04 -75.92 49.82 33.68 0.365 0x0000FF
-77.73 51.46 35.95 -77.2 50.91 35.04 0.365 0x0000FF
-78.66 52.55 36.47 -77.73 51.46 35.95 0.365 0x0000FF
-79.2 53.64 37.77 -78.66 52.55 36.47 0.365 0x0000FF
-79.75 54.74 38.53 -79.2 53.64 37.77 0.365 0x0000FF
-80.3 55.65 39.44 -79.75 54.74 38.53 0.275 0x0000FF
-81.39 56.38 39.97 -80.3 55.65 39.44 0.275 0x0000FF
-82.49 57.11 40.5 -81.39 56.38 39.97 0.275 0x0000FF
-84.13 58.2 40.79 -82.49 57.11 40.5 0.275 0x0000FF
-88.51 62.21 41.56 -84.13 58.2 40.79 0.275 0x0000FF
-92.16 65.67 41.63 -88.51 62.21 41.56 0.275 0x0000FF
-94.53 68.95 42.39 -92.16 65.67 41.63 0.275 0x0000FF
-98.0 71.68 43.45 -94.53 68.95 42.39 0.275 0x0000FF
-101.1 74.23 44.13 -98.0 71.68 43.45 0.275 0x0000FF
-104.2 76.05 44.74 -101.1 74.23 44.13 0.275 0x0000FF
-108.94 78.06 45.95 -104.2 76.05 44.74 0.275 0x0000FF
-112.77 79.33 46.4 -108.94 78.06 45.95 0.275 0x0000FF
-105.48 78.59 44.59 -104.2 76.05 44.74 0.275 0x0000FF
-106.75 80.79 44.36 -105.48 78.59 44.59 0.275 0x0000FF
-2.57 -13.95 -0.71 3.81 -18.82 -0.69 1.275 0x0000FF
-4.58 -12.49 -0.86 -2.57 -13.95 -0.71 1.275 0x0000FF
-5.31 -11.58 -1.32 -4.58 -12.49 -0.86 1.275 0x0000FF
-6.95 -10.67 -2.15 -5.31 -11.58 -1.32 1.275 0x0000FF
-8.23 -9.76 -3.36 -6.95 -10.67 -2.15 1.275 0x0000FF
-9.14 -9.4 -4.05 -8.23 -9.76 -3.36 1.275 0x0000FF
-10.05 -9.02 -4.73 -9.14 -9.4 -4.05 1.275 0x0000FF
-10.97 -8.49 -4.88 -10.05 -9.02 -4.73 1.275 0x0000FF
-12.06 -8.49 -4.95 -10.97 -8.49 -4.88 1.275 0x0000FF
-13.16 -7.94 -4.95 -12.06 -8.49 -4.95 0.73 0x0000FF
-13.89 -7.39 -4.95 -13.16 -7.94 -4.95 0.73 0x0000FF
-14.43 -6.66 -4.95 -13.89 -7.39 -4.95 0.73 0x0000FF
-14.98 -6.12 -5.33 -14.43 -6.66 -4.95 0.64 0x0000FF
-15.71 -5.57 -5.56 -14.98 -6.12 -5.33 0.64 0x0000FF
-16.8 -5.01 -6.47 -15.71 -5.57 -5.56 0.545 0x0000FF
-18.98 -4.48 -7.0 -16.8 -5.01 -6.47 0.545 0x0000FF
-20.45 -4.3 -7.61 -18.98 -4.48 -7.0 0.545 0x0000FF
-22.46 -4.3 -8.28 -20.45 -4.3 -7.61 0.545 0x0000FF
-25.02 -4.48 -8.97 -22.46 -4.3 -8.28 0.455 0x0000FF
-26.66 -4.48 -9.35 -25.02 -4.48 -8.97 0.455 0x0000FF
-29.03 -4.84 -9.65 -26.66 -4.48 -9.35 0.455 0x0000FF
-31.04 -5.01 -8.59 -29.03 -4.84 -9.65 0.455 0x0000FF
-32.5 -5.01 -7.98 -31.04 -5.01 -8.59 0.455 0x0000FF
-34.5 -4.3 -7.08 -32.5 -5.01 -7.98 0.455 0x0000FF
-37.06 -2.66 -6.39 -34.5 -4.3 -7.08 0.365 0x0000FF
-39.06 -1.93 -6.01 -37.06 -2.66 -6.39 0.365 0x0000FF
-42.17 -1.02 -5.48 -39.06 -1.93 -6.01 0.365 0x0000FF
-44.36 -0.47 -5.11 -42.17 -1.02 -5.48 0.365 0x0000FF
-47.27 -0.28 -4.95 -44.36 -0.47 -5.11 0.275 0x0000FF
-48.73 -0.11 -4.58 -47.27 -0.28 -4.95 0.275 0x0000FF
-50.74 -0.11 -4.12 -48.73 -0.11 -4.58 0.275 0x0000FF
-53.48 -0.47 -3.29 -50.74 -0.11 -4.12 0.275 0x0000FF
-57.31 -0.65 -3.14 -53.48 -0.47 -3.29 0.275 0x0000FF
-60.78 -1.02 -2.29 -57.31 -0.65 -3.14 0.275 0x0000FF
-62.42 -1.56 -1.92 -60.78 -1.02 -2.29 0.275 0x0000FF
-66.06 -4.11 -1.62 -62.42 -1.56 -1.92 0.275 0x0000FF
-70.63 -6.66 -1.24 -66.06 -4.11 -1.62 0.275 0x0000FF
-74.09 -9.4 -0.86 -70.63 -6.66 -1.24 0.275 0x0000FF
-82.67 -15.05 -0.56 -74.09 -9.4 -0.86 0.275 0x0000FF
-87.78 -17.6 -0.18 -82.67 -15.05 -0.56 0.275 0x0000FF
-96.54 -21.97 0.12 -87.78 -17.6 -0.18 0.275 0x0000FF
-108.21 -32.9 0.95 -96.54 -21.97 0.12 0.275 0x0000FF
-110.95 -36.36 1.18 -108.21 -32.9 0.95 0.275 0x0000FF
-118.07 -40.54 1.48 -110.95 -36.36 1.18 0.275 0x0000FF
-125.0 -44.56 1.71 -118.07 -40.54 1.48 0.275 0x0000FF
-131.93 -50.39 2.17 -125.0 -44.56 1.71 0.275 0x0000FF
-135.22 -59.5 2.31 -131.93 -50.39 2.17 0.275 0x0000FF
-138.5 -67.34 2.54 -135.22 -59.5 2.31 0.275 0x0000FF
-140.87 -69.52 2.62 -138.5 -67.34 2.54 0.275 0x0000FF
-67.15 -1.53 -2.08 -62.42 -1.56 -1.92 0.275 0x0000FF
-73.17 -1.53 -1.7 -67.15 -1.53 -2.08 0.275 0x0000FF
-81.38 -1.35 -1.24 -73.17 -1.53 -1.7 0.275 0x0000FF
-87.58 -1.17 -0.94 -81.38 -1.35 -1.24 0.275 0x0000FF
-96.52 0.84 -0.26 -87.58 -1.17 -0.94 0.275 0x0000FF
-108.93 5.39 0.27 -96.52 0.84 -0.26 0.275 0x0000FF
-114.77 8.11 0.65 -108.93 5.39 0.27 0.275 0x0000FF
-116.59 9.76 0.88 -114.77 8.11 0.65 0.275 0x0000FF
-118.78 11.22 1.33 -116.59 9.76 0.88 0.275 0x0000FF
-121.16 13.77 2.24 -118.78 11.22 1.33 0.275 0x0000FF
-124.08 15.05 2.54 -121.16 13.77 2.24 0.275 0x0000FF
-128.44 17.42 3.0 -124.08 15.05 2.54 0.275 0x0000FF
-135.93 22.34 3.23 -128.44 17.42 3.0 0.275 0x0000FF
-137.58 23.43 3.53 -135.93 22.34 3.23 0.275 0x0000FF
-145.62 28.13 4.13 -137.58 23.43 3.53 0.275 0x0000FF
-147.63 30.32 4.67 -145.62 28.13 4.13 0.275 0x0000FF
-148.18 31.78 4.97 -147.63 30.32 4.67 0.275 0x0000FF
-148.72 32.5 6.03 -148.18 31.78 4.97 0.275 0x0000FF
-45.64 0.25 -5.41 -44.36 -0.47 -5.11 0.365 0x0000FF
-48.38 1.17 -5.41 -45.64 0.25 -5.41 0.365 0x0000FF
-49.84 2.08 -5.64 -48.38 1.17 -5.41 0.365 0x0000FF
-51.66 3.17 -5.94 -49.84 2.08 -5.64 0.365 0x0000FF
-52.94 3.9 -6.47 -51.66 3.17 -5.94 0.365 0x0000FF
-54.03 4.8 -6.85 -52.94 3.9 -6.47 0.365 0x0000FF
-54.94 5.9 -7.08 -54.03 4.8 -6.85 0.365 0x0000FF
-55.67 7.18 -6.7 -54.94 5.9 -7.08 0.365 0x0000FF
-56.04 7.91 -6.01 -55.67 7.18 -6.7 0.365 0x0000FF
-56.4 9.18 -5.48 -56.04 7.91 -6.01 0.275 0x0000FF
-56.59 10.28 -5.18 -56.4 9.18 -5.48 0.275 0x0000FF
-56.77 11.37 -4.65 -56.59 10.28 -5.18 0.275 0x0000FF
-56.4 12.64 -4.05 -56.77 11.37 -4.65 0.275 0x0000FF
-55.86 14.28 -3.36 -56.4 12.64 -4.05 0.275 0x0000FF
-55.49 15.01 -2.91 -55.86 14.28 -3.36 0.275 0x0000FF
-54.94 15.92 -2.08 -55.49 15.01 -2.91 0.275 0x0000FF
-54.21 16.82 -1.55 -54.94 15.92 -2.08 0.275 0x0000FF
-54.03 17.55 -0.71 -54.21 16.82 -1.55 0.275 0x0000FF
-53.67 17.93 -0.18 -54.03 17.55 -0.71 0.275 0x0000FF
-53.48 18.47 0.27 -53.67 17.93 -0.18 0.275 0x0000FF
-53.48 19.2 1.03 -53.48 18.47 0.27 0.275 0x0000FF
-53.48 19.75 2.7 -53.48 19.2 1.03 0.275 0x0000FF
-53.48 20.48 4.21 -53.48 19.75 2.7 0.275 0x0000FF
-53.67 21.03 4.88 -53.48 20.48 4.21 0.275 0x0000FF
-53.85 23.39 5.35 -53.67 21.03 4.88 0.275 0x0000FF
-53.48 24.49 5.88 -53.85 23.39 5.35 0.275 0x0000FF
-53.48 25.03 6.71 -53.48 24.49 5.88 0.275 0x0000FF
-53.85 25.76 7.7 -53.48 25.03 6.71 0.275 0x0000FF
-54.03 26.31 8.44 -53.85 25.76 7.7 0.275 0x0000FF
-54.58 27.22 9.36 -54.03 26.31 8.44 0.275 0x0000FF
-54.76 27.4 10.57 -54.58 27.22 9.36 0.275 0x0000FF
-54.58 28.13 10.88 -54.76 27.4 10.57 0.275 0x0000FF
-54.21 28.68 11.79 -54.58 28.13 10.88 0.275 0x0000FF
-53.67 29.59 12.01 -54.21 28.68 11.79 0.275 0x0000FF
-53.3 29.95 12.62 -53.67 29.59 12.01 0.275 0x0000FF
-52.94 31.05 13.0 -53.3 29.95 12.62 0.275 0x0000FF
-52.94 31.78 13.98 -52.94 31.05 13.0 0.275 0x0000FF
-52.76 32.5 14.82 -52.94 31.78 13.98 0.275 0x0000FF
-52.57 33.04 15.27 -52.76 32.5 14.82 0.275 0x0000FF
-53.48 35.78 17.85 -52.57 33.04 15.27 0.275 0x0000FF
-54.21 36.51 18.14 -53.48 35.78 17.85 0.275 0x0000FF
-12.43 -8.49 -5.86 -12.06 -8.49 -4.95 1.095 0x0000FF
-12.43 -8.49 -6.47 -12.43 -8.49 -5.86 1.095 0x0000FF
-12.43 -8.49 -7.08 -12.43 -8.49 -6.47 1.095 0x0000FF
-12.62 -8.67 -7.98 -12.43 -8.49 -7.08 1.095 0x0000FF
-13.35 -9.58 -9.03 -12.62 -8.67 -7.98 1.095 0x0000FF
-13.71 -10.13 -9.94 -13.35 -9.58 -9.03 1.095 0x0000FF
-13.89 -10.31 -10.56 -13.71 -10.13 -9.94 1.095 0x0000FF
-14.08 -10.86 -11.39 -13.89 -10.31 -10.56 1.095 0x0000FF
-15.35 -11.04 -11.62 -14.08 -10.86 -11.39 0.91 0x0000FF
-16.8 -11.41 -11.77 -15.35 -11.04 -11.62 0.82 0x0000FF
-16.98 -11.41 -12.23 -16.8 -11.41 -11.77 0.82 0x0000FF
-17.36 -11.95 -12.6 -16.98 -11.41 -12.23 0.82 0x0000FF
-17.91 -11.95 -12.6 -17.36 -11.95 -12.6 0.82 0x0000FF
-17.91 -11.95 -13.06 -17.91 -11.95 -12.6 0.82 0x0000FF
-18.64 -12.32 -13.06 -17.91 -11.95 -13.06 0.82 0x0000FF
-19.55 -12.68 -13.36 -18.64 -12.32 -13.06 0.82 0x0000FF
-21.01 -12.68 -13.36 -19.55 -12.68 -13.36 0.545 0x0000FF
-24.29 -12.68 -13.82 -21.01 -12.68 -13.36 0.545 0x0000FF
-26.85 -11.95 -14.04 -24.29 -12.68 -13.82 0.545 0x0000FF
-28.12 -11.77 -13.29 -26.85 -11.95 -14.04 0.545 0x0000FF
-29.4 -11.41 -12.6 -28.12 -11.77 -13.29 0.545 0x0000FF
-31.23 -10.86 -11.7 -29.4 -11.41 -12.6 0.545 0x0000FF
-33.6 -10.31 -10.71 -31.23 -10.86 -11.7 0.545 0x0000FF
-36.52 -9.94 -10.02 -33.6 -10.31 -10.71 0.455 0x0000FF
-38.71 -9.58 -9.57 -36.52 -9.94 -10.02 0.455 0x0000FF
-40.35 -9.22 -9.11 -38.71 -9.58 -9.57 0.455 0x0000FF
-43.09 -8.13 -8.21 -40.35 -9.22 -9.11 0.455 0x0000FF
-46.0 -7.03 -7.45 -43.09 -8.13 -8.21 0.455 0x0000FF
-48.01 -6.49 -7.08 -46.0 -7.03 -7.45 0.455 0x0000FF
-51.84 -6.12 -6.54 -48.01 -6.49 -7.08 0.455 0x0000FF
-56.4 -5.39 -6.01 -51.84 -6.12 -6.54 0.455 0x0000FF
-60.97 -4.12 -5.64 -56.4 -5.39 -6.01 0.455 0x0000FF
-63.52 -3.02 -5.41 -60.97 -4.12 -5.64 0.365 0x0000FF
-67.9 -0.11 -4.8 -63.52 -3.02 -5.41 0.365 0x0000FF
-71.18 1.89 -4.26 -67.9 -0.11 -4.8 0.365 0x0000FF
-74.83 3.72 -3.67 -71.18 1.89 -4.26 0.365 0x0000FF
-77.93 6.09 -3.29 -74.83 3.72 -3.67 0.365 0x0000FF
-82.31 7.73 -2.98 -77.93 6.09 -3.29 0.365 0x0000FF
-85.96 10.28 -2.23 -82.31 7.73 -2.98 0.365 0x0000FF
-89.43 12.64 -1.77 -85.96 10.28 -2.23 0.365 0x0000FF
-94.54 15.2 -1.39 -89.43 12.64 -1.77 0.365 0x0000FF
-97.82 17.55 -1.09 -94.54 15.2 -1.39 0.365 0x0000FF
-103.48 21.21 -0.64 -97.82 17.55 -1.09 0.365 0x0000FF
-110.05 26.13 -0.26 -103.48 21.21 -0.64 0.365 0x0000FF
-113.33 29.04 0.42 -110.05 26.13 -0.26 0.365 0x0000FF
-118.44 33.22 0.5 -113.33 29.04 0.42 0.365 0x0000FF
-120.63 35.04 -0.71 -118.44 33.22 0.5 0.365 0x0000FF
-124.46 37.61 -1.17 -120.63 35.04 -0.71 0.365 0x0000FF
-127.56 39.97 -1.55 -124.46 37.61 -1.17 0.365 0x0000FF
-130.3 41.98 -1.85 -127.56 39.97 -1.55 0.365 0x0000FF
-133.58 43.98 -2.15 -130.3 41.98 -1.85 0.365 0x0000FF
-138.33 45.26 -2.45 -133.58 43.98 -2.15 0.365 0x0000FF
-141.24 49.08 -2.61 -138.33 45.26 -2.45 0.365 0x0000FF
-145.44 52.0 -2.61 -141.24 49.08 -2.61 0.365 0x0000FF
-150.55 54.91 -2.83 -145.44 52.0 -2.61 0.365 0x0000FF
-155.47 55.83 -3.21 -150.55 54.91 -2.83 0.365 0x0000FF
-161.13 57.28 -3.29 -155.47 55.83 -3.21 0.365 0x0000FF
-165.88 61.66 -3.51 -161.13 57.28 -3.29 0.365 0x0000FF
-168.25 65.84 -3.74 -165.88 61.66 -3.51 0.365 0x0000FF
-170.62 69.67 -3.89 -168.25 65.84 -3.74 0.365 0x0000FF
-172.81 70.77 -3.82 -170.62 69.67 -3.89 0.365 0x0000FF
-174.45 73.31 -3.74 -172.81 70.77 -3.82 0.365 0x0000FF
-174.63 76.59 -3.74 -174.45 73.31 -3.74 0.365 0x0000FF
-177.92 80.79 -3.82 -174.63 76.59 -3.74 0.365 0x0000FF
-177.74 83.7 -3.89 -177.92 80.79 -3.82 0.365 0x0000FF
-180.29 89.9 -4.12 -177.74 83.7 -3.89 0.275 0x0000FF
-180.84 90.99 -4.34 -180.29 89.9 -4.12 0.275 0x0000FF
-181.02 91.54 -4.58 -180.84 90.99 -4.34 0.275 0x0000FF
-181.2 93.18 -5.48 -181.02 91.54 -4.58 0.275 0x0000FF
-182.3 94.82 -6.32 -181.2 93.18 -5.48 0.275 0x0000FF
-183.57 96.46 -7.38 -182.3 94.82 -6.32 0.275 0x0000FF
-184.12 97.37 -8.28 -183.57 96.46 -7.38 0.275 0x0000FF
-184.3 97.91 -9.65 -184.12 97.37 -8.28 0.275 0x0000FF
-184.49 98.46 -11.24 -184.3 97.91 -9.65 0.275 0x0000FF
-184.85 102.1 -11.47 -184.49 98.46 -11.24 0.275 0x0000FF
-186.86 107.75 -11.47 -184.85 102.1 -11.47 0.275 0x0000FF
-19.18 -12.86 -13.21 -19.55 -12.68 -13.36 0.91 0x0000FF
-19.0 -12.86 -12.98 -19.18 -12.86 -13.21 0.91 0x0000FF
-19.18 -13.41 -13.97 -19.0 -12.86 -12.98 0.91 0x0000FF
-19.37 -13.77 -14.35 -19.18 -13.41 -13.97 0.91 0x0000FF
-19.73 -13.96 -15.03 -19.37 -13.77 -14.35 0.91 0x0000FF
-19.73 -13.96 -15.26 -19.73 -13.96 -15.03 0.91 0x0000FF
-20.1 -14.5 -16.39 -19.73 -13.96 -15.26 0.91 0x0000FF
-21.01 -14.87 -17.53 -20.1 -14.5 -16.39 0.82 0x0000FF
-21.56 -15.41 -17.82 -21.01 -14.87 -17.53 0.82 0x0000FF
-22.29 -16.14 -18.36 -21.56 -15.41 -17.82 0.82 0x0000FF
-22.65 -16.51 -18.73 -22.29 -16.14 -18.36 0.82 0x0000FF
-23.75 -16.87 -19.8 -22.65 -16.51 -18.73 0.64 0x0000FF
-25.93 -16.87 -19.88 -23.75 -16.87 -19.8 0.64 0x0000FF
-27.76 -17.78 -20.41 -25.93 -16.87 -19.88 0.545 0x0000FF
-29.22 -18.14 -20.94 -27.76 -17.78 -20.41 0.545 0x0000FF
-30.31 -18.51 -21.77 -29.22 -18.14 -20.94 0.545 0x0000FF
-31.04 -18.51 -22.68 -30.31 -18.51 -21.77 0.545 0x0000FF
-32.86 -19.79 -23.44 -31.04 -18.51 -22.68 0.545 0x0000FF
-33.78 -20.14 -24.19 -32.86 -19.79 -23.44 0.545 0x0000FF
-33.96 -21.06 -25.94 -33.78 -20.14 -24.19 0.545 0x0000FF
-34.51 -21.24 -27.22 -33.96 -21.06 -25.94 0.545 0x0000FF
-35.24 -21.79 -30.03 -34.51 -21.24 -27.22 0.545 0x0000FF
-36.88 -22.52 -30.94 -35.24 -21.79 -30.03 0.545 0x0000FF
-39.07 -23.25 -32.15 -36.88 -22.52 -30.94 0.545 0x0000FF
-40.71 -24.16 -32.53 -39.07 -23.25 -32.15 0.455 0x0000FF
-43.63 -25.44 -33.89 -40.71 -24.16 -32.53 0.365 0x0000FF
-22.65 -17.23 -18.05 -22.65 -16.51 -18.73 0.365 0x0000FF
-23.75 -17.78 -18.73 -22.65 -17.23 -18.05 0.365 0x0000FF
-24.11 -18.14 -19.64 -23.75 -17.78 -18.73 0.365 0x0000FF
-23.93 -18.88 -26.32 -24.11 -18.14 -19.64 0.365 0x0000FF
-24.29 -19.23 -26.62 -23.93 -18.88 -26.32 0.365 0x0000FF
-23.93 -19.6 -27.0 -24.29 -19.23 -26.62 0.365 0x0000FF
-23.56 -20.14 -27.68 -23.93 -19.6 -27.0 0.365 0x0000FF
-23.38 -20.52 -28.44 -23.56 -20.14 -27.68 0.365 0x0000FF
-23.2 -21.24 -29.04 -23.38 -20.52 -28.44 0.365 0x0000FF
-23.02 -21.43 -30.1 -23.2 -21.24 -29.04 0.365 0x0000FF
-23.02 -21.79 -31.01 -23.02 -21.43 -30.1 0.365 0x0000FF
-23.2 -22.16 -31.92 -23.02 -21.79 -31.01 0.365 0x0000FF
-23.38 -22.52 -32.6 -23.2 -22.16 -31.92 0.365 0x0000FF
-23.38 -22.88 -34.11 -23.38 -22.52 -32.6 0.365 0x0000FF
-23.56 -23.43 -35.78 -23.38 -22.88 -34.11 0.365 0x0000FF
-23.56 -23.8 -36.31 -23.56 -23.43 -35.78 0.365 0x0000FF
-24.66 -25.8 -38.36 -23.56 -23.8 -36.31 0.275 0x0000FF
-26.12 -26.35 -38.21 -24.66 -25.8 -38.36 0.275 0x0000FF
-27.39 -26.89 -37.68 -26.12 -26.35 -38.21 0.275 0x0000FF
-28.12 -27.26 -37.22 -27.39 -26.89 -37.68 0.275 0x0000FF
-29.4 -27.99 -36.69 -28.12 -27.26 -37.22 0.275 0x0000FF
-30.5 -28.71 -36.47 -29.4 -27.99 -36.69 0.275 0x0000FF
-31.23 -29.63 -36.09 -30.5 -28.71 -36.47 0.275 0x0000FF
-32.32 -31.08 -35.71 -31.23 -29.63 -36.09 0.275 0x0000FF
-33.22 -33.27 -35.4 -32.32 -31.08 -35.71 0.275 0x0000FF
-33.96 -37.28 -34.88 -33.22 -33.27 -35.4 0.275 0x0000FF
-34.14 -38.01 -34.27 -33.96 -37.28 -34.88 0.275 0x0000FF
-34.33 -40.38 -33.97 -34.14 -38.01 -34.27 0.275 0x0000FF
-34.51 -42.02 -33.59 -34.33 -40.38 -33.97 0.275 0x0000FF
-34.69 -43.47 -33.21 -34.51 -42.02 -33.59 0.275 0x0000FF
-36.15 -44.57 -32.97 -34.69 -43.47 -33.21 0.275 0x0000FF
-38.52 -45.84 -31.85 -36.15 -44.57 -32.97 0.275 0x0000FF
-40.35 -47.66 -31.62 -38.52 -45.84 -31.85 0.275 0x0000FF
-40.71 -50.21 -31.39 -40.35 -47.66 -31.62 0.275 0x0000FF
-41.63 -53.13 -30.94 -40.71 -50.21 -31.39 0.275 0x0000FF
-42.54 -56.23 -30.71 -41.63 -53.13 -30.94 0.275 0x0000FF
-43.27 -58.78 -30.41 -42.54 -56.23 -30.71 0.275 0x0000FF
-45.09 -60.96 -29.8 -43.27 -58.78 -30.41 0.275 0x0000FF
-46.55 -61.88 -29.72 -45.09 -60.96 -29.8 0.275 0x0000FF
-14.26 -12.32 -10.64 -14.08 -10.86 -11.39 0.73 0x0000FF
-14.26 -12.68 -10.79 -14.26 -12.32 -10.64 0.73 0x0000FF
-14.26 -13.23 -11.39 -14.26 -12.68 -10.79 0.73 0x0000FF
-14.26 -13.59 -11.62 -14.26 -13.23 -11.39 0.73 0x0000FF
-14.08 -14.32 -12.0 -14.26 -13.59 -11.62 0.73 0x0000FF
-13.89 -15.05 -12.68 -14.08 -14.32 -12.0 0.73 0x0000FF
-13.89 -15.6 -12.83 -13.89 -15.05 -12.68 0.73 0x0000FF
-13.53 -16.14 -13.21 -13.89 -15.6 -12.83 0.73 0x0000FF
-13.53 -16.51 -13.74 -13.53 -16.14 -13.21 0.73 0x0000FF
-14.08 -17.05 -15.41 -13.53 -16.51 -13.74 0.73 0x0000FF
-14.08 -17.42 -16.39 -14.08 -17.05 -15.41 0.73 0x0000FF
-14.26 -18.14 -17.38 -14.08 -17.42 -16.39 0.64 0x0000FF
-14.62 -18.69 -18.13 -14.26 -18.14 -17.38 0.64 0x0000FF
-14.62 -19.05 -20.56 -14.62 -18.69 -18.13 0.64 0x0000FF
-14.8 -19.6 -21.85 -14.62 -19.05 -20.56 0.64 0x0000FF
-14.99 -19.97 -23.82 -14.8 -19.6 -21.85 0.64 0x0000FF
-15.35 -20.52 -24.57 -14.99 -19.97 -23.82 0.64 0x0000FF
-15.35 -21.06 -25.41 -15.35 -20.52 -24.57 0.64 0x0000FF
-15.35 -23.07 -27.45 -15.35 -21.06 -25.41 0.64 0x0000FF
-15.9 -23.61 -28.36 -15.35 -23.07 -27.45 0.64 0x0000FF
-16.63 -24.34 -29.35 -15.9 -23.61 -28.36 0.64 0x0000FF
-16.63 -24.71 -30.25 -16.63 -24.34 -29.35 0.64 0x0000FF
-16.63 -25.62 -31.01 -16.63 -24.71 -30.25 0.64 0x0000FF
-16.45 -26.35 -32.22 -16.63 -25.62 -31.01 0.64 0x0000FF
-14.8 -27.8 -33.44 -16.45 -26.35 -32.22 0.64 0x0000FF
-14.26 -30.54 -34.65 -14.8 -27.8 -33.44 0.455 0x0000FF
-13.71 -32.54 -34.95 -14.26 -30.54 -34.65 0.455 0x0000FF
-13.71 -35.64 -35.4 -13.71 -32.54 -34.95 0.455 0x0000FF
-13.89 -40.01 -35.56 -13.71 -35.64 -35.4 0.455 0x0000FF
-14.44 -43.84 -35.56 -13.89 -40.01 -35.56 0.365 0x0000FF
-14.26 -45.3 -35.63 -14.44 -43.84 -35.56 0.365 0x0000FF
-13.89 -46.57 -34.88 -14.26 -45.3 -35.63 0.365 0x0000FF
-13.35 -47.66 -33.81 -13.89 -46.57 -34.88 0.365 0x0000FF
-12.8 -49.12 -32.9 -13.35 -47.66 -33.81 0.365 0x0000FF
-12.25 -50.03 -30.78 -12.8 -49.12 -32.9 0.365 0x0000FF
-12.25 -50.76 -30.56 -12.25 -50.03 -30.78 0.365 0x0000FF
-12.25 -52.04 -29.95 -12.25 -50.76 -30.56 0.365 0x0000FF
-12.43 -52.58 -29.5 -12.25 -52.04 -29.95 0.365 0x0000FF
-10.79 -54.95 -27.91 -12.43 -52.58 -29.5 0.365 0x0000FF
-10.61 -56.96 -27.91 -10.79 -54.95 -27.91 0.365 0x0000FF
-11.52 -62.42 -27.75 -10.61 -56.96 -27.91 0.365 0x0000FF
-13.16 -65.88 -27.15 -11.52 -62.42 -27.75 0.365 0x0000FF
-14.8 -68.25 -27.07 -13.16 -65.88 -27.15 0.365 0x0000FF
-15.86 -68.9 -26.16 -14.8 -68.25 -27.07 0.365 0x0000FF
-16.22 -69.81 -26.77 -15.86 -68.9 -26.16 0.365 0x0000FF
-16.04 -72.73 -27.45 -16.22 -69.81 -26.77 0.275 0x0000FF
-13.85 -27.73 -33.81 -14.8 -27.8 -33.44 0.365 0x0000FF
-13.3 -28.09 -33.81 -13.85 -27.73 -33.81 0.365 0x0000FF
-12.57 -28.64 -33.51 -13.3 -28.09 -33.81 0.365 0x0000FF
-11.66 -29.0 -33.21 -12.57 -28.64 -33.51 0.365 0x0000FF
-10.93 -29.55 -33.06 -11.66 -29.0 -33.21 0.365 0x0000FF
-10.75 -29.91 -33.59 -10.93 -29.55 -33.06 0.365 0x0000FF
-10.19 -30.64 -34.42 -10.75 -29.91 -33.59 0.365 0x0000FF
-10.02 -31.01 -35.33 -10.19 -30.64 -34.42 0.365 0x0000FF
-10.02 -31.55 -36.39 -10.02 -31.01 -35.33 0.365 0x0000FF
-9.65 -32.28 -37.68 -10.02 -31.55 -36.39 0.365 0x0000FF
-9.65 -32.83 -38.89 -9.65 -32.28 -37.68 0.365 0x0000FF
-9.65 -33.36 -39.79 -9.65 -32.83 -38.89 0.365 0x0000FF
-9.47 -34.65 -41.54 -9.65 -33.36 -39.79 0.365 0x0000FF
-8.74 -35.93 -41.77 -9.47 -34.65 -41.54 0.365 0x0000FF
-7.46 -36.84 -42.07 -8.74 -35.93 -41.77 0.365 0x0000FF
-0.89 -10.96 16.18 3.81 -18.82 -0.69 0.73 0x0000FF
-1.62 -9.69 17.01 -0.89 -10.96 16.18 0.73 0x0000FF
-1.99 -8.41 17.7 -1.62 -9.69 17.01 0.73 0x0000FF
-2.54 -7.14 18.6 -1.99 -8.41 17.7 0.73 0x0000FF
-2.54 -6.23 19.21 -2.54 -7.14 18.6 0.73 0x0000FF
-2.9 -4.76 20.88 -2.54 -6.23 19.21 0.73 0x0000FF
-3.08 -3.31 21.71 -2.9 -4.76 20.88 0.73 0x0000FF
-3.45 -2.58 22.47 -3.08 -3.31 21.71 0.73 0x0000FF
-3.81 -1.31 23.45 -3.45 -2.58 22.47 0.73 0x0000FF
-3.81 -0.03 24.29 -3.81 -1.31 23.45 0.73 0x0000FF
-3.81 1.24 24.97 -3.81 -0.03 24.29 0.73 0x0000FF
-3.81 2.15 26.1 -3.81 1.24 24.97 0.73 0x0000FF
-3.81 3.07 26.71 -3.81 2.15 26.1 0.73 0x0000FF
-4.0 4.34 28.0 -3.81 3.07 26.71 0.73 0x0000FF
-4.54 5.43 28.68 -4.0 4.34 28.0 0.73 0x0000FF
-6.19 7.26 29.97 -4.54 5.43 28.68 0.545 0x0000FF
-7.65 8.52 30.04 -6.19 7.26 29.97 0.545 0x0000FF
-11.29 10.9 30.5 -7.65 8.52 30.04 0.545 0x0000FF
-12.57 12.54 31.63 -11.29 10.9 30.5 0.545 0x0000FF
-12.94 13.63 31.86 -12.57 12.54 31.63 0.545 0x0000FF
-14.94 15.64 32.39 -12.94 13.63 31.86 0.545 0x0000FF
-16.95 17.28 33.07 -14.94 15.64 32.39 0.545 0x0000FF
-19.5 19.82 34.13 -16.95 17.28 33.07 0.545 0x0000FF
-22.24 20.37 34.97 -19.5 19.82 34.13 0.545 0x0000FF
-24.07 20.92 35.27 -22.24 20.37 34.97 0.545 0x0000FF
-28.0 21.49 37.84 -24.07 20.92 35.27 0.545 0x0000FF
-29.09 22.04 38.53 -28.0 21.49 37.84 0.545 0x0000FF
-31.83 23.68 39.13 -29.09 22.04 38.53 0.455 0x0000FF
-33.11 24.59 39.74 -31.83 23.68 39.13 0.455 0x0000FF
-35.11 26.77 39.97 -33.11 24.59 39.74 0.455 0x0000FF
-36.94 28.96 40.65 -35.11 26.77 39.97 0.455 0x0000FF
-39.49 31.15 41.33 -36.94 28.96 40.65 0.365 0x0000FF
-41.32 33.15 42.09 -39.49 31.15 41.33 0.365 0x0000FF
-42.41 33.88 43.3 -41.32 33.15 42.09 0.365 0x0000FF
-44.97 34.79 43.98 -42.41 33.88 43.3 0.275 0x0000FF
11.59 -19.14 5.04 3.81 -18.82 -0.69 1.005 0x0000FF
13.78 -18.59 4.82 11.59 -19.14 5.04 1.005 0x0000FF
17.43 -18.41 4.74 13.78 -18.59 4.82 1.005 0x0000FF
19.44 -18.59 4.51 17.43 -18.41 4.74 1.005 0x0000FF
21.81 -18.59 4.44 19.44 -18.59 4.51 1.005 0x0000FF
24.18 -16.41 3.98 21.81 -18.59 4.44 0.82 0x0000FF
25.82 -14.4 3.76 24.18 -16.41 3.98 0.73 0x0000FF
26.37 -13.49 3.61 25.82 -14.4 3.76 0.73 0x0000FF
26.92 -12.76 3.3 26.37 -13.49 3.61 0.73 0x0000FF
27.47 -11.67 2.62 26.92 -12.76 3.3 0.73 0x0000FF
29.29 -9.67 2.39 27.47 -11.67 2.62 0.73 0x0000FF
29.47 -7.48 2.31 29.29 -9.67 2.39 0.64 0x0000FF
29.84 -6.2 2.17 29.47 -7.48 2.31 0.64 0x0000FF
30.2 -4.38 1.64 29.84 -6.2 2.17 0.545 0x0000FF
30.75 -3.65 1.18 30.2 -4.38 1.64 0.545 0x0000FF
31.12 -2.92 0.8 30.75 -3.65 1.18 0.545 0x0000FF
31.66 -2.2 -0.71 31.12 -2.92 0.8 0.545 0x0000FF
32.03 -1.65 -1.77 31.66 -2.2 -0.71 0.545 0x0000FF
32.76 -0.92 -2.83 32.03 -1.65 -1.77 0.545 0x0000FF
33.29 -0.56 -4.05 32.76 -0.92 -2.83 0.545 0x0000FF
33.67 -0.19 -5.18 33.29 -0.56 -4.05 0.545 0x0000FF
34.03 -0.01 -6.17 33.67 -0.19 -5.18 0.545 0x0000FF
34.4 0.17 -7.0 34.03 -0.01 -6.17 0.545 0x0000FF
34.76 0.54 -8.28 34.4 0.17 -7.0 0.545 0x0000FF
35.68 0.72 -8.74 34.76 0.54 -8.28 0.545 0x0000FF
36.04 0.9 -9.65 35.68 0.72 -8.74 0.545 0x0000FF
36.95 1.27 -11.62 36.04 0.9 -9.65 0.545 0x0000FF
37.5 1.45 -15.1 36.95 1.27 -11.62 0.545 0x0000FF
38.4 1.63 -16.47 37.5 1.45 -15.1 0.545 0x0000FF
39.51 1.81 -18.13 38.4 1.63 -16.47 0.545 0x0000FF
40.42 1.81 -19.35 39.51 1.81 -18.13 0.545 0x0000FF
41.52 1.81 -19.95 40.42 1.81 -19.35 0.545 0x0000FF
44.07 1.99 -20.71 41.52 1.81 -19.95 0.455 0x0000FF
44.8 2.18 -21.39 44.07 1.99 -20.71 0.455 0x0000FF
45.35 2.54 -22.45 44.8 2.18 -21.39 0.455 0x0000FF
48.27 2.18 -24.35 45.35 2.54 -22.45 0.455 0x0000FF
51.73 2.36 -24.95 48.27 2.18 -24.35 0.455 0x0000FF
53.92 3.09 -26.24 51.73 2.36 -24.95 0.455 0x0000FF
55.75 3.82 -26.69 53.92 3.09 -26.24 0.455 0x0000FF
57.57 5.27 -27.68 55.75 3.82 -26.69 0.455 0x0000FF
59.4 8.74 -28.51 57.57 5.27 -27.68 0.455 0x0000FF
61.04 11.83 -28.74 59.4 8.74 -28.51 0.455 0x0000FF
63.41 13.11 -28.97 61.04 11.83 -28.74 0.365 0x0000FF
64.69 14.02 -29.12 63.41 13.11 -28.97 0.365 0x0000FF
65.23 16.39 -29.42 64.69 14.02 -29.12 0.365 0x0000FF
63.77 19.3 -30.18 65.23 16.39 -29.42 0.365 0x0000FF
30.75 -9.67 4.13 29.29 -9.67 2.39 0.64 0x0000FF
31.3 -8.76 5.04 30.75 -9.67 4.13 0.64 0x0000FF
32.03 -7.84 3.98 31.3 -8.76 5.04 0.64 0x0000FF
32.58 -7.48 3.45 32.03 -7.84 3.98 0.64 0x0000FF
33.29 -7.12 2.7 32.58 -7.48 3.45 0.64 0x0000FF
34.22 -6.93 2.0 33.29 -7.12 2.7 0.64 0x0000FF
34.95 -6.75 1.26 34.22 -6.93 2.0 0.64 0x0000FF
36.22 -6.39 0.57 34.95 -6.75 1.26 0.64 0x0000FF
36.59 -6.39 -0.64 36.22 -6.39 0.57 0.64 0x0000FF
38.04 -6.39 -1.55 36.59 -6.39 -0.64 0.64 0x0000FF
39.69 -6.39 -3.14 38.04 -6.39 -1.55 0.64 0x0000FF
41.52 -6.57 -4.73 39.69 -6.39 -3.14 0.64 0x0000FF
43.16 -6.57 -5.56 41.52 -6.57 -4.73 0.64 0x0000FF
44.98 -6.57 -6.47 43.16 -6.57 -5.56 0.64 0x0000FF
45.71 -6.39 -7.68 44.98 -6.57 -6.47 0.64 0x0000FF
47.54 -6.2 -8.36 45.71 -6.39 -7.68 0.64 0x0000FF
48.08 -6.2 -9.57 47.54 -6.2 -8.36 0.64 0x0000FF
49.18 -5.84 -10.64 48.08 -6.2 -9.57 0.64 0x0000FF
50.64 -5.11 -11.47 49.18 -5.84 -10.64 0.64 0x0000FF
51.55 -4.55 -12.76 50.64 -5.11 -11.47 0.64 0x0000FF
53.74 -3.65 -14.5 51.55 -4.55 -12.76 0.545 0x0000FF
54.47 -2.74 -15.1 53.74 -3.65 -14.5 0.545 0x0000FF
54.83 -1.83 -16.23 54.47 -2.74 -15.1 0.545 0x0000FF
55.02 -0.74 -17.3 54.83 -1.83 -16.23 0.545 0x0000FF
55.38 1.08 -18.51 55.02 -0.74 -17.3 0.545 0x0000FF
55.38 2.18 -18.82 55.38 1.08 -18.51 0.545 0x0000FF
55.38 3.45 -19.27 55.38 2.18 -18.82 0.455 0x0000FF
55.93 5.09 -19.64 55.38 3.45 -19.27 0.365 0x0000FF
52.83 -4.55 -13.67 51.55 -4.55 -12.76 0.365 0x0000FF
53.37 -4.55 -14.27 52.83 -4.55 -13.67 0.365 0x0000FF
54.29 -4.55 -14.8 53.37 -4.55 -14.27 0.365 0x0000FF
55.02 -4.38 -15.71 54.29 -4.55 -14.8 0.365 0x0000FF
55.93 -4.93 -16.92 55.02 -4.38 -15.71 0.365 0x0000FF
56.84 -5.66 -17.68 55.93 -4.93 -16.92 0.365 0x0000FF
57.57 -6.39 -18.36 56.84 -5.66 -17.68 0.365 0x0000FF
58.12 -6.57 -19.73 57.57 -6.39 -18.36 0.365 0x0000FF
59.21 -6.57 -20.63 58.12 -6.57 -19.73 0.365 0x0000FF
60.67 -6.57 -21.69 59.21 -6.57 -20.63 0.365 0x0000FF
62.86 -6.02 -22.38 60.67 -6.57 -21.69 0.365 0x0000FF
64.5 -5.29 -22.83 62.86 -6.02 -22.38 0.365 0x0000FF
65.42 -5.11 -23.36 64.5 -5.29 -22.83 0.365 0x0000FF
66.33 -4.93 -24.72 65.42 -5.11 -23.36 0.365 0x0000FF
68.7 -5.29 -24.72 66.33 -4.93 -24.72 0.275 0x0000FF
24.73 -18.59 6.56 21.81 -18.59 4.44 0.64 0x0000FF
26.19 -19.14 6.64 24.73 -18.59 6.56 0.64 0x0000FF
26.74 -19.87 7.17 26.19 -19.14 6.64 0.64 0x0000FF
27.47 -20.42 7.54 26.74 -19.87 7.17 0.64 0x0000FF
28.2 -20.78 8.23 27.47 -20.42 7.54 0.64 0x0000FF
28.74 -21.14 8.98 28.2 -20.78 8.23 0.64 0x0000FF
31.12 -21.87 5.04 28.74 -21.14 8.98 0.545 0x0000FF
31.66 -22.24 5.65 31.12 -21.87 5.04 0.545 0x0000FF
32.03 -22.42 5.88 31.66 -22.24 5.65 0.545 0x0000FF
32.21 -22.6 6.33 32.03 -22.42 5.88 0.455 0x0000FF
32.76 -22.97 8.38 32.21 -22.6 6.33 0.455 0x0000FF
35.13 -24.79 3.91 32.76 -22.97 8.38 0.455 0x0000FF
35.49 -24.97 2.85 35.13 -24.79 3.91 0.455 0x0000FF
36.04 -24.97 0.8 35.49 -24.97 2.85 0.455 0x0000FF
37.5 -25.34 -1.09 36.04 -24.97 0.8 0.455 0x0000FF
38.4 -25.52 -2.76 37.5 -25.34 -1.09 0.455 0x0000FF
39.51 -25.7 -3.97 38.4 -25.52 -2.76 0.455 0x0000FF
43.16 -26.79 -4.26 39.51 -25.7 -3.97 0.455 0x0000FF
45.89 -28.61 -4.42 43.16 -26.79 -4.26 0.365 0x0000FF
47.35 -30.25 -4.42 45.89 -28.61 -4.42 0.275 0x0000FF
8.31 -16.23 16.63 3.81 -18.82 -0.69 0.82 0x0000FF
8.49 -14.59 16.94 8.31 -16.23 16.63 0.82 0x0000FF
10.86 -13.13 17.01 8.49 -14.59 16.94 0.82 0x0000FF
12.51 -12.4 17.32 10.86 -13.13 17.01 0.82 0x0000FF
13.24 -12.22 17.54 12.51 -12.4 17.32 0.82 0x0000FF
13.96 -11.67 17.92 13.24 -12.22 17.54 0.82 0x0000FF
14.69 -11.31 18.23 13.96 -11.67 17.92 0.82 0x0000FF
16.34 -10.02 19.89 14.69 -11.31 18.23 0.82 0x0000FF
17.25 -8.21 20.5 16.34 -10.02 19.89 0.82 0x0000FF
17.25 -6.93 20.88 17.25 -8.21 20.5 0.82 0x0000FF
17.25 -5.29 21.1 17.25 -6.93 20.88 0.73 0x0000FF
16.88 -4.2 21.79 17.25 -5.29 21.1 0.73 0x0000FF
16.34 -2.74 22.32 16.88 -4.2 21.79 0.73 0x0000FF
15.24 -1.83 22.92 16.34 -2.74 22.32 0.73 0x0000FF
13.78 0.35 23.83 15.24 -1.83 22.92 0.64 0x0000FF
12.87 1.45 24.44 13.78 0.35 23.83 0.64 0x0000FF
12.32 2.18 25.35 12.87 1.45 24.44 0.64 0x0000FF
11.78 2.72 25.88 12.32 2.18 25.35 0.64 0x0000FF
11.05 3.45 26.63 11.78 2.72 25.88 0.64 0x0000FF
9.94 4.91 27.54 11.05 3.45 26.63 0.64 0x0000FF
9.4 6.73 28.07 9.94 4.91 27.54 0.64 0x0000FF
9.4 7.46 28.75 9.4 6.73 28.07 0.64 0x0000FF
8.49 8.55 29.36 9.4 7.46 28.75 0.64 0x0000FF
8.31 9.27 29.89 8.49 8.55 29.36 0.64 0x0000FF
8.31 10.01 30.42 8.31 9.27 29.89 0.64 0x0000FF
7.94 11.83 31.33 8.31 10.01 30.42 0.64 0x0000FF
7.58 13.66 31.41 7.94 11.83 31.33 0.64 0x0000FF
7.4 15.3 32.09 7.58 13.66 31.41 0.64 0x0000FF
7.58 18.39 32.47 7.4 15.3 32.09 0.64 0x0000FF
6.85 21.49 33.0 7.58 18.39 32.47 0.64 0x0000FF
5.39 24.04 33.38 6.85 21.49 33.0 0.64 0x0000FF
3.93 25.5 33.29 5.39 24.04 33.38 0.545 0x0000FF
2.11 28.23 32.31 3.93 25.5 33.29 0.545 0x0000FF
0.1 30.6 31.18 2.11 28.23 32.31 0.545 0x0000FF
-0.63 32.24 30.88 0.1 30.6 31.18 0.545 0x0000FF
-2.64 38.07 30.5 -0.63 32.24 30.88 0.545 0x0000FF
-3.0 44.63 29.82 -2.64 38.07 30.5 0.545 0x0000FF
-2.46 53.56 29.59 -3.0 44.63 29.82 0.455 0x0000FF
-2.27 57.75 29.21 -2.46 53.56 29.59 0.455 0x0000FF
-1.54 63.4 28.75 -2.27 57.75 29.21 0.455 0x0000FF
-1.54 70.5 27.85 -1.54 63.4 28.75 0.455 0x0000FF
-1.0 73.23 27.09 -1.54 70.5 27.85 0.455 0x0000FF
-0.63 75.59 26.33 -1.0 73.23 27.09 0.455 0x0000FF
1.01 78.88 25.35 -0.63 75.59 26.33 0.455 0x0000FF
3.02 81.8 24.74 1.01 78.88 25.35 0.455 0x0000FF
4.11 85.62 23.53 3.02 81.8 24.74 0.455 0x0000FF
5.01 93.82 23.76 4.11 85.62 23.53 0.455 0x0000FF
4.84 96.37 23.22 5.01 93.82 23.76 0.455 0x0000FF
3.83 102.92 22.32 4.84 96.37 23.22 0.365 0x0000FF
2.19 109.85 22.39 3.83 102.92 22.32 0.365 0x0000FF
12.44 -23.22 1.33 3.81 -18.82 -0.69 1.095 0x0000FF
12.98 -23.22 0.65 12.44 -23.22 1.33 1.095 0x0000FF
14.44 -23.22 0.27 12.98 -23.22 0.65 0.91 0x0000FF
14.81 -23.22 -1.24 14.44 -23.22 0.27 0.91 0x0000FF
15.35 -23.22 -2.23 14.81 -23.22 -1.24 0.91 0x0000FF
16.27 -23.4 -3.21 15.35 -23.22 -2.23 0.91 0x0000FF
17.73 -23.58 -4.73 16.27 -23.4 -3.21 0.91 0x0000FF
18.27 -23.58 -5.79 17.73 -23.58 -4.73 0.91 0x0000FF
19.73 -23.03 -6.01 18.27 -23.58 -5.79 0.82 0x0000FF
20.83 -23.03 -6.62 19.73 -23.03 -6.01 0.82 0x0000FF
21.38 -23.03 -6.01 20.83 -23.03 -6.62 0.73 0x0000FF
22.11 -22.85 -5.03 21.38 -23.03 -6.01 0.73 0x0000FF
23.93 -22.85 -6.39 22.11 -22.85 -5.03 0.73 0x0000FF
25.02 -22.67 -6.7 23.93 -22.85 -6.39 0.64 0x0000FF
27.03 -22.67 -9.11 25.02 -22.67 -6.7 0.455 0x0000FF
27.58 -22.49 -10.33 27.03 -22.67 -9.11 0.455 0x0000FF
30.68 -21.39 -11.77 27.58 -22.49 -10.33 0.455 0x0000FF
33.97 -20.85 -12.53 30.68 -21.39 -11.77 0.365 0x0000FF
35.06 -20.67 -12.98 33.97 -20.85 -12.53 0.365 0x0000FF
38.71 -21.21 -14.27 35.06 -20.67 -12.98 0.365 0x0000FF
44.18 -22.85 -15.18 38.71 -21.21 -14.27 0.365 0x0000FF
48.93 -24.86 -15.71 44.18 -22.85 -15.18 0.365 0x0000FF
52.21 -24.67 -16.62 48.93 -24.86 -15.71 0.365 0x0000FF
55.13 -24.86 -17.07 52.21 -24.67 -16.62 0.365 0x0000FF
59.51 -26.31 -17.68 55.13 -24.86 -17.07 0.365 0x0000FF
61.88 -27.22 -18.44 59.51 -26.31 -17.68 0.365 0x0000FF
68.08 -27.04 -20.32 61.88 -27.22 -18.44 0.365 0x0000FF
74.65 -26.86 -21.24 68.08 -27.04 -20.32 0.365 0x0000FF
81.95 -26.86 -22.3 74.65 -26.86 -21.24 0.365 0x0000FF
88.34 -26.68 -24.04 81.95 -26.86 -22.3 0.365 0x0000FF
96.91 -25.95 -25.79 88.34 -26.68 -24.04 0.365 0x0000FF
103.48 -26.68 -26.32 96.91 -25.95 -25.79 0.365 0x0000FF
112.97 -28.32 -27.6 103.48 -26.68 -26.32 0.365 0x0000FF
118.62 -29.23 -28.74 112.97 -28.32 -27.6 0.365 0x0000FF
126.1 -29.59 -29.57 118.62 -29.23 -28.74 0.365 0x0000FF
134.5 -27.04 -30.48 126.1 -29.59 -29.57 0.365 0x0000FF
137.41 -24.13 -30.71 134.5 -27.04 -30.48 0.365 0x0000FF
143.54 -25.36 -31.92 137.41 -24.13 -30.71 0.365 0x0000FF
19.11 -24.26 -3.67 18.27 -23.58 -5.79 0.545 0x0000FF
20.2 -24.63 -4.12 19.11 -24.26 -3.67 0.545 0x0000FF
20.57 -24.81 -4.88 20.2 -24.63 -4.12 0.545 0x0000FF
22.58 -25.72 -6.92 20.57 -24.81 -4.88 0.545 0x0000FF
23.49 -25.72 -7.76 22.58 -25.72 -6.92 0.545 0x0000FF
26.41 -25.9 -8.74 23.49 -25.72 -7.76 0.455 0x0000FF
30.06 -25.54 -9.27 26.41 -25.9 -8.74 0.455 0x0000FF
32.79 -25.54 -9.8 30.06 -25.54 -9.27 0.365 0x0000FF
36.08 -25.9 -10.33 32.79 -25.54 -9.8 0.275 0x0000FF
41.0 -26.63 -10.79 36.08 -25.9 -10.33 0.275 0x0000FF
45.38 -26.63 -11.62 41.0 -26.63 -10.79 0.275 0x0000FF
46.84 -26.63 -12.0 45.38 -26.63 -11.62 0.275 0x0000FF
47.39 -26.45 -12.38 46.84 -26.63 -12.0 0.275 0x0000FF
49.21 -26.27 -12.6 47.39 -26.45 -12.38 0.275 0x0000FF
51.04 -25.9 -12.98 49.21 -26.27 -12.6 0.275 0x0000FF
52.32 -25.72 -13.51 51.04 -25.9 -12.98 0.275 0x0000FF
3.89 -28.57 11.48 3.81 -18.82 -0.69 2.555 0x0000FF
3.89 -29.85 11.48 3.89 -28.57 11.48 2.555 0x0000FF
3.89 -30.94 11.48 3.89 -29.85 11.48 2.555 0x0000FF
4.44 -31.67 11.56 3.89 -30.94 11.48 0.91 0x0000FF
4.62 -31.67 12.01 4.44 -31.67 11.56 0.91 0x0000FF
5.53 -32.03 13.3 4.62 -31.67 12.01 0.82 0x0000FF
5.9 -32.4 14.06 5.53 -32.03 13.3 0.64 0x0000FF
6.26 -32.58 14.36 5.9 -32.4 14.06 0.64 0x0000FF
6.81 -32.76 14.82 6.26 -32.58 14.36 0.365 0x0000FF
7.9 -33.49 15.42 6.81 -32.76 14.82 0.365 0x0000FF
9.55 -34.4 15.73 7.9 -33.49 15.42 0.365 0x0000FF
10.28 -34.95 15.88 9.55 -34.4 15.73 0.365 0x0000FF
11.55 -35.86 16.18 10.28 -34.95 15.88 0.365 0x0000FF
12.65 -36.59 16.86 11.55 -35.86 16.18 0.365 0x0000FF
13.56 -37.14 17.47 12.65 -36.59 16.86 0.365 0x0000FF
15.93 -38.4 18.14 13.56 -37.14 17.47 0.365 0x0000FF
16.84 -39.14 18.53 15.93 -38.4 18.14 0.365 0x0000FF
17.57 -40.4 18.91 16.84 -39.14 18.53 0.365 0x0000FF
18.48 -41.69 19.73 17.57 -40.4 18.91 0.365 0x0000FF
19.76 -43.51 21.03 18.48 -41.69 19.73 0.365 0x0000FF
20.49 -44.61 21.63 19.76 -43.51 21.03 0.365 0x0000FF
24.69 -46.79 22.39 20.49 -44.61 21.63 0.365 0x0000FF
27.43 -47.34 22.92 24.69 -46.79 22.39 0.365 0x0000FF
29.25 -47.34 23.53 27.43 -47.34 22.92 0.365 0x0000FF
31.8 -46.43 24.06 29.25 -47.34 23.53 0.275 0x0000FF
32.17 -46.06 24.89 31.8 -46.43 24.06 0.275 0x0000FF
32.9 -45.88 25.35 32.17 -46.06 24.89 0.275 0x0000FF
33.99 -45.7 25.72 32.9 -45.88 25.35 0.275 0x0000FF
35.27 -45.52 26.41 33.99 -45.7 25.72 0.275 0x0000FF
36.18 -45.33 26.86 35.27 -45.52 26.41 0.275 0x0000FF
37.1 -45.33 27.69 36.18 -45.33 26.86 0.275 0x0000FF
37.46 -45.33 28.07 37.1 -45.33 27.69 0.275 0x0000FF
38.01 -45.15 28.83 37.46 -45.33 28.07 0.275 0x0000FF
38.74 -45.52 31.56 38.01 -45.15 28.83 0.275 0x0000FF
39.1 -45.52 31.56 38.74 -45.52 31.56 0.275 0x0000FF
39.65 -45.52 31.56 39.1 -45.52 31.56 0.275 0x0000FF
40.02 -45.88 31.86 39.65 -45.52 31.56 0.275 0x0000FF
40.74 -46.61 32.31 40.02 -45.88 31.86 0.275 0x0000FF
41.47 -47.34 32.69 40.74 -46.61 32.31 0.18 0x0000FF
41.84 -48.07 32.92 41.47 -47.34 32.69 0.18 0x0000FF
41.84 -48.61 33.0 41.84 -48.07 32.92 0.09 0x0000FF
4.07 -32.4 10.5 3.89 -30.94 11.48 2.005 0x0000FF
3.89 -32.76 11.1 4.07 -32.4 10.5 2.005 0x0000FF
3.89 -33.49 11.86 3.89 -32.76 11.1 2.005 0x0000FF
3.89 -34.04 12.77 3.89 -33.49 11.86 2.005 0x0000FF
3.89 -34.95 13.23 3.89 -34.04 12.77 2.005 0x0000FF
3.89 -36.22 13.83 3.89 -34.95 13.23 2.1 0x0000FF
3.89 -37.32 14.29 3.89 -36.22 13.83 2.1 0x0000FF
3.89 -38.4 14.67 3.89 -37.32 14.29 2.1 0x0000FF
4.07 -38.77 14.97 3.89 -38.4 14.67 2.1 0x0000FF
3.89 -40.96 14.44 4.07 -38.77 14.97 2.1 0x0000FF
4.25 -42.24 15.2 3.89 -40.96 14.44 2.1 0x0000FF
4.44 -43.88 15.2 4.25 -42.24 15.2 2.005 0x0000FF
4.44 -44.79 15.35 4.44 -43.88 15.2 2.005 0x0000FF
4.62 -46.43 15.8 4.44 -44.79 15.35 2.005 0x0000FF
4.62 -46.97 16.18 4.62 -46.43 15.8 2.005 0x0000FF
4.44 -48.25 16.63 4.62 -46.97 16.18 2.005 0x0000FF
4.62 -50.44 17.16 4.44 -48.25 16.63 2.005 0x0000FF
4.98 -52.8 17.62 4.62 -50.44 17.16 2.005 0x0000FF
5.71 -56.45 18.3 4.98 -52.8 17.62 2.005 0x0000FF
5.53 -58.82 18.91 5.71 -56.45 18.3 2.005 0x0000FF
5.53 -61.0 18.98 5.53 -58.82 18.91 2.005 0x0000FF
6.08 -63.92 19.29 5.53 -61.0 18.98 2.005 0x0000FF
6.81 -65.92 19.29 6.08 -63.92 19.29 1.915 0x0000FF
6.81 -67.02 19.29 6.81 -65.92 19.29 1.735 0x0000FF
7.9 -67.73 19.29 6.81 -67.02 19.29 0.91 0x0000FF
8.63 -68.66 19.59 7.9 -67.73 19.29 0.73 0x0000FF
9.18 -69.38 19.97 8.63 -68.66 19.59 0.73 0x0000FF
9.36 -69.56 20.27 9.18 -69.38 19.97 0.73 0x0000FF
9.55 -69.56 20.5 9.36 -69.56 20.27 0.73 0x0000FF
10.09 -70.3 21.03 9.55 -69.56 20.5 0.73 0x0000FF
10.09 -70.3 21.33 10.09 -70.3 21.03 0.73 0x0000FF
10.64 -70.66 20.35 10.09 -70.3 21.33 0.73 0x0000FF
11.19 -71.39 19.66 10.64 -70.66 20.35 0.73 0x0000FF
12.1 -71.94 19.05 11.19 -71.39 19.66 0.545 0x0000FF
12.65 -72.48 18.38 12.1 -71.94 19.05 0.545 0x0000FF
13.38 -72.84 17.62 12.65 -72.48 18.38 0.545 0x0000FF
13.92 -73.39 16.63 13.38 -72.84 17.62 0.545 0x0000FF
14.11 -73.94 15.95 13.92 -73.39 16.63 0.545 0x0000FF
14.65 -74.48 15.73 14.11 -73.94 15.95 0.545 0x0000FF
15.38 -75.2 15.04 14.65 -74.48 15.73 0.545 0x0000FF
15.93 -75.76 14.82 15.38 -75.2 15.04 0.545 0x0000FF
17.03 -76.67 14.13 15.93 -75.76 14.82 0.545 0x0000FF
17.94 -77.95 12.62 17.03 -76.67 14.13 0.545 0x0000FF
19.03 -79.41 12.17 17.94 -77.95 12.62 0.545 0x0000FF
20.49 -80.86 11.1 19.03 -79.41 12.17 0.455 0x0000FF
21.22 -81.59 10.88 20.49 -80.86 11.1 0.455 0x0000FF
22.32 -83.05 10.11 21.22 -81.59 10.88 0.455 0x0000FF
23.78 -84.69 9.21 22.32 -83.05 10.11 0.455 0x0000FF
24.87 -85.96 8.98 23.78 -84.69 9.21 0.365 0x0000FF
25.6 -87.24 8.3 24.87 -85.96 8.98 0.365 0x0000FF
25.6 -87.6 7.24 25.6 -87.24 8.3 0.365 0x0000FF
25.6 -88.15 6.41 25.6 -87.6 7.24 0.365 0x0000FF
26.33 -89.61 5.73 25.6 -88.15 6.41 0.365 0x0000FF
27.24 -90.7 4.44 26.33 -89.61 5.73 0.365 0x0000FF
28.16 -91.98 4.21 27.24 -90.7 4.44 0.365 0x0000FF
29.07 -93.25 3.91 28.16 -91.98 4.21 0.365 0x0000FF
30.16 -94.35 3.15 29.07 -93.25 3.91 0.365 0x0000FF
33.08 -95.99 1.71 30.16 -94.35 3.15 0.365 0x0000FF
34.54 -97.26 1.03 33.08 -95.99 1.71 0.365 0x0000FF
36.72 -99.99 0.2 34.54 -97.26 1.03 0.365 0x0000FF
39.1 -102.91 -0.71 36.72 -99.99 0.2 0.365 0x0000FF
41.29 -105.1 -0.79 39.1 -102.91 -0.71 0.365 0x0000FF
42.75 -107.28 -0.56 41.29 -105.1 -0.79 0.275 0x0000FF
43.12 -108.92 -0.48 42.75 -107.28 -0.56 0.275 0x0000FF
43.85 -111.65 -0.48 43.12 -108.92 -0.48 0.275 0x0000FF
45.12 -114.39 -0.48 43.85 -111.65 -0.48 0.275 0x0000FF
45.31 -114.93 0.12 45.12 -114.39 -0.48 0.275 0x0000FF
45.85 -115.66 -0.86 45.31 -114.93 0.12 0.275 0x0000FF
46.58 -116.03 -1.85 45.85 -115.66 -0.86 0.275 0x0000FF
47.68 -116.57 -2.83 46.58 -116.03 -1.85 0.275 0x0000FF
49.14 -116.94 -3.51 47.68 -116.57 -2.83 0.275 0x0000FF
50.05 -117.3 -4.58 49.14 -116.94 -3.51 0.275 0x0000FF
51.14 -118.03 -5.64 50.05 -117.3 -4.58 0.275 0x0000FF
51.51 -118.76 -6.01 51.14 -118.03 -5.64 0.275 0x0000FF
52.24 -120.22 -7.0 51.51 -118.76 -6.01 0.275 0x0000FF
52.42 -121.31 -7.53 52.24 -120.22 -7.0 0.275 0x0000FF
53.15 -123.86 -8.67 52.42 -121.31 -7.53 0.275 0x0000FF
53.15 -126.05 -9.5 53.15 -123.86 -8.67 0.275 0x0000FF
52.97 -128.22 -10.33 53.15 -126.05 -9.5 0.275 0x0000FF
53.7 -134.25 -11.92 52.97 -128.22 -10.33 0.275 0x0000FF
58.08 -140.08 -12.83 53.7 -134.25 -11.92 0.275 0x0000FF
62.27 -143.72 -13.67 58.08 -140.08 -12.83 0.275 0x0000FF
63.92 -145.91 -14.42 62.27 -143.72 -13.67 0.275 0x0000FF
65.01 -147.91 -14.65 63.92 -145.91 -14.42 0.275 0x0000FF
65.19 -149.37 -15.18 65.01 -147.91 -14.65 0.275 0x0000FF
69.37 -159.5 -15.71 65.19 -149.37 -15.18 0.275 0x0000FF
71.55 -161.68 -16.01 69.37 -159.5 -15.71 0.275 0x0000FF
77.2 -166.78 -16.39 71.55 -161.68 -16.01 0.275 0x0000FF
80.5 -169.88 -16.85 77.2 -166.78 -16.39 0.275 0x0000FF
81.59 -171.16 -15.86 80.5 -169.88 -16.85 0.275 0x0000FF
84.51 -173.52 -15.03 81.59 -171.16 -15.86 0.275 0x0000FF
86.88 -176.44 -14.5 84.51 -173.52 -15.03 0.275 0x0000FF
87.98 -178.44 -13.67 86.88 -176.44 -14.5 0.275 0x0000FF
88.89 -179.72 -13.14 87.98 -178.44 -13.67 0.275 0x0000FF
90.35 -180.81 -12.53 88.89 -179.72 -13.14 0.275 0x0000FF
91.44 -181.72 -11.85 90.35 -180.81 -12.53 0.275 0x0000FF
92.35 -182.82 -11.24 91.44 -181.72 -11.85 0.275 0x0000FF
42.36 -106.48 -0.71 41.29 -105.1 -0.79 0.365 0x0000FF
42.73 -107.02 -0.71 42.36 -106.48 -0.71 0.365 0x0000FF
43.82 -107.93 -0.71 42.73 -107.02 -0.71 0.365 0x0000FF
44.73 -108.66 -0.71 43.82 -107.93 -0.71 0.365 0x0000FF
45.1 -108.66 -1.02 44.73 -108.66 -0.71 0.365 0x0000FF
46.56 -109.39 -1.02 45.1 -108.66 -1.02 0.365 0x0000FF
47.84 -110.12 -1.62 46.56 -109.39 -1.02 0.275 0x0000FF
49.3 -111.03 -1.62 47.84 -110.12 -1.62 0.275 0x0000FF
50.76 -112.12 -2.29 49.3 -111.03 -1.62 0.275 0x0000FF
51.3 -112.67 -3.06 50.76 -112.12 -2.29 0.275 0x0000FF
53.31 -113.4 -3.67 51.3 -112.67 -3.06 0.275 0x0000FF
55.5 -113.76 -4.5 53.31 -113.4 -3.67 0.275 0x0000FF
56.78 -114.13 -5.26 55.5 -113.76 -4.5 0.275 0x0000FF
58.42 -114.49 -6.24 56.78 -114.13 -5.26 0.275 0x0000FF
60.79 -115.59 -7.15 58.42 -114.49 -6.24 0.275 0x0000FF
6.6 -68.4 20.5 6.81 -67.02 19.29 1.185 0x0000FF
6.42 -71.48 21.03 6.6 -68.4 20.5 1.185 0x0000FF
5.51 -72.95 21.1 6.42 -71.48 21.03 0.73 0x0000FF
3.32 -74.59 21.26 5.51 -72.95 21.1 0.545 0x0000FF
0.4 -75.14 21.71 3.32 -74.59 21.26 0.545 0x0000FF
-3.25 -74.77 21.94 0.4 -75.14 21.71 0.545 0x0000FF
-11.83 -74.77 22.32 -3.25 -74.77 21.94 0.545 0x0000FF
-19.3 -75.31 22.62 -11.83 -74.77 22.32 0.545 0x0000FF
-28.79 -77.31 22.69 -19.3 -75.31 22.62 0.545 0x0000FF
-37.19 -82.24 23.0 -28.79 -77.31 22.69 0.455 0x0000FF
-42.11 -83.88 23.45 -37.19 -82.24 23.0 0.455 0x0000FF
-45.03 -85.16 23.98 -42.11 -83.88 23.45 0.455 0x0000FF
-50.14 -86.43 24.66 -45.03 -85.16 23.98 0.365 0x0000FF
-52.7 -86.07 25.19 -50.14 -86.43 24.66 0.365 0x0000FF
-55.61 -85.34 25.72 -52.7 -86.07 25.19 0.365 0x0000FF
-57.25 -85.55 27.16 -55.61 -85.34 25.72 0.275 0x0000FF
-58.71 -85.55 27.69 -57.25 -85.55 27.16 0.275 0x0000FF
-59.99 -85.73 28.07 -58.71 -85.55 27.69 0.275 0x0000FF
-61.27 -85.92 28.3 -59.99 -85.73 28.07 0.275 0x0000FF
-62.36 -85.92 29.21 -61.27 -85.92 28.3 0.275 0x0000FF
-63.09 -86.1 29.59 -62.36 -85.92 29.21 0.275 0x0000FF
-64.0 -86.46 30.35 -63.09 -86.1 29.59 0.275 0x0000FF
-65.28 -86.65 31.1 -64.0 -86.46 30.35 0.275 0x0000FF
-66.19 -87.01 31.78 -65.28 -86.65 31.1 0.275 0x0000FF
-67.29 -87.37 32.47 -66.19 -87.01 31.78 0.275 0x0000FF
-68.38 -87.56 33.0 -67.29 -87.37 32.47 0.275 0x0000FF
-70.02 -87.74 33.53 -68.38 -87.56 33.0 0.275 0x0000FF
-72.4 -87.74 34.36 -70.02 -87.74 33.53 0.275 0x0000FF
-73.13 -87.74 35.04 -72.4 -87.74 34.36 0.275 0x0000FF
-75.13 -87.74 36.18 -73.13 -87.74 35.04 0.275 0x0000FF
-76.04 -87.74 37.47 -75.13 -87.74 36.18 0.275 0x0000FF
-77.5 -88.1 38.15 -76.04 -87.74 37.47 0.275 0x0000FF
-78.78 -88.65 38.68 -77.5 -88.1 38.15 0.275 0x0000FF
-87.54 -91.02 39.44 -78.78 -88.65 38.68 0.275 0x0000FF
-92.47 -91.56 39.65 -87.54 -91.02 39.44 0.275 0x0000FF
-97.94 -92.29 40.42 -92.47 -91.56 39.65 0.275 0x0000FF
-103.05 -92.84 40.95 -97.94 -92.29 40.42 0.275 0x0000FF
-105.97 -93.75 41.78 -103.05 -92.84 40.95 0.275 0x0000FF
-109.25 -95.57 42.39 -105.97 -93.75 41.78 0.275 0x0000FF
-113.08 -97.94 43.07 -109.25 -95.57 42.39 0.275 0x0000FF
-116.0 -99.4 43.6 -113.08 -97.94 43.07 0.275 0x0000FF
-121.84 -102.86 44.06 -116.0 -99.4 43.6 0.275 0x0000FF
6.79 -72.98 20.35 6.42 -71.48 21.03 1.275 0x0000FF
6.61 -74.26 20.8 6.79 -72.98 20.35 1.275 0x0000FF
6.42 -75.7 21.1 6.61 -74.26 20.8 1.275 0x0000FF
6.42 -76.81 21.79 6.42 -75.7 21.1 1.275 0x0000FF
6.79 -78.08 21.86 6.42 -76.81 21.79 1.275 0x0000FF
6.97 -79.72 22.16 6.79 -78.08 21.86 1.275 0x0000FF
7.34 -81.54 22.77 6.97 -79.72 22.16 1.275 0x0000FF
7.88 -84.09 23.0 7.34 -81.54 22.77 1.275 0x0000FF
8.61 -87.01 23.15 7.88 -84.09 23.0 1.275 0x0000FF
8.8 -90.29 23.53 8.61 -87.01 23.15 1.275 0x0000FF
9.34 -93.39 23.83 8.8 -90.29 23.53 1.275 0x0000FF
9.71 -97.94 23.91 9.34 -93.39 23.83 1.275 0x0000FF
10.44 -100.31 24.13 9.71 -97.94 23.91 1.275 0x0000FF
10.8 -103.41 24.59 10.44 -100.31 24.13 1.275 0x0000FF
12.26 -108.15 25.35 10.8 -103.41 24.59 1.185 0x0000FF
13.17 -111.06 25.72 12.26 -108.15 25.35 1.095 0x0000FF
13.72 -113.61 25.95 13.17 -111.06 25.72 1.095 0x0000FF
14.63 -116.53 26.1 13.72 -113.61 25.95 1.095 0x0000FF
15.18 -120.17 26.63 14.63 -116.53 26.1 1.005 0x0000FF
15.36 -123.63 26.79 15.18 -120.17 26.63 1.005 0x0000FF
15.55 -128.0 27.16 15.36 -123.63 26.79 1.005 0x0000FF
15.73 -131.65 28.0 15.55 -128.0 27.16 1.005 0x0000FF
15.91 -133.29 28.22 15.73 -131.65 28.0 1.005 0x0000FF
16.46 -136.02 28.75 15.91 -133.29 28.22 1.005 0x0000FF
16.09 -140.03 29.21 16.46 -136.02 28.75 1.005 0x0000FF
15.55 -142.94 29.82 16.09 -140.03 29.21 1.005 0x0000FF
15.36 -144.77 29.97 15.55 -142.94 29.82 1.005 0x0000FF
15.0 -146.41 30.72 15.36 -144.77 29.97 1.005 0x0000FF
14.45 -147.86 31.71 15.0 -146.41 30.72 1.005 0x0000FF
14.27 -149.13 32.15 14.45 -147.86 31.71 1.005 0x0000FF
14.27 -150.22 32.77 14.27 -149.13 32.15 1.005 0x0000FF
14.27 -152.41 33.15 14.27 -150.22 32.77 1.005 0x0000FF
14.63 -154.24 33.83 14.27 -152.41 33.15 1.005 0x0000FF
15.0 -156.97 34.36 14.63 -154.24 33.83 1.005 0x0000FF
15.0 -161.53 34.74 15.0 -156.97 34.36 1.005 0x0000FF
15.0 -166.63 35.19 15.0 -161.53 34.74 1.005 0x0000FF
15.0 -170.46 35.79 15.0 -166.63 35.19 1.005 0x0000FF
15.36 -173.92 36.1 15.0 -170.46 35.79 1.005 0x0000FF
15.0 -176.11 36.78 15.36 -173.92 36.1 1.005 0x0000FF
16.45 -185.87 37.15 15.0 -176.11 36.78 1.005 0x0000FF
17.18 -194.43 38.0 16.45 -185.87 37.15 1.005 0x0000FF
17.18 -201.72 38.07 17.18 -194.43 38.0 1.005 0x0000FF
18.45 -211.74 38.45 17.18 -201.72 38.07 1.005 0x0000FF
18.09 -216.48 38.83 18.45 -211.74 38.45 1.005 0x0000FF
18.09 -218.48 39.21 18.09 -216.48 38.83 1.005 0x0000FF
17.91 -219.39 39.97 18.09 -218.48 39.21 1.005 0x0000FF
17.91 -220.48 40.34 17.91 -219.39 39.97 1.005 0x0000FF
18.09 -223.22 41.4 17.91 -220.48 40.34 1.005 0x0000FF
18.09 -225.77 41.94 18.09 -223.22 41.4 1.005 0x0000FF
17.36 -229.78 42.39 18.09 -225.77 41.94 1.005 0x0000FF
17.18 -235.97 42.84 17.36 -229.78 42.39 1.005 0x0000FF
17.72 -239.98 43.22 17.18 -235.97 42.84 0.91 0x0000FF
17.72 -242.17 43.37 17.72 -239.98 43.22 0.91 0x0000FF
16.63 -246.9 44.06 17.72 -242.17 43.37 0.82 0x0000FF
16.26 -250.0 44.21 16.63 -246.9 44.06 0.82 0x0000FF
15.9 -254.19 44.81 16.26 -250.0 44.21 0.73 0x0000FF
16.26 -258.56 44.89 15.9 -254.19 44.81 0.73 0x0000FF
16.63 -262.94 45.04 16.26 -258.56 44.89 0.73 0x0000FF
17.18 -265.31 45.34 16.63 -262.94 45.04 0.73 0x0000FF
16.14 -282.45 45.8 17.18 -265.31 45.34 0.73 0x0000FF
15.96 -286.1 46.18 16.14 -282.45 45.8 0.73 0x0000FF
15.6 -293.57 46.33 15.96 -286.1 46.18 0.73 0x0000FF
15.6 -301.04 46.86 15.6 -293.57 46.33 0.73 0x0000FF
15.6 -305.41 47.31 15.6 -301.04 46.86 0.73 0x0000FF
15.23 -311.24 47.54 15.6 -305.41 47.31 0.73 0x0000FF
14.5 -315.61 47.92 15.23 -311.24 47.54 0.73 0x0000FF
12.5 -320.35 48.15 14.5 -315.61 47.92 0.73 0x0000FF
11.22 -325.64 48.6 12.5 -320.35 48.15 0.64 0x0000FF
10.31 -328.37 47.62 11.22 -325.64 48.6 0.64 0x0000FF
9.39 -329.83 47.77 10.31 -328.37 47.62 0.545 0x0000FF
8.66 -330.92 48.45 9.39 -329.83 47.77 0.545 0x0000FF
8.66 -331.28 48.75 8.66 -330.92 48.45 0.545 0x0000FF
8.3 -331.83 48.0 8.66 -331.28 48.75 0.545 0x0000FF
7.75 -332.74 46.4 8.3 -331.83 48.0 0.545 0x0000FF
6.84 -333.83 45.65 7.75 -332.74 46.4 0.455 0x0000FF
5.93 -335.29 45.04 6.84 -333.83 45.65 0.455 0x0000FF
5.2 -336.57 44.66 5.93 -335.29 45.04 0.455 0x0000FF
2.64 -338.75 43.45 5.2 -336.57 44.66 0.365 0x0000FF
1.91 -341.31 42.69 2.64 -338.75 43.45 0.365 0x0000FF
-0.28 -343.31 42.54 1.91 -341.31 42.69 0.365 0x0000FF
-1.74 -345.13 42.31 -0.28 -343.31 42.54 0.365 0x0000FF
-3.01 -348.05 41.86 -1.74 -345.13 42.31 0.365 0x0000FF
-5.01 -351.69 41.63 -3.01 -348.05 41.86 0.365 0x0000FF
-8.11 -355.52 41.33 -5.01 -351.69 41.63 0.365 0x0000FF
-18.96 -369.36 40.95 -8.11 -355.52 41.33 0.365 0x0000FF
-26.44 -379.38 40.57 -18.96 -369.36 40.95 0.275 0x0000FF
-33.54 -384.67 40.27 -26.44 -379.38 40.57 0.275 0x0000FF
-41.21 -391.23 39.59 -33.54 -384.67 40.27 0.275 0x0000FF
-46.32 -393.78 39.13 -41.21 -391.23 39.59 0.275 0x0000FF
-50.52 -395.24 40.42 -46.32 -393.78 39.13 0.275 0x0000FF
-53.99 -396.33 40.95 -50.52 -395.24 40.42 0.275 0x0000FF
-56.18 -397.06 41.86 -53.99 -396.33 40.95 0.275 0x0000FF
-58.73 -397.42 43.22 -56.18 -397.06 41.86 0.275 0x0000FF
-60.01 -397.6 44.06 -58.73 -397.42 43.22 0.275 0x0000FF
-64.39 -398.33 45.04 -60.01 -397.6 44.06 0.275 0x0000FF
1.84 -344.22 42.69 1.91 -341.31 42.69 0.275 0x0000FF
2.02 -346.22 42.69 1.84 -344.22 42.69 0.275 0x0000FF
2.02 -348.41 42.69 2.02 -346.22 42.69 0.275 0x0000FF
2.02 -350.6 42.31 2.02 -348.41 42.69 0.275 0x0000FF
1.84 -352.6 41.71 2.02 -350.6 42.31 0.275 0x0000FF
1.48 -356.25 40.86 1.84 -352.6 41.71 0.275 0x0000FF
1.11 -358.43 40.27 1.48 -356.25 40.86 0.275 0x0000FF
0.75 -361.35 39.28 1.11 -358.43 40.27 0.275 0x0000FF
0.56 -363.17 38.75 0.75 -361.35 39.28 0.275 0x0000FF
-0.16 -365.72 38.0 0.56 -363.17 38.75 0.275 0x0000FF
-0.71 -367.72 37.47 -0.16 -365.72 38.0 0.275 0x0000FF
-1.26 -369.0 36.25 -0.71 -367.72 37.47 0.275 0x0000FF
-1.26 -370.46 35.65 -1.26 -369.0 36.25 0.275 0x0000FF
-1.62 -372.64 35.34 -1.26 -370.46 35.65 0.275 0x0000FF
-2.35 -376.47 34.44 -1.62 -372.64 35.34 0.275 0x0000FF
-4.36 -381.02 33.6 -2.35 -376.47 34.44 0.275 0x0000FF
-7.83 -384.67 33.53 -4.36 -381.02 33.6 0.275 0x0000FF
-10.93 -387.4 33.38 -7.83 -384.67 33.53 0.275 0x0000FF
-16.95 -391.77 33.0 -10.93 -387.4 33.38 0.275 0x0000FF
-19.69 -395.05 33.29 -16.95 -391.77 33.0 0.275 0x0000FF
-22.24 -398.33 33.83 -19.69 -395.05 33.29 0.275 0x0000FF
-24.25 -401.8 34.36 -22.24 -398.33 33.83 0.275 0x0000FF
-26.25 -404.53 34.89 -24.25 -401.8 34.36 0.275 0x0000FF
-29.72 -410.72 35.65 -26.25 -404.53 34.89 0.275 0x0000FF
-34.1 -416.19 36.18 -29.72 -410.72 35.65 0.275 0x0000FF
-39.94 -422.57 36.4 -34.1 -416.19 36.18 0.275 0x0000FF
-45.59 -428.03 36.86 -39.94 -422.57 36.4 0.275 0x0000FF
-50.7 -433.13 37.15 -45.59 -428.03 36.86 0.275 0x0000FF
-1.44 -379.75 34.74 -2.35 -376.47 34.44 0.275 0x0000FF
-0.35 -380.66 35.27 -1.44 -379.75 34.74 0.275 0x0000FF
0.2 -382.12 34.65 -0.35 -380.66 35.27 0.275 0x0000FF
0.56 -383.58 33.97 0.2 -382.12 34.65 0.275 0x0000FF
9.86 -330.74 47.92 10.31 -328.37 47.62 0.365 0x0000FF
9.51 -332.38 48.15 9.86 -330.74 47.92 0.365 0x0000FF
9.69 -333.84 48.6 9.51 -332.38 48.15 0.275 0x0000FF
10.05 -335.47 48.83 9.69 -333.84 48.6 0.275 0x0000FF
10.42 -338.57 49.06 10.05 -335.47 48.83 0.275 0x0000FF
10.78 -340.58 49.36 10.42 -338.57 49.06 0.275 0x0000FF
11.15 -343.86 49.66 10.78 -340.58 49.36 0.275 0x0000FF
11.88 -347.14 49.96 11.15 -343.86 49.66 0.275 0x0000FF
12.24 -350.42 50.34 11.88 -347.14 49.96 0.275 0x0000FF
