-19.51 18.32 21.1 -14.21 9.37 23.63 1.095 0x0000FF
-20.97 20.14 21.18 -19.51 18.32 21.1 1.095 0x0000FF
-22.98 21.98 21.48 -20.97 20.14 21.18 1.095 0x0000FF
-24.99 24.53 21.56 -22.98 21.98 21.48 1.095 0x0000FF
-26.63 26.71 21.63 -24.99 24.53 21.56 1.095 0x0000FF
-26.76 29.38 20.19 -26.63 26.71 21.63 0.455 0x0000FF
-26.57 30.47 19.66 -26.76 29.38 20.19 0.455 0x0000FF
-26.21 32.11 19.21 -26.57 30.47 19.66 0.455 0x0000FF
-24.59 32.09 24.13 -26.21 32.11 19.21 0.455 0x0000FF
-23.31 32.09 24.29 -24.59 32.09 24.13 0.455 0x0000FF
-22.4 32.09 24.59 -23.31 32.09 24.29 0.455 0x0000FF
-21.85 32.46 24.89 -22.4 32.09 24.59 0.455 0x0000FF
-21.3 32.64 25.19 -21.85 32.46 24.89 0.455 0x0000FF
-20.57 33.0 25.42 -21.3 32.64 25.19 0.455 0x0000FF
-19.66 33.36 26.03 -20.57 33.0 25.42 0.365 0x0000FF
-19.29 33.72 26.33 -19.66 33.36 26.03 0.365 0x0000FF
-18.55 34.28 27.01 -19.29 33.72 26.33 0.365 0x0000FF
-18.02 34.28 27.62 -18.55 34.28 27.01 0.365 0x0000FF
-17.47 34.64 28.3 -18.02 34.28 27.62 0.365 0x0000FF
-16.55 35.19 29.36 -17.47 34.64 28.3 0.275 0x0000FF
-15.65 35.74 30.5 -16.55 35.19 29.36 0.275 0x0000FF
-15.28 37.01 31.03 -15.65 35.74 30.5 0.275 0x0000FF
-15.1 39.2 31.41 -15.28 37.01 31.03 0.275 0x0000FF
-15.28 40.11 31.94 -15.1 39.2 31.41 0.275 0x0000FF
-16.01 42.11 32.39 -15.28 40.11 31.94 0.275 0x0000FF
-18.2 45.39 33.15 -16.01 42.11 32.39 0.275 0x0000FF
-19.29 46.3 33.45 -18.2 45.39 33.15 0.275 0x0000FF
-20.39 47.22 34.28 -19.29 46.3 33.45 0.275 0x0000FF
-20.75 47.94 35.5 -20.39 47.22 34.28 0.275 0x0000FF
-20.75 48.49 36.33 -20.75 47.94 35.5 0.275 0x0000FF
-20.75 49.4 37.77 -20.75 48.49 36.33 0.275 0x0000FF
-20.57 50.5 39.21 -20.75 49.4 37.77 0.275 0x0000FF
-20.57 51.04 39.81 -20.57 50.5 39.21 0.275 0x0000FF
-20.75 52.14 41.03 -20.57 51.04 39.81 0.275 0x0000FF
-21.12 52.5 42.84 -20.75 52.14 41.03 0.275 0x0000FF
-21.85 53.05 45.04 -21.12 52.5 42.84 0.275 0x0000FF
-22.58 53.41 45.5 -21.85 53.05 45.04 0.275 0x0000FF
-24.4 54.14 48.3 -22.58 53.41 45.5 0.275 0x0000FF
-24.95 54.69 48.37 -24.4 54.14 48.3 0.275 0x0000FF
-26.41 55.41 49.74 -24.95 54.69 48.37 0.275 0x0000FF
-27.32 55.78 50.12 -26.41 55.41 49.74 0.275 0x0000FF
-25.3 34.29 18.76 -26.21 32.11 19.21 0.365 0x0000FF
-23.84 36.29 18.45 -25.3 34.29 18.76 0.365 0x0000FF
-22.19 37.94 18.07 -23.84 36.29 18.45 0.365 0x0000FF
-20.73 39.58 17.7 -22.19 37.94 18.07 0.365 0x0000FF
-19.64 41.22 16.79 -20.73 39.58 17.7 0.365 0x0000FF
-18.36 43.04 16.48 -19.64 41.22 16.79 0.365 0x0000FF
-17.27 44.32 18.23 -18.36 43.04 16.48 0.365 0x0000FF
-15.81 45.59 18.82 -17.27 44.32 18.23 0.365 0x0000FF
-14.9 47.23 19.44 -15.81 45.59 18.82 0.365 0x0000FF
-11.98 50.69 20.27 -14.9 47.23 19.44 0.365 0x0000FF
-11.61 52.88 20.65 -11.98 50.69 20.27 0.365 0x0000FF
-11.61 56.34 21.03 -11.61 52.88 20.65 0.365 0x0000FF
-12.52 61.26 21.33 -11.61 56.34 21.03 0.365 0x0000FF
-13.07 64.54 20.95 -12.52 61.26 21.33 0.365 0x0000FF
-13.62 66.0 19.82 -13.07 64.54 20.95 0.365 0x0000FF
-17.27 74.01 19.66 -13.62 66.0 19.82 0.365 0x0000FF
-18.91 77.66 20.19 -17.27 74.01 19.66 0.365 0x0000FF
-21.28 83.67 20.42 -18.91 77.66 20.19 0.365 0x0000FF
-22.74 91.14 20.73 -21.28 83.67 20.42 0.365 0x0000FF
-25.84 102.25 20.95 -22.74 91.14 20.73 0.365 0x0000FF
-26.94 109.18 21.03 -25.84 102.25 20.95 0.365 0x0000FF
-25.48 116.1 21.48 -26.94 109.18 21.03 0.365 0x0000FF
-23.65 121.75 21.86 -25.48 116.1 21.48 0.365 0x0000FF
-23.84 123.57 22.16 -23.65 121.75 21.86 0.365 0x0000FF
-23.31 126.47 22.39 -23.84 123.57 22.16 0.365 0x0000FF
-22.4 128.84 22.39 -23.31 126.47 22.39 0.365 0x0000FF
-20.39 131.76 22.47 -22.4 128.84 22.39 0.365 0x0000FF
-19.29 133.4 23.07 -20.39 131.76 22.47 0.365 0x0000FF
-17.47 136.49 23.38 -19.29 133.4 23.07 0.365 0x0000FF
-16.92 139.96 25.72 -17.47 136.49 23.38 0.365 0x0000FF
-17.1 144.51 25.95 -16.92 139.96 25.72 0.365 0x0000FF
-18.55 149.07 26.63 -17.1 144.51 25.95 0.365 0x0000FF
-20.21 153.07 27.09 -18.55 149.07 26.63 0.365 0x0000FF
-21.85 158.72 27.54 -20.21 153.07 27.09 0.365 0x0000FF
-22.94 163.28 28.07 -21.85 158.72 27.54 0.365 0x0000FF
-24.22 167.1 28.38 -22.94 163.28 28.07 0.365 0x0000FF
-27.87 171.48 28.91 -24.22 167.1 28.38 0.365 0x0000FF
-29.88 174.57 29.44 -27.87 171.48 28.91 0.365 0x0000FF
-31.7 176.94 30.8 -29.88 174.57 29.44 0.365 0x0000FF
-33.15 178.76 31.1 -31.7 176.94 30.8 0.365 0x0000FF
-35.35 182.23 30.04 -33.15 178.76 31.1 0.365 0x0000FF
-35.53 182.77 29.28 -35.35 182.23 30.04 0.365 0x0000FF
-35.72 183.14 29.21 -35.53 182.77 29.28 0.365 0x0000FF
-35.9 183.68 30.42 -35.72 183.14 29.21 0.365 0x0000FF
-36.08 184.78 31.25 -35.9 183.68 30.42 0.365 0x0000FF
-36.26 185.51 32.92 -36.08 184.78 31.25 0.365 0x0000FF
-36.99 186.96 34.44 -36.26 185.51 32.92 0.365 0x0000FF
-37.72 188.06 34.81 -36.99 186.96 34.44 0.365 0x0000FF
-38.27 188.42 35.79 -37.72 188.06 34.81 0.365 0x0000FF
-38.45 188.6 36.33 -38.27 188.42 35.79 0.365 0x0000FF
-39.18 189.15 38.29 -38.45 188.6 36.33 0.365 0x0000FF
-18.02 138.32 23.45 -17.47 136.49 23.38 0.365 0x0000FF
-18.75 142.13 23.45 -18.02 138.32 23.45 0.365 0x0000FF
-20.21 144.69 23.83 -18.75 142.13 23.45 0.365 0x0000FF
-21.12 145.79 24.51 -20.21 144.69 23.83 0.365 0x0000FF
-22.21 146.88 25.04 -21.12 145.79 24.51 0.365 0x0000FF
-24.59 148.69 25.42 -22.21 146.88 25.04 0.365 0x0000FF
-26.77 149.43 26.18 -24.59 148.69 25.42 0.365 0x0000FF
-27.69 149.97 27.39 -26.77 149.43 26.18 0.365 0x0000FF
-29.33 150.71 28.07 -27.69 149.97 27.39 0.365 0x0000FF
-30.24 151.07 28.75 -29.33 150.71 28.07 0.365 0x0000FF
-31.34 151.43 29.66 -30.24 151.07 28.75 0.365 0x0000FF
-32.43 151.43 30.65 -31.34 151.43 29.66 0.365 0x0000FF
-33.53 151.97 31.41 -32.43 151.43 30.65 0.365 0x0000FF
-34.44 152.16 32.47 -33.53 151.97 31.41 0.365 0x0000FF
-35.35 152.71 33.68 -34.44 152.16 32.47 0.365 0x0000FF
-35.9 152.88 34.44 -35.35 152.71 33.68 0.365 0x0000FF
-36.26 153.97 38.0 -35.9 152.88 34.44 0.275 0x0000FF
-36.99 155.08 38.68 -36.26 153.97 38.0 0.275 0x0000FF
-37.17 155.44 40.19 -36.99 155.08 38.68 0.275 0x0000FF
-37.9 156.16 40.86 -37.17 155.44 40.19 0.275 0x0000FF
-38.45 156.72 42.62 -37.9 156.16 40.86 0.275 0x0000FF
-39.72 157.26 44.43 -38.45 156.72 42.62 0.275 0x0000FF
-40.64 157.81 46.03 -39.72 157.26 44.43 0.275 0x0000FF
-41.74 158.18 47.39 -40.64 157.81 46.03 0.275 0x0000FF
-42.83 158.9 48.9 -41.74 158.18 47.39 0.275 0x0000FF
-43.93 159.82 49.43 -42.83 158.9 48.9 0.275 0x0000FF
-44.66 160.36 51.25 -43.93 159.82 49.43 0.275 0x0000FF
-45.39 160.72 52.46 -44.66 160.36 51.25 0.275 0x0000FF
-46.11 161.09 53.52 -45.39 160.72 52.46 0.275 0x0000FF
-46.66 161.27 55.72 -46.11 161.09 53.52 0.275 0x0000FF
-48.12 162.0 57.31 -46.66 161.27 55.72 0.275 0x0000FF
-51.04 163.09 57.99 -48.12 162.0 57.31 0.275 0x0000FF
-52.5 163.63 59.43 -51.04 163.09 57.99 0.275 0x0000FF
-54.14 164.37 60.04 -52.5 163.63 59.43 0.275 0x0000FF
-56.88 165.65 61.25 -54.14 164.37 60.04 0.275 0x0000FF
-60.53 167.47 61.78 -56.88 165.65 61.25 0.275 0x0000FF
-63.81 169.29 63.15 -60.53 167.47 61.78 0.275 0x0000FF
-37.17 153.62 40.72 -35.9 152.88 34.44 0.365 0x0000FF
-37.54 154.53 40.34 -37.17 153.62 40.72 0.365 0x0000FF
-37.54 155.08 38.83 -37.54 154.53 40.34 0.365 0x0000FF
-37.54 156.16 38.07 -37.54 155.08 38.83 0.365 0x0000FF
-37.36 157.08 37.01 -37.54 156.16 38.07 0.365 0x0000FF
-37.17 157.99 36.03 -37.36 157.08 37.01 0.365 0x0000FF
-36.99 159.27 34.21 -37.17 157.99 36.03 0.365 0x0000FF
-36.99 159.82 32.92 -36.99 159.27 34.21 0.365 0x0000FF
-36.99 161.27 31.41 -36.99 159.82 32.92 0.365 0x0000FF
-36.99 162.18 30.42 -36.99 161.27 31.41 0.365 0x0000FF
-36.99 162.91 29.74 -36.99 162.18 30.42 0.365 0x0000FF
-36.63 163.82 28.75 -36.99 162.91 29.74 0.365 0x0000FF
-36.44 164.37 27.54 -36.63 163.82 28.75 0.365 0x0000FF
-35.53 165.1 24.06 -36.44 164.37 27.54 0.275 0x0000FF
-35.17 165.65 23.6 -35.53 165.1 24.06 0.275 0x0000FF
-34.99 166.37 22.69 -35.17 165.65 23.6 0.275 0x0000FF
-34.79 167.29 21.63 -34.99 166.37 22.69 0.275 0x0000FF
-34.99 169.29 20.35 -34.79 167.29 21.63 0.275 0x0000FF
-35.17 170.93 19.21 -34.99 169.29 20.35 0.275 0x0000FF
-35.72 172.57 18.45 -35.17 170.93 19.21 0.275 0x0000FF
-36.26 174.57 16.41 -35.72 172.57 18.45 0.275 0x0000FF
-36.44 176.03 14.67 -36.26 174.57 16.41 0.275 0x0000FF
-36.81 177.31 13.38 -36.44 176.03 14.67 0.275 0x0000FF
-36.99 178.4 10.95 -36.81 177.31 13.38 0.275 0x0000FF
-36.99 179.67 8.83 -36.99 178.4 10.95 0.275 0x0000FF
-37.36 180.77 6.48 -36.99 179.67 8.83 0.275 0x0000FF
-37.54 182.04 5.27 -37.36 180.77 6.48 0.275 0x0000FF
-38.27 183.14 4.21 -37.54 182.04 5.27 0.275 0x0000FF
-27.91 27.81 21.79 -26.63 26.71 21.63 1.005 0x0000FF
-29.91 28.72 22.09 -27.91 27.81 21.79 0.91 0x0000FF
-33.38 29.99 22.54 -29.91 28.72 22.09 0.82 0x0000FF
-34.65 29.99 22.77 -33.38 29.99 22.54 0.82 0x0000FF
-37.21 30.17 22.77 -34.65 29.99 22.77 0.73 0x0000FF
-38.11 30.17 22.09 -37.21 30.17 22.77 0.73 0x0000FF
-39.58 30.17 21.1 -38.11 30.17 22.09 0.73 0x0000FF
-40.86 30.36 20.57 -39.58 30.17 21.1 0.73 0x0000FF
-41.96 30.9 20.19 -40.86 30.36 20.57 0.73 0x0000FF
-43.05 31.63 19.21 -41.96 30.9 20.19 0.73 0x0000FF
-43.78 32.36 18.6 -43.05 31.63 19.21 0.73 0x0000FF
-46.15 33.27 17.7 -43.78 32.36 18.6 0.64 0x0000FF
-48.34 34.54 18.38 -46.15 33.27 17.7 0.64 0x0000FF
-49.62 35.46 19.36 -48.34 34.54 18.38 0.64 0x0000FF
-53.82 36.36 19.89 -49.62 35.46 19.36 0.545 0x0000FF
-56.92 36.36 20.12 -53.82 36.36 19.89 0.545 0x0000FF
-59.11 35.64 20.5 -56.92 36.36 20.12 0.545 0x0000FF
-62.94 32.54 20.88 -59.11 35.64 20.5 0.455 0x0000FF
-65.13 31.45 21.1 -62.94 32.54 20.88 0.455 0x0000FF
-67.5 29.99 22.41 -65.13 31.45 21.1 0.455 0x0000FF
-69.69 29.63 23.07 -67.5 29.99 22.41 0.455 0x0000FF
-76.38 28.46 24.51 -69.69 29.63 23.07 0.365 0x0000FF
-78.75 28.83 24.51 -76.38 28.46 24.51 0.365 0x0000FF
-81.67 28.46 23.76 -78.75 28.83 24.51 0.365 0x0000FF
-83.86 28.46 22.92 -81.67 28.46 23.76 0.365 0x0000FF
-83.86 28.46 23.98 -83.86 28.46 22.92 0.365 0x0000FF
-84.59 28.65 25.57 -83.86 28.46 23.98 0.365 0x0000FF
-87.51 28.65 25.95 -84.59 28.65 25.57 0.365 0x0000FF
-91.53 28.46 27.39 -87.51 28.65 25.95 0.275 0x0000FF
-95.17 28.83 27.77 -91.53 28.46 27.39 0.275 0x0000FF
-98.46 29.92 28.75 -95.17 28.83 27.77 0.275 0x0000FF
-20.13 8.6 33.53 -14.21 9.37 23.63 1.005 0x0000FF
-21.96 9.86 32.77 -20.13 8.6 33.53 1.005 0x0000FF
-24.51 12.24 32.77 -21.96 9.86 32.77 1.005 0x0000FF
-25.79 13.15 33.38 -24.51 12.24 32.77 1.005 0x0000FF
-28.16 14.61 34.28 -25.79 13.15 33.38 1.005 0x0000FF
-30.17 15.88 34.51 -28.16 14.61 34.28 0.91 0x0000FF
-30.72 17.52 34.21 -30.17 15.88 34.51 0.455 0x0000FF
-31.08 19.35 34.28 -30.72 17.52 34.21 0.455 0x0000FF
-32.36 23.35 34.74 -31.08 19.35 34.28 0.455 0x0000FF
-34.18 26.09 35.04 -32.36 23.35 34.74 0.455 0x0000FF
-36.01 28.64 35.34 -34.18 26.09 35.04 0.365 0x0000FF
-38.56 30.28 35.5 -36.01 28.64 35.34 0.365 0x0000FF
-41.11 32.28 35.88 -38.56 30.28 35.5 0.365 0x0000FF
-42.94 33.56 36.1 -41.11 32.28 35.88 0.365 0x0000FF
-46.04 35.38 36.56 -42.94 33.56 36.1 0.365 0x0000FF
-47.68 36.29 36.63 -46.04 35.38 36.56 0.365 0x0000FF
-49.51 37.75 36.94 -47.68 36.29 36.63 0.365 0x0000FF
-51.33 39.21 37.47 -49.51 37.75 36.94 0.365 0x0000FF
-52.79 40.85 37.77 -51.33 39.21 37.47 0.365 0x0000FF
-54.98 42.85 38.0 -52.79 40.85 37.77 0.365 0x0000FF
-56.99 44.67 38.6 -54.98 42.85 38.0 0.365 0x0000FF
-59.36 47.41 39.06 -56.99 44.67 38.6 0.365 0x0000FF
-61.37 49.41 39.74 -59.36 47.41 39.06 0.365 0x0000FF
-62.83 51.05 40.34 -61.37 49.41 39.74 0.365 0x0000FF
-63.56 51.96 41.33 -62.83 51.05 40.34 0.365 0x0000FF
-65.2 53.96 41.94 -63.56 51.96 41.33 0.365 0x0000FF
-66.29 56.15 42.47 -65.2 53.96 41.94 0.365 0x0000FF
-67.2 58.15 42.84 -66.29 56.15 42.47 0.365 0x0000FF
-67.75 59.79 43.45 -67.2 58.15 42.84 0.365 0x0000FF
-68.3 61.98 44.43 -67.75 59.79 43.45 0.365 0x0000FF
-69.2 64.17 45.42 -68.3 61.98 44.43 0.365 0x0000FF
-70.67 66.54 45.8 -69.2 64.17 45.42 0.365 0x0000FF
-73.04 68.9 46.48 -70.67 66.54 45.8 0.365 0x0000FF
-75.05 70.91 47.39 -73.04 68.9 46.48 0.365 0x0000FF
-76.88 72.55 48.07 -75.05 70.91 47.39 0.365 0x0000FF
-78.7 74.01 48.75 -76.88 72.55 48.07 0.365 0x0000FF
-80.52 74.92 49.51 -78.7 74.01 48.75 0.365 0x0000FF
-84.17 77.47 50.27 -80.52 74.92 49.51 0.365 0x0000FF
-85.82 79.11 50.65 -84.17 77.47 50.27 0.365 0x0000FF
-87.64 81.48 51.48 -85.82 79.11 50.65 0.365 0x0000FF
-90.01 84.39 50.95 -87.64 81.48 51.48 0.365 0x0000FF
-92.02 86.21 50.12 -90.01 84.39 50.95 0.365 0x0000FF
-93.66 88.4 49.96 -92.02 86.21 50.12 0.365 0x0000FF
-98.04 91.68 50.95 -93.66 88.4 49.96 0.365 0x0000FF
-30.9 15.7 34.59 -30.17 15.88 34.51 0.73 0x0000FF
-31.99 15.52 34.97 -30.9 15.7 34.59 0.64 0x0000FF
-34.18 14.97 35.27 -31.99 15.52 34.97 0.64 0x0000FF
-37.1 14.06 35.5 -34.18 14.97 35.27 0.64 0x0000FF
-38.74 13.52 35.65 -37.1 14.06 35.5 0.64 0x0000FF
-40.02 12.97 36.1 -38.74 13.52 35.65 0.64 0x0000FF
-41.3 12.6 36.63 -40.02 12.97 36.1 0.64 0x0000FF
-42.94 12.6 37.01 -41.3 12.6 36.63 0.64 0x0000FF
-45.68 12.24 37.39 -42.94 12.6 37.01 0.64 0x0000FF
-48.05 12.6 37.84 -45.68 12.24 37.39 0.64 0x0000FF
-49.33 12.79 38.29 -48.05 12.6 37.84 0.64 0x0000FF
-53.52 13.52 39.21 -49.33 12.79 38.29 0.545 0x0000FF
-54.62 13.7 39.97 -53.52 13.52 39.21 0.545 0x0000FF
-56.26 14.06 41.63 -54.62 13.7 39.97 0.545 0x0000FF
-59.0 15.16 41.71 -56.26 14.06 41.63 0.545 0x0000FF
-63.01 16.43 42.24 -59.0 15.16 41.71 0.545 0x0000FF
-67.94 17.71 42.69 -63.01 16.43 42.24 0.545 0x0000FF
-72.31 18.62 43.0 -67.94 17.71 42.69 0.545 0x0000FF
-74.87 18.62 43.37 -72.31 18.62 43.0 0.545 0x0000FF
-79.79 18.07 43.98 -74.87 18.62 43.37 0.545 0x0000FF
-80.7 18.07 44.06 -79.79 18.07 43.98 0.545 0x0000FF
-81.25 18.07 43.15 -80.7 18.07 44.06 0.545 0x0000FF
-82.9 17.71 42.39 -81.25 18.07 43.15 0.545 0x0000FF
-83.44 17.52 41.63 -82.9 17.71 42.39 0.545 0x0000FF
-84.72 16.98 40.65 -83.44 17.52 41.63 0.455 0x0000FF
-86.73 16.07 39.51 -84.72 16.98 40.65 0.455 0x0000FF
-88.92 14.79 38.83 -86.73 16.07 39.51 0.455 0x0000FF
-90.74 13.88 37.61 -88.92 14.79 38.83 0.455 0x0000FF
-92.2 12.79 36.18 -90.74 13.88 37.61 0.365 0x0000FF
-99.32 11.51 35.42 -92.2 12.79 36.18 0.365 0x0000FF
-101.32 10.6 34.89 -99.32 11.51 35.42 0.365 0x0000FF
-104.43 9.69 34.59 -101.32 10.6 34.89 0.365 0x0000FF
-107.71 8.96 33.68 -104.43 9.69 34.59 0.365 0x0000FF
-108.99 8.6 33.68 -107.71 8.96 33.68 0.365 0x0000FF
-111.54 8.41 33.83 -108.99 8.6 33.68 0.365 0x0000FF
-112.82 8.6 34.36 -111.54 8.41 33.83 0.365 0x0000FF
-115.74 8.05 35.72 -112.82 8.6 34.36 0.365 0x0000FF
-117.38 7.69 36.18 -115.74 8.05 35.72 0.365 0x0000FF
-119.02 6.77 36.4 -117.38 7.69 36.18 0.365 0x0000FF
-120.48 5.5 37.01 -119.02 6.77 36.4 0.365 0x0000FF
-121.39 3.68 37.77 -120.48 5.5 37.01 0.365 0x0000FF
-121.58 2.77 38.29 -121.39 3.68 37.77 0.365 0x0000FF
-123.22 1.49 39.06 -121.58 2.77 38.29 0.365 0x0000FF
-125.23 -0.51 39.89 -123.22 1.49 39.06 0.365 0x0000FF
-129.24 -3.06 40.65 -125.23 -0.51 39.89 0.365 0x0000FF
-131.61 -5.07 41.18 -129.24 -3.06 40.65 0.365 0x0000FF
-133.62 -6.34 41.86 -131.61 -5.07 41.18 0.365 0x0000FF
-135.08 -7.44 42.84 -133.62 -6.34 41.86 0.365 0x0000FF
-139.27 -10.17 46.48 -135.08 -7.44 42.84 0.365 0x0000FF
-140.37 -11.08 46.78 -139.27 -10.17 46.48 0.275 0x0000FF
-141.28 -12.54 46.78 -140.37 -11.08 46.78 0.275 0x0000FF
-11.38 17.16 11.03 -14.21 9.37 23.63 1.095 0x0000FF
-11.92 18.44 11.03 -11.38 17.16 11.03 1.095 0x0000FF
-11.74 20.07 10.95 -11.92 18.44 11.03 1.095 0x0000FF
-10.65 22.63 10.27 -11.74 20.07 10.95 1.005 0x0000FF
-9.19 24.27 9.82 -10.65 22.63 10.27 1.005 0x0000FF
-7.91 25.36 9.59 -9.19 24.27 9.82 0.91 0x0000FF
-7.54 25.54 8.91 -7.91 25.36 9.59 0.91 0x0000FF
-6.45 26.45 8.0 -7.54 25.54 8.91 0.91 0x0000FF
-6.08 26.82 8.0 -6.45 26.45 8.0 0.91 0x0000FF
-5.9 27.18 7.92 -6.08 26.82 8.0 0.91 0x0000FF
-5.35 27.55 9.14 -5.9 27.18 7.92 0.91 0x0000FF
-4.99 28.09 10.5 -5.35 27.55 9.14 0.91 0x0000FF
-4.62 28.64 11.18 -4.99 28.09 10.5 0.91 0x0000FF
-4.62 29.55 10.19 -4.62 28.64 11.18 0.91 0x0000FF
-4.44 30.64 8.91 -4.62 29.55 10.19 0.91 0x0000FF
-4.62 31.74 8.15 -4.44 30.64 8.91 0.91 0x0000FF
-4.62 32.83 7.7 -4.62 31.74 8.15 0.82 0x0000FF
-4.8 33.74 7.17 -4.62 32.83 7.7 0.82 0x0000FF
-4.8 34.47 5.88 -4.8 33.74 7.17 0.82 0x0000FF
-4.8 35.2 4.21 -4.8 34.47 5.88 0.82 0x0000FF
-4.8 36.84 3.0 -4.8 35.2 4.21 0.64 0x0000FF
-4.62 38.29 2.17 -4.8 36.84 3.0 0.64 0x0000FF
-4.44 39.39 1.11 -4.62 38.29 2.17 0.64 0x0000FF
-3.71 40.85 0.73 -4.44 39.39 1.11 0.64 0x0000FF
-14.84 18.25 7.62 -14.21 9.37 23.63 0.91 0x0000FF
-14.66 20.44 7.62 -14.84 18.25 7.62 0.91 0x0000FF
-14.11 22.99 7.62 -14.66 20.44 7.62 0.91 0x0000FF
-13.75 27.36 7.62 -14.11 22.99 7.62 0.82 0x0000FF
-13.93 29.55 7.62 -13.75 27.36 7.62 0.82 0x0000FF
-14.66 31.37 7.62 -13.93 29.55 7.62 0.82 0x0000FF
-15.39 34.65 7.54 -14.66 31.37 7.62 0.82 0x0000FF
-16.67 39.39 7.17 -15.39 34.65 7.54 0.73 0x0000FF
-17.03 42.12 7.01 -16.67 39.39 7.17 0.73 0x0000FF
-17.03 45.4 7.01 -17.03 42.12 7.01 0.73 0x0000FF
-17.03 49.59 6.79 -17.03 45.4 7.01 0.64 0x0000FF
-17.03 51.78 6.79 -17.03 49.59 6.79 0.64 0x0000FF
-17.39 55.6 6.18 -17.03 51.78 6.79 0.545 0x0000FF
-17.21 59.98 6.18 -17.39 55.6 6.18 0.545 0x0000FF
-16.85 63.8 5.88 -17.21 59.98 6.18 0.545 0x0000FF
-16.67 65.63 5.8 -16.85 63.8 5.88 0.455 0x0000FF
-16.85 67.26 5.73 -16.67 65.63 5.8 0.455 0x0000FF
-6.63 12.97 23.53 -14.21 9.37 23.63 0.91 0x0000FF
-5.54 14.61 23.6 -6.63 12.97 23.53 0.82 0x0000FF
-3.16 15.88 23.68 -5.54 14.61 23.6 0.64 0x0000FF
-1.71 18.62 24.06 -3.16 15.88 23.68 0.455 0x0000FF
-0.25 20.44 24.06 -1.71 18.62 24.06 0.455 0x0000FF
0.67 21.35 24.59 -0.25 20.44 24.06 0.455 0x0000FF
2.13 21.9 24.82 0.67 21.35 24.59 0.455 0x0000FF
4.68 21.9 25.42 2.13 21.9 24.82 0.455 0x0000FF
5.96 21.71 24.36 4.68 21.9 25.42 0.455 0x0000FF
9.06 20.99 22.24 5.96 21.71 24.36 0.455 0x0000FF
10.34 20.8 21.41 9.06 20.99 22.24 0.455 0x0000FF
12.89 20.99 21.41 10.34 20.8 21.41 0.455 0x0000FF
20.37 20.62 20.27 12.89 20.99 21.41 0.365 0x0000FF
23.66 20.62 19.66 20.37 20.62 20.27 0.365 0x0000FF
27.85 20.07 18.91 23.66 20.62 19.66 0.365 0x0000FF
34.6 19.35 18.07 27.85 20.07 18.91 0.365 0x0000FF
37.15 18.44 17.7 34.6 19.35 18.07 0.365 0x0000FF
42.45 17.52 17.62 37.15 18.44 17.7 0.365 0x0000FF
46.1 16.61 17.32 42.45 17.52 17.62 0.365 0x0000FF
49.75 15.52 17.16 46.1 16.61 17.32 0.365 0x0000FF
52.3 14.61 16.94 49.75 15.52 17.16 0.365 0x0000FF
54.86 12.6 16.55 52.3 14.61 16.94 0.365 0x0000FF
57.59 10.97 16.48 54.86 12.6 16.55 0.365 0x0000FF
59.6 10.24 17.01 57.59 10.97 16.48 0.365 0x0000FF
62.52 9.14 17.54 59.6 10.24 17.01 0.365 0x0000FF
68.72 7.5 17.7 62.52 9.14 17.54 0.275 0x0000FF
-0.79 16.25 23.83 -3.16 15.88 23.68 0.455 0x0000FF
0.85 16.43 24.66 -0.79 16.25 23.83 0.365 0x0000FF
1.21 16.43 23.6 0.85 16.43 24.66 0.365 0x0000FF
1.76 16.8 22.77 1.21 16.43 23.6 0.365 0x0000FF
3.22 16.98 20.65 1.76 16.8 22.77 0.275 0x0000FF
4.13 17.34 20.19 3.22 16.98 20.65 0.275 0x0000FF
4.5 17.34 19.73 4.13 17.34 20.19 0.275 0x0000FF
-5.35 9.51 17.92 -14.21 9.37 23.63 1.735 0x0000FF
-4.26 9.86 18.07 -5.35 9.51 17.92 1.735 0x0000FF
-3.35 10.05 18.82 -4.26 9.86 18.07 1.735 0x0000FF
-1.15 9.69 19.59 -3.35 10.05 18.82 1.55 0x0000FF
-0.43 9.33 19.73 -1.15 9.69 19.59 1.55 0x0000FF
1.03 8.6 19.05 -0.43 9.33 19.73 1.275 0x0000FF
2.31 8.05 18.3 1.03 8.6 19.05 1.275 0x0000FF
5.78 7.14 17.47 2.31 8.05 18.3 1.095 0x0000FF
7.42 6.96 17.01 5.78 7.14 17.47 1.095 0x0000FF
10.88 6.59 16.71 7.42 6.96 17.01 1.095 0x0000FF
14.72 5.68 15.73 10.88 6.59 16.71 1.005 0x0000FF
18.55 4.76 15.65 14.72 5.68 15.73 1.005 0x0000FF
20.92 4.41 15.5 18.55 4.76 15.65 1.005 0x0000FF
23.47 4.22 15.27 20.92 4.41 15.5 1.005 0x0000FF
25.12 4.22 14.89 23.47 4.22 15.27 1.005 0x0000FF
27.67 4.04 16.18 25.12 4.22 14.89 1.005 0x0000FF
29.86 3.86 16.63 27.67 4.04 16.18 1.005 0x0000FF
32.4 3.49 17.39 29.86 3.86 16.63 1.005 0x0000FF
36.06 3.13 17.85 32.4 3.49 17.39 0.91 0x0000FF
40.26 1.67 18.23 36.06 3.13 17.85 0.91 0x0000FF
46.1 0.76 18.68 40.26 1.67 18.23 0.91 0x0000FF
48.83 -1.61 18.68 46.1 0.76 18.68 0.545 0x0000FF
49.2 -4.51 19.44 48.83 -1.61 18.68 0.455 0x0000FF
50.48 -8.52 23.83 49.2 -4.51 19.44 0.455 0x0000FF
51.21 -9.61 24.06 50.48 -8.52 23.83 0.455 0x0000FF
51.57 -10.17 24.97 51.21 -9.61 24.06 0.455 0x0000FF
52.85 -10.17 26.48 51.57 -10.17 24.97 0.365 0x0000FF
54.13 -10.72 28.0 52.85 -10.17 26.48 0.365 0x0000FF
56.5 -11.81 29.97 54.13 -10.72 28.0 0.275 0x0000FF
57.77 -12.54 31.33 56.5 -11.81 29.97 0.275 0x0000FF
58.69 -13.09 31.63 57.77 -12.54 31.33 0.275 0x0000FF
60.33 -14.0 32.24 58.69 -13.09 31.63 0.275 0x0000FF
61.97 -14.91 32.47 60.33 -14.0 32.24 0.275 0x0000FF
63.07 -15.82 33.6 61.97 -14.91 32.47 0.275 0x0000FF
64.7 -16.91 33.6 63.07 -15.82 33.6 0.275 0x0000FF
66.17 -17.46 34.28 64.7 -16.91 33.6 0.275 0x0000FF
68.54 -18.37 34.89 66.17 -17.46 34.28 0.275 0x0000FF
71.64 -19.82 35.04 68.54 -18.37 34.89 0.275 0x0000FF
74.2 -22.2 36.1 71.64 -19.82 35.04 0.275 0x0000FF
75.11 -23.83 36.47 74.2 -22.2 36.1 0.275 0x0000FF
76.56 -25.11 37.01 75.11 -23.83 36.47 0.275 0x0000FF
78.39 -27.84 37.09 76.56 -25.11 37.01 0.275 0x0000FF
51.02 -4.16 18.53 48.83 -1.61 18.68 0.455 0x0000FF
53.4 -7.25 17.92 51.02 -4.16 18.53 0.365 0x0000FF
54.31 -8.89 17.92 53.4 -7.25 17.92 0.365 0x0000FF
54.67 -10.72 17.54 54.31 -8.89 17.92 0.365 0x0000FF
55.04 -11.99 17.01 54.67 -10.72 17.54 0.365 0x0000FF
55.4 -13.45 15.95 55.04 -11.99 17.01 0.365 0x0000FF
56.13 -15.27 15.04 55.4 -13.45 15.95 0.365 0x0000FF
56.68 -16.55 14.29 56.13 -15.27 15.04 0.365 0x0000FF
57.23 -17.64 13.53 56.68 -16.55 14.29 0.365 0x0000FF
57.59 -18.55 12.85 57.23 -17.64 13.53 0.365 0x0000FF
58.14 -19.1 12.17 57.59 -18.55 12.85 0.365 0x0000FF
58.69 -19.82 10.65 58.14 -19.1 12.17 0.275 0x0000FF
59.6 -20.92 10.11 58.69 -19.82 10.65 0.275 0x0000FF
59.78 -22.2 10.5 59.6 -20.92 10.11 0.275 0x0000FF
59.78 -23.47 10.73 59.78 -22.2 10.5 0.275 0x0000FF
59.78 -24.2 11.33 59.78 -23.47 10.73 0.275 0x0000FF
59.23 -25.11 12.7 59.78 -24.2 11.33 0.275 0x0000FF
63.07 -20.92 9.36 59.6 -20.92 10.11 0.275 0x0000FF
64.89 -21.28 9.21 63.07 -20.92 9.36 0.275 0x0000FF
66.34 -21.47 8.52 64.89 -21.28 9.21 0.275 0x0000FF
69.45 -21.83 8.15 66.34 -21.47 8.52 0.275 0x0000FF
48.47 0.57 19.05 46.1 0.76 18.68 0.455 0x0000FF
52.67 0.57 18.91 48.47 0.57 19.05 0.365 0x0000FF
54.49 0.57 18.76 52.67 0.57 18.91 0.365 0x0000FF
58.14 0.57 18.6 54.49 0.57 18.76 0.275 0x0000FF
62.15 0.22 17.39 58.14 0.57 18.6 0.275 0x0000FF
64.7 -0.15 17.39 62.15 0.22 17.39 0.275 0x0000FF
67.08 -0.51 17.39 64.7 -0.15 17.39 0.275 0x0000FF
71.28 -0.15 17.39 67.08 -0.51 17.39 0.275 0x0000FF
73.83 0.03 17.39 71.28 -0.15 17.39 0.275 0x0000FF
78.03 0.03 17.39 73.83 0.03 17.39 0.275 0x0000FF
80.4 -0.51 17.39 78.03 0.03 17.39 0.275 0x0000FF
-12.38 1.24 12.47 -14.21 9.37 23.63 1.915 0x0000FF
-12.38 -0.95 12.85 -12.38 1.24 12.47 1.915 0x0000FF
-12.38 -3.5 14.06 -12.38 -0.95 12.85 1.735 0x0000FF
-12.02 -5.68 14.74 -12.38 -3.5 14.06 1.735 0x0000FF
-12.02 -7.32 15.12 -12.02 -5.68 14.74 1.64 0x0000FF
-11.84 -8.6 15.73 -12.02 -7.32 15.12 1.64 0x0000FF
-11.84 -10.42 16.03 -11.84 -8.6 15.73 1.64 0x0000FF
-11.65 -12.61 16.94 -11.84 -10.42 16.03 1.64 0x0000FF
-11.29 -15.34 17.32 -11.65 -12.61 16.94 1.64 0x0000FF
-11.11 -18.62 18.45 -11.29 -15.34 17.32 1.64 0x0000FF
-10.92 -19.35 18.98 -11.11 -18.62 18.45 1.64 0x0000FF
-10.74 -19.89 19.59 -10.92 -19.35 18.98 1.64 0x0000FF
-10.38 -20.81 20.65 -10.74 -19.89 19.59 1.64 0x0000FF
-10.56 -21.54 20.95 -10.38 -20.81 20.65 1.64 0x0000FF
-10.92 -24.45 22.09 -10.56 -21.54 20.95 1.185 0x0000FF
-11.11 -26.27 22.09 -10.92 -24.45 22.09 1.185 0x0000FF
-10.92 -27.91 22.16 -11.11 -26.27 22.09 1.185 0x0000FF
-11.29 -29.55 22.39 -10.92 -27.91 22.16 1.185 0x0000FF
-10.92 -30.46 21.94 -11.29 -29.55 22.39 1.185 0x0000FF
-12.16 -30.7 19.59 -10.92 -30.46 21.94 0.455 0x0000FF
-13.98 -31.79 20.12 -12.16 -30.7 19.59 0.455 0x0000FF
-14.53 -32.7 19.66 -13.98 -31.79 20.12 0.455 0x0000FF
-14.71 -33.43 19.44 -14.53 -32.7 19.66 0.455 0x0000FF
-14.71 -34.7 19.05 -14.71 -33.43 19.44 0.455 0x0000FF
-14.35 -35.97 18.68 -14.71 -34.7 19.05 0.455 0x0000FF
-13.62 -37.61 18.38 -14.35 -35.97 18.68 0.455 0x0000FF
-13.44 -38.53 18.3 -13.62 -37.61 18.38 0.455 0x0000FF
-12.71 -39.26 18.07 -13.44 -38.53 18.3 0.455 0x0000FF
-11.98 -40.17 18.68 -12.71 -39.26 18.07 0.365 0x0000FF
-11.61 -40.72 18.45 -11.98 -40.17 18.68 0.365 0x0000FF
-10.52 -41.26 17.85 -11.61 -40.72 18.45 0.365 0x0000FF
-10.15 -41.45 16.94 -10.52 -41.26 17.85 0.365 0x0000FF
-8.51 -42.54 15.73 -10.15 -41.45 16.94 0.365 0x0000FF
-6.69 -43.27 14.29 -8.51 -42.54 15.73 0.365 0x0000FF
-5.23 -44.18 12.85 -6.69 -43.27 14.29 0.365 0x0000FF
-4.5 -44.91 12.01 -5.23 -44.18 12.85 0.365 0x0000FF
-3.95 -45.64 10.95 -4.5 -44.91 12.01 0.365 0x0000FF
-3.77 -46.18 10.73 -3.95 -45.64 10.95 0.365 0x0000FF
-3.58 -46.73 8.44 -3.77 -46.18 10.73 0.365 0x0000FF
-3.77 -47.46 8.15 -3.58 -46.73 8.44 0.365 0x0000FF
-3.77 -48.0 7.39 -3.77 -47.46 8.15 0.365 0x0000FF
-3.58 -48.55 6.48 -3.77 -48.0 7.39 0.365 0x0000FF
-3.95 -49.1 6.18 -3.58 -48.55 6.48 0.365 0x0000FF
-4.13 -49.64 4.88 -3.95 -49.1 6.18 0.365 0x0000FF
-4.5 -50.19 3.53 -4.13 -49.64 4.88 0.365 0x0000FF
-4.86 -50.74 2.62 -4.5 -50.19 3.53 0.365 0x0000FF
-4.86 -51.47 2.31 -4.86 -50.74 2.62 0.365 0x0000FF
-5.23 -52.74 1.26 -4.86 -51.47 2.31 0.365 0x0000FF
-5.23 -53.84 0.2 -5.23 -52.74 1.26 0.365 0x0000FF
-5.59 -54.56 0.2 -5.23 -53.84 0.2 0.365 0x0000FF
-6.69 -55.48 -0.86 -5.59 -54.56 0.2 0.365 0x0000FF
-7.6 -55.84 -1.24 -6.69 -55.48 -0.86 0.365 0x0000FF
-8.69 -56.75 -2.23 -7.6 -55.84 -1.24 0.365 0x0000FF
-9.24 -57.11 -3.06 -8.69 -56.75 -2.23 0.365 0x0000FF
-10.52 -58.21 -3.21 -9.24 -57.11 -3.06 0.365 0x0000FF
-10.52 -61.12 -4.05 -10.52 -58.21 -3.21 0.365 0x0000FF
-10.34 -62.4 -4.34 -10.52 -61.12 -4.05 0.365 0x0000FF
-9.61 -64.4 -4.42 -10.34 -62.4 -4.34 0.365 0x0000FF
-9.24 -66.04 -4.42 -9.61 -64.4 -4.42 0.365 0x0000FF
-9.06 -67.14 -4.58 -9.24 -66.04 -4.42 0.365 0x0000FF
-11.98 -41.26 18.07 -12.71 -39.26 18.07 0.365 0x0000FF
-11.8 -43.63 17.92 -11.98 -41.26 18.07 0.365 0x0000FF
-11.25 -45.45 17.62 -11.8 -43.63 17.92 0.365 0x0000FF
-10.34 -46.91 17.09 -11.25 -45.45 17.62 0.365 0x0000FF
-9.24 -48.37 17.01 -10.34 -46.91 17.09 0.365 0x0000FF
-7.96 -49.64 16.41 -9.24 -48.37 17.01 0.365 0x0000FF
-6.69 -51.47 15.95 -7.96 -49.64 16.41 0.365 0x0000FF
-4.86 -53.84 15.65 -6.69 -51.47 15.95 0.365 0x0000FF
-2.86 -56.75 15.2 -4.86 -53.84 15.65 0.365 0x0000FF
-2.13 -57.84 15.12 -2.86 -56.75 15.2 0.365 0x0000FF
-1.03 -60.03 14.97 -2.13 -57.84 15.12 0.365 0x0000FF
-0.12 -62.22 14.74 -1.03 -60.03 14.97 0.365 0x0000FF
2.06 -64.22 14.36 -0.12 -62.22 14.74 0.365 0x0000FF
3.9 -65.68 14.29 2.06 -64.22 14.36 0.365 0x0000FF
5.36 -66.22 13.83 3.9 -65.68 14.29 0.365 0x0000FF
6.63 -66.95 13.07 5.36 -66.22 13.83 0.365 0x0000FF
7.91 -67.86 12.17 6.63 -66.95 13.07 0.365 0x0000FF
8.09 -68.41 11.41 7.91 -67.86 12.17 0.365 0x0000FF
8.46 -70.05 7.09 8.09 -68.41 11.41 0.365 0x0000FF
8.82 -71.51 6.86 8.46 -70.05 7.09 0.365 0x0000FF
9.19 -72.42 6.56 8.82 -71.51 6.86 0.365 0x0000FF
9.36 -73.33 5.65 9.19 -72.42 6.56 0.365 0x0000FF
9.36 -74.79 4.97 9.36 -73.33 5.65 0.365 0x0000FF
9.55 -76.61 4.36 9.36 -74.79 4.97 0.365 0x0000FF
9.73 -77.52 4.13 9.55 -76.61 4.36 0.365 0x0000FF
10.65 -78.43 3.3 9.73 -77.52 4.13 0.365 0x0000FF
11.01 -78.98 2.31 10.65 -78.43 3.3 0.365 0x0000FF
12.11 -79.89 0.65 11.01 -78.98 2.31 0.365 0x0000FF
13.38 -80.62 -0.48 12.11 -79.89 0.65 0.365 0x0000FF
14.48 -80.98 -1.02 13.38 -80.62 -0.48 0.365 0x0000FF
15.39 -81.17 -2.0 14.48 -80.98 -1.02 0.365 0x0000FF
-10.56 -32.29 22.77 -10.92 -30.46 21.94 1.005 0x0000FF
-10.56 -33.93 23.22 -10.56 -32.29 22.77 1.005 0x0000FF
-10.19 -34.84 24.06 -10.56 -33.93 23.22 1.005 0x0000FF
-9.83 -38.11 24.82 -10.19 -34.84 24.06 0.91 0x0000FF
-9.83 -40.11 25.35 -9.83 -38.11 24.82 0.91 0x0000FF
-10.19 -42.12 26.03 -9.83 -40.11 25.35 0.91 0x0000FF
-10.01 -44.49 26.41 -10.19 -42.12 26.03 0.91 0x0000FF
-10.19 -46.13 27.47 -10.01 -44.49 26.41 0.91 0x0000FF
-10.19 -48.14 27.85 -10.19 -46.13 27.47 0.91 0x0000FF
-10.38 -49.96 28.6 -10.19 -48.14 27.85 0.91 0x0000FF
-10.38 -51.23 29.13 -10.38 -49.96 28.6 0.91 0x0000FF
-10.56 -51.78 29.82 -10.38 -51.23 29.13 0.91 0x0000FF
-10.74 -52.87 30.88 -10.56 -51.78 29.82 0.91 0x0000FF
-11.47 -55.61 31.33 -10.74 -52.87 30.88 0.91 0x0000FF
-12.38 -58.7 32.09 -11.47 -55.61 31.33 0.91 0x0000FF
-14.21 -62.53 32.69 -12.38 -58.7 32.09 0.91 0x0000FF
-15.49 -65.81 33.07 -14.21 -62.53 32.69 0.91 0x0000FF
-16.03 -69.45 33.6 -15.49 -65.81 33.07 0.91 0x0000FF
-16.03 -73.64 34.28 -16.03 -69.45 33.6 0.91 0x0000FF
-16.57 -77.65 34.51 -16.03 -73.64 34.28 0.91 0x0000FF
-15.85 -82.21 35.42 -16.57 -77.65 34.51 0.91 0x0000FF
-15.49 -85.31 35.65 -15.85 -82.21 35.42 0.91 0x0000FF
-15.3 -87.49 36.63 -15.49 -85.31 35.65 0.91 0x0000FF
-14.94 -91.14 37.54 -15.3 -87.49 36.63 0.91 0x0000FF
-14.76 -94.78 38.0 -14.94 -91.14 37.54 0.91 0x0000FF
-14.21 -99.33 38.83 -14.76 -94.78 38.0 0.91 0x0000FF
-13.66 -103.34 39.44 -14.21 -99.33 38.83 0.91 0x0000FF
-13.3 -106.8 39.74 -13.66 -103.34 39.44 0.91 0x0000FF
-12.57 -109.9 40.42 -13.3 -106.8 39.74 0.91 0x0000FF
-12.34 -112.9 40.95 -12.57 -109.9 40.42 0.91 0x0000FF
-12.15 -113.81 41.71 -12.34 -112.9 40.95 0.91 0x0000FF
-12.15 -116.73 42.47 -12.15 -113.81 41.71 0.91 0x0000FF
-12.34 -117.82 44.81 -12.15 -116.73 42.47 0.91 0x0000FF
-12.06 -119.24 43.75 -12.34 -117.82 44.81 0.455 0x0000FF
-12.06 -121.61 43.68 -12.06 -119.24 43.75 0.455 0x0000FF
-11.88 -123.62 43.15 -12.06 -121.61 43.68 0.455 0x0000FF
-10.97 -125.99 42.54 -11.88 -123.62 43.15 0.275 0x0000FF
-10.78 -128.35 42.31 -10.97 -125.99 42.54 0.275 0x0000FF
-10.42 -130.18 42.16 -10.78 -128.35 42.31 0.275 0x0000FF
-9.51 -134.72 41.78 -10.42 -130.18 42.16 0.275 0x0000FF
-8.41 -137.83 41.78 -9.51 -134.72 41.78 0.275 0x0000FF
-7.68 -143.84 41.78 -8.41 -137.83 41.78 0.275 0x0000FF
-7.32 -148.58 41.78 -7.68 -143.84 41.78 0.275 0x0000FF
-6.4 -152.04 41.78 -7.32 -148.58 41.78 0.275 0x0000FF
-6.04 -156.22 41.78 -6.4 -152.04 41.78 0.275 0x0000FF
-5.67 -159.15 41.63 -6.04 -156.22 41.78 0.275 0x0000FF
-5.13 -161.69 41.63 -5.67 -159.15 41.63 0.275 0x0000FF
-4.4 -163.52 41.56 -5.13 -161.69 41.63 0.275 0x0000FF
-12.52 -119.82 44.81 -12.34 -117.82 44.81 0.82 0x0000FF
-12.88 -121.1 44.97 -12.52 -119.82 44.81 0.82 0x0000FF
-13.25 -123.65 45.42 -12.88 -121.1 44.97 0.82 0x0000FF
-13.25 -122.56 45.12 -13.25 -123.65 45.42 0.82 0x0000FF
-13.25 -124.56 44.97 -13.25 -122.56 45.12 0.82 0x0000FF
-13.25 -126.75 44.28 -13.25 -124.56 44.97 0.73 0x0000FF
-13.25 -128.57 43.6 -13.25 -126.75 44.28 0.73 0x0000FF
-13.25 -130.21 43.0 -13.25 -128.57 43.6 0.73 0x0000FF
-13.43 -132.03 42.62 -13.25 -130.21 43.0 0.73 0x0000FF
-13.8 -134.04 42.39 -13.43 -132.03 42.62 0.73 0x0000FF
-14.16 -135.86 41.63 -13.8 -134.04 42.39 0.73 0x0000FF
-13.61 -136.94 43.07 -14.16 -135.86 41.63 0.73 0x0000FF
-14.53 -136.77 43.6 -13.61 -136.94 43.07 0.73 0x0000FF
-14.53 -137.13 44.59 -14.53 -136.77 43.6 0.73 0x0000FF
-14.71 -137.5 44.81 -14.53 -137.13 44.59 0.73 0x0000FF
-14.71 -138.22 45.19 -14.71 -137.5 44.81 0.73 0x0000FF
-13.43 -140.05 46.63 -14.71 -138.22 45.19 0.73 0x0000FF
-12.52 -142.22 46.93 -13.43 -140.05 46.63 0.73 0x0000FF
-12.7 -146.06 47.62 -12.52 -142.22 46.93 0.73 0x0000FF
-12.52 -148.79 47.84 -12.7 -146.06 47.62 0.73 0x0000FF
-12.34 -152.26 48.45 -12.52 -148.79 47.84 0.73 0x0000FF
-12.34 -155.35 48.98 -12.34 -152.26 48.45 0.73 0x0000FF
-12.7 -159.36 49.96 -12.34 -155.35 48.98 0.73 0x0000FF
-12.88 -161.37 50.72 -12.7 -159.36 49.96 0.73 0x0000FF
-13.43 -172.48 51.48 -12.88 -161.37 50.72 0.73 0x0000FF
-13.25 -180.5 51.48 -13.43 -172.48 51.48 0.73 0x0000FF
-12.88 -184.87 52.69 -13.25 -180.5 51.48 0.73 0x0000FF
-12.11 -185.43 52.62 -12.88 -184.87 52.69 0.455 0x0000FF
-12.11 -186.16 53.52 -12.11 -185.43 52.62 0.455 0x0000FF
-12.11 -186.71 53.83 -12.11 -186.16 53.52 0.455 0x0000FF
-12.11 -187.8 54.96 -12.11 -186.71 53.83 0.455 0x0000FF
-11.75 -188.9 55.19 -12.11 -187.8 54.96 0.455 0x0000FF
-11.57 -189.44 55.42 -11.75 -188.9 55.19 0.455 0x0000FF
-11.75 -190.72 55.95 -11.57 -189.44 55.42 0.455 0x0000FF
-11.75 -191.08 56.55 -11.75 -190.72 55.95 0.455 0x0000FF
-12.3 -192.36 57.24 -11.75 -191.08 56.55 0.455 0x0000FF
-12.48 -193.45 57.62 -12.3 -192.36 57.24 0.455 0x0000FF
-13.03 -194.54 58.3 -12.48 -193.45 57.62 0.455 0x0000FF
-13.57 -195.82 58.6 -13.03 -194.54 58.3 0.455 0x0000FF
-13.75 -197.09 58.9 -13.57 -195.82 58.6 0.455 0x0000FF
-14.3 -198.55 59.28 -13.75 -197.09 58.9 0.455 0x0000FF
-14.67 -200.01 59.51 -14.3 -198.55 59.28 0.455 0x0000FF
-15.4 -201.29 59.96 -14.67 -200.01 59.51 0.455 0x0000FF
-15.76 -202.74 60.19 -15.4 -201.29 59.96 0.455 0x0000FF
-15.76 -204.75 60.57 -15.76 -202.74 60.19 0.455 0x0000FF
-15.4 -207.12 60.95 -15.76 -204.75 60.57 0.455 0x0000FF
-15.21 -209.48 61.18 -15.4 -207.12 60.95 0.455 0x0000FF
-14.85 -211.67 61.71 -15.21 -209.48 61.18 0.455 0x0000FF
-15.58 -213.67 61.55 -14.85 -211.67 61.71 0.455 0x0000FF
-16.86 -215.13 60.49 -15.58 -213.67 61.55 0.455 0x0000FF
-17.59 -216.23 59.51 -16.86 -215.13 60.49 0.455 0x0000FF
-19.05 -219.69 58.45 -17.59 -216.23 59.51 0.455 0x0000FF
-19.41 -221.51 57.77 -19.05 -219.69 58.45 0.455 0x0000FF
-18.86 -225.15 57.31 -19.41 -221.51 57.77 0.455 0x0000FF
-18.86 -226.25 57.84 -18.86 -225.15 57.31 0.455 0x0000FF
-18.86 -226.79 58.9 -18.86 -226.25 57.84 0.455 0x0000FF
-18.86 -227.52 59.51 -18.86 -226.79 58.9 0.455 0x0000FF
-18.68 -229.34 59.81 -18.86 -227.52 59.51 0.455 0x0000FF
-18.68 -232.62 61.33 -18.68 -229.34 59.81 0.455 0x0000FF
-18.68 -234.63 61.63 -18.68 -232.62 61.33 0.455 0x0000FF
-18.86 -237.18 62.08 -18.68 -234.63 61.63 0.455 0x0000FF
-19.59 -244.65 62.92 -18.86 -237.18 62.08 0.455 0x0000FF
-19.78 -252.12 63.9 -19.59 -244.65 62.92 0.455 0x0000FF
-19.78 -261.58 64.81 -19.78 -252.12 63.9 0.455 0x0000FF
-20.14 -273.44 65.42 -19.78 -261.58 64.81 0.455 0x0000FF
-19.96 -279.08 66.02 -20.14 -273.44 65.42 0.455 0x0000FF
-20.65 -288.43 66.55 -19.96 -279.08 66.02 0.455 0x0000FF
-21.2 -290.43 66.86 -20.65 -288.43 66.55 0.455 0x0000FF
-21.56 -292.99 67.08 -21.2 -290.43 66.86 0.455 0x0000FF
-22.66 -296.08 65.95 -21.56 -292.99 67.08 0.455 0x0000FF
-23.02 -298.08 64.13 -22.66 -296.08 65.95 0.455 0x0000FF
-23.39 -301.0 62.77 -23.02 -298.08 64.13 0.455 0x0000FF
-23.57 -303.55 61.86 -23.39 -301.0 62.77 0.455 0x0000FF
-24.66 -308.29 59.89 -23.57 -303.55 61.86 0.455 0x0000FF
-26.12 -311.75 59.58 -24.66 -308.29 59.89 0.455 0x0000FF
-30.87 -317.58 61.48 -26.12 -311.75 59.58 0.455 0x0000FF
-31.96 -321.04 61.93 -30.87 -317.58 61.48 0.455 0x0000FF
-33.6 -325.6 60.34 -31.96 -321.04 61.93 0.455 0x0000FF
-38.89 -335.8 59.05 -33.6 -325.6 60.34 0.365 0x0000FF
-39.24 -340.4 60.95 -38.89 -335.8 59.05 0.365 0x0000FF
-39.42 -342.04 61.33 -39.24 -340.4 60.95 0.365 0x0000FF
-39.24 -343.13 61.63 -39.42 -342.04 61.33 0.365 0x0000FF
-39.06 -344.77 62.46 -39.24 -343.13 61.63 0.365 0x0000FF
-38.88 -346.05 62.84 -39.06 -344.77 62.46 0.365 0x0000FF
-38.33 -349.33 63.22 -38.88 -346.05 62.84 0.365 0x0000FF
-37.78 -351.51 63.98 -38.33 -349.33 63.22 0.365 0x0000FF
-37.42 -352.79 65.04 -37.78 -351.51 63.98 0.365 0x0000FF
-37.04 -353.7 65.87 -37.42 -352.79 65.04 0.365 0x0000FF
-36.86 -355.16 66.86 -37.04 -353.7 65.87 0.365 0x0000FF
-36.86 -355.89 67.92 -36.86 -355.16 66.86 0.365 0x0000FF
-36.86 -357.16 68.59 -36.86 -355.89 67.92 0.365 0x0000FF
-37.04 -357.89 70.11 -36.86 -357.16 68.59 0.365 0x0000FF
-37.78 -359.35 71.25 -37.04 -357.89 70.11 0.365 0x0000FF
-38.15 -360.99 72.01 -37.78 -359.35 71.25 0.365 0x0000FF
-38.33 -361.9 72.61 -38.15 -360.99 72.01 0.365 0x0000FF
-38.33 -362.45 73.37 -38.33 -361.9 72.61 0.365 0x0000FF
-38.33 -363.72 74.2 -38.33 -362.45 73.37 0.365 0x0000FF
-38.15 -364.27 74.95 -38.33 -363.72 74.2 0.365 0x0000FF
-38.15 -365.0 75.8 -38.15 -364.27 74.95 0.365 0x0000FF
-37.78 -366.27 76.78 -38.15 -365.0 75.8 0.365 0x0000FF
-37.04 -368.46 77.45 -37.78 -366.27 76.78 0.365 0x0000FF
-35.77 -372.47 78.22 -37.04 -368.46 77.45 0.275 0x0000FF
-34.86 -375.02 78.52 -35.77 -372.47 78.22 0.275 0x0000FF
-41.45 -340.9 58.6 -38.89 -335.8 59.05 0.365 0x0000FF
-44.19 -344.37 58.45 -41.45 -340.9 58.6 0.365 0x0000FF
-45.83 -348.56 58.3 -44.19 -344.37 58.45 0.365 0x0000FF
-46.74 -351.84 58.98 -45.83 -348.56 58.3 0.365 0x0000FF
-48.02 -355.3 59.58 -46.74 -351.84 58.98 0.365 0x0000FF
-49.48 -361.67 59.96 -48.02 -355.3 59.58 0.365 0x0000FF
-52.76 -368.23 60.65 -49.48 -361.67 59.96 0.365 0x0000FF
-53.49 -370.97 60.65 -52.76 -368.23 60.65 0.365 0x0000FF
-54.02 -372.83 60.34 -53.49 -370.97 60.65 0.365 0x0000FF
-54.2 -373.56 59.58 -54.02 -372.83 60.34 0.365 0x0000FF
-55.11 -375.38 58.3 -54.2 -373.56 59.58 0.365 0x0000FF
-55.84 -377.57 57.62 -55.11 -375.38 58.3 0.365 0x0000FF
-55.48 -383.95 56.71 -55.84 -377.57 57.62 0.365 0x0000FF
-55.48 -386.86 56.71 -55.48 -383.95 56.71 0.365 0x0000FF
-55.66 -390.87 56.4 -55.48 -386.86 56.71 0.365 0x0000FF
-55.66 -395.06 56.25 -55.66 -390.87 56.4 0.365 0x0000FF
-56.03 -403.62 55.65 -55.66 -395.06 56.25 0.365 0x0000FF
-55.48 -411.09 55.42 -56.03 -403.62 55.65 0.365 0x0000FF
-55.3 -411.82 55.04 -55.48 -411.09 55.42 0.365 0x0000FF
-54.57 -414.37 54.28 -55.3 -411.82 55.04 0.365 0x0000FF
-54.75 -415.47 53.9 -54.57 -414.37 54.28 0.365 0x0000FF
-55.66 -417.47 52.92 -54.75 -415.47 53.9 0.365 0x0000FF
-56.03 -419.47 52.31 -55.66 -417.47 52.92 0.365 0x0000FF
-56.94 -422.03 51.78 -56.03 -419.47 52.31 0.365 0x0000FF
-57.3 -424.39 50.57 -56.94 -422.03 51.78 0.365 0x0000FF
-57.49 -425.85 50.27 -57.3 -424.39 50.57 0.365 0x0000FF
-57.49 -426.4 48.98 -57.49 -425.85 50.27 0.365 0x0000FF
-57.3 -427.86 47.54 -57.49 -426.4 48.98 0.365 0x0000FF
-57.3 -428.58 45.5 -57.3 -427.86 47.54 0.365 0x0000FF
-57.85 -430.77 44.89 -57.3 -428.58 45.5 0.365 0x0000FF
-58.03 -433.32 43.22 -57.85 -430.77 44.89 0.365 0x0000FF
-53.84 -419.66 54.06 -54.75 -415.47 53.9 0.365 0x0000FF
-52.93 -421.48 53.07 -53.84 -419.66 54.06 0.365 0x0000FF
-51.47 -422.75 54.21 -52.93 -421.48 53.07 0.365 0x0000FF
-49.46 -424.21 54.81 -51.47 -422.75 54.21 0.365 0x0000FF
-47.45 -425.67 55.42 -49.46 -424.21 54.81 0.365 0x0000FF
-45.99 -427.13 56.33 -47.45 -425.67 55.42 0.365 0x0000FF
-44.71 -428.22 56.48 -45.99 -427.13 56.33 0.365 0x0000FF
-43.98 -429.5 57.46 -44.71 -428.22 56.48 0.365 0x0000FF
-43.26 -431.32 58.45 -43.98 -429.5 57.46 0.365 0x0000FF
-42.71 -432.96 58.98 -43.26 -431.32 58.45 0.365 0x0000FF
-42.16 -433.69 59.96 -42.71 -432.96 58.98 0.365 0x0000FF
-41.8 -434.41 60.72 -42.16 -433.69 59.96 0.365 0x0000FF
-57.3 -380.12 57.31 -55.84 -377.57 57.62 0.365 0x0000FF
-58.58 -381.58 56.93 -57.3 -380.12 57.31 0.365 0x0000FF
-60.41 -383.4 56.25 -58.58 -381.58 56.93 0.365 0x0000FF
-66.06 -385.4 55.95 -60.41 -383.4 56.25 0.365 0x0000FF
-68.98 -386.13 56.78 -66.06 -385.4 55.95 0.365 0x0000FF
-73.36 -387.59 57.39 -68.98 -386.13 56.78 0.365 0x0000FF
-77.56 -389.23 57.62 -73.36 -387.59 57.39 0.365 0x0000FF
-79.93 -389.96 58.45 -77.56 -389.23 57.62 0.365 0x0000FF
-82.12 -391.05 58.68 -79.93 -389.96 58.45 0.365 0x0000FF
-84.12 -391.96 59.28 -82.12 -391.05 58.68 0.365 0x0000FF
-85.4 -392.51 59.81 -84.12 -391.96 59.28 0.365 0x0000FF
-87.59 -393.42 60.72 -85.4 -392.51 59.81 0.365 0x0000FF
-89.78 -396.52 62.54 -87.59 -393.42 60.72 0.365 0x0000FF
-89.23 -398.7 62.54 -89.78 -396.52 62.54 0.365 0x0000FF
-89.42 -401.44 62.77 -89.23 -398.7 62.54 0.365 0x0000FF
-89.6 -402.89 63.07 -89.42 -401.44 62.77 0.365 0x0000FF
-90.33 -404.72 63.22 -89.6 -402.89 63.07 0.365 0x0000FF
-90.88 -406.17 63.45 -90.33 -404.72 63.22 0.365 0x0000FF
-91.24 -408.91 63.68 -90.88 -406.17 63.45 0.365 0x0000FF
-90.88 -411.09 63.83 -91.24 -408.91 63.68 0.365 0x0000FF
-90.15 -413.28 64.2 -90.88 -411.09 63.83 0.365 0x0000FF
-89.96 -415.47 64.58 -90.15 -413.28 64.2 0.365 0x0000FF
-89.96 -418.38 64.95 -89.96 -415.47 64.58 0.365 0x0000FF
-89.78 -422.39 65.42 -89.96 -418.38 64.95 0.365 0x0000FF
-89.6 -425.85 65.87 -89.78 -422.39 65.42 0.365 0x0000FF
-89.6 -429.68 66.18 -89.6 -425.85 65.87 0.365 0x0000FF
-88.87 -433.5 66.18 -89.6 -429.68 66.18 0.365 0x0000FF
-89.23 -436.97 66.25 -88.87 -433.5 66.18 0.365 0x0000FF
-90.15 -440.97 66.25 -89.23 -436.97 66.25 0.365 0x0000FF
-92.33 -395.24 61.78 -87.59 -393.42 60.72 0.365 0x0000FF
-94.34 -395.61 62.24 -92.33 -395.24 61.78 0.365 0x0000FF
-97.63 -396.7 62.77 -94.34 -395.61 62.24 0.365 0x0000FF
-100.55 -397.79 62.84 -97.63 -396.7 62.77 0.365 0x0000FF
-103.1 -399.07 63.6 -100.55 -397.79 62.84 0.365 0x0000FF
-106.2 -400.71 64.2 -103.1 -399.07 63.6 0.365 0x0000FF
-108.94 -402.53 64.95 -106.2 -400.71 64.2 0.365 0x0000FF
-110.03 -403.08 65.72 -108.94 -402.53 64.95 0.365 0x0000FF
-111.67 -403.99 66.4 -110.03 -403.08 65.72 0.365 0x0000FF
-113.68 -405.08 67.01 -111.67 -403.99 66.4 0.365 0x0000FF
-117.33 -407.45 67.77 -113.68 -405.08 67.01 0.365 0x0000FF
-122.44 -410.73 68.14 -117.33 -407.45 67.77 0.365 0x0000FF
-131.01 -414.01 69.13 -122.44 -410.73 68.14 0.365 0x0000FF
-134.85 -414.74 69.58 -131.01 -414.01 69.13 0.365 0x0000FF
-140.32 -414.01 71.17 -134.85 -414.74 69.58 0.365 0x0000FF
-143.79 -413.1 71.48 -140.32 -414.01 71.17 0.365 0x0000FF
-151.81 -411.64 72.54 -143.79 -413.1 71.48 0.365 0x0000FF
-154.72 -411.28 72.84 -151.81 -411.64 72.54 0.365 0x0000FF
-155.28 -411.46 73.14 -154.72 -411.28 72.84 0.365 0x0000FF
-13.61 -190.15 53.15 -12.88 -184.87 52.69 0.73 0x0000FF
-15.14 -194.0 54.81 -13.61 -190.15 53.15 0.545 0x0000FF
-15.68 -196.37 55.12 -15.14 -194.0 54.81 0.545 0x0000FF
-15.68 -197.65 55.42 -15.68 -196.37 55.12 0.455 0x0000FF
-16.6 -199.11 55.8 -15.68 -197.65 55.42 0.455 0x0000FF
-16.96 -201.11 55.95 -16.6 -199.11 55.8 0.455 0x0000FF
-16.96 -202.38 56.4 -16.96 -201.11 55.95 0.455 0x0000FF
-17.14 -204.75 57.01 -16.96 -202.38 56.4 0.455 0x0000FF
-17.14 -207.49 57.39 -17.14 -204.75 57.01 0.455 0x0000FF
-17.69 -210.4 57.77 -17.14 -207.49 57.39 0.455 0x0000FF
-18.42 -212.41 58.37 -17.69 -210.4 57.77 0.455 0x0000FF
-19.32 -215.14 58.6 -18.42 -212.41 58.37 0.455 0x0000FF
-20.79 -217.33 59.28 -19.32 -215.14 58.6 0.455 0x0000FF
-21.89 -222.79 60.65 -20.79 -217.33 59.28 0.455 0x0000FF
-22.25 -225.52 60.95 -21.89 -222.79 60.65 0.455 0x0000FF
-21.7 -230.08 61.55 -22.25 -225.52 60.95 0.455 0x0000FF
-23.35 -234.82 61.86 -21.7 -230.08 61.55 0.455 0x0000FF
-23.53 -238.1 62.54 -23.35 -234.82 61.86 0.455 0x0000FF
-23.71 -240.28 62.99 -23.53 -238.1 62.54 0.455 0x0000FF
-24.26 -243.74 63.75 -23.71 -240.28 62.99 0.455 0x0000FF
-25.35 -248.12 64.66 -24.26 -243.74 63.75 0.455 0x0000FF
-27.54 -257.77 65.56 -25.35 -248.12 64.66 0.455 0x0000FF
-29.37 -263.97 65.87 -27.54 -257.77 65.56 0.455 0x0000FF
-31.01 -269.07 66.63 -29.37 -263.97 65.87 0.455 0x0000FF
-32.29 -272.89 66.93 -31.01 -269.07 66.63 0.455 0x0000FF
-33.2 -276.36 67.39 -32.29 -272.89 66.93 0.455 0x0000FF
-34.29 -280.37 67.84 -33.2 -276.36 67.39 0.455 0x0000FF
-34.84 -285.1 68.37 -34.29 -280.37 67.84 0.455 0x0000FF
-35.21 -289.48 68.75 -34.84 -285.1 68.37 0.455 0x0000FF
-35.02 -293.85 69.36 -35.21 -289.48 68.75 0.455 0x0000FF
-40.72 -307.56 69.95 -35.02 -293.85 69.36 0.455 0x0000FF
-42.37 -313.75 70.42 -40.72 -307.56 69.95 0.455 0x0000FF
-43.65 -318.67 69.28 -42.37 -313.75 70.42 0.455 0x0000FF
-44.38 -322.68 68.45 -43.65 -318.67 69.28 0.455 0x0000FF
-43.69 -324.95 68.9 -44.38 -322.68 68.45 0.455 0x0000FF
-43.32 -327.33 68.75 -43.69 -324.95 68.9 0.455 0x0000FF
-42.77 -329.15 68.67 -43.32 -327.33 68.75 0.455 0x0000FF
-41.13 -333.34 67.45 -42.77 -329.15 68.67 0.455 0x0000FF
-38.58 -336.99 66.48 -41.13 -333.34 67.45 0.455 0x0000FF
-36.2 -341.0 65.87 -38.58 -336.99 66.48 0.455 0x0000FF
-34.75 -345.55 65.42 -36.2 -341.0 65.87 0.455 0x0000FF
-33.83 -351.38 65.04 -34.75 -345.55 65.42 0.455 0x0000FF
-34.02 -357.58 64.58 -33.83 -351.38 65.04 0.455 0x0000FF
-33.29 -366.14 64.28 -34.02 -357.58 64.58 0.365 0x0000FF
-34.38 -372.88 63.75 -33.29 -366.14 64.28 0.365 0x0000FF
-36.75 -379.07 63.6 -34.38 -372.88 63.75 0.365 0x0000FF
-41.68 -391.28 62.84 -36.75 -379.07 63.6 0.365 0x0000FF
-43.32 -394.38 62.54 -41.68 -391.28 62.84 0.365 0x0000FF
-44.23 -399.66 62.54 -43.32 -394.38 62.54 0.275 0x0000FF
-48.61 -398.39 62.39 -43.32 -394.38 62.54 0.275 0x0000FF
-47.48 -330.33 68.3 -44.38 -322.68 68.45 0.365 0x0000FF
-47.66 -331.06 68.06 -47.48 -330.33 68.3 0.365 0x0000FF
-47.84 -331.97 67.92 -47.66 -331.06 68.06 0.365 0x0000FF
-47.84 -332.34 68.75 -47.84 -331.97 67.92 0.365 0x0000FF
-48.03 -332.88 67.84 -47.84 -332.34 68.75 0.365 0x0000FF
-47.11 -334.7 68.14 -48.03 -332.88 67.84 0.365 0x0000FF
-46.93 -335.8 67.69 -47.11 -334.7 68.14 0.365 0x0000FF
-46.38 -337.8 67.08 -46.93 -335.8 67.69 0.365 0x0000FF
-47.11 -340.53 65.87 -46.38 -337.8 67.08 0.365 0x0000FF
-48.21 -342.54 65.11 -47.11 -340.53 65.87 0.365 0x0000FF
-48.94 -345.82 64.36 -48.21 -342.54 65.11 0.365 0x0000FF
-49.12 -348.55 63.07 -48.94 -345.82 64.36 0.365 0x0000FF
-49.67 -352.38 62.39 -49.12 -348.55 63.07 0.365 0x0000FF
-50.95 -357.3 61.78 -49.67 -352.38 62.39 0.365 0x0000FF
-53.14 -362.4 61.18 -50.95 -357.3 61.78 0.365 0x0000FF
-58.97 -370.42 60.65 -53.14 -362.4 61.18 0.365 0x0000FF
-64.26 -377.89 60.19 -58.97 -370.42 60.65 0.365 0x0000FF
-71.2 -384.26 59.05 -64.26 -377.89 60.19 0.365 0x0000FF
-74.12 -386.81 58.6 -71.2 -384.26 59.05 0.365 0x0000FF
-75.25 -387.27 58.37 -74.12 -386.81 58.6 0.365 0x0000FF
-77.26 -390.19 58.98 -75.25 -387.27 58.37 0.365 0x0000FF
-78.53 -393.1 59.36 -77.26 -390.19 58.98 0.365 0x0000FF
-80.36 -398.57 59.96 -78.53 -393.1 59.36 0.365 0x0000FF
-81.81 -404.22 60.87 -80.36 -398.57 59.96 0.275 0x0000FF
-82.18 -407.86 61.33 -81.81 -404.22 60.87 0.275 0x0000FF
-82.18 -410.96 61.71 -82.18 -407.86 61.33 0.275 0x0000FF
-80.18 -415.7 62.54 -82.18 -410.96 61.71 0.275 0x0000FF
-79.26 -416.43 64.36 -80.18 -415.7 62.54 0.275 0x0000FF
-78.53 -416.97 64.43 -79.26 -416.43 64.36 0.275 0x0000FF
-78.34 -417.52 64.81 -78.53 -416.97 64.43 0.275 0x0000FF
-78.17 -419.16 65.19 -78.34 -417.52 64.81 0.275 0x0000FF
-77.62 -420.8 65.64 -78.17 -419.16 65.19 0.275 0x0000FF
-76.89 -422.44 65.95 -77.62 -420.8 65.64 0.275 0x0000FF
-49.12 -335.62 68.37 -48.03 -332.88 67.84 0.365 0x0000FF
-50.22 -336.89 69.28 -49.12 -335.62 68.37 0.365 0x0000FF
-50.95 -337.98 69.95 -50.22 -336.89 69.28 0.365 0x0000FF
-52.22 -339.62 70.8 -50.95 -337.98 69.95 0.365 0x0000FF
-53.5 -341.26 72.16 -52.22 -339.62 70.8 0.365 0x0000FF
-55.69 -342.9 73.06 -53.5 -341.26 72.16 0.365 0x0000FF
-58.79 -344.36 73.67 -55.69 -342.9 73.06 0.365 0x0000FF
-61.35 -345.82 75.8 -58.79 -344.36 73.67 0.365 0x0000FF
-62.99 -346.55 76.48 -61.35 -345.82 75.8 0.365 0x0000FF
-63.9 -347.64 76.86 -62.99 -346.55 76.48 0.365 0x0000FF
-64.26 -348.0 77.98 -63.9 -347.64 76.86 0.365 0x0000FF
-64.98 -349.1 79.2 -64.26 -348.0 77.98 0.365 0x0000FF
-65.54 -350.74 80.19 -64.98 -349.1 79.2 0.365 0x0000FF
-66.45 -353.84 81.4 -65.54 -350.74 80.19 0.365 0x0000FF
-67.0 -356.57 82.54 -66.45 -353.84 81.4 0.365 0x0000FF
-67.91 -359.12 84.51 -67.0 -356.57 82.54 0.365 0x0000FF
-68.83 -360.58 86.02 -67.91 -359.12 84.51 0.365 0x0000FF
-69.37 -361.12 87.08 -68.83 -360.58 86.02 0.365 0x0000FF
-70.83 -363.86 88.29 -69.37 -361.12 87.08 0.365 0x0000FF
-71.75 -366.59 88.98 -70.83 -363.86 88.29 0.365 0x0000FF
-72.29 -369.14 89.73 -71.75 -366.59 88.98 0.365 0x0000FF
-72.48 -370.23 90.87 -72.29 -369.14 89.73 0.365 0x0000FF
-72.66 -371.69 91.85 -72.48 -370.23 90.87 0.365 0x0000FF
-73.02 -372.78 92.61 -72.66 -371.69 91.85 0.365 0x0000FF
-73.56 -374.42 93.67 -73.02 -372.78 92.61 0.365 0x0000FF
-15.62 -139.32 45.34 -14.71 -138.22 45.19 0.545 0x0000FF
-17.45 -141.69 45.87 -15.62 -139.32 45.34 0.455 0x0000FF
-20.37 -144.06 45.95 -17.45 -141.69 45.87 0.455 0x0000FF
-23.1 -146.06 46.1 -20.37 -144.06 45.95 0.455 0x0000FF
-28.39 -148.43 46.56 -23.1 -146.06 46.1 0.365 0x0000FF
-32.77 -150.8 47.09 -28.39 -148.43 46.56 0.365 0x0000FF
-37.52 -152.26 47.39 -32.77 -150.8 47.09 0.365 0x0000FF
-41.35 -153.35 47.46 -37.52 -152.26 47.39 0.365 0x0000FF
-45.73 -154.26 46.56 -41.35 -153.35 47.46 0.365 0x0000FF
-48.65 -154.81 45.87 -45.73 -154.26 46.56 0.365 0x0000FF
-51.38 -155.16 45.27 -48.65 -154.81 45.87 0.365 0x0000FF
-55.76 -156.26 44.59 -51.38 -155.16 45.27 0.365 0x0000FF
-59.96 -156.99 43.83 -55.76 -156.26 44.59 0.365 0x0000FF
-64.34 -157.72 42.01 -59.96 -156.99 43.83 0.365 0x0000FF
-71.27 -159.91 40.5 -64.34 -157.72 42.01 0.365 0x0000FF
-73.09 -160.63 39.74 -71.27 -159.91 40.5 0.365 0x0000FF
-74.73 -161.55 39.06 -73.09 -160.63 39.74 0.365 0x0000FF
-76.01 -163.19 38.75 -74.73 -161.55 39.06 0.365 0x0000FF
-76.73 -164.46 38.0 -76.01 -163.19 38.75 0.365 0x0000FF
-80.2 -167.56 36.78 -76.73 -164.46 38.0 0.275 0x0000FF
-83.31 -168.65 35.88 -80.2 -167.56 36.78 0.275 0x0000FF
-9.1 -22.63 21.26 -10.56 -21.54 20.95 1.095 0x0000FF
-8.55 -23.72 21.63 -9.1 -22.63 21.26 1.095 0x0000FF
-7.46 -25.0 21.94 -8.55 -23.72 21.63 0.73 0x0000FF
-6.55 -25.54 22.62 -7.46 -25.0 21.94 0.73 0x0000FF
-5.27 -26.64 23.22 -6.55 -25.54 22.62 0.545 0x0000FF
-4.9 -26.82 23.83 -5.27 -26.64 23.22 0.545 0x0000FF
-3.99 -27.55 24.36 -4.9 -26.82 23.83 0.545 0x0000FF
-2.9 -28.28 24.89 -3.99 -27.55 24.36 0.545 0x0000FF
-1.98 -28.82 25.27 -2.9 -28.28 24.89 0.545 0x0000FF
-1.25 -29.37 26.1 -1.98 -28.82 25.27 0.545 0x0000FF
-0.16 -30.1 26.71 -1.25 -29.37 26.1 0.545 0x0000FF
1.66 -31.01 27.47 -0.16 -30.1 26.71 0.545 0x0000FF
3.85 -32.1 28.6 1.66 -31.01 27.47 0.545 0x0000FF
6.04 -33.56 28.91 3.85 -32.1 28.6 0.545 0x0000FF
8.05 -35.2 29.59 6.04 -33.56 28.91 0.545 0x0000FF
14.07 -37.39 30.42 8.05 -35.2 29.59 0.545 0x0000FF
19.0 -37.57 30.19 14.07 -37.39 30.42 0.545 0x0000FF
20.28 -37.2 29.13 19.0 -37.57 30.19 0.545 0x0000FF
22.65 -36.84 28.6 20.28 -37.2 29.13 0.545 0x0000FF
23.74 -36.47 27.77 22.65 -36.84 28.6 0.365 0x0000FF
24.84 -36.29 26.41 23.74 -36.47 27.77 0.365 0x0000FF
25.93 -36.11 25.8 24.84 -36.29 26.41 0.365 0x0000FF
27.21 -36.11 24.82 25.93 -36.11 25.8 0.365 0x0000FF
29.22 -37.57 27.01 27.21 -36.11 24.82 0.275 0x0000FF
32.68 -38.29 26.56 29.22 -37.57 27.01 0.275 0x0000FF
34.32 -38.84 26.25 32.68 -38.29 26.56 0.275 0x0000FF
36.88 -39.76 25.65 34.32 -38.84 26.25 0.275 0x0000FF
42.17 -41.4 25.04 36.88 -39.76 25.65 0.275 0x0000FF
50.38 -42.67 24.44 42.17 -41.4 25.04 0.275 0x0000FF
33.4 -34.29 24.21 27.21 -36.11 24.82 0.365 0x0000FF
39.79 -34.47 23.98 33.4 -34.29 24.21 0.365 0x0000FF
44.91 -33.74 23.15 39.79 -34.47 23.98 0.275 0x0000FF
49.47 -33.01 22.62 44.91 -33.74 23.15 0.275 0x0000FF
54.94 -33.2 21.33 49.47 -33.01 22.62 0.275 0x0000FF
58.59 -33.56 20.88 54.94 -33.2 21.33 0.275 0x0000FF
61.69 -33.2 19.66 58.59 -33.56 20.88 0.275 0x0000FF
66.62 -33.38 17.62 61.69 -33.2 19.66 0.275 0x0000FF
70.27 -34.29 16.86 66.62 -33.38 17.62 0.275 0x0000FF
74.45 -35.02 15.88 70.27 -34.29 16.86 0.275 0x0000FF
77.93 -35.02 15.04 74.45 -35.02 15.88 0.275 0x0000FF
81.58 -35.38 14.13 77.93 -35.02 15.04 0.275 0x0000FF
86.32 -35.02 12.85 81.58 -35.38 14.13 0.275 0x0000FF
88.33 -35.2 12.09 86.32 -35.02 12.85 0.275 0x0000FF
91.07 -35.2 11.18 88.33 -35.2 12.09 0.275 0x0000FF
91.98 -35.2 9.74 91.07 -35.2 11.18 0.275 0x0000FF
93.26 -35.2 8.91 91.98 -35.2 9.74 0.275 0x0000FF
94.53 -35.2 7.54 93.26 -35.2 8.91 0.275 0x0000FF
96.36 -35.38 6.79 94.53 -35.2 7.54 0.275 0x0000FF
