17.52 16.63 48.75 22.16 11.21 55.03 1.275 0x0000FF
16.61 17.0 48.75 17.52 16.63 48.75 1.275 0x0000FF
16.05 17.0 49.28 16.61 17.0 48.75 1.275 0x0000FF
15.34 17.0 49.89 16.05 17.0 49.28 1.275 0x0000FF
14.79 17.0 50.34 15.34 17.0 49.89 1.275 0x0000FF
12.6 16.82 50.87 14.79 17.0 50.34 1.275 0x0000FF
12.05 16.63 51.18 12.6 16.82 50.87 1.275 0x0000FF
11.32 16.45 51.56 12.05 16.63 51.18 1.275 0x0000FF
10.59 16.09 52.24 11.32 16.45 51.56 1.275 0x0000FF
10.03 15.9 52.46 10.59 16.09 52.24 1.275 0x0000FF
9.68 15.54 52.99 10.03 15.9 52.46 1.275 0x0000FF
8.94 14.81 53.22 9.68 15.54 52.99 1.005 0x0000FF
8.4 14.27 53.45 8.94 14.81 53.22 1.005 0x0000FF
7.49 13.54 53.68 8.4 14.27 53.45 1.005 0x0000FF
7.12 12.99 53.98 7.49 13.54 53.68 1.005 0x0000FF
6.94 12.63 54.06 7.12 12.99 53.98 1.005 0x0000FF
6.03 11.53 54.36 6.94 12.63 54.06 1.005 0x0000FF
6.03 11.17 54.43 6.03 11.53 54.36 1.005 0x0000FF
5.67 10.8 54.89 6.03 11.17 54.43 1.005 0x0000FF
5.3 10.44 55.04 5.67 10.8 54.89 1.005 0x0000FF
4.94 10.07 55.04 5.3 10.44 55.04 1.005 0x0000FF
4.38 9.52 55.12 4.94 10.07 55.04 1.005 0x0000FF
3.84 8.98 55.34 4.38 9.52 55.12 1.005 0x0000FF
3.11 8.61 55.49 3.84 8.98 55.34 1.005 0x0000FF
2.93 8.25 55.49 3.11 8.61 55.49 1.005 0x0000FF
2.2 7.89 55.87 2.93 8.25 55.49 1.005 0x0000FF
1.83 7.52 56.25 2.2 7.89 55.87 1.005 0x0000FF
1.29 7.34 56.63 1.83 7.52 56.25 1.005 0x0000FF
-0.54 6.98 57.09 1.29 7.34 56.63 0.82 0x0000FF
-1.45 6.98 57.31 -0.54 6.98 57.09 0.82 0x0000FF
-3.82 6.79 57.54 -1.45 6.98 57.31 0.73 0x0000FF
-4.92 6.43 57.77 -3.82 6.79 57.54 0.73 0x0000FF
-6.01 6.07 57.99 -4.92 6.43 57.77 0.73 0x0000FF
-7.11 6.07 58.22 -6.01 6.07 57.99 0.73 0x0000FF
-7.84 5.88 58.3 -7.11 6.07 58.22 0.73 0x0000FF
-9.3 5.52 58.3 -7.84 5.88 58.3 0.73 0x0000FF
-11.49 5.52 58.37 -9.3 5.52 58.3 0.73 0x0000FF
-14.04 5.52 58.45 -11.49 5.52 58.37 0.73 0x0000FF
-16.23 5.88 58.6 -14.04 5.52 58.45 0.73 0x0000FF
-18.6 6.07 58.83 -16.23 5.88 58.6 0.73 0x0000FF
-20.61 6.07 58.9 -18.6 6.07 58.83 0.73 0x0000FF
-21.7 6.07 59.05 -20.61 6.07 58.9 0.73 0x0000FF
-23.34 6.25 59.21 -21.7 6.07 59.05 0.73 0x0000FF
-26.45 6.61 59.36 -23.34 6.25 59.21 0.73 0x0000FF
-29.91 7.16 59.51 -26.45 6.61 59.36 0.73 0x0000FF
-32.1 7.16 59.81 -29.91 7.16 59.51 0.73 0x0000FF
-36.65 7.34 59.81 -32.1 7.16 59.81 0.73 0x0000FF
-39.77 7.34 59.89 -36.65 7.34 59.81 0.73 0x0000FF
-43.6 7.52 60.04 -39.77 7.34 59.89 0.73 0x0000FF
-51.26 6.25 60.19 -43.6 7.52 60.04 0.73 0x0000FF
-56.73 5.7 60.57 -51.26 6.25 60.19 0.73 0x0000FF
-59.47 5.34 60.65 -56.73 5.7 60.57 0.73 0x0000FF
-62.94 4.97 60.87 -59.47 5.34 60.65 0.73 0x0000FF
-67.68 6.07 61.02 -62.94 4.97 60.87 0.64 0x0000FF
-69.31 7.34 61.18 -67.68 6.07 61.02 0.64 0x0000FF
-70.23 8.98 61.33 -69.31 7.34 61.18 0.64 0x0000FF
-71.88 10.8 61.48 -70.23 8.98 61.33 0.64 0x0000FF
-72.42 11.17 61.18 -71.88 10.8 61.48 0.64 0x0000FF
-74.06 12.26 60.8 -72.42 11.17 61.18 0.64 0x0000FF
-76.8 13.17 60.42 -74.06 12.26 60.8 0.64 0x0000FF
-78.77 14.61 60.42 -76.8 13.17 60.42 0.64 0x0000FF
-82.05 16.62 60.12 -78.77 14.61 60.42 0.545 0x0000FF
-83.51 17.89 59.81 -82.05 16.62 60.12 0.545 0x0000FF
-84.24 18.8 59.66 -83.51 17.89 59.81 0.545 0x0000FF
-85.7 21.35 59.36 -84.24 18.8 59.66 0.545 0x0000FF
-86.25 22.99 59.81 -85.7 21.35 59.36 0.545 0x0000FF
-86.8 24.09 60.12 -86.25 22.99 59.81 0.545 0x0000FF
-87.53 25.36 60.27 -86.8 24.09 60.12 0.545 0x0000FF
-89.17 26.82 60.49 -87.53 25.36 60.27 0.545 0x0000FF
-90.27 27.91 60.8 -89.17 26.82 60.49 0.545 0x0000FF
-91.18 29.37 61.18 -90.27 27.91 60.8 0.545 0x0000FF
-92.27 30.64 61.4 -91.18 29.37 61.18 0.545 0x0000FF
-92.82 31.74 61.93 -92.27 30.64 61.4 0.545 0x0000FF
-94.1 33.01 62.08 -92.82 31.74 61.93 0.545 0x0000FF
-95.74 34.47 62.69 -94.1 33.01 62.08 0.545 0x0000FF
-98.84 37.2 63.22 -95.74 34.47 62.69 0.545 0x0000FF
-100.12 38.29 63.45 -98.84 37.2 63.22 0.545 0x0000FF
-101.21 39.39 63.98 -100.12 38.29 63.45 0.545 0x0000FF
-102.31 39.75 64.51 -101.21 39.39 63.98 0.545 0x0000FF
-103.22 40.29 64.81 -102.31 39.75 64.51 0.545 0x0000FF
-105.04 41.03 65.04 -103.22 40.29 64.81 0.545 0x0000FF
-105.77 41.39 65.34 -105.04 41.03 65.04 0.545 0x0000FF
-106.69 41.76 65.48 -105.77 41.39 65.34 0.545 0x0000FF
-107.23 42.12 66.55 -106.69 41.76 65.48 0.545 0x0000FF
-107.23 42.31 67.16 -107.23 42.12 66.55 0.545 0x0000FF
-107.96 43.03 67.98 -107.23 42.31 67.16 0.545 0x0000FF
-108.69 44.13 68.83 -107.96 43.03 67.98 0.545 0x0000FF
-109.79 44.67 69.28 -108.69 44.13 68.83 0.545 0x0000FF
-110.7 45.22 69.28 -109.79 44.67 69.28 0.545 0x0000FF
-111.25 45.4 69.81 -110.7 45.22 69.28 0.545 0x0000FF
-112.16 45.58 70.11 -111.25 45.4 69.81 0.545 0x0000FF
-113.25 45.58 70.19 -112.16 45.58 70.11 0.545 0x0000FF
-114.17 45.77 70.72 -113.25 45.58 70.19 0.545 0x0000FF
-115.44 46.86 71.17 -114.17 45.77 70.72 0.545 0x0000FF
-116.54 47.59 71.55 -115.44 46.86 71.17 0.545 0x0000FF
-117.82 48.32 71.86 -116.54 47.59 71.55 0.545 0x0000FF
-119.28 49.59 72.23 -117.82 48.32 71.86 0.545 0x0000FF
-120.01 50.14 72.39 -119.28 49.59 72.23 0.545 0x0000FF
-120.92 51.05 72.77 -120.01 50.14 72.39 0.545 0x0000FF
-121.65 51.78 73.3 -120.92 51.05 72.77 0.545 0x0000FF
-122.56 53.24 73.59 -121.65 51.78 73.3 0.545 0x0000FF
-123.65 54.33 74.66 -122.56 53.24 73.59 0.545 0x0000FF
-124.75 55.42 74.95 -123.65 54.33 74.66 0.545 0x0000FF
-125.66 55.79 75.34 -124.75 55.42 74.95 0.545 0x0000FF
-126.21 55.97 75.56 -125.66 55.79 75.34 0.545 0x0000FF
-127.67 56.33 75.72 -126.21 55.97 75.56 0.545 0x0000FF
-128.58 56.33 75.8 -127.67 56.33 75.72 0.545 0x0000FF
-129.13 56.33 76.25 -128.58 56.33 75.8 0.545 0x0000FF
-130.22 56.52 76.86 -129.13 56.33 76.25 0.545 0x0000FF
-131.13 56.33 77.08 -130.22 56.52 76.86 0.545 0x0000FF
-131.68 56.33 77.31 -131.13 56.33 77.08 0.545 0x0000FF
-133.69 56.7 77.69 -131.68 56.33 77.31 0.455 0x0000FF
-135.33 57.25 78.14 -133.69 56.7 77.69 0.455 0x0000FF
-136.24 57.79 79.43 -135.33 57.25 78.14 0.365 0x0000FF
-138.8 58.34 79.95 -136.24 57.79 79.43 0.365 0x0000FF
-62.9 3.86 59.74 -62.94 4.97 60.87 0.545 0x0000FF
-63.26 3.5 59.66 -62.9 3.86 59.74 0.545 0x0000FF
-64.36 2.4 59.43 -63.26 3.5 59.66 0.545 0x0000FF
-65.09 1.86 59.43 -64.36 2.4 59.43 0.545 0x0000FF
-66.18 0.76 59.51 -65.09 1.86 59.43 0.545 0x0000FF
-67.64 0.57 59.21 -66.18 0.76 59.51 0.545 0x0000FF
-70.2 -0.69 58.9 -67.64 0.57 59.21 0.545 0x0000FF
-72.93 -1.6 58.75 -70.2 -0.69 58.9 0.545 0x0000FF
-75.12 -2.88 58.52 -72.93 -1.6 58.75 0.545 0x0000FF
-77.68 -3.79 58.22 -75.12 -2.88 58.52 0.545 0x0000FF
-80.05 -4.7 57.99 -77.68 -3.79 58.22 0.545 0x0000FF
-82.24 -5.61 57.99 -80.05 -4.7 57.99 0.545 0x0000FF
-84.79 -6.71 57.99 -82.24 -5.61 57.99 0.545 0x0000FF
-87.53 -7.8 57.99 -84.79 -6.71 57.99 0.545 0x0000FF
-87.89 -8.16 57.84 -87.53 -7.8 57.99 0.545 0x0000FF
-89.72 -9.44 57.62 -87.89 -8.16 57.84 0.545 0x0000FF
-90.99 -10.35 57.69 -89.72 -9.44 57.62 0.545 0x0000FF
-91.54 -10.9 58.15 -90.99 -10.35 57.69 0.545 0x0000FF
-92.09 -11.81 58.45 -91.54 -10.9 58.15 0.545 0x0000FF
-93.18 -14.18 58.68 -92.09 -11.81 58.45 0.545 0x0000FF
-93.37 -15.09 58.98 -93.18 -14.18 58.68 0.545 0x0000FF
-93.55 -16.91 59.36 -93.37 -15.09 58.98 0.545 0x0000FF
-93.73 -18.0 60.04 -93.55 -16.91 59.36 0.545 0x0000FF
-93.91 -19.28 60.49 -93.73 -18.0 60.04 0.545 0x0000FF
-94.46 -20.19 60.57 -93.91 -19.28 60.49 0.545 0x0000FF
-95.19 -21.1 60.8 -94.46 -20.19 60.57 0.545 0x0000FF
-95.74 -21.83 60.95 -95.19 -21.1 60.8 0.545 0x0000FF
-96.83 -22.56 61.4 -95.74 -21.83 60.95 0.545 0x0000FF
-97.75 -23.29 61.63 -96.83 -22.56 61.4 0.545 0x0000FF
-98.66 -23.83 61.93 -97.75 -23.29 61.63 0.545 0x0000FF
-99.75 -24.2 62.39 -98.66 -23.83 61.93 0.545 0x0000FF
-100.48 -24.56 62.61 -99.75 -24.2 62.39 0.545 0x0000FF
-101.39 -24.93 62.92 -100.48 -24.56 62.61 0.545 0x0000FF
-102.67 -25.66 63.22 -101.39 -24.93 62.92 0.545 0x0000FF
-103.77 -26.02 63.6 -102.67 -25.66 63.22 0.545 0x0000FF
-104.31 -26.2 63.98 -103.77 -26.02 63.6 0.545 0x0000FF
-105.04 -26.57 64.43 -104.31 -26.2 63.98 0.545 0x0000FF
-106.14 -26.93 65.11 -105.04 -26.57 64.43 0.545 0x0000FF
-107.42 -27.29 65.8 -106.14 -26.93 65.11 0.545 0x0000FF
-108.69 -27.84 66.09 -107.42 -27.29 65.8 0.545 0x0000FF
-110.15 -28.02 66.63 -108.69 -27.84 66.09 0.545 0x0000FF
-112.52 -28.21 67.08 -110.15 -28.02 66.63 0.545 0x0000FF
-113.62 -28.02 67.31 -112.52 -28.21 67.08 0.545 0x0000FF
-116.36 -27.66 67.54 -113.62 -28.02 67.31 0.545 0x0000FF
-118.91 -27.11 67.77 -116.36 -27.66 67.54 0.545 0x0000FF
-121.1 -27.11 67.98 -118.91 -27.11 67.77 0.545 0x0000FF
-123.29 -26.93 68.45 -121.1 -27.11 67.98 0.545 0x0000FF
-123.84 -26.93 68.67 -123.29 -26.93 68.45 0.545 0x0000FF
-130.94 -27.48 69.2 -123.84 -26.93 68.67 0.545 0x0000FF
-131.68 -27.66 69.51 -130.94 -27.48 69.2 0.545 0x0000FF
-132.41 -27.84 69.89 -131.68 -27.66 69.51 0.545 0x0000FF
-133.13 -28.21 70.19 -132.41 -27.84 69.89 0.545 0x0000FF
-134.6 -28.21 70.87 -133.13 -28.21 70.19 0.545 0x0000FF
-136.61 -28.21 70.95 -134.6 -28.21 70.87 0.545 0x0000FF
-138.43 -28.21 71.4 -136.61 -28.21 70.95 0.545 0x0000FF
-140.99 -28.57 71.63 -138.43 -28.21 71.4 0.545 0x0000FF
-143.54 -29.48 72.16 -140.99 -28.57 71.63 0.545 0x0000FF
-144.44 -29.85 72.61 -143.54 -29.48 72.16 0.545 0x0000FF
-146.1 -30.57 73.14 -144.44 -29.85 72.61 0.545 0x0000FF
-147.19 -31.12 73.45 -146.1 -30.57 73.14 0.545 0x0000FF
-148.65 -32.76 73.75 -147.19 -31.12 73.45 0.455 0x0000FF
-149.02 -33.67 74.51 -148.65 -32.76 73.75 0.365 0x0000FF
-149.02 -34.04 75.11 -149.02 -33.67 74.51 0.365 0x0000FF
-149.38 -34.58 75.8 -149.02 -34.04 75.11 0.365 0x0000FF
-149.38 -34.95 76.33 -149.38 -34.58 75.8 0.365 0x0000FF
-149.38 -35.68 76.78 -149.38 -34.95 76.33 0.365 0x0000FF
-149.38 -36.77 77.39 -149.38 -35.68 76.78 0.365 0x0000FF
0.6 6.41 55.72 1.29 7.34 56.63 0.73 0x0000FF
-0.13 5.68 55.87 0.6 6.41 55.72 0.73 0x0000FF
-0.5 4.95 56.25 -0.13 5.68 55.87 0.73 0x0000FF
-0.68 3.86 56.4 -0.5 4.95 56.25 0.73 0x0000FF
-1.05 3.13 56.55 -0.68 3.86 56.4 0.73 0x0000FF
-1.41 1.86 55.87 -1.05 3.13 56.55 0.73 0x0000FF
-1.96 0.95 55.34 -1.41 1.86 55.87 0.73 0x0000FF
-1.96 0.22 54.59 -1.96 0.95 55.34 0.64 0x0000FF
-2.31 -0.88 54.51 -1.96 0.22 54.59 0.64 0x0000FF
-2.5 -1.79 53.98 -2.31 -0.88 54.51 0.64 0x0000FF
-2.87 -2.33 53.37 -2.5 -1.79 53.98 0.64 0x0000FF
-3.6 -3.43 52.62 -2.87 -2.33 53.37 0.64 0x0000FF
-4.33 -4.16 52.24 -3.6 -3.43 52.62 0.64 0x0000FF
-6.15 -5.43 51.71 -4.33 -4.16 52.24 0.64 0x0000FF
-7.98 -6.34 51.33 -6.15 -5.43 51.71 0.64 0x0000FF
-9.44 -6.71 51.03 -7.98 -6.34 51.33 0.64 0x0000FF
-11.26 -7.44 50.57 -9.44 -6.71 51.03 0.64 0x0000FF
-12.54 -7.8 50.12 -11.26 -7.44 50.57 0.64 0x0000FF
-14.36 -8.16 49.59 -12.54 -7.8 50.12 0.64 0x0000FF
-15.64 -8.71 49.13 -14.36 -8.16 49.59 0.64 0x0000FF
-18.2 -9.44 48.9 -15.64 -8.71 49.13 0.64 0x0000FF
-19.29 -9.8 48.53 -18.2 -9.44 48.9 0.64 0x0000FF
-20.57 -10.35 48.15 -19.29 -9.8 48.53 0.64 0x0000FF
-21.66 -10.53 47.77 -20.57 -10.35 48.15 0.64 0x0000FF
-24.4 -11.26 47.39 -21.66 -10.53 47.77 0.64 0x0000FF
-26.41 -12.17 45.95 -24.4 -11.26 47.39 0.64 0x0000FF
-28.6 -14.54 45.65 -26.41 -12.17 45.95 0.545 0x0000FF
-29.33 -15.27 45.42 -28.6 -14.54 45.65 0.545 0x0000FF
-30.24 -16.18 45.19 -29.33 -15.27 45.42 0.545 0x0000FF
-31.33 -16.73 44.81 -30.24 -16.18 45.19 0.545 0x0000FF
-32.97 -17.64 44.36 -31.33 -16.73 44.81 0.545 0x0000FF
-34.43 -18.37 44.06 -32.97 -17.64 44.36 0.545 0x0000FF
-35.71 -18.73 43.37 -34.43 -18.37 44.06 0.545 0x0000FF
-36.44 -19.1 43.0 -35.71 -18.73 43.37 0.545 0x0000FF
-37.35 -19.64 42.47 -36.44 -19.1 43.0 0.545 0x0000FF
-38.08 -20.01 42.09 -37.35 -19.64 42.47 0.545 0x0000FF
-39.0 -20.74 41.48 -38.08 -20.01 42.09 0.545 0x0000FF
-39.54 -21.28 41.03 -39.0 -20.74 41.48 0.545 0x0000FF
-40.64 -22.38 40.5 -39.54 -21.28 41.03 0.545 0x0000FF
-41.19 -23.47 39.97 -40.64 -22.38 40.5 0.545 0x0000FF
-42.83 -25.11 39.59 -41.19 -23.47 39.97 0.545 0x0000FF
-43.56 -25.66 39.28 -42.83 -25.11 39.59 0.545 0x0000FF
-44.29 -26.2 38.68 -43.56 -25.66 39.28 0.545 0x0000FF
-44.83 -26.75 38.36 -44.29 -26.2 38.68 0.545 0x0000FF
-45.93 -27.66 37.92 -44.83 -26.75 38.36 0.545 0x0000FF
-47.75 -28.57 37.69 -45.93 -27.66 37.92 0.545 0x0000FF
-48.85 -29.12 37.39 -47.75 -28.57 37.69 0.545 0x0000FF
-49.4 -29.48 36.86 -48.85 -29.12 37.39 0.545 0x0000FF
-50.49 -30.03 36.33 -49.4 -29.48 36.86 0.545 0x0000FF
-51.04 -30.21 35.72 -50.49 -30.03 36.33 0.545 0x0000FF
-51.95 -30.57 35.27 -51.04 -30.21 35.72 0.545 0x0000FF
-52.86 -31.12 34.89 -51.95 -30.57 35.27 0.545 0x0000FF
-53.77 -31.3 34.59 -52.86 -31.12 34.89 0.545 0x0000FF
-55.42 -32.03 34.13 -53.77 -31.3 34.59 0.545 0x0000FF
-57.06 -32.76 33.75 -55.42 -32.03 34.13 0.545 0x0000FF
-58.7 -33.49 33.45 -57.06 -32.76 33.75 0.545 0x0000FF
-60.53 -34.58 33.22 -58.7 -33.49 33.45 0.545 0x0000FF
-64.36 -36.4 32.47 -60.53 -34.58 33.22 0.545 0x0000FF
-66.0 -37.5 32.09 -64.36 -36.4 32.47 0.545 0x0000FF
-69.47 -38.96 32.01 -66.0 -37.5 32.09 0.545 0x0000FF
-72.2 -40.6 31.78 -69.47 -38.96 32.01 0.545 0x0000FF
-74.39 -42.42 31.48 -72.2 -40.6 31.78 0.545 0x0000FF
-77.86 -44.79 31.25 -74.39 -42.42 31.48 0.545 0x0000FF
-80.78 -45.7 30.95 -77.86 -44.79 31.25 0.545 0x0000FF
-83.33 -46.43 30.65 -80.78 -45.7 30.95 0.545 0x0000FF
-85.52 -47.15 30.35 -83.33 -46.43 30.65 0.545 0x0000FF
-87.71 -48.25 30.12 -85.52 -47.15 30.35 0.545 0x0000FF
-89.54 -49.71 30.04 -87.71 -48.25 30.12 0.545 0x0000FF
-90.81 -51.71 29.97 -89.54 -49.71 30.04 0.455 0x0000FF
-90.81 -52.62 29.82 -90.81 -51.71 29.97 0.455 0x0000FF
-90.45 -53.53 29.74 -90.81 -52.62 29.82 0.455 0x0000FF
-89.54 -54.26 29.74 -90.45 -53.53 29.74 0.365 0x0000FF
-88.99 -54.99 29.59 -89.54 -54.26 29.74 0.365 0x0000FF
-88.81 -56.26 29.59 -88.99 -54.99 29.59 0.365 0x0000FF
-28.6 -13.08 47.46 -26.41 -12.17 45.95 0.545 0x0000FF
-30.06 -13.27 46.93 -28.6 -13.08 47.46 0.545 0x0000FF
-32.43 -13.08 46.78 -30.06 -13.27 46.93 0.545 0x0000FF
-34.43 -12.72 46.48 -32.43 -13.08 46.78 0.545 0x0000FF
-36.08 -12.35 45.95 -34.43 -12.72 46.48 0.545 0x0000FF
-38.08 -11.99 45.65 -36.08 -12.35 45.95 0.545 0x0000FF
-39.54 -11.81 45.34 -38.08 -11.99 45.65 0.545 0x0000FF
-41.92 -11.81 44.97 -39.54 -11.81 45.34 0.545 0x0000FF
-44.65 -11.81 44.66 -41.92 -11.81 44.97 0.545 0x0000FF
-47.21 -11.63 44.36 -44.65 -11.81 44.66 0.545 0x0000FF
-50.86 -11.81 43.98 -47.21 -11.63 44.36 0.545 0x0000FF
-54.69 -11.81 43.68 -50.86 -11.81 43.98 0.545 0x0000FF
-57.97 -11.81 43.3 -54.69 -11.81 43.68 0.545 0x0000FF
-60.89 -11.63 42.84 -57.97 -11.81 43.3 0.545 0x0000FF
-62.17 -11.63 42.54 -60.89 -11.63 42.84 0.545 0x0000FF
-64.72 -11.63 42.09 -62.17 -11.63 42.54 0.545 0x0000FF
-66.36 -11.63 41.56 -64.72 -11.63 42.09 0.545 0x0000FF
-68.92 -11.26 41.03 -66.36 -11.63 41.56 0.545 0x0000FF
-72.93 -11.26 40.72 -68.92 -11.26 41.03 0.545 0x0000FF
-74.94 -11.26 40.27 -72.93 -11.26 40.72 0.545 0x0000FF
-77.13 -11.63 39.74 -74.94 -11.26 40.27 0.545 0x0000FF
-78.95 -12.17 39.13 -77.13 -11.63 39.74 0.545 0x0000FF
-81.14 -12.72 38.22 -78.95 -12.17 39.13 0.545 0x0000FF
-81.87 -12.72 37.77 -81.14 -12.72 38.22 0.545 0x0000FF
-82.97 -12.72 36.94 -81.87 -12.72 37.77 0.545 0x0000FF
-84.06 -12.54 36.56 -82.97 -12.72 36.94 0.545 0x0000FF
-89.17 -12.17 36.18 -84.06 -12.54 36.56 0.455 0x0000FF
-90.27 -12.17 35.65 -89.17 -12.17 36.18 0.455 0x0000FF
-91.54 -11.99 35.27 -90.27 -12.17 35.65 0.365 0x0000FF
-93.18 -11.08 34.89 -91.54 -11.99 35.27 0.365 0x0000FF
-95.01 -9.26 34.65 -93.18 -11.08 34.89 0.365 0x0000FF
9.17 16.43 53.15 9.68 15.54 52.99 0.82 0x0000FF
8.99 16.98 53.52 9.17 16.43 53.15 0.82 0x0000FF
8.81 17.34 54.06 8.99 16.98 53.52 0.82 0x0000FF
8.08 17.71 54.43 8.81 17.34 54.06 0.82 0x0000FF
7.89 18.25 54.89 8.08 17.71 54.43 0.82 0x0000FF
7.16 18.62 55.95 7.89 18.25 54.89 0.82 0x0000FF
6.62 19.35 56.33 7.16 18.62 55.95 0.82 0x0000FF
6.43 19.89 56.78 6.62 19.35 56.33 0.82 0x0000FF
4.79 21.72 57.31 6.43 19.89 56.78 0.82 0x0000FF
3.15 23.36 57.92 4.79 21.72 57.31 0.82 0x0000FF
2.6 24.27 58.45 3.15 23.36 57.92 0.82 0x0000FF
2.42 25.54 58.98 2.6 24.27 58.45 0.82 0x0000FF
2.24 27.0 59.28 2.42 25.54 58.98 0.82 0x0000FF
2.06 27.73 59.66 2.24 27.0 59.28 0.82 0x0000FF
2.06 28.28 60.49 2.06 27.73 59.66 0.82 0x0000FF
2.06 28.64 60.87 2.06 28.28 60.49 0.82 0x0000FF
1.87 29.19 61.25 2.06 28.64 60.87 0.82 0x0000FF
1.13 30.83 61.78 1.87 29.19 61.25 0.82 0x0000FF
1.51 33.2 61.78 1.13 30.83 61.78 0.64 0x0000FF
1.51 33.92 61.78 1.51 33.2 61.78 0.64 0x0000FF
2.06 35.93 61.93 1.51 33.92 61.78 0.64 0x0000FF
2.42 37.2 62.01 2.06 35.93 61.93 0.64 0x0000FF
3.33 41.21 62.16 2.42 37.2 62.01 0.545 0x0000FF
3.7 42.85 62.31 3.33 41.21 62.16 0.545 0x0000FF
3.88 46.13 62.54 3.7 42.85 62.31 0.545 0x0000FF
3.52 49.78 62.61 3.88 46.13 62.54 0.545 0x0000FF
1.87 54.51 62.77 3.52 49.78 62.61 0.545 0x0000FF
1.13 56.15 63.07 1.87 54.51 62.77 0.545 0x0000FF
0.6 57.79 63.15 1.13 56.15 63.07 0.545 0x0000FF
0.05 59.43 63.75 0.6 57.79 63.15 0.545 0x0000FF
-0.32 60.89 63.98 0.05 59.43 63.75 0.545 0x0000FF
-0.68 62.17 63.75 -0.32 60.89 63.98 0.545 0x0000FF
-1.59 65.44 63.3 -0.68 62.17 63.75 0.545 0x0000FF
-2.31 68.18 62.84 -1.59 65.44 63.3 0.545 0x0000FF
-3.42 70.73 62.39 -2.31 68.18 62.84 0.545 0x0000FF
-5.42 73.83 62.08 -3.42 70.73 62.39 0.545 0x0000FF
-6.15 74.73 61.55 -5.42 73.83 62.08 0.545 0x0000FF
-9.07 79.66 61.02 -6.15 74.73 61.55 0.545 0x0000FF
-9.99 80.56 60.65 -9.07 79.66 61.02 0.545 0x0000FF
-10.53 81.3 60.04 -9.99 80.56 60.65 0.545 0x0000FF
-10.53 82.39 59.89 -10.53 81.3 60.04 0.545 0x0000FF
-11.81 86.22 59.21 -10.53 82.39 59.89 0.545 0x0000FF
-12.36 88.22 58.9 -11.81 86.22 59.21 0.545 0x0000FF
-12.91 90.41 58.3 -12.36 88.22 58.9 0.545 0x0000FF
-13.09 91.86 57.54 -12.91 90.41 58.3 0.545 0x0000FF
-13.09 92.41 56.86 -13.09 91.86 57.54 0.545 0x0000FF
-13.82 93.87 56.48 -13.09 92.41 56.86 0.545 0x0000FF
-15.28 95.69 55.87 -13.82 93.87 56.48 0.545 0x0000FF
-20.75 99.7 55.27 -15.28 95.69 55.87 0.545 0x0000FF
-21.85 101.88 54.51 -20.75 99.7 55.27 0.545 0x0000FF
-23.08 103.49 54.13 -21.85 101.88 54.51 0.545 0x0000FF
-23.63 104.04 53.6 -23.08 103.49 54.13 0.545 0x0000FF
-24.54 104.58 52.99 -23.63 104.04 53.6 0.545 0x0000FF
-25.64 105.68 52.69 -24.54 104.58 52.99 0.455 0x0000FF
-27.46 106.04 52.62 -25.64 105.68 52.69 0.455 0x0000FF
-28.19 106.4 52.31 -27.46 106.04 52.62 0.455 0x0000FF
-28.92 106.95 52.01 -28.19 106.4 52.31 0.455 0x0000FF
-30.01 107.68 51.78 -28.92 106.95 52.01 0.455 0x0000FF
-30.38 107.86 51.56 -30.01 107.68 51.78 0.455 0x0000FF
-31.11 108.23 51.03 -30.38 107.86 51.56 0.455 0x0000FF
-31.66 108.96 50.04 -31.11 108.23 51.03 0.455 0x0000FF
-32.02 109.5 49.66 -31.66 108.96 50.04 0.455 0x0000FF
-32.39 110.41 48.98 -32.02 109.5 49.66 0.455 0x0000FF
-32.39 111.69 48.6 -32.39 110.41 48.98 0.455 0x0000FF
-32.39 113.51 48.07 -32.39 111.69 48.6 0.455 0x0000FF
-33.29 115.7 47.54 -32.39 113.51 48.07 0.455 0x0000FF
-34.03 116.97 47.09 -33.29 115.7 47.54 0.455 0x0000FF
-34.58 117.7 46.71 -34.03 116.97 47.09 0.455 0x0000FF
-35.85 118.98 46.18 -34.58 117.7 46.71 0.455 0x0000FF
-36.77 120.98 45.57 -35.85 118.98 46.18 0.365 0x0000FF
-36.95 122.07 45.27 -36.77 120.98 45.57 0.365 0x0000FF
-36.95 123.35 44.59 -36.95 122.07 45.27 0.365 0x0000FF
-36.95 124.62 44.43 -36.95 123.35 44.59 0.365 0x0000FF
-37.13 126.08 44.06 -36.95 124.62 44.43 0.365 0x0000FF
-37.13 126.99 43.53 -37.13 126.08 44.06 0.365 0x0000FF
-37.13 127.54 43.22 -37.13 126.99 43.53 0.365 0x0000FF
-37.13 128.27 42.92 -37.13 127.54 43.22 0.365 0x0000FF
-36.95 129.0 42.54 -37.13 128.27 42.92 0.365 0x0000FF
-37.13 129.72 42.31 -36.95 129.0 42.54 0.365 0x0000FF
-37.68 131.55 41.94 -37.13 129.72 42.31 0.365 0x0000FF
-38.04 133.01 41.63 -37.68 131.55 41.94 0.365 0x0000FF
-38.04 133.55 41.18 -38.04 133.01 41.63 0.365 0x0000FF
-38.59 135.56 40.86 -38.04 133.55 41.18 0.365 0x0000FF
-38.95 136.65 40.42 -38.59 135.56 40.86 0.365 0x0000FF
-39.86 137.74 39.44 -38.95 136.65 40.42 0.365 0x0000FF
-40.04 138.29 38.97 -39.86 137.74 39.44 0.365 0x0000FF
-40.6 138.65 38.45 -40.04 138.29 38.97 0.365 0x0000FF
-41.51 139.38 37.77 -40.6 138.65 38.45 0.365 0x0000FF
-41.87 139.75 36.47 -41.51 139.38 37.77 0.365 0x0000FF
-42.97 140.47 35.88 -41.87 139.75 36.47 0.365 0x0000FF
-43.7 141.19 35.19 -42.97 140.47 35.88 0.365 0x0000FF
-44.43 141.38 34.28 -43.7 141.19 35.19 0.365 0x0000FF
-44.98 141.57 33.45 -44.43 141.38 34.28 0.365 0x0000FF
-45.71 142.12 33.07 -44.98 141.57 33.45 0.365 0x0000FF
-46.44 142.47 32.39 -45.71 142.12 33.07 0.365 0x0000FF
-46.98 142.84 32.09 -46.44 142.47 32.39 0.365 0x0000FF
-48.08 143.03 31.1 -46.98 142.84 32.09 0.365 0x0000FF
-48.26 143.03 30.42 -48.08 143.03 31.1 0.365 0x0000FF
-48.81 143.21 29.59 -48.26 143.03 30.42 0.365 0x0000FF
-48.99 143.21 28.75 -48.81 143.21 29.59 0.365 0x0000FF
-49.54 143.57 28.22 -48.99 143.21 28.75 0.365 0x0000FF
-50.27 143.76 27.54 -49.54 143.57 28.22 0.365 0x0000FF
-51.18 144.3 27.24 -50.27 143.76 27.54 0.365 0x0000FF
-52.82 145.03 26.71 -51.18 144.3 27.24 0.365 0x0000FF
-54.28 145.58 26.25 -52.82 145.03 26.71 0.365 0x0000FF
-55.01 145.94 25.8 -54.28 145.58 26.25 0.365 0x0000FF
-56.11 146.49 25.19 -55.01 145.94 25.8 0.365 0x0000FF
-58.11 147.4 24.74 -56.11 146.49 25.19 0.365 0x0000FF
-59.94 148.13 24.21 -58.11 147.4 24.74 0.365 0x0000FF
-61.21 148.66 23.53 -59.94 148.13 24.21 0.365 0x0000FF
-62.67 149.4 23.0 -61.21 148.66 23.53 0.365 0x0000FF
-63.22 149.59 22.54 -62.67 149.4 23.0 0.365 0x0000FF
-65.23 150.13 22.32 -63.22 149.59 22.54 0.365 0x0000FF
-67.05 150.5 22.01 -65.23 150.13 22.32 0.365 0x0000FF
-69.61 150.5 21.63 -67.05 150.5 22.01 0.365 0x0000FF
1.19 31.16 64.73 1.13 30.83 61.78 0.82 0x0000FF
0.82 31.7 65.04 1.19 31.16 64.73 0.82 0x0000FF
0.82 32.25 65.27 0.82 31.7 65.04 0.82 0x0000FF
0.64 32.97 65.42 0.82 32.25 65.27 0.82 0x0000FF
0.64 33.34 66.09 0.64 32.97 65.42 0.82 0x0000FF
0.46 34.25 66.33 0.64 33.34 66.09 0.82 0x0000FF
0.27 35.35 66.78 0.46 34.25 66.33 0.82 0x0000FF
0.09 35.89 67.08 0.27 35.35 66.78 0.82 0x0000FF
-0.09 36.99 67.54 0.09 35.89 67.08 0.82 0x0000FF
-0.46 37.71 67.84 -0.09 36.99 67.54 0.82 0x0000FF
-0.64 38.81 68.22 -0.46 37.71 67.84 0.82 0x0000FF
-0.46 39.35 68.59 -0.64 38.81 68.22 0.82 0x0000FF
-0.82 40.45 68.75 -0.46 39.35 68.59 0.82 0x0000FF
-1.0 42.09 70.42 -0.82 40.45 68.75 0.82 0x0000FF
-1.0 44.09 70.42 -1.0 42.09 70.42 0.73 0x0000FF
-1.55 45.55 70.42 -1.0 44.09 70.42 0.73 0x0000FF
-1.55 46.1 70.42 -1.55 45.55 70.42 0.73 0x0000FF
-1.92 47.19 70.42 -1.55 46.1 70.42 0.73 0x0000FF
-2.27 48.1 70.72 -1.92 47.19 70.42 0.73 0x0000FF
-2.46 49.01 70.8 -2.27 48.1 70.72 0.73 0x0000FF
-3.74 50.65 71.09 -2.46 49.01 70.8 0.73 0x0000FF
-4.29 51.74 71.48 -3.74 50.65 71.09 0.73 0x0000FF
-5.57 53.2 71.93 -4.29 51.74 71.48 0.64 0x0000FF
-7.03 53.93 74.58 -5.57 53.2 71.93 0.64 0x0000FF
-8.11 55.02 74.51 -7.03 53.93 74.58 0.64 0x0000FF
-10.49 57.21 73.9 -8.11 55.02 74.51 0.64 0x0000FF
-10.86 58.49 73.9 -10.49 57.21 73.9 0.64 0x0000FF
-11.77 59.58 74.51 -10.86 58.49 73.9 0.64 0x0000FF
-13.59 61.95 74.89 -11.77 59.58 74.51 0.64 0x0000FF
-14.69 63.77 75.11 -13.59 61.95 74.89 0.64 0x0000FF
-15.6 65.04 75.34 -14.69 63.77 75.11 0.64 0x0000FF
-16.51 65.95 75.64 -15.6 65.04 75.34 0.64 0x0000FF
-17.61 67.23 76.17 -16.51 65.95 75.64 0.64 0x0000FF
-17.97 67.95 76.63 -17.61 67.23 76.17 0.64 0x0000FF
-19.25 69.78 76.25 -17.97 67.95 76.63 0.64 0x0000FF
-21.44 71.79 76.48 -19.25 69.78 76.25 0.64 0x0000FF
-22.72 73.61 76.48 -21.44 71.79 76.48 0.64 0x0000FF
-23.63 75.06 76.17 -22.72 73.61 76.48 0.64 0x0000FF
-24.18 76.16 76.55 -23.63 75.06 76.17 0.64 0x0000FF
-24.36 76.7 77.08 -24.18 76.16 76.55 0.64 0x0000FF
-24.72 77.43 77.54 -24.36 76.7 77.08 0.64 0x0000FF
-25.64 79.06 78.14 -24.72 77.43 77.54 0.64 0x0000FF
-26.0 80.17 78.3 -25.64 79.06 78.14 0.64 0x0000FF
-26.18 81.26 78.45 -26.0 80.17 78.3 0.64 0x0000FF
-26.73 83.26 78.59 -26.18 81.26 78.45 0.64 0x0000FF
-27.1 84.9 78.83 -26.73 83.26 78.59 0.64 0x0000FF
-27.64 87.09 79.05 -27.1 84.9 78.83 0.64 0x0000FF
-28.55 89.64 79.28 -27.64 87.09 79.05 0.64 0x0000FF
-28.92 91.1 79.66 -28.55 89.64 79.28 0.64 0x0000FF
-29.47 92.37 80.04 -28.92 91.1 79.66 0.64 0x0000FF
-29.83 93.29 79.95 -29.47 92.37 80.04 0.64 0x0000FF
-31.11 95.11 79.89 -29.83 93.29 79.95 0.64 0x0000FF
-31.66 96.02 79.28 -31.11 95.11 79.89 0.64 0x0000FF
-32.39 97.11 78.52 -31.66 96.02 79.28 0.64 0x0000FF
-34.03 100.03 78.22 -32.39 97.11 78.52 0.545 0x0000FF
-34.76 101.85 78.3 -34.03 100.03 78.22 0.545 0x0000FF
-35.85 103.85 78.52 -34.76 101.85 78.3 0.545 0x0000FF
-37.13 105.86 78.75 -35.85 103.85 78.52 0.545 0x0000FF
-38.95 107.5 78.83 -37.13 105.86 78.75 0.545 0x0000FF
-41.51 107.68 78.83 -38.95 107.5 78.83 0.455 0x0000FF
-5.2 53.75 72.16 -5.57 53.2 71.93 0.455 0x0000FF
-5.75 55.02 72.16 -5.2 53.75 72.16 0.455 0x0000FF
-6.48 56.12 72.08 -5.75 55.02 72.16 0.455 0x0000FF
-7.39 57.21 72.16 -6.48 56.12 72.08 0.455 0x0000FF
-8.11 58.12 72.39 -7.39 57.21 72.16 0.455 0x0000FF
-9.21 59.21 73.22 -8.11 58.12 72.39 0.455 0x0000FF
-9.76 59.94 73.67 -9.21 59.21 73.22 0.455 0x0000FF
-11.04 60.67 73.98 -9.76 59.94 73.67 0.455 0x0000FF
-12.32 61.22 74.28 -11.04 60.67 73.98 0.455 0x0000FF
-13.05 61.58 74.73 -12.32 61.22 74.28 0.455 0x0000FF
-13.78 62.31 75.8 -13.05 61.58 74.73 0.455 0x0000FF
-14.32 63.04 76.09 -13.78 62.31 75.8 0.455 0x0000FF
-14.69 63.77 76.7 -14.32 63.04 76.09 0.455 0x0000FF
-14.87 64.86 76.93 -14.69 63.77 76.7 0.455 0x0000FF
-15.05 66.31 77.23 -14.87 64.86 76.93 0.455 0x0000FF
-14.87 67.78 77.84 -15.05 66.31 77.23 0.455 0x0000FF
-14.51 69.05 78.22 -14.87 67.78 77.84 0.455 0x0000FF
-14.14 71.06 78.67 -14.51 69.05 78.22 0.455 0x0000FF
-13.96 72.7 79.2 -14.14 71.06 78.67 0.455 0x0000FF
-13.96 74.52 79.73 -13.96 72.7 79.2 0.455 0x0000FF
-14.51 76.52 80.04 -13.96 74.52 79.73 0.455 0x0000FF
-15.05 77.8 80.26 -14.51 76.52 80.04 0.455 0x0000FF
-15.97 79.26 80.64 -15.05 77.8 80.26 0.455 0x0000FF
-17.61 81.63 80.79 -15.97 79.26 80.64 0.455 0x0000FF
-19.07 83.26 81.25 -17.61 81.63 80.79 0.455 0x0000FF
-22.53 85.27 81.55 -19.07 83.26 81.25 0.365 0x0000FF
-23.63 86.91 81.86 -22.53 85.27 81.55 0.365 0x0000FF
-24.72 89.64 82.23 -23.63 86.91 81.86 0.365 0x0000FF
-25.82 92.92 82.31 -24.72 89.64 82.23 0.365 0x0000FF
-26.37 94.01 82.54 -25.82 92.92 82.31 0.365 0x0000FF
-26.73 95.29 82.76 -26.37 94.01 82.54 0.365 0x0000FF
-27.1 96.75 82.84 -26.73 95.29 82.76 0.365 0x0000FF
-27.46 98.93 83.07 -27.1 96.75 82.84 0.365 0x0000FF
-27.64 100.03 83.6 -27.46 98.93 83.07 0.365 0x0000FF
-27.82 102.76 83.75 -27.64 100.03 83.6 0.365 0x0000FF
-28.74 104.76 84.2 -27.82 102.76 83.75 0.365 0x0000FF
-30.2 106.59 84.51 -28.74 104.76 84.2 0.365 0x0000FF
25.09 19.5 42.31 22.16 11.21 55.03 1.46 0x0000FF
25.45 20.95 42.31 25.09 19.5 42.31 1.46 0x0000FF
26.36 23.32 42.77 25.45 20.95 42.31 1.095 0x0000FF
28.55 26.42 43.07 26.36 23.32 42.77 1.005 0x0000FF
30.2 29.15 43.37 28.55 26.42 43.07 1.005 0x0000FF
31.65 31.34 43.83 30.2 29.15 43.37 1.005 0x0000FF
33.01 31.44 55.95 31.65 31.34 43.83 0.64 0x0000FF
34.11 31.8 55.49 33.01 31.44 55.95 0.64 0x0000FF
35.02 32.17 55.27 34.11 31.8 55.49 0.64 0x0000FF
35.57 32.35 54.89 35.02 32.17 55.27 0.64 0x0000FF
35.93 32.35 54.51 35.57 32.35 54.89 0.64 0x0000FF
36.85 32.35 55.04 35.93 32.35 54.51 0.64 0x0000FF
37.39 32.53 55.72 36.85 32.35 55.04 0.64 0x0000FF
38.11 32.53 56.4 37.39 32.53 55.72 0.64 0x0000FF
38.67 32.9 56.86 38.11 32.53 56.4 0.64 0x0000FF
39.22 33.08 57.31 38.67 32.9 56.86 0.64 0x0000FF
39.77 33.26 58.68 39.22 33.08 57.31 0.64 0x0000FF
40.49 33.61 58.75 39.77 33.26 58.68 0.64 0x0000FF
41.59 33.81 59.13 40.49 33.61 58.75 0.64 0x0000FF
42.14 34.35 59.58 41.59 33.81 59.13 0.64 0x0000FF
42.68 34.72 59.96 42.14 34.35 59.58 0.64 0x0000FF
43.23 34.9 60.34 42.68 34.72 59.96 0.64 0x0000FF
43.78 35.08 61.78 43.23 34.9 60.34 0.64 0x0000FF
44.51 35.45 62.24 43.78 35.08 61.78 0.64 0x0000FF
44.87 35.81 63.45 44.51 35.45 62.24 0.64 0x0000FF
45.24 35.99 63.98 44.87 35.81 63.45 0.64 0x0000FF
45.6 36.72 65.19 45.24 35.99 63.98 0.64 0x0000FF
45.79 37.45 66.63 45.6 36.72 65.19 0.64 0x0000FF
48.34 39.82 67.01 45.79 37.45 66.63 0.64 0x0000FF
48.71 40.36 67.23 48.34 39.82 67.01 0.64 0x0000FF
49.07 40.72 67.69 48.71 40.36 67.23 0.64 0x0000FF
49.44 40.9 68.14 49.07 40.72 67.69 0.64 0x0000FF
49.8 41.28 68.3 49.44 40.9 68.14 0.64 0x0000FF
50.16 41.46 68.67 49.8 41.28 68.3 0.64 0x0000FF
51.08 41.82 69.13 50.16 41.46 68.67 0.64 0x0000FF
52.72 42.55 69.58 51.08 41.82 69.13 0.64 0x0000FF
54.0 43.83 69.89 52.72 42.55 69.58 0.64 0x0000FF
54.54 45.1 70.27 54.0 43.83 69.89 0.64 0x0000FF
54.73 46.01 70.87 54.54 45.1 70.27 0.64 0x0000FF
54.73 47.47 71.48 54.73 46.01 70.87 0.64 0x0000FF
55.09 49.29 71.78 54.73 47.47 71.48 0.64 0x0000FF
55.27 50.57 72.23 55.09 49.29 71.78 0.64 0x0000FF
55.46 52.94 72.61 55.27 50.57 72.23 0.64 0x0000FF
55.64 55.12 72.84 55.46 52.94 72.61 0.64 0x0000FF
56.0 57.67 73.22 55.64 55.12 72.84 0.64 0x0000FF
56.19 59.5 73.59 56.0 57.67 73.22 0.64 0x0000FF
56.37 60.95 74.36 56.19 59.5 73.59 0.545 0x0000FF
56.37 61.68 74.51 56.37 60.95 74.36 0.545 0x0000FF
56.37 63.14 74.73 56.37 61.68 74.51 0.545 0x0000FF
56.37 64.23 75.04 56.37 63.14 74.73 0.545 0x0000FF
56.19 65.87 75.48 56.37 64.23 75.04 0.545 0x0000FF
56.0 68.06 75.95 56.19 65.87 75.48 0.455 0x0000FF
55.82 70.06 76.17 56.0 68.06 75.95 0.455 0x0000FF
55.82 71.16 76.4 55.82 70.06 76.17 0.455 0x0000FF
56.0 71.7 77.01 55.82 71.16 76.4 0.455 0x0000FF
56.19 73.34 77.16 56.0 71.7 77.01 0.455 0x0000FF
56.37 74.06 77.31 56.19 73.34 77.16 0.455 0x0000FF
56.37 76.98 77.61 56.37 74.06 77.31 0.455 0x0000FF
56.55 78.81 77.92 56.37 76.98 77.61 0.455 0x0000FF
57.28 80.81 78.14 56.55 78.81 77.92 0.455 0x0000FF
58.01 82.09 78.67 57.28 80.81 78.14 0.455 0x0000FF
58.56 83.91 79.58 58.01 82.09 78.67 0.455 0x0000FF
59.11 85.73 80.19 58.56 83.91 79.58 0.455 0x0000FF
59.65 87.37 80.26 59.11 85.73 80.19 0.455 0x0000FF
60.75 89.92 80.72 59.65 87.37 80.26 0.455 0x0000FF
61.84 92.47 81.09 60.75 89.92 80.72 0.365 0x0000FF
62.21 95.75 81.09 61.84 92.47 81.09 0.365 0x0000FF
62.21 98.31 81.63 62.21 95.75 81.09 0.365 0x0000FF
61.29 100.13 81.93 62.21 98.31 81.63 0.365 0x0000FF
60.75 101.04 82.61 61.29 100.13 81.93 0.365 0x0000FF
60.2 101.77 82.99 60.75 101.04 82.61 0.365 0x0000FF
59.65 103.22 83.6 60.2 101.77 82.99 0.365 0x0000FF
59.47 104.14 83.82 59.65 103.22 83.6 0.365 0x0000FF
60.02 108.33 84.51 59.47 104.14 83.82 0.365 0x0000FF
60.38 109.6 84.73 60.02 108.33 84.51 0.365 0x0000FF
60.56 110.88 85.11 60.38 109.6 84.73 0.365 0x0000FF
61.11 112.15 85.49 60.56 110.88 85.11 0.365 0x0000FF
61.29 113.43 85.87 61.11 112.15 85.49 0.365 0x0000FF
61.48 114.52 86.32 61.29 113.43 85.87 0.365 0x0000FF
61.84 115.61 87.01 61.48 114.52 86.32 0.365 0x0000FF
62.57 116.89 87.46 61.84 115.61 87.01 0.365 0x0000FF
62.94 117.62 87.99 62.57 116.89 87.46 0.365 0x0000FF
63.48 118.89 88.37 62.94 117.62 87.99 0.365 0x0000FF
64.2 119.99 88.82 63.48 118.89 88.37 0.365 0x0000FF
64.94 121.26 89.2 64.2 119.99 88.82 0.365 0x0000FF
65.13 123.45 89.96 64.94 121.26 89.2 0.365 0x0000FF
65.31 124.36 90.42 65.13 123.45 89.96 0.365 0x0000FF
65.67 125.09 90.79 65.31 124.36 90.42 0.365 0x0000FF
65.86 126.0 91.1 65.67 125.09 90.79 0.365 0x0000FF
32.1 31.8 47.01 31.65 31.34 43.83 0.73 0x0000FF
32.28 31.98 47.31 32.1 31.8 47.01 0.73 0x0000FF
32.47 32.53 48.22 32.28 31.98 47.31 0.73 0x0000FF
33.01 33.26 49.06 32.47 32.53 48.22 0.73 0x0000FF
33.93 33.99 49.36 33.01 33.26 49.06 0.73 0x0000FF
35.2 34.72 49.51 33.93 33.99 49.36 0.73 0x0000FF
36.47 35.45 49.51 35.2 34.72 49.51 0.73 0x0000FF
37.58 35.99 48.68 36.47 35.45 49.51 0.73 0x0000FF
38.67 36.54 48.07 37.58 35.99 48.68 0.73 0x0000FF
39.77 37.27 46.93 38.67 36.54 48.07 0.73 0x0000FF
41.77 38.54 46.4 39.77 37.27 46.93 0.73 0x0000FF
43.78 39.82 45.95 41.77 38.54 46.4 0.73 0x0000FF
45.42 41.46 45.57 43.78 39.82 45.95 0.73 0x0000FF
46.88 42.73 45.19 45.42 41.46 45.57 0.73 0x0000FF
48.52 44.01 44.97 46.88 42.73 45.19 0.73 0x0000FF
50.35 45.1 44.81 48.52 44.01 44.97 0.73 0x0000FF
52.35 46.01 44.81 50.35 45.1 44.81 0.73 0x0000FF
54.54 47.84 44.51 52.35 46.01 44.81 0.73 0x0000FF
56.37 50.02 44.13 54.54 47.84 44.51 0.73 0x0000FF
57.46 51.66 44.13 56.37 50.02 44.13 0.73 0x0000FF
58.74 54.21 44.06 57.46 51.66 44.13 0.73 0x0000FF
59.29 56.03 43.83 58.74 54.21 44.06 0.73 0x0000FF
60.2 58.59 43.6 59.29 56.03 43.83 0.73 0x0000FF
61.29 60.04 43.45 60.2 58.59 43.6 0.73 0x0000FF
63.67 63.14 44.06 61.29 60.04 43.45 0.64 0x0000FF
64.4 64.42 44.28 63.67 63.14 44.06 0.64 0x0000FF
65.67 65.69 44.59 64.4 64.42 44.28 0.64 0x0000FF
66.77 66.97 44.89 65.67 65.69 44.59 0.64 0x0000FF
67.68 67.88 45.19 66.77 66.97 44.89 0.64 0x0000FF
68.95 69.7 45.42 67.68 67.88 45.19 0.545 0x0000FF
69.69 71.52 45.57 68.95 69.7 45.42 0.545 0x0000FF
69.5 73.34 45.8 69.69 71.52 45.57 0.545 0x0000FF
68.78 75.17 46.25 69.5 73.34 45.8 0.545 0x0000FF
66.59 76.44 46.63 68.78 75.17 46.25 0.455 0x0000FF
65.13 76.98 46.78 66.59 76.44 46.63 0.455 0x0000FF
62.21 78.08 46.93 65.13 76.98 46.78 0.365 0x0000FF
58.38 80.09 47.01 62.21 78.08 46.93 0.365 0x0000FF
19.51 17.41 46.33 22.16 11.21 55.03 1.46 0x0000FF
18.6 18.5 46.63 19.51 17.41 46.33 1.275 0x0000FF
17.87 19.96 46.93 18.6 18.5 46.63 1.275 0x0000FF
16.41 21.05 47.09 17.87 19.96 46.93 1.275 0x0000FF
15.13 21.96 47.16 16.41 21.05 47.09 1.275 0x0000FF
14.4 22.33 46.48 15.13 21.96 47.16 1.275 0x0000FF
12.76 22.87 45.65 14.4 22.33 46.48 1.275 0x0000FF
10.94 23.6 44.89 12.76 22.87 45.65 1.275 0x0000FF
8.75 23.79 44.36 10.94 23.6 44.89 1.275 0x0000FF
4.73 23.97 43.15 8.75 23.79 44.36 1.275 0x0000FF
-0.01 23.6 42.69 4.73 23.97 43.15 1.275 0x0000FF
-4.38 22.69 42.62 -0.01 23.6 42.69 1.275 0x0000FF
-7.13 21.96 42.31 -4.38 22.69 42.62 1.275 0x0000FF
-8.03 21.6 41.86 -7.13 21.96 42.31 1.275 0x0000FF
-9.13 21.42 41.78 -8.03 21.6 41.86 1.005 0x0000FF
-12.96 20.69 41.03 -9.13 21.42 41.78 0.91 0x0000FF
-16.25 19.6 40.86 -12.96 20.69 41.03 0.91 0x0000FF
-19.17 17.96 40.5 -16.25 19.6 40.86 0.91 0x0000FF
-20.99 17.23 39.59 -19.17 17.96 40.5 0.73 0x0000FF
-22.27 16.86 39.28 -20.99 17.23 39.59 0.73 0x0000FF
-24.46 16.13 38.68 -22.27 16.86 39.28 0.73 0x0000FF
-26.65 15.59 38.36 -24.46 16.13 38.68 0.73 0x0000FF
-28.84 14.86 38.15 -26.65 15.59 38.36 0.73 0x0000FF
-30.84 14.31 37.92 -28.84 14.86 38.15 0.73 0x0000FF
-32.67 13.76 37.77 -30.84 14.31 37.92 0.73 0x0000FF
-33.95 13.22 37.39 -32.67 13.76 37.77 0.73 0x0000FF
-35.77 12.85 36.94 -33.95 13.22 37.39 0.73 0x0000FF
-37.04 13.04 36.63 -35.77 12.85 36.94 0.73 0x0000FF
-39.04 13.22 35.88 -37.04 13.04 36.63 0.73 0x0000FF
-39.97 13.4 35.42 -39.04 13.22 35.88 0.73 0x0000FF
-42.16 13.58 34.89 -39.97 13.4 35.42 0.73 0x0000FF
-44.53 14.13 34.06 -42.16 13.58 34.89 0.73 0x0000FF
-45.81 14.49 33.6 -44.53 14.13 34.06 0.73 0x0000FF
-51.46 14.68 33.07 -45.81 14.49 33.6 0.73 0x0000FF
-53.1 14.49 34.89 -51.46 14.68 33.07 0.73 0x0000FF
-54.38 14.86 35.27 -53.1 14.49 34.89 0.73 0x0000FF
-54.93 15.04 35.79 -54.38 14.86 35.27 0.73 0x0000FF
-55.66 16.32 35.42 -54.93 15.04 35.79 0.73 0x0000FF
-56.57 17.96 34.65 -55.66 16.32 35.42 0.64 0x0000FF
-57.12 18.5 34.13 -56.57 17.96 34.65 0.64 0x0000FF
-59.31 19.05 34.13 -57.12 18.5 34.13 0.455 0x0000FF
-60.22 18.87 34.89 -59.31 19.05 34.13 0.455 0x0000FF
-60.77 18.5 35.57 -60.22 18.87 34.89 0.455 0x0000FF
-61.5 17.59 35.88 -60.77 18.5 35.57 0.455 0x0000FF
-62.23 15.59 36.25 -61.5 17.59 35.88 0.365 0x0000FF
-63.32 13.04 36.56 -62.23 15.59 36.25 0.275 0x0000FF
-8.94 20.87 39.97 -8.03 21.6 41.86 0.82 0x0000FF
-9.13 20.69 39.59 -8.94 20.87 39.97 0.82 0x0000FF
-9.86 19.96 39.59 -9.13 20.69 39.59 0.82 0x0000FF
-10.03 19.6 38.97 -9.86 19.96 39.59 0.82 0x0000FF
-10.03 19.23 38.53 -10.03 19.6 38.97 0.73 0x0000FF
-10.96 18.32 38.0 -10.03 19.23 38.53 0.73 0x0000FF
-11.5 17.04 37.31 -10.96 18.32 38.0 0.73 0x0000FF
-12.23 16.13 36.86 -11.5 17.04 37.31 0.73 0x0000FF
-12.6 15.04 36.1 -12.23 16.13 36.86 0.73 0x0000FF
-12.96 13.76 34.28 -12.6 15.04 36.1 0.64 0x0000FF
-12.96 13.22 34.28 -12.96 13.76 34.28 0.64 0x0000FF
-12.96 12.49 34.13 -12.96 13.22 34.28 0.64 0x0000FF
-12.78 11.94 33.97 -12.96 12.49 34.13 0.64 0x0000FF
-12.6 11.03 33.53 -12.78 11.94 33.97 0.64 0x0000FF
-12.05 10.11 33.38 -12.6 11.03 33.53 0.64 0x0000FF
-11.87 9.57 32.85 -12.05 10.11 33.38 0.64 0x0000FF
-11.14 8.85 32.69 -11.87 9.57 32.85 0.64 0x0000FF
-10.77 8.48 32.31 -11.14 8.85 32.69 0.64 0x0000FF
-10.59 7.75 32.01 -10.77 8.48 32.31 0.64 0x0000FF
-10.59 6.48 31.56 -10.59 7.75 32.01 0.545 0x0000FF
-10.41 5.93 31.1 -10.59 6.48 31.56 0.455 0x0000FF
-10.41 5.57 30.72 -10.41 5.93 31.1 0.455 0x0000FF
-10.59 5.01 29.66 -10.41 5.57 30.72 0.455 0x0000FF
-10.41 4.47 29.28 -10.59 5.01 29.66 0.455 0x0000FF
-9.86 3.74 28.45 -10.41 4.47 29.28 0.455 0x0000FF
-9.5 3.2 28.0 -9.86 3.74 28.45 0.365 0x0000FF
28.27 7.75 69.28 22.16 11.21 55.03 1.37 0x0000FF
29.0 9.21 69.58 28.27 7.75 69.28 1.37 0x0000FF
29.18 9.76 69.66 29.0 9.21 69.58 1.37 0x0000FF
29.55 10.49 69.89 29.18 9.76 69.66 1.37 0x0000FF
29.91 11.21 69.95 29.55 10.49 69.89 1.37 0x0000FF
30.1 11.94 70.04 29.91 11.21 69.95 1.37 0x0000FF
30.82 13.4 70.27 30.1 11.94 70.04 1.37 0x0000FF
32.1 12.85 70.27 30.82 13.4 70.27 0.91 0x0000FF
32.83 12.49 70.56 32.1 12.85 70.27 0.91 0x0000FF
33.56 12.12 70.8 32.83 12.49 70.56 0.91 0x0000FF
34.29 11.94 71.02 33.56 12.12 70.8 0.91 0x0000FF
35.2 11.21 71.25 34.29 11.94 71.02 0.91 0x0000FF
37.03 10.85 71.4 35.2 11.21 71.25 0.91 0x0000FF
38.49 10.3 71.63 37.03 10.85 71.4 0.91 0x0000FF
41.41 10.11 71.86 38.49 10.3 71.63 0.64 0x0000FF
43.23 10.11 72.16 41.41 10.11 71.86 0.64 0x0000FF
44.69 9.94 72.31 43.23 10.11 72.16 0.64 0x0000FF
46.33 9.57 72.45 44.69 9.94 72.31 0.64 0x0000FF
49.62 9.21 72.61 46.33 9.57 72.45 0.64 0x0000FF
51.62 9.02 72.69 49.62 9.21 72.61 0.64 0x0000FF
52.9 8.85 72.77 51.62 9.02 72.69 0.64 0x0000FF
54.54 8.48 72.92 52.9 8.85 72.77 0.64 0x0000FF
55.82 7.75 72.98 54.54 8.48 72.92 0.64 0x0000FF
57.65 5.93 73.22 55.82 7.75 72.98 0.64 0x0000FF
59.29 4.47 73.3 57.65 5.93 73.22 0.64 0x0000FF
61.11 3.2 73.45 59.29 4.47 73.3 0.64 0x0000FF
64.03 1.74 73.52 61.11 3.2 73.45 0.64 0x0000FF
68.41 0.83 73.52 64.03 1.74 73.52 0.545 0x0000FF
71.15 0.65 73.67 68.41 0.83 73.52 0.545 0x0000FF
73.52 0.65 73.67 71.15 0.65 73.67 0.545 0x0000FF
75.16 1.19 73.67 73.52 0.65 73.67 0.545 0x0000FF
75.89 1.19 73.75 75.16 1.19 73.67 0.545 0x0000FF
76.44 1.38 73.9 75.89 1.19 73.75 0.545 0x0000FF
76.98 1.38 74.05 76.44 1.38 73.9 0.545 0x0000FF
77.72 1.19 73.06 76.98 1.38 74.05 0.545 0x0000FF
78.45 1.19 72.39 77.72 1.19 73.06 0.545 0x0000FF
79.72 0.65 71.48 78.45 1.19 72.39 0.545 0x0000FF
81.0 0.1 70.56 79.72 0.65 71.48 0.545 0x0000FF
84.1 -1.18 69.95 81.0 0.1 70.56 0.545 0x0000FF
85.01 -2.27 70.11 84.1 -1.18 69.95 0.545 0x0000FF
85.56 -3.0 69.89 85.01 -2.27 70.11 0.545 0x0000FF
87.75 -4.26 69.81 85.56 -3.0 69.89 0.455 0x0000FF
91.58 -5.73 69.28 87.75 -4.26 69.81 0.455 0x0000FF
96.51 -7.37 68.9 91.58 -5.73 69.28 0.455 0x0000FF
101.62 -8.65 68.45 96.51 -7.37 68.9 0.455 0x0000FF
106.91 -8.83 68.06 101.62 -8.65 68.45 0.455 0x0000FF
109.64 -8.65 67.61 106.91 -8.83 68.06 0.455 0x0000FF
113.71 -9.51 67.08 109.64 -8.65 67.61 0.455 0x0000FF
116.08 -10.06 66.63 113.71 -9.51 67.08 0.455 0x0000FF
120.64 -10.97 66.48 116.08 -10.06 66.63 0.455 0x0000FF
121.92 -11.15 66.09 120.64 -10.97 66.48 0.455 0x0000FF
123.93 -11.15 67.23 121.92 -11.15 66.09 0.455 0x0000FF
124.66 -11.15 68.06 123.93 -11.15 67.23 0.455 0x0000FF
125.75 -11.15 68.59 124.66 -11.15 68.06 0.455 0x0000FF
126.3 -11.33 68.83 125.75 -11.15 68.59 0.455 0x0000FF
127.03 -11.52 69.28 126.3 -11.33 68.83 0.455 0x0000FF
127.4 -11.7 69.51 127.03 -11.52 69.28 0.455 0x0000FF
127.94 -11.7 69.89 127.4 -11.7 69.51 0.455 0x0000FF
128.49 -12.25 71.02 127.94 -11.7 69.89 0.455 0x0000FF
128.86 -12.79 71.33 128.49 -12.25 71.02 0.365 0x0000FF
129.22 -13.52 71.7 128.86 -12.79 71.33 0.365 0x0000FF
129.59 -14.07 71.93 129.22 -13.52 71.7 0.365 0x0000FF
129.77 -14.43 72.31 129.59 -14.07 71.93 0.365 0x0000FF
130.5 -15.34 72.92 129.77 -14.43 72.31 0.365 0x0000FF
131.04 -15.89 72.92 130.5 -15.34 72.92 0.365 0x0000FF
131.77 -16.07 73.3 131.04 -15.89 72.92 0.365 0x0000FF
132.69 -16.25 73.75 131.77 -16.07 73.3 0.365 0x0000FF
133.05 -16.25 73.9 132.69 -16.25 73.75 0.365 0x0000FF
133.96 -16.62 74.43 133.05 -16.25 73.9 0.365 0x0000FF
134.69 -16.62 75.19 133.96 -16.62 74.43 0.365 0x0000FF
135.41 -16.98 75.11 134.69 -16.62 75.19 0.365 0x0000FF
136.69 -17.16 75.64 135.41 -16.98 75.11 0.365 0x0000FF
138.16 -17.35 75.95 136.69 -17.16 75.64 0.365 0x0000FF
139.44 -17.35 76.09 138.16 -17.35 75.95 0.365 0x0000FF
141.44 -17.89 76.7 139.44 -17.35 76.09 0.365 0x0000FF
142.9 -17.89 76.78 141.44 -17.89 76.7 0.365 0x0000FF
144.36 -18.26 77.31 142.9 -17.89 76.78 0.365 0x0000FF
145.46 -18.26 77.61 144.36 -18.26 77.31 0.365 0x0000FF
146.37 -18.26 77.98 145.46 -18.26 77.61 0.365 0x0000FF
147.47 -18.26 78.37 146.37 -18.26 77.98 0.365 0x0000FF
148.74 -18.62 78.75 147.47 -18.26 78.37 0.365 0x0000FF
149.84 -18.98 78.9 148.74 -18.62 78.75 0.365 0x0000FF
151.66 -19.17 79.58 149.84 -18.98 78.9 0.365 0x0000FF
156.59 -21.54 80.48 151.66 -19.17 79.58 0.365 0x0000FF
158.05 -23.18 80.79 156.59 -21.54 80.48 0.365 0x0000FF
159.87 -24.82 81.09 158.05 -23.18 80.79 0.365 0x0000FF
163.69 -26.82 81.4 159.87 -24.82 81.09 0.365 0x0000FF
168.63 -28.64 81.86 163.69 -26.82 81.4 0.365 0x0000FF
173.56 -30.28 82.16 168.63 -28.64 81.86 0.365 0x0000FF
176.84 -31.01 82.31 173.56 -30.28 82.16 0.365 0x0000FF
183.96 -31.92 82.61 176.84 -31.01 82.31 0.365 0x0000FF
188.15 -31.56 82.61 183.96 -31.92 82.61 0.365 0x0000FF
191.98 -30.65 82.99 188.15 -31.56 82.61 0.365 0x0000FF
195.45 -30.1 83.45 191.98 -30.65 82.99 0.365 0x0000FF
197.82 -29.55 83.6 195.45 -30.1 83.45 0.365 0x0000FF
85.43 -4.41 69.58 85.56 -3.0 69.89 0.545 0x0000FF
85.8 -4.78 69.28 85.43 -4.41 69.58 0.545 0x0000FF
86.16 -5.5 68.83 85.8 -4.78 69.28 0.545 0x0000FF
86.34 -5.87 68.3 86.16 -5.5 68.83 0.545 0x0000FF
87.07 -7.14 71.93 86.34 -5.87 68.3 0.545 0x0000FF
87.07 -7.51 72.69 87.07 -7.14 71.93 0.545 0x0000FF
87.07 -8.24 72.98 87.07 -7.51 72.69 0.545 0x0000FF
87.07 -8.97 73.22 87.07 -8.24 72.98 0.545 0x0000FF
86.89 -9.51 73.52 87.07 -8.97 73.22 0.545 0x0000FF
86.34 -10.06 73.98 86.89 -9.51 73.52 0.545 0x0000FF
85.98 -10.79 74.43 86.34 -10.06 73.98 0.545 0x0000FF
85.25 -11.52 74.51 85.98 -10.79 74.43 0.545 0x0000FF
84.52 -12.61 75.11 85.25 -11.52 74.51 0.545 0x0000FF
83.24 -14.25 75.34 84.52 -12.61 75.11 0.545 0x0000FF
81.96 -16.25 75.48 83.24 -14.25 75.34 0.545 0x0000FF
81.05 -18.07 75.87 81.96 -16.25 75.48 0.545 0x0000FF
80.14 -20.99 76.4 81.05 -18.07 75.87 0.545 0x0000FF
79.95 -23.36 77.01 80.14 -20.99 76.4 0.545 0x0000FF
80.87 -26.27 77.39 79.95 -23.36 77.01 0.545 0x0000FF
82.33 -31.38 78.06 80.87 -26.27 77.39 0.545 0x0000FF
83.06 -33.56 78.37 82.33 -31.38 78.06 0.545 0x0000FF
83.61 -36.11 78.83 83.06 -33.56 78.37 0.545 0x0000FF
83.79 -37.39 79.05 83.61 -36.11 78.83 0.545 0x0000FF
84.34 -39.03 78.37 83.79 -37.39 79.05 0.545 0x0000FF
85.43 -41.76 77.39 84.34 -39.03 78.37 0.545 0x0000FF
87.07 -44.49 76.7 85.43 -41.76 77.39 0.545 0x0000FF
89.26 -47.41 75.8 87.07 -44.49 76.7 0.545 0x0000FF
90.54 -49.96 75.04 89.26 -47.41 75.8 0.545 0x0000FF
90.72 -52.33 74.36 90.54 -49.96 75.04 0.545 0x0000FF
91.45 -55.24 73.9 90.72 -52.33 74.36 0.545 0x0000FF
91.27 -55.61 73.83 91.45 -55.24 73.9 0.545 0x0000FF
91.27 -56.88 73.52 91.27 -55.61 73.83 0.545 0x0000FF
91.63 -57.8 73.3 91.27 -56.88 73.52 0.545 0x0000FF
91.82 -59.98 73.14 91.63 -57.8 73.3 0.545 0x0000FF
92.18 -62.35 72.92 91.82 -59.98 73.14 0.545 0x0000FF
92.73 -64.34 72.61 92.18 -62.35 72.92 0.545 0x0000FF
93.82 -67.27 72.31 92.73 -64.34 72.61 0.545 0x0000FF
94.55 -69.09 72.31 93.82 -67.27 72.31 0.545 0x0000FF
94.92 -70.37 72.08 94.55 -69.09 72.31 0.545 0x0000FF
95.47 -71.81 71.93 94.92 -70.37 72.08 0.545 0x0000FF
96.56 -74.73 71.86 95.47 -71.81 71.93 0.545 0x0000FF
96.93 -76.38 71.78 96.56 -74.73 71.86 0.545 0x0000FF
97.84 -79.29 71.78 96.93 -76.38 71.78 0.545 0x0000FF
98.57 -82.03 71.78 97.84 -79.29 71.78 0.545 0x0000FF
99.85 -85.31 71.63 98.57 -82.03 71.78 0.455 0x0000FF
100.94 -89.5 71.55 99.85 -85.31 71.63 0.455 0x0000FF
101.49 -92.23 71.55 100.94 -89.5 71.55 0.455 0x0000FF
101.49 -93.87 71.4 101.49 -92.23 71.55 0.365 0x0000FF
102.22 -95.87 71.4 101.49 -93.87 71.4 0.365 0x0000FF
102.58 -96.97 71.4 102.22 -95.87 71.4 0.365 0x0000FF
102.95 -98.61 71.4 102.58 -96.97 71.4 0.365 0x0000FF
104.69 -102.73 71.4 102.95 -98.61 71.4 0.365 0x0000FF
31.61 16.02 70.27 30.82 13.4 70.27 1.005 0x0000FF
33.07 17.48 70.27 31.61 16.02 70.27 0.64 0x0000FF
34.15 18.94 70.27 33.07 17.48 70.27 0.64 0x0000FF
35.44 20.94 70.27 34.15 18.94 70.27 0.64 0x0000FF
37.63 24.77 70.34 35.44 20.94 70.27 0.64 0x0000FF
39.09 28.6 70.42 37.63 24.77 70.34 0.64 0x0000FF
40.54 31.33 70.48 39.09 28.6 70.42 0.64 0x0000FF
42.74 35.15 70.64 40.54 31.33 70.48 0.64 0x0000FF
44.56 41.17 70.87 42.74 35.15 70.64 0.64 0x0000FF
46.94 48.27 70.95 44.56 41.17 70.87 0.64 0x0000FF
48.03 49.91 71.17 46.94 48.27 70.95 0.64 0x0000FF
48.58 51.74 71.25 48.03 49.91 71.17 0.64 0x0000FF
48.76 53.01 71.33 48.58 51.74 71.25 0.64 0x0000FF
48.76 54.29 71.4 48.76 53.01 71.33 0.64 0x0000FF
48.4 56.11 71.63 48.76 54.29 71.4 0.64 0x0000FF
47.3 59.39 71.78 48.4 56.11 71.63 0.64 0x0000FF
46.57 61.94 72.01 47.3 59.39 71.78 0.64 0x0000FF
46.02 64.67 72.08 46.57 61.94 72.01 0.64 0x0000FF
45.84 66.48 72.08 46.02 64.67 72.08 0.64 0x0000FF
45.66 68.31 72.23 45.84 66.48 72.08 0.64 0x0000FF
45.48 69.95 72.39 45.66 68.31 72.23 0.64 0x0000FF
45.11 74.33 72.45 45.48 69.95 72.39 0.64 0x0000FF
45.11 75.06 71.93 45.11 74.33 72.45 0.64 0x0000FF
45.48 76.88 71.4 45.11 75.06 71.93 0.64 0x0000FF
45.11 79.61 71.09 45.48 76.88 71.4 0.64 0x0000FF
44.38 82.53 71.02 45.11 79.61 71.09 0.64 0x0000FF
43.83 83.99 70.95 44.38 82.53 71.02 0.64 0x0000FF
41.46 90.18 70.72 43.83 83.99 70.95 0.545 0x0000FF
40.72 92.0 70.72 41.46 90.18 70.72 0.545 0x0000FF
39.82 93.64 70.56 40.72 92.0 70.72 0.545 0x0000FF
39.09 95.28 70.27 39.82 93.64 70.56 0.545 0x0000FF
38.72 97.83 70.27 39.09 95.28 70.27 0.545 0x0000FF
38.72 100.75 70.27 38.72 97.83 70.27 0.545 0x0000FF
39.27 102.57 70.19 38.72 100.75 70.27 0.545 0x0000FF
39.46 104.03 70.11 39.27 102.57 70.19 0.545 0x0000FF
41.9 111.36 70.11 39.46 104.03 70.11 0.545 0x0000FF
41.9 112.46 69.95 41.9 111.36 70.11 0.545 0x0000FF
41.17 113.91 69.58 41.9 112.46 69.95 0.545 0x0000FF
39.35 114.82 69.58 41.17 113.91 69.58 0.545 0x0000FF
38.25 115.37 69.58 39.35 114.82 69.58 0.545 0x0000FF
35.33 117.37 69.58 38.25 115.37 69.58 0.545 0x0000FF
33.69 119.2 69.2 35.33 117.37 69.58 0.545 0x0000FF
32.22 122.66 69.2 33.69 119.2 69.2 0.545 0x0000FF
31.68 127.21 69.2 32.22 122.66 69.2 0.545 0x0000FF
32.4 131.77 69.2 31.68 127.21 69.2 0.545 0x0000FF
32.78 136.32 69.2 32.4 131.77 69.2 0.545 0x0000FF
30.4 146.71 69.2 32.78 136.32 69.2 0.545 0x0000FF
28.95 147.8 69.43 30.4 146.71 69.2 0.545 0x0000FF
26.21 149.26 70.48 28.95 147.8 69.43 0.545 0x0000FF
23.47 150.72 70.8 26.21 149.26 70.48 0.545 0x0000FF
22.19 151.99 71.4 23.47 150.72 70.8 0.545 0x0000FF
19.46 154.72 71.7 22.19 151.99 71.4 0.545 0x0000FF
17.45 157.46 71.93 19.46 154.72 71.7 0.545 0x0000FF
13.44 164.75 72.08 17.45 157.46 71.93 0.545 0x0000FF
12.89 166.02 72.45 13.44 164.75 72.08 0.545 0x0000FF
12.52 167.66 72.69 12.89 166.02 72.45 0.545 0x0000FF
12.16 168.76 73.3 12.52 167.66 72.69 0.545 0x0000FF
11.98 169.85 73.52 12.16 168.76 73.3 0.545 0x0000FF
11.25 172.4 73.98 11.98 169.85 73.52 0.545 0x0000FF
10.15 175.86 74.43 11.25 172.4 73.98 0.545 0x0000FF
10.5 178.04 76.17 10.15 175.86 74.43 0.455 0x0000FF
10.5 178.58 76.17 10.5 178.04 76.17 0.455 0x0000FF
10.68 179.13 75.95 10.5 178.58 76.17 0.455 0x0000FF
10.86 179.68 75.8 10.68 179.13 75.95 0.455 0x0000FF
10.86 180.22 75.72 10.86 179.68 75.8 0.455 0x0000FF
10.86 181.5 74.89 10.86 180.22 75.72 0.455 0x0000FF
10.86 182.23 74.66 10.86 181.5 74.89 0.455 0x0000FF
10.68 182.96 74.58 10.86 182.23 74.66 0.455 0x0000FF
10.68 184.41 74.13 10.68 182.96 74.58 0.455 0x0000FF
10.5 185.87 73.83 10.68 184.41 74.13 0.455 0x0000FF
9.77 187.69 73.45 10.5 185.87 73.83 0.455 0x0000FF
9.22 189.51 73.14 9.77 187.69 73.45 0.455 0x0000FF
7.4 192.61 73.14 9.22 189.51 73.14 0.455 0x0000FF
6.67 193.89 72.84 7.4 192.61 73.14 0.455 0x0000FF
6.12 195.35 72.54 6.67 193.89 72.84 0.455 0x0000FF
5.39 197.17 72.16 6.12 195.35 72.54 0.455 0x0000FF
5.03 197.9 71.86 5.39 197.17 72.16 0.455 0x0000FF
4.66 199.54 71.48 5.03 197.9 71.86 0.455 0x0000FF
4.48 200.45 71.25 4.66 199.54 71.48 0.455 0x0000FF
4.11 201.36 71.17 4.48 200.45 71.25 0.455 0x0000FF
3.93 202.09 70.8 4.11 201.36 71.17 0.455 0x0000FF
3.93 202.82 70.64 3.93 202.09 70.8 0.455 0x0000FF
3.75 203.91 70.11 3.93 202.82 70.64 0.455 0x0000FF
3.57 205.0 69.89 3.75 203.91 70.11 0.455 0x0000FF
3.38 206.28 69.66 3.57 205.0 69.89 0.455 0x0000FF
3.38 208.46 69.58 3.38 206.28 69.66 0.455 0x0000FF
3.57 212.47 69.51 3.38 208.46 69.58 0.455 0x0000FF
3.75 214.11 69.28 3.57 212.47 69.51 0.455 0x0000FF
4.3 215.21 68.9 3.75 214.11 69.28 0.455 0x0000FF
4.84 216.48 68.67 4.3 215.21 68.9 0.455 0x0000FF
5.39 217.39 68.52 4.84 216.48 68.67 0.455 0x0000FF
5.94 218.67 68.14 5.39 217.39 68.52 0.455 0x0000FF
7.03 219.94 67.69 5.94 218.67 68.14 0.455 0x0000FF
11.23 223.4 67.39 7.03 219.94 67.69 0.455 0x0000FF
14.7 226.5 66.93 11.23 223.4 67.39 0.365 0x0000FF
15.24 227.23 66.86 14.7 226.5 66.93 0.365 0x0000FF
16.16 228.51 66.33 15.24 227.23 66.86 0.365 0x0000FF
17.07 231.79 65.87 16.16 228.51 66.33 0.365 0x0000FF
17.98 233.24 65.64 17.07 231.79 65.87 0.365 0x0000FF
19.62 235.06 65.04 17.98 233.24 65.64 0.365 0x0000FF
20.72 235.98 64.43 19.62 235.06 65.04 0.365 0x0000FF
21.08 236.34 64.05 20.72 235.98 64.43 0.365 0x0000FF
22.91 237.25 63.75 21.08 236.34 64.05 0.365 0x0000FF
25.1 237.43 63.37 22.91 237.25 63.75 0.365 0x0000FF
27.1 237.43 62.99 25.1 237.43 63.37 0.365 0x0000FF
27.47 237.43 62.77 27.1 237.43 62.99 0.365 0x0000FF
28.38 237.07 62.61 27.47 237.43 62.77 0.365 0x0000FF
29.11 236.7 62.54 28.38 237.07 62.61 0.365 0x0000FF
30.82 17.98 69.81 31.61 16.02 70.27 1.005 0x0000FF
30.27 20.0 69.81 30.82 17.98 69.81 1.005 0x0000FF
28.99 22.18 69.95 30.27 20.0 69.81 1.005 0x0000FF
28.44 24.73 70.11 28.99 22.18 69.95 1.005 0x0000FF
26.8 25.64 70.19 28.44 24.73 70.11 0.73 0x0000FF
26.44 26.56 70.48 26.8 25.64 70.19 0.73 0x0000FF
25.71 27.28 70.72 26.44 26.56 70.48 0.73 0x0000FF
24.43 28.38 71.02 25.71 27.28 70.72 0.73 0x0000FF
22.42 29.65 71.33 24.43 28.38 71.02 0.73 0x0000FF
21.69 30.2 71.78 22.42 29.65 71.33 0.73 0x0000FF
20.6 30.93 72.16 21.69 30.2 71.78 0.73 0x0000FF
18.96 31.66 72.69 20.6 30.93 72.16 0.73 0x0000FF
16.77 31.84 72.98 18.96 31.66 72.69 0.73 0x0000FF
15.49 32.39 73.59 16.77 31.84 72.98 0.73 0x0000FF
13.85 32.93 74.36 15.49 32.39 73.59 0.73 0x0000FF
12.39 32.93 74.73 13.85 32.93 74.36 0.73 0x0000FF
9.83 32.93 75.27 12.39 32.93 74.73 0.73 0x0000FF
9.28 32.75 75.42 9.83 32.93 75.27 0.73 0x0000FF
7.46 32.2 75.64 9.28 32.75 75.42 0.64 0x0000FF
6.55 31.84 76.55 7.46 32.2 75.64 0.545 0x0000FF
6.37 31.84 76.63 6.55 31.84 76.55 0.545 0x0000FF
5.64 31.47 76.86 6.37 31.84 76.63 0.545 0x0000FF
5.27 31.29 77.39 5.64 31.47 76.86 0.545 0x0000FF
4.36 31.11 78.3 5.27 31.29 77.39 0.545 0x0000FF
4.18 30.93 78.67 4.36 31.11 78.3 0.545 0x0000FF
3.26 30.38 79.13 4.18 30.93 78.67 0.545 0x0000FF
2.17 30.02 79.73 3.26 30.38 79.13 0.545 0x0000FF
1.62 30.02 80.19 2.17 30.02 79.73 0.545 0x0000FF
1.08 29.83 80.19 1.62 30.02 80.19 0.545 0x0000FF
0.53 29.47 80.56 1.08 29.83 80.19 0.545 0x0000FF
-0.02 29.29 80.95 0.53 29.47 80.56 0.545 0x0000FF
-0.56 28.92 81.33 -0.02 29.29 80.95 0.545 0x0000FF
-1.3 28.2 82.16 -0.56 28.92 81.33 0.545 0x0000FF
-1.3 27.83 82.39 -1.3 28.2 82.16 0.545 0x0000FF
-1.84 27.65 83.07 -1.3 27.83 82.39 0.545 0x0000FF
-1.84 27.1 83.6 -1.84 27.65 83.07 0.545 0x0000FF
-1.84 26.92 83.82 -1.84 27.1 83.6 0.545 0x0000FF
-1.84 26.56 84.2 -1.84 26.92 83.82 0.545 0x0000FF
-1.84 26.19 84.81 -1.84 26.56 84.2 0.545 0x0000FF
-2.39 25.64 85.04 -1.84 26.19 84.81 0.545 0x0000FF
-2.57 24.92 85.04 -2.39 25.64 85.04 0.455 0x0000FF
-3.3 24.0 85.64 -2.57 24.92 85.04 0.365 0x0000FF
-3.67 23.46 86.02 -3.3 24.0 85.64 0.365 0x0000FF
-4.95 22.73 86.25 -3.67 23.46 86.02 0.365 0x0000FF
8.74 31.84 75.27 9.28 32.75 75.42 0.455 0x0000FF
8.36 30.75 75.56 8.74 31.84 75.27 0.455 0x0000FF
8.36 30.02 75.19 8.36 30.75 75.56 0.455 0x0000FF
8.19 29.47 74.51 8.36 30.02 75.19 0.455 0x0000FF
8.19 28.92 74.28 8.19 29.47 74.51 0.455 0x0000FF
7.64 28.38 73.9 8.19 28.92 74.28 0.455 0x0000FF
7.1 27.65 73.52 7.64 28.38 73.9 0.455 0x0000FF
7.1 27.28 73.52 7.1 27.65 73.52 0.455 0x0000FF
6.55 26.92 72.92 7.1 27.28 73.52 0.455 0x0000FF
6.37 26.56 72.45 6.55 26.92 72.92 0.455 0x0000FF
6.0 26.01 72.16 6.37 26.56 72.45 0.455 0x0000FF
5.82 25.46 71.63 6.0 26.01 72.16 0.455 0x0000FF
5.45 24.92 71.48 5.82 25.46 71.63 0.455 0x0000FF
3.63 24.19 71.48 5.45 24.92 71.48 0.365 0x0000FF
2.9 23.28 71.33 3.63 24.19 71.48 0.365 0x0000FF
2.54 22.18 71.02 2.9 23.28 71.33 0.365 0x0000FF
28.08 25.64 69.95 28.44 24.73 70.11 0.73 0x0000FF
28.08 26.37 70.42 28.08 25.64 69.95 0.73 0x0000FF
27.71 28.01 70.8 28.08 26.37 70.42 0.73 0x0000FF
27.53 28.56 70.87 27.71 28.01 70.8 0.73 0x0000FF
27.35 29.11 70.95 27.53 28.56 70.87 0.73 0x0000FF
26.8 30.02 71.4 27.35 29.11 70.95 0.73 0x0000FF
25.89 31.11 71.63 26.8 30.02 71.4 0.73 0x0000FF
25.34 31.84 72.01 25.89 31.11 71.63 0.73 0x0000FF
24.98 33.29 72.08 25.34 31.84 72.01 0.73 0x0000FF
24.61 35.29 72.23 24.98 33.29 72.08 0.73 0x0000FF
24.61 36.76 72.45 24.61 35.29 72.23 0.73 0x0000FF
24.43 37.85 72.54 24.61 36.76 72.45 0.73 0x0000FF
24.06 39.31 72.69 24.43 37.85 72.54 0.73 0x0000FF
23.7 40.4 72.84 24.06 39.31 72.69 0.73 0x0000FF
23.33 41.31 72.84 23.7 40.4 72.84 0.73 0x0000FF
21.33 43.5 73.14 23.33 41.31 72.84 0.64 0x0000FF
19.5 45.32 73.52 21.33 43.5 73.14 0.64 0x0000FF
18.41 46.6 73.83 19.5 45.32 73.52 0.64 0x0000FF
17.86 47.69 74.2 18.41 46.6 73.83 0.64 0x0000FF
17.13 49.15 74.43 17.86 47.69 74.2 0.64 0x0000FF
16.39 50.06 74.95 17.13 49.15 74.43 0.64 0x0000FF
15.85 50.97 75.56 16.39 50.06 74.95 0.64 0x0000FF
15.31 51.7 75.72 15.85 50.97 75.56 0.64 0x0000FF
15.12 52.06 75.87 15.31 51.7 75.72 0.64 0x0000FF
14.76 52.97 76.09 15.12 52.06 75.87 0.64 0x0000FF
14.39 53.34 76.33 14.76 52.97 76.09 0.64 0x0000FF
14.39 53.89 76.7 14.39 53.34 76.33 0.64 0x0000FF
14.03 54.8 77.16 14.39 53.89 76.7 0.64 0x0000FF
13.48 55.71 77.76 14.03 54.8 77.16 0.64 0x0000FF
13.3 56.62 78.3 13.48 55.71 77.76 0.64 0x0000FF
12.75 58.08 78.37 13.3 56.62 78.3 0.64 0x0000FF
12.57 58.62 78.75 12.75 58.08 78.37 0.64 0x0000FF
12.02 59.35 79.43 12.57 58.62 78.75 0.64 0x0000FF
11.84 59.9 79.73 12.02 59.35 79.43 0.64 0x0000FF
11.66 60.63 80.42 11.84 59.9 79.73 0.64 0x0000FF
10.93 61.54 81.09 11.66 60.63 80.42 0.64 0x0000FF
10.56 61.9 81.7 10.93 61.54 81.09 0.64 0x0000FF
10.56 62.45 81.86 10.56 61.9 81.7 0.64 0x0000FF
10.19 62.81 82.54 10.56 62.45 81.86 0.64 0x0000FF
9.83 63.36 83.07 10.19 62.81 82.54 0.64 0x0000FF
9.65 63.54 83.75 9.83 63.36 83.07 0.64 0x0000FF
9.65 63.54 84.36 9.65 63.54 83.75 0.64 0x0000FF
9.47 64.09 84.51 9.65 63.54 84.36 0.64 0x0000FF
8.36 65.36 84.73 9.47 64.09 84.51 0.64 0x0000FF
8.36 65.36 85.11 8.36 65.36 84.73 0.64 0x0000FF
8.19 65.36 85.87 8.36 65.36 85.11 0.64 0x0000FF
7.28 66.27 86.17 8.19 65.36 85.87 0.545 0x0000FF
7.1 66.45 86.32 7.28 66.27 86.17 0.545 0x0000FF
7.1 66.45 87.16 7.1 66.45 86.32 0.545 0x0000FF
6.91 67.37 87.76 7.1 66.45 87.16 0.545 0x0000FF
6.73 67.91 88.07 6.91 67.37 87.76 0.545 0x0000FF
6.37 68.45 88.29 6.73 67.91 88.07 0.545 0x0000FF
6.37 69.01 88.75 6.37 68.45 88.29 0.545 0x0000FF
6.0 69.55 89.13 6.37 69.01 88.75 0.545 0x0000FF
5.82 70.28 89.58 6.0 69.55 89.13 0.545 0x0000FF
5.27 71.19 90.11 5.82 70.28 89.58 0.455 0x0000FF
4.91 71.92 90.34 5.27 71.19 90.11 0.455 0x0000FF
4.54 72.11 91.02 4.91 71.92 90.34 0.365 0x0000FF
4.18 73.2 91.48 4.54 72.11 91.02 0.365 0x0000FF
3.99 73.56 91.93 4.18 73.2 91.48 0.365 0x0000FF
3.26 74.84 92.08 3.99 73.56 91.93 0.365 0x0000FF
2.72 75.93 92.91 3.26 74.84 92.08 0.365 0x0000FF
2.72 77.2 93.29 2.72 75.93 92.91 0.365 0x0000FF
3.08 78.66 93.9 2.72 77.2 93.29 0.365 0x0000FF
3.45 79.39 94.58 3.08 78.66 93.9 0.365 0x0000FF
3.81 80.3 95.19 3.45 79.39 94.58 0.365 0x0000FF
4.72 81.03 95.64 3.81 80.3 95.19 0.365 0x0000FF
5.27 81.22 95.79 4.72 81.03 95.64 0.365 0x0000FF
5.82 81.58 96.1 5.27 81.22 95.79 0.365 0x0000FF
6.73 81.76 96.48 5.82 81.58 96.1 0.365 0x0000FF
7.1 81.76 97.01 6.73 81.76 96.48 0.365 0x0000FF
7.28 81.94 98.29 7.1 81.76 97.01 0.365 0x0000FF
7.64 81.94 98.9 7.28 81.94 98.29 0.365 0x0000FF
8.56 82.31 99.43 7.64 81.94 98.9 0.365 0x0000FF
24.98 -0.77 59.96 22.16 11.21 55.03 1.735 0x0000FF
24.79 -1.5 59.96 24.98 -0.77 59.96 1.735 0x0000FF
25.16 -2.41 60.49 24.79 -1.5 59.96 1.735 0x0000FF
25.89 -3.69 60.87 25.16 -2.41 60.49 1.735 0x0000FF
26.07 -4.05 61.02 25.89 -3.69 60.87 1.735 0x0000FF
27.17 -6.24 61.4 26.07 -4.05 61.02 1.64 0x0000FF
27.35 -8.61 61.78 27.17 -6.24 61.4 1.64 0x0000FF
27.35 -9.34 61.86 27.35 -8.61 61.78 1.64 0x0000FF
27.53 -10.43 62.39 27.35 -9.34 61.86 1.64 0x0000FF
27.71 -11.52 62.61 27.53 -10.43 62.39 1.64 0x0000FF
28.08 -12.98 62.99 27.71 -11.52 62.61 1.64 0x0000FF
28.44 -15.35 63.68 28.08 -12.98 62.99 1.55 0x0000FF
28.44 -16.63 63.9 28.44 -15.35 63.68 1.55 0x0000FF
28.63 -18.07 64.58 28.44 -16.63 63.9 1.55 0x0000FF
28.81 -18.98 65.19 28.63 -18.07 64.58 1.55 0x0000FF
29.17 -20.63 65.87 28.81 -18.98 65.19 1.55 0x0000FF
29.9 -22.64 66.93 29.17 -20.63 65.87 1.55 0x0000FF
30.09 -23.37 67.31 29.9 -22.64 66.93 1.55 0x0000FF
30.27 -23.91 68.06 30.09 -23.37 67.31 1.55 0x0000FF
30.27 -24.28 68.9 30.27 -23.91 68.06 1.55 0x0000FF
30.45 -25.19 69.43 30.27 -24.28 68.9 1.55 0x0000FF
30.45 -26.46 69.89 30.45 -25.19 69.43 1.55 0x0000FF
30.45 -27.92 70.48 30.45 -26.46 69.89 1.55 0x0000FF
31.36 -28.83 70.48 30.45 -27.92 70.48 0.91 0x0000FF
31.55 -29.2 70.48 31.36 -28.83 70.48 0.91 0x0000FF
32.46 -29.56 70.48 31.55 -29.2 70.48 0.91 0x0000FF
32.82 -29.56 70.48 32.46 -29.56 70.48 0.82 0x0000FF
33.19 -29.56 70.42 32.82 -29.56 70.48 0.82 0x0000FF
33.54 -29.56 69.51 33.19 -29.56 70.42 0.82 0x0000FF
33.92 -29.56 69.66 33.54 -29.56 69.51 0.82 0x0000FF
34.28 -29.38 70.04 33.92 -29.56 69.66 0.82 0x0000FF
34.46 -29.38 70.87 34.28 -29.38 70.04 0.82 0x0000FF
35.01 -29.38 71.48 34.46 -29.38 70.87 0.82 0x0000FF
35.38 -29.38 71.86 35.01 -29.38 71.48 0.82 0x0000FF
36.47 -29.38 72.16 35.38 -29.38 71.86 0.73 0x0000FF
36.84 -29.38 72.23 36.47 -29.38 72.16 0.73 0x0000FF
37.57 -29.38 72.77 36.84 -29.38 72.23 0.73 0x0000FF
38.47 -29.38 73.45 37.57 -29.38 72.77 0.73 0x0000FF
39.76 -29.56 74.05 38.47 -29.38 73.45 0.73 0x0000FF
40.85 -29.38 74.2 39.76 -29.56 74.05 0.73 0x0000FF
42.13 -29.2 74.51 40.85 -29.38 74.2 0.73 0x0000FF
43.59 -29.02 74.89 42.13 -29.2 74.51 0.73 0x0000FF
44.68 -28.65 75.27 43.59 -29.02 74.89 0.73 0x0000FF
46.14 -28.29 75.95 44.68 -28.65 75.27 0.73 0x0000FF
46.87 -27.92 76.33 46.14 -28.29 75.95 0.73 0x0000FF
49.43 -26.83 76.86 46.87 -27.92 76.33 0.73 0x0000FF
50.34 -26.65 77.08 49.43 -26.83 76.86 0.73 0x0000FF
51.8 -26.28 77.45 50.34 -26.65 77.08 0.73 0x0000FF
53.26 -26.1 77.84 51.8 -26.28 77.45 0.73 0x0000FF
54.17 -25.92 77.98 53.26 -26.1 77.84 0.73 0x0000FF
54.53 -25.92 78.75 54.17 -25.92 77.98 0.73 0x0000FF
55.63 -25.55 79.43 54.53 -25.92 78.75 0.73 0x0000FF
56.54 -25.37 80.04 55.63 -25.55 79.43 0.73 0x0000FF
57.09 -25.19 80.56 56.54 -25.37 80.04 0.73 0x0000FF
57.45 -25.19 81.17 57.09 -25.19 80.56 0.73 0x0000FF
58.55 -25.01 81.93 57.45 -25.19 81.17 0.64 0x0000FF
58.91 -25.01 82.39 58.55 -25.01 81.93 0.64 0x0000FF
59.46 -25.01 82.84 58.91 -25.01 82.39 0.64 0x0000FF
60.01 -25.01 84.2 59.46 -25.01 82.84 0.64 0x0000FF
60.56 -25.19 84.28 60.01 -25.01 84.2 0.64 0x0000FF
60.92 -25.19 84.89 60.56 -25.19 84.28 0.64 0x0000FF
61.65 -25.37 85.72 60.92 -25.19 84.89 0.64 0x0000FF
63.47 -25.37 86.02 61.65 -25.37 85.72 0.64 0x0000FF
64.75 -25.55 86.17 63.47 -25.37 86.02 0.64 0x0000FF
65.3 -25.37 87.16 64.75 -25.55 86.17 0.64 0x0000FF
66.2 -25.19 87.39 65.3 -25.37 87.16 0.64 0x0000FF
67.84 -24.46 88.07 66.2 -25.19 87.39 0.64 0x0000FF
68.4 -24.28 88.75 67.84 -24.46 88.07 0.64 0x0000FF
69.13 -23.37 89.13 68.4 -24.28 88.75 0.64 0x0000FF
69.86 -22.27 90.11 69.13 -23.37 89.13 0.545 0x0000FF
70.41 -21.73 90.64 69.86 -22.27 90.11 0.545 0x0000FF
71.14 -21.18 91.4 70.41 -21.73 90.64 0.545 0x0000FF
72.41 -20.63 92.54 71.14 -21.18 91.4 0.545 0x0000FF
73.69 -19.91 93.37 72.41 -20.63 92.54 0.545 0x0000FF
74.59 -19.72 94.05 73.69 -19.91 93.37 0.545 0x0000FF
77.89 -18.8 95.26 74.59 -19.72 94.05 0.365 0x0000FF
79.17 -18.98 95.49 77.89 -18.8 95.26 0.365 0x0000FF
81.34 -20.63 96.02 79.17 -18.98 95.49 0.275 0x0000FF
32.27 -36.29 67.77 30.45 -27.92 70.48 1.275 0x0000FF
32.27 -38.85 67.61 32.27 -36.29 67.77 1.275 0x0000FF
33.19 -39.58 67.84 32.27 -38.85 67.61 0.73 0x0000FF
34.83 -39.95 68.14 33.19 -39.58 67.84 0.73 0x0000FF
35.56 -40.31 68.3 34.83 -39.95 68.14 0.73 0x0000FF
37.2 -41.04 68.45 35.56 -40.31 68.3 0.73 0x0000FF
39.21 -41.95 68.52 37.2 -41.04 68.45 0.73 0x0000FF
41.03 -42.13 68.83 39.21 -41.95 68.52 0.73 0x0000FF
42.13 -42.32 69.05 41.03 -42.13 68.83 0.73 0x0000FF
43.4 -42.13 69.73 42.13 -42.32 69.05 0.73 0x0000FF
44.68 -41.95 70.19 43.4 -42.13 69.73 0.73 0x0000FF
46.69 -41.59 70.42 44.68 -41.95 70.19 0.73 0x0000FF
47.97 -41.41 70.95 46.69 -41.59 70.42 0.73 0x0000FF
48.51 -41.41 71.17 47.97 -41.41 70.95 0.73 0x0000FF
50.7 -41.77 71.63 48.51 -41.41 71.17 0.64 0x0000FF
51.61 -41.95 71.78 50.7 -41.77 71.63 0.64 0x0000FF
52.34 -42.32 72.31 51.61 -41.95 71.78 0.64 0x0000FF
52.89 -42.5 72.84 52.34 -42.32 72.31 0.64 0x0000FF
53.8 -42.68 73.22 52.89 -42.5 72.84 0.64 0x0000FF
54.53 -43.04 73.3 53.8 -42.68 73.22 0.64 0x0000FF
54.72 -43.04 74.36 54.53 -43.04 73.3 0.64 0x0000FF
55.45 -43.23 74.89 54.72 -43.04 74.36 0.64 0x0000FF
55.99 -43.59 75.48 55.45 -43.23 74.89 0.64 0x0000FF
56.72 -43.77 75.8 55.99 -43.59 75.48 0.64 0x0000FF
56.91 -44.14 76.17 56.72 -43.77 75.8 0.64 0x0000FF
57.27 -44.5 76.7 56.91 -44.14 76.17 0.64 0x0000FF
57.82 -44.68 77.16 57.27 -44.5 76.7 0.64 0x0000FF
58.37 -45.05 77.45 57.82 -44.68 77.16 0.64 0x0000FF
59.64 -45.6 77.98 58.37 -45.05 77.45 0.64 0x0000FF
61.28 -45.96 78.06 59.64 -45.6 77.98 0.64 0x0000FF
62.56 -46.14 78.37 61.28 -45.96 78.06 0.64 0x0000FF
63.11 -45.96 78.59 62.56 -46.14 78.37 0.64 0x0000FF
63.84 -45.6 78.9 63.11 -45.96 78.59 0.64 0x0000FF
64.2 -44.87 79.28 63.84 -45.6 78.9 0.64 0x0000FF
64.39 -43.41 79.81 64.2 -44.87 79.28 0.64 0x0000FF
63.84 -40.49 80.42 64.39 -43.41 79.81 0.545 0x0000FF
63.66 -39.58 80.64 63.84 -40.49 80.42 0.545 0x0000FF
63.47 -38.67 81.09 63.66 -39.58 80.64 0.545 0x0000FF
63.47 -37.4 81.48 63.47 -38.67 81.09 0.545 0x0000FF
63.84 -35.76 82.08 63.47 -37.4 81.48 0.365 0x0000FF
63.47 -33.57 82.69 63.84 -35.76 82.08 0.365 0x0000FF
63.47 -32.65 82.84 63.47 -33.57 82.69 0.365 0x0000FF
63.84 -31.38 83.14 63.47 -32.65 82.84 0.365 0x0000FF
64.2 -30.11 83.37 63.84 -31.38 83.14 0.365 0x0000FF
64.93 -28.83 83.67 64.2 -30.11 83.37 0.365 0x0000FF
66.58 -28.1 83.75 64.93 -28.83 83.67 0.365 0x0000FF
68.77 -28.83 83.9 66.58 -28.1 83.75 0.365 0x0000FF
33.0 -44.87 67.61 32.27 -38.85 67.61 1.005 0x0000FF
33.72 -47.96 68.06 33.0 -44.87 67.61 1.005 0x0000FF
34.28 -51.24 68.22 33.72 -47.96 68.06 1.185 0x0000FF
34.46 -54.71 68.52 34.28 -51.24 68.22 1.185 0x0000FF
34.65 -58.17 68.83 34.46 -54.71 68.52 1.185 0x0000FF
35.56 -62.9 68.98 34.65 -58.17 68.83 1.185 0x0000FF
35.74 -66.73 69.2 35.56 -62.9 68.98 1.185 0x0000FF
35.92 -69.83 69.43 35.74 -66.73 69.2 1.185 0x0000FF
36.11 -71.65 69.89 35.92 -69.83 69.43 1.185 0x0000FF
36.11 -72.93 70.11 36.11 -71.65 69.89 1.185 0x0000FF
37.46 -79.94 70.72 36.11 -72.93 70.11 1.185 0x0000FF
37.64 -81.04 70.72 37.46 -79.94 70.72 1.185 0x0000FF
38.0 -81.4 70.72 37.64 -81.04 70.72 1.185 0x0000FF
38.19 -81.95 70.19 38.0 -81.4 70.72 1.185 0x0000FF
38.54 -82.68 69.89 38.19 -81.95 70.19 1.185 0x0000FF
39.28 -83.95 69.66 38.54 -82.68 69.89 0.64 0x0000FF
39.83 -83.95 69.43 39.28 -83.95 69.66 0.64 0x0000FF
40.01 -83.95 68.75 39.83 -83.95 69.43 0.64 0x0000FF
40.38 -83.95 68.06 40.01 -83.95 68.75 0.64 0x0000FF
41.11 -84.13 67.54 40.38 -83.95 68.06 0.64 0x0000FF
41.84 -84.13 66.93 41.11 -84.13 67.54 0.64 0x0000FF
42.57 -84.13 66.78 41.84 -84.13 66.93 0.64 0x0000FF
43.48 -83.95 66.48 42.57 -84.13 66.78 0.64 0x0000FF
44.57 -83.59 65.64 43.48 -83.95 66.48 0.64 0x0000FF
45.49 -83.22 65.11 44.57 -83.59 65.64 0.64 0x0000FF
46.22 -83.04 65.04 45.49 -83.22 65.11 0.64 0x0000FF
46.94 -82.68 64.2 46.22 -83.04 65.04 0.64 0x0000FF
48.22 -81.58 63.52 46.94 -82.68 64.2 0.545 0x0000FF
48.77 -81.04 63.3 48.22 -81.58 63.52 0.545 0x0000FF
49.32 -80.67 62.92 48.77 -81.04 63.3 0.545 0x0000FF
49.68 -80.12 62.46 49.32 -80.67 62.92 0.545 0x0000FF
50.78 -79.76 61.78 49.68 -80.12 62.46 0.545 0x0000FF
51.69 -79.58 61.48 50.78 -79.76 61.78 0.545 0x0000FF
53.33 -79.03 60.95 51.69 -79.58 61.48 0.545 0x0000FF
54.61 -78.67 60.65 53.33 -79.03 60.95 0.545 0x0000FF
54.97 -78.67 60.57 54.61 -78.67 60.65 0.545 0x0000FF
55.34 -78.67 60.04 54.97 -78.67 60.57 0.545 0x0000FF
56.98 -78.67 59.58 55.34 -78.67 60.04 0.545 0x0000FF
60.99 -78.3 59.43 56.98 -78.67 59.58 0.455 0x0000FF
61.54 -78.12 59.21 60.99 -78.3 59.43 0.455 0x0000FF
63.18 -77.39 58.98 61.54 -78.12 59.21 0.455 0x0000FF
38.92 -84.13 69.36 38.54 -82.68 69.89 1.005 0x0000FF
38.72 -85.23 69.43 38.92 -84.13 69.36 1.005 0x0000FF
38.92 -86.5 69.95 38.72 -85.23 69.43 1.005 0x0000FF
39.1 -87.6 70.72 38.92 -86.5 69.95 1.005 0x0000FF
39.28 -90.33 71.25 39.1 -87.6 70.72 1.005 0x0000FF
39.65 -93.79 72.01 39.28 -90.33 71.25 1.005 0x0000FF
40.56 -99.8 72.45 39.65 -93.79 72.01 1.005 0x0000FF
40.92 -107.27 72.77 40.56 -99.8 72.45 1.005 0x0000FF
40.38 -114.38 73.22 40.92 -107.27 72.77 1.005 0x0000FF
38.92 -123.31 73.83 40.38 -114.38 73.22 1.005 0x0000FF
38.19 -131.32 73.98 38.92 -123.31 73.83 1.005 0x0000FF
39.28 -135.15 74.05 38.19 -131.32 73.98 1.005 0x0000FF
39.28 -138.25 74.28 39.28 -135.15 74.05 1.005 0x0000FF
39.83 -142.62 74.58 39.28 -138.25 74.28 1.005 0x0000FF
40.01 -147.54 74.66 39.83 -142.62 74.58 1.005 0x0000FF
40.74 -150.44 74.66 40.01 -147.54 74.66 0.91 0x0000FF
41.29 -152.82 74.89 40.74 -150.44 74.66 0.91 0x0000FF
41.29 -155.56 75.11 41.29 -152.82 74.89 0.91 0x0000FF
40.74 -159.19 75.19 41.29 -155.56 75.11 0.91 0x0000FF
40.56 -161.57 75.56 40.74 -159.19 75.19 0.91 0x0000FF
40.56 -163.03 75.64 40.56 -161.57 75.56 0.91 0x0000FF
40.52 -170.57 75.87 40.56 -163.03 75.64 0.91 0x0000FF
41.79 -176.77 76.02 40.52 -170.57 75.87 0.91 0x0000FF
44.89 -186.97 76.33 41.79 -176.77 76.02 0.91 0x0000FF
47.27 -195.17 76.63 44.89 -186.97 76.33 0.91 0x0000FF
48.36 -203.73 76.86 47.27 -195.17 76.63 0.91 0x0000FF
49.27 -210.66 77.16 48.36 -203.73 76.86 0.91 0x0000FF
50.0 -214.85 77.61 49.27 -210.66 77.16 0.91 0x0000FF
52.01 -224.5 78.14 50.0 -214.85 77.61 0.91 0x0000FF
52.74 -228.88 78.45 52.01 -224.5 78.14 0.91 0x0000FF
53.47 -234.71 78.67 52.74 -228.88 78.45 0.91 0x0000FF
53.65 -236.16 79.13 53.47 -234.71 78.67 0.91 0x0000FF
53.65 -236.89 79.36 53.65 -236.16 79.13 0.91 0x0000FF
54.02 -239.44 79.73 53.65 -236.89 79.36 0.91 0x0000FF
53.83 -242.9 80.19 54.02 -239.44 79.73 0.91 0x0000FF
54.56 -249.28 80.42 53.83 -242.9 80.19 0.82 0x0000FF
55.66 -252.38 80.56 54.56 -249.28 80.42 0.82 0x0000FF
55.76 -260.62 80.64 55.66 -252.38 80.56 0.82 0x0000FF
55.76 -270.27 81.09 55.76 -260.62 80.64 0.73 0x0000FF
54.49 -275.92 81.7 55.76 -270.27 81.09 0.73 0x0000FF
53.39 -278.66 81.93 54.49 -275.92 81.7 0.73 0x0000FF
52.84 -279.75 81.7 53.39 -278.66 81.93 0.64 0x0000FF
52.66 -280.48 81.02 52.84 -279.75 81.7 0.64 0x0000FF
52.66 -280.66 80.72 52.66 -280.48 81.02 0.64 0x0000FF
52.3 -282.12 80.19 52.66 -280.66 80.72 0.64 0x0000FF
52.3 -285.58 79.66 52.3 -282.12 80.19 0.64 0x0000FF
53.21 -290.68 79.51 52.3 -285.58 79.66 0.64 0x0000FF
53.94 -295.42 79.43 53.21 -290.68 79.51 0.64 0x0000FF
54.49 -303.8 79.05 53.94 -295.42 79.43 0.64 0x0000FF
55.76 -307.81 78.45 54.49 -303.8 79.05 0.64 0x0000FF
57.4 -310.91 77.84 55.76 -307.81 78.45 0.64 0x0000FF
61.24 -316.01 77.08 57.4 -310.91 77.84 0.64 0x0000FF
64.16 -320.02 76.86 61.24 -316.01 77.08 0.64 0x0000FF
65.06 -323.29 76.7 64.16 -320.02 76.86 0.64 0x0000FF
65.62 -325.85 76.48 65.06 -323.29 76.7 0.64 0x0000FF
65.62 -329.13 76.33 65.62 -325.85 76.48 0.64 0x0000FF
67.8 -334.04 76.09 65.62 -329.13 76.33 0.64 0x0000FF
69.81 -338.05 75.64 67.8 -334.04 76.09 0.64 0x0000FF
70.72 -340.97 75.42 69.81 -338.05 75.64 0.64 0x0000FF
71.27 -342.61 74.81 70.72 -340.97 75.42 0.64 0x0000FF
72.67 -345.76 74.51 71.27 -342.61 74.81 0.64 0x0000FF
72.86 -347.77 73.98 72.67 -345.76 74.51 0.64 0x0000FF
74.13 -350.86 73.37 72.86 -347.77 73.98 0.64 0x0000FF
75.59 -354.33 72.61 74.13 -350.86 73.37 0.64 0x0000FF
77.05 -356.69 71.7 75.59 -354.33 72.61 0.64 0x0000FF
77.97 -358.33 71.02 77.05 -356.69 71.7 0.64 0x0000FF
79.23 -361.25 70.27 77.97 -358.33 71.02 0.64 0x0000FF
81.8 -365.08 69.66 79.23 -361.25 70.27 0.64 0x0000FF
84.17 -368.72 69.05 81.8 -365.08 69.66 0.64 0x0000FF
84.53 -370.72 68.9 84.17 -368.72 69.05 0.455 0x0000FF
83.99 -372.18 68.52 84.53 -370.72 68.9 0.455 0x0000FF
83.8 -373.09 68.3 83.99 -372.18 68.52 0.455 0x0000FF
83.8 -374.55 67.45 83.8 -373.09 68.3 0.455 0x0000FF
83.62 -378.92 66.86 83.8 -374.55 67.45 0.455 0x0000FF
83.07 -383.66 66.09 83.62 -378.92 66.86 0.455 0x0000FF
82.89 -386.58 65.04 83.07 -383.66 66.09 0.365 0x0000FF
82.53 -389.13 64.66 82.89 -386.58 65.04 0.365 0x0000FF
81.98 -390.95 64.05 82.53 -389.13 64.66 0.365 0x0000FF
81.62 -391.68 63.15 81.98 -390.95 64.05 0.365 0x0000FF
81.62 -393.13 62.84 81.62 -391.68 63.15 0.365 0x0000FF
81.25 -394.41 62.24 81.62 -393.13 62.84 0.365 0x0000FF
80.89 -396.23 61.78 81.25 -394.41 62.24 0.365 0x0000FF
80.89 -397.51 61.63 80.89 -396.23 61.78 0.365 0x0000FF
80.52 -398.97 61.02 80.89 -397.51 61.63 0.365 0x0000FF
80.52 -399.69 60.8 80.52 -398.97 61.02 0.365 0x0000FF
80.34 -401.52 60.19 80.52 -399.69 60.8 0.365 0x0000FF
80.34 -403.52 59.81 80.34 -401.52 60.19 0.365 0x0000FF
80.7 -404.8 59.51 80.34 -403.52 59.81 0.365 0x0000FF
81.25 -406.25 59.05 80.7 -404.8 59.51 0.365 0x0000FF
81.62 -406.8 58.45 81.25 -406.25 59.05 0.365 0x0000FF
82.34 -407.71 57.99 81.62 -406.8 58.45 0.365 0x0000FF
85.81 -370.36 68.52 84.17 -368.72 69.05 0.455 0x0000FF
85.99 -370.72 69.2 85.81 -370.36 68.52 0.455 0x0000FF
86.72 -371.09 68.9 85.99 -370.72 69.2 0.455 0x0000FF
87.45 -371.82 68.22 86.72 -371.09 68.9 0.455 0x0000FF
87.82 -372.36 67.61 87.45 -371.82 68.22 0.455 0x0000FF
88.55 -373.64 66.93 87.82 -372.36 67.61 0.455 0x0000FF
89.46 -375.28 66.55 88.55 -373.64 66.93 0.455 0x0000FF
90.37 -377.47 65.64 89.46 -375.28 66.55 0.455 0x0000FF
91.29 -380.93 64.95 90.37 -377.47 65.64 0.455 0x0000FF
93.29 -383.66 64.51 91.29 -380.93 64.95 0.455 0x0000FF
94.02 -384.75 63.68 93.29 -383.66 64.51 0.455 0x0000FF
94.39 -385.12 62.99 94.02 -384.75 63.68 0.455 0x0000FF
94.39 -385.3 62.61 94.39 -385.12 62.99 0.455 0x0000FF
95.48 -386.39 62.16 94.39 -385.3 62.61 0.455 0x0000FF
95.85 -387.12 61.86 95.48 -386.39 62.16 0.455 0x0000FF
96.94 -389.67 61.55 95.85 -387.12 61.86 0.455 0x0000FF
97.67 -391.86 60.95 96.94 -389.67 61.55 0.455 0x0000FF
98.04 -392.77 60.42 97.67 -391.86 60.95 0.455 0x0000FF
98.04 -393.13 60.12 98.04 -392.77 60.42 0.455 0x0000FF
98.4 -393.5 59.96 98.04 -393.13 60.12 0.455 0x0000FF
98.58 -393.86 59.51 98.4 -393.5 59.96 0.455 0x0000FF
98.95 -394.59 59.05 98.58 -393.86 59.51 0.455 0x0000FF
100.23 -396.78 58.75 98.95 -394.59 59.05 0.455 0x0000FF
101.32 -398.05 58.15 100.23 -396.78 58.75 0.455 0x0000FF
103.33 -400.97 57.46 101.32 -398.05 58.15 0.455 0x0000FF
104.97 -403.34 56.86 103.33 -400.97 57.46 0.455 0x0000FF
106.25 -404.61 55.8 104.97 -403.34 56.86 0.455 0x0000FF
107.16 -406.07 54.81 106.25 -404.61 55.8 0.455 0x0000FF
107.52 -407.89 54.43 107.16 -406.07 54.81 0.455 0x0000FF
108.25 -409.53 53.9 107.52 -407.89 54.43 0.455 0x0000FF
111.72 -413.72 52.92 108.25 -409.53 53.9 0.365 0x0000FF
112.45 -415.0 52.77 111.72 -413.72 52.92 0.365 0x0000FF
113.18 -416.46 52.31 112.45 -415.0 52.77 0.365 0x0000FF
113.54 -417.73 51.63 113.18 -416.46 52.31 0.365 0x0000FF
114.82 -420.28 51.1 113.54 -417.73 51.63 0.365 0x0000FF
115.73 -422.29 50.34 114.82 -420.28 51.1 0.365 0x0000FF
116.1 -423.56 49.81 115.73 -422.29 50.34 0.365 0x0000FF
116.65 -424.66 48.98 116.1 -423.56 49.81 0.365 0x0000FF
117.56 -425.57 47.62 116.65 -424.66 48.98 0.365 0x0000FF
119.2 -426.66 46.1 117.56 -425.57 47.62 0.365 0x0000FF
122.3 -428.85 45.19 119.2 -426.66 46.1 0.365 0x0000FF
124.31 -430.49 44.43 122.3 -428.85 45.19 0.365 0x0000FF
126.15 -435.96 46.1 124.31 -430.49 44.43 0.365 0x0000FF
127.06 -436.87 46.1 126.15 -435.96 46.1 0.365 0x0000FF
131.62 -444.71 46.18 127.06 -436.87 46.1 0.365 0x0000FF
135.27 -448.72 46.78 131.62 -444.71 46.18 0.365 0x0000FF
141.47 -454.73 47.01 135.27 -448.72 46.78 0.365 0x0000FF
147.13 -460.56 47.31 141.47 -454.73 47.01 0.365 0x0000FF
149.32 -463.84 47.62 147.13 -460.56 47.31 0.365 0x0000FF
153.69 -464.93 47.62 149.32 -463.84 47.62 0.365 0x0000FF
156.43 -465.84 48.0 153.69 -464.93 47.62 0.365 0x0000FF
157.71 -466.21 48.15 156.43 -465.84 48.0 0.365 0x0000FF
158.26 -466.94 48.37 157.71 -466.21 48.15 0.365 0x0000FF
158.99 -467.85 48.53 158.26 -466.94 48.37 0.365 0x0000FF
159.72 -468.58 48.68 158.99 -467.85 48.53 0.365 0x0000FF
160.26 -469.49 48.83 159.72 -468.58 48.68 0.365 0x0000FF
161.36 -470.4 49.13 160.26 -469.49 48.83 0.365 0x0000FF
162.44 -471.67 49.13 161.36 -470.4 49.13 0.365 0x0000FF
163.72 -472.59 49.28 162.44 -471.67 49.13 0.365 0x0000FF
166.1 -474.22 49.28 163.72 -472.59 49.28 0.365 0x0000FF
168.11 -476.05 49.28 166.1 -474.22 49.28 0.365 0x0000FF
168.66 -476.96 49.36 168.11 -476.05 49.28 0.365 0x0000FF
169.2 -477.87 49.51 168.66 -476.96 49.36 0.365 0x0000FF
169.75 -478.6 49.81 169.2 -477.87 49.51 0.365 0x0000FF
170.3 -479.33 49.96 169.75 -478.6 49.81 0.365 0x0000FF
170.66 -480.06 50.19 170.3 -479.33 49.96 0.365 0x0000FF
171.21 -480.97 50.27 170.66 -480.06 50.19 0.365 0x0000FF
172.31 -482.24 50.72 171.21 -480.97 50.27 0.365 0x0000FF
173.04 -482.97 50.65 172.31 -482.24 50.72 0.365 0x0000FF
174.68 -483.52 50.8 173.04 -482.97 50.65 0.365 0x0000FF
175.41 -483.7 50.95 174.68 -483.52 50.8 0.365 0x0000FF
176.87 -484.43 51.4 175.41 -483.7 50.95 0.365 0x0000FF
177.6 -484.79 51.78 176.87 -484.43 51.4 0.365 0x0000FF
178.14 -484.97 52.09 177.6 -484.79 51.78 0.365 0x0000FF
179.24 -485.52 52.16 178.14 -484.97 52.09 0.365 0x0000FF
180.15 -486.25 52.46 179.24 -485.52 52.16 0.365 0x0000FF
181.79 -487.53 52.92 180.15 -486.25 52.46 0.365 0x0000FF
182.52 -488.44 52.99 181.79 -487.53 52.92 0.365 0x0000FF
183.44 -489.35 53.37 182.52 -488.44 52.99 0.365 0x0000FF
184.71 -490.62 53.45 183.44 -489.35 53.37 0.365 0x0000FF
186.35 -491.9 53.75 184.71 -490.62 53.45 0.365 0x0000FF
188.18 -493.54 54.21 186.35 -491.9 53.75 0.365 0x0000FF
189.27 -494.45 54.36 188.18 -493.54 54.21 0.365 0x0000FF
192.01 -496.09 54.59 189.27 -494.45 54.36 0.365 0x0000FF
192.56 -496.45 54.74 192.01 -496.09 54.59 0.365 0x0000FF
193.47 -497.18 55.42 192.56 -496.45 54.74 0.365 0x0000FF
193.47 -497.55 55.49 193.47 -497.18 55.42 0.365 0x0000FF
194.2 -498.46 55.57 193.47 -497.55 55.49 0.365 0x0000FF
194.38 -499.0 55.87 194.2 -498.46 55.57 0.365 0x0000FF
194.93 -499.92 56.18 194.38 -499.0 55.87 0.365 0x0000FF
195.11 -500.64 56.4 194.93 -499.92 56.18 0.365 0x0000FF
149.86 -466.75 48.07 149.32 -463.84 47.62 0.365 0x0000FF
149.86 -467.48 48.45 149.86 -466.75 48.07 0.365 0x0000FF
150.05 -468.03 48.83 149.86 -467.48 48.45 0.365 0x0000FF
149.86 -468.58 48.45 150.05 -468.03 48.83 0.365 0x0000FF
150.05 -468.94 47.69 149.86 -468.58 48.45 0.365 0x0000FF
150.05 -469.31 47.16 150.05 -468.94 47.69 0.365 0x0000FF
150.05 -469.85 47.09 150.05 -469.31 47.16 0.365 0x0000FF
150.22 -470.95 46.71 150.05 -469.85 47.09 0.365 0x0000FF
150.22 -471.67 46.33 150.22 -470.95 46.71 0.365 0x0000FF
150.22 -472.77 45.8 150.22 -471.67 46.33 0.365 0x0000FF
150.05 -473.86 45.8 150.22 -472.77 45.8 0.365 0x0000FF
150.05 -474.59 45.34 150.05 -473.86 45.8 0.365 0x0000FF
149.86 -475.68 44.97 150.05 -474.59 45.34 0.365 0x0000FF
150.05 -476.96 44.43 149.86 -475.68 44.97 0.365 0x0000FF
150.05 -478.42 44.28 150.05 -476.96 44.43 0.365 0x0000FF
150.22 -480.24 44.13 150.05 -478.42 44.28 0.365 0x0000FF
150.59 -481.7 43.83 150.22 -480.24 44.13 0.365 0x0000FF
150.78 -483.52 43.53 150.59 -481.7 43.83 0.365 0x0000FF
151.13 -485.89 43.3 150.78 -483.52 43.53 0.365 0x0000FF
151.51 -489.35 42.92 151.13 -485.89 43.3 0.365 0x0000FF
151.51 -490.08 42.69 151.51 -489.35 42.92 0.365 0x0000FF
151.32 -491.35 42.47 151.51 -490.08 42.69 0.365 0x0000FF
151.13 -492.44 42.16 151.32 -491.35 42.47 0.365 0x0000FF
151.13 -493.54 41.94 151.13 -492.44 42.16 0.365 0x0000FF
150.96 -495.36 41.86 151.13 -493.54 41.94 0.365 0x0000FF
151.13 -496.64 41.63 150.96 -495.36 41.86 0.365 0x0000FF
151.32 -497.73 41.25 151.13 -496.64 41.63 0.365 0x0000FF
151.51 -499.92 41.03 151.32 -497.73 41.25 0.365 0x0000FF
151.51 -501.92 41.03 151.51 -499.92 41.03 0.365 0x0000FF
151.69 -503.01 40.95 151.51 -501.92 41.03 0.365 0x0000FF
151.69 -504.11 40.65 151.69 -503.01 40.95 0.365 0x0000FF
151.32 -505.38 40.34 151.69 -504.11 40.65 0.365 0x0000FF
151.32 -506.47 39.65 151.32 -505.38 40.34 0.365 0x0000FF
151.13 -507.2 38.97 151.32 -506.47 39.65 0.365 0x0000FF
151.13 -507.75 38.15 151.13 -507.2 38.97 0.365 0x0000FF
150.96 -508.84 37.39 151.13 -507.75 38.15 0.365 0x0000FF
150.78 -509.94 37.01 150.96 -508.84 37.39 0.365 0x0000FF
150.59 -510.85 36.78 150.78 -509.94 37.01 0.365 0x0000FF
128.15 -437.24 46.48 127.06 -436.87 46.1 0.455 0x0000FF
128.52 -437.06 46.63 128.15 -437.24 46.48 0.455 0x0000FF
129.06 -436.69 46.78 128.52 -437.06 46.63 0.455 0x0000FF
130.16 -435.6 47.01 129.06 -436.69 46.78 0.365 0x0000FF
130.52 -435.6 47.24 130.16 -435.6 47.01 0.365 0x0000FF
132.16 -435.78 47.54 130.52 -435.6 47.24 0.365 0x0000FF
132.9 -435.78 47.54 132.16 -435.78 47.54 0.365 0x0000FF
133.44 -435.96 47.16 132.9 -435.78 47.54 0.365 0x0000FF
134.16 -435.96 46.78 133.44 -435.96 47.16 0.365 0x0000FF
134.9 -436.15 46.56 134.16 -435.96 46.78 0.365 0x0000FF
135.63 -436.15 46.86 134.9 -436.15 46.56 0.365 0x0000FF
136.18 -436.33 47.24 135.63 -436.15 46.86 0.365 0x0000FF
137.09 -436.51 47.62 136.18 -436.33 47.24 0.365 0x0000FF
138.0 -436.69 47.69 137.09 -436.51 47.62 0.365 0x0000FF
138.72 -436.69 48.0 138.0 -436.69 47.69 0.365 0x0000FF
139.46 -436.51 48.68 138.72 -436.69 48.0 0.365 0x0000FF
140.19 -436.51 48.83 139.46 -436.51 48.68 0.365 0x0000FF
140.74 -436.33 49.06 140.19 -436.51 48.83 0.365 0x0000FF
141.47 -436.33 49.43 140.74 -436.33 49.06 0.365 0x0000FF
142.02 -436.69 49.96 141.47 -436.33 49.43 0.365 0x0000FF
142.38 -436.87 50.04 142.02 -436.69 49.96 0.365 0x0000FF
143.3 -437.24 50.19 142.38 -436.87 50.04 0.365 0x0000FF
144.03 -437.6 50.42 143.3 -437.24 50.19 0.365 0x0000FF
144.57 -437.6 51.1 144.03 -437.6 50.42 0.365 0x0000FF
144.94 -437.6 51.1 144.57 -437.6 51.1 0.365 0x0000FF
145.49 -437.06 52.24 144.94 -437.6 51.1 0.365 0x0000FF
146.4 -437.06 52.39 145.49 -437.06 52.24 0.365 0x0000FF
146.94 -437.06 52.69 146.4 -437.06 52.39 0.365 0x0000FF
148.4 -437.6 53.3 146.94 -437.06 52.69 0.365 0x0000FF
149.5 -437.79 53.45 148.4 -437.6 53.3 0.365 0x0000FF
150.41 -437.6 53.83 149.5 -437.79 53.45 0.365 0x0000FF
150.78 -437.42 54.13 150.41 -437.6 53.83 0.365 0x0000FF
152.78 -436.33 54.59 150.78 -437.42 54.13 0.365 0x0000FF
153.51 -435.78 54.89 152.78 -436.33 54.59 0.365 0x0000FF
154.24 -433.78 55.19 153.51 -435.78 54.89 0.275 0x0000FF
154.97 -433.41 55.65 154.24 -433.78 55.19 0.275 0x0000FF
155.52 -432.87 55.87 154.97 -433.41 55.65 0.275 0x0000FF
156.07 -432.32 56.48 155.52 -432.87 55.87 0.275 0x0000FF
156.97 -432.14 56.93 156.07 -432.32 56.48 0.275 0x0000FF
158.07 -431.95 57.09 156.97 -432.14 56.93 0.275 0x0000FF
53.43 -279.57 83.82 53.39 -278.66 81.93 0.64 0x0000FF
54.16 -280.85 84.2 53.43 -279.57 83.82 0.64 0x0000FF
54.16 -282.49 84.58 54.16 -280.85 84.2 0.64 0x0000FF
54.89 -293.97 85.26 54.16 -282.49 84.58 0.64 0x0000FF
55.99 -299.8 86.4 54.89 -293.97 85.26 0.64 0x0000FF
57.81 -308.0 87.16 55.99 -299.8 86.4 0.64 0x0000FF
58.54 -309.82 85.72 57.81 -308.0 87.16 0.64 0x0000FF
58.54 -310.18 85.34 58.54 -309.82 85.72 0.64 0x0000FF
58.72 -312.73 84.73 58.54 -310.18 85.34 0.64 0x0000FF
58.54 -316.19 84.43 58.72 -312.73 84.73 0.64 0x0000FF
57.81 -319.11 84.05 58.54 -316.19 84.43 0.64 0x0000FF
56.72 -322.94 83.45 57.81 -319.11 84.05 0.64 0x0000FF
54.53 -326.94 83.14 56.72 -322.94 83.45 0.64 0x0000FF
52.16 -330.22 82.92 54.53 -326.94 83.14 0.64 0x0000FF
50.7 -340.61 82.61 52.16 -330.22 82.92 0.64 0x0000FF
49.78 -345.35 81.78 50.7 -340.61 82.61 0.64 0x0000FF
50.51 -357.37 81.09 49.78 -345.35 81.78 0.64 0x0000FF
50.33 -360.65 81.93 50.51 -357.37 81.09 0.64 0x0000FF
50.7 -367.76 82.23 50.33 -360.65 81.93 0.64 0x0000FF
50.88 -369.76 82.46 50.7 -367.76 82.23 0.64 0x0000FF
51.63 -376.57 82.76 50.88 -369.76 82.46 0.455 0x0000FF
51.63 -378.58 82.99 51.63 -376.57 82.76 0.455 0x0000FF
51.45 -382.77 83.22 51.63 -378.58 82.99 0.365 0x0000FF
51.81 -385.5 83.29 51.45 -382.77 83.22 0.365 0x0000FF
52.54 -393.15 83.67 51.81 -385.5 83.29 0.365 0x0000FF
51.99 -396.07 83.82 52.54 -393.15 83.67 0.365 0x0000FF
51.63 -399.71 83.98 51.99 -396.07 83.82 0.365 0x0000FF
50.53 -404.81 84.13 51.63 -399.71 83.98 0.365 0x0000FF
48.53 -408.46 84.13 50.53 -404.81 84.13 0.365 0x0000FF
48.16 -413.74 84.43 48.53 -408.46 84.13 0.365 0x0000FF
47.25 -415.02 84.58 48.16 -413.74 84.43 0.365 0x0000FF
46.52 -416.11 84.36 47.25 -415.02 84.58 0.365 0x0000FF
46.15 -417.38 84.13 46.52 -416.11 84.36 0.365 0x0000FF
45.97 -418.66 83.98 46.15 -417.38 84.13 0.365 0x0000FF
45.97 -419.39 83.6 45.97 -418.66 83.98 0.365 0x0000FF
45.79 -419.93 83.6 45.97 -419.39 83.6 0.365 0x0000FF
45.79 -420.85 83.22 45.79 -419.93 83.6 0.365 0x0000FF
45.24 -423.58 83.22 45.79 -420.85 83.22 0.365 0x0000FF
45.24 -424.31 82.99 45.24 -423.58 83.22 0.365 0x0000FF
45.06 -425.22 82.61 45.24 -424.31 82.99 0.365 0x0000FF
44.51 -426.68 82.31 45.06 -425.22 82.61 0.365 0x0000FF
44.15 -431.05 82.23 44.51 -426.68 82.31 0.365 0x0000FF
43.6 -435.24 81.7 44.15 -431.05 82.23 0.365 0x0000FF
41.96 -438.7 81.33 43.6 -435.24 81.7 0.365 0x0000FF
40.5 -441.62 80.95 41.96 -438.7 81.33 0.365 0x0000FF
37.0 -133.28 74.13 38.19 -131.32 73.98 0.64 0x0000FF
36.64 -134.74 74.2 37.0 -133.28 74.13 0.64 0x0000FF
36.27 -136.56 74.43 36.64 -134.74 74.2 0.64 0x0000FF
35.9 -139.3 74.66 36.27 -136.56 74.43 0.64 0x0000FF
35.36 -143.12 74.73 35.9 -139.3 74.66 0.64 0x0000FF
34.81 -145.31 74.73 35.36 -143.12 74.73 0.64 0x0000FF
33.72 -150.22 74.81 34.81 -145.31 74.73 0.545 0x0000FF
33.72 -151.87 74.89 33.72 -150.22 74.81 0.545 0x0000FF
33.72 -154.97 75.04 33.72 -151.87 74.89 0.545 0x0000FF
34.08 -159.52 75.19 33.72 -154.97 75.04 0.455 0x0000FF
35.0 -161.52 75.27 34.08 -159.52 75.19 0.455 0x0000FF
36.64 -164.62 75.34 35.0 -161.52 75.27 0.455 0x0000FF
37.0 -166.63 75.34 36.64 -164.62 75.34 0.275 0x0000FF
38.28 -168.63 75.34 37.0 -166.63 75.34 0.275 0x0000FF
44.85 -171.0 75.34 38.28 -168.63 75.34 0.275 0x0000FF
50.5 -171.18 75.34 44.85 -171.0 75.34 0.275 0x0000FF
58.71 -168.99 75.34 50.5 -171.18 75.34 0.275 0x0000FF
61.27 -168.99 75.34 58.71 -168.99 75.34 0.275 0x0000FF
