-48.49 -61.25 91.48 -53.08 -59.39 77.33 0.64 0x0000FF
-47.58 -61.07 90.79 -48.49 -61.25 91.48 0.64 0x0000FF
-45.93 -61.43 90.11 -47.58 -61.07 90.79 0.64 0x0000FF
-45.57 -61.43 89.88 -45.93 -61.43 90.11 0.64 0x0000FF
-44.11 -61.43 89.43 -45.57 -61.43 89.88 0.64 0x0000FF
-42.65 -61.43 89.2 -44.11 -61.43 89.43 0.64 0x0000FF
-41.74 -61.43 88.9 -42.65 -61.43 89.2 0.64 0x0000FF
-41.01 -61.43 88.22 -41.74 -61.43 88.9 0.64 0x0000FF
-40.1 -61.61 87.92 -41.01 -61.43 88.22 0.64 0x0000FF
-39.54 -61.43 87.84 -40.1 -61.61 87.92 0.64 0x0000FF
-38.82 -61.43 87.84 -39.54 -61.43 87.84 0.64 0x0000FF
-38.27 -61.43 87.84 -38.82 -61.43 87.84 0.64 0x0000FF
-37.54 -61.43 87.54 -38.27 -61.43 87.84 0.64 0x0000FF
-36.81 -62.34 87.76 -37.54 -61.43 87.54 0.455 0x0000FF
-36.26 -62.71 88.14 -36.81 -62.34 87.76 0.455 0x0000FF
-35.9 -63.25 88.52 -36.26 -62.71 88.14 0.455 0x0000FF
-35.17 -63.98 89.66 -35.9 -63.25 88.52 0.275 0x0000FF
-34.79 -64.34 89.96 -35.17 -63.98 89.66 0.275 0x0000FF
-34.61 -64.7 90.72 -34.79 -64.34 89.96 0.275 0x0000FF
-34.07 -65.44 91.4 -34.61 -64.7 90.72 0.275 0x0000FF
-33.71 -66.17 91.7 -34.07 -65.44 91.4 0.275 0x0000FF
-33.15 -66.9 92.16 -33.71 -66.17 91.7 0.275 0x0000FF
-32.97 -67.26 92.54 -33.15 -66.9 92.16 0.275 0x0000FF
-30.61 -68.36 92.84 -32.97 -67.26 92.54 0.275 0x0000FF
-29.51 -68.54 93.07 -30.61 -68.36 92.84 0.275 0x0000FF
-27.87 -68.54 93.37 -29.51 -68.54 93.07 0.275 0x0000FF
-26.23 -68.54 93.82 -27.87 -68.54 93.37 0.275 0x0000FF
-24.4 -68.36 94.2 -26.23 -68.54 93.82 0.275 0x0000FF
-22.94 -68.36 94.51 -24.4 -68.36 94.2 0.275 0x0000FF
-21.67 -68.36 94.81 -22.94 -68.36 94.51 0.275 0x0000FF
-19.84 -68.17 95.19 -21.67 -68.36 94.81 0.275 0x0000FF
-18.2 -67.98 95.26 -19.84 -68.17 95.19 0.275 0x0000FF
-36.99 -61.07 87.16 -37.54 -61.43 87.54 0.455 0x0000FF
-35.17 -60.52 85.95 -36.99 -61.07 87.16 0.455 0x0000FF
-32.61 -60.52 85.87 -35.17 -60.52 85.95 0.455 0x0000FF
-30.43 -60.34 86.25 -32.61 -60.52 85.87 0.455 0x0000FF
-28.05 -60.52 86.85 -30.43 -60.34 86.25 0.455 0x0000FF
-26.59 -60.7 87.31 -28.05 -60.52 86.85 0.455 0x0000FF
-25.13 -60.7 88.14 -26.59 -60.7 87.31 0.455 0x0000FF
-23.67 -60.7 88.07 -25.13 -60.7 88.14 0.455 0x0000FF
-21.12 -60.52 88.37 -23.67 -60.7 88.07 0.455 0x0000FF
-19.3 -60.52 88.52 -21.12 -60.52 88.37 0.455 0x0000FF
-18.38 -60.34 88.67 -19.3 -60.52 88.52 0.455 0x0000FF
-16.55 -59.97 88.75 -18.38 -60.34 88.67 0.455 0x0000FF
-13.27 -58.52 89.28 -16.55 -59.97 88.75 0.365 0x0000FF
-12.54 -58.15 89.58 -13.27 -58.52 89.28 0.365 0x0000FF
-11.63 -57.79 89.81 -12.54 -58.15 89.58 0.365 0x0000FF
-10.17 -56.69 90.19 -11.63 -57.79 89.81 0.365 0x0000FF
-8.52 -55.78 90.34 -10.17 -56.69 90.19 0.365 0x0000FF
-7.25 -55.24 90.57 -8.52 -55.78 90.34 0.365 0x0000FF
-4.7 -54.51 90.72 -7.25 -55.24 90.57 0.365 0x0000FF
-1.23 -54.33 90.79 -4.7 -54.51 90.72 0.365 0x0000FF
1.87 -55.05 90.79 -1.23 -54.33 90.79 0.365 0x0000FF
-14.73 -60.52 88.67 -16.55 -59.97 88.75 0.365 0x0000FF
-12.0 -60.7 88.67 -14.73 -60.52 88.67 0.365 0x0000FF
-9.44 -61.07 88.82 -12.0 -60.7 88.67 0.365 0x0000FF
-6.71 -61.61 88.82 -9.44 -61.07 88.82 0.365 0x0000FF
-3.24 -61.61 88.82 -6.71 -61.61 88.82 0.365 0x0000FF
-0.32 -61.43 88.98 -3.24 -61.61 88.82 0.365 0x0000FF
3.15 -61.25 89.05 -0.32 -61.43 88.98 0.365 0x0000FF
6.61 -60.7 89.13 3.15 -61.25 89.05 0.365 0x0000FF
9.52 -59.61 89.2 6.61 -60.7 89.13 0.365 0x0000FF
11.72 -59.25 89.2 9.52 -59.61 89.2 0.365 0x0000FF
13.91 -58.7 89.35 11.72 -59.25 89.2 0.365 0x0000FF
16.47 -57.97 89.35 13.91 -58.7 89.35 0.365 0x0000FF
18.84 -57.79 89.58 16.47 -57.97 89.35 0.365 0x0000FF
20.3 -57.97 88.98 18.84 -57.79 89.58 0.365 0x0000FF
21.57 -57.97 88.6 20.3 -57.97 88.98 0.365 0x0000FF
22.49 -57.97 88.82 21.57 -57.97 88.6 0.365 0x0000FF
23.03 -57.79 89.13 22.49 -57.97 88.82 0.365 0x0000FF
27.59 -57.61 89.35 23.03 -57.79 89.13 0.365 0x0000FF
28.69 -57.24 89.43 27.59 -57.61 89.35 0.365 0x0000FF
29.78 -57.24 89.58 28.69 -57.24 89.43 0.365 0x0000FF
30.51 -57.24 90.26 29.78 -57.24 89.58 0.365 0x0000FF
31.43 -57.06 90.72 30.51 -57.24 90.26 0.365 0x0000FF
33.97 -56.15 91.02 31.43 -57.06 90.72 0.365 0x0000FF
36.9 -54.69 91.55 33.97 -56.15 91.02 0.365 0x0000FF
39.82 -53.41 91.78 36.9 -54.69 91.55 0.365 0x0000FF
41.28 -53.05 91.93 39.82 -53.41 91.78 0.365 0x0000FF
43.83 -52.5 92.16 41.28 -53.05 91.93 0.365 0x0000FF
47.3 -51.59 92.31 43.83 -52.5 92.16 0.365 0x0000FF
50.04 -50.68 92.76 47.3 -51.59 92.31 0.365 0x0000FF
55.69 -51.96 92.99 50.04 -50.68 92.76 0.365 0x0000FF
-43.93 -59.61 77.69 -53.08 -59.39 77.33 1.005 0x0000FF
-42.28 -59.25 77.76 -43.93 -59.61 77.69 1.005 0x0000FF
-39.9 -58.15 77.98 -42.28 -59.25 77.76 1.005 0x0000FF
-36.99 -56.33 78.75 -39.9 -58.15 77.98 1.005 0x0000FF
-34.61 -54.14 78.9 -36.99 -56.33 78.75 1.005 0x0000FF
-31.52 -52.14 79.36 -34.61 -54.14 78.9 1.005 0x0000FF
-28.05 -51.23 79.43 -31.52 -52.14 79.36 1.005 0x0000FF
-24.22 -50.68 80.04 -28.05 -51.23 79.43 1.005 0x0000FF
-23.13 -50.68 80.04 -24.22 -50.68 80.04 1.005 0x0000FF
-20.21 -51.05 80.19 -23.13 -50.68 80.04 0.82 0x0000FF
-17.64 -51.59 80.56 -20.21 -51.05 80.19 0.82 0x0000FF
-15.1 -52.5 81.02 -17.64 -51.59 80.56 0.82 0x0000FF
-14.19 -53.05 81.09 -15.1 -52.5 81.02 0.82 0x0000FF
-13.27 -54.69 82.23 -14.19 -53.05 81.09 0.545 0x0000FF
-12.54 -55.24 82.61 -13.27 -54.69 82.23 0.545 0x0000FF
-10.54 -56.33 82.84 -12.54 -55.24 82.61 0.545 0x0000FF
-6.52 -59.06 83.67 -10.54 -56.33 82.84 0.545 0x0000FF
-2.33 -61.61 83.9 -6.52 -59.06 83.67 0.545 0x0000FF
1.13 -65.44 84.51 -2.33 -61.61 83.9 0.545 0x0000FF
4.79 -69.45 84.73 1.13 -65.44 84.51 0.545 0x0000FF
10.63 -74.73 85.19 4.79 -69.45 84.73 0.455 0x0000FF
15.37 -78.56 85.34 10.63 -74.73 85.19 0.455 0x0000FF
21.39 -84.75 86.48 15.37 -78.56 85.34 0.455 0x0000FF
25.04 -89.85 86.55 21.39 -84.75 86.48 0.455 0x0000FF
29.05 -94.41 87.61 25.04 -89.85 86.55 0.455 0x0000FF
31.61 -97.14 88.22 29.05 -94.41 87.61 0.455 0x0000FF
37.08 -100.06 88.82 31.61 -97.14 88.22 0.455 0x0000FF
-11.09 -52.32 78.45 -14.19 -53.05 81.09 0.455 0x0000FF
-8.71 -51.59 77.92 -11.09 -52.32 78.45 0.455 0x0000FF
-7.25 -50.5 77.39 -8.71 -51.59 77.92 0.455 0x0000FF
-6.71 -49.77 76.25 -7.25 -50.5 77.39 0.455 0x0000FF
-5.43 -49.04 75.8 -6.71 -49.77 76.25 0.455 0x0000FF
-4.51 -48.5 75.19 -5.43 -49.04 75.8 0.455 0x0000FF
-3.42 -47.95 74.66 -4.51 -48.5 75.19 0.455 0x0000FF
-2.87 -47.77 74.2 -3.42 -47.95 74.66 0.455 0x0000FF
-1.6 -47.58 73.75 -2.87 -47.77 74.2 0.455 0x0000FF
-0.69 -47.22 73.3 -1.6 -47.58 73.75 0.455 0x0000FF
0.59 -47.04 72.61 -0.69 -47.22 73.3 0.455 0x0000FF
1.87 -46.86 72.45 0.59 -47.04 72.61 0.455 0x0000FF
2.96 -46.67 71.7 1.87 -46.86 72.45 0.455 0x0000FF
4.05 -46.49 70.95 2.96 -46.67 71.7 0.455 0x0000FF
4.79 -46.31 70.56 4.05 -46.49 70.95 0.455 0x0000FF
5.7 -45.94 70.19 4.79 -46.31 70.56 0.455 0x0000FF
7.71 -45.4 69.73 5.7 -45.94 70.19 0.455 0x0000FF
9.35 -45.03 69.36 7.71 -45.4 69.73 0.455 0x0000FF
11.36 -43.94 69.05 9.35 -45.03 69.36 0.455 0x0000FF
13.0 -43.39 68.9 11.36 -43.94 69.05 0.455 0x0000FF
14.64 -42.67 68.52 13.0 -43.39 68.9 0.455 0x0000FF
15.55 -42.48 68.37 14.64 -42.67 68.52 0.455 0x0000FF
16.64 -41.75 68.22 15.55 -42.48 68.37 0.455 0x0000FF
18.29 -40.84 67.98 16.64 -41.75 68.22 0.455 0x0000FF
19.02 -40.47 67.45 18.29 -40.84 67.98 0.455 0x0000FF
19.57 -40.11 67.39 19.02 -40.47 67.45 0.455 0x0000FF
20.48 -39.75 67.31 19.57 -40.11 67.39 0.455 0x0000FF
21.21 -39.57 67.01 20.48 -39.75 67.31 0.455 0x0000FF
22.3 -39.02 66.78 21.21 -39.57 67.01 0.455 0x0000FF
22.85 -38.84 66.48 22.3 -39.02 66.78 0.455 0x0000FF
23.4 -38.65 66.18 22.85 -38.84 66.48 0.455 0x0000FF
24.13 -38.29 65.64 23.4 -38.65 66.18 0.455 0x0000FF
25.59 -37.93 65.11 24.13 -38.29 65.64 0.455 0x0000FF
26.87 -37.56 64.66 25.59 -37.93 65.11 0.455 0x0000FF
27.96 -37.02 64.58 26.87 -37.56 64.66 0.455 0x0000FF
30.15 -35.92 63.9 27.96 -37.02 64.58 0.455 0x0000FF
31.06 -35.38 63.6 30.15 -35.92 63.9 0.455 0x0000FF
31.79 -35.2 63.3 31.06 -35.38 63.6 0.455 0x0000FF
32.7 -34.65 63.07 31.79 -35.2 63.3 0.455 0x0000FF
33.43 -34.28 62.69 32.7 -34.65 63.07 0.455 0x0000FF
35.26 -33.36 61.86 33.43 -34.28 62.69 0.365 0x0000FF
36.35 -32.83 61.55 35.26 -33.36 61.86 0.365 0x0000FF
38.18 -32.28 61.55 36.35 -32.83 61.55 0.365 0x0000FF
39.45 -31.73 61.1 38.18 -32.28 61.55 0.365 0x0000FF
-22.58 -49.41 79.95 -23.13 -50.68 80.04 0.64 0x0000FF
-20.94 -48.13 80.26 -22.58 -49.41 79.95 0.64 0x0000FF
-19.48 -47.22 80.48 -20.94 -48.13 80.26 0.64 0x0000FF
-17.64 -46.13 80.64 -19.48 -47.22 80.48 0.64 0x0000FF
-16.19 -45.4 80.79 -17.64 -46.13 80.64 0.64 0x0000FF
-15.1 -44.49 81.02 -16.19 -45.4 80.79 0.64 0x0000FF
-13.82 -43.39 81.09 -15.1 -44.49 81.02 0.64 0x0000FF
-12.36 -41.57 81.4 -13.82 -43.39 81.09 0.64 0x0000FF
-11.09 -39.39 81.55 -12.36 -41.57 81.4 0.64 0x0000FF
-10.17 -37.56 81.78 -11.09 -39.39 81.55 0.64 0x0000FF
-9.08 -35.92 81.78 -10.17 -37.56 81.78 0.64 0x0000FF
-8.17 -34.28 81.93 -9.08 -35.92 81.78 0.64 0x0000FF
-7.44 -33.01 82.01 -8.17 -34.28 81.93 0.64 0x0000FF
-6.89 -31.55 82.23 -7.44 -33.01 82.01 0.64 0x0000FF
-6.16 -30.09 82.54 -6.89 -31.55 82.23 0.64 0x0000FF
-5.43 -28.82 82.76 -6.16 -30.09 82.54 0.64 0x0000FF
-4.33 -27.0 82.99 -5.43 -28.82 82.76 0.64 0x0000FF
-3.42 -25.9 83.29 -4.33 -27.0 82.99 0.64 0x0000FF
-2.14 -24.99 83.52 -3.42 -25.9 83.29 0.64 0x0000FF
-1.42 -24.45 84.13 -2.14 -24.99 83.52 0.64 0x0000FF
-0.87 -24.08 83.75 -1.42 -24.45 84.13 0.64 0x0000FF
-0.14 -23.72 82.99 -0.87 -24.08 83.75 0.64 0x0000FF
0.96 -23.17 82.39 -0.14 -23.72 82.99 0.64 0x0000FF
2.6 -22.08 81.63 0.96 -23.17 82.39 0.64 0x0000FF
4.24 -20.98 80.79 2.6 -22.08 81.63 0.64 0x0000FF
5.7 -19.89 80.56 4.24 -20.98 80.79 0.64 0x0000FF
7.53 -16.43 80.11 5.7 -19.89 80.56 0.64 0x0000FF
8.25 -15.52 79.51 7.53 -16.43 80.11 0.64 0x0000FF
8.61 -14.61 79.05 8.25 -15.52 79.51 0.64 0x0000FF
9.17 -13.88 78.45 8.61 -14.61 79.05 0.64 0x0000FF
9.9 -12.78 78.3 9.17 -13.88 78.45 0.64 0x0000FF
11.36 -10.6 78.14 9.9 -12.78 78.3 0.545 0x0000FF
12.45 -8.05 77.92 11.36 -10.6 78.14 0.545 0x0000FF
13.18 -6.59 77.76 12.45 -8.05 77.92 0.545 0x0000FF
13.73 -5.5 77.61 13.18 -6.59 77.76 0.545 0x0000FF
15.19 -4.22 77.45 13.73 -5.5 77.61 0.455 0x0000FF
16.64 -3.31 76.86 15.19 -4.22 77.45 0.455 0x0000FF
17.73 -2.4 76.78 16.64 -3.31 76.86 0.455 0x0000FF
20.11 -0.57 77.16 17.73 -2.4 76.78 0.365 0x0000FF
21.21 0.88 77.92 20.11 -0.57 77.16 0.365 0x0000FF
22.3 2.52 78.3 21.21 0.88 77.92 0.365 0x0000FF
24.86 5.62 78.83 22.3 2.52 78.3 0.365 0x0000FF
25.59 6.89 79.43 24.86 5.62 78.83 0.365 0x0000FF
-52.14 -49.95 79.51 -53.08 -59.39 77.33 1.825 0x0000FF
-51.95 -48.86 79.58 -52.14 -49.95 79.51 1.825 0x0000FF
-51.41 -47.4 80.04 -51.95 -48.86 79.58 1.825 0x0000FF
-50.68 -45.22 80.11 -51.41 -47.4 80.04 1.825 0x0000FF
-50.49 -43.58 80.72 -50.68 -45.22 80.11 1.64 0x0000FF
-50.31 -42.48 81.4 -50.49 -43.58 80.72 1.64 0x0000FF
-49.95 -41.57 81.7 -50.31 -42.48 81.4 1.64 0x0000FF
-49.95 -40.65 81.86 -49.95 -41.57 81.7 1.64 0x0000FF
-49.04 -39.75 81.33 -49.95 -40.65 81.86 1.095 0x0000FF
-48.67 -38.11 80.56 -49.04 -39.75 81.33 1.005 0x0000FF
-48.31 -37.75 79.81 -48.67 -38.11 80.56 1.005 0x0000FF
-48.12 -37.2 79.36 -48.31 -37.75 79.81 1.005 0x0000FF
-47.58 -36.47 78.83 -48.12 -37.2 79.36 1.005 0x0000FF
-47.39 -35.56 78.22 -47.58 -36.47 78.83 1.005 0x0000FF
-47.21 -34.83 77.84 -47.39 -35.56 78.22 1.005 0x0000FF
-46.66 -33.92 76.86 -47.21 -34.83 77.84 1.005 0x0000FF
-46.3 -33.56 76.09 -46.66 -33.92 76.86 1.005 0x0000FF
-45.57 -32.83 75.56 -46.3 -33.56 76.09 1.005 0x0000FF
-45.02 -32.1 75.42 -45.57 -32.83 75.56 1.005 0x0000FF
-44.47 -31.92 75.27 -45.02 -32.1 75.42 1.005 0x0000FF
-43.74 -29.91 75.11 -44.47 -31.92 75.27 0.64 0x0000FF
-43.93 -29.36 74.43 -43.74 -29.91 75.11 0.64 0x0000FF
-43.93 -28.82 74.28 -43.93 -29.36 74.43 0.64 0x0000FF
-44.11 -27.91 73.83 -43.93 -28.82 74.28 0.64 0x0000FF
-44.29 -27.36 73.37 -44.11 -27.91 73.83 0.64 0x0000FF
-44.29 -26.81 73.06 -44.29 -27.36 73.37 0.64 0x0000FF
-44.11 -25.9 71.63 -44.29 -26.81 73.06 0.64 0x0000FF
-43.74 -24.45 70.72 -44.11 -25.9 71.63 0.545 0x0000FF
-43.74 -23.72 69.95 -43.74 -24.45 70.72 0.545 0x0000FF
-43.74 -22.81 69.28 -43.74 -23.72 69.95 0.545 0x0000FF
-43.93 -22.26 68.67 -43.74 -22.81 69.28 0.545 0x0000FF
-44.11 -21.35 68.06 -43.93 -22.26 68.67 0.545 0x0000FF
-44.29 -20.44 67.45 -44.11 -21.35 68.06 0.545 0x0000FF
-44.47 -19.34 67.08 -44.29 -20.44 67.45 0.545 0x0000FF
-44.47 -17.89 66.33 -44.47 -19.34 67.08 0.545 0x0000FF
-44.66 -16.43 65.34 -44.47 -17.89 66.33 0.545 0x0000FF
-44.84 -14.61 64.66 -44.66 -16.43 65.34 0.545 0x0000FF
-44.47 -12.42 64.05 -44.84 -14.61 64.66 0.545 0x0000FF
-44.11 -10.05 62.99 -44.47 -12.42 64.05 0.545 0x0000FF
-42.28 -6.23 62.99 -44.11 -10.05 62.99 0.455 0x0000FF
-41.37 -4.76 62.61 -42.28 -6.23 62.99 0.455 0x0000FF
-40.1 -2.76 61.71 -41.37 -4.76 62.61 0.365 0x0000FF
-39.36 -0.39 61.55 -40.1 -2.76 61.71 0.365 0x0000FF
-38.27 1.24 60.65 -39.36 -0.39 61.55 0.365 0x0000FF
-36.45 2.7 60.19 -38.27 1.24 60.65 0.365 0x0000FF
-35.35 3.8 59.74 -36.45 2.7 60.19 0.365 0x0000FF
-33.53 4.51 59.13 -35.35 3.8 59.74 0.365 0x0000FF
-42.1 -29.0 75.8 -44.47 -31.92 75.27 0.82 0x0000FF
-40.64 -27.72 76.17 -42.1 -29.0 75.8 0.82 0x0000FF
-41.37 -27.54 76.55 -40.64 -27.72 76.17 0.18 0x0000FF
-41.37 -26.63 77.23 -41.37 -27.54 76.55 0.18 0x0000FF
-41.37 -26.09 77.39 -41.37 -26.63 77.23 0.18 0x0000FF
-41.37 -25.54 78.06 -41.37 -26.09 77.39 0.18 0x0000FF
-41.74 -24.45 78.59 -41.37 -25.54 78.06 0.09 0x0000FF
-41.74 -23.53 78.67 -41.74 -24.45 78.59 0.09 0x0000FF
-41.74 -23.35 78.45 -41.74 -23.53 78.67 0.09 0x0000FF
-41.74 -23.17 77.31 -41.74 -23.35 78.45 0.09 0x0000FF
-41.74 -22.62 75.8 -41.74 -23.17 77.31 0.09 0x0000FF
-42.28 -21.35 78.22 -41.74 -22.62 75.8 0.09 0x0000FF
-42.47 -20.62 79.13 -42.28 -21.35 78.22 0.09 0x0000FF
-42.47 -20.07 81.17 -42.47 -20.62 79.13 0.09 0x0000FF
-42.47 -19.71 82.99 -42.47 -20.07 81.17 0.09 0x0000FF
-42.1 -19.53 83.6 -42.47 -19.71 82.99 0.09 0x0000FF
-41.74 -18.61 83.9 -42.1 -19.53 83.6 0.09 0x0000FF
-41.74 -18.43 81.93 -41.74 -18.61 83.9 0.09 0x0000FF
-41.74 -18.25 83.75 -41.74 -18.43 81.93 0.09 0x0000FF
-41.74 -17.7 85.34 -41.74 -18.25 83.75 0.09 0x0000FF
-41.74 -17.52 86.85 -41.74 -17.7 85.34 0.09 0x0000FF
-41.74 -17.52 88.14 -41.74 -17.52 86.85 0.09 0x0000FF
-41.37 -16.25 88.37 -41.74 -17.52 88.14 0.09 0x0000FF
-39.18 -27.36 76.17 -40.64 -27.72 76.17 0.64 0x0000FF
-37.54 -26.63 76.25 -39.18 -27.36 76.17 0.64 0x0000FF
-35.17 -25.36 76.93 -37.54 -26.63 76.25 0.64 0x0000FF
-33.71 -24.45 77.54 -35.17 -25.36 76.93 0.64 0x0000FF
-31.52 -23.17 77.61 -33.71 -24.45 77.54 0.64 0x0000FF
-28.6 -21.17 77.84 -31.52 -23.17 77.61 0.64 0x0000FF
-23.13 -18.43 78.3 -28.6 -21.17 77.84 0.64 0x0000FF
-18.93 -16.61 79.13 -23.13 -18.43 78.3 0.64 0x0000FF
-16.01 -14.79 79.36 -18.93 -16.61 79.13 0.64 0x0000FF
-13.09 -12.42 79.73 -16.01 -14.79 79.36 0.64 0x0000FF
-8.71 -8.59 80.26 -13.09 -12.42 79.73 0.64 0x0000FF
-6.89 -7.14 80.72 -8.71 -8.59 80.26 0.64 0x0000FF
-4.88 -5.5 81.33 -6.89 -7.14 80.72 0.545 0x0000FF
-2.69 -4.04 81.7 -4.88 -5.5 81.33 0.545 0x0000FF
0.04 -2.76 82.16 -2.69 -4.04 81.7 0.545 0x0000FF
6.25 1.97 82.46 0.04 -2.76 82.16 0.545 0x0000FF
9.35 4.51 82.84 6.25 1.97 82.46 0.545 0x0000FF
12.63 9.08 83.07 9.35 4.51 82.84 0.545 0x0000FF
13.91 12.91 83.67 12.63 9.08 83.07 0.545 0x0000FF
15.19 15.09 83.98 13.91 12.91 83.67 0.545 0x0000FF
19.57 19.48 84.89 15.19 15.09 83.98 0.545 0x0000FF
21.03 20.39 85.19 19.57 19.48 84.89 0.545 0x0000FF
23.22 22.04 85.72 21.03 20.39 85.19 0.455 0x0000FF
23.95 22.77 85.72 23.22 22.04 85.72 0.455 0x0000FF
24.86 23.5 84.05 23.95 22.77 85.72 0.455 0x0000FF
-49.94 -39.72 79.81 -49.95 -40.65 81.86 1.005 0x0000FF
-50.13 -38.26 78.67 -49.94 -39.72 79.81 1.005 0x0000FF
-50.13 -36.81 77.31 -50.13 -38.26 78.67 1.005 0x0000FF
-50.13 -35.35 77.23 -50.13 -36.81 77.31 0.91 0x0000FF
-50.31 -33.89 76.63 -50.13 -35.35 77.23 0.91 0x0000FF
-50.31 -32.79 76.33 -50.31 -33.89 76.63 0.91 0x0000FF
-50.31 -28.61 75.64 -50.31 -32.79 76.33 0.82 0x0000FF
-50.13 -26.42 75.42 -50.31 -28.61 75.64 0.82 0x0000FF
-50.13 -23.69 75.19 -50.13 -26.42 75.42 0.82 0x0000FF
-50.13 -22.41 74.81 -50.13 -23.69 75.19 0.82 0x0000FF
-50.31 -20.04 74.43 -50.13 -22.41 74.81 0.82 0x0000FF
-50.31 -14.76 74.2 -50.31 -20.04 74.43 0.73 0x0000FF
-50.13 -11.84 74.13 -50.31 -14.76 74.2 0.73 0x0000FF
-50.31 -8.93 74.05 -50.13 -11.84 74.13 0.73 0x0000FF
-50.86 -7.11 73.9 -50.31 -8.93 74.05 0.73 0x0000FF
-51.4 -5.65 73.9 -50.86 -7.11 73.9 0.73 0x0000FF
-51.59 -4.19 73.9 -51.4 -5.65 73.9 0.73 0x0000FF
-52.13 -0.73 73.9 -51.59 -4.19 73.9 0.64 0x0000FF
-51.95 1.09 73.9 -52.13 -0.73 73.9 0.64 0x0000FF
-51.77 3.1 73.9 -51.95 1.09 73.9 0.64 0x0000FF
-51.4 3.82 73.75 -51.77 3.1 73.9 0.64 0x0000FF
-51.04 5.46 73.52 -51.4 3.82 73.75 0.64 0x0000FF
-50.13 8.19 73.14 -51.04 5.46 73.52 0.64 0x0000FF
-49.4 10.93 72.69 -50.13 8.19 73.14 0.64 0x0000FF
-49.21 14.03 72.54 -49.4 10.93 72.69 0.64 0x0000FF
-49.21 16.21 72.01 -49.21 14.03 72.54 0.64 0x0000FF
-49.21 18.95 71.55 -49.21 16.21 72.01 0.64 0x0000FF
-49.4 21.5 70.27 -49.21 18.95 71.55 0.64 0x0000FF
-50.49 24.6 69.95 -49.4 21.5 70.27 0.64 0x0000FF
-50.86 26.24 69.51 -50.49 24.6 69.95 0.64 0x0000FF
-50.86 28.06 68.9 -50.86 26.24 69.51 0.64 0x0000FF
-50.86 32.25 67.54 -50.86 28.06 68.9 0.64 0x0000FF
-51.04 34.07 67.39 -50.86 32.25 67.54 0.64 0x0000FF
-51.4 35.71 66.78 -51.04 34.07 67.39 0.64 0x0000FF
-51.59 37.17 66.4 -51.4 35.71 66.78 0.64 0x0000FF
-51.4 38.44 65.8 -51.59 37.17 66.4 0.64 0x0000FF
-50.86 40.99 65.11 -51.4 38.44 65.8 0.64 0x0000FF
-50.49 47.01 64.73 -50.86 40.99 65.11 0.545 0x0000FF
-50.67 49.74 64.51 -50.49 47.01 64.73 0.545 0x0000FF
-50.86 51.38 63.98 -50.67 49.74 64.51 0.545 0x0000FF
-50.67 52.84 63.9 -50.86 51.38 63.98 0.545 0x0000FF
-50.67 54.29 63.3 -50.67 52.84 63.9 0.545 0x0000FF
-50.31 55.57 62.84 -50.67 54.29 63.3 0.545 0x0000FF
-50.13 59.03 62.69 -50.31 55.57 62.84 0.455 0x0000FF
-48.67 62.31 62.24 -50.13 59.03 62.69 0.365 0x0000FF
-54.87 -49.56 92.99 -53.08 -59.39 77.33 1.46 0x0000FF
-54.87 -48.83 93.37 -54.87 -49.56 92.99 1.46 0x0000FF
-54.87 -47.92 93.75 -54.87 -48.83 93.37 1.46 0x0000FF
-55.05 -47.19 93.9 -54.87 -47.92 93.75 1.46 0x0000FF
-55.42 -46.1 94.2 -55.05 -47.19 93.9 1.46 0x0000FF
-55.42 -45.55 94.58 -55.42 -46.1 94.2 1.46 0x0000FF
-55.05 -44.46 94.05 -55.42 -45.55 94.58 1.095 0x0000FF
-55.05 -43.91 93.14 -55.05 -44.46 94.05 1.095 0x0000FF
-54.87 -43.18 92.69 -55.05 -43.91 93.14 1.095 0x0000FF
-54.6 -42.73 92.69 -54.87 -43.18 92.69 1.095 0x0000FF
-54.69 -42.45 92.38 -54.6 -42.73 92.69 1.095 0x0000FF
-54.5 -41.36 92.38 -54.69 -42.45 92.38 1.095 0x0000FF
-54.32 -40.63 91.7 -54.5 -41.36 92.38 1.095 0x0000FF
-52.13 -40.09 91.55 -54.32 -40.63 91.7 0.64 0x0000FF
-50.86 -39.72 91.85 -52.13 -40.09 91.55 0.64 0x0000FF
-49.94 -39.36 92.31 -50.86 -39.72 91.85 0.64 0x0000FF
-48.67 -39.17 93.22 -49.94 -39.36 92.31 0.64 0x0000FF
-46.66 -38.81 93.6 -48.67 -39.17 93.22 0.64 0x0000FF
-44.29 -38.45 94.13 -46.66 -38.81 93.6 0.64 0x0000FF
-42.83 -38.08 94.28 -44.29 -38.45 94.13 0.64 0x0000FF
-40.82 -37.72 94.58 -42.83 -38.08 94.28 0.64 0x0000FF
-38.45 -37.9 94.88 -40.82 -37.72 94.58 0.64 0x0000FF
-36.26 -38.08 95.34 -38.45 -37.9 94.88 0.64 0x0000FF
-31.88 -38.63 96.02 -36.26 -38.08 95.34 0.545 0x0000FF
-30.24 -38.63 96.25 -31.88 -38.63 96.02 0.545 0x0000FF
-28.78 -38.81 96.55 -30.24 -38.63 96.25 0.545 0x0000FF
-28.05 -38.81 97.31 -28.78 -38.81 96.55 0.545 0x0000FF
-26.41 -38.81 97.76 -28.05 -38.81 97.31 0.545 0x0000FF
-25.68 -38.45 97.84 -26.41 -38.81 97.76 0.545 0x0000FF
-23.85 -37.9 98.37 -25.68 -38.45 97.84 0.545 0x0000FF
-22.21 -36.99 98.82 -23.85 -37.9 98.37 0.545 0x0000FF
-20.75 -36.08 99.05 -22.21 -36.99 98.82 0.545 0x0000FF
-19.66 -35.35 99.28 -20.75 -36.08 99.05 0.545 0x0000FF
-18.73 -34.79 99.35 -19.66 -35.35 99.28 0.545 0x0000FF
-17.28 -34.25 99.43 -18.73 -34.79 99.35 0.545 0x0000FF
-15.82 -33.89 100.11 -17.28 -34.25 99.43 0.545 0x0000FF
-14.0 -33.34 100.94 -15.82 -33.89 100.11 0.545 0x0000FF
-12.36 -32.43 101.25 -14.0 -33.34 100.94 0.545 0x0000FF
-3.96 -27.51 101.55 -12.36 -32.43 101.25 0.545 0x0000FF
-0.86 -25.33 101.93 -3.96 -27.51 101.55 0.545 0x0000FF
2.06 -23.14 102.31 -0.86 -25.33 101.93 0.545 0x0000FF
4.79 -20.41 102.99 2.06 -23.14 102.31 0.545 0x0000FF
6.25 -19.3 103.29 4.79 -20.41 102.99 0.545 0x0000FF
6.98 -18.95 103.07 6.25 -19.3 103.29 0.545 0x0000FF
7.89 -18.22 101.25 6.98 -18.95 103.07 0.545 0x0000FF
9.35 -17.3 100.57 7.89 -18.22 101.25 0.545 0x0000FF
10.81 -16.22 100.34 9.35 -17.3 100.57 0.545 0x0000FF
13.55 -13.85 99.28 10.81 -16.22 100.34 0.455 0x0000FF
15.19 -13.12 98.82 13.55 -13.85 99.28 0.455 0x0000FF
17.2 -12.57 98.44 15.19 -13.12 98.82 0.455 0x0000FF
18.11 -12.21 97.99 17.2 -12.57 98.44 0.455 0x0000FF
18.84 -11.84 97.01 18.11 -12.21 97.99 0.455 0x0000FF
19.94 -10.39 95.72 18.84 -11.84 97.01 0.455 0x0000FF
20.67 -9.11 95.04 19.94 -10.39 95.72 0.455 0x0000FF
21.4 -5.09 93.82 20.67 -9.11 95.04 0.365 0x0000FF
22.49 -1.64 93.67 21.4 -5.09 93.82 0.365 0x0000FF
23.59 -0.55 92.99 22.49 -1.64 93.67 0.365 0x0000FF
25.05 0.18 92.61 23.59 -0.55 92.99 0.365 0x0000FF
27.42 1.46 91.93 25.05 0.18 92.61 0.365 0x0000FF
30.15 2.0 91.4 27.42 1.46 91.93 0.365 0x0000FF
35.45 3.28 90.95 30.15 2.0 91.4 0.365 0x0000FF
38.9 6.01 90.49 35.45 3.28 90.95 0.365 0x0000FF
40.74 7.83 90.04 38.9 6.01 90.49 0.365 0x0000FF
46.03 11.11 89.66 40.74 7.83 90.04 0.365 0x0000FF
47.85 13.85 89.28 46.03 11.11 89.66 0.365 0x0000FF
-55.23 -39.36 91.93 -54.32 -40.63 91.7 0.73 0x0000FF
-55.6 -38.45 92.16 -55.23 -39.36 91.93 0.73 0x0000FF
-55.96 -37.17 92.31 -55.6 -38.45 92.16 0.73 0x0000FF
-56.15 -34.97 92.54 -55.96 -37.17 92.31 0.73 0x0000FF
-56.69 -32.97 92.61 -56.15 -34.97 92.54 0.73 0x0000FF
-57.42 -31.52 92.61 -56.69 -32.97 92.61 0.73 0x0000FF
-58.52 -29.52 92.76 -57.42 -31.52 92.61 0.73 0x0000FF
-57.79 -27.51 93.07 -58.52 -29.52 92.76 0.64 0x0000FF
-57.24 -26.06 93.14 -57.79 -27.51 93.07 0.64 0x0000FF
-57.06 -24.96 93.52 -57.24 -26.06 93.14 0.64 0x0000FF
-56.88 -23.51 93.67 -57.06 -24.96 93.52 0.64 0x0000FF
-56.69 -22.23 94.28 -56.88 -23.51 93.67 0.64 0x0000FF
-56.51 -20.23 94.43 -56.69 -22.23 94.28 0.64 0x0000FF
-56.15 -18.77 94.66 -56.51 -20.23 94.43 0.64 0x0000FF
-55.42 -17.67 94.73 -56.15 -18.77 94.66 0.64 0x0000FF
-54.32 -16.04 95.04 -55.42 -17.67 94.73 0.64 0x0000FF
-53.77 -14.76 95.41 -54.32 -16.04 95.04 0.64 0x0000FF
-53.04 -13.12 95.57 -53.77 -14.76 95.41 0.64 0x0000FF
-52.5 -12.21 96.02 -53.04 -13.12 95.57 0.64 0x0000FF
-51.59 -9.66 96.4 -52.5 -12.21 96.02 0.64 0x0000FF
-50.86 -8.38 96.78 -51.59 -9.66 96.4 0.64 0x0000FF
-48.85 -5.83 97.31 -50.86 -8.38 96.78 0.545 0x0000FF
-48.48 -4.92 97.84 -48.85 -5.83 97.31 0.545 0x0000FF
-48.3 -4.37 98.37 -48.48 -4.92 97.84 0.545 0x0000FF
-48.3 -3.65 99.05 -48.3 -4.37 98.37 0.545 0x0000FF
-47.94 -2.54 99.66 -48.3 -3.65 99.05 0.545 0x0000FF
-47.39 -0.73 100.04 -47.94 -2.54 99.66 0.545 0x0000FF
-47.21 0.18 100.64 -47.39 -0.73 100.04 0.545 0x0000FF
-47.21 0.91 101.32 -47.21 0.18 100.64 0.545 0x0000FF
-47.21 1.64 101.47 -47.21 0.91 101.32 0.545 0x0000FF
-47.21 2.18 102.16 -47.21 1.64 101.47 0.545 0x0000FF
-47.21 2.91 103.97 -47.21 2.18 102.16 0.545 0x0000FF
-47.02 4.19 105.34 -47.21 2.91 103.97 0.545 0x0000FF
-46.84 4.74 105.87 -47.02 4.19 105.34 0.545 0x0000FF
-46.11 5.65 107.61 -46.84 4.74 105.87 0.545 0x0000FF
-45.38 6.19 108.22 -46.11 5.65 107.61 0.545 0x0000FF
-44.1 7.47 109.13 -45.38 6.19 108.22 0.545 0x0000FF
-43.19 7.83 109.73 -44.1 7.47 109.13 0.545 0x0000FF
-41.92 8.38 110.34 -43.19 7.83 109.73 0.545 0x0000FF
-41.19 8.93 111.25 -41.92 8.38 110.34 0.545 0x0000FF
-40.64 9.47 111.93 -41.19 8.93 111.25 0.545 0x0000FF
-39.9 10.02 112.46 -40.64 9.47 111.93 0.545 0x0000FF
-38.63 10.75 113.14 -39.9 10.02 112.46 0.545 0x0000FF
-37.35 11.48 113.9 -38.63 10.75 113.14 0.545 0x0000FF
-36.26 12.21 114.58 -37.35 11.48 113.9 0.545 0x0000FF
-35.15 12.57 115.03 -36.26 12.21 114.58 0.545 0x0000FF
-34.25 13.3 115.87 -35.15 12.57 115.03 0.545 0x0000FF
-34.25 14.76 116.47 -34.25 13.3 115.87 0.545 0x0000FF
-33.89 15.49 117.38 -34.25 14.76 116.47 0.545 0x0000FF
-32.61 18.04 117.91 -33.89 15.49 117.38 0.545 0x0000FF
-31.7 18.95 118.52 -32.61 18.04 117.91 0.545 0x0000FF
-29.87 20.04 119.05 -31.7 18.95 118.52 0.545 0x0000FF
-28.78 20.95 120.03 -29.87 20.04 119.05 0.545 0x0000FF
-27.32 22.59 120.41 -28.78 20.95 120.03 0.545 0x0000FF
-26.59 24.6 120.87 -27.32 22.59 120.41 0.545 0x0000FF
-26.41 26.05 121.25 -26.59 24.6 120.87 0.545 0x0000FF
-26.77 27.69 121.7 -26.41 26.05 121.25 0.545 0x0000FF
-27.14 29.51 122.15 -26.77 27.69 121.7 0.545 0x0000FF
-26.95 31.88 122.38 -27.14 29.51 122.15 0.545 0x0000FF
-26.59 34.07 122.61 -26.95 31.88 122.38 0.545 0x0000FF
-26.22 35.89 122.91 -26.59 34.07 122.61 0.545 0x0000FF
-26.22 38.26 123.21 -26.22 35.89 122.91 0.455 0x0000FF
-25.86 40.08 123.44 -26.22 38.26 123.21 0.455 0x0000FF
-25.31 42.27 123.67 -25.86 40.08 123.44 0.455 0x0000FF
-25.13 43.0 123.97 -25.31 42.27 123.67 0.365 0x0000FF
-49.58 -8.93 96.25 -50.86 -8.38 96.78 0.455 0x0000FF
-49.21 -8.93 95.72 -49.58 -8.93 96.25 0.455 0x0000FF
-49.03 -8.56 97.31 -49.21 -8.93 95.72 0.455 0x0000FF
-48.48 -8.19 98.14 -49.03 -8.56 97.31 0.455 0x0000FF
-47.57 -8.19 98.9 -48.48 -8.19 98.14 0.455 0x0000FF
-46.84 -8.02 99.66 -47.57 -8.19 98.9 0.455 0x0000FF
-46.11 -7.65 100.94 -46.84 -8.02 99.66 0.455 0x0000FF
-45.75 -7.29 101.93 -46.11 -7.65 100.94 0.455 0x0000FF
-45.2 -6.93 102.46 -45.75 -7.29 101.93 0.455 0x0000FF
-44.47 -6.38 103.37 -45.2 -6.93 102.46 0.455 0x0000FF
-43.92 -6.2 104.13 -44.47 -6.38 103.37 0.455 0x0000FF
-43.19 -5.83 104.96 -43.92 -6.2 104.13 0.455 0x0000FF
-42.46 -5.09 106.55 -43.19 -5.83 104.96 0.455 0x0000FF
-42.1 -4.74 107.38 -42.46 -5.09 106.55 0.455 0x0000FF
-41.55 -3.46 108.75 -42.1 -4.74 107.38 0.455 0x0000FF
-41.55 -3.46 111.4 -41.55 -3.46 108.75 0.455 0x0000FF
-41.37 -2.92 112.31 -41.55 -3.46 111.4 0.455 0x0000FF
-41.37 -2.0 113.44 -41.37 -2.92 112.31 0.455 0x0000FF
-41.55 -1.28 114.12 -41.37 -2.0 113.44 0.455 0x0000FF
-41.55 -1.28 115.26 -41.55 -1.28 114.12 0.455 0x0000FF
-41.92 -0.37 116.62 -41.55 -1.28 115.26 0.455 0x0000FF
-41.92 0.18 117.0 -41.92 -0.37 116.62 0.455 0x0000FF
-41.55 0.73 118.44 -41.92 0.18 117.0 0.455 0x0000FF
-42.28 1.64 119.2 -41.55 0.73 118.44 0.455 0x0000FF
-42.64 1.82 119.88 -42.28 1.64 119.2 0.455 0x0000FF
-43.01 2.18 121.85 -42.64 1.82 119.88 0.455 0x0000FF
-43.74 2.73 122.76 -43.01 2.18 121.85 0.455 0x0000FF
-44.47 3.28 123.67 -43.74 2.73 122.76 0.455 0x0000FF
-45.56 4.01 124.43 -44.47 3.28 123.67 0.455 0x0000FF
-46.29 4.37 125.56 -45.56 4.01 124.43 0.455 0x0000FF
-46.84 4.92 125.79 -46.29 4.37 125.56 0.455 0x0000FF
-47.94 5.65 126.93 -46.84 4.92 125.79 0.365 0x0000FF
-48.85 6.19 127.23 -47.94 5.65 126.93 0.365 0x0000FF
-49.58 6.56 127.38 -48.85 6.19 127.23 0.365 0x0000FF
-50.13 6.92 128.06 -49.58 6.56 127.38 0.365 0x0000FF
-51.04 7.83 129.58 -50.13 6.92 128.06 0.365 0x0000FF
-52.13 9.47 130.49 -51.04 7.83 129.58 0.365 0x0000FF
-52.68 10.38 131.16 -52.13 9.47 130.49 0.365 0x0000FF
-53.41 11.48 132.22 -52.68 10.38 131.16 0.365 0x0000FF
-54.87 13.3 132.91 -53.41 11.48 132.22 0.365 0x0000FF
-56.33 14.57 134.05 -54.87 13.3 132.91 0.365 0x0000FF
-59.43 15.85 134.8 -56.33 14.57 134.05 0.365 0x0000FF
-61.26 16.39 135.94 -59.43 15.85 134.8 0.365 0x0000FF
-62.53 16.94 137.38 -61.26 16.39 135.94 0.365 0x0000FF
-63.81 17.48 137.76 -62.53 16.94 137.38 0.365 0x0000FF
-64.9 18.04 139.43 -63.81 17.48 137.76 0.365 0x0000FF
-65.45 18.22 140.11 -64.9 18.04 139.43 0.365 0x0000FF
-66.73 19.13 141.32 -65.45 18.22 140.11 0.365 0x0000FF
-68.37 20.59 142.08 -66.73 19.13 141.32 0.365 0x0000FF
-69.09 21.68 142.91 -68.37 20.59 142.08 0.365 0x0000FF
-69.83 22.41 143.82 -69.09 21.68 142.91 0.365 0x0000FF
-70.93 23.5 145.56 -69.83 22.41 143.82 0.365 0x0000FF
-72.56 24.6 145.49 -70.93 23.5 145.56 0.365 0x0000FF
-73.66 25.87 146.16 -72.56 24.6 145.49 0.365 0x0000FF
-74.56 26.24 146.55 -73.66 25.87 146.16 0.365 0x0000FF
-75.67 26.78 147.15 -74.56 26.24 146.55 0.365 0x0000FF
-77.31 27.69 148.21 -75.67 26.78 147.15 0.365 0x0000FF
-77.86 28.06 149.8 -77.31 27.69 148.21 0.365 0x0000FF
-78.41 28.24 151.38 -77.86 28.06 149.8 0.365 0x0000FF
-80.78 28.79 153.29 -78.41 28.24 151.38 0.365 0x0000FF
-84.61 28.79 153.97 -80.78 28.79 153.29 0.365 0x0000FF
-88.44 28.24 154.65 -84.61 28.79 153.97 0.365 0x0000FF
-91.72 27.33 155.71 -88.44 28.24 154.65 0.365 0x0000FF
-94.1 25.87 156.16 -91.72 27.33 155.71 0.365 0x0000FF
-96.29 22.41 156.62 -94.1 25.87 156.16 0.365 0x0000FF
-96.47 18.77 156.85 -96.29 22.41 156.62 0.365 0x0000FF
-58.88 -28.97 95.04 -58.52 -29.52 92.76 0.545 0x0000FF
-59.25 -28.42 93.82 -58.88 -28.97 95.04 0.545 0x0000FF
-59.8 -28.24 93.07 -59.25 -28.42 93.82 0.545 0x0000FF
-60.89 -26.78 92.01 -59.8 -28.24 93.07 0.545 0x0000FF
-62.35 -24.96 91.25 -60.89 -26.78 92.01 0.545 0x0000FF
-62.9 -24.05 90.42 -62.35 -24.96 91.25 0.545 0x0000FF
-63.63 -22.96 89.73 -62.9 -24.05 90.42 0.545 0x0000FF
-64.36 -21.68 89.05 -63.63 -22.96 89.73 0.545 0x0000FF
-65.09 -20.77 88.6 -64.36 -21.68 89.05 0.545 0x0000FF
-65.63 -19.5 88.22 -65.09 -20.77 88.6 0.545 0x0000FF
-68.01 -16.04 87.76 -65.63 -19.5 88.22 0.455 0x0000FF
-69.09 -13.48 87.08 -68.01 -16.04 87.76 0.455 0x0000FF
-70.73 -10.02 86.7 -69.09 -13.48 87.08 0.455 0x0000FF
-72.75 -6.93 86.1 -70.73 -10.02 86.7 0.455 0x0000FF
-74.03 -5.29 85.57 -72.75 -6.93 86.1 0.455 0x0000FF
-74.94 -3.83 85.19 -74.03 -5.29 85.57 0.455 0x0000FF
-78.59 -2.0 83.98 -74.94 -3.83 85.19 0.455 0x0000FF
-81.51 1.09 83.52 -78.59 -2.0 83.98 0.455 0x0000FF
-83.15 3.82 82.69 -81.51 1.09 83.52 0.455 0x0000FF
-86.07 8.02 82.16 -83.15 3.82 82.69 0.455 0x0000FF
-88.99 10.57 81.78 -86.07 8.02 82.16 0.455 0x0000FF
-91.72 12.02 82.46 -88.99 10.57 81.78 0.455 0x0000FF
-95.92 15.67 83.14 -91.72 12.02 82.46 0.455 0x0000FF
-97.56 18.39 83.6 -95.92 15.67 83.14 0.455 0x0000FF
-98.84 20.95 84.2 -97.56 18.39 83.6 0.455 0x0000FF
-100.3 24.6 84.89 -98.84 20.95 84.2 0.455 0x0000FF
-101.94 27.69 85.11 -100.3 24.6 84.89 0.455 0x0000FF
-104.5 31.15 85.64 -101.94 27.69 85.11 0.455 0x0000FF
-107.23 33.71 85.95 -104.5 31.15 85.64 0.455 0x0000FF
-109.06 36.61 86.7 -107.23 33.71 85.95 0.455 0x0000FF
-110.52 38.44 87.39 -109.06 36.61 86.7 0.455 0x0000FF
-111.25 39.9 87.99 -110.52 38.44 87.39 0.455 0x0000FF
-115.8 45.46 88.98 -111.25 39.9 87.99 0.455 0x0000FF
-116.53 46.37 89.51 -115.8 45.46 88.98 0.455 0x0000FF
-118.17 48.01 90.95 -116.53 46.37 89.51 0.455 0x0000FF
-120.72 50.92 90.19 -118.17 48.01 90.95 0.455 0x0000FF
-122.0 52.56 84.81 -120.72 50.92 90.19 0.455 0x0000FF
-126.56 56.21 84.13 -122.0 52.56 84.81 0.455 0x0000FF
-128.93 58.94 82.46 -126.56 56.21 84.13 0.455 0x0000FF
-134.59 63.5 80.19 -128.93 58.94 82.46 0.455 0x0000FF
-138.06 66.05 79.05 -134.59 63.5 80.19 0.455 0x0000FF
-142.44 70.06 78.59 -138.06 66.05 79.05 0.455 0x0000FF
-147.36 73.52 77.23 -142.44 70.06 78.59 0.455 0x0000FF
-162.51 81.17 76.48 -147.36 73.52 77.23 0.455 0x0000FF
-167.8 81.53 76.25 -162.51 81.17 76.48 0.455 0x0000FF
-170.53 81.9 75.64 -167.8 81.53 76.25 0.455 0x0000FF
-172.91 82.26 75.48 -170.53 81.9 75.64 0.455 0x0000FF
-173.82 83.72 75.19 -172.91 82.26 75.48 0.455 0x0000FF
-177.1 87.18 74.95 -173.82 83.72 75.19 0.455 0x0000FF
-180.93 87.91 74.95 -177.1 87.18 74.95 0.455 0x0000FF
-184.22 87.55 74.81 -180.93 87.91 74.95 0.455 0x0000FF
-184.95 86.82 74.43 -184.22 87.55 74.81 0.455 0x0000FF
-187.14 85.18 74.36 -184.95 86.82 74.43 0.455 0x0000FF
-188.23 82.81 74.36 -187.14 85.18 74.36 0.455 0x0000FF
-188.96 80.26 74.36 -188.23 82.81 74.36 0.365 0x0000FF
-56.42 -41.63 82.84 -54.6 -42.73 92.69 0.82 0x0000FF
-58.79 -40.18 83.22 -56.42 -41.63 82.84 0.82 0x0000FF
-59.71 -39.63 83.67 -58.79 -40.18 83.22 0.82 0x0000FF
-64.27 -32.71 84.28 -59.71 -39.63 83.67 0.73 0x0000FF
-65.0 -31.43 85.42 -64.27 -32.71 84.28 0.73 0x0000FF
-66.45 -29.24 85.49 -65.0 -31.43 85.42 0.73 0x0000FF
-68.65 -25.24 85.72 -66.45 -29.24 85.49 0.73 0x0000FF
-70.65 -22.5 86.93 -68.65 -25.24 85.72 0.73 0x0000FF
-71.56 -20.13 86.32 -70.65 -22.5 86.93 0.73 0x0000FF
-71.93 -18.86 84.66 -71.56 -20.13 86.32 0.73 0x0000FF
-72.84 -17.57 84.05 -71.93 -18.86 84.66 0.73 0x0000FF
-76.13 -13.39 83.67 -72.84 -17.57 84.05 0.64 0x0000FF
-77.4 -12.12 82.76 -76.13 -13.39 83.67 0.64 0x0000FF
-79.59 -10.11 82.54 -77.4 -12.12 82.76 0.64 0x0000FF
-83.06 -6.47 82.08 -79.59 -10.11 82.54 0.64 0x0000FF
-88.72 0.27 81.63 -83.06 -6.47 82.08 0.64 0x0000FF
-91.09 4.65 81.02 -88.72 0.27 81.63 0.64 0x0000FF
-96.2 11.2 80.34 -91.09 4.65 81.02 0.64 0x0000FF
-103.68 20.5 80.11 -96.2 11.2 80.34 0.64 0x0000FF
-104.95 23.41 79.73 -103.68 20.5 80.11 0.64 0x0000FF
-108.24 31.06 79.43 -104.95 23.41 79.73 0.545 0x0000FF
-111.16 38.53 79.28 -108.24 31.06 79.43 0.545 0x0000FF
-112.98 40.36 79.13 -111.16 38.53 79.28 0.365 0x0000FF
-119.81 47.72 78.9 -112.98 40.36 79.13 0.365 0x0000FF
-122.91 51.36 78.75 -119.81 47.72 78.9 0.275 0x0000FF
-138.79 66.12 78.14 -122.91 51.36 78.75 0.275 0x0000FF
-162.69 82.7 78.14 -138.79 66.12 78.14 0.275 0x0000FF
-72.19 -16.23 84.05 -72.84 -17.57 84.05 0.365 0x0000FF
-72.19 -14.77 84.28 -72.19 -16.23 84.05 0.365 0x0000FF
-72.92 -12.41 84.58 -72.19 -14.77 84.28 0.365 0x0000FF
-73.65 -10.77 84.96 -72.92 -12.41 84.58 0.365 0x0000FF
-74.73 -8.58 85.34 -73.65 -10.77 84.96 0.365 0x0000FF
-78.39 -5.48 85.49 -74.73 -8.58 85.34 0.365 0x0000FF
-81.31 -3.48 85.64 -78.39 -5.48 85.49 0.365 0x0000FF
-84.6 -1.29 85.72 -81.31 -3.48 85.64 0.365 0x0000FF
-88.06 0.71 86.17 -84.6 -1.29 85.72 0.365 0x0000FF
-90.07 2.17 86.55 -88.06 0.71 86.17 0.365 0x0000FF
-92.99 4.54 87.08 -90.07 2.17 86.55 0.365 0x0000FF
-97.37 7.64 87.08 -92.99 4.54 87.08 0.365 0x0000FF
-101.38 10.19 86.32 -97.37 7.64 87.08 0.365 0x0000FF
-104.67 12.37 85.49 -101.38 10.19 86.32 0.365 0x0000FF
-109.41 15.11 84.81 -104.67 12.37 85.49 0.365 0x0000FF
-115.07 18.75 83.37 -109.41 15.11 84.81 0.365 0x0000FF
-119.08 21.85 82.69 -115.07 18.75 83.37 0.365 0x0000FF
-124.37 24.95 82.54 -119.08 21.85 82.69 0.275 0x0000FF
-57.23 -45.46 94.2 -55.42 -45.55 94.58 0.73 0x0000FF
-58.33 -44.37 94.88 -57.23 -45.46 94.2 0.73 0x0000FF
-59.6 -43.64 96.1 -58.33 -44.37 94.88 0.73 0x0000FF
-60.33 -43.27 96.48 -59.6 -43.64 96.1 0.73 0x0000FF
-61.24 -42.91 96.48 -60.33 -43.27 96.48 0.73 0x0000FF
-62.34 -42.54 95.94 -61.24 -42.91 96.48 0.73 0x0000FF
-62.89 -42.54 95.87 -62.34 -42.54 95.94 0.73 0x0000FF
-63.8 -42.36 95.64 -62.89 -42.54 95.87 0.73 0x0000FF
-65.08 -42.0 95.04 -63.8 -42.36 95.64 0.73 0x0000FF
-65.98 -42.0 94.81 -65.08 -42.0 95.04 0.73 0x0000FF
-66.54 -42.0 94.58 -65.98 -42.0 94.81 0.73 0x0000FF
-67.27 -41.82 94.43 -66.54 -42.0 94.58 0.73 0x0000FF
-68.0 -41.45 94.28 -67.27 -41.82 94.43 0.73 0x0000FF
-70.91 -42.36 94.2 -68.0 -41.45 94.28 0.64 0x0000FF
-72.92 -42.91 93.6 -70.91 -42.36 94.2 0.64 0x0000FF
-75.29 -43.46 93.45 -72.92 -42.91 93.6 0.64 0x0000FF
-78.03 -43.64 93.22 -75.29 -43.46 93.45 0.64 0x0000FF
-79.13 -43.64 92.99 -78.03 -43.64 93.22 0.64 0x0000FF
-81.31 -43.82 92.38 -79.13 -43.64 92.99 0.545 0x0000FF
-82.23 -43.82 92.01 -81.31 -43.82 92.38 0.545 0x0000FF
-84.05 -44.18 91.7 -82.23 -43.82 92.01 0.545 0x0000FF
-86.61 -44.55 91.48 -84.05 -44.18 91.7 0.545 0x0000FF
-88.98 -44.91 91.25 -86.61 -44.55 91.48 0.545 0x0000FF
-90.07 -45.28 90.79 -88.98 -44.91 91.25 0.545 0x0000FF
-92.08 -46.19 90.57 -90.07 -45.28 90.79 0.545 0x0000FF
-93.36 -46.55 90.57 -92.08 -46.19 90.57 0.545 0x0000FF
-94.45 -47.1 90.04 -93.36 -46.55 90.57 0.545 0x0000FF
-95.55 -47.28 89.81 -94.45 -47.1 90.04 0.545 0x0000FF
-96.82 -47.65 89.35 -95.55 -47.28 89.81 0.545 0x0000FF
-97.92 -47.65 88.67 -96.82 -47.65 89.35 0.545 0x0000FF
-99.01 -47.65 87.16 -97.92 -47.65 88.67 0.545 0x0000FF
-100.65 -47.83 86.55 -99.01 -47.65 87.16 0.545 0x0000FF
-102.11 -47.83 86.25 -100.65 -47.83 86.55 0.545 0x0000FF
-103.21 -47.65 85.49 -102.11 -47.83 86.25 0.545 0x0000FF
-104.3 -47.46 84.96 -103.21 -47.65 85.49 0.545 0x0000FF
-105.4 -47.28 84.43 -104.3 -47.46 84.96 0.545 0x0000FF
-106.49 -47.1 84.2 -105.4 -47.28 84.43 0.545 0x0000FF
-108.87 -46.37 83.82 -106.49 -47.1 84.2 0.545 0x0000FF
-110.87 -45.82 83.45 -108.87 -46.37 83.82 0.545 0x0000FF
-111.78 -45.46 82.99 -110.87 -45.82 83.45 0.545 0x0000FF
-114.52 -44.37 82.46 -111.78 -45.46 82.99 0.545 0x0000FF
-119.45 -42.73 81.86 -114.52 -44.37 82.46 0.545 0x0000FF
-122.18 -41.45 81.25 -119.45 -42.73 81.86 0.545 0x0000FF
-125.65 -39.08 80.72 -122.18 -41.45 81.25 0.545 0x0000FF
-130.76 -35.79 80.11 -125.65 -39.08 80.72 0.545 0x0000FF
-136.41 -32.71 78.75 -130.76 -35.79 80.11 0.545 0x0000FF
-137.69 -32.15 77.92 -136.41 -32.71 78.75 0.545 0x0000FF
-138.06 -31.61 76.78 -137.69 -32.15 77.92 0.545 0x0000FF
-138.79 -31.25 75.87 -138.06 -31.61 76.78 0.545 0x0000FF
-139.52 -30.88 75.34 -138.79 -31.25 75.87 0.545 0x0000FF
-140.97 -29.61 74.73 -139.52 -30.88 75.34 0.545 0x0000FF
-141.52 -28.88 76.02 -140.97 -29.61 74.73 0.545 0x0000FF
-142.25 -28.51 77.08 -141.52 -28.88 76.02 0.545 0x0000FF
-142.97 -27.97 77.92 -142.25 -28.51 77.08 0.545 0x0000FF
-143.53 -27.6 78.75 -142.97 -27.97 77.92 0.545 0x0000FF
-143.9 -27.42 80.95 -143.53 -27.6 78.75 0.545 0x0000FF
-144.44 -27.24 82.16 -143.9 -27.42 80.95 0.545 0x0000FF
-145.54 -26.51 83.07 -144.44 -27.24 82.16 0.545 0x0000FF
-146.27 -25.96 83.45 -145.54 -26.51 83.07 0.545 0x0000FF
-146.82 -25.6 83.9 -146.27 -25.96 83.45 0.545 0x0000FF
-148.28 -24.69 85.42 -146.82 -25.6 83.9 0.545 0x0000FF
-148.82 -24.14 86.17 -148.28 -24.69 85.42 0.545 0x0000FF
-151.56 -21.96 87.31 -148.82 -24.14 86.17 0.545 0x0000FF
-153.02 -21.23 87.69 -151.56 -21.96 87.31 0.545 0x0000FF
-154.3 -20.68 89.28 -153.02 -21.23 87.69 0.545 0x0000FF
-156.49 -19.59 89.88 -154.3 -20.68 89.28 0.545 0x0000FF
-159.04 -18.68 90.19 -156.49 -19.59 89.88 0.545 0x0000FF
-161.05 -17.95 90.87 -159.04 -18.68 90.19 0.545 0x0000FF
-165.06 -16.48 91.63 -161.05 -17.95 90.87 0.545 0x0000FF
-169.99 -13.57 92.76 -165.06 -16.48 91.63 0.545 0x0000FF
-169.26 -11.93 93.67 -169.99 -13.57 92.76 0.455 0x0000FF
-169.26 -11.39 93.9 -169.26 -11.93 93.67 0.455 0x0000FF
-169.07 -10.48 94.05 -169.26 -11.39 93.9 0.455 0x0000FF
-169.07 -9.75 92.84 -169.07 -10.48 94.05 0.455 0x0000FF
-168.71 -9.57 92.69 -169.07 -9.75 92.84 0.455 0x0000FF
-168.71 -9.02 91.25 -168.71 -9.57 92.69 0.455 0x0000FF
-168.53 -7.93 90.42 -168.71 -9.02 91.25 0.455 0x0000FF
-167.98 -7.02 89.66 -168.53 -7.93 90.42 0.455 0x0000FF
-167.07 -4.46 88.22 -167.98 -7.02 89.66 0.365 0x0000FF
-166.52 -2.82 87.54 -167.07 -4.46 88.22 0.365 0x0000FF
-165.97 -0.82 86.55 -166.52 -2.82 87.54 0.275 0x0000FF
-165.61 -0.09 86.32 -165.97 -0.82 86.55 0.275 0x0000FF
-171.63 -12.66 92.99 -169.99 -13.57 92.76 0.365 0x0000FF
-173.45 -10.84 93.52 -171.63 -12.66 92.99 0.365 0x0000FF
-176.92 -8.47 93.82 -173.45 -10.84 93.52 0.365 0x0000FF
-178.74 -7.38 94.28 -176.92 -8.47 93.82 0.365 0x0000FF
-183.85 -3.92 94.51 -178.74 -7.38 94.28 0.365 0x0000FF
-189.33 -0.82 94.96 -183.85 -3.92 94.51 0.365 0x0000FF
-193.34 4.46 95.41 -189.33 -0.82 94.96 0.365 0x0000FF
-194.8 6.47 95.49 -193.34 4.46 95.41 0.365 0x0000FF
-197.72 9.56 95.94 -194.8 6.47 95.49 0.365 0x0000FF
-201.37 13.03 96.48 -197.72 9.56 95.94 0.275 0x0000FF
-203.01 15.58 97.16 -201.37 13.03 96.48 0.275 0x0000FF
-206.11 18.86 97.61 -203.01 15.58 97.16 0.275 0x0000FF
-209.94 21.41 98.75 -206.11 18.86 97.61 0.275 0x0000FF
-215.42 23.41 99.2 -209.94 21.41 98.75 0.275 0x0000FF
-222.9 28.51 99.73 -215.42 23.41 99.2 0.275 0x0000FF
-226.55 31.06 100.11 -222.9 28.51 99.73 0.275 0x0000FF
-228.74 33.61 100.41 -226.55 31.06 100.11 0.275 0x0000FF
-230.2 35.44 101.1 -228.74 33.61 100.41 0.275 0x0000FF
-231.84 37.08 101.63 -230.2 35.44 101.1 0.275 0x0000FF
-233.85 39.08 102.46 -231.84 37.08 101.63 0.275 0x0000FF
-236.22 42.54 102.91 -233.85 39.08 102.46 0.275 0x0000FF
-236.76 44.0 103.6 -236.22 42.54 102.91 0.275 0x0000FF
-239.44 47.75 104.43 -236.76 44.0 103.6 0.275 0x0000FF
-241.82 49.03 105.26 -239.44 47.75 104.43 0.275 0x0000FF
-242.36 49.21 105.79 -241.82 49.03 105.26 0.275 0x0000FF
-243.09 49.58 106.4 -242.36 49.21 105.79 0.275 0x0000FF
-245.28 50.12 106.78 -243.09 49.58 106.4 0.275 0x0000FF
-247.65 50.3 107.31 -245.28 50.12 106.78 0.275 0x0000FF
-250.03 50.49 107.76 -247.65 50.3 107.31 0.275 0x0000FF
-251.3 51.03 108.14 -250.03 50.49 107.76 0.275 0x0000FF
-252.76 52.13 109.13 -251.3 51.03 108.14 0.275 0x0000FF
-253.86 52.86 109.2 -252.76 52.13 109.13 0.275 0x0000FF
-254.41 53.95 109.81 -253.86 52.86 109.2 0.275 0x0000FF
-254.95 55.22 110.11 -254.41 53.95 109.81 0.275 0x0000FF
-79.65 -45.19 99.51 -79.13 -43.64 92.99 0.365 0x0000FF
-80.56 -45.74 99.51 -79.65 -45.19 99.51 0.365 0x0000FF
-80.93 -46.29 99.58 -80.56 -45.74 99.51 0.365 0x0000FF
-81.11 -46.65 99.88 -80.93 -46.29 99.58 0.365 0x0000FF
-81.3 -47.02 100.72 -81.11 -46.65 99.88 0.365 0x0000FF
-81.48 -47.38 101.32 -81.3 -47.02 100.72 0.365 0x0000FF
-81.48 -47.74 102.0 -81.48 -47.38 101.32 0.365 0x0000FF
-81.48 -48.11 102.38 -81.48 -47.74 102.0 0.365 0x0000FF
-81.48 -48.47 102.91 -81.48 -48.11 102.38 0.365 0x0000FF
-81.66 -48.84 103.44 -81.48 -48.47 102.91 0.365 0x0000FF
-81.84 -49.38 103.67 -81.66 -48.84 103.44 0.365 0x0000FF
-81.84 -49.75 104.13 -81.84 -49.38 103.67 0.365 0x0000FF
-81.48 -51.02 104.35 -81.84 -49.75 104.13 0.365 0x0000FF
-81.3 -51.75 104.5 -81.48 -51.02 104.35 0.365 0x0000FF
-81.3 -53.03 105.26 -81.3 -51.75 104.5 0.365 0x0000FF
-81.3 -53.76 105.94 -81.3 -53.03 105.26 0.365 0x0000FF
-81.48 -55.03 106.32 -81.3 -53.76 105.94 0.365 0x0000FF
-83.12 -56.31 107.16 -81.48 -55.03 106.32 0.365 0x0000FF
-83.85 -56.67 108.06 -83.12 -56.31 107.16 0.365 0x0000FF
-84.22 -57.4 109.2 -83.85 -56.67 108.06 0.365 0x0000FF
-84.76 -57.95 109.35 -84.22 -57.4 109.2 0.365 0x0000FF
-85.49 -59.04 109.88 -84.76 -57.95 109.35 0.365 0x0000FF
-85.86 -60.13 110.19 -85.49 -59.04 109.88 0.365 0x0000FF
-86.22 -60.5 110.87 -85.86 -60.13 110.19 0.365 0x0000FF
-86.59 -61.05 111.09 -86.22 -60.5 110.87 0.365 0x0000FF
-87.14 -61.59 112.23 -86.59 -61.05 111.09 0.365 0x0000FF
-88.23 -61.96 113.22 -87.14 -61.59 112.23 0.365 0x0000FF
-89.69 -62.14 113.59 -88.23 -61.96 113.22 0.365 0x0000FF
-90.78 -62.5 114.05 -89.69 -62.14 113.59 0.365 0x0000FF
-92.06 -63.23 114.5 -90.78 -62.5 114.05 0.365 0x0000FF
-92.61 -64.33 114.81 -92.06 -63.23 114.5 0.365 0x0000FF
-93.7 -64.87 115.64 -92.61 -64.33 114.81 0.365 0x0000FF
-95.53 -65.42 115.94 -93.7 -64.87 115.64 0.365 0x0000FF
-97.17 -65.42 116.47 -95.53 -65.42 115.94 0.365 0x0000FF
-68.16 -40.27 94.05 -68.0 -41.45 94.28 0.73 0x0000FF
-68.52 -39.72 94.81 -68.16 -40.27 94.05 0.73 0x0000FF
-70.53 -39.0 95.11 -68.52 -39.72 94.81 0.73 0x0000FF
-71.98 -38.82 95.72 -70.53 -39.0 95.11 0.73 0x0000FF
-73.09 -38.27 96.02 -71.98 -38.82 95.72 0.73 0x0000FF
-74.18 -38.45 96.17 -73.09 -38.27 96.02 0.545 0x0000FF
-74.73 -38.45 96.55 -74.18 -38.45 96.17 0.545 0x0000FF
-75.64 -38.45 96.7 -74.73 -38.45 96.55 0.545 0x0000FF
-76.55 -38.27 96.85 -75.64 -38.45 96.7 0.545 0x0000FF
-78.38 -37.36 96.93 -76.55 -38.27 96.85 0.545 0x0000FF
-79.11 -37.0 97.23 -78.38 -37.36 96.93 0.545 0x0000FF
-79.84 -35.9 97.54 -79.11 -37.0 97.23 0.545 0x0000FF
-80.38 -33.9 97.61 -79.84 -35.9 97.54 0.545 0x0000FF
-80.38 -31.89 97.91 -80.38 -33.9 97.61 0.545 0x0000FF
-80.02 -29.89 98.14 -80.38 -31.89 97.91 0.545 0x0000FF
-80.93 -25.88 98.22 -80.02 -29.89 98.14 0.545 0x0000FF
-83.12 -22.97 98.82 -80.93 -25.88 98.22 0.545 0x0000FF
-88.23 -20.05 99.13 -83.12 -22.97 98.82 0.545 0x0000FF
-94.43 -17.5 99.51 -88.23 -20.05 99.13 0.545 0x0000FF
-99.18 -14.95 99.96 -94.43 -17.5 99.51 0.545 0x0000FF
-102.1 -11.67 100.64 -99.18 -14.95 99.96 0.545 0x0000FF
-103.92 -9.3 100.79 -102.1 -11.67 100.64 0.545 0x0000FF
-107.75 -6.39 101.4 -103.92 -9.3 100.79 0.545 0x0000FF
-112.31 -5.11 102.0 -107.75 -6.39 101.4 0.545 0x0000FF
-116.87 -2.0 102.23 -112.31 -5.11 102.0 0.545 0x0000FF
-118.88 -0.19 102.38 -116.87 -2.0 102.23 0.545 0x0000FF
-122.9 4.55 102.84 -118.88 -0.19 102.38 0.545 0x0000FF
-125.27 11.65 103.29 -122.9 4.55 102.84 0.545 0x0000FF
-126.73 17.85 103.75 -125.27 11.65 103.29 0.545 0x0000FF
-128.19 23.68 104.05 -126.73 17.85 103.75 0.545 0x0000FF
-128.55 27.69 104.58 -128.19 23.68 104.05 0.545 0x0000FF
-128.91 31.33 105.19 -128.55 27.69 104.58 0.545 0x0000FF
-129.28 36.61 105.19 -128.91 31.33 105.19 0.545 0x0000FF
-129.65 38.07 104.13 -129.28 36.61 105.19 0.545 0x0000FF
-130.19 40.61 103.07 -129.65 38.07 104.13 0.545 0x0000FF
-130.56 42.44 102.0 -130.19 40.61 103.07 0.545 0x0000FF
-131.07 43.95 99.35 -130.56 42.44 102.0 0.545 0x0000FF
-131.07 44.49 99.35 -131.07 43.95 99.35 0.545 0x0000FF
-131.07 45.41 98.6 -131.07 44.49 99.35 0.545 0x0000FF
-130.71 47.41 98.37 -131.07 45.41 98.6 0.545 0x0000FF
-130.34 48.87 97.76 -130.71 47.41 98.37 0.545 0x0000FF
-129.61 50.87 96.85 -130.34 48.87 97.76 0.545 0x0000FF
-129.25 52.33 96.4 -129.61 50.87 96.85 0.545 0x0000FF
-128.88 54.33 95.64 -129.25 52.33 96.4 0.455 0x0000FF
-128.15 55.06 92.46 -128.88 54.33 95.64 0.455 0x0000FF
-127.79 55.61 92.46 -128.15 55.06 92.46 0.455 0x0000FF
-127.42 56.16 92.23 -127.79 55.61 92.46 0.455 0x0000FF
-126.51 57.43 91.55 -127.42 56.16 92.23 0.455 0x0000FF
-125.23 58.89 91.02 -126.51 57.43 91.55 0.455 0x0000FF
-124.87 63.44 90.34 -125.23 58.89 91.02 0.455 0x0000FF
-126.33 65.63 90.19 -124.87 63.44 90.34 0.455 0x0000FF
-127.24 66.91 90.04 -126.33 65.63 90.19 0.455 0x0000FF
-127.61 68.36 89.73 -127.24 66.91 90.04 0.455 0x0000FF
-127.97 69.81 89.58 -127.61 68.36 89.73 0.455 0x0000FF
-128.88 71.81 89.51 -127.97 69.81 89.58 0.365 0x0000FF
-129.43 74.38 89.51 -128.88 71.81 89.51 0.365 0x0000FF
-131.07 76.2 89.51 -129.43 74.38 89.51 0.365 0x0000FF
-133.26 77.47 89.51 -131.07 76.2 89.51 0.275 0x0000FF
-73.59 -37.86 94.28 -73.09 -38.27 96.02 0.64 0x0000FF
-74.51 -37.49 94.96 -73.59 -37.86 94.28 0.64 0x0000FF
-75.06 -36.95 96.17 -74.51 -37.49 94.96 0.64 0x0000FF
-76.88 -36.04 92.23 -75.06 -36.95 96.17 0.545 0x0000FF
-77.98 -35.67 92.16 -76.88 -36.04 92.23 0.545 0x0000FF
-79.62 -34.94 91.93 -77.98 -35.67 92.16 0.545 0x0000FF
-81.99 -34.94 91.63 -79.62 -34.94 91.93 0.545 0x0000FF
-82.72 -35.13 90.49 -81.99 -34.94 91.63 0.545 0x0000FF
-83.63 -35.49 89.51 -82.72 -35.13 90.49 0.545 0x0000FF
-84.36 -35.49 88.75 -83.63 -35.49 89.51 0.545 0x0000FF
-85.28 -36.04 86.48 -84.36 -35.49 88.75 0.545 0x0000FF
-86.55 -35.49 85.42 -85.28 -36.04 86.48 0.545 0x0000FF
-87.83 -34.58 85.42 -86.55 -35.49 85.42 0.545 0x0000FF
-89.11 -32.94 84.73 -87.83 -34.58 85.42 0.545 0x0000FF
-89.66 -32.03 83.9 -89.11 -32.94 84.73 0.545 0x0000FF
-90.39 -31.3 83.6 -89.66 -32.03 83.9 0.545 0x0000FF
-91.3 -30.21 84.73 -90.39 -31.3 83.6 0.545 0x0000FF
-94.4 -27.47 87.08 -91.3 -30.21 84.73 0.545 0x0000FF
-95.13 -26.93 88.14 -94.4 -27.47 87.08 0.545 0x0000FF
-96.04 -26.02 89.2 -95.13 -26.93 88.14 0.545 0x0000FF
-99.14 -24.19 90.04 -96.04 -26.02 89.2 0.545 0x0000FF
-101.88 -23.1 91.17 -99.14 -24.19 90.04 0.545 0x0000FF
-108.08 -21.83 92.31 -101.88 -23.1 91.17 0.545 0x0000FF
-109.91 -21.1 92.46 -108.08 -21.83 92.31 0.545 0x0000FF
-112.83 -19.27 93.37 -109.91 -21.1 92.46 0.545 0x0000FF
-114.65 -17.09 93.82 -112.83 -19.27 93.37 0.545 0x0000FF
-115.56 -14.9 94.28 -114.65 -17.09 93.82 0.545 0x0000FF
-116.11 -13.44 95.49 -115.56 -14.9 94.28 0.545 0x0000FF
-116.66 -11.62 96.48 -116.11 -13.44 95.49 0.545 0x0000FF
-116.66 -10.16 97.46 -116.66 -11.62 96.48 0.545 0x0000FF
-116.66 -9.07 98.67 -116.66 -10.16 97.46 0.545 0x0000FF
-116.48 -7.98 99.28 -116.66 -9.07 98.67 0.545 0x0000FF
-116.48 -5.61 98.14 -116.48 -7.98 99.28 0.545 0x0000FF
-116.66 -4.88 97.08 -116.48 -5.61 98.14 0.545 0x0000FF
-116.84 -4.33 96.32 -116.66 -4.88 97.08 0.545 0x0000FF
-119.03 -2.33 95.94 -116.84 -4.33 96.32 0.365 0x0000FF
-119.76 -1.24 94.66 -119.03 -2.33 95.94 0.365 0x0000FF
-120.12 0.04 88.37 -119.76 -1.24 94.66 0.455 0x0000FF
-121.04 5.14 87.76 -120.12 0.04 88.37 0.455 0x0000FF
-122.31 10.24 87.46 -121.04 5.14 87.76 0.455 0x0000FF
-122.86 17.53 86.93 -122.31 10.24 87.46 0.455 0x0000FF
-122.31 23.91 86.48 -122.86 17.53 86.93 0.455 0x0000FF
-121.77 28.28 86.4 -122.31 23.91 86.48 0.455 0x0000FF
-120.12 34.65 85.72 -121.77 28.28 86.4 0.365 0x0000FF
-117.39 38.47 85.57 -120.12 34.65 85.72 0.365 0x0000FF
-114.65 41.58 85.49 -117.39 38.47 85.57 0.365 0x0000FF
-111.55 45.04 85.34 -114.65 41.58 85.49 0.365 0x0000FF
-105.35 47.96 85.04 -111.55 45.04 85.34 0.275 0x0000FF
-100.24 52.51 84.96 -105.35 47.96 85.04 0.275 0x0000FF
-94.58 54.15 84.66 -100.24 52.51 84.96 0.275 0x0000FF
-90.2 54.33 84.43 -94.58 54.15 84.66 0.275 0x0000FF
-76.52 -37.68 96.25 -75.06 -36.95 96.17 0.455 0x0000FF
-77.06 -37.49 96.63 -76.52 -37.68 96.25 0.455 0x0000FF
-77.61 -37.31 97.23 -77.06 -37.49 96.63 0.455 0x0000FF
-80.34 -36.95 85.26 -77.61 -37.31 97.23 0.455 0x0000FF
-81.08 -36.95 84.43 -80.34 -36.95 85.26 0.455 0x0000FF
-83.09 -36.22 83.75 -81.08 -36.95 84.43 0.455 0x0000FF
-85.46 -35.13 82.69 -83.09 -36.22 83.75 0.455 0x0000FF
-87.65 -34.58 82.01 -85.46 -35.13 82.69 0.455 0x0000FF
-93.12 -32.94 81.25 -87.65 -34.58 82.01 0.455 0x0000FF
-97.14 -31.85 80.11 -93.12 -32.94 81.25 0.455 0x0000FF
-101.33 -30.94 80.11 -97.14 -31.85 80.11 0.455 0x0000FF
-104.98 -30.57 79.36 -101.33 -30.94 80.11 0.455 0x0000FF
-111.55 -30.57 78.9 -104.98 -30.57 79.36 0.455 0x0000FF
-123.04 -30.57 78.45 -111.55 -30.57 78.9 0.455 0x0000FF
-131.62 -30.39 78.22 -123.04 -30.57 78.45 0.455 0x0000FF
-145.66 -28.57 76.78 -131.62 -30.39 78.22 0.455 0x0000FF
-148.59 -28.2 75.8 -145.66 -28.57 76.78 0.455 0x0000FF
-153.51 -27.84 75.42 -148.59 -28.2 75.8 0.455 0x0000FF
-164.28 -27.84 74.2 -153.51 -27.84 75.42 0.455 0x0000FF
-174.5 -27.84 73.67 -164.28 -27.84 74.2 0.455 0x0000FF
-184.35 -26.02 72.84 -174.5 -27.84 73.67 0.455 0x0000FF
-188.0 -25.47 72.08 -184.35 -26.02 72.84 0.455 0x0000FF
-190.73 -24.56 71.25 -188.0 -25.47 72.08 0.455 0x0000FF
-194.38 -24.01 70.42 -190.73 -24.56 71.25 0.455 0x0000FF
-196.21 -23.47 69.58 -194.38 -24.01 70.42 0.455 0x0000FF
-199.67 -22.37 68.45 -196.21 -23.47 69.58 0.455 0x0000FF
-203.51 -20.37 67.61 -199.67 -22.37 68.45 0.455 0x0000FF
-207.88 -16.54 66.02 -203.51 -20.37 67.61 0.365 0x0000FF
-210.62 -15.63 65.48 -207.88 -16.54 66.02 0.365 0x0000FF
-213.36 -15.08 64.81 -210.62 -15.63 65.48 0.365 0x0000FF
-215.73 -14.17 64.13 -213.36 -15.08 64.81 0.365 0x0000FF
-219.56 -12.53 62.84 -215.73 -14.17 64.13 0.365 0x0000FF
-219.93 -11.99 61.86 -219.56 -12.53 62.84 0.365 0x0000FF
-220.29 -10.35 61.25 -219.93 -11.99 61.86 0.365 0x0000FF
-220.29 -7.43 61.55 -220.29 -10.35 61.25 0.365 0x0000FF
-219.56 -2.69 62.24 -220.29 -7.43 61.55 0.365 0x0000FF
-218.65 2.41 62.46 -219.56 -2.69 62.24 0.365 0x0000FF
-216.64 6.23 62.84 -218.65 2.41 62.46 0.365 0x0000FF
-212.45 9.51 63.15 -216.64 6.23 62.84 0.365 0x0000FF
-209.89 10.79 63.9 -212.45 9.51 63.15 0.365 0x0000FF
-207.34 12.61 64.28 -209.89 10.79 63.9 0.365 0x0000FF
-204.24 15.34 64.51 -207.34 12.61 64.28 0.365 0x0000FF
-203.69 16.44 66.02 -204.24 15.34 64.51 0.365 0x0000FF
-202.23 17.35 66.25 -203.69 16.44 66.02 0.365 0x0000FF
-201.32 18.8 66.48 -202.23 17.35 66.25 0.365 0x0000FF
-200.22 21.72 66.55 -201.32 18.8 66.48 0.275 0x0000FF
-200.22 24.64 66.7 -200.22 21.72 66.55 0.275 0x0000FF
-60.22 -55.37 76.93 -53.08 -59.39 77.33 0.82 0x0000FF
-60.95 -54.64 77.16 -60.22 -55.37 76.93 0.82 0x0000FF
-62.41 -53.73 77.31 -60.95 -54.64 77.16 0.82 0x0000FF
-63.14 -53.36 77.61 -62.41 -53.73 77.31 0.82 0x0000FF
-64.05 -52.82 78.22 -63.14 -53.36 77.61 0.82 0x0000FF
-66.97 -51.54 78.75 -64.05 -52.82 78.22 0.82 0x0000FF
-67.33 -50.99 79.2 -66.97 -51.54 78.75 0.82 0x0000FF
-68.23 -50.63 79.58 -67.33 -50.99 79.2 0.82 0x0000FF
-68.79 -50.45 79.81 -68.23 -50.63 79.58 0.82 0x0000FF
-69.52 -50.08 79.58 -68.79 -50.45 79.81 0.82 0x0000FF
-70.06 -49.9 79.28 -69.52 -50.08 79.58 0.82 0x0000FF
-71.53 -49.35 77.54 -70.06 -49.9 79.28 0.82 0x0000FF
-72.26 -49.17 76.86 -71.53 -49.35 77.54 0.82 0x0000FF
-72.26 -49.17 75.87 -72.26 -49.17 76.86 0.82 0x0000FF
-72.81 -48.99 74.28 -72.26 -49.17 75.87 0.82 0x0000FF
-73.34 -48.81 73.59 -72.81 -48.99 74.28 0.82 0x0000FF
-74.26 -48.81 73.14 -73.34 -48.81 73.59 0.82 0x0000FF
-74.63 -48.81 72.31 -74.26 -48.81 73.14 0.82 0x0000FF
-75.54 -47.53 71.63 -74.63 -48.81 72.31 0.73 0x0000FF
-76.27 -46.99 70.8 -75.54 -47.53 71.63 0.73 0x0000FF
-76.64 -46.62 70.27 -76.27 -46.99 70.8 0.73 0x0000FF
-77.55 -44.43 68.52 -76.64 -46.62 70.27 0.545 0x0000FF
-77.73 -43.89 68.06 -77.55 -44.43 68.52 0.545 0x0000FF
-78.45 -43.16 67.92 -77.73 -43.89 68.06 0.545 0x0000FF
-79.19 -42.43 67.45 -78.45 -43.16 67.92 0.545 0x0000FF
-79.56 -41.88 66.93 -79.19 -42.43 67.45 0.545 0x0000FF
-80.29 -41.52 65.48 -79.56 -41.88 66.93 0.545 0x0000FF
-80.83 -40.97 64.51 -80.29 -41.52 65.48 0.545 0x0000FF
-81.75 -40.61 63.52 -80.83 -40.97 64.51 0.545 0x0000FF
-81.75 -40.43 62.24 -81.75 -40.61 63.52 0.545 0x0000FF
-82.29 -40.06 61.48 -81.75 -40.43 62.24 0.545 0x0000FF
-83.57 -39.7 60.95 -82.29 -40.06 61.48 0.455 0x0000FF
-84.66 -39.33 60.42 -83.57 -39.7 60.95 0.455 0x0000FF
-77.55 -49.17 76.4 -74.63 -48.81 72.31 0.455 0x0000FF
-79.01 -48.81 77.54 -77.55 -49.17 76.4 0.455 0x0000FF
-79.56 -48.81 78.22 -79.01 -48.81 77.54 0.455 0x0000FF
-81.93 -49.17 78.52 -79.56 -48.81 78.22 0.455 0x0000FF
-83.57 -49.17 76.7 -81.93 -49.17 78.52 0.365 0x0000FF
-84.3 -49.35 76.02 -83.57 -49.17 76.7 0.365 0x0000FF
-85.76 -49.35 75.56 -84.3 -49.35 76.02 0.365 0x0000FF
-88.13 -48.99 75.04 -85.76 -49.35 75.56 0.365 0x0000FF
-89.96 -48.81 74.58 -88.13 -48.99 75.04 0.365 0x0000FF
-91.42 -48.81 74.2 -89.96 -48.81 74.58 0.365 0x0000FF
-92.69 -48.99 73.67 -91.42 -48.81 74.2 0.365 0x0000FF
-95.06 -48.99 73.14 -92.69 -48.99 73.67 0.365 0x0000FF
-96.34 -49.17 72.84 -95.06 -48.99 73.14 0.365 0x0000FF
-97.25 -49.35 74.13 -96.34 -49.17 72.84 0.365 0x0000FF
-98.35 -49.35 76.4 -97.25 -49.35 74.13 0.365 0x0000FF
-98.9 -49.35 77.08 -98.35 -49.35 76.4 0.365 0x0000FF
-100.36 -49.35 78.59 -98.9 -49.35 77.08 0.365 0x0000FF
-101.09 -49.35 79.2 -100.36 -49.35 78.59 0.365 0x0000FF
-102.91 -49.35 80.26 -101.09 -49.35 79.2 0.365 0x0000FF
-104.92 -48.99 81.33 -102.91 -49.35 80.26 0.365 0x0000FF
-106.38 -49.17 82.08 -104.92 -48.99 81.33 0.365 0x0000FF
-108.02 -48.63 83.22 -106.38 -49.17 82.08 0.365 0x0000FF
-110.03 -47.71 83.75 -108.02 -48.63 83.22 0.365 0x0000FF
-111.3 -47.17 84.73 -110.03 -47.71 83.75 0.365 0x0000FF
-112.03 -46.99 85.49 -111.3 -47.17 84.73 0.365 0x0000FF
-112.94 -46.44 86.48 -112.03 -46.99 85.49 0.365 0x0000FF
-81.93 -48.99 77.08 -81.93 -49.17 78.52 0.365 0x0000FF
-81.93 -48.99 76.63 -81.93 -48.99 77.08 0.365 0x0000FF
-82.48 -48.63 75.72 -81.93 -48.99 76.63 0.365 0x0000FF
-82.66 -48.44 74.66 -82.48 -48.63 75.72 0.365 0x0000FF
-83.2 -48.08 74.13 -82.66 -48.44 74.66 0.365 0x0000FF
-84.12 -47.9 73.83 -83.2 -48.08 74.13 0.365 0x0000FF
-85.03 -47.35 73.59 -84.12 -47.9 73.83 0.365 0x0000FF
-85.94 -46.99 73.3 -85.03 -47.35 73.59 0.365 0x0000FF
-87.58 -46.44 72.77 -85.94 -46.99 73.3 0.365 0x0000FF
-90.32 -45.71 72.16 -87.58 -46.44 72.77 0.365 0x0000FF
-92.51 -44.8 71.55 -90.32 -45.71 72.16 0.365 0x0000FF
-95.43 -43.89 71.09 -92.51 -44.8 71.55 0.365 0x0000FF
-97.44 -43.34 70.64 -95.43 -43.89 71.09 0.365 0x0000FF
-99.44 -42.8 69.95 -97.44 -43.34 70.64 0.365 0x0000FF
-103.46 -42.25 69.05 -99.44 -42.8 69.95 0.365 0x0000FF
-105.83 -41.88 68.45 -103.46 -42.25 69.05 0.365 0x0000FF
-108.02 -41.7 67.45 -105.83 -41.88 68.45 0.365 0x0000FF
-110.57 -41.34 66.63 -108.02 -41.7 67.45 0.365 0x0000FF
-113.67 -41.16 65.8 -110.57 -41.34 66.63 0.365 0x0000FF
-114.4 -41.16 65.19 -113.67 -41.16 65.8 0.365 0x0000FF
-126.45 -42.8 64.51 -114.4 -41.16 65.19 0.365 0x0000FF
-131.37 -43.52 63.98 -126.45 -42.8 64.51 0.365 0x0000FF
-133.93 -43.71 63.45 -131.37 -43.52 63.98 0.365 0x0000FF
-136.3 -43.71 63.07 -133.93 -43.71 63.45 0.365 0x0000FF
-140.13 -43.89 62.46 -136.3 -43.71 63.07 0.365 0x0000FF
-153.08 -44.43 61.55 -140.13 -43.89 62.46 0.365 0x0000FF
-164.03 -46.07 61.02 -153.08 -44.43 61.55 0.365 0x0000FF
-174.43 -49.17 59.81 -164.03 -46.07 61.02 0.365 0x0000FF
-180.27 -50.63 59.21 -174.43 -49.17 59.81 0.365 0x0000FF
-181.36 -51.36 58.52 -180.27 -50.63 59.21 0.365 0x0000FF
-184.14 -52.57 57.69 -181.36 -51.36 58.52 0.365 0x0000FF
-58.06 -50.2 76.09 -53.08 -59.39 77.33 1.46 0x0000FF
-58.25 -48.92 76.09 -58.06 -50.2 76.09 1.46 0x0000FF
-58.43 -48.37 76.09 -58.25 -48.92 76.09 1.46 0x0000FF
-58.98 -47.28 76.09 -58.43 -48.37 76.09 1.46 0x0000FF
-58.98 -46.01 76.09 -58.98 -47.28 76.09 1.005 0x0000FF
-59.71 -42.18 76.4 -58.98 -46.01 76.09 0.91 0x0000FF
-60.62 -37.26 76.78 -59.71 -42.18 76.4 0.82 0x0000FF
-60.98 -32.52 77.45 -60.62 -37.26 76.78 0.82 0x0000FF
-61.17 -28.15 77.98 -60.98 -32.52 77.45 0.73 0x0000FF
-61.17 -23.6 78.52 -61.17 -28.15 77.98 0.73 0x0000FF
-60.98 -22.14 77.84 -61.17 -23.6 78.52 0.73 0x0000FF
-60.62 -19.95 77.45 -60.98 -22.14 77.84 0.64 0x0000FF
-60.62 -18.3 76.7 -60.62 -19.95 77.45 0.64 0x0000FF
-60.25 -17.22 76.25 -60.62 -18.3 76.7 0.64 0x0000FF
-60.25 -15.76 74.81 -60.25 -17.22 76.25 0.64 0x0000FF
-59.89 -13.76 74.05 -60.25 -15.76 74.81 0.64 0x0000FF
-58.79 -8.28 73.67 -59.89 -13.76 74.05 0.545 0x0000FF
-58.25 -5.74 73.37 -58.79 -8.28 73.67 0.545 0x0000FF
-58.06 -4.09 73.06 -58.25 -5.74 73.37 0.455 0x0000FF
-58.06 -2.82 72.77 -58.06 -4.09 73.06 0.365 0x0000FF
-57.88 -1.18 72.54 -58.06 -2.82 72.77 0.365 0x0000FF
-51.96 -73.56 82.46 -53.08 -59.39 77.33 2.1 0x0000FF
-52.32 -75.94 82.76 -51.96 -73.56 82.46 2.1 0x0000FF
-52.32 -79.04 83.29 -52.32 -75.94 82.76 2.1 0x0000FF
-51.77 -82.86 83.82 -52.32 -79.04 83.29 2.1 0x0000FF
-51.41 -86.69 84.28 -51.77 -82.86 83.82 2.1 0x0000FF
-50.86 -89.24 84.73 -51.41 -86.69 84.28 2.1 0x0000FF
-50.5 -91.97 85.04 -50.86 -89.24 84.73 2.1 0x0000FF
-49.95 -93.8 85.26 -50.5 -91.97 85.04 2.1 0x0000FF
-49.59 -96.16 85.57 -49.95 -93.8 85.26 2.1 0x0000FF
-49.4 -97.62 85.87 -49.59 -96.16 85.57 2.1 0x0000FF
-49.04 -100.17 86.1 -49.4 -97.62 85.87 2.1 0x0000FF
-48.49 -103.09 86.32 -49.04 -100.17 86.1 2.1 0x0000FF
-48.49 -104.91 86.63 -48.49 -103.09 86.32 2.1 0x0000FF
-48.49 -108.01 86.93 -48.49 -104.91 86.63 2.1 0x0000FF
-48.49 -113.11 87.16 -48.49 -108.01 86.93 2.1 0x0000FF
-48.49 -117.66 87.54 -48.49 -113.11 87.16 2.1 0x0000FF
-48.49 -118.94 86.78 -48.49 -117.66 87.54 2.1 0x0000FF
-48.49 -120.94 87.76 -48.49 -118.94 86.78 2.1 0x0000FF
-47.03 -122.04 87.99 -48.49 -120.94 87.76 0.82 0x0000FF
-45.39 -122.4 88.22 -47.03 -122.04 87.99 0.82 0x0000FF
-42.83 -122.77 88.45 -45.39 -122.4 88.22 0.82 0x0000FF
-41.37 -123.49 88.6 -42.83 -122.77 88.45 0.82 0x0000FF
-39.36 -125.32 88.67 -41.37 -123.49 88.6 0.82 0x0000FF
-36.81 -127.14 88.22 -39.36 -125.32 88.67 0.82 0x0000FF
-34.81 -128.6 87.92 -36.81 -127.14 88.22 0.82 0x0000FF
-33.15 -130.05 87.46 -34.81 -128.6 87.92 0.64 0x0000FF
-30.25 -132.41 87.01 -33.15 -130.05 87.46 0.64 0x0000FF
-26.23 -135.34 86.85 -30.25 -132.41 87.01 0.64 0x0000FF
-23.68 -137.34 87.31 -26.23 -135.34 86.85 0.64 0x0000FF
-21.12 -139.71 87.54 -23.68 -137.34 87.31 0.64 0x0000FF
-18.93 -141.9 87.54 -21.12 -139.71 87.54 0.64 0x0000FF
-17.47 -143.35 87.23 -18.93 -141.9 87.54 0.64 0x0000FF
-16.38 -145.72 87.01 -17.47 -143.35 87.23 0.64 0x0000FF
-12.91 -150.1 86.48 -16.38 -145.72 87.01 0.64 0x0000FF
-11.45 -153.38 86.1 -12.91 -150.1 86.48 0.64 0x0000FF
-10.36 -155.74 85.95 -11.45 -153.38 86.1 0.64 0x0000FF
-8.9 -160.47 85.57 -10.36 -155.74 85.95 0.64 0x0000FF
-7.8 -162.66 85.42 -8.9 -160.47 85.57 0.64 0x0000FF
-6.16 -164.49 85.04 -7.8 -162.66 85.42 0.64 0x0000FF
-5.43 -165.76 84.81 -6.16 -164.49 85.04 0.64 0x0000FF
-4.34 -167.4 84.66 -5.43 -165.76 84.81 0.64 0x0000FF
-3.79 -167.95 85.04 -4.34 -167.4 84.66 0.64 0x0000FF
-3.06 -169.04 85.95 -3.79 -167.95 85.04 0.64 0x0000FF
-2.33 -169.77 86.32 -3.06 -169.04 85.95 0.64 0x0000FF
0.22 -172.69 86.48 -2.33 -169.77 86.32 0.64 0x0000FF
3.33 -175.06 87.01 0.22 -172.69 86.48 0.64 0x0000FF
6.98 -177.43 87.31 3.33 -175.06 87.01 0.64 0x0000FF
8.61 -179.25 87.46 6.98 -177.43 87.31 0.64 0x0000FF
9.89 -181.25 87.46 8.61 -179.25 87.46 0.64 0x0000FF
10.99 -183.62 87.46 9.89 -181.25 87.46 0.64 0x0000FF
11.9 -186.35 87.46 10.99 -183.62 87.46 0.365 0x0000FF
13.36 -188.54 87.46 11.9 -186.35 87.46 0.365 0x0000FF
15.55 -189.63 87.46 13.36 -188.54 87.46 0.365 0x0000FF
19.2 -192.18 87.46 15.55 -189.63 87.46 0.365 0x0000FF
21.39 -195.65 87.46 19.2 -192.18 87.46 0.365 0x0000FF
-10.18 -161.21 85.49 -8.9 -160.47 85.57 0.455 0x0000FF
-11.27 -161.76 85.42 -10.18 -161.21 85.49 0.455 0x0000FF
-11.82 -162.3 85.42 -11.27 -161.76 85.42 0.455 0x0000FF
-12.91 -163.58 85.42 -11.82 -162.3 85.42 0.455 0x0000FF
-14.01 -164.13 85.42 -12.91 -163.58 85.42 0.455 0x0000FF
-14.92 -164.49 85.04 -14.01 -164.13 85.42 0.455 0x0000FF
-16.2 -164.49 85.04 -14.92 -164.49 85.04 0.455 0x0000FF
-17.66 -165.04 84.73 -16.2 -164.49 85.04 0.455 0x0000FF
-19.12 -165.22 84.2 -17.66 -165.04 84.73 0.455 0x0000FF
-20.94 -165.4 84.2 -19.12 -165.22 84.2 0.455 0x0000FF
-23.86 -166.13 84.05 -20.94 -165.4 84.2 0.455 0x0000FF
-25.68 -166.86 84.05 -23.86 -166.13 84.05 0.455 0x0000FF
-27.51 -167.77 84.05 -25.68 -166.86 84.05 0.455 0x0000FF
-28.6 -168.68 84.05 -27.51 -167.77 84.05 0.455 0x0000FF
-29.7 -170.32 84.05 -28.6 -168.68 84.05 0.455 0x0000FF
-30.43 -172.14 84.05 -29.7 -170.32 84.05 0.455 0x0000FF
-30.97 -173.78 83.98 -30.43 -172.14 84.05 0.455 0x0000FF
-31.89 -176.15 83.9 -30.97 -173.78 83.98 0.455 0x0000FF
-32.43 -178.7 83.9 -31.89 -176.15 83.9 0.455 0x0000FF
-33.35 -181.07 83.37 -32.43 -178.7 83.9 0.455 0x0000FF
-33.35 -181.98 83.37 -33.35 -181.07 83.37 0.455 0x0000FF
-33.53 -183.07 83.37 -33.35 -181.98 83.37 0.455 0x0000FF
-33.71 -185.08 82.76 -33.53 -183.07 83.37 0.455 0x0000FF
-34.08 -186.9 82.69 -33.71 -185.08 82.76 0.455 0x0000FF
-34.81 -189.45 82.69 -34.08 -186.9 82.69 0.455 0x0000FF
-35.35 -191.46 82.69 -34.81 -189.45 82.69 0.455 0x0000FF
-36.08 -192.91 82.69 -35.35 -191.46 82.69 0.455 0x0000FF
-36.45 -194.19 82.46 -36.08 -192.91 82.69 0.455 0x0000FF
-36.63 -196.01 82.46 -36.45 -194.19 82.46 0.455 0x0000FF
-37.0 -197.29 82.31 -36.63 -196.01 82.46 0.455 0x0000FF
-37.63 -198.71 82.01 -37.0 -197.29 82.31 0.365 0x0000FF
-37.81 -199.62 81.86 -37.63 -198.71 82.01 0.365 0x0000FF
-37.81 -200.17 81.7 -37.81 -199.62 81.86 0.365 0x0000FF
-38.18 -200.9 81.55 -37.81 -200.17 81.7 0.365 0x0000FF
-38.54 -201.81 81.25 -38.18 -200.9 81.55 0.365 0x0000FF
-38.72 -202.54 80.87 -38.54 -201.81 81.25 0.365 0x0000FF
-39.46 -203.81 80.87 -38.72 -202.54 80.87 0.365 0x0000FF
-40.54 -205.09 80.87 -39.46 -203.81 80.87 0.365 0x0000FF
-48.58 -123.28 87.69 -48.49 -120.94 87.76 1.64 0x0000FF
-48.76 -126.2 87.69 -48.58 -123.28 87.69 1.64 0x0000FF
-48.94 -130.38 87.69 -48.76 -126.2 87.69 1.64 0x0000FF
-48.94 -133.85 87.69 -48.94 -130.38 87.69 1.64 0x0000FF
-49.13 -143.51 87.99 -48.94 -133.85 87.69 1.64 0x0000FF
-47.12 -154.44 88.45 -49.13 -143.51 87.99 1.64 0x0000FF
-47.12 -163.91 88.82 -47.12 -154.44 88.45 1.64 0x0000FF
-46.57 -172.48 89.28 -47.12 -163.91 88.82 1.64 0x0000FF
-45.48 -191.24 89.51 -46.57 -172.48 89.28 1.64 0x0000FF
-45.29 -197.44 89.81 -45.48 -191.24 89.51 1.64 0x0000FF
-45.48 -201.44 90.11 -45.29 -197.44 89.81 1.64 0x0000FF
-45.11 -205.45 91.02 -45.48 -201.44 90.11 1.64 0x0000FF
-45.48 -207.46 91.02 -45.11 -205.45 91.02 1.64 0x0000FF
-46.21 -210.01 91.02 -45.48 -207.46 91.02 1.64 0x0000FF
-46.94 -212.56 91.1 -46.21 -210.01 91.02 1.64 0x0000FF
-47.48 -214.93 91.1 -46.94 -212.56 91.1 1.64 0x0000FF
-47.67 -215.66 91.17 -47.48 -214.93 91.1 1.64 0x0000FF
-48.03 -217.66 91.25 -47.67 -215.66 91.17 1.64 0x0000FF
-49.49 -223.13 91.17 -48.03 -217.66 91.25 1.64 0x0000FF
-49.67 -226.59 90.64 -49.49 -223.13 91.17 1.64 0x0000FF
-51.68 -232.6 90.42 -49.67 -226.59 90.64 1.64 0x0000FF
-52.78 -237.52 90.11 -51.68 -232.6 90.42 1.64 0x0000FF
-53.14 -239.34 90.11 -52.78 -237.52 90.11 1.64 0x0000FF
-54.6 -240.98 90.49 -53.14 -239.34 90.11 0.91 0x0000FF
-54.78 -241.35 90.95 -54.6 -240.98 90.49 0.91 0x0000FF
-56.97 -242.26 92.46 -54.78 -241.35 90.95 0.64 0x0000FF
-59.53 -242.8 92.54 -56.97 -242.26 92.46 0.64 0x0000FF
-63.36 -244.08 92.76 -59.53 -242.8 92.54 0.64 0x0000FF
-66.64 -245.72 92.99 -63.36 -244.08 92.76 0.545 0x0000FF
-68.09 -246.45 92.54 -66.64 -245.72 92.99 0.545 0x0000FF
-68.47 -246.81 91.7 -68.09 -246.45 92.54 0.545 0x0000FF
-69.56 -247.18 91.32 -68.47 -246.81 91.7 0.545 0x0000FF
-70.29 -247.72 90.79 -69.56 -247.18 91.32 0.545 0x0000FF
-71.93 -248.45 91.63 -70.29 -247.72 90.79 0.545 0x0000FF
-73.39 -249.36 92.91 -71.93 -248.45 91.63 0.545 0x0000FF
-74.12 -249.91 93.52 -73.39 -249.36 92.91 0.545 0x0000FF
-74.84 -250.46 93.98 -74.12 -249.91 93.52 0.545 0x0000FF
-75.58 -251.37 94.28 -74.84 -250.46 93.98 0.545 0x0000FF
-76.13 -251.73 94.66 -75.58 -251.37 94.28 0.545 0x0000FF
-76.86 -252.28 95.04 -76.13 -251.73 94.66 0.545 0x0000FF
-77.41 -252.64 95.49 -76.86 -252.28 95.04 0.545 0x0000FF
-78.31 -253.19 95.72 -77.41 -252.64 95.49 0.545 0x0000FF
-79.78 -254.1 97.01 -78.31 -253.19 95.72 0.545 0x0000FF
-81.23 -254.83 97.38 -79.78 -254.1 97.01 0.545 0x0000FF
-83.79 -256.1 97.84 -81.23 -254.83 97.38 0.545 0x0000FF
-85.62 -256.83 97.91 -83.79 -256.1 97.84 0.545 0x0000FF
-87.81 -257.56 98.22 -85.62 -256.83 97.91 0.545 0x0000FF
-90.54 -258.66 98.6 -87.81 -257.56 98.22 0.545 0x0000FF
-91.27 -259.02 98.97 -90.54 -258.66 98.6 0.545 0x0000FF
-92.92 -259.57 99.51 -91.27 -259.02 98.97 0.545 0x0000FF
-94.92 -260.48 100.26 -92.92 -259.57 99.51 0.545 0x0000FF
-96.93 -261.39 100.49 -94.92 -260.48 100.26 0.545 0x0000FF
-98.02 -261.57 100.79 -96.93 -261.39 100.49 0.545 0x0000FF
-99.12 -262.12 101.25 -98.02 -261.57 100.79 0.545 0x0000FF
-100.58 -262.3 101.85 -99.12 -262.12 101.25 0.545 0x0000FF
-102.4 -262.85 102.23 -100.58 -262.3 101.85 0.545 0x0000FF
-104.77 -263.39 102.69 -102.4 -262.85 102.23 0.545 0x0000FF
-106.78 -264.12 103.44 -104.77 -263.39 102.69 0.455 0x0000FF
-108.06 -264.3 103.82 -106.78 -264.12 103.44 0.455 0x0000FF
-109.15 -264.85 104.28 -108.06 -264.3 103.82 0.455 0x0000FF
-109.7 -265.2 104.88 -109.15 -264.85 104.28 0.455 0x0000FF
-112.07 -265.94 105.11 -109.7 -265.2 104.88 0.455 0x0000FF
-112.62 -266.31 105.34 -112.07 -265.94 105.11 0.455 0x0000FF
-113.9 -266.67 105.64 -112.62 -266.31 105.34 0.455 0x0000FF
-114.08 -266.85 106.25 -113.9 -266.67 105.64 0.365 0x0000FF
-115.54 -267.39 106.78 -114.08 -266.85 106.25 0.365 0x0000FF
-116.63 -267.77 107.31 -115.54 -267.39 106.78 0.365 0x0000FF
-118.64 -268.31 107.84 -116.63 -267.77 107.31 0.365 0x0000FF
-120.47 -268.86 108.22 -118.64 -268.31 107.84 0.365 0x0000FF
-121.2 -269.22 108.44 -120.47 -268.86 108.22 0.365 0x0000FF
-121.93 -269.41 108.82 -121.2 -269.22 108.44 0.365 0x0000FF
-123.2 -269.41 109.28 -121.93 -269.41 108.82 0.365 0x0000FF
-125.03 -269.77 109.5 -123.2 -269.41 109.28 0.365 0x0000FF
-126.67 -270.5 109.66 -125.03 -269.77 109.5 0.365 0x0000FF
-130.32 -272.14 110.19 -126.67 -270.5 109.66 0.365 0x0000FF
-132.51 -273.6 110.49 -130.32 -272.14 110.19 0.365 0x0000FF
-135.43 -275.42 110.79 -132.51 -273.6 110.49 0.365 0x0000FF
-139.08 -278.14 111.02 -135.43 -275.42 110.79 0.365 0x0000FF
-143.27 -282.33 111.63 -139.08 -278.14 111.02 0.365 0x0000FF
-145.1 -283.62 111.78 -143.27 -282.33 111.63 0.365 0x0000FF
-146.74 -285.8 111.93 -145.1 -283.62 111.78 0.365 0x0000FF
-153.81 -294.89 112.46 -146.74 -285.8 111.93 0.365 0x0000FF
-155.63 -300.37 112.91 -153.81 -294.89 112.46 0.365 0x0000FF
-156.54 -302.01 112.91 -155.63 -300.37 112.91 0.365 0x0000FF
-158.72 -306.01 113.29 -156.54 -302.01 112.91 0.365 0x0000FF
-165.3 -314.2 113.52 -158.72 -306.01 113.29 0.365 0x0000FF
-167.31 -316.04 113.75 -165.3 -314.2 113.52 0.365 0x0000FF
-169.68 -318.22 113.97 -167.31 -316.04 113.75 0.365 0x0000FF
-172.78 -321.87 114.35 -169.68 -318.22 113.97 0.365 0x0000FF
-175.52 -326.06 114.58 -172.78 -321.87 114.35 0.365 0x0000FF
-179.9 -330.43 114.73 -175.52 -326.06 114.58 0.365 0x0000FF
-186.28 -334.07 114.96 -179.9 -330.43 114.73 0.365 0x0000FF
-193.03 -341.54 115.26 -186.28 -334.07 114.96 0.365 0x0000FF
-196.13 -344.64 115.49 -193.03 -341.54 115.26 0.365 0x0000FF
-198.87 -346.64 115.79 -196.13 -344.64 115.49 0.365 0x0000FF
-204.16 -352.47 115.94 -198.87 -346.64 115.79 0.365 0x0000FF
-207.45 -359.95 116.09 -204.16 -352.47 115.94 0.365 0x0000FF
-208.72 -363.59 116.93 -207.45 -359.95 116.09 0.365 0x0000FF
-212.56 -366.5 116.93 -208.72 -363.59 116.93 0.365 0x0000FF
-55.83 -241.52 91.4 -54.78 -241.35 90.95 0.365 0x0000FF
-56.74 -241.88 91.4 -55.83 -241.52 91.4 0.365 0x0000FF
-57.84 -242.06 91.4 -56.74 -241.88 91.4 0.365 0x0000FF
-60.02 -242.61 91.4 -57.84 -242.06 91.4 0.365 0x0000FF
-61.3 -242.79 91.4 -60.02 -242.61 91.4 0.365 0x0000FF
-63.13 -243.34 91.48 -61.3 -242.79 91.4 0.365 0x0000FF
-64.04 -243.52 91.48 -63.13 -243.34 91.48 0.365 0x0000FF
-67.51 -244.07 91.48 -64.04 -243.52 91.48 0.365 0x0000FF
-69.88 -244.98 91.48 -67.51 -244.07 91.48 0.365 0x0000FF
-70.79 -245.34 91.48 -69.88 -244.98 91.48 0.365 0x0000FF
-72.25 -246.62 91.48 -70.79 -245.34 91.48 0.365 0x0000FF
-73.53 -247.71 91.48 -72.25 -246.62 91.48 0.365 0x0000FF
-74.26 -248.8 91.48 -73.53 -247.71 91.48 0.365 0x0000FF
-76.08 -252.08 91.48 -74.26 -248.8 91.48 0.365 0x0000FF
-79.18 -255.18 91.48 -76.08 -252.08 91.48 0.275 0x0000FF
-80.28 -255.54 91.55 -79.18 -255.18 91.48 0.275 0x0000FF
-82.83 -255.54 91.55 -80.28 -255.54 91.55 0.275 0x0000FF
-85.75 -255.54 91.55 -82.83 -255.54 91.55 0.275 0x0000FF
-88.49 -256.45 91.55 -85.75 -255.54 91.55 0.275 0x0000FF
-90.86 -258.1 91.55 -88.49 -256.45 91.55 0.275 0x0000FF
-52.91 -240.6 90.11 -53.14 -239.34 90.11 1.825 0x0000FF
-54.0 -243.88 90.26 -52.91 -240.6 90.11 1.825 0x0000FF
-53.82 -246.62 90.34 -54.0 -243.88 90.26 1.825 0x0000FF
-54.19 -257.18 90.72 -53.82 -246.62 90.34 1.825 0x0000FF
-53.46 -263.38 90.79 -54.19 -257.18 90.72 1.825 0x0000FF
-53.82 -271.2 90.87 -53.46 -263.38 90.79 1.825 0x0000FF
-54.0 -274.49 90.87 -53.82 -271.2 90.87 1.735 0x0000FF
-54.0 -278.87 90.95 -54.0 -274.49 90.87 1.64 0x0000FF
-55.1 -285.24 91.02 -54.0 -278.87 90.95 1.64 0x0000FF
-55.83 -293.44 91.32 -55.1 -285.24 91.02 1.64 0x0000FF
-57.47 -302.92 91.32 -55.83 -293.44 91.32 1.64 0x0000FF
-59.11 -315.85 91.7 -57.47 -302.92 91.32 1.64 0x0000FF
-60.57 -325.87 91.93 -59.11 -315.85 91.7 1.64 0x0000FF
-62.94 -338.99 92.54 -60.57 -325.87 91.93 1.64 0x0000FF
-65.31 -349.74 92.76 -62.94 -338.99 92.54 1.64 0x0000FF
-66.23 -354.3 92.76 -65.31 -349.74 92.76 1.64 0x0000FF
-67.31 -355.03 91.63 -66.23 -354.3 92.76 0.91 0x0000FF
-68.59 -356.48 91.55 -67.31 -355.03 91.63 0.91 0x0000FF
-70.06 -357.94 91.32 -68.59 -356.48 91.55 0.91 0x0000FF
-71.15 -359.22 91.1 -70.06 -357.94 91.32 0.91 0x0000FF
-72.98 -360.86 90.87 -71.15 -359.22 91.1 0.91 0x0000FF
-74.8 -362.86 90.87 -72.98 -360.86 90.87 0.91 0x0000FF
-75.34 -363.22 90.72 -74.8 -362.86 90.87 0.91 0x0000FF
-76.08 -363.77 90.34 -75.34 -363.22 90.72 0.91 0x0000FF
-76.63 -364.32 90.26 -76.08 -363.77 90.34 0.91 0x0000FF
-77.18 -364.86 90.64 -76.63 -364.32 90.26 0.91 0x0000FF
-77.54 -365.23 91.32 -77.18 -364.86 90.64 0.91 0x0000FF
-78.45 -366.32 90.79 -77.54 -365.23 91.32 0.91 0x0000FF
-79.0 -367.05 90.11 -78.45 -366.32 90.79 0.91 0x0000FF
-79.18 -367.42 89.2 -79.0 -367.05 90.11 0.91 0x0000FF
-79.18 -367.96 87.76 -79.18 -367.42 89.2 0.91 0x0000FF
-79.91 -368.69 86.63 -79.18 -367.96 87.76 0.91 0x0000FF
-80.09 -369.78 86.1 -79.91 -368.69 86.63 0.91 0x0000FF
-80.64 -371.97 85.11 -80.09 -369.78 86.1 0.91 0x0000FF
-80.81 -372.7 84.89 -80.64 -371.97 85.11 0.91 0x0000FF
-81.19 -373.43 84.58 -80.81 -372.7 84.89 1.095 0x0000FF
-81.19 -374.34 84.66 -81.19 -373.43 84.58 1.095 0x0000FF
-81.37 -375.25 84.66 -81.19 -374.34 84.66 1.095 0x0000FF
-80.98 -380.17 85.34 -81.37 -375.25 84.66 1.095 0x0000FF
-81.34 -382.91 85.57 -80.98 -380.17 85.34 1.005 0x0000FF
-81.34 -383.82 85.49 -81.34 -382.91 85.57 1.005 0x0000FF
-81.52 -385.46 84.73 -81.34 -383.82 85.49 1.005 0x0000FF
-81.89 -386.92 84.2 -81.52 -385.46 84.73 1.005 0x0000FF
-83.03 -389.82 80.79 -81.89 -386.92 84.2 0.82 0x0000FF
-83.21 -390.37 80.79 -83.03 -389.82 80.79 0.82 0x0000FF
-83.76 -391.46 80.79 -83.21 -390.37 80.79 0.82 0x0000FF
-84.13 -392.74 80.42 -83.76 -391.46 80.79 0.82 0x0000FF
-84.49 -393.29 80.42 -84.13 -392.74 80.42 0.82 0x0000FF
-84.49 -394.01 79.58 -84.49 -393.29 80.42 0.82 0x0000FF
-84.67 -394.93 79.28 -84.49 -394.01 79.58 0.73 0x0000FF
-85.77 -396.57 78.52 -84.67 -394.93 79.28 0.73 0x0000FF
-87.23 -397.84 77.98 -85.77 -396.57 78.52 0.73 0x0000FF
-88.5 -398.75 77.92 -87.23 -397.84 77.98 0.73 0x0000FF
-89.23 -399.48 77.45 -88.5 -398.75 77.92 0.73 0x0000FF
-91.24 -401.3 76.86 -89.23 -399.48 77.45 0.73 0x0000FF
-93.07 -403.49 76.55 -91.24 -401.3 76.86 0.73 0x0000FF
-94.16 -405.13 75.95 -93.07 -403.49 76.55 0.73 0x0000FF
-95.44 -408.04 75.64 -94.16 -405.13 75.95 0.73 0x0000FF
-96.35 -410.59 75.27 -95.44 -408.04 75.64 0.73 0x0000FF
-96.35 -412.23 74.95 -96.35 -410.59 75.27 0.73 0x0000FF
-96.9 -414.79 74.51 -96.35 -412.23 74.95 0.73 0x0000FF
-97.26 -416.24 73.9 -96.9 -414.79 74.51 0.73 0x0000FF
-97.81 -418.61 73.52 -97.26 -416.24 73.9 0.73 0x0000FF
-98.36 -421.71 73.3 -97.81 -418.61 73.52 0.73 0x0000FF
-98.54 -422.8 72.92 -98.36 -421.71 73.3 0.73 0x0000FF
-99.27 -424.44 72.39 -98.54 -422.8 72.92 0.73 0x0000FF
-100.18 -426.63 71.93 -99.27 -424.44 72.39 0.73 0x0000FF
-101.09 -428.81 71.7 -100.18 -426.63 71.93 0.73 0x0000FF
-101.28 -429.91 71.02 -101.09 -428.81 71.7 0.73 0x0000FF
-101.64 -431.37 70.34 -101.28 -429.91 71.02 0.73 0x0000FF
-101.82 -433.01 69.89 -101.64 -431.37 70.34 0.73 0x0000FF
-102.19 -433.55 69.28 -101.82 -433.01 69.89 0.73 0x0000FF
-102.55 -435.19 68.59 -102.19 -433.55 69.28 0.73 0x0000FF
-102.92 -436.1 69.2 -102.55 -435.19 68.59 0.73 0x0000FF
-103.28 -436.83 69.81 -102.92 -436.1 69.2 0.73 0x0000FF
-103.47 -437.56 70.56 -103.28 -436.83 69.81 0.73 0x0000FF
-104.01 -438.47 71.25 -103.47 -437.56 70.56 0.73 0x0000FF
-105.47 -443.39 72.54 -104.01 -438.47 71.25 0.73 0x0000FF
-105.65 -444.12 73.22 -105.47 -443.39 72.54 0.73 0x0000FF
-105.65 -445.03 73.75 -105.65 -444.12 73.22 0.73 0x0000FF
-106.02 -447.22 74.95 -105.65 -445.03 73.75 0.73 0x0000FF
-106.2 -448.31 76.02 -106.02 -447.22 74.95 0.73 0x0000FF
-106.2 -449.04 77.08 -106.2 -448.31 76.02 0.73 0x0000FF
-106.57 -450.86 67.31 -106.2 -449.04 77.08 0.64 0x0000FF
-106.93 -452.32 67.31 -106.57 -450.86 67.31 0.64 0x0000FF
-107.84 -455.78 67.16 -106.93 -452.32 67.31 0.545 0x0000FF
-107.66 -457.78 66.63 -107.84 -455.78 67.16 0.545 0x0000FF
-107.11 -459.79 66.02 -107.66 -457.78 66.63 0.545 0x0000FF
-106.2 -462.52 65.72 -107.11 -459.79 66.02 0.545 0x0000FF
-104.92 -465.25 65.56 -106.2 -462.52 65.72 0.545 0x0000FF
-104.19 -466.89 64.95 -104.92 -465.25 65.56 0.545 0x0000FF
-102.92 -468.9 64.43 -104.19 -466.89 64.95 0.545 0x0000FF
-100.36 -471.45 64.2 -102.92 -468.9 64.43 0.455 0x0000FF
-65.59 -355.94 92.76 -66.23 -354.3 92.76 1.37 0x0000FF
-65.23 -357.76 92.84 -65.59 -355.94 92.76 1.37 0x0000FF
-64.68 -361.22 92.84 -65.23 -357.76 92.84 1.37 0x0000FF
-64.87 -363.04 93.07 -64.68 -361.22 92.84 1.37 0x0000FF
-64.5 -367.42 93.29 -64.87 -363.04 93.07 1.37 0x0000FF
-64.31 -369.78 93.45 -64.5 -367.42 93.29 1.37 0x0000FF
-64.31 -372.7 93.52 -64.31 -369.78 93.45 1.37 0x0000FF
-65.23 -374.52 93.52 -64.31 -372.7 93.52 0.82 0x0000FF
-65.05 -376.53 93.67 -65.23 -374.52 93.52 0.82 0x0000FF
-65.05 -377.98 93.75 -65.05 -376.53 93.67 0.82 0x0000FF
-65.05 -379.62 93.82 -65.05 -377.98 93.75 0.82 0x0000FF
-65.41 -381.26 94.13 -65.05 -379.62 93.82 0.82 0x0000FF
-65.78 -382.54 94.13 -65.41 -381.26 94.13 0.82 0x0000FF
-66.14 -384.54 94.28 -65.78 -382.54 94.13 0.82 0x0000FF
-66.51 -386.0 94.43 -66.14 -384.54 94.28 0.82 0x0000FF
-67.05 -387.09 94.81 -66.51 -386.0 94.43 0.82 0x0000FF
-67.78 -388.73 95.26 -67.05 -387.09 94.81 0.82 0x0000FF
-68.15 -389.83 95.41 -67.78 -388.73 95.26 0.82 0x0000FF
-68.51 -391.1 94.81 -68.15 -389.83 95.41 0.82 0x0000FF
-69.23 -392.92 94.13 -68.51 -391.1 94.81 0.82 0x0000FF
-69.61 -393.83 93.29 -69.23 -392.92 94.13 0.82 0x0000FF
-70.89 -396.75 92.38 -69.61 -393.83 93.29 0.82 0x0000FF
-72.34 -399.12 91.85 -70.89 -396.75 92.38 0.82 0x0000FF
-74.17 -404.77 91.1 -72.34 -399.12 91.85 0.82 0x0000FF
-75.08 -406.95 90.19 -74.17 -404.77 91.1 0.82 0x0000FF
-76.36 -411.87 89.35 -75.08 -406.95 90.19 0.82 0x0000FF
-77.27 -414.97 88.67 -76.36 -411.87 89.35 0.82 0x0000FF
-77.64 -417.7 87.99 -77.27 -414.97 88.67 0.82 0x0000FF
-77.45 -425.17 87.39 -77.64 -417.7 87.99 0.82 0x0000FF
-77.27 -426.63 86.78 -77.45 -425.17 87.39 0.82 0x0000FF
-76.91 -429.18 86.1 -77.27 -426.63 86.78 0.82 0x0000FF
-75.47 -432.11 86.32 -76.91 -429.18 86.1 0.64 0x0000FF
-75.11 -433.2 86.4 -75.47 -432.11 86.32 0.64 0x0000FF
-74.93 -434.48 86.55 -75.11 -433.2 86.4 0.64 0x0000FF
-74.2 -436.12 86.85 -74.93 -434.48 86.55 0.64 0x0000FF
-73.83 -438.49 87.01 -74.2 -436.12 86.85 0.64 0x0000FF
-72.92 -441.22 87.01 -73.83 -438.49 87.01 0.64 0x0000FF
-72.37 -443.59 87.16 -72.92 -441.22 87.01 0.64 0x0000FF
-71.45 -446.14 87.39 -72.37 -443.59 87.16 0.64 0x0000FF
-70.55 -448.14 87.46 -71.45 -446.14 87.39 0.64 0x0000FF
-69.45 -450.51 87.54 -70.55 -448.14 87.46 0.64 0x0000FF
-68.36 -452.7 87.69 -69.45 -450.51 87.54 0.64 0x0000FF
-67.26 -455.07 87.92 -68.36 -452.7 87.69 0.64 0x0000FF
-66.72 -456.71 87.99 -67.26 -455.07 87.92 0.64 0x0000FF
-65.44 -458.89 88.22 -66.72 -456.71 87.99 0.64 0x0000FF
-63.25 -462.36 88.37 -65.44 -458.89 88.22 0.64 0x0000FF
-61.42 -471.28 88.67 -63.25 -462.36 88.37 0.64 0x0000FF
-60.7 -475.66 89.13 -61.42 -471.28 88.67 0.545 0x0000FF
-59.97 -477.84 89.28 -60.7 -475.66 89.13 0.545 0x0000FF
-59.05 -480.39 89.43 -59.97 -477.84 89.28 0.545 0x0000FF
-57.59 -483.13 89.66 -59.05 -480.39 89.43 0.545 0x0000FF
-55.22 -486.22 89.81 -57.59 -483.13 89.66 0.545 0x0000FF
-52.48 -489.14 89.96 -55.22 -486.22 89.81 0.545 0x0000FF
-50.66 -491.14 90.42 -52.48 -489.14 89.96 0.545 0x0000FF
-47.38 -494.79 90.57 -50.66 -491.14 90.42 0.545 0x0000FF
-44.09 -499.16 90.79 -47.38 -494.79 90.57 0.545 0x0000FF
-41.72 -501.89 91.17 -44.09 -499.16 90.79 0.545 0x0000FF
-39.53 -503.9 91.55 -41.72 -501.89 91.17 0.545 0x0000FF
-36.06 -506.81 91.7 -39.53 -503.9 91.55 0.545 0x0000FF
-31.87 -511.55 92.23 -36.06 -506.81 91.7 0.455 0x0000FF
-28.58 -515.74 92.38 -31.87 -511.55 92.23 0.365 0x0000FF
-26.21 -517.92 92.76 -28.58 -515.74 92.38 0.365 0x0000FF
-23.66 -520.29 92.84 -26.21 -517.92 92.76 0.365 0x0000FF
-22.56 -521.75 92.99 -23.66 -520.29 92.84 0.365 0x0000FF
-20.92 -524.49 93.14 -22.56 -521.75 92.99 0.365 0x0000FF
-77.84 -430.47 85.95 -76.91 -429.18 86.1 0.455 0x0000FF
-78.94 -431.75 85.79 -77.84 -430.47 85.95 0.455 0x0000FF
-79.67 -432.84 85.79 -78.94 -431.75 85.79 0.455 0x0000FF
-80.22 -434.12 85.72 -79.67 -432.84 85.79 0.455 0x0000FF
-80.76 -436.12 85.72 -80.22 -434.12 85.72 0.455 0x0000FF
-81.68 -438.49 85.26 -80.76 -436.12 85.72 0.455 0x0000FF
-82.59 -440.49 85.11 -81.68 -438.49 85.26 0.455 0x0000FF
-83.5 -442.86 84.66 -82.59 -440.49 85.11 0.455 0x0000FF
-84.41 -444.5 84.58 -83.5 -442.86 84.66 0.455 0x0000FF
-85.33 -445.59 85.11 -84.41 -444.5 84.58 0.455 0x0000FF
-87.15 -446.32 85.34 -85.33 -445.59 85.11 0.455 0x0000FF
-89.52 -447.42 85.64 -87.15 -446.32 85.34 0.455 0x0000FF
-92.62 -448.51 85.87 -89.52 -447.42 85.64 0.455 0x0000FF
-95.18 -449.97 86.02 -92.62 -448.51 85.87 0.455 0x0000FF
-97.37 -450.88 86.17 -95.18 -449.97 86.02 0.455 0x0000FF
-100.47 -452.7 86.48 -97.37 -450.88 86.17 0.455 0x0000FF
-101.75 -453.61 86.48 -100.47 -452.7 86.48 0.455 0x0000FF
-102.48 -455.07 86.55 -101.75 -453.61 86.48 0.455 0x0000FF
-102.84 -455.98 86.85 -102.48 -455.07 86.55 0.455 0x0000FF
-104.48 -457.8 87.84 -102.84 -455.98 86.85 0.455 0x0000FF
-105.4 -458.89 88.67 -104.48 -457.8 87.84 0.455 0x0000FF
-106.31 -459.81 88.29 -105.4 -458.89 88.67 0.455 0x0000FF
-107.04 -460.53 87.46 -106.31 -459.81 88.29 0.455 0x0000FF
-107.59 -461.81 86.78 -107.04 -460.53 87.46 0.455 0x0000FF
-107.95 -462.36 85.42 -107.59 -461.81 86.78 0.455 0x0000FF
-110.87 -466.73 84.13 -107.95 -462.36 85.42 0.455 0x0000FF
-116.89 -470.92 83.9 -110.87 -466.73 84.13 0.455 0x0000FF
-119.08 -471.83 84.05 -116.89 -470.92 83.9 0.455 0x0000FF
-122.0 -472.2 84.43 -119.08 -471.83 84.05 0.455 0x0000FF
-123.09 -472.56 84.81 -122.0 -472.2 84.43 0.455 0x0000FF
-125.28 -473.47 85.04 -123.09 -472.56 84.81 0.455 0x0000FF
-126.93 -474.02 84.2 -125.28 -473.47 85.04 0.455 0x0000FF
-128.93 -474.75 83.6 -126.93 -474.02 84.2 0.455 0x0000FF
-130.38 -475.66 83.14 -128.93 -474.75 83.6 0.455 0x0000FF
-132.22 -477.11 82.16 -130.38 -475.66 83.14 0.455 0x0000FF
-134.04 -478.75 81.4 -132.22 -477.11 82.16 0.455 0x0000FF
-135.32 -480.21 80.95 -134.04 -478.75 81.4 0.455 0x0000FF
-136.41 -480.94 80.42 -135.32 -480.21 80.95 0.455 0x0000FF
-138.41 -482.03 79.51 -136.41 -480.94 80.42 0.365 0x0000FF
-140.24 -483.67 79.36 -138.41 -482.03 79.51 0.365 0x0000FF
-140.79 -484.04 78.67 -140.24 -483.67 79.36 0.365 0x0000FF
-141.88 -484.95 78.14 -140.79 -484.04 78.67 0.365 0x0000FF
-143.71 -486.22 77.76 -141.88 -484.95 78.14 0.365 0x0000FF
-145.16 -487.32 77.31 -143.71 -486.22 77.76 0.365 0x0000FF
-146.81 -488.59 77.16 -145.16 -487.32 77.31 0.365 0x0000FF
-149.0 -490.6 76.86 -146.81 -488.59 77.16 0.365 0x0000FF
-150.63 -494.42 76.25 -149.0 -490.6 76.86 0.365 0x0000FF
-151.74 -496.79 75.95 -150.63 -494.42 76.25 0.365 0x0000FF
-154.66 -499.53 75.42 -151.74 -496.79 75.95 0.365 0x0000FF
-158.66 -501.35 74.95 -154.66 -499.53 75.42 0.365 0x0000FF
-164.51 -505.17 74.36 -158.66 -501.35 74.95 0.365 0x0000FF
-170.53 -507.54 74.05 -164.51 -505.17 74.36 0.365 0x0000FF
-111.05 -468.55 86.93 -110.87 -466.73 84.13 0.545 0x0000FF
-111.42 -470.74 86.93 -111.05 -468.55 86.93 0.545 0x0000FF
-111.42 -472.01 87.01 -111.42 -470.74 86.93 0.545 0x0000FF
-111.6 -472.74 87.16 -111.42 -472.01 87.01 0.545 0x0000FF
-112.15 -474.2 87.61 -111.6 -472.74 87.16 0.545 0x0000FF
-112.69 -475.47 87.61 -112.15 -474.2 87.61 0.545 0x0000FF
-113.06 -476.93 87.61 -112.69 -475.47 87.61 0.545 0x0000FF
-113.79 -479.3 87.99 -113.06 -476.93 87.61 0.545 0x0000FF
-113.79 -481.49 87.99 -113.79 -479.3 87.99 0.545 0x0000FF
-114.15 -482.94 88.6 -113.79 -481.49 87.99 0.545 0x0000FF
-114.15 -485.86 88.82 -114.15 -482.94 88.6 0.545 0x0000FF
-113.24 -488.05 89.05 -114.15 -485.86 88.82 0.545 0x0000FF
-109.78 -491.87 89.35 -113.24 -488.05 89.05 0.455 0x0000FF
-108.86 -492.6 89.43 -109.78 -491.87 89.35 0.455 0x0000FF
-106.49 -494.42 89.96 -108.86 -492.6 89.43 0.455 0x0000FF
-103.21 -495.88 90.49 -106.49 -494.42 89.96 0.455 0x0000FF
-100.1 -496.61 90.64 -103.21 -495.88 90.49 0.455 0x0000FF
-93.9 -498.25 90.95 -100.1 -496.61 90.64 0.365 0x0000FF
-91.53 -498.8 91.25 -93.9 -498.25 90.95 0.365 0x0000FF
-89.34 -499.89 91.7 -91.53 -498.8 91.25 0.365 0x0000FF
-80.4 -505.9 92.23 -89.34 -499.89 91.7 0.365 0x0000FF
-75.47 -507.0 92.38 -80.4 -505.9 92.23 0.365 0x0000FF
-71.45 -508.64 92.91 -75.47 -507.0 92.38 0.365 0x0000FF
-65.44 -511.19 93.37 -71.45 -508.64 92.91 0.365 0x0000FF
-53.58 -512.64 94.2 -65.44 -511.19 93.37 0.365 0x0000FF
-49.75 -512.64 94.66 -53.58 -512.64 94.2 0.365 0x0000FF
-46.65 -512.64 95.04 -49.75 -512.64 94.66 0.365 0x0000FF
-63.8 -373.81 93.45 -64.31 -372.7 93.52 1.275 0x0000FF
-62.52 -377.82 93.14 -63.8 -373.81 93.45 1.275 0x0000FF
-61.06 -382.92 92.61 -62.52 -377.82 93.14 1.275 0x0000FF
-60.33 -388.02 92.23 -61.06 -382.92 92.61 1.275 0x0000FF
-59.97 -391.12 91.55 -60.33 -388.02 92.23 1.275 0x0000FF
-59.78 -393.67 91.93 -59.97 -391.12 91.55 1.275 0x0000FF
-59.78 -394.94 93.14 -59.78 -393.67 91.93 1.275 0x0000FF
-59.78 -396.76 93.37 -59.78 -394.94 93.14 1.275 0x0000FF
-57.78 -397.86 93.98 -59.78 -396.76 93.37 1.005 0x0000FF
-56.32 -398.59 93.82 -57.78 -397.86 93.98 0.64 0x0000FF
-55.77 -399.13 94.28 -56.32 -398.59 93.82 0.64 0x0000FF
-55.04 -399.86 94.35 -55.77 -399.13 94.28 0.64 0x0000FF
-53.03 -401.68 94.51 -55.04 -399.86 94.35 0.545 0x0000FF
-52.48 -402.78 95.11 -53.03 -401.68 94.51 0.545 0x0000FF
-51.94 -404.6 95.41 -52.48 -402.78 95.11 0.545 0x0000FF
-52.12 -407.51 95.72 -51.94 -404.6 95.41 0.545 0x0000FF
-52.85 -410.07 95.72 -52.12 -407.51 95.72 0.545 0x0000FF
-53.21 -411.89 95.87 -52.85 -410.07 95.72 0.545 0x0000FF
-53.03 -415.9 96.25 -53.21 -411.89 95.87 0.545 0x0000FF
-52.3 -417.17 96.32 -53.03 -415.9 96.25 0.545 0x0000FF
-50.84 -419.54 96.63 -52.3 -417.17 96.32 0.545 0x0000FF
-48.84 -421.91 96.78 -50.84 -419.54 96.63 0.545 0x0000FF
-46.28 -424.09 97.23 -48.84 -421.91 96.78 0.545 0x0000FF
-43.36 -426.1 97.38 -46.28 -424.09 97.23 0.545 0x0000FF
-40.44 -429.38 97.76 -43.36 -426.1 97.38 0.545 0x0000FF
-39.35 -431.56 97.76 -40.44 -429.38 97.76 0.545 0x0000FF
-38.44 -434.66 98.14 -39.35 -431.56 97.76 0.545 0x0000FF
-38.07 -435.57 98.52 -38.44 -434.66 98.14 0.545 0x0000FF
-37.89 -436.12 98.9 -38.07 -435.57 98.52 0.545 0x0000FF
-37.52 -436.85 99.35 -37.89 -436.12 98.9 0.545 0x0000FF
-36.79 -437.58 99.81 -37.52 -436.85 99.35 0.545 0x0000FF
-36.06 -439.03 100.34 -36.79 -437.58 99.81 0.545 0x0000FF
-35.15 -440.13 101.02 -36.06 -439.03 100.34 0.545 0x0000FF
-33.14 -441.95 101.7 -35.15 -440.13 101.02 0.455 0x0000FF
-32.6 -442.13 101.93 -33.14 -441.95 101.7 0.455 0x0000FF
-32.22 -442.86 102.46 -32.6 -442.13 101.93 0.455 0x0000FF
-31.69 -443.59 99.35 -32.22 -442.86 102.46 0.455 0x0000FF
-31.69 -443.59 98.82 -31.69 -443.59 99.35 0.455 0x0000FF
-31.5 -443.95 98.22 -31.69 -443.59 98.82 0.455 0x0000FF
-31.32 -444.32 97.69 -31.5 -443.95 98.22 0.455 0x0000FF
-31.14 -444.68 96.7 -31.32 -444.32 97.69 0.455 0x0000FF
-30.77 -444.87 95.11 -31.14 -444.68 96.7 0.455 0x0000FF
-30.59 -445.05 94.43 -30.77 -444.87 95.11 0.455 0x0000FF
-30.23 -445.05 93.29 -30.59 -445.05 94.43 0.455 0x0000FF
-28.95 -446.14 92.54 -30.23 -445.05 93.29 0.455 0x0000FF
-28.58 -446.51 91.78 -28.95 -446.14 92.54 0.455 0x0000FF
-27.85 -447.23 91.25 -28.58 -446.51 91.78 0.455 0x0000FF
-27.31 -447.96 90.87 -27.85 -447.23 91.25 0.455 0x0000FF
-26.58 -449.06 90.34 -27.31 -447.96 90.87 0.455 0x0000FF
-25.85 -449.78 89.96 -26.58 -449.06 90.34 0.455 0x0000FF
-25.48 -450.15 89.51 -25.85 -449.78 89.96 0.455 0x0000FF
-25.3 -450.51 89.28 -25.48 -450.15 89.51 0.455 0x0000FF
-25.12 -451.06 88.14 -25.3 -450.51 89.28 0.455 0x0000FF
-24.75 -451.42 87.84 -25.12 -451.06 88.14 0.455 0x0000FF
-24.39 -452.15 87.16 -24.75 -451.42 87.84 0.455 0x0000FF
-23.66 -453.43 86.63 -24.39 -452.15 87.16 0.455 0x0000FF
-23.11 -454.34 86.25 -23.66 -453.43 86.63 0.455 0x0000FF
-22.38 -455.25 85.72 -23.11 -454.34 86.25 0.455 0x0000FF
-21.83 -456.16 85.19 -22.38 -455.25 85.72 0.455 0x0000FF
-21.29 -456.89 85.11 -21.83 -456.16 85.19 0.455 0x0000FF
-19.46 -458.71 86.17 -21.29 -456.89 85.11 0.455 0x0000FF
-17.09 -460.72 86.93 -19.46 -458.71 86.17 0.455 0x0000FF
-14.53 -462.36 87.23 -17.09 -460.72 86.93 0.455 0x0000FF
-9.78 -464.36 87.61 -14.53 -462.36 87.23 0.455 0x0000FF
-5.05 -468.0 87.99 -9.78 -464.36 87.61 0.455 0x0000FF
-1.22 -471.47 88.29 -5.05 -468.0 87.99 0.455 0x0000FF
0.43 -473.83 88.9 -1.22 -471.47 88.29 0.455 0x0000FF
3.71 -476.39 89.43 0.43 -473.83 88.9 0.455 0x0000FF
10.64 -478.75 89.88 3.71 -476.39 89.43 0.455 0x0000FF
12.65 -479.85 90.04 10.64 -478.75 89.88 0.455 0x0000FF
15.39 -481.49 90.49 12.65 -479.85 90.04 0.455 0x0000FF
17.03 -482.58 90.72 15.39 -481.49 90.49 0.455 0x0000FF
19.22 -484.22 91.55 17.03 -482.58 90.72 0.455 0x0000FF
21.23 -486.04 92.08 19.22 -484.22 91.55 0.455 0x0000FF
24.15 -488.41 92.31 21.23 -486.04 92.08 0.455 0x0000FF
24.88 -489.69 92.69 24.15 -488.41 92.31 0.455 0x0000FF
26.15 -491.69 92.99 24.88 -489.69 92.69 0.455 0x0000FF
27.79 -493.69 93.22 26.15 -491.69 92.99 0.455 0x0000FF
28.16 -494.42 93.6 27.79 -493.69 93.22 0.455 0x0000FF
29.98 -495.7 95.41 28.16 -494.42 93.6 0.365 0x0000FF
30.53 -495.88 95.57 29.98 -495.7 95.41 0.365 0x0000FF
31.26 -496.97 95.79 30.53 -495.88 95.57 0.365 0x0000FF
31.44 -498.43 95.87 31.26 -496.97 95.79 0.365 0x0000FF
31.44 -499.71 95.94 31.44 -498.43 95.87 0.365 0x0000FF
30.9 -501.16 96.1 31.44 -499.71 95.94 0.365 0x0000FF
30.35 -502.08 96.32 30.9 -501.16 96.1 0.365 0x0000FF
30.17 -503.17 96.55 30.35 -502.08 96.32 0.365 0x0000FF
29.98 -504.63 96.55 30.17 -503.17 96.55 0.365 0x0000FF
29.44 -506.63 96.55 29.98 -504.63 96.55 0.365 0x0000FF
28.71 -508.64 96.55 29.44 -506.63 96.55 0.365 0x0000FF
2.43 -478.21 89.28 3.71 -476.39 89.43 0.365 0x0000FF
2.8 -480.03 89.2 2.43 -478.21 89.28 0.365 0x0000FF
4.26 -482.03 89.13 2.8 -480.03 89.2 0.365 0x0000FF
6.08 -484.22 89.13 4.26 -482.03 89.13 0.365 0x0000FF
8.09 -487.32 89.13 6.08 -484.22 89.13 0.365 0x0000FF
8.82 -489.69 89.13 8.09 -487.32 89.13 0.365 0x0000FF
9.55 -490.96 88.98 8.82 -489.69 89.13 0.365 0x0000FF
10.46 -492.6 88.9 9.55 -490.96 88.98 0.365 0x0000FF
10.83 -494.24 88.9 10.46 -492.6 88.9 0.365 0x0000FF
12.29 -496.43 88.9 10.83 -494.24 88.9 0.365 0x0000FF
13.56 -497.34 88.9 12.29 -496.43 88.9 0.365 0x0000FF
-59.97 -398.59 92.91 -59.78 -396.76 93.37 0.64 0x0000FF
-59.97 -399.86 92.69 -59.97 -398.59 92.91 0.64 0x0000FF
-59.97 -400.23 92.31 -59.97 -399.86 92.69 0.64 0x0000FF
-59.97 -400.96 91.63 -59.97 -400.23 92.31 0.64 0x0000FF
-60.33 -402.23 91.1 -59.97 -400.96 91.63 0.64 0x0000FF
-61.06 -403.69 90.64 -60.33 -402.23 91.1 0.64 0x0000FF
-61.61 -404.6 90.49 -61.06 -403.69 90.64 0.64 0x0000FF
-62.34 -405.87 89.96 -61.61 -404.6 90.49 0.64 0x0000FF
-63.25 -407.88 89.51 -62.34 -405.87 89.96 0.64 0x0000FF
-64.16 -410.07 88.98 -63.25 -407.88 89.51 0.64 0x0000FF
-65.26 -413.16 88.67 -64.16 -410.07 88.98 0.64 0x0000FF
-65.98 -415.71 88.6 -65.26 -413.16 88.67 0.64 0x0000FF
-66.72 -417.35 88.45 -65.98 -415.71 88.6 0.64 0x0000FF
-67.45 -419.18 88.37 -66.72 -417.35 88.45 0.64 0x0000FF
-68.54 -421.0 88.22 -67.45 -419.18 88.37 0.64 0x0000FF
-70.55 -425.37 87.61 -68.54 -421.0 88.22 0.545 0x0000FF
-70.73 -426.46 87.08 -70.55 -425.37 87.61 0.545 0x0000FF
-70.73 -427.74 86.7 -70.73 -426.46 87.08 0.545 0x0000FF
-70.18 -429.92 86.55 -70.73 -427.74 86.7 0.545 0x0000FF
-69.81 -432.11 87.16 -70.18 -429.92 86.55 0.545 0x0000FF
-70.0 -434.3 87.39 -69.81 -432.11 87.16 0.545 0x0000FF
-70.55 -437.4 87.69 -70.0 -434.3 87.39 0.545 0x0000FF
-71.09 -438.85 88.29 -70.55 -437.4 87.69 0.545 0x0000FF
-71.64 -441.04 88.37 -71.09 -438.85 88.29 0.545 0x0000FF
-72.19 -443.04 88.67 -71.64 -441.04 88.37 0.545 0x0000FF
-73.28 -445.41 88.75 -72.19 -443.04 88.67 0.545 0x0000FF
-74.38 -447.96 89.05 -73.28 -445.41 88.75 0.545 0x0000FF
-74.73 -451.61 89.05 -74.38 -447.96 89.05 0.545 0x0000FF
-74.56 -453.43 89.05 -74.73 -451.61 89.05 0.545 0x0000FF
-72.92 -465.27 89.05 -74.56 -453.43 89.05 0.545 0x0000FF
-73.09 -468.0 89.05 -72.92 -465.27 89.05 0.545 0x0000FF
-73.47 -471.65 88.98 -73.09 -468.0 89.05 0.545 0x0000FF
-73.09 -475.47 88.75 -73.47 -471.65 88.98 0.545 0x0000FF
-72.55 -478.75 88.9 -73.09 -475.47 88.75 0.545 0x0000FF
-72.19 -480.76 88.9 -72.55 -478.75 88.9 0.545 0x0000FF
-71.04 -484.7 89.73 -72.19 -480.76 88.9 0.64 0x0000FF
-70.48 -486.34 90.04 -71.04 -484.7 89.73 0.64 0x0000FF
-69.58 -489.07 90.34 -70.48 -486.34 90.04 0.64 0x0000FF
-69.22 -490.9 90.72 -69.58 -489.07 90.34 0.64 0x0000FF
-68.67 -493.99 90.79 -69.22 -490.9 90.72 0.64 0x0000FF
-66.84 -495.45 90.79 -68.67 -493.99 90.79 0.455 0x0000FF
-65.56 -497.09 91.1 -66.84 -495.45 90.79 0.365 0x0000FF
-65.02 -498.0 91.55 -65.56 -497.09 91.1 0.365 0x0000FF
-63.56 -500.01 91.78 -65.02 -498.0 91.55 0.365 0x0000FF
-62.83 -501.46 92.23 -63.56 -500.01 91.78 0.365 0x0000FF
-61.92 -502.74 92.61 -62.83 -501.46 92.23 0.365 0x0000FF
-61.37 -503.47 93.37 -61.92 -502.74 92.61 0.365 0x0000FF
-61.01 -503.83 93.75 -61.37 -503.47 93.37 0.365 0x0000FF
-60.82 -504.01 92.99 -61.01 -503.83 93.75 0.365 0x0000FF
-57.36 -505.29 92.54 -60.82 -504.01 92.99 0.365 0x0000FF
-56.81 -506.02 92.91 -57.36 -505.29 92.54 0.365 0x0000FF
-55.72 -507.29 93.52 -56.81 -506.02 92.91 0.365 0x0000FF
-53.89 -509.48 93.82 -55.72 -507.29 93.52 0.365 0x0000FF
-49.88 -511.48 93.9 -53.89 -509.48 93.82 0.365 0x0000FF
-46.05 -512.58 94.2 -49.88 -511.48 93.9 0.365 0x0000FF
-68.31 -495.63 90.72 -68.67 -493.99 90.79 0.73 0x0000FF
-67.94 -497.64 90.57 -68.31 -495.63 90.72 0.73 0x0000FF
-66.84 -499.46 90.57 -67.94 -497.64 90.57 0.73 0x0000FF
-64.11 -506.02 90.26 -66.84 -499.46 90.57 0.73 0x0000FF
-63.38 -509.84 90.26 -64.11 -506.02 90.26 0.73 0x0000FF
-61.92 -513.66 90.26 -63.38 -509.84 90.26 0.73 0x0000FF
-61.37 -515.3 90.26 -61.92 -513.66 90.26 0.73 0x0000FF
-60.46 -517.5 90.26 -61.37 -515.3 90.26 0.73 0x0000FF
-60.09 -518.59 90.42 -60.46 -517.5 90.26 0.73 0x0000FF
-59.73 -519.86 91.02 -60.09 -518.59 90.42 0.73 0x0000FF
-59.55 -520.59 90.72 -59.73 -519.86 91.02 0.73 0x0000FF
-59.0 -522.04 91.4 -59.55 -520.59 90.72 0.73 0x0000FF
-58.64 -522.6 92.23 -59.0 -522.04 91.4 0.73 0x0000FF
-57.72 -523.69 92.38 -58.64 -522.6 92.23 0.73 0x0000FF
-57.36 -524.6 93.22 -57.72 -523.69 92.38 0.73 0x0000FF
-56.26 -525.51 93.9 -57.36 -524.6 93.22 0.73 0x0000FF
-54.07 -528.05 94.43 -56.26 -525.51 93.9 0.73 0x0000FF
-50.06 -531.53 94.73 -54.07 -528.05 94.43 0.73 0x0000FF
-47.14 -533.35 94.88 -50.06 -531.53 94.73 0.73 0x0000FF
-45.32 -534.8 95.19 -47.14 -533.35 94.88 0.73 0x0000FF
-43.86 -537.16 95.64 -45.32 -534.8 95.19 0.73 0x0000FF
-41.85 -541.0 96.48 -43.86 -537.16 95.64 0.73 0x0000FF
-39.65 -545.19 96.7 -41.85 -541.0 96.48 0.73 0x0000FF
-39.11 -546.83 96.93 -39.65 -545.19 96.7 0.73 0x0000FF
-36.56 -551.2 97.31 -39.11 -546.83 96.93 0.64 0x0000FF
-36.38 -553.21 97.38 -36.56 -551.2 97.31 0.64 0x0000FF
-36.01 -555.58 97.61 -36.38 -553.21 97.38 0.64 0x0000FF
-36.19 -557.76 97.76 -36.01 -555.58 97.61 0.64 0x0000FF
-36.56 -560.13 97.99 -36.19 -557.76 97.76 0.64 0x0000FF
-37.29 -561.95 98.29 -36.56 -560.13 97.99 0.64 0x0000FF
-37.84 -562.86 98.9 -37.29 -561.95 98.29 0.64 0x0000FF
-38.57 -563.41 99.81 -37.84 -562.86 98.9 0.64 0x0000FF
-39.29 -564.87 100.49 -38.57 -563.41 99.81 0.64 0x0000FF
-39.65 -565.78 101.02 -39.29 -564.87 100.49 0.64 0x0000FF
-40.21 -567.41 101.02 -39.65 -565.78 101.02 0.64 0x0000FF
-40.75 -570.15 101.4 -40.21 -567.41 101.02 0.455 0x0000FF
-40.75 -571.05 102.0 -40.75 -570.15 101.4 0.455 0x0000FF
-40.57 -572.52 102.31 -40.75 -571.05 102.0 0.455 0x0000FF
-40.57 -575.25 102.99 -40.57 -572.52 102.31 0.365 0x0000FF
-40.94 -576.89 103.37 -40.57 -575.25 102.99 0.365 0x0000FF
-41.12 -577.79 103.75 -40.94 -576.89 103.37 0.365 0x0000FF
-41.3 -580.54 103.75 -41.12 -577.79 103.75 0.275 0x0000FF
-40.94 -582.72 104.2 -41.3 -580.54 103.75 0.275 0x0000FF
-40.21 -584.73 104.28 -40.94 -582.72 104.2 0.275 0x0000FF
