-130.57 85.81 -25.79 -121.42 84.22 -56.91 1.37 0x0000FF
-131.47 86.54 -25.63 -130.57 85.81 -25.79 1.37 0x0000FF
-132.58 87.63 -25.48 -131.47 86.54 -25.63 1.37 0x0000FF
-133.86 88.91 -25.33 -132.58 87.63 -25.48 1.37 0x0000FF
-134.94 90.0 -25.18 -133.86 88.91 -25.33 1.275 0x0000FF
-135.86 91.64 -25.03 -134.94 90.0 -25.18 1.275 0x0000FF
-137.32 93.1 -24.95 -135.86 91.64 -25.03 1.275 0x0000FF
-138.6 94.19 -24.88 -137.32 93.1 -24.95 1.275 0x0000FF
-140.24 95.46 -24.8 -138.6 94.19 -24.88 1.275 0x0000FF
-141.88 96.56 -24.72 -140.24 95.46 -24.8 1.275 0x0000FF
-142.97 97.29 -24.65 -141.88 96.56 -24.72 1.275 0x0000FF
-144.07 98.02 -24.65 -142.97 97.29 -24.65 1.275 0x0000FF
-144.8 98.56 -24.65 -144.07 98.02 -24.65 1.275 0x0000FF
-145.35 98.56 -24.57 -144.8 98.56 -24.65 0.91 0x0000FF
-145.9 98.74 -24.5 -145.35 98.56 -24.57 0.91 0x0000FF
-146.99 99.11 -25.1 -145.9 98.74 -24.5 0.64 0x0000FF
-147.36 99.11 -25.63 -146.99 99.11 -25.1 0.545 0x0000FF
-147.72 99.66 -26.09 -147.36 99.11 -25.63 0.545 0x0000FF
-148.44 99.84 -26.77 -147.72 99.66 -26.09 0.545 0x0000FF
-149.37 99.84 -27.07 -148.44 99.84 -26.77 0.545 0x0000FF
-149.91 100.02 -28.13 -149.37 99.84 -27.07 0.545 0x0000FF
-150.46 99.84 -28.51 -149.91 100.02 -28.13 0.545 0x0000FF
-151.01 99.84 -29.27 -150.46 99.84 -28.51 0.545 0x0000FF
-153.01 99.84 -29.57 -151.01 99.84 -29.27 0.545 0x0000FF
-156.12 99.47 -30.03 -153.01 99.84 -29.57 0.545 0x0000FF
-158.66 98.74 -30.25 -156.12 99.47 -30.03 0.545 0x0000FF
-160.68 98.2 -29.5 -158.66 98.74 -30.25 0.545 0x0000FF
-162.32 97.47 -28.82 -160.68 98.2 -29.5 0.545 0x0000FF
-163.6 96.92 -28.44 -162.32 97.47 -28.82 0.545 0x0000FF
-165.06 96.19 -27.91 -163.6 96.92 -28.44 0.545 0x0000FF
-167.43 95.28 -27.45 -165.06 96.19 -27.91 0.545 0x0000FF
-169.98 94.55 -27.07 -167.43 95.28 -27.45 0.545 0x0000FF
-172.54 93.46 -26.69 -169.98 94.55 -27.07 0.545 0x0000FF
-176.92 90.91 -26.24 -172.54 93.46 -26.69 0.545 0x0000FF
-180.38 87.99 -25.79 -176.92 90.91 -26.24 0.545 0x0000FF
-181.29 86.54 -25.71 -180.38 87.99 -25.79 0.545 0x0000FF
-182.21 85.44 -27.15 -181.29 86.54 -25.71 0.545 0x0000FF
-183.48 84.53 -27.83 -182.21 85.44 -27.15 0.545 0x0000FF
-184.94 83.44 -27.98 -183.48 84.53 -27.83 0.545 0x0000FF
-186.59 82.16 -28.59 -184.94 83.44 -27.98 0.545 0x0000FF
-190.96 79.06 -29.19 -186.59 82.16 -28.59 0.545 0x0000FF
-193.34 77.23 -29.88 -190.96 79.06 -29.19 0.545 0x0000FF
-194.07 76.7 -30.18 -193.34 77.23 -29.88 0.545 0x0000FF
-194.8 76.15 -29.19 -194.07 76.7 -30.18 0.545 0x0000FF
-195.71 75.59 -28.74 -194.8 76.15 -29.19 0.545 0x0000FF
-196.62 74.88 -28.29 -195.71 75.59 -28.74 0.545 0x0000FF
-198.08 74.51 -27.45 -196.62 74.88 -28.29 0.545 0x0000FF
-198.99 73.97 -27.07 -198.08 74.51 -27.45 0.545 0x0000FF
-200.27 73.05 -26.69 -198.99 73.97 -27.07 0.545 0x0000FF
-201.55 72.14 -26.32 -200.27 73.05 -26.69 0.545 0x0000FF
-203.37 71.23 -26.16 -201.55 72.14 -26.32 0.545 0x0000FF
-204.28 70.69 -25.94 -203.37 71.23 -26.16 0.545 0x0000FF
-207.2 69.59 -25.63 -204.28 70.69 -25.94 0.455 0x0000FF
-208.66 69.23 -25.56 -207.2 69.59 -25.63 0.455 0x0000FF
-211.76 68.31 -25.41 -208.66 69.23 -25.56 0.365 0x0000FF
-212.49 67.95 -25.18 -211.76 68.31 -25.41 0.365 0x0000FF
-213.95 66.86 -25.03 -212.49 67.95 -25.18 0.365 0x0000FF
-215.23 65.4 -24.95 -213.95 66.86 -25.03 0.365 0x0000FF
-215.78 64.86 -24.8 -215.23 65.4 -24.95 0.365 0x0000FF
-216.14 64.31 -24.8 -215.78 64.86 -24.8 0.365 0x0000FF
-216.14 64.13 -25.86 -216.14 64.31 -24.8 0.365 0x0000FF
-216.51 63.58 -25.18 -216.14 64.13 -25.86 0.365 0x0000FF
-216.69 63.22 -25.03 -216.51 63.58 -25.18 0.365 0x0000FF
-217.6 62.12 -24.65 -216.69 63.22 -25.03 0.365 0x0000FF
-217.97 61.76 -24.35 -217.6 62.12 -24.65 0.365 0x0000FF
-219.06 61.03 -23.97 -217.97 61.76 -24.35 0.365 0x0000FF
-219.97 60.12 -23.59 -219.06 61.03 -23.97 0.365 0x0000FF
-222.16 57.93 -22.98 -219.97 60.12 -23.59 0.365 0x0000FF
-223.81 55.2 -22.53 -222.16 57.93 -22.98 0.365 0x0000FF
-224.72 53.74 -22.3 -223.81 55.2 -22.53 0.365 0x0000FF
-225.45 53.01 -22.07 -224.72 53.74 -22.3 0.365 0x0000FF
-228.0 49.73 -21.47 -225.45 53.01 -22.07 0.275 0x0000FF
-228.0 48.82 -21.39 -228.0 49.73 -21.47 0.275 0x0000FF
-148.27 101.3 -24.04 -144.8 98.56 -24.65 0.73 0x0000FF
-150.82 102.02 -23.89 -148.27 101.3 -24.04 0.64 0x0000FF
-152.1 102.02 -23.66 -150.82 102.02 -23.89 0.64 0x0000FF
-155.38 102.02 -23.44 -152.1 102.02 -23.66 0.64 0x0000FF
-156.12 102.21 -23.44 -155.38 102.02 -23.44 0.64 0x0000FF
-156.12 102.21 -23.66 -156.12 102.21 -23.44 0.64 0x0000FF
-156.66 102.21 -24.19 -156.12 102.21 -23.66 0.64 0x0000FF
-157.03 102.21 -24.5 -156.66 102.21 -24.19 0.64 0x0000FF
-158.31 102.02 -24.5 -157.03 102.21 -24.5 0.545 0x0000FF
-159.22 101.84 -24.8 -158.31 102.02 -24.5 0.545 0x0000FF
-161.41 101.48 -24.8 -159.22 101.84 -24.8 0.545 0x0000FF
-162.87 101.66 -24.42 -161.41 101.48 -24.8 0.545 0x0000FF
-164.87 101.66 -23.97 -162.87 101.66 -24.42 0.545 0x0000FF
-166.15 101.84 -23.74 -164.87 101.66 -23.97 0.545 0x0000FF
-167.79 102.02 -23.44 -166.15 101.84 -23.74 0.545 0x0000FF
-169.62 102.02 -22.91 -167.79 102.02 -23.44 0.545 0x0000FF
-172.54 102.02 -22.6 -169.62 102.02 -22.91 0.545 0x0000FF
-174.73 101.48 -22.15 -172.54 102.02 -22.6 0.545 0x0000FF
-178.01 100.38 -22.0 -174.73 101.48 -22.15 0.545 0x0000FF
-180.02 99.66 -21.69 -178.01 100.38 -22.0 0.545 0x0000FF
-182.02 99.29 -20.48 -180.02 99.66 -21.69 0.545 0x0000FF
-184.21 98.93 -20.32 -182.02 99.29 -20.48 0.545 0x0000FF
-185.13 98.74 -19.8 -184.21 98.93 -20.32 0.545 0x0000FF
-186.22 98.74 -19.2 -185.13 98.74 -19.8 0.545 0x0000FF
-187.86 98.56 -18.82 -186.22 98.74 -19.2 0.545 0x0000FF
-188.78 98.2 -18.29 -187.86 98.56 -18.82 0.455 0x0000FF
-189.69 98.2 -17.98 -188.78 98.2 -18.29 0.455 0x0000FF
-189.87 98.2 -17.45 -189.69 98.2 -17.98 0.455 0x0000FF
-190.78 97.83 -17.14 -189.87 98.2 -17.45 0.455 0x0000FF
-190.96 97.83 -16.7 -190.78 97.83 -17.14 0.455 0x0000FF
-191.33 97.65 -15.86 -190.96 97.83 -16.7 0.455 0x0000FF
-193.15 97.47 -14.73 -191.33 97.65 -15.86 0.455 0x0000FF
-194.07 97.29 -14.12 -193.15 97.47 -14.73 0.455 0x0000FF
-195.16 96.74 -13.21 -194.07 97.29 -14.12 0.455 0x0000FF
-196.26 96.38 -12.68 -195.16 96.74 -13.21 0.455 0x0000FF
-196.8 96.19 -12.3 -196.26 96.38 -12.68 0.455 0x0000FF
-197.35 96.19 -11.85 -196.8 96.19 -12.3 0.455 0x0000FF
-199.36 95.83 -11.17 -197.35 96.19 -11.85 0.455 0x0000FF
-200.63 95.83 -10.79 -199.36 95.83 -11.17 0.455 0x0000FF
-201.91 95.28 -10.11 -200.63 95.83 -10.79 0.455 0x0000FF
-202.64 94.92 -9.5 -201.91 95.28 -10.11 0.455 0x0000FF
-203.92 94.74 -9.03 -202.64 94.92 -9.5 0.455 0x0000FF
-205.93 93.64 -8.14 -203.92 94.74 -9.03 0.455 0x0000FF
-206.66 93.46 -7.91 -205.93 93.64 -8.14 0.455 0x0000FF
-208.12 92.91 -7.76 -206.66 93.46 -7.91 0.455 0x0000FF
-211.4 91.82 -7.38 -208.12 92.91 -7.76 0.455 0x0000FF
-213.04 91.27 -7.08 -211.4 91.82 -7.38 0.455 0x0000FF
-214.32 90.73 -6.85 -213.04 91.27 -7.08 0.455 0x0000FF
-215.41 90.18 -6.39 -214.32 90.73 -6.85 0.455 0x0000FF
-216.69 89.45 -6.01 -215.41 90.18 -6.39 0.455 0x0000FF
-218.7 88.18 -4.95 -216.69 89.45 -6.01 0.455 0x0000FF
-219.61 87.81 -4.5 -218.7 88.18 -4.95 0.455 0x0000FF
-221.62 86.72 -3.82 -219.61 87.81 -4.5 0.455 0x0000FF
-223.62 85.44 -3.36 -221.62 86.72 -3.82 0.455 0x0000FF
-224.35 84.9 -2.98 -223.62 85.44 -3.36 0.455 0x0000FF
-224.9 84.71 -1.62 -224.35 84.9 -2.98 0.455 0x0000FF
-225.81 84.35 -1.32 -224.9 84.71 -1.62 0.455 0x0000FF
-229.1 83.62 -0.71 -225.81 84.35 -1.32 0.455 0x0000FF
-231.83 82.71 -0.11 -229.1 83.62 -0.71 0.455 0x0000FF
-232.75 81.98 0.35 -231.83 82.71 -0.11 0.455 0x0000FF
-234.75 80.89 0.57 -232.75 81.98 0.35 0.455 0x0000FF
-236.94 80.16 1.18 -234.75 80.89 0.57 0.455 0x0000FF
-238.22 79.8 1.79 -236.94 80.16 1.18 0.455 0x0000FF
-239.5 79.25 2.39 -238.22 79.8 1.79 0.455 0x0000FF
-240.04 78.7 2.92 -239.5 79.25 2.39 0.455 0x0000FF
-242.19 77.68 3.08 -240.04 78.7 2.92 0.365 0x0000FF
-242.38 77.13 3.61 -242.19 77.68 3.08 0.365 0x0000FF
-242.74 76.95 3.15 -242.38 77.13 3.61 0.365 0x0000FF
-243.47 76.22 2.24 -242.74 76.95 3.15 0.365 0x0000FF
-245.11 75.31 1.18 -243.47 76.22 2.24 0.365 0x0000FF
-246.76 74.22 0.57 -245.11 75.31 1.18 0.365 0x0000FF
-248.76 73.12 0.2 -246.76 74.22 0.57 0.365 0x0000FF
-252.78 70.94 -0.56 -248.76 73.12 0.2 0.365 0x0000FF
-256.24 68.75 -1.09 -252.78 70.94 -0.56 0.365 0x0000FF
-258.07 67.11 -1.62 -256.24 68.75 -1.09 0.365 0x0000FF
-259.7 66.56 -2.23 -258.07 67.11 -1.62 0.365 0x0000FF
-261.52 65.84 -3.06 -259.7 66.56 -2.23 0.365 0x0000FF
-264.08 65.47 -3.67 -261.52 65.84 -3.06 0.365 0x0000FF
-265.0 64.92 -2.91 -264.08 65.47 -3.67 0.365 0x0000FF
-265.91 64.73 -2.23 -265.0 64.92 -2.91 0.365 0x0000FF
-267.74 64.01 -1.39 -265.91 64.73 -2.23 0.365 0x0000FF
-269.56 63.47 -0.94 -267.74 64.01 -1.39 0.365 0x0000FF
-156.26 102.64 -24.19 -157.03 102.21 -24.5 0.455 0x0000FF
-156.81 102.82 -24.5 -156.26 102.64 -24.19 0.455 0x0000FF
-156.81 102.82 -25.1 -156.81 102.82 -24.5 0.455 0x0000FF
-157.16 103.37 -25.86 -156.81 102.82 -25.1 0.455 0x0000FF
-157.16 103.73 -26.16 -157.16 103.37 -25.86 0.455 0x0000FF
-157.35 104.28 -26.77 -157.16 103.73 -26.16 0.455 0x0000FF
-157.72 105.01 -27.15 -157.35 104.28 -26.77 0.455 0x0000FF
-158.27 105.92 -27.83 -157.72 105.01 -27.15 0.455 0x0000FF
-159.18 108.47 -27.91 -158.27 105.92 -27.83 0.455 0x0000FF
-161.18 111.39 -28.13 -159.18 108.47 -27.91 0.455 0x0000FF
-164.29 115.03 -28.59 -161.18 111.39 -28.13 0.455 0x0000FF
-165.02 116.85 -28.21 -164.29 115.03 -28.59 0.455 0x0000FF
-167.39 119.77 -28.21 -165.02 116.85 -28.21 0.455 0x0000FF
-171.04 123.23 -28.06 -167.39 119.77 -28.21 0.455 0x0000FF
-172.86 125.6 -27.91 -171.04 123.23 -28.06 0.455 0x0000FF
-174.32 128.51 -27.75 -172.86 125.6 -27.91 0.455 0x0000FF
-174.87 131.24 -27.6 -174.32 128.51 -27.75 0.455 0x0000FF
-175.42 133.61 -27.38 -174.87 131.24 -27.6 0.455 0x0000FF
-175.6 135.44 -27.07 -175.42 133.61 -27.38 0.455 0x0000FF
-175.23 137.08 -26.85 -175.6 135.44 -27.07 0.455 0x0000FF
-175.05 138.35 -26.47 -175.23 137.08 -26.85 0.455 0x0000FF
-175.23 140.16 -26.32 -175.05 138.35 -26.47 0.455 0x0000FF
-175.96 141.63 -26.09 -175.23 140.16 -26.32 0.455 0x0000FF
-179.43 145.82 -25.71 -175.96 141.63 -26.09 0.365 0x0000FF
-148.78 101.73 -25.56 -148.27 101.3 -24.04 0.455 0x0000FF
-149.13 102.46 -25.41 -148.78 101.73 -25.56 0.455 0x0000FF
-149.13 103.55 -25.18 -149.13 102.46 -25.41 0.455 0x0000FF
-148.78 104.1 -24.8 -149.13 103.55 -25.18 0.455 0x0000FF
-148.05 104.64 -24.57 -148.78 104.1 -24.8 0.455 0x0000FF
-147.13 105.01 -24.5 -148.05 104.64 -24.57 0.455 0x0000FF
-146.77 105.19 -24.35 -147.13 105.01 -24.5 0.455 0x0000FF
-145.86 106.28 -24.19 -146.77 105.19 -24.35 0.455 0x0000FF
-145.31 107.92 -23.89 -145.86 106.28 -24.19 0.365 0x0000FF
-144.58 109.2 -23.74 -145.31 107.92 -23.89 0.365 0x0000FF
-144.4 110.66 -23.44 -144.58 109.2 -23.74 0.365 0x0000FF
-144.03 110.84 -23.21 -144.4 110.66 -23.44 0.365 0x0000FF
-123.32 75.17 -33.89 -121.42 84.22 -56.91 1.37 0x0000FF
-123.13 74.44 -33.89 -123.32 75.17 -33.89 1.37 0x0000FF
-123.13 73.7 -33.89 -123.13 74.44 -33.89 1.37 0x0000FF
-124.41 70.98 -33.89 -123.13 73.7 -33.89 1.185 0x0000FF
-124.78 68.97 -34.04 -124.41 70.98 -33.89 1.185 0x0000FF
-124.96 66.23 -34.04 -124.78 68.97 -34.04 1.185 0x0000FF
-125.32 64.78 -34.19 -124.96 66.23 -34.04 1.185 0x0000FF
-125.87 63.33 -34.19 -125.32 64.78 -34.19 1.185 0x0000FF
-125.87 62.05 -34.27 -125.87 63.33 -34.19 1.185 0x0000FF
-125.87 60.23 -34.35 -125.87 62.05 -34.27 1.185 0x0000FF
-128.41 57.13 -33.81 -125.87 60.23 -34.35 0.91 0x0000FF
-129.34 55.67 -33.51 -128.41 57.13 -33.81 0.91 0x0000FF
-129.69 54.94 -33.36 -129.34 55.67 -33.51 0.91 0x0000FF
-130.43 54.22 -33.59 -129.69 54.94 -33.36 0.91 0x0000FF
-131.53 52.94 -33.89 -130.43 54.22 -33.59 0.91 0x0000FF
-133.35 50.75 -34.72 -131.53 52.94 -33.89 0.73 0x0000FF
-134.26 49.66 -34.95 -133.35 50.75 -34.72 0.73 0x0000FF
-134.99 48.39 -34.95 -134.26 49.66 -34.95 0.73 0x0000FF
-135.36 47.66 -35.18 -134.99 48.39 -34.95 0.73 0x0000FF
-136.09 46.75 -35.63 -135.36 47.66 -35.18 0.73 0x0000FF
-138.09 44.92 -36.01 -136.09 46.75 -35.63 0.73 0x0000FF
-138.28 44.56 -36.47 -138.09 44.92 -36.01 0.73 0x0000FF
-138.82 44.19 -36.54 -138.28 44.56 -36.47 0.73 0x0000FF
-139.74 43.28 -37.0 -138.82 44.19 -36.54 0.73 0x0000FF
-140.1 42.37 -37.53 -139.74 43.28 -37.0 0.73 0x0000FF
-140.65 41.64 -37.97 -140.1 42.37 -37.53 0.73 0x0000FF
-141.38 40.54 -38.51 -140.65 41.64 -37.97 0.73 0x0000FF
-142.66 38.54 -39.11 -141.38 40.54 -38.51 0.73 0x0000FF
-144.47 36.54 -39.86 -142.66 38.54 -39.11 0.73 0x0000FF
-146.49 35.81 -40.94 -144.47 36.54 -39.86 0.73 0x0000FF
-148.13 35.27 -41.24 -146.49 35.81 -40.94 0.73 0x0000FF
-152.13 33.99 -41.84 -148.13 35.27 -41.24 0.73 0x0000FF
-157.43 31.62 -42.3 -152.13 33.99 -41.84 0.73 0x0000FF
-161.63 29.07 -42.3 -157.43 31.62 -42.3 0.73 0x0000FF
-168.56 21.42 -42.83 -161.63 29.07 -42.3 0.73 0x0000FF
-171.85 18.5 -43.06 -168.56 21.42 -42.83 0.73 0x0000FF
-174.22 16.5 -43.28 -171.85 18.5 -43.06 0.73 0x0000FF
-176.41 14.68 -42.37 -174.22 16.5 -43.28 0.73 0x0000FF
-178.96 12.86 -41.84 -176.41 14.68 -42.37 0.73 0x0000FF
-184.44 8.67 -41.16 -178.96 12.86 -41.84 0.73 0x0000FF
-190.09 1.92 -40.4 -184.44 8.67 -41.16 0.73 0x0000FF
-192.65 -2.27 -39.95 -190.09 1.92 -40.4 0.73 0x0000FF
-193.74 -5.55 -39.72 -192.65 -2.27 -39.95 0.73 0x0000FF
-194.65 -8.1 -39.27 -193.74 -5.55 -39.72 0.73 0x0000FF
-198.12 -13.02 -39.11 -194.65 -8.1 -39.27 0.64 0x0000FF
-202.32 -14.66 -38.59 -198.12 -13.02 -39.11 0.64 0x0000FF
-208.16 -17.21 -38.44 -202.32 -14.66 -38.59 0.64 0x0000FF
-213.01 -18.57 -38.21 -208.16 -17.21 -38.44 0.545 0x0000FF
-214.47 -18.94 -37.97 -213.01 -18.57 -38.21 0.545 0x0000FF
-215.38 -19.48 -37.9 -214.47 -18.94 -37.97 0.545 0x0000FF
-216.66 -20.22 -38.28 -215.38 -19.48 -37.9 0.545 0x0000FF
-217.57 -21.31 -38.51 -216.66 -20.22 -38.28 0.545 0x0000FF
-218.49 -23.13 -39.04 -217.57 -21.31 -38.51 0.545 0x0000FF
-219.22 -25.87 -39.42 -218.49 -23.13 -39.04 0.545 0x0000FF
-219.95 -27.87 -39.86 -219.22 -25.87 -39.42 0.545 0x0000FF
-221.41 -30.24 -40.56 -219.95 -27.87 -39.86 0.545 0x0000FF
-223.23 -31.33 -40.86 -221.41 -30.24 -40.56 0.455 0x0000FF
-223.96 -32.06 -40.94 -223.23 -31.33 -40.86 0.455 0x0000FF
-227.43 -34.43 -41.16 -223.96 -32.06 -40.94 0.365 0x0000FF
-228.52 -35.52 -41.31 -227.43 -34.43 -41.16 0.365 0x0000FF
-230.53 -37.15 -41.39 -228.52 -35.52 -41.31 0.365 0x0000FF
-232.17 -38.26 -41.54 -230.53 -37.15 -41.39 0.365 0x0000FF
-222.14 -31.88 -40.47 -221.41 -30.24 -40.56 0.545 0x0000FF
-224.33 -34.25 -40.25 -222.14 -31.88 -40.47 0.545 0x0000FF
-225.42 -35.34 -40.1 -224.33 -34.25 -40.25 0.545 0x0000FF
-226.33 -35.89 -39.95 -225.42 -35.34 -40.1 0.545 0x0000FF
-226.88 -36.43 -40.33 -226.33 -35.89 -39.95 0.545 0x0000FF
-227.61 -37.15 -41.24 -226.88 -36.43 -40.33 0.545 0x0000FF
-227.97 -37.53 -41.77 -227.61 -37.15 -41.24 0.545 0x0000FF
-228.52 -38.44 -42.6 -227.97 -37.53 -41.77 0.545 0x0000FF
-229.25 -39.53 -42.9 -228.52 -38.44 -42.6 0.545 0x0000FF
-229.25 -40.44 -43.59 -229.25 -39.53 -42.9 0.545 0x0000FF
-229.25 -41.17 -43.89 -229.25 -40.44 -43.59 0.545 0x0000FF
-229.25 -42.27 -44.5 -229.25 -41.17 -43.89 0.545 0x0000FF
-229.25 -42.81 -44.87 -229.25 -42.27 -44.5 0.545 0x0000FF
-229.43 -43.54 -45.33 -229.25 -42.81 -44.87 0.545 0x0000FF
-230.35 -45.0 -45.71 -229.43 -43.54 -45.33 0.545 0x0000FF
-230.89 -45.54 -46.31 -230.35 -45.0 -45.71 0.545 0x0000FF
-231.08 -45.91 -47.07 -230.89 -45.54 -46.31 0.545 0x0000FF
-231.44 -46.27 -48.13 -231.08 -45.91 -47.07 0.545 0x0000FF
-232.17 -46.82 -49.12 -231.44 -46.27 -48.13 0.545 0x0000FF
-232.9 -47.37 -49.95 -232.17 -46.82 -49.12 0.545 0x0000FF
-233.81 -48.1 -50.4 -232.9 -47.37 -49.95 0.545 0x0000FF
-234.91 -48.82 -51.01 -233.81 -48.1 -50.4 0.545 0x0000FF
-236.0 -50.1 -51.46 -234.91 -48.82 -51.01 0.545 0x0000FF
-236.55 -51.01 -52.07 -236.0 -50.1 -51.46 0.545 0x0000FF
-237.1 -51.56 -52.83 -236.55 -51.01 -52.07 0.545 0x0000FF
-237.83 -52.29 -53.74 -237.1 -51.56 -52.83 0.545 0x0000FF
-240.38 -53.38 -54.72 -237.83 -52.29 -53.74 0.545 0x0000FF
-241.48 -53.74 -55.1 -240.38 -53.38 -54.72 0.545 0x0000FF
-242.57 -54.84 -55.48 -241.48 -53.74 -55.1 0.545 0x0000FF
-243.48 -55.93 -56.31 -242.57 -54.84 -55.48 0.545 0x0000FF
-244.21 -56.66 -56.92 -243.48 -55.93 -56.31 0.545 0x0000FF
-245.49 -57.75 -57.3 -244.21 -56.66 -56.92 0.545 0x0000FF
-246.95 -59.57 -57.52 -245.49 -57.75 -57.3 0.455 0x0000FF
-248.41 -60.12 -57.9 -246.95 -59.57 -57.52 0.455 0x0000FF
-251.15 -60.3 -58.13 -248.41 -60.12 -57.9 0.455 0x0000FF
-253.7 -59.76 -58.66 -251.15 -60.3 -58.13 0.455 0x0000FF
-125.07 59.22 -34.95 -125.87 60.23 -34.35 0.64 0x0000FF
-124.52 57.94 -35.25 -125.07 59.22 -34.95 0.64 0x0000FF
-123.98 57.22 -35.33 -124.52 57.94 -35.25 0.64 0x0000FF
-123.43 56.49 -35.78 -123.98 57.22 -35.33 0.64 0x0000FF
-123.06 56.12 -36.24 -123.43 56.49 -35.78 0.64 0x0000FF
-122.52 55.58 -36.84 -123.06 56.12 -36.24 0.64 0x0000FF
-121.97 55.21 -37.29 -122.52 55.58 -36.84 0.64 0x0000FF
-121.6 54.66 -37.68 -121.97 55.21 -37.29 0.64 0x0000FF
-121.06 54.12 -38.28 -121.6 54.66 -37.68 0.64 0x0000FF
-120.14 53.57 -38.59 -121.06 54.12 -38.28 0.64 0x0000FF
-118.68 53.21 -38.97 -120.14 53.57 -38.59 0.64 0x0000FF
-117.96 52.84 -39.27 -118.68 53.21 -38.97 0.64 0x0000FF
-117.23 52.66 -39.79 -117.96 52.84 -39.27 0.64 0x0000FF
-115.77 52.3 -40.1 -117.23 52.66 -39.79 0.64 0x0000FF
-115.04 52.11 -40.78 -115.77 52.3 -40.1 0.64 0x0000FF
-114.49 52.11 -41.01 -115.04 52.11 -40.78 0.64 0x0000FF
-112.12 51.39 -41.39 -114.49 52.11 -41.01 0.64 0x0000FF
-110.11 51.02 -41.77 -112.12 51.39 -41.39 0.64 0x0000FF
-108.47 50.66 -42.0 -110.11 51.02 -41.77 0.64 0x0000FF
-107.56 50.47 -42.3 -108.47 50.66 -42.0 0.64 0x0000FF
-106.83 50.47 -42.53 -107.56 50.47 -42.3 0.64 0x0000FF
-106.64 50.29 -43.28 -106.83 50.47 -42.53 0.64 0x0000FF
-106.46 50.11 -44.12 -106.64 50.29 -43.28 0.64 0x0000FF
-105.91 50.11 -45.03 -106.46 50.11 -44.12 0.64 0x0000FF
-105.55 49.93 -45.56 -105.91 50.11 -45.03 0.64 0x0000FF
-104.82 49.75 -46.01 -105.55 49.93 -45.56 0.64 0x0000FF
-103.54 49.93 -46.47 -104.82 49.75 -46.01 0.64 0x0000FF
-102.63 49.75 -46.84 -103.54 49.93 -46.47 0.64 0x0000FF
-101.17 49.56 -47.15 -102.63 49.75 -46.84 0.64 0x0000FF
-99.89 49.38 -47.37 -101.17 49.56 -47.15 0.64 0x0000FF
-98.98 49.38 -47.53 -99.89 49.38 -47.37 0.64 0x0000FF
-98.07 49.38 -47.98 -98.98 49.38 -47.53 0.64 0x0000FF
-97.16 49.38 -48.43 -98.07 49.38 -47.98 0.64 0x0000FF
-96.06 49.02 -48.89 -97.16 49.38 -48.43 0.64 0x0000FF
-95.15 49.02 -49.57 -96.06 49.02 -48.89 0.64 0x0000FF
-93.69 48.65 -50.03 -95.15 49.02 -49.57 0.64 0x0000FF
-92.05 48.29 -50.48 -93.69 48.65 -50.03 0.64 0x0000FF
-91.32 48.29 -50.93 -92.05 48.29 -50.48 0.64 0x0000FF
-90.22 48.29 -51.16 -91.32 48.29 -50.93 0.64 0x0000FF
-88.4 47.92 -51.62 -90.22 48.29 -51.16 0.64 0x0000FF
-86.94 47.74 -52.22 -88.4 47.92 -51.62 0.64 0x0000FF
-85.48 47.38 -52.68 -86.94 47.74 -52.22 0.64 0x0000FF
-84.38 47.19 -52.98 -85.48 47.38 -52.68 0.64 0x0000FF
-83.47 47.01 -53.13 -84.38 47.19 -52.98 0.64 0x0000FF
-82.38 47.01 -53.66 -83.47 47.01 -53.13 0.64 0x0000FF
-81.28 47.01 -53.74 -82.38 47.01 -53.66 0.64 0x0000FF
-79.81 46.83 -53.89 -81.28 47.01 -53.74 0.64 0x0000FF
-78.78 46.5 -54.87 -79.81 46.83 -53.89 0.64 0x0000FF
-77.5 46.5 -54.57 -78.78 46.5 -54.87 0.64 0x0000FF
-76.59 46.14 -54.34 -77.5 46.5 -54.57 0.64 0x0000FF
-74.95 46.14 -54.04 -76.59 46.14 -54.34 0.64 0x0000FF
-73.48 46.14 -53.81 -74.95 46.14 -54.04 0.64 0x0000FF
-72.76 46.5 -53.66 -73.48 46.14 -53.81 0.64 0x0000FF
-72.03 46.5 -53.89 -72.76 46.5 -53.66 0.64 0x0000FF
-71.48 46.68 -54.87 -72.03 46.5 -53.89 0.64 0x0000FF
-70.2 46.86 -55.33 -71.48 46.68 -54.87 0.64 0x0000FF
-69.47 47.05 -55.78 -70.2 46.86 -55.33 0.64 0x0000FF
-68.56 47.41 -56.84 -69.47 47.05 -55.78 0.64 0x0000FF
-67.83 47.59 -57.6 -68.56 47.41 -56.84 0.64 0x0000FF
-66.37 48.14 -57.9 -67.83 47.59 -57.6 0.64 0x0000FF
-64.55 48.5 -58.43 -66.37 48.14 -57.9 0.64 0x0000FF
-61.63 48.87 -59.27 -64.55 48.5 -58.43 0.545 0x0000FF
-60.72 49.05 -59.57 -61.63 48.87 -59.27 0.545 0x0000FF
-59.62 49.78 -60.02 -60.72 49.05 -59.57 0.545 0x0000FF
-58.89 50.14 -60.93 -59.62 49.78 -60.02 0.545 0x0000FF
-58.16 50.51 -61.62 -58.89 50.14 -60.93 0.545 0x0000FF
-57.25 51.24 -63.13 -58.16 50.51 -61.62 0.545 0x0000FF
-56.7 51.42 -63.66 -57.25 51.24 -63.13 0.545 0x0000FF
-56.16 51.6 -64.19 -56.7 51.42 -63.66 0.545 0x0000FF
-55.43 51.97 -64.72 -56.16 51.6 -64.19 0.545 0x0000FF
-54.33 51.78 -64.95 -55.43 51.97 -64.72 0.545 0x0000FF
-52.51 51.42 -65.4 -54.33 51.78 -64.95 0.545 0x0000FF
-51.05 51.06 -65.93 -52.51 51.42 -65.4 0.545 0x0000FF
-50.32 51.06 -66.23 -51.05 51.06 -65.93 0.545 0x0000FF
-49.59 50.87 -66.77 -50.32 51.06 -66.23 0.545 0x0000FF
-49.59 50.87 -66.92 -49.59 50.87 -66.77 0.545 0x0000FF
-49.22 50.87 -67.59 -49.59 50.87 -66.92 0.545 0x0000FF
-47.76 50.51 -68.2 -49.22 50.87 -67.59 0.545 0x0000FF
-46.85 50.51 -68.43 -47.76 50.51 -68.2 0.545 0x0000FF
-44.3 48.69 -68.73 -46.85 50.51 -68.43 0.545 0x0000FF
-43.57 48.5 -68.95 -44.3 48.69 -68.73 0.545 0x0000FF
-42.65 48.32 -69.64 -43.57 48.5 -68.95 0.545 0x0000FF
-41.74 48.14 -70.17 -42.65 48.32 -69.64 0.545 0x0000FF
-40.1 47.96 -70.63 -41.74 48.14 -70.17 0.545 0x0000FF
-39.19 47.96 -71.31 -40.1 47.96 -70.63 0.545 0x0000FF
-38.09 48.14 -72.06 -39.19 47.96 -71.31 0.545 0x0000FF
-37.18 48.14 -72.83 -38.09 48.14 -72.06 0.545 0x0000FF
-36.09 48.14 -73.13 -37.18 48.14 -72.83 0.545 0x0000FF
-35.17 48.32 -73.66 -36.09 48.14 -73.13 0.545 0x0000FF
-32.97 48.32 -74.48 -35.17 48.32 -73.66 0.545 0x0000FF
-32.07 48.32 -75.02 -32.97 48.32 -74.48 0.545 0x0000FF
-31.34 48.32 -75.09 -32.07 48.32 -75.02 0.545 0x0000FF
-30.43 48.32 -75.86 -31.34 48.32 -75.09 0.545 0x0000FF
-28.61 48.14 -76.31 -30.43 48.32 -75.86 0.545 0x0000FF
-27.33 47.78 -76.69 -28.61 48.14 -76.31 0.545 0x0000FF
-26.42 47.59 -77.06 -27.33 47.78 -76.69 0.455 0x0000FF
-25.14 47.23 -77.45 -26.42 47.59 -77.06 0.455 0x0000FF
-24.77 47.41 -77.83 -25.14 47.23 -77.45 0.455 0x0000FF
-24.41 47.41 -78.66 -24.77 47.41 -77.83 0.455 0x0000FF
-23.68 47.78 -80.17 -24.41 47.41 -78.66 0.455 0x0000FF
-22.4 48.32 -80.7 -23.68 47.78 -80.17 0.455 0x0000FF
-20.94 48.5 -81.31 -22.4 48.32 -80.7 0.455 0x0000FF
-20.03 48.69 -81.84 -20.94 48.5 -81.31 0.455 0x0000FF
-19.12 48.87 -82.14 -20.03 48.69 -81.84 0.455 0x0000FF
-18.21 49.05 -82.83 -19.12 48.87 -82.14 0.455 0x0000FF
-17.48 49.05 -83.43 -18.21 49.05 -82.83 0.455 0x0000FF
-16.75 49.23 -83.89 -17.48 49.05 -83.43 0.455 0x0000FF
-16.02 49.42 -84.19 -16.75 49.23 -83.89 0.455 0x0000FF
-15.47 49.6 -84.87 -16.02 49.42 -84.19 0.455 0x0000FF
-13.1 49.78 -85.55 -15.47 49.6 -84.87 0.455 0x0000FF
-12.91 49.96 -86.31 -13.1 49.78 -85.55 0.455 0x0000FF
-12.37 49.96 -86.84 -12.91 49.96 -86.31 0.455 0x0000FF
-12.0 50.14 -87.29 -12.37 49.96 -86.84 0.455 0x0000FF
-10.91 50.51 -87.98 -12.0 50.14 -87.29 0.455 0x0000FF
-10.54 50.69 -88.58 -10.91 50.51 -87.98 0.455 0x0000FF
-9.44 51.06 -88.66 -10.54 50.69 -88.58 0.455 0x0000FF
-8.53 51.24 -89.04 -9.44 51.06 -88.66 0.455 0x0000FF
-7.62 51.6 -89.26 -8.53 51.24 -89.04 0.455 0x0000FF
-6.53 52.33 -89.26 -7.62 51.6 -89.26 0.455 0x0000FF
-4.88 53.61 -89.34 -6.53 52.33 -89.26 0.365 0x0000FF
-4.34 54.33 -89.72 -4.88 53.61 -89.34 0.365 0x0000FF
-45.94 51.24 -69.27 -46.85 50.51 -68.43 0.365 0x0000FF
-45.03 53.24 -69.11 -45.94 51.24 -69.27 0.365 0x0000FF
-44.84 55.06 -68.73 -45.03 53.24 -69.11 0.365 0x0000FF
-44.3 57.07 -68.51 -44.84 55.06 -68.73 0.365 0x0000FF
-43.02 59.25 -68.28 -44.3 57.07 -68.51 0.365 0x0000FF
-41.74 59.98 -68.36 -43.02 59.25 -68.28 0.365 0x0000FF
-40.28 60.35 -69.04 -41.74 59.98 -68.36 0.365 0x0000FF
-36.09 61.44 -70.02 -40.28 60.35 -69.04 0.365 0x0000FF
-122.93 73.47 -37.83 -123.13 73.7 -33.89 1.005 0x0000FF
-121.84 73.47 -37.83 -122.93 73.47 -37.83 1.005 0x0000FF
-121.29 72.92 -38.28 -121.84 73.47 -37.83 1.005 0x0000FF
-120.38 72.92 -38.74 -121.29 72.92 -38.28 1.005 0x0000FF
-120.01 72.73 -39.42 -120.38 72.92 -38.74 1.005 0x0000FF
-118.74 72.37 -40.1 -120.01 72.73 -39.42 1.005 0x0000FF
-117.64 72.01 -40.56 -118.74 72.37 -40.1 1.005 0x0000FF
-115.82 71.45 -41.16 -117.64 72.01 -40.56 1.005 0x0000FF
-114.91 71.28 -41.92 -115.82 71.45 -41.16 1.005 0x0000FF
-113.08 70.55 -42.75 -114.91 71.28 -41.92 1.005 0x0000FF
-111.8 70.0 -43.44 -113.08 70.55 -42.75 1.005 0x0000FF
-111.07 69.64 -43.97 -111.8 70.0 -43.44 1.005 0x0000FF
-109.98 68.91 -44.5 -111.07 69.64 -43.97 0.73 0x0000FF
-109.07 68.91 -44.65 -109.98 68.91 -44.5 0.73 0x0000FF
-107.79 68.55 -45.1 -109.07 68.91 -44.65 0.73 0x0000FF
-106.88 68.55 -45.56 -107.79 68.55 -45.1 0.73 0x0000FF
-105.78 68.18 -46.16 -106.88 68.55 -45.56 0.73 0x0000FF
-104.69 67.81 -46.47 -105.78 68.18 -46.16 0.73 0x0000FF
-103.78 67.45 -46.84 -104.69 67.81 -46.47 0.73 0x0000FF
-102.86 67.09 -47.15 -103.78 67.45 -46.84 0.73 0x0000FF
-102.13 66.72 -47.53 -102.86 67.09 -47.15 0.73 0x0000FF
-99.76 67.45 -47.68 -102.13 66.72 -47.53 0.64 0x0000FF
-99.21 67.64 -47.9 -99.76 67.45 -47.68 0.64 0x0000FF
-98.3 67.81 -48.74 -99.21 67.64 -47.9 0.64 0x0000FF
-97.57 68.36 -49.19 -98.3 67.81 -48.74 0.64 0x0000FF
-97.03 69.09 -49.57 -97.57 68.36 -49.19 0.64 0x0000FF
-96.66 69.45 -50.71 -97.03 69.09 -49.57 0.64 0x0000FF
-96.3 70.0 -52.07 -96.66 69.45 -50.71 0.64 0x0000FF
-95.93 70.0 -53.36 -96.3 70.0 -52.07 0.64 0x0000FF
-95.57 70.19 -54.19 -95.93 70.0 -53.36 0.64 0x0000FF
-95.2 70.37 -55.1 -95.57 70.19 -54.19 0.64 0x0000FF
-94.47 71.09 -56.16 -95.2 70.37 -55.1 0.64 0x0000FF
-94.47 72.19 -57.3 -94.47 71.09 -56.16 0.64 0x0000FF
-95.02 73.47 -57.75 -94.47 72.19 -57.3 0.64 0x0000FF
-95.38 74.56 -57.98 -95.02 73.47 -57.75 0.64 0x0000FF
-95.57 77.29 -58.59 -95.38 74.56 -57.98 0.64 0x0000FF
-94.47 79.11 -59.42 -95.57 77.29 -58.59 0.64 0x0000FF
-93.01 80.39 -59.42 -94.47 79.11 -59.42 0.64 0x0000FF
-91.55 82.39 -59.8 -93.01 80.39 -59.42 0.64 0x0000FF
-89.91 88.95 -59.8 -91.55 82.39 -59.8 0.545 0x0000FF
-89.36 90.41 -59.87 -89.91 88.95 -59.8 0.545 0x0000FF
-89.0 91.14 -60.02 -89.36 90.41 -59.87 0.545 0x0000FF
-87.9 93.14 -60.18 -89.0 91.14 -60.02 0.545 0x0000FF
-86.99 96.06 -60.33 -87.9 93.14 -60.18 0.545 0x0000FF
-85.71 99.7 -60.48 -86.99 96.06 -60.33 0.545 0x0000FF
-84.25 103.35 -60.78 -85.71 99.7 -60.48 0.545 0x0000FF
-83.16 106.26 -60.86 -84.25 103.35 -60.78 0.545 0x0000FF
-81.88 107.72 -60.86 -83.16 106.26 -60.86 0.545 0x0000FF
-80.97 108.99 -61.08 -81.88 107.72 -60.86 0.545 0x0000FF
-80.42 111.0 -61.31 -80.97 108.99 -61.08 0.545 0x0000FF
-81.33 113.19 -61.62 -80.42 111.0 -61.31 0.545 0x0000FF
-83.52 117.19 -61.69 -81.33 113.19 -61.62 0.545 0x0000FF
-83.89 119.74 -61.92 -83.52 117.19 -61.69 0.545 0x0000FF
-83.34 123.21 -61.99 -83.89 119.74 -61.92 0.545 0x0000FF
-82.61 126.12 -62.45 -83.34 123.21 -61.99 0.545 0x0000FF
-82.43 127.21 -62.6 -82.61 126.12 -62.45 0.545 0x0000FF
-82.79 129.22 -63.05 -82.43 127.21 -62.6 0.545 0x0000FF
-83.71 131.04 -63.36 -82.79 129.22 -63.05 0.545 0x0000FF
-84.25 133.96 -63.51 -83.71 131.04 -63.36 0.545 0x0000FF
-83.16 135.78 -63.66 -84.25 133.96 -63.51 0.545 0x0000FF
-101.4 65.63 -47.07 -102.13 66.72 -47.53 0.545 0x0000FF
-100.86 64.9 -47.68 -101.4 65.63 -47.07 0.545 0x0000FF
-100.13 64.54 -48.06 -100.86 64.9 -47.68 0.545 0x0000FF
-99.4 64.17 -48.74 -100.13 64.54 -48.06 0.545 0x0000FF
-98.48 63.81 -49.34 -99.4 64.17 -48.74 0.545 0x0000FF
-98.12 63.26 -50.03 -98.48 63.81 -49.34 0.545 0x0000FF
-97.39 62.53 -50.71 -98.12 63.26 -50.03 0.545 0x0000FF
-96.66 61.62 -51.09 -97.39 62.53 -50.71 0.545 0x0000FF
-95.93 60.71 -51.77 -96.66 61.62 -51.09 0.545 0x0000FF
-95.57 59.98 -52.15 -95.93 60.71 -51.77 0.545 0x0000FF
-110.53 68.18 -43.28 -111.07 69.64 -43.97 0.545 0x0000FF
-109.8 67.27 -43.44 -110.53 68.18 -43.28 0.545 0x0000FF
-109.25 66.0 -43.59 -109.8 67.27 -43.44 0.545 0x0000FF
-108.7 64.72 -43.81 -109.25 66.0 -43.59 0.545 0x0000FF
-107.79 61.81 -44.19 -108.7 64.72 -43.81 0.545 0x0000FF
-107.24 59.98 -43.81 -107.79 61.81 -44.19 0.545 0x0000FF
-106.7 58.71 -43.59 -107.24 59.98 -43.81 0.545 0x0000FF
-105.78 57.25 -43.28 -106.7 58.71 -43.59 0.545 0x0000FF
-104.69 55.43 -42.9 -105.78 57.25 -43.28 0.545 0x0000FF
-103.05 52.88 -42.75 -104.69 55.43 -42.9 0.545 0x0000FF
-101.77 50.87 -42.45 -103.05 52.88 -42.75 0.545 0x0000FF
-100.31 48.5 -41.92 -101.77 50.87 -42.45 0.545 0x0000FF
-99.58 47.78 -41.24 -100.31 48.5 -41.92 0.545 0x0000FF
-98.67 46.68 -40.71 -99.58 47.78 -41.24 0.545 0x0000FF
-97.57 45.04 -40.25 -98.67 46.68 -40.71 0.545 0x0000FF
-96.84 44.13 -39.79 -97.57 45.04 -40.25 0.545 0x0000FF
-96.11 42.86 -39.34 -96.84 44.13 -39.79 0.545 0x0000FF
-95.93 41.95 -38.97 -96.11 42.86 -39.34 0.545 0x0000FF
-95.38 41.4 -38.65 -95.93 41.95 -38.97 0.545 0x0000FF
-95.38 41.03 -38.36 -95.38 41.4 -38.65 0.545 0x0000FF
-95.02 40.11 -37.9 -95.38 41.03 -38.36 0.545 0x0000FF
-94.29 37.94 -37.29 -95.02 40.11 -37.9 0.545 0x0000FF
-93.92 37.21 -37.0 -94.29 37.94 -37.29 0.545 0x0000FF
-93.74 36.65 -36.92 -93.92 37.21 -37.0 0.545 0x0000FF
-93.19 35.39 -36.47 -93.74 36.65 -36.92 0.545 0x0000FF
-92.83 34.29 -36.09 -93.19 35.39 -36.47 0.545 0x0000FF
-91.92 32.29 -35.71 -92.83 34.29 -36.09 0.545 0x0000FF
-91.55 31.2 -35.56 -91.92 32.29 -35.71 0.545 0x0000FF
-91.0 30.47 -35.1 -91.55 31.2 -35.56 0.545 0x0000FF
-90.46 29.56 -34.79 -91.0 30.47 -35.1 0.545 0x0000FF
-88.81 27.0 -34.65 -90.46 29.56 -34.79 0.545 0x0000FF
-87.54 25.73 -34.65 -88.81 27.0 -34.65 0.545 0x0000FF
-86.63 23.0 -34.5 -87.54 25.73 -34.65 0.545 0x0000FF
-86.44 21.9 -34.5 -86.63 23.0 -34.5 0.545 0x0000FF
-86.44 21.17 -34.27 -86.44 21.9 -34.5 0.545 0x0000FF
-86.63 20.26 -34.04 -86.44 21.17 -34.27 0.545 0x0000FF
-86.63 18.62 -33.51 -86.63 20.26 -34.04 0.545 0x0000FF
-86.81 17.53 -33.21 -86.63 18.62 -33.51 0.545 0x0000FF
-86.63 15.71 -32.97 -86.81 17.53 -33.21 0.545 0x0000FF
-86.63 13.7 -32.75 -86.63 15.71 -32.97 0.545 0x0000FF
-86.63 11.52 -32.53 -86.63 13.7 -32.75 0.545 0x0000FF
-87.17 9.88 -32.38 -86.63 11.52 -32.53 0.545 0x0000FF
-87.54 7.87 -32.07 -87.17 9.88 -32.38 0.545 0x0000FF
-87.36 5.51 -32.0 -87.54 7.87 -32.07 0.545 0x0000FF
-86.63 4.05 -32.0 -87.36 5.51 -32.0 0.545 0x0000FF
-85.9 3.32 -32.0 -86.63 4.05 -32.0 0.545 0x0000FF
-84.25 2.41 -32.15 -85.9 3.32 -32.0 0.545 0x0000FF
-81.7 1.31 -32.22 -84.25 2.41 -32.15 0.545 0x0000FF
-78.59 -0.51 -32.07 -81.7 1.31 -32.22 0.545 0x0000FF
-77.5 -0.69 -31.92 -78.59 -0.51 -32.07 0.545 0x0000FF
-76.23 -1.05 -31.54 -77.5 -0.69 -31.92 0.545 0x0000FF
-74.04 -1.6 -31.54 -76.23 -1.05 -31.54 0.545 0x0000FF
-73.31 -1.78 -31.47 -74.04 -1.6 -31.54 0.545 0x0000FF
-72.58 -1.78 -31.62 -73.31 -1.78 -31.47 0.545 0x0000FF
-71.48 -2.33 -32.15 -72.58 -1.78 -31.62 0.545 0x0000FF
-70.2 -3.24 -32.6 -71.48 -2.33 -32.15 0.545 0x0000FF
-68.2 -4.7 -32.83 -70.2 -3.24 -32.6 0.545 0x0000FF
-66.73 -5.43 -32.97 -68.2 -4.7 -32.83 0.545 0x0000FF
-65.83 -5.79 -33.44 -66.73 -5.43 -32.97 0.545 0x0000FF
-64.37 -6.52 -33.59 -65.83 -5.79 -33.44 0.545 0x0000FF
-62.54 -7.8 -33.81 -64.37 -6.52 -33.59 0.545 0x0000FF
-59.8 -9.25 -34.04 -62.54 -7.8 -33.81 0.545 0x0000FF
-57.07 -10.89 -34.11 -59.8 -9.25 -34.04 0.545 0x0000FF
-55.97 -11.99 -34.11 -57.07 -10.89 -34.11 0.545 0x0000FF
-54.33 -13.08 -34.35 -55.97 -11.99 -34.11 0.545 0x0000FF
-53.05 -13.99 -34.5 -54.33 -13.08 -34.35 0.545 0x0000FF
-51.96 -15.27 -34.72 -53.05 -13.99 -34.5 0.545 0x0000FF
-51.05 -16.72 -34.95 -51.96 -15.27 -34.72 0.545 0x0000FF
-50.86 -17.27 -34.95 -51.05 -16.72 -34.95 0.545 0x0000FF
-49.77 -20.18 -35.1 -50.86 -17.27 -34.95 0.545 0x0000FF
-49.22 -21.64 -35.56 -49.77 -20.18 -35.1 0.545 0x0000FF
-48.68 -22.37 -35.56 -49.22 -21.64 -35.56 0.545 0x0000FF
-48.68 -22.74 -36.24 -48.68 -22.37 -35.56 0.545 0x0000FF
-47.22 -24.38 -36.84 -48.68 -22.74 -36.24 0.545 0x0000FF
-43.75 -28.57 -37.22 -47.22 -24.38 -36.84 0.455 0x0000FF
-118.01 76.2 -19.5 -121.42 84.22 -56.91 1.185 0x0000FF
-117.46 75.47 -19.64 -118.01 76.2 -19.5 1.185 0x0000FF
-116.18 74.73 -20.18 -117.46 75.47 -19.64 1.185 0x0000FF
-114.91 74.19 -20.32 -116.18 74.73 -20.18 1.185 0x0000FF
-113.63 73.28 -20.32 -114.91 74.19 -20.32 1.185 0x0000FF
-112.35 72.92 -20.41 -113.63 73.28 -20.32 1.185 0x0000FF
-111.8 72.55 -20.41 -112.35 72.92 -20.41 1.185 0x0000FF
-110.89 72.01 -20.32 -111.8 72.55 -20.41 1.185 0x0000FF
-110.53 71.83 -20.41 -110.89 72.01 -20.32 1.185 0x0000FF
-108.7 70.73 -20.41 -110.53 71.83 -20.41 0.82 0x0000FF
-107.24 70.19 -20.26 -108.7 70.73 -20.41 0.82 0x0000FF
-105.6 69.81 -19.95 -107.24 70.19 -20.26 0.82 0x0000FF
-102.86 69.45 -19.8 -105.6 69.81 -19.95 0.73 0x0000FF
-101.95 69.09 -19.64 -102.86 69.45 -19.8 0.73 0x0000FF
-101.4 68.55 -19.57 -101.95 69.09 -19.64 0.73 0x0000FF
-99.76 67.45 -19.8 -101.4 68.55 -19.57 0.73 0x0000FF
-98.67 66.72 -20.18 -99.76 67.45 -19.8 0.73 0x0000FF
-97.21 66.18 -20.41 -98.67 66.72 -20.18 0.73 0x0000FF
-95.93 65.81 -20.48 -97.21 66.18 -20.41 0.73 0x0000FF
-94.84 65.45 -20.48 -95.93 65.81 -20.48 0.73 0x0000FF
-93.92 65.27 -20.26 -94.84 65.45 -20.48 0.64 0x0000FF
-93.92 65.08 -20.1 -93.92 65.27 -20.26 0.64 0x0000FF
-93.19 64.72 -20.56 -93.92 65.08 -20.1 0.64 0x0000FF
-93.01 64.72 -21.16 -93.19 64.72 -20.56 0.64 0x0000FF
-92.83 64.72 -21.39 -93.01 64.72 -21.16 0.64 0x0000FF
-92.65 64.72 -21.92 -92.83 64.72 -21.39 0.64 0x0000FF
-92.28 64.72 -22.68 -92.65 64.72 -21.92 0.64 0x0000FF
-91.92 64.72 -23.82 -92.28 64.72 -22.68 0.64 0x0000FF
-91.37 64.9 -24.27 -91.92 64.72 -23.82 0.64 0x0000FF
-90.64 65.27 -24.8 -91.37 64.9 -24.27 0.64 0x0000FF
-89.36 65.27 -25.03 -90.64 65.27 -24.8 0.64 0x0000FF
-88.45 65.45 -25.33 -89.36 65.27 -25.03 0.64 0x0000FF
-86.99 65.27 -25.86 -88.45 65.45 -25.33 0.545 0x0000FF
-86.44 65.27 -26.09 -86.99 65.27 -25.86 0.545 0x0000FF
-85.9 64.9 -26.85 -86.44 65.27 -26.09 0.455 0x0000FF
-85.53 64.54 -26.92 -85.9 64.9 -26.85 0.455 0x0000FF
-84.62 64.36 -27.45 -85.53 64.54 -26.92 0.455 0x0000FF
-83.71 63.81 -27.75 -84.62 64.36 -27.45 0.455 0x0000FF
-82.61 63.99 -28.29 -83.71 63.81 -27.75 0.455 0x0000FF
-93.92 64.54 -20.48 -94.84 65.45 -20.48 0.455 0x0000FF
-93.56 64.17 -20.32 -93.92 64.54 -20.48 0.455 0x0000FF
-93.38 63.81 -20.03 -93.56 64.17 -20.32 0.455 0x0000FF
-92.28 63.81 -19.8 -93.38 63.81 -20.03 0.455 0x0000FF
-90.64 63.81 -19.64 -92.28 63.81 -19.8 0.455 0x0000FF
-89.18 63.81 -19.5 -90.64 63.81 -19.64 0.455 0x0000FF
-87.54 64.17 -19.35 -89.18 63.81 -19.5 0.455 0x0000FF
-86.08 64.36 -19.04 -87.54 64.17 -19.35 0.455 0x0000FF
-84.62 64.36 -18.82 -86.08 64.36 -19.04 0.455 0x0000FF
-82.98 63.99 -18.66 -84.62 64.36 -18.82 0.455 0x0000FF
-81.33 63.44 -18.51 -82.98 63.99 -18.66 0.455 0x0000FF
-80.06 62.72 -18.36 -81.33 63.44 -18.51 0.455 0x0000FF
-78.95 61.81 -18.13 -80.06 62.72 -18.36 0.455 0x0000FF
-78.05 61.26 -17.91 -78.95 61.81 -18.13 0.455 0x0000FF
-76.77 60.71 -17.6 -78.05 61.26 -17.91 0.455 0x0000FF
-76.04 60.71 -17.45 -76.77 60.71 -17.6 0.455 0x0000FF
-75.68 60.71 -17.3 -76.04 60.71 -17.45 0.455 0x0000FF
-75.13 60.53 -17.0 -75.68 60.71 -17.3 0.455 0x0000FF
-74.77 60.53 -16.77 -75.13 60.53 -17.0 0.455 0x0000FF
-74.04 60.35 -16.62 -74.77 60.53 -16.77 0.455 0x0000FF
-73.31 60.35 -16.32 -74.04 60.35 -16.62 0.455 0x0000FF
-72.94 60.35 -16.01 -73.31 60.35 -16.32 0.455 0x0000FF
-72.39 60.17 -15.71 -72.94 60.35 -16.01 0.455 0x0000FF
-71.84 60.17 -15.41 -72.39 60.17 -15.71 0.455 0x0000FF
-71.12 60.35 -14.88 -71.84 60.17 -15.41 0.455 0x0000FF
-70.2 60.17 -14.42 -71.12 60.35 -14.88 0.455 0x0000FF
-69.84 59.98 -13.29 -70.2 60.17 -14.42 0.455 0x0000FF
-69.66 59.98 -12.76 -69.84 59.98 -13.29 0.455 0x0000FF
-69.11 59.98 -12.15 -69.66 59.98 -12.76 0.455 0x0000FF
-68.02 60.17 -11.92 -69.11 59.98 -12.15 0.455 0x0000FF
-108.34 69.64 -17.07 -110.53 71.83 -20.41 0.455 0x0000FF
-107.42 69.45 -16.92 -108.34 69.64 -17.07 0.455 0x0000FF
-107.06 69.28 -16.7 -107.42 69.45 -16.92 0.455 0x0000FF
-106.7 69.09 -16.47 -107.06 69.28 -16.7 0.455 0x0000FF
-106.15 69.09 -15.94 -106.7 69.09 -16.47 0.455 0x0000FF
-104.51 68.55 -15.56 -106.15 69.09 -15.94 0.455 0x0000FF
-102.86 67.81 -15.48 -104.51 68.55 -15.56 0.455 0x0000FF
-101.59 66.91 -15.26 -102.86 67.81 -15.48 0.455 0x0000FF
-101.04 66.36 -15.1 -101.59 66.91 -15.26 0.455 0x0000FF
-100.49 65.63 -14.8 -101.04 66.36 -15.1 0.455 0x0000FF
-100.13 64.72 -14.5 -100.49 65.63 -14.8 0.455 0x0000FF
-98.85 63.63 -14.2 -100.13 64.72 -14.5 0.455 0x0000FF
-97.75 62.72 -13.97 -98.85 63.63 -14.2 0.455 0x0000FF
-97.03 61.62 -13.59 -97.75 62.72 -13.97 0.455 0x0000FF
-96.48 60.53 -13.21 -97.03 61.62 -13.59 0.455 0x0000FF
-95.75 59.44 -13.06 -96.48 60.53 -13.21 0.455 0x0000FF
-95.2 58.16 -12.98 -95.75 59.44 -13.06 0.455 0x0000FF
-95.02 57.43 -12.83 -95.2 58.16 -12.98 0.455 0x0000FF
-94.84 55.79 -12.68 -95.02 57.43 -12.83 0.455 0x0000FF
-94.47 54.7 -12.45 -94.84 55.79 -12.68 0.455 0x0000FF
-94.47 53.61 -12.23 -94.47 54.7 -12.45 0.455 0x0000FF
-94.11 52.88 -12.15 -94.47 53.61 -12.23 0.455 0x0000FF
-93.74 51.78 -12.07 -94.11 52.88 -12.15 0.455 0x0000FF
-93.38 51.24 -11.92 -93.74 51.78 -12.07 0.455 0x0000FF
-92.83 50.33 -11.7 -93.38 51.24 -11.92 0.455 0x0000FF
-92.65 49.78 -11.01 -92.83 50.33 -11.7 0.455 0x0000FF
-92.46 48.87 -11.01 -92.65 49.78 -11.01 0.455 0x0000FF
-92.1 47.96 -10.56 -92.46 48.87 -11.01 0.455 0x0000FF
-91.73 46.5 -10.02 -92.1 47.96 -10.56 0.455 0x0000FF
-91.0 44.86 -9.57 -91.73 46.5 -10.02 0.455 0x0000FF
-90.09 43.4 -9.5 -91.0 44.86 -9.57 0.455 0x0000FF
-89.73 42.67 -8.97 -90.09 43.4 -9.5 0.455 0x0000FF
-88.45 40.67 -8.44 -89.73 42.67 -8.97 0.455 0x0000FF
-87.54 39.21 -7.68 -88.45 40.67 -8.44 0.455 0x0000FF
-86.63 37.75 -7.83 -87.54 39.21 -7.68 0.455 0x0000FF
-84.98 34.29 -7.0 -86.63 37.75 -7.83 0.455 0x0000FF
-84.25 31.2 -6.54 -84.98 34.29 -7.0 0.455 0x0000FF
-84.44 28.64 -6.24 -84.25 31.2 -6.54 0.455 0x0000FF
-84.44 26.09 -5.79 -84.44 28.64 -6.24 0.455 0x0000FF
-84.44 25.0 -5.18 -84.44 26.09 -5.79 0.455 0x0000FF
-84.44 23.73 -3.51 -84.44 25.0 -5.18 0.455 0x0000FF
-84.44 23.36 -3.36 -84.44 23.73 -3.51 0.455 0x0000FF
-84.44 23.0 -3.36 -84.44 23.36 -3.36 0.455 0x0000FF
-84.44 22.45 -2.61 -84.44 23.0 -3.36 0.455 0x0000FF
-84.07 21.9 -2.52 -84.44 22.45 -2.61 0.455 0x0000FF
-83.89 21.36 -2.15 -84.07 21.9 -2.52 0.455 0x0000FF
-83.52 20.07 -1.77 -83.89 21.36 -2.15 0.455 0x0000FF
-83.34 19.72 -1.77 -83.52 20.07 -1.77 0.455 0x0000FF
-82.79 18.44 -1.09 -83.34 19.72 -1.77 0.455 0x0000FF
-82.61 17.71 -0.79 -82.79 18.44 -1.09 0.455 0x0000FF
-81.88 16.8 0.35 -82.61 17.71 -0.79 0.455 0x0000FF
-80.42 14.98 0.35 -81.88 16.8 0.35 0.365 0x0000FF
-80.23 13.89 0.57 -80.42 14.98 0.35 0.365 0x0000FF
-80.23 12.98 1.03 -80.23 13.89 0.57 0.365 0x0000FF
-80.06 11.7 1.48 -80.23 12.98 1.03 0.365 0x0000FF
-80.06 10.61 2.0 -80.06 11.7 1.48 0.365 0x0000FF
-114.91 85.31 -31.62 -121.42 84.22 -56.91 1.005 0x0000FF
-113.63 86.4 -31.62 -114.91 85.31 -31.62 1.005 0x0000FF
-112.35 87.68 -31.62 -113.63 86.4 -31.62 1.005 0x0000FF
-109.98 89.13 -31.32 -112.35 87.68 -31.62 1.005 0x0000FF
-107.06 89.68 -31.16 -109.98 89.13 -31.32 1.005 0x0000FF
-103.05 90.23 -31.01 -107.06 89.68 -31.16 1.005 0x0000FF
-100.31 90.77 -30.63 -103.05 90.23 -31.01 1.005 0x0000FF
-97.75 91.14 -30.25 -100.31 90.77 -30.63 1.005 0x0000FF
-94.84 91.14 -30.18 -97.75 91.14 -30.25 1.005 0x0000FF
-92.46 91.14 -29.95 -94.84 91.14 -30.18 1.005 0x0000FF
-89.36 90.59 -30.63 -92.46 91.14 -29.95 1.005 0x0000FF
-87.17 89.86 -31.09 -89.36 90.59 -30.63 1.005 0x0000FF
-85.17 89.13 -31.16 -87.17 89.86 -31.09 1.005 0x0000FF
-82.43 88.22 -31.69 -85.17 89.13 -31.16 1.005 0x0000FF
-80.97 87.68 -31.77 -82.43 88.22 -31.69 1.005 0x0000FF
-77.31 85.31 -32.22 -80.97 87.68 -31.77 1.005 0x0000FF
-75.31 84.4 -32.53 -77.31 85.31 -32.22 1.005 0x0000FF
-74.04 83.49 -32.75 -75.31 84.4 -32.53 1.005 0x0000FF
-73.12 82.94 -32.83 -74.04 83.49 -32.75 1.005 0x0000FF
-71.3 82.03 -32.9 -73.12 82.94 -32.83 1.005 0x0000FF
-70.2 81.3 -33.81 -71.3 82.03 -32.9 1.005 0x0000FF
-69.11 80.39 -34.5 -70.2 81.3 -33.81 1.005 0x0000FF
-68.02 79.3 -34.79 -69.11 80.39 -34.5 1.005 0x0000FF
-67.09 78.2 -35.03 -68.02 79.3 -34.79 1.005 0x0000FF
-65.64 77.11 -34.79 -67.09 78.2 -35.03 1.005 0x0000FF
-61.81 74.38 -34.72 -65.64 77.11 -34.79 1.005 0x0000FF
-62.72 75.29 -34.79 -61.81 74.38 -34.72 1.005 0x0000FF
-60.9 73.83 -35.1 -62.72 75.29 -34.79 1.005 0x0000FF
-59.62 72.92 -35.25 -60.9 73.83 -35.1 1.005 0x0000FF
-58.53 72.19 -35.94 -59.62 72.92 -35.25 1.005 0x0000FF
-57.8 71.64 -36.31 -58.53 72.19 -35.94 1.005 0x0000FF
-56.34 71.09 -37.0 -57.8 71.64 -36.31 1.005 0x0000FF
-55.61 70.92 -37.6 -56.34 71.09 -37.0 1.005 0x0000FF
-53.6 69.81 -37.9 -55.61 70.92 -37.6 1.005 0x0000FF
-51.78 69.28 -38.21 -53.6 69.81 -37.9 0.91 0x0000FF
-50.32 68.18 -38.44 -51.78 69.28 -38.21 0.91 0x0000FF
-49.59 67.64 -39.04 -50.32 68.18 -38.44 0.91 0x0000FF
-48.13 66.36 -39.72 -49.59 67.64 -39.04 0.73 0x0000FF
-47.76 66.0 -40.03 -48.13 66.36 -39.72 0.73 0x0000FF
-46.85 65.45 -40.25 -47.76 66.0 -40.03 0.73 0x0000FF
-46.49 65.27 -40.71 -46.85 65.45 -40.25 0.73 0x0000FF
-45.94 65.27 -41.31 -46.49 65.27 -40.71 0.73 0x0000FF
-44.48 64.9 -41.69 -45.94 65.27 -41.31 0.73 0x0000FF
-43.02 64.72 -42.15 -44.48 64.9 -41.69 0.73 0x0000FF
-41.38 65.08 -42.6 -43.02 64.72 -42.15 0.73 0x0000FF
-40.28 65.08 -43.06 -41.38 65.08 -42.6 0.73 0x0000FF
-39.19 64.9 -43.59 -40.28 65.08 -43.06 0.73 0x0000FF
-38.64 64.72 -43.66 -39.19 64.9 -43.59 0.73 0x0000FF
-37.18 64.17 -44.19 -38.64 64.72 -43.66 0.73 0x0000FF
-35.9 63.81 -44.87 -37.18 64.17 -44.19 0.73 0x0000FF
-34.81 63.63 -45.33 -35.9 63.81 -44.87 0.73 0x0000FF
-32.97 63.44 -45.71 -34.81 63.63 -45.33 0.73 0x0000FF
-31.16 63.44 -46.39 -32.97 63.44 -45.71 0.73 0x0000FF
-29.88 63.26 -46.77 -31.16 63.44 -46.39 0.73 0x0000FF
-28.42 62.9 -47.3 -29.88 63.26 -46.77 0.73 0x0000FF
-26.78 62.35 -47.45 -28.42 62.9 -47.3 0.73 0x0000FF
-25.32 61.81 -47.83 -26.78 62.35 -47.45 0.73 0x0000FF
-24.04 61.08 -48.36 -25.32 61.81 -47.83 0.73 0x0000FF
-22.77 60.71 -49.19 -24.04 61.08 -48.36 0.73 0x0000FF
-22.22 60.35 -49.19 -22.77 60.71 -49.19 0.73 0x0000FF
-21.49 59.8 -49.95 -22.22 60.35 -49.19 0.73 0x0000FF
-20.03 58.89 -50.71 -21.49 59.8 -49.95 0.73 0x0000FF
-19.67 58.34 -51.31 -20.03 58.89 -50.71 0.73 0x0000FF
-16.02 57.07 -52.15 -19.67 58.34 -51.31 0.64 0x0000FF
-14.74 56.7 -52.53 -16.02 57.07 -52.15 0.64 0x0000FF
-12.91 56.89 -52.75 -14.74 56.7 -52.53 0.64 0x0000FF
-11.82 57.07 -53.06 -12.91 56.89 -52.75 0.64 0x0000FF
-9.44 57.43 -53.36 -11.82 57.07 -53.06 0.545 0x0000FF
-8.9 57.61 -53.59 -9.44 57.43 -53.36 0.545 0x0000FF
-7.62 57.43 -53.89 -8.9 57.61 -53.59 0.545 0x0000FF
-6.71 57.43 -54.65 -7.62 57.43 -53.89 0.545 0x0000FF
-6.35 57.61 -54.95 -6.71 57.43 -54.65 0.545 0x0000FF
-5.62 57.61 -56.31 -6.35 57.61 -54.95 0.545 0x0000FF
-5.07 57.61 -56.92 -5.62 57.61 -56.31 0.545 0x0000FF
-3.97 57.61 -58.43 -5.07 57.61 -56.92 0.545 0x0000FF
-1.78 57.07 -58.96 -3.97 57.61 -58.43 0.545 0x0000FF
-0.69 56.89 -59.19 -1.78 57.07 -58.96 0.545 0x0000FF
0.4 56.34 -59.95 -0.69 56.89 -59.19 0.545 0x0000FF
2.23 55.61 -60.48 0.4 56.34 -59.95 0.545 0x0000FF
3.87 54.88 -61.08 2.23 55.61 -60.48 0.545 0x0000FF
4.97 54.33 -61.08 3.87 54.88 -61.08 0.545 0x0000FF
6.43 53.24 -61.69 4.97 54.33 -61.08 0.545 0x0000FF
8.07 52.15 -62.22 6.43 53.24 -61.69 0.545 0x0000FF
9.71 50.87 -62.68 8.07 52.15 -62.22 0.545 0x0000FF
11.53 49.42 -63.21 9.71 50.87 -62.68 0.545 0x0000FF
13.54 48.14 -63.66 11.53 49.42 -63.21 0.545 0x0000FF
15.91 47.05 -63.66 13.54 48.14 -63.66 0.545 0x0000FF
17.73 46.14 -63.96 15.91 47.05 -63.66 0.545 0x0000FF
20.66 44.31 -64.34 17.73 46.14 -63.96 0.545 0x0000FF
22.85 42.13 -64.34 20.66 44.31 -64.34 0.545 0x0000FF
25.22 40.49 -64.65 22.85 42.13 -64.34 0.455 0x0000FF
-62.72 75.11 -36.24 -62.72 75.29 -34.79 0.82 0x0000FF
-62.54 75.11 -36.61 -62.72 75.11 -36.24 0.82 0x0000FF
-62.54 75.11 -37.22 -62.54 75.11 -36.61 0.82 0x0000FF
-62.54 75.11 -38.36 -62.54 75.11 -37.22 0.82 0x0000FF
-62.54 75.11 -39.95 -62.54 75.11 -38.36 0.82 0x0000FF
-62.54 74.73 -40.47 -62.54 75.11 -39.95 0.82 0x0000FF
-62.36 74.56 -41.31 -62.54 74.73 -40.47 0.82 0x0000FF
-62.36 74.38 -42.9 -62.36 74.56 -41.31 0.82 0x0000FF
-62.36 74.38 -44.42 -62.36 74.38 -42.9 0.82 0x0000FF
-62.18 74.19 -45.48 -62.36 74.38 -44.42 0.82 0x0000FF
-62.18 74.01 -47.0 -62.18 74.19 -45.48 0.82 0x0000FF
-62.18 74.01 -48.13 -62.18 74.01 -47.0 0.82 0x0000FF
-62.18 73.65 -48.89 -62.18 74.01 -48.13 0.82 0x0000FF
-62.18 73.47 -50.1 -62.18 73.65 -48.89 0.82 0x0000FF
-62.18 73.47 -52.53 -62.18 73.47 -50.1 0.82 0x0000FF
-62.18 73.47 -54.42 -62.18 73.47 -52.53 0.82 0x0000FF
-61.99 72.73 -56.31 -62.18 73.47 -54.42 0.82 0x0000FF
-61.63 72.19 -56.69 -61.99 72.73 -56.31 0.82 0x0000FF
-61.63 71.64 -56.99 -61.63 72.19 -56.69 0.82 0x0000FF
-61.45 71.28 -57.45 -61.63 71.64 -56.99 0.82 0x0000FF
-61.26 70.92 -58.36 -61.45 71.28 -57.45 0.82 0x0000FF
-60.72 69.81 -58.51 -61.26 70.92 -58.36 0.82 0x0000FF
-59.99 69.09 -58.81 -60.72 69.81 -58.51 0.73 0x0000FF
-59.07 68.18 -59.34 -59.99 69.09 -58.81 0.73 0x0000FF
-58.35 67.45 -59.8 -59.07 68.18 -59.34 0.73 0x0000FF
-57.43 66.54 -60.48 -58.35 67.45 -59.8 0.64 0x0000FF
-56.89 66.0 -60.93 -57.43 66.54 -60.48 0.64 0x0000FF
-55.79 65.27 -61.46 -56.89 66.0 -60.93 0.64 0x0000FF
-54.7 64.54 -61.92 -55.79 65.27 -61.46 0.64 0x0000FF
-53.42 63.81 -62.52 -54.7 64.54 -61.92 0.64 0x0000FF
-51.41 62.17 -63.28 -53.42 63.81 -62.52 0.64 0x0000FF
-50.32 61.81 -63.05 -51.41 62.17 -63.28 0.64 0x0000FF
-49.22 61.08 -62.37 -50.32 61.81 -63.05 0.64 0x0000FF
-47.95 60.53 -62.15 -49.22 61.08 -62.37 0.64 0x0000FF
-45.57 59.8 -61.62 -47.95 60.53 -62.15 0.64 0x0000FF
-43.2 58.89 -61.08 -45.57 59.8 -61.62 0.64 0x0000FF
-41.38 58.34 -60.86 -43.2 58.89 -61.08 0.64 0x0000FF
-38.82 57.43 -60.02 -41.38 58.34 -60.86 0.64 0x0000FF
-35.9 56.52 -59.72 -38.82 57.43 -60.02 0.64 0x0000FF
-34.63 55.97 -59.12 -35.9 56.52 -59.72 0.64 0x0000FF
-34.26 55.97 -58.74 -34.63 55.97 -59.12 0.64 0x0000FF
-33.9 55.79 -58.36 -34.26 55.97 -58.74 0.64 0x0000FF
-32.44 55.25 -57.6 -33.9 55.79 -58.36 0.64 0x0000FF
-30.79 54.52 -56.92 -32.44 55.25 -57.6 0.64 0x0000FF
-28.42 53.79 -56.16 -30.79 54.52 -56.92 0.64 0x0000FF
-26.78 53.24 -55.71 -28.42 53.79 -56.16 0.64 0x0000FF
-23.68 52.33 -54.95 -26.78 53.24 -55.71 0.64 0x0000FF
-21.12 51.6 -54.27 -23.68 52.33 -54.95 0.64 0x0000FF
-17.48 50.33 -53.51 -21.12 51.6 -54.27 0.64 0x0000FF
-14.74 49.23 -53.13 -17.48 50.33 -53.51 0.64 0x0000FF
-12.18 48.14 -52.75 -14.74 49.23 -53.13 0.545 0x0000FF
-11.27 47.59 -52.6 -12.18 48.14 -52.75 0.545 0x0000FF
-10.54 47.23 -52.3 -11.27 47.59 -52.6 0.545 0x0000FF
-8.35 46.5 -52.15 -10.54 47.23 -52.3 0.455 0x0000FF
-7.08 46.14 -51.92 -8.35 46.5 -52.15 0.455 0x0000FF
-6.16 46.32 -51.84 -7.08 46.14 -51.92 0.455 0x0000FF
-4.34 47.05 -51.54 -6.16 46.32 -51.84 0.455 0x0000FF
-3.97 48.14 -51.09 -4.34 47.05 -51.54 0.455 0x0000FF
-3.97 48.87 -51.09 -3.97 48.14 -51.09 0.455 0x0000FF
-3.97 49.96 -50.86 -3.97 48.87 -51.09 0.365 0x0000FF
-4.16 50.69 -50.78 -3.97 49.96 -50.86 0.365 0x0000FF
-5.07 51.24 -50.48 -4.16 50.69 -50.78 0.365 0x0000FF
-6.16 51.6 -50.4 -5.07 51.24 -50.48 0.365 0x0000FF
-114.07 91.94 -27.98 -121.42 84.22 -56.91 3.285 0x0000FF
-113.16 93.76 -27.68 -114.07 91.94 -27.98 3.285 0x0000FF
-111.88 96.49 -27.3 -113.16 93.76 -27.68 3.195 0x0000FF
-110.6 99.77 -26.77 -111.88 96.49 -27.3 3.1 0x0000FF
-109.32 101.96 -28.44 -110.6 99.77 -26.77 2.37 0x0000FF
-108.59 103.96 -28.13 -109.32 101.96 -28.44 2.37 0x0000FF
-107.32 107.06 -27.91 -108.59 103.96 -28.13 2.37 0x0000FF
-106.4 109.98 -27.6 -107.32 107.06 -27.91 2.37 0x0000FF
-105.86 112.71 -27.53 -106.4 109.98 -27.6 2.37 0x0000FF
-105.49 116.35 -27.3 -105.86 112.71 -27.53 2.37 0x0000FF
-104.94 117.99 -27.15 -105.49 116.35 -27.3 2.37 0x0000FF
-104.21 119.09 -26.92 -104.94 117.99 -27.15 2.37 0x0000FF
-103.67 120.0 -26.77 -104.21 119.09 -26.92 2.37 0x0000FF
-102.94 122.0 -26.69 -103.67 120.0 -26.77 2.37 0x0000FF
-102.57 122.91 -26.47 -102.94 122.0 -26.69 2.37 0x0000FF
-100.57 124.73 -26.32 -102.57 122.91 -26.47 0.82 0x0000FF
-99.29 125.64 -26.16 -100.57 124.73 -26.32 0.82 0x0000FF
-97.46 126.37 -25.86 -99.29 125.64 -26.16 0.73 0x0000FF
-96.55 127.1 -25.79 -97.46 126.37 -25.86 0.73 0x0000FF
-96.0 127.28 -25.71 -96.55 127.1 -25.79 0.73 0x0000FF
-95.46 127.65 -25.41 -96.0 127.28 -25.71 0.73 0x0000FF
-94.54 128.01 -25.18 -95.46 127.65 -25.41 0.73 0x0000FF
-93.82 128.38 -24.95 -94.54 128.01 -25.18 0.73 0x0000FF
-93.09 128.56 -24.8 -93.82 128.38 -24.95 0.73 0x0000FF
-92.54 129.29 -24.57 -93.09 128.56 -24.8 0.73 0x0000FF
-92.17 129.83 -23.82 -92.54 129.29 -24.57 0.73 0x0000FF
-92.17 130.02 -22.53 -92.17 129.83 -23.82 0.73 0x0000FF
-91.99 130.19 -22.15 -92.17 130.02 -22.53 0.73 0x0000FF
-90.9 130.56 -21.24 -91.99 130.19 -22.15 0.73 0x0000FF
-90.53 130.38 -20.48 -90.9 130.56 -21.24 0.73 0x0000FF
-90.17 130.19 -20.32 -90.53 130.38 -20.48 0.73 0x0000FF
-88.89 130.56 -19.27 -90.17 130.19 -20.32 0.64 0x0000FF
-88.89 130.56 -18.59 -88.89 130.56 -19.27 0.64 0x0000FF
-88.71 130.93 -17.6 -88.89 130.56 -18.59 0.64 0x0000FF
-88.52 130.93 -16.85 -88.71 130.93 -17.6 0.64 0x0000FF
-87.98 130.75 -15.86 -88.52 130.93 -16.85 0.64 0x0000FF
-87.61 130.75 -15.18 -87.98 130.75 -15.86 0.64 0x0000FF
-87.06 130.56 -14.2 -87.61 130.75 -15.18 0.64 0x0000FF
-85.24 130.19 -13.21 -87.06 130.56 -14.2 0.64 0x0000FF
-83.96 130.38 -12.76 -85.24 130.19 -13.21 0.64 0x0000FF
-83.6 130.19 -11.85 -83.96 130.38 -12.76 0.64 0x0000FF
-83.23 130.19 -11.17 -83.6 130.19 -11.85 0.64 0x0000FF
-82.5 129.83 -10.41 -83.23 130.19 -11.17 0.64 0x0000FF
-81.04 129.65 -9.57 -82.5 129.83 -10.41 0.64 0x0000FF
-78.67 129.47 -8.74 -81.04 129.65 -9.57 0.64 0x0000FF
-75.75 129.47 -7.98 -78.67 129.47 -8.74 0.64 0x0000FF
-74.48 129.29 -7.68 -75.75 129.47 -7.98 0.64 0x0000FF
-72.47 129.29 -6.77 -74.48 129.29 -7.68 0.545 0x0000FF
-70.83 129.47 -6.32 -72.47 129.29 -6.77 0.545 0x0000FF
-69.37 129.47 -6.01 -70.83 129.47 -6.32 0.545 0x0000FF
-68.09 129.29 -5.48 -69.37 129.47 -6.01 0.545 0x0000FF
-67.36 129.11 -5.11 -68.09 129.29 -5.48 0.545 0x0000FF
-66.08 129.11 -4.73 -67.36 129.11 -5.11 0.545 0x0000FF
-64.62 128.91 -3.89 -66.08 129.11 -4.73 0.545 0x0000FF
-63.71 128.74 -3.59 -64.62 128.91 -3.89 0.545 0x0000FF
-62.98 128.74 -2.68 -63.71 128.74 -3.59 0.545 0x0000FF
-61.89 128.56 -2.38 -62.98 128.74 -2.68 0.545 0x0000FF
-61.52 128.56 -1.92 -61.89 128.56 -2.38 0.545 0x0000FF
-60.79 128.74 -1.85 -61.52 128.56 -1.92 0.545 0x0000FF
-60.43 128.74 -1.62 -60.79 128.74 -1.85 0.545 0x0000FF
-59.88 128.56 -1.32 -60.43 128.74 -1.62 0.545 0x0000FF
-59.33 128.56 -1.17 -59.88 128.56 -1.32 0.545 0x0000FF
-58.05 128.38 -0.94 -59.33 128.56 -1.17 0.545 0x0000FF
-57.14 128.19 -0.71 -58.05 128.38 -0.94 0.545 0x0000FF
-56.78 128.19 -0.48 -57.14 128.19 -0.71 0.545 0x0000FF
-56.41 128.19 0.27 -56.78 128.19 -0.48 0.545 0x0000FF
-55.32 128.01 0.88 -56.41 128.19 0.27 0.545 0x0000FF
-54.59 127.83 1.11 -55.32 128.01 0.88 0.545 0x0000FF
-53.86 127.83 1.33 -54.59 127.83 1.11 0.545 0x0000FF
-53.31 127.83 1.56 -53.86 127.83 1.33 0.545 0x0000FF
-52.76 127.83 1.71 -53.31 127.83 1.56 0.545 0x0000FF
-50.94 128.74 3.61 -52.76 127.83 1.71 0.365 0x0000FF
-50.39 130.02 3.83 -50.94 128.74 3.61 0.365 0x0000FF
-50.39 130.56 3.91 -50.39 130.02 3.83 0.365 0x0000FF
-50.03 130.93 3.91 -50.39 130.56 3.91 0.365 0x0000FF
-49.3 131.66 3.91 -50.03 130.93 3.91 0.365 0x0000FF
-48.75 131.84 3.91 -49.3 131.66 3.91 0.365 0x0000FF
-50.76 127.65 1.71 -52.76 127.83 1.71 0.365 0x0000FF
-50.03 127.83 1.71 -50.76 127.65 1.71 0.365 0x0000FF
-49.11 127.83 1.79 -50.03 127.83 1.71 0.365 0x0000FF
-48.02 127.83 2.09 -49.11 127.83 1.79 0.365 0x0000FF
-47.11 127.83 2.17 -48.02 127.83 2.09 0.365 0x0000FF
-46.01 127.83 2.24 -47.11 127.83 2.17 0.365 0x0000FF
-45.28 127.65 2.39 -46.01 127.83 2.24 0.365 0x0000FF
-43.82 127.65 2.39 -45.28 127.65 2.39 0.365 0x0000FF
-102.76 125.28 -25.48 -102.57 122.91 -26.47 1.55 0x0000FF
-102.03 127.1 -25.26 -102.76 125.28 -25.48 1.55 0x0000FF
-101.48 130.38 -25.1 -102.03 127.1 -25.26 1.55 0x0000FF
-100.75 132.57 -25.03 -101.48 130.38 -25.1 1.55 0x0000FF
-98.19 138.4 -24.57 -100.75 132.57 -25.03 1.55 0x0000FF
-97.46 139.49 -24.27 -98.19 138.4 -24.57 1.55 0x0000FF
-96.37 142.04 -23.97 -97.46 139.49 -24.27 1.55 0x0000FF
-94.0 146.78 -23.59 -96.37 142.04 -23.97 1.55 0x0000FF
-92.9 150.79 -23.44 -94.0 146.78 -23.59 1.55 0x0000FF
-90.53 156.8 -22.91 -92.9 150.79 -23.44 1.55 0x0000FF
-89.07 160.08 -22.76 -90.53 156.8 -22.91 1.55 0x0000FF
-87.43 164.64 -22.53 -89.07 160.08 -22.76 1.55 0x0000FF
-85.06 169.37 -22.45 -87.43 164.64 -22.53 1.55 0x0000FF
-83.6 172.65 -22.3 -85.06 169.37 -22.45 1.55 0x0000FF
-81.41 176.3 -22.07 -83.6 172.65 -22.3 1.55 0x0000FF
-80.86 177.75 -21.92 -81.41 176.3 -22.07 1.55 0x0000FF
-78.02 185.34 -21.32 -80.86 177.75 -21.92 1.55 0x0000FF
-74.92 193.54 -20.86 -78.02 185.34 -21.32 1.55 0x0000FF
-68.72 208.3 -20.32 -74.92 193.54 -20.86 1.55 0x0000FF
-65.06 222.33 -19.88 -68.72 208.3 -20.32 1.55 0x0000FF
-61.42 238.0 -19.42 -65.06 222.33 -19.88 1.55 0x0000FF
-60.14 241.46 -19.2 -61.42 238.0 -19.42 1.55 0x0000FF
-59.23 244.56 -18.97 -60.14 241.46 -19.2 1.55 0x0000FF
-58.13 249.66 -18.82 -59.23 244.56 -18.97 1.55 0x0000FF
-56.67 256.22 -18.29 -58.13 249.66 -18.82 1.55 0x0000FF
-54.67 263.33 -17.98 -56.67 256.22 -18.29 1.55 0x0000FF
-53.94 268.25 -17.76 -54.67 263.33 -17.98 1.55 0x0000FF
-53.57 271.7 -17.53 -53.94 268.25 -17.76 1.55 0x0000FF
-53.39 273.16 -17.23 -53.57 271.7 -17.53 1.55 0x0000FF
-52.26 281.25 -17.07 -53.39 273.16 -17.23 1.55 0x0000FF
-51.53 283.8 -16.77 -52.26 281.25 -17.07 1.55 0x0000FF
-49.34 289.08 -16.54 -51.53 283.8 -16.77 1.55 0x0000FF
-46.78 293.45 -16.39 -49.34 289.08 -16.54 1.55 0x0000FF
-44.96 298.2 -16.23 -46.78 293.45 -16.39 1.55 0x0000FF
-44.05 303.85 -16.23 -44.96 298.2 -16.23 1.55 0x0000FF
-42.95 308.95 -16.17 -44.05 303.85 -16.23 1.55 0x0000FF
-37.84 321.52 -15.94 -42.95 308.95 -16.17 1.55 0x0000FF
-36.02 327.9 -15.63 -37.84 321.52 -15.94 1.55 0x0000FF
-35.11 334.27 -15.41 -36.02 327.9 -15.63 1.55 0x0000FF
-34.01 345.57 -14.8 -35.11 334.27 -15.41 1.55 0x0000FF
-33.46 351.76 -14.5 -34.01 345.57 -14.8 1.55 0x0000FF
-32.92 355.41 -14.42 -33.46 351.76 -14.5 1.55 0x0000FF
-32.0 359.23 -14.2 -32.92 355.41 -14.42 1.46 0x0000FF
-30.91 363.24 -14.04 -32.0 359.23 -14.2 1.46 0x0000FF
-30.73 363.97 -14.04 -30.91 363.24 -14.04 1.46 0x0000FF
-30.12 371.02 -13.82 -30.73 363.97 -14.04 1.46 0x0000FF
-30.12 373.76 -13.29 -30.12 371.02 -13.82 1.46 0x0000FF
-29.03 378.68 -12.91 -30.12 373.76 -13.29 1.46 0x0000FF
-27.75 382.5 -12.53 -29.03 378.68 -12.91 1.37 0x0000FF
-27.39 385.05 -12.3 -27.75 382.5 -12.53 1.37 0x0000FF
-26.47 387.6 -12.15 -27.39 385.05 -12.3 1.37 0x0000FF
-25.93 389.61 -12.91 -26.47 387.6 -12.15 1.37 0x0000FF
-25.56 391.98 -13.21 -25.93 389.61 -12.91 1.37 0x0000FF
-25.56 394.53 -13.51 -25.56 391.98 -13.21 1.37 0x0000FF
-26.84 396.17 -13.59 -25.56 394.53 -13.51 0.91 0x0000FF
-28.11 397.99 -13.67 -26.84 396.17 -13.59 0.91 0x0000FF
-29.94 399.99 -13.89 -28.11 397.99 -13.67 0.73 0x0000FF
-30.85 401.27 -13.89 -29.94 399.99 -13.89 0.73 0x0000FF
-31.03 402.73 -13.67 -30.85 401.27 -13.89 0.73 0x0000FF
-31.58 404.37 -13.29 -31.03 402.73 -13.67 0.73 0x0000FF
-32.49 406.92 -13.21 -31.58 404.37 -13.29 0.73 0x0000FF
-33.59 408.37 -12.83 -32.49 406.92 -13.21 0.73 0x0000FF
-34.5 409.1 -12.83 -33.59 408.37 -12.83 0.73 0x0000FF
-36.51 409.83 -12.45 -34.5 409.1 -12.83 0.64 0x0000FF
-37.24 409.83 -12.38 -36.51 409.83 -12.45 0.64 0x0000FF
-38.88 409.83 -12.15 -37.24 409.83 -12.38 0.64 0x0000FF
-38.88 409.47 -11.77 -38.88 409.83 -12.15 0.64 0x0000FF
-39.61 408.74 -11.54 -38.88 409.47 -11.77 0.64 0x0000FF
-41.8 409.1 -12.38 -39.61 408.74 -11.54 0.545 0x0000FF
-43.08 409.47 -13.06 -41.8 409.1 -12.38 0.545 0x0000FF
-43.08 409.29 -13.59 -43.08 409.47 -13.06 0.545 0x0000FF
-43.08 409.29 -13.97 -43.08 409.29 -13.59 0.545 0x0000FF
-43.99 408.92 -15.03 -43.08 409.29 -13.97 0.545 0x0000FF
-44.35 409.47 -15.03 -43.99 408.92 -15.03 0.545 0x0000FF
-44.54 410.01 -15.56 -44.35 409.47 -15.03 0.545 0x0000FF
-45.08 410.74 -15.94 -44.54 410.01 -15.56 0.545 0x0000FF
-45.45 411.47 -15.94 -45.08 410.74 -15.94 0.545 0x0000FF
-45.81 411.84 -16.47 -45.45 411.47 -15.94 0.545 0x0000FF
-34.32 412.38 -12.91 -34.5 409.1 -12.83 0.545 0x0000FF
-34.32 413.66 -12.91 -34.32 412.38 -12.91 0.545 0x0000FF
-34.68 414.75 -12.83 -34.32 413.66 -12.91 0.545 0x0000FF
-35.04 415.66 -12.68 -34.68 414.75 -12.83 0.545 0x0000FF
-35.6 416.39 -12.68 -35.04 415.66 -12.68 0.545 0x0000FF
-36.14 416.76 -12.53 -35.6 416.39 -12.68 0.545 0x0000FF
-36.51 417.3 -12.53 -36.14 416.76 -12.53 0.545 0x0000FF
-38.33 419.31 -12.3 -36.51 417.3 -12.53 0.455 0x0000FF
-38.7 420.04 -12.15 -38.33 419.31 -12.3 0.455 0x0000FF
-39.43 421.31 -11.77 -38.7 420.04 -12.15 0.365 0x0000FF
-39.61 422.59 -11.54 -39.43 421.31 -11.77 0.365 0x0000FF
-39.79 424.77 -11.32 -39.61 422.59 -11.54 0.365 0x0000FF
-39.61 426.96 -11.09 -39.79 424.77 -11.32 0.365 0x0000FF
-25.56 396.35 -13.59 -25.56 394.53 -13.51 1.005 0x0000FF
-25.01 399.45 -13.59 -25.56 396.35 -13.59 1.005 0x0000FF
-24.28 405.64 -13.74 -25.01 399.45 -13.59 1.005 0x0000FF
-23.92 409.47 -13.82 -24.28 405.64 -13.74 1.005 0x0000FF
-22.46 413.66 -13.89 -23.92 409.47 -13.82 1.005 0x0000FF
-21.36 417.85 -13.89 -22.46 413.66 -13.89 1.005 0x0000FF
-20.82 420.76 -13.89 -21.36 417.85 -13.89 1.005 0x0000FF
-19.72 424.59 -13.89 -20.82 420.76 -13.89 1.005 0x0000FF
-18.98 428.05 -13.89 -19.72 424.59 -13.89 1.005 0x0000FF
-17.53 432.06 -14.04 -18.98 428.05 -13.89 1.005 0x0000FF
-16.8 435.16 -14.04 -17.53 432.06 -14.04 1.005 0x0000FF
-16.26 436.98 -14.04 -16.8 435.16 -14.04 1.005 0x0000FF
-15.71 438.44 -14.04 -16.26 436.98 -14.04 1.005 0x0000FF
-14.98 446.45 -14.12 -15.71 438.44 -14.04 1.005 0x0000FF
-14.25 449.01 -14.12 -14.98 446.45 -14.12 1.005 0x0000FF
-15.05 454.31 -13.14 -14.25 449.01 -14.12 1.005 0x0000FF
-15.78 456.49 -13.44 -15.05 454.31 -13.14 1.005 0x0000FF
-17.23 459.41 -13.59 -15.78 456.49 -13.44 1.005 0x0000FF
-18.14 460.87 -13.82 -17.23 459.41 -13.59 1.005 0x0000FF
-19.23 462.32 -14.04 -18.14 460.87 -13.82 1.005 0x0000FF
-20.16 463.6 -14.5 -19.23 462.32 -14.04 1.005 0x0000FF
-20.52 464.51 -14.8 -20.16 463.6 -14.5 1.005 0x0000FF
-20.88 465.79 -15.48 -20.52 464.51 -14.8 1.005 0x0000FF
-21.43 467.61 -15.94 -20.88 465.79 -15.48 1.005 0x0000FF
-21.61 468.52 -16.47 -21.43 467.61 -15.94 1.005 0x0000FF
-21.98 469.43 -17.38 -21.61 468.52 -16.47 1.005 0x0000FF
-22.16 470.89 -17.98 -21.98 469.43 -17.38 1.005 0x0000FF
-22.89 473.8 -19.12 -22.16 470.89 -17.98 0.91 0x0000FF
-22.89 474.35 -19.95 -22.89 473.8 -19.12 0.91 0x0000FF
-22.89 474.9 -20.56 -22.89 474.35 -19.95 0.91 0x0000FF
-22.71 475.99 -21.77 -22.89 474.9 -20.56 0.91 0x0000FF
-22.53 476.72 -22.15 -22.71 475.99 -21.77 0.91 0x0000FF
-21.25 479.45 -22.6 -22.53 476.72 -22.15 0.82 0x0000FF
-20.34 484.55 -23.13 -21.25 479.45 -22.6 0.64 0x0000FF
-20.88 486.19 -23.44 -20.34 484.55 -23.13 0.64 0x0000FF
-21.25 487.83 -23.74 -20.88 486.19 -23.44 0.64 0x0000FF
-21.98 489.84 -23.97 -21.25 487.83 -23.74 0.64 0x0000FF
-23.62 493.12 -24.42 -21.98 489.84 -23.97 0.64 0x0000FF
-25.45 496.4 -24.72 -23.62 493.12 -24.42 0.64 0x0000FF
-28.18 500.22 -25.26 -25.45 496.4 -24.72 0.545 0x0000FF
-30.01 502.41 -25.41 -28.18 500.22 -25.26 0.545 0x0000FF
-31.28 504.05 -25.79 -30.01 502.41 -25.41 0.545 0x0000FF
-32.93 507.69 -26.32 -31.28 504.05 -25.79 0.545 0x0000FF
-33.11 512.42 -26.16 -32.93 507.69 -26.32 0.545 0x0000FF
-33.29 514.25 -26.01 -33.11 512.42 -26.16 0.545 0x0000FF
-32.93 516.07 -25.79 -33.29 514.25 -26.01 0.545 0x0000FF
-32.93 518.62 -25.56 -32.93 516.07 -25.79 0.545 0x0000FF
-32.56 519.9 -25.56 -32.93 518.62 -25.56 0.545 0x0000FF
-32.74 521.9 -26.09 -32.56 519.9 -25.56 0.545 0x0000FF
-32.74 522.8 -26.92 -32.74 521.9 -26.09 0.545 0x0000FF
-33.29 524.27 -27.6 -32.74 522.8 -26.92 0.545 0x0000FF
-34.57 527.37 -28.59 -33.29 524.27 -27.6 0.455 0x0000FF
-34.93 529.37 -29.04 -34.57 527.37 -28.59 0.455 0x0000FF
-34.93 530.65 -29.57 -34.93 529.37 -29.04 0.455 0x0000FF
-34.93 532.47 -30.48 -34.93 530.65 -29.57 0.455 0x0000FF
-34.93 534.11 -31.09 -34.93 532.47 -30.48 0.455 0x0000FF
-35.11 536.29 -31.85 -34.93 534.11 -31.09 0.455 0x0000FF
-35.47 538.12 -32.22 -35.11 536.29 -31.85 0.455 0x0000FF
-35.65 539.94 -32.68 -35.47 538.12 -32.22 0.455 0x0000FF
-35.47 542.49 -33.21 -35.65 539.94 -32.68 0.455 0x0000FF
-34.93 545.59 -33.44 -35.47 542.49 -33.21 0.455 0x0000FF
-34.93 546.14 -34.04 -34.93 545.59 -33.44 0.455 0x0000FF
-34.54 551.44 -34.27 -34.93 546.14 -34.04 0.455 0x0000FF
-34.92 552.9 -34.35 -34.54 551.44 -34.27 0.455 0x0000FF
-35.28 554.16 -34.72 -34.92 552.9 -34.35 0.455 0x0000FF
-36.19 556.72 -35.1 -35.28 554.16 -34.72 0.455 0x0000FF
-36.92 559.27 -35.63 -36.19 556.72 -35.1 0.455 0x0000FF
-37.65 560.91 -36.39 -36.92 559.27 -35.63 0.455 0x0000FF
-38.75 563.1 -37.0 -37.65 560.91 -36.39 0.455 0x0000FF
-39.65 564.74 -37.68 -38.75 563.1 -37.0 0.455 0x0000FF
-40.57 566.2 -38.06 -39.65 564.74 -37.68 0.455 0x0000FF
-41.67 568.2 -38.81 -40.57 566.2 -38.06 0.455 0x0000FF
-42.4 569.66 -39.34 -41.67 568.2 -38.81 0.455 0x0000FF
-43.86 571.29 -39.86 -42.4 569.66 -39.34 0.455 0x0000FF
-45.5 573.48 -40.56 -43.86 571.29 -39.86 0.455 0x0000FF
-47.51 575.3 -41.09 -45.5 573.48 -40.56 0.455 0x0000FF
-49.7 577.13 -41.62 -47.51 575.3 -41.09 0.455 0x0000FF
-52.98 580.59 -42.07 -49.7 577.13 -41.62 0.455 0x0000FF
-56.81 586.6 -42.75 -52.98 580.59 -42.07 0.455 0x0000FF
-58.64 590.97 -43.36 -56.81 586.6 -42.75 0.455 0x0000FF
-59.37 592.79 -43.66 -58.64 590.97 -43.36 0.365 0x0000FF
-59.37 594.44 -43.44 -59.37 592.79 -43.66 0.365 0x0000FF
-59.91 596.44 -43.06 -59.37 594.44 -43.44 0.365 0x0000FF
-60.82 599.16 -42.75 -59.91 596.44 -43.06 0.365 0x0000FF
-62.65 602.09 -42.0 -60.82 599.16 -42.75 0.365 0x0000FF
-63.56 603.54 -41.69 -62.65 602.09 -42.0 0.365 0x0000FF
-65.56 607.19 -41.39 -63.56 603.54 -41.69 0.365 0x0000FF
-66.84 609.74 -41.09 -65.56 607.19 -41.39 0.365 0x0000FF
-68.48 614.11 -40.86 -66.84 609.74 -41.09 0.365 0x0000FF
-69.04 617.76 -40.71 -68.48 614.11 -40.86 0.365 0x0000FF
-69.77 620.49 -40.47 -69.04 617.76 -40.71 0.365 0x0000FF
-14.18 445.75 -12.38 -15.71 438.44 -14.04 1.55 0x0000FF
-14.54 455.04 -12.15 -14.18 445.75 -12.38 1.55 0x0000FF
-13.81 457.59 -11.7 -14.54 455.04 -12.15 1.55 0x0000FF
-13.27 460.14 -11.54 -13.81 457.59 -11.7 1.55 0x0000FF
-13.09 461.42 -11.47 -13.27 460.14 -11.54 1.55 0x0000FF
-12.9 464.88 -11.39 -13.09 461.42 -11.47 1.55 0x0000FF
-14.0 470.16 -11.24 -12.9 464.88 -11.39 0.73 0x0000FF
-15.27 473.99 -10.94 -14.0 470.16 -11.24 0.73 0x0000FF
-16.19 476.18 -10.79 -15.27 473.99 -10.94 0.73 0x0000FF
-18.19 479.09 -10.71 -16.19 476.18 -10.79 0.73 0x0000FF
-19.47 480.18 -11.32 -18.19 479.09 -10.71 0.73 0x0000FF
-21.11 481.1 -12.15 -19.47 480.18 -11.32 0.64 0x0000FF
-21.66 481.28 -12.15 -21.11 481.1 -12.15 0.64 0x0000FF
-22.03 481.82 -12.3 -21.66 481.28 -12.15 0.64 0x0000FF
-22.94 482.37 -12.6 -22.03 481.82 -12.3 0.64 0x0000FF
-23.67 483.28 -12.98 -22.94 482.37 -12.6 0.64 0x0000FF
-24.76 484.37 -13.21 -23.67 483.28 -12.98 0.64 0x0000FF
-25.31 485.1 -13.29 -24.76 484.37 -13.21 0.64 0x0000FF
-26.22 487.29 -13.74 -25.31 485.1 -13.29 0.545 0x0000FF
-26.59 488.57 -14.2 -26.22 487.29 -13.74 0.545 0x0000FF
-27.13 490.02 -14.35 -26.59 488.57 -14.2 0.545 0x0000FF
-28.05 491.3 -14.57 -27.13 490.02 -14.35 0.545 0x0000FF
-29.51 492.03 -14.73 -28.05 491.3 -14.57 0.365 0x0000FF
-30.78 493.12 -14.88 -29.51 492.03 -14.73 0.365 0x0000FF
-32.79 495.31 -15.26 -30.78 493.12 -14.88 0.365 0x0000FF
-33.34 496.95 -15.48 -32.79 495.31 -15.26 0.365 0x0000FF
-34.25 500.41 -15.86 -33.34 496.95 -15.48 0.365 0x0000FF
-34.61 501.5 -16.39 -34.25 500.41 -15.86 0.365 0x0000FF
-34.61 502.41 -16.77 -34.61 501.5 -16.39 0.365 0x0000FF
-34.61 504.78 -17.07 -34.61 502.41 -16.77 0.365 0x0000FF
-34.61 506.42 -18.13 -34.61 504.78 -17.07 0.365 0x0000FF
-34.43 509.34 -18.44 -34.61 506.42 -18.13 0.365 0x0000FF
-34.43 510.98 -18.82 -34.43 509.34 -18.44 0.365 0x0000FF
-33.88 512.42 -19.2 -34.43 510.98 -18.82 0.365 0x0000FF
-33.7 513.34 -19.5 -33.88 512.42 -19.2 0.365 0x0000FF
-33.15 514.44 -20.1 -33.7 513.34 -19.5 0.365 0x0000FF
-32.43 516.26 -20.79 -33.15 514.44 -20.1 0.365 0x0000FF
-32.24 516.8 -22.15 -32.43 516.26 -20.79 0.365 0x0000FF
-31.88 517.35 -22.91 -32.24 516.8 -22.15 0.365 0x0000FF
-28.96 493.67 -14.57 -28.05 491.3 -14.57 0.365 0x0000FF
-29.87 495.49 -14.42 -28.96 493.67 -14.57 0.365 0x0000FF
-30.6 496.4 -14.27 -29.87 495.49 -14.42 0.365 0x0000FF
-31.7 498.04 -13.97 -30.6 496.4 -14.27 0.365 0x0000FF
-32.43 498.95 -14.27 -31.7 498.04 -13.97 0.365 0x0000FF
-32.97 499.68 -14.88 -32.43 498.95 -14.27 0.365 0x0000FF
-33.34 500.41 -15.63 -32.97 499.68 -14.88 0.365 0x0000FF
-34.43 502.05 -16.09 -33.34 500.41 -15.63 0.365 0x0000FF
-36.07 503.69 -16.47 -34.43 502.05 -16.09 0.365 0x0000FF
-37.35 505.15 -16.85 -36.07 503.69 -16.47 0.365 0x0000FF
-38.81 507.51 -17.3 -37.35 505.15 -16.85 0.365 0x0000FF
-40.45 510.61 -17.68 -38.81 507.51 -17.3 0.365 0x0000FF
-42.1 514.26 -18.05 -40.45 510.61 -17.68 0.365 0x0000FF
-43.19 516.8 -18.36 -42.1 514.26 -18.05 0.365 0x0000FF
-45.01 519.9 -18.59 -43.19 516.8 -18.36 0.365 0x0000FF
-45.93 521.91 -18.73 -45.01 519.9 -18.59 0.365 0x0000FF
-47.02 523.73 -19.27 -45.93 521.91 -18.73 0.365 0x0000FF
-48.3 526.1 -19.57 -47.02 523.73 -19.27 0.365 0x0000FF
-49.03 527.55 -19.88 -48.3 526.1 -19.57 0.365 0x0000FF
-49.03 529.55 -20.18 -49.03 527.55 -19.88 0.365 0x0000FF
-48.48 530.47 -20.32 -49.03 529.55 -20.18 0.365 0x0000FF
-48.32 531.39 -20.86 -48.48 530.47 -20.32 0.365 0x0000FF
-48.68 532.12 -21.32 -48.32 531.39 -20.86 0.365 0x0000FF
-48.86 532.66 -22.07 -48.68 532.12 -21.32 0.365 0x0000FF
-48.86 532.66 -22.76 -48.86 532.66 -22.07 0.365 0x0000FF
-50.69 534.49 -27.38 -48.86 532.66 -22.76 0.365 0x0000FF
-51.42 535.4 -27.15 -50.69 534.49 -27.38 0.365 0x0000FF
-51.97 536.3 -26.92 -51.42 535.4 -27.15 0.365 0x0000FF
-52.7 537.41 -26.77 -51.97 536.3 -26.92 0.365 0x0000FF
-53.43 538.67 -26.62 -52.7 537.41 -26.77 0.365 0x0000FF
-53.97 540.32 -26.62 -53.43 538.67 -26.62 0.365 0x0000FF
-54.34 541.96 -26.39 -53.97 540.32 -26.62 0.365 0x0000FF
-54.7 543.24 -26.69 -54.34 541.96 -26.39 0.365 0x0000FF
-54.88 544.15 -27.07 -54.7 543.24 -26.69 0.365 0x0000FF
-55.07 544.69 -27.45 -54.88 544.15 -27.07 0.365 0x0000FF
-55.25 545.41 -27.91 -55.07 544.69 -27.45 0.365 0x0000FF
-55.61 546.7 -28.36 -55.25 545.41 -27.91 0.365 0x0000FF
-55.98 548.16 -28.44 -55.61 546.7 -28.36 0.365 0x0000FF
-56.53 549.42 -28.51 -55.98 548.16 -28.44 0.365 0x0000FF
-57.8 551.44 -28.74 -56.53 549.42 -28.51 0.365 0x0000FF
-59.26 552.89 -28.74 -57.8 551.44 -28.74 0.365 0x0000FF
-60.18 554.16 -28.82 -59.26 552.89 -28.74 0.365 0x0000FF
-60.72 555.08 -29.12 -60.18 554.16 -28.82 0.365 0x0000FF
-61.45 556.16 -29.12 -60.72 555.08 -29.12 0.365 0x0000FF
-62.18 557.63 -29.12 -61.45 556.16 -29.12 0.365 0x0000FF
-63.83 558.72 -29.12 -62.18 557.63 -29.12 0.365 0x0000FF
-47.95 534.13 -22.53 -48.86 532.66 -22.76 0.365 0x0000FF
-47.59 534.86 -22.0 -47.95 534.13 -22.53 0.365 0x0000FF
-47.22 535.58 -22.83 -47.59 534.86 -22.0 0.365 0x0000FF
-46.86 535.95 -23.13 -47.22 535.58 -22.83 0.365 0x0000FF
-46.67 536.13 -23.66 -46.86 535.95 -23.13 0.365 0x0000FF
-46.49 536.5 -23.97 -46.67 536.13 -23.66 0.365 0x0000FF
-46.13 537.04 -24.19 -46.49 536.5 -23.97 0.365 0x0000FF
-45.58 537.41 -24.35 -46.13 537.04 -24.19 0.365 0x0000FF
-45.21 537.95 -24.65 -45.58 537.41 -24.35 0.365 0x0000FF
-44.85 538.13 -24.72 -45.21 537.95 -24.65 0.365 0x0000FF
-44.49 538.67 -24.8 -44.85 538.13 -24.72 0.365 0x0000FF
-43.94 539.04 -24.88 -44.49 538.67 -24.8 0.365 0x0000FF
-43.21 539.59 -25.33 -43.94 539.04 -24.88 0.365 0x0000FF
-42.48 540.14 -25.48 -43.21 539.59 -25.33 0.365 0x0000FF
-41.38 540.69 -25.63 -42.48 540.14 -25.48 0.365 0x0000FF
-40.47 541.23 -25.86 -41.38 540.69 -25.63 0.365 0x0000FF
-40.11 541.41 -26.09 -40.47 541.23 -25.86 0.365 0x0000FF
-39.56 541.96 -26.39 -40.11 541.41 -26.09 0.365 0x0000FF
-38.65 542.33 -26.69 -39.56 541.96 -26.39 0.365 0x0000FF
-37.92 542.87 -27.0 -38.65 542.33 -26.69 0.365 0x0000FF
-37.19 543.41 -27.38 -37.92 542.87 -27.0 0.365 0x0000FF
-36.64 543.97 -27.75 -37.19 543.41 -27.38 0.365 0x0000FF
-36.09 544.51 -28.29 -36.64 543.97 -27.75 0.365 0x0000FF
-35.18 545.05 -28.66 -36.09 544.51 -28.29 0.365 0x0000FF
-34.45 545.97 -28.82 -35.18 545.05 -28.66 0.365 0x0000FF
-33.17 547.79 -29.04 -34.45 545.97 -28.82 0.365 0x0000FF
-32.81 548.52 -29.5 -33.17 547.79 -29.04 0.365 0x0000FF
-32.26 549.42 -29.8 -32.81 548.52 -29.5 0.365 0x0000FF
-31.71 550.34 -29.95 -32.26 549.42 -29.8 0.365 0x0000FF
-30.98 551.44 -30.48 -31.71 550.34 -29.95 0.365 0x0000FF
-30.07 553.44 -30.71 -30.98 551.44 -30.48 0.365 0x0000FF
-29.34 555.08 -31.01 -30.07 553.44 -30.71 0.365 0x0000FF
-28.79 555.99 -31.16 -29.34 555.08 -31.01 0.365 0x0000FF
-28.06 557.63 -31.47 -28.79 555.99 -31.16 0.365 0x0000FF
-27.7 558.17 -31.85 -28.06 557.63 -31.47 0.365 0x0000FF
-27.15 559.27 -32.22 -27.7 558.17 -31.85 0.365 0x0000FF
-26.79 559.82 -32.45 -27.15 559.27 -32.22 0.365 0x0000FF
-26.6 560.91 -32.68 -26.79 559.82 -32.45 0.365 0x0000FF
-26.42 561.82 -32.75 -26.6 560.91 -32.68 0.365 0x0000FF
-25.69 564.19 -32.9 -26.42 561.82 -32.75 0.365 0x0000FF
-24.96 566.55 -33.06 -25.69 564.19 -32.9 0.365 0x0000FF
-24.42 568.55 -33.28 -24.96 566.55 -33.06 0.365 0x0000FF
-24.23 569.47 -33.65 -24.42 568.55 -33.28 0.365 0x0000FF
-23.69 570.2 -33.74 -24.23 569.47 -33.65 0.365 0x0000FF
-23.5 570.75 -33.74 -23.69 570.2 -33.74 0.365 0x0000FF
-22.77 571.66 -33.97 -23.5 570.75 -33.74 0.365 0x0000FF
-21.86 572.75 -34.19 -22.77 571.66 -33.97 0.365 0x0000FF
-21.5 573.85 -34.5 -21.86 572.75 -34.19 0.365 0x0000FF
-20.95 575.85 -34.5 -21.5 573.85 -34.5 0.365 0x0000FF
-20.58 577.13 -34.79 -20.95 575.85 -34.5 0.365 0x0000FF
-20.39 577.85 -35.1 -20.58 577.13 -34.79 0.365 0x0000FF
-20.22 578.95 -35.25 -20.39 577.85 -35.1 0.365 0x0000FF
-20.22 579.49 -35.94 -20.22 578.95 -35.25 0.365 0x0000FF
-20.39 580.04 -36.24 -20.22 579.49 -35.94 0.365 0x0000FF
-20.22 580.59 -36.61 -20.39 580.04 -36.24 0.365 0x0000FF
-20.22 582.41 -37.0 -20.22 580.59 -36.61 0.365 0x0000FF
-19.85 584.04 -38.06 -20.22 582.41 -37.0 0.365 0x0000FF
-19.85 585.87 -38.44 -19.85 584.04 -38.06 0.365 0x0000FF
-20.22 586.78 -39.04 -19.85 585.87 -38.44 0.365 0x0000FF
-20.22 587.33 -39.42 -20.22 586.78 -39.04 0.365 0x0000FF
-20.39 588.24 -39.95 -20.22 587.33 -39.42 0.365 0x0000FF
-20.39 588.79 -40.33 -20.39 588.24 -39.95 0.365 0x0000FF
-20.39 590.24 -40.78 -20.39 588.79 -40.33 0.365 0x0000FF
-20.39 590.79 -41.09 -20.39 590.24 -40.78 0.365 0x0000FF
-20.22 592.07 -41.54 -20.39 590.79 -41.09 0.365 0x0000FF
-19.85 593.16 -42.07 -20.22 592.07 -41.54 0.365 0x0000FF
-19.67 594.42 -42.45 -19.85 593.16 -42.07 0.365 0x0000FF
-19.3 597.53 -43.97 -19.67 594.42 -42.45 0.365 0x0000FF
-12.56 466.35 -8.51 -12.9 464.88 -11.39 0.64 0x0000FF
-12.19 467.62 -7.53 -12.56 466.35 -8.51 0.64 0x0000FF
-12.01 468.35 -7.0 -12.19 467.62 -7.53 0.64 0x0000FF
-12.01 469.26 -6.09 -12.01 468.35 -7.0 0.64 0x0000FF
-12.01 469.81 -5.79 -12.01 469.26 -6.09 0.64 0x0000FF
-11.64 469.99 -5.41 -12.01 469.81 -5.79 0.64 0x0000FF
-11.1 470.36 -5.03 -11.64 469.99 -5.41 0.64 0x0000FF
-10.55 470.9 -4.73 -11.1 470.36 -5.03 0.64 0x0000FF
-9.64 471.63 -4.65 -10.55 470.9 -4.73 0.64 0x0000FF
-9.09 472.0 -4.42 -9.64 471.63 -4.65 0.64 0x0000FF
-8.72 472.54 -4.26 -9.09 472.0 -4.42 0.64 0x0000FF
-8.36 472.91 -4.2 -8.72 472.54 -4.26 0.64 0x0000FF
-7.81 473.82 -3.74 -8.36 472.91 -4.2 0.64 0x0000FF
-7.45 474.37 -2.98 -7.81 473.82 -3.74 0.64 0x0000FF
-6.53 475.46 -2.29 -7.45 474.37 -2.98 0.64 0x0000FF
-5.99 476.0 -2.0 -6.53 475.46 -2.29 0.64 0x0000FF
-5.62 476.55 -1.7 -5.99 476.0 -2.0 0.64 0x0000FF
-5.08 478.01 -1.39 -5.62 476.55 -1.7 0.64 0x0000FF
-4.34 479.1 -1.17 -5.08 478.01 -1.39 0.64 0x0000FF
-2.89 480.74 -0.71 -4.34 479.1 -1.17 0.545 0x0000FF
-1.79 481.47 -0.64 -2.89 480.74 -0.71 0.545 0x0000FF
-0.51 482.2 -0.48 -1.79 481.47 -0.64 0.545 0x0000FF
0.03 482.56 -0.26 -0.51 482.2 -0.48 0.545 0x0000FF
1.49 483.84 -0.03 0.03 482.56 -0.26 0.545 0x0000FF
1.86 484.02 0.05 1.49 483.84 -0.03 0.545 0x0000FF
2.41 484.75 0.27 1.86 484.02 0.05 0.545 0x0000FF
2.95 485.48 0.5 2.41 484.75 0.27 0.545 0x0000FF
3.5 486.39 0.65 2.95 485.48 0.5 0.545 0x0000FF
3.86 486.94 1.18 3.5 486.39 0.65 0.545 0x0000FF
4.23 487.3 1.48 3.86 486.94 1.18 0.545 0x0000FF
5.32 488.21 2.09 4.23 487.3 1.48 0.545 0x0000FF
5.14 490.22 2.39 5.32 488.21 2.09 0.545 0x0000FF
5.69 490.95 2.62 5.14 490.22 2.39 0.545 0x0000FF
6.05 492.22 3.0 5.69 490.95 2.62 0.545 0x0000FF
6.42 492.95 3.23 6.05 492.22 3.0 0.545 0x0000FF
6.6 493.31 2.92 6.42 492.95 3.23 0.545 0x0000FF
6.97 493.5 2.24 6.6 493.31 2.92 0.545 0x0000FF
7.88 494.41 0.88 6.97 493.5 2.24 0.545 0x0000FF
8.78 495.86 -0.11 7.88 494.41 0.88 0.545 0x0000FF
9.16 496.41 -0.71 8.78 495.86 -0.11 0.545 0x0000FF
9.89 497.5 -1.55 9.16 496.41 -0.71 0.545 0x0000FF
10.43 498.23 -1.92 9.89 497.5 -1.55 0.545 0x0000FF
10.8 498.96 -2.23 10.43 498.23 -1.92 0.545 0x0000FF
11.16 499.69 -2.76 10.8 498.96 -2.23 0.455 0x0000FF
11.53 499.87 -2.91 11.16 499.69 -2.76 0.455 0x0000FF
12.44 500.78 -3.74 11.53 499.87 -2.91 0.455 0x0000FF
13.17 501.51 -4.12 12.44 500.78 -3.74 0.455 0x0000FF
13.72 501.88 -4.65 13.17 501.51 -4.12 0.455 0x0000FF
14.08 502.42 -5.79 13.72 501.88 -4.65 0.455 0x0000FF
14.99 503.33 -6.7 14.08 502.42 -5.79 0.455 0x0000FF
16.45 505.7 -7.3 14.99 503.33 -6.7 0.365 0x0000FF
6.97 489.12 2.09 5.32 488.21 2.09 0.365 0x0000FF
8.24 489.67 2.39 6.97 489.12 2.09 0.365 0x0000FF
8.97 490.03 2.7 8.24 489.67 2.39 0.365 0x0000FF
10.43 490.58 2.85 8.97 490.03 2.7 0.365 0x0000FF
12.08 490.95 3.23 10.43 490.58 2.85 0.365 0x0000FF
14.45 492.95 3.53 12.08 490.95 3.23 0.275 0x0000FF
15.91 494.22 3.68 14.45 492.95 3.53 0.275 0x0000FF
-12.74 447.04 -12.3 -14.18 445.75 -12.38 0.82 0x0000FF
-12.01 447.95 -12.07 -12.74 447.04 -12.3 0.82 0x0000FF
-10.91 449.22 -12.0 -12.01 447.95 -12.07 0.82 0x0000FF
-10.18 449.77 -12.53 -10.91 449.22 -12.0 0.82 0x0000FF
-9.27 450.86 -13.14 -10.18 449.77 -12.53 0.82 0x0000FF
-7.81 452.5 -13.59 -9.27 450.86 -13.14 0.82 0x0000FF
-5.99 454.32 -14.04 -7.81 452.5 -13.59 0.82 0x0000FF
-4.53 456.51 -14.2 -5.99 454.32 -14.04 0.82 0x0000FF
-2.89 458.7 -14.65 -4.53 456.51 -14.2 0.82 0x0000FF
-1.79 460.52 -15.26 -2.89 458.7 -14.65 0.82 0x0000FF
-0.7 461.61 -15.79 -1.79 460.52 -15.26 0.82 0x0000FF
-0.15 461.98 -16.32 -0.7 461.61 -15.79 0.82 0x0000FF
0.57 462.52 -16.85 -0.15 461.98 -16.32 0.82 0x0000FF
2.41 463.98 -17.38 0.57 462.52 -16.85 0.82 0x0000FF
2.95 465.07 -17.82 2.41 463.98 -17.38 0.82 0x0000FF
3.68 465.98 -18.13 2.95 465.07 -17.82 0.82 0x0000FF
5.32 468.53 -18.66 3.68 465.98 -18.13 0.82 0x0000FF
6.05 469.99 -19.27 5.32 468.53 -18.66 0.82 0x0000FF
7.33 471.63 -19.64 6.05 469.99 -19.27 0.82 0x0000FF
7.7 472.0 -19.95 7.33 471.63 -19.64 0.82 0x0000FF
7.7 472.54 -20.48 7.7 472.0 -19.95 0.82 0x0000FF
9.16 475.64 -21.69 7.7 472.54 -20.48 0.82 0x0000FF
10.25 476.92 -21.85 9.16 475.64 -21.69 0.82 0x0000FF
12.44 479.65 -22.38 10.25 476.92 -21.85 0.82 0x0000FF
13.9 482.02 -22.98 12.44 479.65 -22.38 0.82 0x0000FF
14.26 482.56 -23.59 13.9 482.02 -22.98 0.82 0x0000FF
18.46 485.48 -24.5 14.26 482.56 -23.59 0.73 0x0000FF
20.1 486.57 -24.8 18.46 485.48 -24.5 0.73 0x0000FF
22.29 487.85 -25.33 20.1 486.57 -24.8 0.73 0x0000FF
24.48 488.94 -26.09 22.29 487.85 -25.33 0.73 0x0000FF
26.31 490.58 -26.77 24.48 488.94 -26.09 0.73 0x0000FF
27.4 491.31 -27.53 26.31 490.58 -26.77 0.73 0x0000FF
28.5 492.58 -28.13 27.4 491.31 -27.53 0.73 0x0000FF
31.42 495.5 -28.59 28.5 492.58 -28.13 0.73 0x0000FF
35.25 498.23 -29.27 31.42 495.5 -28.59 0.73 0x0000FF
37.44 499.14 -29.72 35.25 498.23 -29.27 0.73 0x0000FF
38.53 500.06 -30.1 37.44 499.14 -29.72 0.73 0x0000FF
39.63 500.78 -30.48 38.53 500.06 -30.1 0.73 0x0000FF
39.99 501.15 -31.01 39.63 500.78 -30.48 0.73 0x0000FF
43.82 502.79 -31.39 39.99 501.15 -31.01 0.64 0x0000FF
45.1 503.7 -29.57 43.82 502.79 -31.39 0.545 0x0000FF
45.65 504.25 -29.19 45.1 503.7 -29.57 0.545 0x0000FF
46.38 504.43 -28.89 45.65 504.25 -29.19 0.545 0x0000FF
48.93 506.43 -28.59 46.38 504.43 -28.89 0.455 0x0000FF
51.85 507.34 -28.21 48.93 506.43 -28.59 0.365 0x0000FF
52.94 507.89 -28.06 51.85 507.34 -28.21 0.365 0x0000FF
53.67 508.25 -27.6 52.94 507.89 -28.06 0.365 0x0000FF
55.13 508.98 -27.3 53.67 508.25 -27.6 0.365 0x0000FF
56.96 510.8 -27.22 55.13 508.98 -27.3 0.365 0x0000FF
58.97 512.44 -27.0 56.96 510.8 -27.22 0.365 0x0000FF
60.61 513.72 -26.62 58.97 512.44 -27.0 0.365 0x0000FF
61.88 514.63 -26.39 60.61 513.72 -26.62 0.365 0x0000FF
63.89 515.54 -25.94 61.88 514.63 -26.39 0.365 0x0000FF
64.44 516.09 -25.71 63.89 515.54 -25.94 0.365 0x0000FF
65.9 516.45 -25.18 64.44 516.09 -25.71 0.365 0x0000FF
67.18 517.0 -24.95 65.9 516.45 -25.18 0.365 0x0000FF
40.36 502.06 -30.94 39.99 501.15 -31.01 1.005 0x0000FF
40.17 503.15 -30.78 40.36 502.06 -30.94 0.73 0x0000FF
39.99 505.16 -30.56 40.17 503.15 -30.78 0.73 0x0000FF
40.72 509.89 -30.33 39.99 505.16 -30.56 0.64 0x0000FF
41.63 513.36 -30.18 40.72 509.89 -30.33 0.64 0x0000FF
43.82 518.09 -30.1 41.63 513.36 -30.18 0.64 0x0000FF
45.83 521.19 -29.8 43.82 518.09 -30.1 0.64 0x0000FF
48.38 523.01 -29.72 45.83 521.19 -29.8 0.64 0x0000FF
52.76 526.11 -29.5 48.38 523.01 -29.72 0.545 0x0000FF
54.04 526.66 -29.88 52.76 526.11 -29.5 0.545 0x0000FF
54.95 527.2 -30.1 54.04 526.66 -29.88 0.545 0x0000FF
57.87 528.84 -30.33 54.95 527.2 -30.1 0.545 0x0000FF
60.43 531.03 -30.63 57.87 528.84 -30.33 0.545 0x0000FF
63.53 533.76 -31.32 60.43 531.03 -30.63 0.545 0x0000FF
65.17 535.58 -31.54 63.53 533.76 -31.32 0.545 0x0000FF
66.08 536.86 -31.69 65.17 535.58 -31.54 0.455 0x0000FF
67.36 538.5 -32.0 66.08 536.86 -31.69 0.455 0x0000FF
68.45 541.96 -32.29 67.36 538.5 -32.0 0.455 0x0000FF
42.0 503.15 -30.63 40.36 502.06 -30.94 1.185 0x0000FF
42.0 503.7 -31.09 42.0 503.15 -30.63 1.185 0x0000FF
42.36 504.25 -31.39 42.0 503.7 -31.09 1.185 0x0000FF
42.36 504.79 -32.38 42.36 504.25 -31.39 1.185 0x0000FF
42.54 505.34 -32.6 42.36 504.79 -32.38 1.185 0x0000FF
42.54 505.89 -32.83 42.54 505.34 -32.6 1.185 0x0000FF
42.54 506.25 -33.21 42.54 505.89 -32.83 1.185 0x0000FF
42.36 506.61 -33.65 42.54 506.25 -33.21 1.185 0x0000FF
42.36 507.53 -33.97 42.36 506.61 -33.65 1.095 0x0000FF
42.36 508.25 -34.11 42.36 507.53 -33.97 1.095 0x0000FF
42.0 509.35 -34.57 42.36 508.25 -34.11 0.91 0x0000FF
41.82 509.71 -35.1 42.0 509.35 -34.57 0.91 0x0000FF
40.72 511.9 -36.24 41.82 509.71 -35.1 0.91 0x0000FF
40.36 512.99 -37.38 40.72 511.9 -36.24 0.73 0x0000FF
40.36 513.72 -37.83 40.36 512.99 -37.38 0.73 0x0000FF
40.72 514.45 -38.28 40.36 513.72 -37.83 0.73 0x0000FF
40.9 515.17 -38.89 40.72 514.45 -38.28 0.73 0x0000FF
41.09 516.09 -39.27 40.9 515.17 -38.89 0.73 0x0000FF
41.09 516.64 -39.86 41.09 516.09 -39.27 0.73 0x0000FF
40.72 517.54 -40.4 41.09 516.64 -39.86 0.73 0x0000FF
40.54 518.28 -41.31 40.72 517.54 -40.4 0.73 0x0000FF
40.17 519.19 -41.84 40.54 518.28 -41.31 0.73 0x0000FF
39.81 520.1 -42.68 40.17 519.19 -41.84 0.73 0x0000FF
38.53 522.47 -43.97 39.81 520.1 -42.68 0.64 0x0000FF
38.53 523.19 -44.04 38.53 522.47 -43.97 0.64 0x0000FF
38.35 523.74 -44.34 38.53 523.19 -44.04 0.64 0x0000FF
38.53 524.29 -44.8 38.35 523.74 -44.34 0.64 0x0000FF
38.9 525.02 -45.4 38.53 524.29 -44.8 0.64 0x0000FF
39.08 525.55 -46.77 38.9 525.02 -45.4 0.64 0x0000FF
39.26 526.66 -47.68 39.08 525.55 -46.77 0.64 0x0000FF
38.9 527.57 -48.36 39.26 526.66 -47.68 0.64 0x0000FF
38.53 528.66 -49.12 38.9 527.57 -48.36 0.64 0x0000FF
38.17 529.39 -50.78 38.53 528.66 -49.12 0.64 0x0000FF
37.44 530.48 -52.07 38.17 529.39 -50.78 0.64 0x0000FF
36.71 531.39 -52.98 37.44 530.48 -52.07 0.64 0x0000FF
36.34 532.12 -53.89 36.71 531.39 -52.98 0.64 0x0000FF
36.15 533.03 -54.8 36.34 532.12 -53.89 0.64 0x0000FF
35.61 534.49 -55.18 36.15 533.03 -54.8 0.64 0x0000FF
35.25 535.58 -55.63 35.61 534.49 -55.18 0.64 0x0000FF
35.43 537.59 -56.09 35.25 535.58 -55.63 0.64 0x0000FF
35.43 540.5 -56.54 35.43 537.59 -56.09 0.64 0x0000FF
37.61 543.78 -57.07 35.43 540.5 -56.54 0.64 0x0000FF
39.26 545.79 -57.52 37.61 543.78 -57.07 0.545 0x0000FF
39.99 547.24 -57.6 39.26 545.79 -57.52 0.545 0x0000FF
41.09 548.7 -58.28 39.99 547.24 -57.6 0.545 0x0000FF
43.46 551.25 -58.74 41.09 548.7 -58.28 0.545 0x0000FF
46.38 553.26 -59.49 43.46 551.25 -58.74 0.545 0x0000FF
47.29 554.72 -60.02 46.38 553.26 -59.49 0.455 0x0000FF
47.47 557.08 -60.78 47.29 554.72 -60.02 0.455 0x0000FF
46.19 559.09 -60.93 47.47 557.08 -60.78 0.455 0x0000FF
