25.96 -5.53 -3.74 19.67 -0.71 -9.65 1.095 0x0000FF
27.42 -5.89 -2.91 25.96 -5.53 -3.74 1.095 0x0000FF
28.52 -5.89 -2.68 27.42 -5.89 -2.91 1.095 0x0000FF
28.88 -5.89 -2.45 28.52 -5.89 -2.68 1.095 0x0000FF
29.43 -6.44 -2.29 28.88 -5.89 -2.45 1.095 0x0000FF
30.89 -6.99 -2.15 29.43 -6.44 -2.29 1.095 0x0000FF
31.8 -6.99 -1.92 30.89 -6.99 -2.15 1.095 0x0000FF
33.44 -7.53 -1.7 31.8 -6.99 -1.92 1.095 0x0000FF
34.17 -7.9 -1.47 33.44 -7.53 -1.7 1.095 0x0000FF
34.9 -8.26 -1.47 34.17 -7.9 -1.47 1.095 0x0000FF
35.27 -8.63 -1.47 34.9 -8.26 -1.47 1.095 0x0000FF
36.0 -8.99 -1.17 35.27 -8.63 -1.47 1.095 0x0000FF
36.36 -8.99 -1.17 36.0 -8.99 -1.17 1.095 0x0000FF
37.46 -9.72 -1.17 36.36 -8.99 -1.17 1.095 0x0000FF
37.82 -10.09 -1.62 37.46 -9.72 -1.17 1.095 0x0000FF
38.19 -10.27 -1.85 37.82 -10.09 -1.62 1.095 0x0000FF
38.54 -10.27 -2.08 38.19 -10.27 -1.85 1.095 0x0000FF
38.54 -10.27 -3.14 38.54 -10.27 -2.08 1.095 0x0000FF
38.92 -10.27 -3.59 38.54 -10.27 -3.14 1.095 0x0000FF
38.92 -10.27 -4.26 38.92 -10.27 -3.59 1.095 0x0000FF
39.65 -10.63 -4.5 38.92 -10.27 -4.26 1.095 0x0000FF
39.65 -10.63 -4.8 39.65 -10.63 -4.5 1.095 0x0000FF
40.56 -12.09 -3.97 39.65 -10.63 -4.8 0.64 0x0000FF
41.11 -12.45 -3.59 40.56 -12.09 -3.97 0.64 0x0000FF
41.84 -12.64 -3.29 41.11 -12.45 -3.59 0.64 0x0000FF
42.2 -13.0 -3.06 41.84 -12.64 -3.29 0.64 0x0000FF
44.21 -13.91 -2.83 42.2 -13.0 -3.06 0.64 0x0000FF
47.13 -15.55 -2.52 44.21 -13.91 -2.83 0.64 0x0000FF
48.59 -16.46 -2.23 47.13 -15.55 -2.52 0.64 0x0000FF
50.59 -17.55 -2.08 48.59 -16.46 -2.23 0.64 0x0000FF
51.14 -17.73 -2.29 50.59 -17.55 -2.08 0.64 0x0000FF
51.14 -17.73 -3.36 51.14 -17.73 -2.29 0.64 0x0000FF
52.24 -18.47 -3.67 51.14 -17.73 -3.36 0.64 0x0000FF
53.69 -18.82 -4.95 52.24 -18.47 -3.67 0.64 0x0000FF
54.61 -19.38 -4.65 53.69 -18.82 -4.95 0.64 0x0000FF
55.88 -19.55 -4.26 54.61 -19.38 -4.65 0.64 0x0000FF
58.44 -20.11 -3.82 55.88 -19.55 -4.26 0.64 0x0000FF
59.9 -20.47 -3.59 58.44 -20.11 -3.82 0.64 0x0000FF
60.63 -20.65 -3.51 59.9 -20.47 -3.59 0.64 0x0000FF
61.0 -20.95 -5.86 60.63 -20.65 -3.51 0.73 0x0000FF
61.73 -21.49 -6.32 61.0 -20.95 -5.86 0.73 0x0000FF
62.27 -22.04 -6.7 61.73 -21.49 -6.32 0.73 0x0000FF
63.0 -22.77 -6.77 62.27 -22.04 -6.7 0.73 0x0000FF
64.28 -23.5 -7.23 63.0 -22.77 -6.77 0.73 0x0000FF
66.09 -24.77 -7.76 64.28 -23.5 -7.23 0.64 0x0000FF
66.47 -25.68 -8.06 66.09 -24.77 -7.76 0.64 0x0000FF
67.02 -26.96 -8.44 66.47 -25.68 -8.06 0.64 0x0000FF
67.38 -27.87 -8.51 67.02 -26.96 -8.44 0.64 0x0000FF
68.84 -29.69 -9.19 67.38 -27.87 -8.51 0.64 0x0000FF
69.2 -30.24 -9.8 68.84 -29.69 -9.19 0.64 0x0000FF
69.39 -30.6 -10.02 69.2 -30.24 -9.8 0.64 0x0000FF
69.94 -31.51 -11.09 69.39 -30.6 -10.02 0.64 0x0000FF
70.3 -32.43 -11.39 69.94 -31.51 -11.09 0.64 0x0000FF
70.67 -33.52 -11.7 70.3 -32.43 -11.39 0.64 0x0000FF
71.03 -34.25 -12.07 70.67 -33.52 -11.7 0.64 0x0000FF
71.58 -36.07 -12.07 71.03 -34.25 -12.07 0.64 0x0000FF
71.94 -36.79 -11.7 71.58 -36.07 -12.07 0.64 0x0000FF
71.73 -38.65 -9.42 71.94 -36.79 -11.7 0.455 0x0000FF
71.38 -39.2 -9.42 71.73 -38.65 -9.42 0.455 0x0000FF
71.56 -40.11 -9.8 71.38 -39.2 -9.42 0.455 0x0000FF
71.73 -41.2 -9.8 71.56 -40.11 -9.8 0.455 0x0000FF
71.73 -41.57 -9.8 71.73 -41.2 -9.8 0.455 0x0000FF
71.73 -43.39 -9.88 71.73 -41.57 -9.8 0.455 0x0000FF
71.73 -44.48 -10.26 71.73 -43.39 -9.88 0.455 0x0000FF
71.38 -45.94 -10.26 71.73 -44.48 -10.26 0.455 0x0000FF
71.56 -48.13 -10.33 71.38 -45.94 -10.26 0.455 0x0000FF
71.73 -49.77 -10.48 71.56 -48.13 -10.33 0.455 0x0000FF
71.73 -51.59 -10.79 71.73 -49.77 -10.48 0.455 0x0000FF
71.38 -52.5 -11.17 71.73 -51.59 -10.79 0.455 0x0000FF
71.38 -53.05 -11.24 71.38 -52.5 -11.17 0.455 0x0000FF
71.01 -53.96 -11.54 71.38 -53.05 -11.24 0.455 0x0000FF
70.28 -55.05 -11.24 71.01 -53.96 -11.54 0.455 0x0000FF
70.09 -55.6 -11.09 70.28 -55.05 -11.24 0.455 0x0000FF
69.73 -56.51 -10.41 70.09 -55.6 -11.09 0.455 0x0000FF
69.73 -57.6 -10.26 69.73 -56.51 -10.41 0.455 0x0000FF
69.73 -58.51 -10.11 69.73 -57.6 -10.26 0.455 0x0000FF
69.55 -59.24 -10.11 69.73 -58.51 -10.11 0.455 0x0000FF
69.55 -60.15 -9.8 69.55 -59.24 -10.11 0.455 0x0000FF
69.73 -60.7 -9.88 69.55 -60.15 -9.8 0.455 0x0000FF
69.92 -61.06 -10.18 69.73 -60.7 -9.88 0.455 0x0000FF
70.09 -61.61 -10.41 69.92 -61.06 -10.18 0.455 0x0000FF
69.92 -62.52 -10.41 70.09 -61.61 -10.41 0.455 0x0000FF
69.55 -63.43 -10.86 69.92 -62.52 -10.41 0.455 0x0000FF
69.37 -63.98 -10.94 69.55 -63.43 -10.86 0.455 0x0000FF
69.01 -64.34 -11.09 69.37 -63.98 -10.94 0.455 0x0000FF
68.45 -64.89 -10.94 69.01 -64.34 -11.09 0.455 0x0000FF
67.91 -65.06 -10.26 68.45 -64.89 -10.94 0.455 0x0000FF
67.18 -65.44 -9.5 67.91 -65.06 -10.26 0.455 0x0000FF
66.81 -65.8 -9.35 67.18 -65.44 -9.5 0.455 0x0000FF
66.63 -65.98 -8.67 66.81 -65.8 -9.35 0.455 0x0000FF
65.9 -66.53 -7.83 66.63 -65.98 -8.67 0.455 0x0000FF
65.9 -66.53 -6.7 65.9 -66.53 -7.83 0.455 0x0000FF
65.9 -66.53 -5.56 65.9 -66.53 -6.7 0.455 0x0000FF
64.98 -67.26 -5.48 65.9 -66.53 -5.56 0.455 0x0000FF
63.53 -67.26 -5.18 64.98 -67.26 -5.48 0.455 0x0000FF
60.79 -66.53 -5.18 63.53 -67.26 -5.18 0.365 0x0000FF
69.37 -65.98 -11.62 69.01 -64.34 -11.09 0.365 0x0000FF
69.73 -66.89 -11.62 69.37 -65.98 -11.62 0.365 0x0000FF
70.83 -68.34 -12.98 69.73 -66.89 -11.62 0.365 0x0000FF
70.83 -68.9 -13.29 70.83 -68.34 -12.98 0.365 0x0000FF
70.83 -69.26 -13.97 70.83 -68.9 -13.29 0.365 0x0000FF
70.09 -70.36 -14.2 70.83 -69.26 -13.97 0.365 0x0000FF
69.73 -71.08 -14.27 70.09 -70.36 -14.2 0.365 0x0000FF
69.01 -71.63 -14.35 69.73 -71.08 -14.27 0.365 0x0000FF
68.45 -72.54 -14.88 69.01 -71.63 -14.35 0.365 0x0000FF
67.91 -73.09 -15.26 68.45 -72.54 -14.88 0.365 0x0000FF
67.36 -73.64 -15.33 67.91 -73.09 -15.26 0.365 0x0000FF
67.18 -74.36 -15.94 67.36 -73.64 -15.33 0.365 0x0000FF
67.18 -75.28 -16.47 67.18 -74.36 -15.94 0.365 0x0000FF
67.36 -76.55 -16.62 67.18 -75.28 -16.47 0.365 0x0000FF
67.73 -78.01 -17.07 67.36 -76.55 -16.62 0.365 0x0000FF
67.73 -80.01 -17.53 67.73 -78.01 -17.07 0.365 0x0000FF
67.36 -82.02 -17.6 67.73 -80.01 -17.53 0.365 0x0000FF
66.63 -83.66 -17.82 67.36 -82.02 -17.6 0.365 0x0000FF
66.63 -85.66 -18.05 66.63 -83.66 -17.82 0.455 0x0000FF
66.27 -86.75 -18.21 66.63 -85.66 -18.05 0.455 0x0000FF
66.09 -87.48 -18.21 66.27 -86.75 -18.21 0.455 0x0000FF
65.9 -88.58 -18.44 66.09 -87.48 -18.21 0.455 0x0000FF
65.9 -88.94 -18.44 65.9 -88.58 -18.44 0.455 0x0000FF
65.9 -89.49 -18.44 65.9 -88.94 -18.44 0.455 0x0000FF
65.9 -89.85 -18.51 65.9 -89.49 -18.44 0.455 0x0000FF
65.72 -90.4 -18.89 65.9 -89.85 -18.51 0.455 0x0000FF
65.54 -90.76 -19.2 65.72 -90.4 -18.89 0.455 0x0000FF
65.17 -91.13 -19.42 65.54 -90.76 -19.2 0.455 0x0000FF
64.81 -91.67 -19.5 65.17 -91.13 -19.42 0.455 0x0000FF
64.26 -92.4 -20.03 64.81 -91.67 -19.5 0.455 0x0000FF
63.71 -93.13 -20.1 64.26 -92.4 -20.03 0.455 0x0000FF
63.17 -93.86 -20.26 63.71 -93.13 -20.1 0.455 0x0000FF
63.17 -94.59 -20.56 63.17 -93.86 -20.26 0.455 0x0000FF
62.8 -95.86 -20.94 63.17 -94.59 -20.56 0.455 0x0000FF
62.44 -96.96 -21.09 62.8 -95.86 -20.94 0.455 0x0000FF
62.07 -99.14 -21.09 62.44 -96.96 -21.09 0.455 0x0000FF
61.89 -99.87 -21.24 62.07 -99.14 -21.09 0.455 0x0000FF
62.25 -100.78 -21.32 61.89 -99.87 -21.24 0.455 0x0000FF
62.25 -101.69 -22.0 62.25 -100.78 -21.32 0.455 0x0000FF
62.07 -102.42 -22.76 62.25 -101.69 -22.0 0.455 0x0000FF
61.71 -103.33 -23.29 62.07 -102.42 -22.76 0.455 0x0000FF
60.79 -104.61 -23.97 61.71 -103.33 -23.29 0.455 0x0000FF
60.43 -104.97 -24.65 60.79 -104.61 -23.97 0.455 0x0000FF
59.52 -106.25 -25.41 60.43 -104.97 -24.65 0.455 0x0000FF
58.79 -107.16 -25.63 59.52 -106.25 -25.41 0.455 0x0000FF
58.06 -107.71 -26.92 58.79 -107.16 -25.63 0.455 0x0000FF
56.96 -108.8 -27.15 58.06 -107.71 -26.92 0.455 0x0000FF
56.42 -109.53 -27.91 56.96 -108.8 -27.15 0.455 0x0000FF
55.69 -110.26 -28.36 56.42 -109.53 -27.91 0.455 0x0000FF
54.77 -110.8 -28.89 55.69 -110.26 -28.36 0.455 0x0000FF
54.41 -111.17 -29.27 54.77 -110.8 -28.89 0.455 0x0000FF
53.86 -111.72 -29.8 54.41 -111.17 -29.27 0.455 0x0000FF
53.31 -111.72 -30.41 53.86 -111.72 -29.8 0.455 0x0000FF
52.4 -111.9 -31.24 53.31 -111.72 -30.41 0.455 0x0000FF
52.04 -112.08 -31.69 52.4 -111.9 -31.24 0.455 0x0000FF
51.67 -112.44 -32.6 52.04 -112.08 -31.69 0.455 0x0000FF
50.58 -113.17 -35.25 51.67 -112.44 -32.6 0.455 0x0000FF
50.21 -114.45 -35.56 50.58 -113.17 -35.25 0.455 0x0000FF
49.85 -115.36 -36.47 50.21 -114.45 -35.56 0.455 0x0000FF
49.85 -117.36 -37.68 49.85 -115.36 -36.47 0.365 0x0000FF
49.85 -118.09 -37.75 49.85 -117.36 -37.68 0.365 0x0000FF
49.3 -118.82 -38.28 49.85 -118.09 -37.75 0.365 0x0000FF
49.12 -119.37 -39.04 49.3 -118.82 -38.28 0.365 0x0000FF
48.94 -119.91 -39.42 49.12 -119.37 -39.04 0.365 0x0000FF
48.57 -120.28 -40.03 48.94 -119.91 -39.42 0.365 0x0000FF
48.21 -121.19 -40.56 48.57 -120.28 -40.03 0.365 0x0000FF
47.84 -122.83 -40.63 48.21 -121.19 -40.56 0.365 0x0000FF
47.84 -124.65 -41.16 47.84 -122.83 -40.63 0.365 0x0000FF
48.39 -126.29 -41.69 47.84 -124.65 -41.16 0.365 0x0000FF
48.94 -127.38 -41.84 48.39 -126.29 -41.69 0.365 0x0000FF
49.3 -127.93 -42.15 48.94 -127.38 -41.84 0.365 0x0000FF
49.48 -128.66 -42.53 49.3 -127.93 -42.15 0.365 0x0000FF
49.48 -129.02 -43.13 49.48 -128.66 -42.53 0.365 0x0000FF
49.48 -129.57 -43.59 49.48 -129.02 -43.13 0.365 0x0000FF
49.67 -130.85 -43.66 49.48 -129.57 -43.59 0.365 0x0000FF
49.85 -131.38 -44.95 49.67 -130.85 -43.66 0.365 0x0000FF
50.4 -132.49 -45.86 49.85 -131.38 -44.95 0.365 0x0000FF
50.94 -133.03 -46.54 50.4 -132.49 -45.86 0.365 0x0000FF
51.49 -133.76 -46.92 50.94 -133.03 -46.54 0.365 0x0000FF
73.95 -38.61 -11.39 71.94 -36.79 -11.7 0.64 0x0000FF
74.5 -39.71 -11.24 73.95 -38.61 -11.39 0.64 0x0000FF
75.95 -42.08 -10.79 74.5 -39.71 -11.24 0.64 0x0000FF
76.14 -42.81 -11.32 75.95 -42.08 -10.79 0.64 0x0000FF
76.31 -43.36 -12.3 76.14 -42.81 -11.32 0.64 0x0000FF
76.87 -44.27 -13.14 76.31 -43.36 -12.3 0.64 0x0000FF
77.59 -45.0 -13.97 76.87 -44.27 -13.14 0.64 0x0000FF
79.61 -47.55 -14.73 77.59 -45.0 -13.97 0.64 0x0000FF
80.7 -49.01 -15.18 79.61 -47.55 -14.73 0.64 0x0000FF
81.8 -49.92 -15.48 80.7 -49.01 -15.18 0.64 0x0000FF
82.71 -50.83 -15.63 81.8 -49.92 -15.48 0.64 0x0000FF
84.35 -52.1 -15.94 82.71 -50.83 -15.63 0.64 0x0000FF
86.17 -53.38 -16.09 84.35 -52.1 -15.94 0.64 0x0000FF
87.45 -54.29 -16.32 86.17 -53.38 -16.09 0.64 0x0000FF
88.18 -55.75 -16.32 87.45 -54.29 -16.32 0.64 0x0000FF
89.09 -57.2 -16.32 88.18 -55.75 -16.32 0.64 0x0000FF
90.01 -59.03 -16.62 89.09 -57.2 -16.32 0.64 0x0000FF
90.92 -60.48 -16.92 90.01 -59.03 -16.62 0.64 0x0000FF
92.38 -61.76 -17.0 90.92 -60.48 -16.92 0.64 0x0000FF
94.2 -62.85 -17.23 92.38 -61.76 -17.0 0.64 0x0000FF
96.21 -64.13 -17.45 94.2 -62.85 -17.23 0.64 0x0000FF
98.58 -65.59 -17.6 96.21 -64.13 -17.45 0.64 0x0000FF
100.04 -66.31 -17.68 98.58 -65.59 -17.6 0.64 0x0000FF
104.78 -68.31 -17.76 100.04 -66.31 -17.68 0.545 0x0000FF
106.97 -69.23 -17.76 104.78 -68.31 -17.76 0.545 0x0000FF
108.43 -70.5 -17.91 106.97 -69.23 -17.76 0.545 0x0000FF
110.26 -71.78 -18.21 108.43 -70.5 -17.91 0.545 0x0000FF
112.08 -73.97 -18.36 110.26 -71.78 -18.21 0.545 0x0000FF
112.99 -74.88 -18.59 112.08 -73.97 -18.36 0.545 0x0000FF
113.72 -76.52 -18.66 112.99 -74.88 -18.59 0.545 0x0000FF
114.45 -77.43 -19.04 113.72 -76.52 -18.66 0.545 0x0000FF
114.45 -77.79 -19.04 114.45 -77.43 -19.04 0.545 0x0000FF
114.82 -78.34 -18.66 114.45 -77.79 -19.04 0.545 0x0000FF
115.18 -79.25 -18.29 114.82 -78.34 -18.66 0.545 0x0000FF
115.73 -80.34 -17.82 115.18 -79.25 -18.29 0.545 0x0000FF
116.46 -82.17 -17.38 115.73 -80.34 -17.82 0.545 0x0000FF
117.01 -83.26 -17.0 116.46 -82.17 -17.38 0.545 0x0000FF
118.1 -84.53 -16.47 117.01 -83.26 -17.0 0.545 0x0000FF
119.02 -85.63 -16.17 118.1 -84.53 -16.47 0.545 0x0000FF
119.93 -86.72 -15.86 119.02 -85.63 -16.17 0.545 0x0000FF
121.75 -88.72 -15.26 119.93 -86.72 -15.86 0.545 0x0000FF
122.48 -89.45 -14.8 121.75 -88.72 -15.26 0.545 0x0000FF
123.21 -90.36 -14.35 122.48 -89.45 -14.8 0.545 0x0000FF
124.12 -91.46 -14.04 123.21 -90.36 -14.35 0.545 0x0000FF
124.49 -92.19 -13.51 124.12 -91.46 -14.04 0.545 0x0000FF
125.22 -93.28 -13.14 124.49 -92.19 -13.51 0.545 0x0000FF
125.77 -94.74 -12.68 125.22 -93.28 -13.14 0.545 0x0000FF
126.31 -96.01 -12.07 125.77 -94.74 -12.68 0.545 0x0000FF
126.86 -97.29 -11.62 126.31 -96.01 -12.07 0.545 0x0000FF
127.23 -98.02 -11.54 126.86 -97.29 -11.62 0.545 0x0000FF
127.96 -99.84 -11.17 127.23 -98.02 -11.54 0.545 0x0000FF
128.32 -101.3 -11.01 127.96 -99.84 -11.17 0.545 0x0000FF
128.32 -103.85 -10.79 128.32 -101.3 -11.01 0.545 0x0000FF
128.13 -105.67 -10.64 128.32 -103.85 -10.79 0.545 0x0000FF
128.13 -107.13 -10.26 128.13 -105.67 -10.64 0.545 0x0000FF
128.32 -109.13 -10.18 128.13 -107.13 -10.26 0.545 0x0000FF
128.5 -110.59 -10.11 128.32 -109.13 -10.18 0.545 0x0000FF
128.69 -111.14 -9.94 128.5 -110.59 -10.11 0.545 0x0000FF
129.96 -112.23 -9.65 128.69 -111.14 -9.94 0.545 0x0000FF
130.51 -112.78 -9.42 129.96 -112.23 -9.65 0.545 0x0000FF
130.86 -114.63 -9.19 130.51 -112.78 -9.42 0.455 0x0000FF
131.04 -115.36 -8.97 130.86 -114.63 -9.19 0.455 0x0000FF
131.04 -116.45 -8.89 131.04 -115.36 -8.97 0.455 0x0000FF
131.4 -117.91 -8.89 131.04 -116.45 -8.89 0.455 0x0000FF
62.45 -20.47 -3.36 60.63 -20.65 -3.51 0.545 0x0000FF
64.45 -19.92 -3.14 62.45 -20.47 -3.36 0.545 0x0000FF
65.55 -19.55 -3.06 64.45 -19.92 -3.14 0.545 0x0000FF
66.09 -19.38 -2.83 65.55 -19.55 -3.06 0.545 0x0000FF
67.2 -19.38 -2.76 66.09 -19.38 -2.83 0.545 0x0000FF
68.84 -19.73 -2.38 67.2 -19.38 -2.76 0.545 0x0000FF
69.75 -19.92 -2.23 68.84 -19.73 -2.38 0.545 0x0000FF
70.84 -20.11 -1.92 69.75 -19.92 -2.23 0.545 0x0000FF
71.39 -20.11 -1.55 70.84 -20.11 -1.92 0.545 0x0000FF
72.3 -20.29 -1.17 71.39 -20.11 -1.55 0.545 0x0000FF
72.67 -20.65 -0.86 72.3 -20.29 -1.17 0.545 0x0000FF
73.03 -20.83 -0.64 72.67 -20.65 -0.86 0.545 0x0000FF
73.76 -21.75 0.05 73.03 -20.83 -0.64 0.545 0x0000FF
74.48 -22.29 0.2 73.76 -21.75 0.05 0.545 0x0000FF
74.31 -22.77 -0.48 74.48 -22.29 0.2 0.455 0x0000FF
74.13 -23.13 -0.48 74.31 -22.77 -0.48 0.455 0x0000FF
74.13 -23.68 -0.11 74.13 -23.13 -0.48 0.455 0x0000FF
74.31 -24.04 -1.32 74.13 -23.68 -0.11 0.455 0x0000FF
74.68 -24.95 -2.08 74.31 -24.04 -1.32 0.455 0x0000FF
75.23 -25.32 -2.08 74.68 -24.95 -2.08 0.455 0x0000FF
75.59 -25.68 -2.38 75.23 -25.32 -2.08 0.455 0x0000FF
76.31 -26.23 -2.91 75.59 -25.68 -2.38 0.455 0x0000FF
76.87 -26.59 -2.91 76.31 -26.23 -2.91 0.455 0x0000FF
77.23 -27.14 -3.51 76.87 -26.59 -2.91 0.455 0x0000FF
77.78 -27.51 -3.89 77.23 -27.14 -3.51 0.455 0x0000FF
78.15 -28.05 -4.26 77.78 -27.51 -3.89 0.455 0x0000FF
78.51 -28.42 -4.42 78.15 -28.05 -4.26 0.455 0x0000FF
78.88 -28.96 -5.11 78.51 -28.42 -4.42 0.455 0x0000FF
79.23 -29.51 -5.56 78.88 -28.96 -5.11 0.455 0x0000FF
79.42 -30.06 -6.7 79.23 -29.51 -5.56 0.455 0x0000FF
79.97 -30.79 -7.38 79.42 -30.06 -6.7 0.455 0x0000FF
80.15 -31.15 -7.76 79.97 -30.79 -7.38 0.455 0x0000FF
80.52 -31.51 -8.06 80.15 -31.15 -7.76 0.455 0x0000FF
80.88 -31.88 -8.14 80.52 -31.51 -8.06 0.455 0x0000FF
81.25 -31.88 -8.67 80.88 -31.88 -8.14 0.455 0x0000FF
81.8 -32.06 -9.03 81.25 -31.88 -8.67 0.455 0x0000FF
81.98 -32.06 -10.11 81.8 -32.06 -9.03 0.455 0x0000FF
82.53 -32.61 -10.41 81.98 -32.06 -10.11 0.455 0x0000FF
82.71 -32.79 -10.79 82.53 -32.61 -10.41 0.455 0x0000FF
83.26 -33.15 -11.01 82.71 -32.79 -10.79 0.455 0x0000FF
83.26 -33.34 -12.38 83.26 -33.15 -11.01 0.455 0x0000FF
83.44 -33.88 -13.36 83.26 -33.34 -12.38 0.455 0x0000FF
83.62 -34.61 -14.5 83.44 -33.88 -13.36 0.455 0x0000FF
83.62 -34.97 -15.33 83.62 -34.61 -14.5 0.455 0x0000FF
83.44 -35.52 -15.94 83.62 -34.97 -15.33 0.455 0x0000FF
83.07 -36.07 -16.01 83.44 -35.52 -15.94 0.455 0x0000FF
83.07 -36.61 -16.85 83.07 -36.07 -16.01 0.455 0x0000FF
82.53 -37.53 -17.38 83.07 -36.61 -16.85 0.455 0x0000FF
82.16 -38.26 -17.82 82.53 -37.53 -17.38 0.455 0x0000FF
82.16 -38.97 -18.13 82.16 -38.26 -17.82 0.455 0x0000FF
82.16 -39.35 -18.13 82.16 -38.97 -18.13 0.455 0x0000FF
82.34 -39.71 -18.82 82.16 -39.35 -18.13 0.455 0x0000FF
82.53 -40.44 -19.27 82.34 -39.71 -18.82 0.455 0x0000FF
82.53 -40.81 -19.35 82.53 -40.44 -19.27 0.455 0x0000FF
82.71 -41.35 -19.8 82.53 -40.81 -19.35 0.455 0x0000FF
82.89 -41.9 -20.1 82.71 -41.35 -19.8 0.455 0x0000FF
83.07 -42.45 -20.18 82.89 -41.9 -20.1 0.455 0x0000FF
83.07 -42.99 -20.56 83.07 -42.45 -20.18 0.455 0x0000FF
83.07 -43.54 -20.63 83.07 -42.99 -20.56 0.455 0x0000FF
83.26 -44.45 -21.01 83.07 -43.54 -20.63 0.455 0x0000FF
83.44 -46.09 -21.09 83.26 -44.45 -21.01 0.455 0x0000FF
83.44 -47.37 -21.32 83.44 -46.09 -21.09 0.455 0x0000FF
83.26 -50.1 -22.6 83.44 -47.37 -21.32 0.455 0x0000FF
83.07 -51.19 -22.83 83.26 -50.1 -22.6 0.455 0x0000FF
83.07 -52.65 -23.36 83.07 -51.19 -22.83 0.455 0x0000FF
83.26 -54.65 -23.74 83.07 -52.65 -23.36 0.455 0x0000FF
82.53 -56.48 -23.82 83.26 -54.65 -23.74 0.455 0x0000FF
82.89 -58.3 -24.12 82.53 -56.48 -23.82 0.455 0x0000FF
83.62 -60.3 -24.8 82.89 -58.3 -24.12 0.455 0x0000FF
84.17 -61.58 -24.8 83.62 -60.3 -24.8 0.455 0x0000FF
84.53 -63.4 -25.33 84.17 -61.58 -24.8 0.455 0x0000FF
85.08 -65.22 -25.94 84.53 -63.4 -25.33 0.455 0x0000FF
85.81 -66.5 -26.47 85.08 -65.22 -25.94 0.455 0x0000FF
87.63 -67.23 -26.62 85.81 -66.5 -26.47 0.455 0x0000FF
88.55 -67.95 -27.45 87.63 -67.23 -26.62 0.455 0x0000FF
89.46 -68.31 -27.6 88.55 -67.95 -27.45 0.455 0x0000FF
92.93 -68.5 -27.98 89.46 -68.31 -27.6 0.365 0x0000FF
93.65 -68.31 -28.13 92.93 -68.5 -27.98 0.365 0x0000FF
95.48 -67.59 -28.44 93.65 -68.31 -28.13 0.365 0x0000FF
97.3 -66.86 -28.82 95.48 -67.59 -28.44 0.365 0x0000FF
98.4 -66.31 -29.27 97.3 -66.86 -28.82 0.365 0x0000FF
99.49 -65.4 -29.5 98.4 -66.31 -29.27 0.365 0x0000FF
99.86 -64.86 -29.95 99.49 -65.4 -29.5 0.365 0x0000FF
100.22 -64.48 -30.1 99.86 -64.86 -29.95 0.365 0x0000FF
100.59 -63.58 -30.33 100.22 -64.48 -30.1 0.365 0x0000FF
100.95 -63.03 -30.78 100.59 -63.58 -30.33 0.365 0x0000FF
101.68 -62.49 -31.47 100.95 -63.03 -30.78 0.365 0x0000FF
102.41 -61.94 -32.0 101.68 -62.49 -31.47 0.365 0x0000FF
102.96 -61.94 -32.53 102.41 -61.94 -32.0 0.365 0x0000FF
104.05 -61.76 -33.28 102.96 -61.94 -32.53 0.365 0x0000FF
104.6 -61.58 -33.36 104.05 -61.76 -33.28 0.365 0x0000FF
105.15 -61.94 -34.35 104.6 -61.58 -33.36 0.365 0x0000FF
106.24 -61.94 -35.18 105.15 -61.94 -34.35 0.365 0x0000FF
107.34 -61.76 -35.94 106.24 -61.94 -35.18 0.365 0x0000FF
108.25 -61.39 -35.94 107.34 -61.76 -35.94 0.365 0x0000FF
108.62 -61.21 -36.69 108.25 -61.39 -35.94 0.365 0x0000FF
109.71 -60.85 -37.53 108.62 -61.21 -36.69 0.365 0x0000FF
111.17 -60.3 -38.28 109.71 -60.85 -37.53 0.365 0x0000FF
112.63 -59.94 -38.44 111.17 -60.3 -38.28 0.365 0x0000FF
114.64 -59.39 -38.97 112.63 -59.94 -38.44 0.365 0x0000FF
117.56 -59.03 -39.5 114.64 -59.39 -38.97 0.365 0x0000FF
119.38 -58.66 -39.57 117.56 -59.03 -39.5 0.365 0x0000FF
121.39 -57.93 -39.95 119.38 -58.66 -39.57 0.365 0x0000FF
123.58 -56.84 -40.25 121.39 -57.93 -39.95 0.365 0x0000FF
124.85 -55.93 -40.4 123.58 -56.84 -40.25 0.365 0x0000FF
125.95 -55.2 -40.78 124.85 -55.93 -40.4 0.365 0x0000FF
126.68 -54.65 -41.39 125.95 -55.2 -40.78 0.365 0x0000FF
127.41 -53.92 -41.77 126.68 -54.65 -41.39 0.365 0x0000FF
127.59 -53.38 -42.15 127.41 -53.92 -41.77 0.365 0x0000FF
128.32 -52.28 -42.75 127.59 -53.38 -42.15 0.365 0x0000FF
128.69 -51.92 -43.21 128.32 -52.28 -42.75 0.365 0x0000FF
129.05 -51.37 -44.42 128.69 -51.92 -43.21 0.365 0x0000FF
129.6 -50.28 -45.1 129.05 -51.37 -44.42 0.365 0x0000FF
129.96 -49.92 -46.01 129.6 -50.28 -45.1 0.365 0x0000FF
130.33 -49.19 -46.84 129.96 -49.92 -46.01 0.365 0x0000FF
131.24 -48.09 -47.45 130.33 -49.19 -46.84 0.365 0x0000FF
131.61 -47.0 -48.36 131.24 -48.09 -47.45 0.275 0x0000FF
131.97 -45.73 -49.27 131.61 -47.0 -48.36 0.275 0x0000FF
132.15 -44.63 -50.71 131.97 -45.73 -49.27 0.275 0x0000FF
76.31 -23.57 0.5 74.48 -22.29 0.2 0.545 0x0000FF
76.87 -23.93 0.65 76.31 -23.57 0.5 0.545 0x0000FF
77.59 -24.3 1.03 76.87 -23.93 0.65 0.545 0x0000FF
78.87 -24.84 1.26 77.59 -24.3 1.03 0.545 0x0000FF
79.42 -25.39 1.48 78.87 -24.84 1.26 0.545 0x0000FF
79.97 -26.12 1.71 79.42 -25.39 1.48 0.545 0x0000FF
81.25 -27.76 1.94 79.97 -26.12 1.71 0.275 0x0000FF
82.16 -28.85 2.17 81.25 -27.76 1.94 0.275 0x0000FF
83.98 -30.49 2.62 82.16 -28.85 2.17 0.365 0x0000FF
85.08 -31.58 2.85 83.98 -30.49 2.62 0.365 0x0000FF
87.08 -33.4 2.92 85.08 -31.58 2.85 0.365 0x0000FF
88.0 -34.5 3.45 87.08 -33.4 2.92 0.365 0x0000FF
90.0 -36.69 3.45 88.0 -34.5 3.45 0.365 0x0000FF
91.28 -37.78 3.08 90.0 -36.69 3.45 0.365 0x0000FF
94.75 -39.78 2.54 91.28 -37.78 3.08 0.365 0x0000FF
96.94 -40.51 2.54 94.75 -39.78 2.54 0.365 0x0000FF
100.59 -42.15 2.24 96.94 -40.51 2.54 0.365 0x0000FF
104.6 -44.16 2.0 100.59 -42.15 2.24 0.365 0x0000FF
107.88 -45.61 1.56 104.6 -44.16 2.0 0.365 0x0000FF
111.9 -47.07 1.26 107.88 -45.61 1.56 0.365 0x0000FF
115.36 -48.16 0.95 111.9 -47.07 1.26 0.365 0x0000FF
118.28 -49.44 0.88 115.36 -48.16 0.95 0.365 0x0000FF
120.11 -50.53 1.26 118.28 -49.44 0.88 0.365 0x0000FF
121.38 -51.44 1.94 120.11 -50.53 1.26 0.365 0x0000FF
122.11 -52.36 2.31 121.38 -51.44 1.94 0.365 0x0000FF
123.21 -54.0 3.23 122.11 -52.36 2.31 0.365 0x0000FF
124.3 -56.55 3.91 123.21 -54.0 3.23 0.365 0x0000FF
124.3 -58.91 4.51 124.3 -56.55 3.91 0.365 0x0000FF
122.48 -62.19 5.2 124.3 -58.91 4.51 0.365 0x0000FF
120.65 -64.2 6.11 122.48 -62.19 5.2 0.365 0x0000FF
119.01 -66.56 6.79 120.65 -64.2 6.11 0.365 0x0000FF
116.82 -71.48 7.54 119.01 -66.56 6.79 0.365 0x0000FF
116.82 -74.58 7.62 116.82 -71.48 7.54 0.365 0x0000FF
117.55 -79.31 7.77 116.82 -74.58 7.62 0.365 0x0000FF
117.92 -80.78 7.85 117.55 -79.31 7.77 0.365 0x0000FF
118.65 -82.24 8.07 117.92 -80.78 7.85 0.365 0x0000FF
119.74 -83.51 8.23 118.65 -82.24 8.07 0.365 0x0000FF
120.29 -84.42 8.23 119.74 -83.51 8.23 0.365 0x0000FF
121.38 -85.88 8.3 120.29 -84.42 8.23 0.365 0x0000FF
121.93 -86.79 8.38 121.38 -85.88 8.3 0.365 0x0000FF
121.93 -88.43 8.52 121.93 -86.79 8.38 0.365 0x0000FF
121.93 -89.89 8.61 121.93 -88.43 8.52 0.365 0x0000FF
121.57 -91.35 8.76 121.93 -89.89 8.61 0.365 0x0000FF
121.57 -93.71 8.83 121.57 -91.35 8.76 0.365 0x0000FF
121.57 -94.63 8.91 121.57 -93.71 8.83 0.365 0x0000FF
121.75 -96.45 8.83 121.57 -94.63 8.91 0.365 0x0000FF
122.3 -98.09 8.61 121.75 -96.45 8.83 0.365 0x0000FF
123.03 -99.91 8.52 122.3 -98.09 8.61 0.365 0x0000FF
123.57 -101.0 8.44 123.03 -99.91 8.52 0.365 0x0000FF
125.03 -102.64 8.3 123.57 -101.0 8.44 0.365 0x0000FF
125.95 -103.37 8.3 125.03 -102.64 8.3 0.365 0x0000FF
128.32 -104.1 8.07 125.95 -103.37 8.3 0.365 0x0000FF
129.22 -104.46 7.47 128.32 -104.1 8.07 0.365 0x0000FF
131.41 -105.01 7.09 129.22 -104.46 7.47 0.365 0x0000FF
133.43 -104.83 6.33 131.41 -105.01 7.09 0.365 0x0000FF
135.25 -104.28 5.88 133.43 -104.83 6.33 0.365 0x0000FF
137.08 -104.1 5.58 135.25 -104.28 5.88 0.365 0x0000FF
138.54 -104.1 5.12 137.08 -104.1 5.58 0.365 0x0000FF
140.91 -104.83 4.88 138.54 -104.1 5.12 0.365 0x0000FF
142.55 -105.38 4.51 140.91 -104.83 4.88 0.365 0x0000FF
144.74 -105.74 4.29 142.55 -105.38 4.51 0.365 0x0000FF
146.19 -106.1 4.29 144.74 -105.74 4.29 0.365 0x0000FF
148.21 -106.65 3.45 146.19 -106.1 4.29 0.365 0x0000FF
150.21 -107.02 3.3 148.21 -106.65 3.45 0.365 0x0000FF
152.04 -107.2 2.85 150.21 -107.02 3.3 0.365 0x0000FF
153.68 -107.38 2.54 152.04 -107.2 2.85 0.365 0x0000FF
156.96 -108.47 2.54 153.68 -107.38 2.54 0.365 0x0000FF
158.97 -109.38 2.77 156.96 -108.47 2.54 0.365 0x0000FF
160.25 -109.93 3.15 158.97 -109.38 2.77 0.365 0x0000FF
160.79 -110.48 3.61 160.25 -109.93 3.15 0.365 0x0000FF
164.63 -111.75 3.91 160.79 -110.48 3.61 0.275 0x0000FF
167.36 -113.39 4.13 164.63 -111.75 3.91 0.275 0x0000FF
168.46 -114.67 4.59 167.36 -113.39 4.13 0.275 0x0000FF
169.01 -115.03 4.82 168.46 -114.67 4.59 0.275 0x0000FF
169.37 -115.94 5.2 169.01 -115.03 4.82 0.275 0x0000FF
170.1 -116.85 5.58 169.37 -115.94 5.2 0.275 0x0000FF
171.56 -119.04 6.18 170.1 -116.85 5.58 0.275 0x0000FF
172.47 -120.86 6.71 171.56 -119.04 6.18 0.275 0x0000FF
173.38 -122.5 7.01 172.47 -120.86 6.71 0.275 0x0000FF
174.11 -123.78 7.54 173.38 -122.5 7.01 0.275 0x0000FF
174.66 -125.05 7.77 174.11 -123.78 7.54 0.275 0x0000FF
175.39 -126.69 8.0 174.66 -125.05 7.77 0.275 0x0000FF
176.16 -128.77 8.44 175.39 -126.69 8.0 0.275 0x0000FF
176.7 -128.94 8.52 176.16 -128.77 8.44 0.275 0x0000FF
177.62 -129.31 8.83 176.7 -128.94 8.52 0.275 0x0000FF
178.16 -129.68 9.06 177.62 -129.31 8.83 0.275 0x0000FF
178.89 -129.86 9.14 178.16 -129.68 9.06 0.275 0x0000FF
180.35 -130.41 9.28 178.89 -129.86 9.14 0.275 0x0000FF
81.06 -26.85 1.86 79.97 -26.12 1.71 0.545 0x0000FF
82.16 -26.85 2.0 81.06 -26.85 1.86 0.545 0x0000FF
82.52 -27.21 2.17 82.16 -26.85 2.0 0.545 0x0000FF
83.43 -27.21 2.85 82.52 -27.21 2.17 0.545 0x0000FF
84.35 -27.39 3.08 83.43 -27.21 2.85 0.545 0x0000FF
85.08 -27.58 3.98 84.35 -27.39 3.08 0.545 0x0000FF
85.81 -27.58 4.88 85.08 -27.58 3.98 0.545 0x0000FF
86.54 -27.94 5.42 85.81 -27.58 4.88 0.545 0x0000FF
87.27 -28.12 5.88 86.54 -27.94 5.42 0.545 0x0000FF
88.0 -28.12 6.41 87.27 -28.12 5.88 0.545 0x0000FF
88.54 -28.49 7.24 88.0 -28.12 6.41 0.545 0x0000FF
88.91 -28.85 7.62 88.54 -28.49 7.24 0.545 0x0000FF
89.46 -29.03 7.92 88.91 -28.85 7.62 0.545 0x0000FF
90.0 -29.76 8.44 89.46 -29.03 7.92 0.545 0x0000FF
90.37 -30.31 9.06 90.0 -29.76 8.44 0.545 0x0000FF
90.92 -31.04 9.67 90.37 -30.31 9.06 0.545 0x0000FF
91.46 -31.95 10.11 90.92 -31.04 9.67 0.545 0x0000FF
92.74 -33.4 10.65 91.46 -31.95 10.11 0.545 0x0000FF
94.93 -34.5 10.65 92.74 -33.4 10.65 0.545 0x0000FF
96.21 -35.04 11.71 94.93 -34.5 10.65 0.545 0x0000FF
98.03 -35.22 12.39 96.21 -35.04 11.71 0.545 0x0000FF
100.4 -35.04 12.77 98.03 -35.22 12.39 0.545 0x0000FF
102.23 -34.86 13.15 100.4 -35.04 12.77 0.545 0x0000FF
105.51 -34.32 13.53 102.23 -34.86 13.15 0.545 0x0000FF
109.71 -32.86 13.91 105.51 -34.32 13.53 0.545 0x0000FF
113.36 -32.86 13.98 109.71 -32.86 13.91 0.545 0x0000FF
117.74 -32.86 14.21 113.36 -32.86 13.98 0.545 0x0000FF
123.21 -33.4 14.51 117.74 -32.86 14.21 0.545 0x0000FF
126.49 -33.95 14.74 123.21 -33.4 14.51 0.545 0x0000FF
129.78 -35.04 15.42 126.49 -33.95 14.74 0.545 0x0000FF
135.8 -37.6 15.57 129.78 -35.04 15.42 0.455 0x0000FF
137.81 -37.78 15.65 135.8 -37.6 15.57 0.455 0x0000FF
140.91 -38.33 15.88 137.81 -37.78 15.65 0.365 0x0000FF
142.37 -38.51 16.26 140.91 -38.33 15.88 0.365 0x0000FF
144.56 -38.86 16.41 142.37 -38.51 16.26 0.365 0x0000FF
148.57 -40.15 16.63 144.56 -38.86 16.41 0.365 0x0000FF
150.76 -41.24 16.79 148.57 -40.15 16.63 0.365 0x0000FF
152.77 -41.97 17.09 150.76 -41.24 16.79 0.275 0x0000FF
40.19 -10.27 -5.48 39.65 -10.63 -4.8 0.455 0x0000FF
40.38 -10.45 -5.64 40.19 -10.27 -5.48 0.455 0x0000FF
40.92 -10.45 -6.32 40.38 -10.45 -5.64 0.455 0x0000FF
41.65 -10.63 -6.39 40.92 -10.45 -6.32 0.455 0x0000FF
42.38 -10.63 -6.62 41.65 -10.63 -6.39 0.455 0x0000FF
42.75 -10.63 -6.77 42.38 -10.63 -6.62 0.455 0x0000FF
43.29 -10.63 -7.0 42.75 -10.63 -6.77 0.455 0x0000FF
43.84 -10.63 -7.23 43.29 -10.63 -7.0 0.455 0x0000FF
44.94 -10.45 -7.45 43.84 -10.63 -7.23 0.455 0x0000FF
46.21 -10.27 -7.53 44.94 -10.45 -7.45 0.455 0x0000FF
47.13 -10.27 -7.76 46.21 -10.27 -7.53 0.455 0x0000FF
50.05 -8.99 -7.91 47.13 -10.27 -7.76 0.365 0x0000FF
51.14 -8.26 -8.14 50.05 -8.99 -7.91 0.365 0x0000FF
52.24 -7.53 -8.36 51.14 -8.26 -8.14 0.365 0x0000FF
53.15 -6.99 -8.82 52.24 -7.53 -8.36 0.365 0x0000FF
54.97 -5.71 -9.19 53.15 -6.99 -8.82 0.365 0x0000FF
55.88 -5.17 -9.73 54.97 -5.71 -9.19 0.365 0x0000FF
56.98 -4.44 -10.26 55.88 -5.17 -9.73 0.365 0x0000FF
58.07 -3.89 -10.94 56.98 -4.44 -10.26 0.365 0x0000FF
59.53 -3.34 -11.62 58.07 -3.89 -10.94 0.365 0x0000FF
61.18 -2.98 -12.3 59.53 -3.34 -11.62 0.365 0x0000FF
62.45 -2.62 -12.98 61.18 -2.98 -12.3 0.365 0x0000FF
64.81 -1.89 -13.14 62.45 -2.62 -12.98 0.365 0x0000FF
67.2 -0.79 -13.82 64.81 -1.89 -13.14 0.365 0x0000FF
69.56 0.48 -14.42 67.2 -0.79 -13.82 0.365 0x0000FF
71.39 1.58 -14.73 69.56 0.48 -14.42 0.365 0x0000FF
73.58 3.03 -14.95 71.39 1.58 -14.73 0.365 0x0000FF
75.41 4.49 -15.18 73.58 3.03 -14.95 0.365 0x0000FF
77.78 5.4 -15.71 75.41 4.49 -15.18 0.365 0x0000FF
79.97 6.13 -15.71 77.78 5.4 -15.71 0.365 0x0000FF
81.43 6.86 -16.23 79.97 6.13 -15.71 0.365 0x0000FF
83.62 7.22 -16.54 81.43 6.86 -16.23 0.365 0x0000FF
85.99 7.59 -16.54 83.62 7.22 -16.54 0.365 0x0000FF
88.36 8.13 -16.7 85.99 7.59 -16.54 0.365 0x0000FF
90.0 8.68 -16.85 88.36 8.13 -16.7 0.365 0x0000FF
92.01 9.23 -16.92 90.0 8.68 -16.85 0.365 0x0000FF
93.65 9.59 -17.07 92.01 9.23 -16.92 0.365 0x0000FF
96.57 10.32 -17.07 93.65 9.59 -17.07 0.365 0x0000FF
98.03 10.14 -17.14 96.57 10.32 -17.07 0.365 0x0000FF
99.49 9.96 -17.3 98.03 10.14 -17.14 0.365 0x0000FF
100.22 9.77 -17.45 99.49 9.96 -17.3 0.365 0x0000FF
101.13 9.41 -17.68 100.22 9.77 -17.45 0.365 0x0000FF
101.68 9.23 -17.98 101.13 9.41 -17.68 0.365 0x0000FF
102.41 9.05 -18.21 101.68 9.23 -17.98 0.365 0x0000FF
103.14 8.5 -18.82 102.41 9.05 -18.21 0.365 0x0000FF
104.23 8.32 -19.35 103.14 8.5 -18.82 0.365 0x0000FF
104.96 7.77 -19.8 104.23 8.32 -19.35 0.365 0x0000FF
105.88 7.59 -20.48 104.96 7.77 -19.8 0.365 0x0000FF
106.97 7.04 -21.16 105.88 7.59 -20.48 0.365 0x0000FF
108.43 6.86 -21.77 106.97 7.04 -21.16 0.365 0x0000FF
109.71 6.68 -22.23 108.43 6.86 -21.77 0.365 0x0000FF
112.26 5.77 -22.6 109.71 6.68 -22.23 0.365 0x0000FF
114.63 4.67 -23.29 112.26 5.77 -22.6 0.365 0x0000FF
116.09 3.94 -23.82 114.63 4.67 -23.29 0.365 0x0000FF
117.55 3.03 -24.19 116.09 3.94 -23.82 0.365 0x0000FF
119.93 1.76 -24.42 117.55 3.03 -24.19 0.365 0x0000FF
122.84 0.85 -24.57 119.93 1.76 -24.42 0.365 0x0000FF
126.13 -1.15 -24.8 122.84 0.85 -24.57 0.365 0x0000FF
128.13 -2.06 -24.95 126.13 -1.15 -24.8 0.365 0x0000FF
131.05 -3.34 -25.1 128.13 -2.06 -24.95 0.365 0x0000FF
133.61 -4.07 -25.26 131.05 -3.34 -25.1 0.365 0x0000FF
134.52 -4.25 -25.79 133.61 -4.07 -25.26 0.365 0x0000FF
135.07 -4.44 -26.01 134.52 -4.25 -25.79 0.365 0x0000FF
135.8 -4.8 -26.39 135.07 -4.44 -26.01 0.365 0x0000FF
136.71 -4.8 -26.47 135.8 -4.8 -26.39 0.365 0x0000FF
137.26 -4.8 -26.69 136.71 -4.8 -26.47 0.365 0x0000FF
137.62 -4.62 -26.92 137.26 -4.8 -26.69 0.365 0x0000FF
137.99 -4.8 -27.6 137.62 -4.62 -26.92 0.365 0x0000FF
138.9 -4.62 -27.83 137.99 -4.8 -27.6 0.365 0x0000FF
139.81 -4.44 -28.66 138.9 -4.62 -27.83 0.365 0x0000FF
142.0 -4.44 -29.35 139.81 -4.44 -28.66 0.365 0x0000FF
145.83 -3.71 -29.72 142.0 -4.44 -29.35 0.365 0x0000FF
148.02 -3.16 -30.1 145.83 -3.71 -29.72 0.365 0x0000FF
151.31 -2.8 -30.63 148.02 -3.16 -30.1 0.365 0x0000FF
155.5 -2.25 -30.78 151.31 -2.8 -30.63 0.365 0x0000FF
159.15 -1.52 -31.09 155.5 -2.25 -30.78 0.275 0x0000FF
160.97 -1.52 -31.39 159.15 -1.52 -31.09 0.275 0x0000FF
163.71 -1.7 -31.77 160.97 -1.52 -31.39 0.275 0x0000FF
166.27 -1.52 -32.6 163.71 -1.7 -31.77 0.275 0x0000FF
167.73 -1.34 -32.83 166.27 -1.52 -32.6 0.275 0x0000FF
169.01 -0.98 -33.44 167.73 -1.34 -32.83 0.275 0x0000FF
170.46 -0.25 -34.72 169.01 -0.98 -33.44 0.275 0x0000FF
171.19 0.12 -35.94 170.46 -0.25 -34.72 0.275 0x0000FF
171.56 0.66 -36.31 171.19 0.12 -35.94 0.275 0x0000FF
22.15 -8.57 -10.41 19.67 -0.71 -9.65 0.64 0x0000FF
22.51 -8.94 -11.17 22.15 -8.57 -10.41 0.64 0x0000FF
22.88 -9.48 -11.92 22.51 -8.94 -11.17 0.64 0x0000FF
23.24 -10.02 -12.53 22.88 -9.48 -11.92 0.64 0x0000FF
23.61 -10.76 -12.53 23.24 -10.02 -12.53 0.64 0x0000FF
24.34 -12.03 -12.38 23.61 -10.76 -12.53 0.64 0x0000FF
25.43 -14.04 -11.47 24.34 -12.03 -12.38 0.64 0x0000FF
25.61 -14.59 -11.39 25.43 -14.04 -11.47 0.64 0x0000FF
25.8 -15.31 -11.39 25.61 -14.59 -11.39 0.64 0x0000FF
27.38 -17.3 -13.82 25.8 -15.31 -11.39 0.455 0x0000FF
28.66 -17.85 -13.67 27.38 -17.3 -13.82 0.455 0x0000FF
30.3 -19.48 -14.04 28.66 -17.85 -13.67 0.455 0x0000FF
30.66 -20.39 -14.27 30.3 -19.48 -14.04 0.455 0x0000FF
30.48 -21.86 -14.42 30.66 -20.39 -14.27 0.455 0x0000FF
30.3 -22.77 -14.42 30.48 -21.86 -14.42 0.455 0x0000FF
30.3 -24.78 -14.57 30.3 -22.77 -14.42 0.455 0x0000FF
30.3 -25.69 -14.95 30.3 -24.78 -14.57 0.455 0x0000FF
30.3 -26.41 -15.18 30.3 -25.69 -14.95 0.455 0x0000FF
30.3 -27.33 -15.18 30.3 -26.41 -15.18 0.455 0x0000FF
30.66 -28.24 -15.18 30.3 -27.33 -15.18 0.455 0x0000FF
30.66 -29.69 -14.73 30.66 -28.24 -15.18 0.455 0x0000FF
30.85 -31.7 -14.27 30.66 -29.69 -14.73 0.455 0x0000FF
30.66 -33.52 -13.89 30.85 -31.7 -14.27 0.455 0x0000FF
30.66 -35.71 -13.74 30.66 -33.52 -13.89 0.455 0x0000FF
30.85 -37.15 -13.29 30.66 -35.71 -13.74 0.455 0x0000FF
31.21 -38.61 -12.53 30.85 -37.15 -13.29 0.455 0x0000FF
31.39 -40.44 -12.0 31.21 -38.61 -12.53 0.455 0x0000FF
31.76 -41.9 -11.39 31.39 -40.44 -12.0 0.455 0x0000FF
32.31 -43.18 -10.48 31.76 -41.9 -11.39 0.455 0x0000FF
33.04 -47.0 -9.73 32.31 -43.18 -10.48 0.365 0x0000FF
33.4 -47.55 -9.65 33.04 -47.0 -9.73 0.365 0x0000FF
33.95 -48.28 -8.82 33.4 -47.55 -9.65 0.365 0x0000FF
34.86 -49.01 -8.44 33.95 -48.28 -8.82 0.365 0x0000FF
35.4 -49.74 -8.14 34.86 -49.01 -8.44 0.365 0x0000FF
25.98 -17.32 -11.39 25.8 -15.31 -11.39 0.545 0x0000FF
25.98 -18.41 -11.77 25.98 -17.32 -11.39 0.545 0x0000FF
25.98 -19.5 -12.38 25.98 -18.41 -11.77 0.545 0x0000FF
25.43 -20.6 -12.38 25.98 -19.5 -12.38 0.545 0x0000FF
25.07 -21.87 -12.98 25.43 -20.6 -12.38 0.545 0x0000FF
24.34 -23.88 -13.44 25.07 -21.87 -12.98 0.545 0x0000FF
24.16 -24.24 -13.67 24.34 -23.88 -13.44 0.545 0x0000FF
23.97 -25.52 -14.12 24.16 -24.24 -13.67 0.545 0x0000FF
23.79 -26.06 -13.59 23.97 -25.52 -14.12 0.545 0x0000FF
23.79 -26.79 -13.06 23.79 -26.06 -13.59 0.545 0x0000FF
23.24 -27.89 -12.38 23.79 -26.79 -13.06 0.545 0x0000FF
23.06 -28.61 -11.92 23.24 -27.89 -12.38 0.545 0x0000FF
22.88 -28.98 -11.92 23.06 -28.61 -11.92 0.545 0x0000FF
22.33 -29.89 -11.32 22.88 -28.98 -11.92 0.545 0x0000FF
22.33 -30.25 -10.64 22.33 -29.89 -11.32 0.545 0x0000FF
21.97 -30.8 -10.11 22.33 -30.25 -10.64 0.545 0x0000FF
21.6 -31.17 -9.42 21.97 -30.8 -10.11 0.545 0x0000FF
21.42 -31.53 -8.89 21.6 -31.17 -9.42 0.545 0x0000FF
21.24 -32.08 -8.67 21.42 -31.53 -8.89 0.545 0x0000FF
20.69 -32.81 -8.36 21.24 -32.08 -8.67 0.545 0x0000FF
20.32 -33.53 -7.83 20.69 -32.81 -8.36 0.545 0x0000FF
19.96 -34.26 -7.53 20.32 -33.53 -7.83 0.545 0x0000FF
18.32 -38.64 -6.92 19.96 -34.26 -7.53 0.455 0x0000FF
17.77 -40.82 -6.85 18.32 -38.64 -6.92 0.455 0x0000FF
17.04 -43.92 -6.47 17.77 -40.82 -6.85 0.455 0x0000FF
15.94 -50.84 -5.71 17.04 -43.92 -6.47 0.455 0x0000FF
15.58 -53.03 -5.71 15.94 -50.84 -5.71 0.455 0x0000FF
14.85 -57.95 -5.48 15.58 -53.03 -5.71 0.455 0x0000FF
13.94 -60.86 -5.11 14.85 -57.95 -5.48 0.455 0x0000FF
12.84 -63.41 -5.03 13.94 -60.86 -5.11 0.455 0x0000FF
11.38 -65.59 -5.03 12.84 -63.41 -5.03 0.455 0x0000FF
9.92 -67.42 -4.42 11.38 -65.59 -5.03 0.455 0x0000FF
9.38 -68.15 -5.18 9.92 -67.42 -4.42 0.455 0x0000FF
7.37 -69.61 -5.48 9.38 -68.15 -5.18 0.455 0x0000FF
5.18 -72.52 -5.94 7.37 -69.61 -5.48 0.455 0x0000FF
4.09 -73.98 -5.94 5.18 -72.52 -5.94 0.455 0x0000FF
2.25 -75.98 -5.94 4.09 -73.98 -5.94 0.455 0x0000FF
1.35 -77.08 -4.8 2.25 -75.98 -5.94 0.455 0x0000FF
0.07 -78.9 -4.8 1.35 -77.08 -4.8 0.455 0x0000FF
-0.66 -80.18 -4.65 0.07 -78.9 -4.8 0.455 0x0000FF
-1.57 -81.81 -4.2 -0.66 -80.18 -4.65 0.455 0x0000FF
-3.21 -84.55 -3.59 -1.57 -81.81 -4.2 0.455 0x0000FF
-4.84 -86.74 -3.51 -3.21 -84.55 -3.59 0.455 0x0000FF
-7.41 -89.47 -3.21 -4.84 -86.74 -3.51 0.455 0x0000FF
-9.96 -92.2 -2.98 -7.41 -89.47 -3.21 0.455 0x0000FF
-12.88 -95.12 -2.76 -9.96 -92.2 -2.98 0.455 0x0000FF
-13.98 -97.12 -2.23 -12.88 -95.12 -2.76 0.455 0x0000FF
-14.04 -96.74 -2.0 -13.98 -97.12 -2.23 0.455 0x0000FF
-14.04 -97.47 -2.68 -14.04 -96.74 -2.0 0.455 0x0000FF
-13.86 -97.84 -2.15 -14.04 -97.47 -2.68 0.455 0x0000FF
-13.86 -98.38 -1.39 -13.86 -97.84 -2.15 0.455 0x0000FF
-13.86 -98.75 -1.17 -13.86 -98.38 -1.39 0.455 0x0000FF
-13.67 -99.11 -0.64 -13.86 -98.75 -1.17 0.455 0x0000FF
-13.67 -99.48 -0.41 -13.67 -99.11 -0.64 0.455 0x0000FF
-13.49 -100.02 0.12 -13.67 -99.48 -0.41 0.455 0x0000FF
-13.31 -100.57 1.56 -13.49 -100.02 0.12 0.455 0x0000FF
-12.94 -101.66 2.39 -13.31 -100.57 1.56 0.455 0x0000FF
-12.76 -102.21 2.24 -12.94 -101.66 2.39 0.455 0x0000FF
-12.21 -103.3 2.85 -12.76 -102.21 2.24 0.455 0x0000FF
-12.03 -103.67 3.08 -12.21 -103.3 2.85 0.455 0x0000FF
-11.85 -104.4 3.61 -12.03 -103.67 3.08 0.455 0x0000FF
-11.67 -104.76 4.67 -11.85 -104.4 3.61 0.455 0x0000FF
-11.67 -105.85 5.12 -11.67 -104.76 4.67 0.455 0x0000FF
-11.67 -106.76 5.73 -11.67 -105.85 5.12 0.455 0x0000FF
-11.67 -107.86 6.33 -11.67 -106.76 5.73 0.455 0x0000FF
-11.85 -110.04 6.26 -11.67 -107.86 6.33 0.455 0x0000FF
-11.85 -113.51 6.71 -11.85 -110.04 6.26 0.455 0x0000FF
-11.67 -115.51 7.54 -11.85 -113.51 6.71 0.455 0x0000FF
-11.3 -117.51 7.85 -11.67 -115.51 7.54 0.455 0x0000FF
-11.12 -118.06 7.32 -11.3 -117.51 7.85 0.455 0x0000FF
-10.94 -118.43 6.11 -11.12 -118.06 7.32 0.455 0x0000FF
-10.02 -120.98 5.73 -10.94 -118.43 6.11 0.455 0x0000FF
-9.48 -122.25 6.11 -10.02 -120.98 5.73 0.455 0x0000FF
-8.93 -124.26 6.79 -9.48 -122.25 6.11 0.455 0x0000FF
-8.56 -125.53 6.71 -8.93 -124.26 6.79 0.455 0x0000FF
-8.56 -126.81 6.26 -8.56 -125.53 6.71 0.455 0x0000FF
-8.38 -127.54 5.65 -8.56 -126.81 6.26 0.455 0x0000FF
-8.38 -128.63 5.04 -8.38 -127.54 5.65 0.455 0x0000FF
-8.19 -129.72 4.44 -8.38 -128.63 5.04 0.455 0x0000FF
-8.38 -130.44 3.76 -8.19 -129.72 4.44 0.455 0x0000FF
-8.38 -131.54 3.38 -8.38 -130.44 3.76 0.455 0x0000FF
-8.56 -133.55 2.85 -8.38 -131.54 3.38 0.455 0x0000FF
-8.38 -135.37 2.24 -8.56 -133.55 2.85 0.455 0x0000FF
-8.19 -135.91 1.94 -8.38 -135.37 2.24 0.455 0x0000FF
-8.19 -136.28 1.11 -8.19 -135.91 1.94 0.455 0x0000FF
-7.1 -137.19 0.12 -8.19 -136.28 1.11 0.365 0x0000FF
-5.46 -137.37 -0.56 -7.1 -137.19 0.12 0.275 0x0000FF
8.4 -4.73 -3.59 19.67 -0.71 -9.65 1.095 0x0000FF
8.21 -3.98 -3.89 8.4 -4.73 -3.59 1.46 0x0000FF
6.38 -4.16 -4.73 8.21 -3.98 -3.89 1.37 0x0000FF
4.38 -4.51 -5.48 6.38 -4.16 -4.73 1.37 0x0000FF
2.54 -4.51 -4.58 4.38 -4.51 -5.48 1.37 0x0000FF
1.28 -4.7 -3.97 2.54 -4.51 -4.58 1.37 0x0000FF
-0.73 -5.43 -3.59 1.28 -4.7 -3.97 1.37 0x0000FF
-2.37 -5.43 -3.36 -0.73 -5.43 -3.59 1.37 0x0000FF
-2.92 -5.43 -3.14 -2.37 -5.43 -3.36 1.37 0x0000FF
-3.29 -5.43 -2.98 -2.92 -5.43 -3.14 1.37 0x0000FF
-4.38 -5.43 -2.91 -3.29 -5.43 -2.98 1.37 0x0000FF
-4.93 -5.25 -2.76 -4.38 -5.43 -2.91 1.37 0x0000FF
-6.39 -5.07 -2.68 -4.93 -5.25 -2.76 1.37 0x0000FF
-7.93 -5.57 -2.45 -6.39 -5.07 -2.68 0.82 0x0000FF
-8.66 -5.75 -2.68 -7.93 -5.57 -2.45 0.82 0x0000FF
-9.02 -7.03 -3.44 -8.66 -5.75 -2.68 0.545 0x0000FF
-9.39 -7.39 -3.29 -9.02 -7.03 -3.44 0.545 0x0000FF
-10.3 -8.31 -2.91 -9.39 -7.39 -3.29 0.545 0x0000FF
-10.3 -8.85 -2.0 -10.3 -8.31 -2.91 0.545 0x0000FF
-10.3 -10.13 -1.62 -10.3 -8.85 -2.0 0.545 0x0000FF
-10.49 -11.22 -0.86 -10.3 -10.13 -1.62 0.545 0x0000FF
-10.67 -15.23 0.35 -10.49 -11.22 -0.86 0.545 0x0000FF
-10.67 -16.87 0.42 -10.67 -15.23 0.35 0.545 0x0000FF
-10.85 -17.96 1.03 -10.67 -16.87 0.42 0.545 0x0000FF
-10.49 -19.78 0.12 -10.85 -17.96 1.03 0.545 0x0000FF
-9.76 -20.51 0.27 -10.49 -19.78 0.12 0.545 0x0000FF
-9.39 -20.88 0.95 -9.76 -20.51 0.27 0.545 0x0000FF
-9.02 -21.06 1.26 -9.39 -20.88 0.95 0.545 0x0000FF
-9.02 -22.88 1.48 -9.02 -21.06 1.26 0.545 0x0000FF
-9.39 -23.25 1.64 -9.02 -22.88 1.48 0.545 0x0000FF
-9.39 -24.34 1.94 -9.39 -23.25 1.64 0.545 0x0000FF
-9.21 -24.89 2.0 -9.39 -24.34 1.94 0.545 0x0000FF
-9.02 -26.16 2.39 -9.21 -24.89 2.0 0.545 0x0000FF
-8.48 -27.8 2.54 -9.02 -26.16 2.39 0.545 0x0000FF
-7.39 -30.17 2.92 -8.48 -27.8 2.54 0.545 0x0000FF
-6.66 -32.54 3.08 -7.39 -30.17 2.92 0.545 0x0000FF
-6.66 -34.36 3.3 -6.66 -32.54 3.08 0.545 0x0000FF
-6.47 -35.45 3.83 -6.66 -34.36 3.3 0.545 0x0000FF
-6.47 -36.72 3.98 -6.47 -35.45 3.83 0.545 0x0000FF
-6.11 -37.64 4.05 -6.47 -36.72 3.98 0.545 0x0000FF
-5.93 -39.1 3.53 -6.11 -37.64 4.05 0.545 0x0000FF
-5.74 -40.19 3.3 -5.93 -39.1 3.53 0.545 0x0000FF
-5.38 -41.65 2.77 -5.74 -40.19 3.3 0.545 0x0000FF
-5.2 -42.01 2.31 -5.38 -41.65 2.77 0.545 0x0000FF
-5.01 -43.29 1.56 -5.2 -42.01 2.31 0.545 0x0000FF
-4.28 -44.56 0.88 -5.01 -43.29 1.56 0.545 0x0000FF
-3.19 -45.66 0.2 -4.28 -44.56 0.88 0.545 0x0000FF
-1.55 -47.48 -0.79 -3.19 -45.66 0.2 0.455 0x0000FF
-0.82 -48.21 -1.39 -1.55 -47.48 -0.79 0.365 0x0000FF
-12.49 -19.42 -0.18 -10.85 -17.96 1.03 0.455 0x0000FF
-12.86 -20.32 -0.41 -12.49 -19.42 -0.18 0.455 0x0000FF
-13.41 -20.88 -0.86 -12.86 -20.32 -0.41 0.455 0x0000FF
-14.68 -21.24 -1.17 -13.41 -20.88 -0.86 0.455 0x0000FF
-14.87 -21.24 -0.11 -14.68 -21.24 -1.17 0.455 0x0000FF
-15.78 -21.42 0.8 -14.87 -21.24 -0.11 0.455 0x0000FF
-16.51 -21.61 1.56 -15.78 -21.42 0.8 0.455 0x0000FF
-17.05 -21.79 2.24 -16.51 -21.61 1.56 0.455 0x0000FF
-17.79 -22.34 3.83 -17.05 -21.79 2.24 0.455 0x0000FF
-18.14 -23.97 5.04 -17.79 -22.34 3.83 0.455 0x0000FF
-18.32 -24.52 5.35 -18.14 -23.97 5.04 0.455 0x0000FF
-18.51 -24.89 6.86 -18.32 -24.52 5.35 0.455 0x0000FF
-18.7 -25.43 7.7 -18.51 -24.89 6.86 0.455 0x0000FF
-19.23 -25.98 8.23 -18.7 -25.43 7.7 0.455 0x0000FF
-20.16 -26.34 8.52 -19.23 -25.98 8.23 0.455 0x0000FF
-21.07 -26.89 8.61 -20.16 -26.34 8.52 0.455 0x0000FF
-21.62 -26.89 9.28 -21.07 -26.89 8.61 0.455 0x0000FF
-22.53 -27.25 10.11 -21.62 -26.89 9.28 0.455 0x0000FF
-23.99 -27.25 11.33 -22.53 -27.25 10.11 0.455 0x0000FF
-26.0 -27.25 11.48 -23.99 -27.25 11.33 0.455 0x0000FF
-27.82 -27.25 12.47 -26.0 -27.25 11.48 0.365 0x0000FF
-29.46 -27.25 13.07 -27.82 -27.25 12.47 0.365 0x0000FF
-30.74 -27.8 12.54 -29.46 -27.25 13.07 0.365 0x0000FF
-30.74 -27.8 12.85 -30.74 -27.8 12.54 0.365 0x0000FF
-31.65 -27.8 13.53 -30.74 -27.8 12.85 0.365 0x0000FF
-32.75 -28.17 14.29 -31.65 -27.8 13.53 0.365 0x0000FF
-33.29 -28.17 14.51 -32.75 -28.17 14.29 0.365 0x0000FF
-34.02 -28.53 14.82 -33.29 -28.17 14.51 0.365 0x0000FF
-35.11 -29.26 15.42 -34.02 -28.53 14.82 0.365 0x0000FF
-36.21 -29.62 15.57 -35.11 -29.26 15.42 0.365 0x0000FF
-36.76 -30.17 15.8 -36.21 -29.62 15.57 0.365 0x0000FF
-37.67 -30.53 16.03 -36.76 -30.17 15.8 0.365 0x0000FF
-38.4 -30.9 16.86 -37.67 -30.53 16.03 0.365 0x0000FF
-39.31 -31.08 17.39 -38.4 -30.9 16.86 0.365 0x0000FF
-40.22 -31.08 17.54 -39.31 -31.08 17.39 0.365 0x0000FF
-40.96 -31.26 17.7 -40.22 -31.08 17.54 0.365 0x0000FF
-41.5 -31.45 18.38 -40.96 -31.26 17.7 0.365 0x0000FF
-42.05 -31.45 19.44 -41.5 -31.45 18.38 0.365 0x0000FF
-42.96 -31.45 19.97 -42.05 -31.45 19.44 0.365 0x0000FF
-43.51 -31.81 20.19 -42.96 -31.45 19.97 0.365 0x0000FF
-44.06 -31.99 20.88 -43.51 -31.81 20.19 0.365 0x0000FF
-45.7 -32.54 21.56 -44.06 -31.99 20.88 0.365 0x0000FF
-46.43 -32.9 22.16 -45.7 -32.54 21.56 0.365 0x0000FF
-47.89 -33.08 22.54 -46.43 -32.9 22.16 0.365 0x0000FF
-48.98 -33.63 22.77 -47.89 -33.08 22.54 0.365 0x0000FF
-50.44 -34.0 23.6 -48.98 -33.63 22.77 0.365 0x0000FF
-51.36 -34.54 23.45 -50.44 -34.0 23.6 0.365 0x0000FF
-51.54 -34.9 24.06 -51.36 -34.54 23.45 0.365 0x0000FF
-51.9 -35.27 24.97 -51.54 -34.9 24.06 0.365 0x0000FF
-52.45 -36.0 26.03 -51.9 -35.27 24.97 0.365 0x0000FF
-52.82 -36.54 27.01 -52.45 -36.0 26.03 0.365 0x0000FF
-53.91 -37.46 27.24 -52.82 -36.54 27.01 0.365 0x0000FF
-56.83 -38.92 27.39 -53.91 -37.46 27.24 0.365 0x0000FF
-30.56 -26.16 13.76 -29.46 -27.25 13.07 0.275 0x0000FF
-30.92 -25.25 14.13 -30.56 -26.16 13.76 0.275 0x0000FF
-30.92 -24.52 14.29 -30.92 -25.25 14.13 0.275 0x0000FF
-10.3 -5.39 -2.52 -8.66 -5.75 -2.68 0.64 0x0000FF
-11.22 -5.39 -1.32 -10.3 -5.39 -2.52 0.545 0x0000FF
-13.04 -5.39 -1.02 -11.22 -5.39 -1.32 0.545 0x0000FF
-14.5 -5.57 -0.71 -13.04 -5.39 -1.02 0.545 0x0000FF
-15.41 -5.75 -0.18 -14.5 -5.57 -0.71 0.545 0x0000FF
-16.87 -5.94 0.42 -15.41 -5.75 -0.18 0.545 0x0000FF
-19.05 -6.3 1.03 -16.87 -5.94 0.42 0.545 0x0000FF
-21.62 -7.21 1.48 -19.05 -6.3 1.03 0.545 0x0000FF
-23.08 -7.94 1.94 -21.62 -7.21 1.48 0.545 0x0000FF
-25.27 -9.4 6.86 -23.08 -7.94 1.94 0.455 0x0000FF
-26.36 -9.4 7.85 -25.27 -9.4 6.86 0.455 0x0000FF
-26.54 -9.22 8.68 -26.36 -9.4 7.85 0.455 0x0000FF
-27.27 -9.22 9.21 -26.54 -9.22 8.68 0.455 0x0000FF
-28.37 -9.22 9.36 -27.27 -9.22 9.21 0.455 0x0000FF
-29.28 -9.4 9.82 -28.37 -9.22 9.36 0.455 0x0000FF
-32.2 -9.76 10.11 -29.28 -9.4 9.82 0.455 0x0000FF
-33.11 -9.94 10.42 -32.2 -9.76 10.11 0.455 0x0000FF
-34.02 -9.94 10.73 -33.11 -9.94 10.42 0.455 0x0000FF
-36.94 -10.67 11.94 -34.02 -9.94 10.73 0.365 0x0000FF
-37.67 -11.22 12.17 -36.94 -10.67 11.94 0.365 0x0000FF
-38.58 -12.5 12.62 -37.67 -11.22 12.17 0.365 0x0000FF
-38.95 -13.04 12.85 -38.58 -12.5 12.62 0.365 0x0000FF
-39.5 -13.59 13.07 -38.95 -13.04 12.85 0.365 0x0000FF
-40.22 -14.68 13.15 -39.5 -13.59 13.07 0.365 0x0000FF
-40.77 -15.23 13.23 -40.22 -14.68 13.15 0.365 0x0000FF
-41.69 -15.78 13.53 -40.77 -15.23 13.23 0.365 0x0000FF
-42.6 -16.5 14.06 -41.69 -15.78 13.53 0.365 0x0000FF
-43.88 -17.23 14.82 -42.6 -16.5 14.06 0.365 0x0000FF
-46.61 -16.87 15.95 -43.88 -17.23 14.82 0.365 0x0000FF
-48.07 -17.6 16.32 -46.61 -16.87 15.95 0.365 0x0000FF
-49.53 -17.96 17.77 -48.07 -17.6 16.32 0.365 0x0000FF
-50.26 -18.69 18.68 -49.53 -17.96 17.77 0.365 0x0000FF
-51.72 -20.14 20.73 -50.26 -18.69 18.68 0.365 0x0000FF
-52.27 -21.06 22.54 -51.72 -20.14 20.73 0.365 0x0000FF
-53.55 -22.15 23.38 -52.27 -21.06 22.54 0.365 0x0000FF
-57.01 -23.43 23.98 -53.55 -22.15 23.38 0.365 0x0000FF
-8.21 -4.16 -2.29 -6.39 -5.07 -2.68 0.91 0x0000FF
-8.76 -3.61 -2.15 -8.21 -4.16 -2.29 0.82 0x0000FF
-10.4 -2.52 -2.83 -8.76 -3.61 -2.15 0.545 0x0000FF
-11.86 -1.79 -3.14 -10.4 -2.52 -2.83 0.545 0x0000FF
-12.77 -1.06 -3.29 -11.86 -1.79 -3.14 0.545 0x0000FF
-16.05 -0.88 -3.74 -12.77 -1.06 -3.29 0.545 0x0000FF
-18.61 -1.24 -3.97 -16.05 -0.88 -3.74 0.545 0x0000FF
-20.25 -1.24 -4.26 -18.61 -1.24 -3.97 0.545 0x0000FF
-22.08 -1.06 -4.5 -20.25 -1.24 -4.26 0.545 0x0000FF
-24.45 0.4 -4.95 -22.08 -1.06 -4.5 0.545 0x0000FF
-26.64 1.67 -5.26 -24.45 0.4 -4.95 0.545 0x0000FF
-28.65 2.58 -4.88 -26.64 1.67 -5.26 0.545 0x0000FF
-30.65 3.13 -4.34 -28.65 2.58 -4.88 0.545 0x0000FF
-32.65 3.31 -3.82 -30.65 3.13 -4.34 0.545 0x0000FF
-36.13 3.31 -3.44 -32.65 3.31 -3.82 0.545 0x0000FF
-39.4 3.31 -2.91 -36.13 3.31 -3.44 0.545 0x0000FF
-42.15 2.95 -2.52 -39.4 3.31 -2.91 0.545 0x0000FF
-44.88 2.04 -2.15 -42.15 2.95 -2.52 0.545 0x0000FF
-46.89 1.67 -1.92 -44.88 2.04 -2.15 0.545 0x0000FF
-51.64 0.22 -1.39 -46.89 1.67 -1.92 0.545 0x0000FF
-54.19 0.22 -1.24 -51.64 0.22 -1.39 0.545 0x0000FF
-56.2 0.22 -1.02 -54.19 0.22 -1.24 0.545 0x0000FF
-57.84 0.22 -0.64 -56.2 0.22 -1.02 0.545 0x0000FF
-59.12 0.22 -1.32 -57.84 0.22 -0.64 0.545 0x0000FF
-59.85 0.22 -2.0 -59.12 0.22 -1.32 0.545 0x0000FF
-61.31 0.4 -3.06 -59.85 0.22 -2.0 0.545 0x0000FF
-63.31 0.76 -3.97 -61.31 0.4 -3.06 0.545 0x0000FF
-64.22 0.76 -4.34 -63.31 0.76 -3.97 0.545 0x0000FF
-66.41 0.94 -5.11 -64.22 0.76 -4.34 0.545 0x0000FF
-68.79 0.94 -5.71 -66.41 0.94 -5.11 0.545 0x0000FF
-70.79 0.57 -6.47 -68.79 0.94 -5.71 0.545 0x0000FF
-73.89 -0.33 -7.0 -70.79 0.57 -6.47 0.545 0x0000FF
-75.54 -0.88 -7.68 -73.89 -0.33 -7.0 0.545 0x0000FF
-77.18 -1.42 -8.44 -75.54 -0.88 -7.68 0.545 0x0000FF
-77.73 -1.61 -9.19 -77.18 -1.42 -8.44 0.545 0x0000FF
-79.55 -2.15 -9.65 -77.73 -1.61 -9.19 0.545 0x0000FF
-80.83 -2.7 -10.18 -79.55 -2.15 -9.65 0.545 0x0000FF
-81.56 -3.06 -10.71 -80.83 -2.7 -10.18 0.545 0x0000FF
-83.56 -4.16 -11.09 -81.56 -3.06 -10.71 0.545 0x0000FF
-85.39 -5.07 -11.62 -83.56 -4.16 -11.09 0.545 0x0000FF
-86.12 -5.62 -12.38 -85.39 -5.07 -11.62 0.545 0x0000FF
-87.4 -5.98 -13.29 -86.12 -5.62 -12.38 0.545 0x0000FF
-89.77 -6.34 -14.27 -87.4 -5.98 -13.29 0.545 0x0000FF
-93.42 -5.98 -15.56 -89.77 -6.34 -14.27 0.545 0x0000FF
-95.79 -5.62 -16.01 -93.42 -5.98 -15.56 0.545 0x0000FF
-99.8 -6.16 -17.38 -95.79 -5.62 -16.01 0.545 0x0000FF
-101.26 -6.16 -17.38 -99.8 -6.16 -17.38 0.545 0x0000FF
-102.83 -5.15 -17.6 -101.26 -6.16 -17.38 0.365 0x0000FF
-104.84 -4.59 -17.98 -102.83 -5.15 -17.6 0.365 0x0000FF
-105.93 -3.87 -18.21 -104.84 -4.59 -17.98 0.365 0x0000FF
-108.85 -2.78 -18.73 -105.93 -3.87 -18.21 0.365 0x0000FF
-110.31 -1.87 -19.04 -108.85 -2.78 -18.73 0.365 0x0000FF
-111.4 -0.96 -19.27 -110.31 -1.87 -19.04 0.365 0x0000FF
-112.68 -0.23 -20.1 -111.4 -0.96 -19.27 0.365 0x0000FF
-113.96 0.87 -20.71 -112.68 -0.23 -20.1 0.365 0x0000FF
-115.42 2.87 -21.24 -113.96 0.87 -20.71 0.365 0x0000FF
-116.33 4.33 -22.15 -115.42 2.87 -21.24 0.365 0x0000FF
-117.97 5.78 -22.83 -116.33 4.33 -22.15 0.365 0x0000FF
-119.43 6.7 -23.74 -117.97 5.78 -22.83 0.365 0x0000FF
-120.53 7.61 -24.57 -119.43 6.7 -23.74 0.365 0x0000FF
-121.99 8.69 -25.56 -120.53 7.61 -24.57 0.365 0x0000FF
-123.26 9.61 -26.77 -121.99 8.69 -25.56 0.365 0x0000FF
-124.18 10.34 -27.15 -123.26 9.61 -26.77 0.365 0x0000FF
-125.27 11.8 -27.83 -124.18 10.34 -27.15 0.365 0x0000FF
-126.0 12.71 -28.36 -125.27 11.8 -27.83 0.365 0x0000FF
-126.91 14.71 -29.65 -126.0 12.71 -28.36 0.365 0x0000FF
-126.55 15.99 -30.86 -126.91 14.71 -29.65 0.365 0x0000FF
-126.0 16.53 -32.45 -126.55 15.99 -30.86 0.365 0x0000FF
-125.82 17.45 -33.59 -126.0 16.53 -32.45 0.365 0x0000FF
-125.82 18.54 -34.72 -125.82 17.45 -33.59 0.365 0x0000FF
-126.18 20.0 -36.15 -125.82 18.54 -34.72 0.365 0x0000FF
-126.91 21.27 -37.53 -126.18 20.0 -36.15 0.365 0x0000FF
-127.1 22.55 -38.59 -126.91 21.27 -37.53 0.365 0x0000FF
-127.1 23.28 -40.25 -127.1 22.55 -38.59 0.365 0x0000FF
-126.91 23.82 -40.71 -127.1 23.28 -40.25 0.365 0x0000FF
-126.91 24.92 -41.31 -126.91 23.82 -40.71 0.365 0x0000FF
-127.83 26.92 -41.77 -126.91 24.92 -41.31 0.365 0x0000FF
-128.37 27.65 -42.0 -127.83 26.92 -41.77 0.365 0x0000FF
-129.47 29.29 -42.6 -128.37 27.65 -42.0 0.365 0x0000FF
-130.01 30.56 -43.51 -129.47 29.29 -42.6 0.365 0x0000FF
-130.74 33.29 -44.42 -130.01 30.56 -43.51 0.365 0x0000FF
-130.93 35.11 -45.33 -130.74 33.29 -44.42 0.365 0x0000FF
-131.47 37.49 -46.24 -130.93 35.11 -45.33 0.365 0x0000FF
-133.12 44.41 -47.37 -131.47 37.49 -46.24 0.365 0x0000FF
-135.49 47.51 -48.21 -133.12 44.41 -47.37 0.365 0x0000FF
-138.77 52.61 -48.96 -135.49 47.51 -48.21 0.365 0x0000FF
-142.24 54.43 -49.65 -138.77 52.61 -48.96 0.365 0x0000FF
-144.61 56.8 -50.33 -142.24 54.43 -49.65 0.365 0x0000FF
-146.07 59.9 -50.78 -144.61 56.8 -50.33 0.365 0x0000FF
-147.16 60.81 -51.31 -146.07 59.9 -50.78 0.365 0x0000FF
-148.99 64.45 -51.92 -147.16 60.81 -51.31 0.365 0x0000FF
-148.99 67.91 -52.98 -148.99 64.45 -51.92 0.365 0x0000FF
-150.08 68.83 -53.13 -148.99 67.91 -52.98 0.365 0x0000FF
-151.0 69.37 -52.6 -150.08 68.83 -53.13 0.365 0x0000FF
-151.54 69.92 -51.99 -151.0 69.37 -52.6 0.365 0x0000FF
-152.63 70.09 -51.84 -151.54 69.92 -51.99 0.365 0x0000FF
-153.72 70.65 -51.39 -152.63 70.09 -51.84 0.365 0x0000FF
-154.65 71.19 -50.93 -153.72 70.65 -51.39 0.365 0x0000FF
-155.74 71.92 -50.48 -154.65 71.19 -50.93 0.365 0x0000FF
-156.11 72.47 -49.65 -155.74 71.92 -50.48 0.365 0x0000FF
-156.65 73.2 -48.89 -156.11 72.47 -49.65 0.365 0x0000FF
-157.19 73.93 -47.6 -156.65 73.2 -48.89 0.365 0x0000FF
-157.93 75.2 -47.15 -157.19 73.93 -47.6 0.365 0x0000FF
-158.3 75.75 -46.39 -157.93 75.2 -47.15 0.365 0x0000FF
-160.44 76.59 -45.63 -158.3 75.75 -46.39 0.365 0x0000FF
-161.16 76.77 -44.42 -160.44 76.59 -45.63 0.365 0x0000FF
-161.9 76.77 -44.04 -161.16 76.77 -44.42 0.365 0x0000FF
-162.63 77.14 -44.87 -161.9 76.77 -44.04 0.365 0x0000FF
-163.36 77.14 -45.71 -162.63 77.14 -44.87 0.365 0x0000FF
-164.82 77.14 -47.6 -163.36 77.14 -45.71 0.365 0x0000FF
-165.74 76.77 -48.81 -164.82 77.14 -47.6 0.365 0x0000FF
-170.66 75.68 -49.57 -165.74 76.77 -48.81 0.275 0x0000FF
-103.63 -7.07 -17.6 -101.26 -6.16 -17.38 0.455 0x0000FF
-105.64 -7.25 -17.82 -103.63 -7.07 -17.6 0.455 0x0000FF
-108.56 -8.17 -17.98 -105.64 -7.25 -17.82 0.455 0x0000FF
-110.75 -9.61 -18.21 -108.56 -8.17 -17.98 0.455 0x0000FF
-113.67 -12.72 -18.36 -110.75 -9.61 -18.21 0.455 0x0000FF
-115.49 -14.54 -18.51 -113.67 -12.72 -18.36 0.455 0x0000FF
-117.32 -16.0 -18.59 -115.49 -14.54 -18.51 0.455 0x0000FF
-118.05 -16.55 -18.82 -117.32 -16.0 -18.59 0.455 0x0000FF
-118.6 -16.91 -19.04 -118.05 -16.55 -18.82 0.455 0x0000FF
-120.89 -18.07 -19.04 -118.6 -16.91 -19.04 0.455 0x0000FF
-121.44 -19.18 -19.04 -120.89 -18.07 -19.04 0.455 0x0000FF
-122.17 -20.27 -19.04 -121.44 -19.18 -19.04 0.455 0x0000FF
-123.08 -21.55 -19.04 -122.17 -20.27 -19.04 0.455 0x0000FF
-123.99 -22.46 -19.04 -123.08 -21.55 -19.04 0.455 0x0000FF
-125.45 -23.19 -19.04 -123.99 -22.46 -19.04 0.455 0x0000FF
-127.83 -24.28 -19.2 -125.45 -23.19 -19.04 0.455 0x0000FF
-130.01 -24.83 -19.27 -127.83 -24.28 -19.2 0.455 0x0000FF
-132.38 -25.92 -19.27 -130.01 -24.83 -19.27 0.455 0x0000FF
-134.21 -27.19 -19.27 -132.38 -25.92 -19.27 0.455 0x0000FF
-135.85 -28.29 -19.27 -134.21 -27.19 -19.27 0.455 0x0000FF
-137.5 -29.38 -19.35 -135.85 -28.29 -19.27 0.455 0x0000FF
-139.5 -29.56 -19.42 -137.5 -29.38 -19.35 0.455 0x0000FF
-141.69 -30.11 -19.42 -139.5 -29.56 -19.42 0.455 0x0000FF
-144.43 -30.66 -19.5 -141.69 -30.11 -19.42 0.455 0x0000FF
-149.35 -32.11 -19.5 -144.43 -30.66 -19.5 0.455 0x0000FF
-154.1 -35.76 -19.5 -149.35 -32.11 -19.5 0.455 0x0000FF
-158.66 -40.86 -19.5 -154.1 -35.76 -19.5 0.455 0x0000FF
-165.96 -48.15 -19.5 -158.66 -40.86 -19.5 0.455 0x0000FF
-169.79 -53.25 -19.5 -165.96 -48.15 -19.5 0.455 0x0000FF
-171.8 -55.43 -19.64 -169.79 -53.25 -19.5 0.455 0x0000FF
-172.71 -56.89 -19.8 -171.8 -55.43 -19.64 0.455 0x0000FF
-173.99 -58.53 -19.35 -172.71 -56.89 -19.8 0.455 0x0000FF
-174.53 -59.08 -19.27 -173.99 -58.53 -19.35 0.455 0x0000FF
-176.54 -60.17 -19.88 -174.53 -59.08 -19.27 0.455 0x0000FF
-177.45 -60.17 -20.48 -176.54 -60.17 -19.88 0.455 0x0000FF
-178.55 -60.35 -20.79 -177.45 -60.17 -20.48 0.455 0x0000FF
-179.09 -60.72 -21.39 -178.55 -60.35 -20.79 0.455 0x0000FF
-181.47 -61.08 -21.85 -179.09 -60.72 -21.39 0.455 0x0000FF
-187.85 -64.36 -22.0 -181.47 -61.08 -21.85 0.365 0x0000FF
-188.4 -64.73 -21.77 -187.85 -64.36 -22.0 0.365 0x0000FF
-188.76 -65.27 -21.24 -188.4 -64.73 -21.77 0.365 0x0000FF
-190.59 -66.55 -21.16 -188.76 -65.27 -21.24 0.275 0x0000FF
-191.87 -67.64 -20.86 -190.59 -66.55 -21.16 0.275 0x0000FF
-192.96 -68.92 -20.56 -191.87 -67.64 -20.86 0.275 0x0000FF
-194.42 -70.92 -20.26 -192.96 -68.92 -20.56 0.275 0x0000FF
-195.7 -72.2 -19.95 -194.42 -70.92 -20.26 0.275 0x0000FF
-197.52 -73.65 -19.42 -195.7 -72.2 -19.95 0.275 0x0000FF
-199.16 -75.66 -19.04 -197.52 -73.65 -19.42 0.275 0x0000FF
-200.26 -77.84 -18.59 -199.16 -75.66 -19.04 0.275 0x0000FF
-201.17 -79.3 -17.98 -200.26 -77.84 -18.59 0.275 0x0000FF
-201.54 -80.58 -17.76 -201.17 -79.3 -17.98 0.275 0x0000FF
-3.47 -7.07 -2.91 -3.29 -5.43 -2.98 0.73 0x0000FF
-4.2 -7.8 -2.91 -3.47 -7.07 -2.91 0.73 0x0000FF
-5.11 -8.89 -3.14 -4.2 -7.8 -2.91 0.73 0x0000FF
-5.84 -9.81 -3.21 -5.11 -8.89 -3.14 0.73 0x0000FF
-6.57 -10.9 -3.06 -5.84 -9.81 -3.21 0.73 0x0000FF
-7.48 -12.36 -2.83 -6.57 -10.9 -3.06 0.64 0x0000FF
-8.39 -13.81 -2.52 -7.48 -12.36 -2.83 0.64 0x0000FF
-10.03 -16.73 -2.15 -8.39 -13.81 -2.52 0.64 0x0000FF
-11.5 -20.92 -1.77 -10.03 -16.73 -2.15 0.64 0x0000FF
-13.32 -23.84 -1.62 -11.5 -20.92 -1.77 0.545 0x0000FF
-14.23 -26.2 -1.55 -13.32 -23.84 -1.62 0.545 0x0000FF
-16.42 -29.48 -1.24 -14.23 -26.2 -1.55 0.545 0x0000FF
-19.71 -32.03 -0.94 -16.42 -29.48 -1.24 0.545 0x0000FF
-23.72 -35.68 -0.56 -19.71 -32.03 -0.94 0.545 0x0000FF
-25.18 -38.96 -0.11 -23.72 -35.68 -0.56 0.545 0x0000FF
-27.19 -41.87 0.27 -25.18 -38.96 -0.11 0.545 0x0000FF
-28.46 -43.88 0.27 -27.19 -41.87 0.27 0.545 0x0000FF
-29.92 -46.06 -0.64 -28.46 -43.88 0.27 0.545 0x0000FF
-31.75 -48.43 -0.94 -29.92 -46.06 -0.64 0.545 0x0000FF
-33.57 -51.53 -1.32 -31.75 -48.43 -0.94 0.545 0x0000FF
-34.85 -53.9 -1.62 -33.57 -51.53 -1.32 0.545 0x0000FF
-36.67 -57.18 -2.29 -34.85 -53.9 -1.62 0.545 0x0000FF
-37.22 -57.91 -2.29 -36.67 -57.18 -2.29 0.545 0x0000FF
-40.14 -61.73 -2.83 -37.22 -57.91 -2.29 0.545 0x0000FF
-40.32 -63.55 -3.82 -40.14 -61.73 -2.83 0.545 0x0000FF
-40.51 -63.92 -4.65 -40.32 -63.55 -3.82 0.545 0x0000FF
-41.05 -65.38 -5.03 -40.51 -63.92 -4.65 0.545 0x0000FF
-43.79 -63.92 -4.73 -41.05 -65.38 -5.03 0.365 0x0000FF
-40.86 -68.66 -5.41 -41.05 -65.38 -5.03 0.455 0x0000FF
-41.42 -70.11 -5.79 -40.86 -68.66 -5.41 0.455 0x0000FF
-42.15 -71.56 -6.24 -41.42 -70.11 -5.79 0.455 0x0000FF
-42.88 -73.03 -6.85 -42.15 -71.56 -6.24 0.455 0x0000FF
-43.42 -74.12 -7.3 -42.88 -73.03 -6.85 0.455 0x0000FF
-45.25 -76.31 -7.68 -43.42 -74.12 -7.3 0.455 0x0000FF
-46.16 -77.58 -7.83 -45.25 -76.31 -7.68 0.455 0x0000FF
-46.89 -78.31 -7.98 -46.16 -77.58 -7.83 0.455 0x0000FF
-47.99 -79.04 -8.14 -46.89 -78.31 -7.98 0.455 0x0000FF
-49.63 -79.41 -8.44 -47.99 -79.04 -8.14 0.455 0x0000FF
-50.91 -79.59 -8.82 -49.63 -79.41 -8.44 0.455 0x0000FF
-51.45 -79.22 -9.73 -50.91 -79.59 -8.82 0.455 0x0000FF
-52.0 -78.68 -9.11 -51.45 -79.22 -9.73 0.455 0x0000FF
-54.55 -77.4 -3.59 -52.0 -78.68 -9.11 0.365 0x0000FF
-55.1 -77.22 -3.21 -54.55 -77.4 -3.59 0.365 0x0000FF
-56.56 -76.13 -2.98 -55.1 -77.22 -3.21 0.365 0x0000FF
-58.02 -74.48 -1.77 -56.56 -76.13 -2.98 0.365 0x0000FF
-58.75 -73.39 -1.32 -58.02 -74.48 -1.77 0.365 0x0000FF
-59.66 -71.94 -0.56 -58.75 -73.39 -1.32 0.365 0x0000FF
13.41 -7.76 -2.38 19.67 -0.71 -9.65 1.005 0x0000FF
12.5 -9.94 -1.77 13.41 -7.76 -2.38 1.005 0x0000FF
10.31 -16.5 -1.17 12.5 -9.94 -1.77 1.005 0x0000FF
9.77 -17.78 -0.48 10.31 -16.5 -1.17 1.005 0x0000FF
8.67 -19.42 -0.18 9.77 -17.78 -0.48 1.005 0x0000FF
7.58 -21.42 0.2 8.67 -19.42 -0.18 1.005 0x0000FF
6.48 -22.88 0.57 7.58 -21.42 0.2 1.005 0x0000FF
5.57 -24.16 0.73 6.48 -22.88 0.57 1.005 0x0000FF
5.01 -24.7 0.8 5.57 -24.16 0.73 1.005 0x0000FF
5.57 -26.16 2.54 5.01 -24.7 0.8 0.64 0x0000FF
5.57 -26.89 3.08 5.57 -26.16 2.54 0.64 0x0000FF
5.57 -27.8 3.53 5.57 -26.89 3.08 0.64 0x0000FF
5.39 -29.62 4.13 5.57 -27.8 3.53 0.64 0x0000FF
5.75 -30.53 4.21 5.39 -29.62 4.13 0.64 0x0000FF
6.12 -31.63 4.51 5.75 -30.53 4.21 0.64 0x0000FF
6.12 -32.36 5.8 6.12 -31.63 4.51 0.64 0x0000FF
6.12 -33.45 6.56 6.12 -32.36 5.8 0.64 0x0000FF
6.12 -33.81 7.32 6.12 -33.45 6.56 0.64 0x0000FF
6.12 -34.54 8.07 6.12 -33.81 7.32 0.64 0x0000FF
6.3 -35.27 8.91 6.12 -34.54 8.07 0.64 0x0000FF
6.3 -38.19 9.89 6.3 -35.27 8.91 0.64 0x0000FF
6.3 -40.92 10.8 6.3 -38.19 9.89 0.64 0x0000FF
6.66 -42.92 11.26 6.3 -40.92 10.8 0.64 0x0000FF
5.93 -45.29 10.8 6.66 -42.92 11.26 0.365 0x0000FF
5.75 -46.02 11.41 5.93 -45.29 10.8 0.365 0x0000FF
5.57 -47.11 12.01 5.75 -46.02 11.41 0.365 0x0000FF
5.57 -47.11 10.73 5.57 -47.11 12.01 0.365 0x0000FF
4.84 -49.48 9.59 5.57 -47.11 10.73 0.365 0x0000FF
4.66 -51.12 9.67 4.84 -49.48 9.59 0.365 0x0000FF
4.29 -52.58 9.67 4.66 -51.12 9.67 0.275 0x0000FF
6.85 -44.75 11.64 6.66 -42.92 11.26 0.545 0x0000FF
7.21 -46.02 12.17 6.85 -44.75 11.64 0.545 0x0000FF
7.58 -46.93 12.62 7.21 -46.02 12.17 0.545 0x0000FF
8.11 -48.03 13.53 7.58 -46.93 12.62 0.545 0x0000FF
9.22 -50.39 14.44 8.11 -48.03 13.53 0.545 0x0000FF
9.58 -50.76 14.82 9.22 -50.39 14.44 0.545 0x0000FF
9.94 -51.67 15.12 9.58 -50.76 14.82 0.545 0x0000FF
10.5 -52.76 15.57 9.94 -51.67 15.12 0.545 0x0000FF
11.77 -54.58 16.26 10.5 -52.76 15.57 0.545 0x0000FF
13.96 -56.41 16.71 11.77 -54.58 16.26 0.455 0x0000FF
16.32 -57.86 17.47 13.96 -56.41 16.71 0.455 0x0000FF
17.61 -58.77 17.85 16.32 -57.86 17.47 0.365 0x0000FF
19.25 -60.05 18.45 17.61 -58.77 17.85 0.365 0x0000FF
19.98 -60.6 18.68 19.25 -60.05 18.45 0.365 0x0000FF
20.71 -61.69 18.14 19.98 -60.6 18.68 0.365 0x0000FF
21.81 -63.15 19.36 20.71 -61.69 18.14 0.365 0x0000FF
21.99 -63.69 19.82 21.81 -63.15 19.36 0.365 0x0000FF
22.17 -64.97 20.57 21.99 -63.69 19.82 0.365 0x0000FF
22.17 -66.06 21.1 22.17 -64.97 20.57 0.365 0x0000FF
22.17 -66.79 21.94 22.17 -66.06 21.1 0.365 0x0000FF
22.17 -68.43 22.92 22.17 -66.79 21.94 0.365 0x0000FF
22.17 -69.34 23.3 22.17 -68.43 22.92 0.365 0x0000FF
21.81 -70.25 24.29 22.17 -69.34 23.3 0.365 0x0000FF
21.08 -70.98 25.35 21.81 -70.25 24.29 0.365 0x0000FF
20.9 -71.7 26.79 21.08 -70.98 25.35 0.365 0x0000FF
20.9 -74.26 27.54 20.9 -71.7 26.79 0.275 0x0000FF
3.56 -25.43 1.03 5.01 -24.7 0.8 0.82 0x0000FF
2.27 -25.98 1.48 3.56 -25.43 1.03 0.82 0x0000FF
0.28 -26.53 2.09 2.27 -25.98 1.48 0.73 0x0000FF
-1.73 -26.89 2.92 0.28 -26.53 2.09 0.64 0x0000FF
-3.92 -27.25 3.15 -1.73 -26.89 2.92 0.64 0x0000FF
-4.65 -27.44 4.13 -3.92 -27.25 3.15 0.545 0x0000FF
-5.38 -27.62 4.82 -4.65 -27.44 4.13 0.545 0x0000FF
-5.93 -27.8 5.88 -5.38 -27.62 4.82 0.545 0x0000FF
-7.93 -27.98 7.39 -5.93 -27.8 5.88 0.545 0x0000FF
-9.57 -27.98 8.68 -7.93 -27.98 7.39 0.545 0x0000FF
-10.11 -27.98 9.36 -9.57 -27.98 8.68 0.545 0x0000FF
-10.85 -27.8 10.19 -10.11 -27.98 9.36 0.545 0x0000FF
-10.85 -27.8 10.88 -10.85 -27.8 10.19 0.545 0x0000FF
-12.13 -27.98 12.54 -10.85 -27.8 10.88 0.545 0x0000FF
-13.95 -27.98 13.83 -12.13 -27.98 12.54 0.545 0x0000FF
-15.05 -27.98 14.97 -13.95 -27.98 13.83 0.545 0x0000FF
-15.96 -28.17 15.5 -15.05 -27.98 14.97 0.545 0x0000FF
-17.05 -28.53 16.1 -15.96 -28.17 15.5 0.545 0x0000FF
-18.51 -28.89 17.01 -17.05 -28.53 16.1 0.545 0x0000FF
-19.23 -29.08 18.82 -18.51 -28.89 17.01 0.545 0x0000FF
-20.34 -29.44 19.73 -19.23 -29.08 18.82 0.545 0x0000FF
-21.07 -29.62 20.5 -20.34 -29.44 19.73 0.545 0x0000FF
-22.35 -29.62 21.03 -21.07 -29.62 20.5 0.545 0x0000FF
-23.44 -29.62 21.63 -22.35 -29.62 21.03 0.545 0x0000FF
-24.54 -30.17 22.32 -23.44 -29.62 21.63 0.545 0x0000FF
-25.27 -30.53 22.85 -24.54 -30.17 22.32 0.545 0x0000FF
-26.0 -31.26 23.76 -25.27 -30.53 22.85 0.545 0x0000FF
-27.09 -32.17 24.97 -26.0 -31.26 23.76 0.545 0x0000FF
-28.18 -32.72 26.1 -27.09 -32.17 24.97 0.545 0x0000FF
-29.46 -33.08 26.41 -28.18 -32.72 26.1 0.545 0x0000FF
-30.56 -33.45 27.39 -29.46 -33.08 26.41 0.545 0x0000FF
-33.47 -35.09 27.54 -30.56 -33.45 27.39 0.455 0x0000FF
-34.94 -36.18 28.22 -33.47 -35.09 27.54 0.275 0x0000FF
14.33 1.35 -8.06 19.67 -0.71 -9.65 0.73 0x0000FF
12.87 1.9 -6.77 14.33 1.35 -8.06 0.73 0x0000FF
12.14 2.25 -5.33 12.87 1.9 -6.77 0.73 0x0000FF
9.4 3.36 -4.8 12.14 2.25 -5.33 0.73 0x0000FF
6.12 4.8 -4.34 9.4 3.36 -4.8 0.73 0x0000FF
3.01 6.27 -3.82 6.12 4.8 -4.34 0.73 0x0000FF
0.1 7.91 -2.98 3.01 6.27 -3.82 0.73 0x0000FF
-3.01 10.28 -2.29 0.1 7.91 -2.98 0.73 0x0000FF
-5.2 12.1 -1.92 -3.01 10.28 -2.29 0.73 0x0000FF
-7.02 13.19 -1.24 -5.2 12.1 -1.92 0.73 0x0000FF
-10.85 15.74 0.0 -7.02 13.19 -1.24 0.73 0x0000FF
-13.22 16.84 0.42 -10.85 15.74 0.0 0.73 0x0000FF
-14.32 17.2 1.71 -13.22 16.84 0.42 0.73 0x0000FF
-15.41 17.57 2.7 -14.32 17.2 1.71 0.73 0x0000FF
-16.87 17.75 3.53 -15.41 17.57 2.7 0.73 0x0000FF
-18.14 17.75 4.67 -16.87 17.75 3.53 0.73 0x0000FF
-20.7 18.66 1.33 -18.14 17.75 4.67 0.73 0x0000FF
-22.35 19.02 2.0 -20.7 18.66 1.33 0.73 0x0000FF
-23.62 19.57 2.7 -22.35 19.02 2.0 0.73 0x0000FF
-24.54 20.12 3.98 -23.62 19.57 2.7 0.73 0x0000FF
-25.81 20.66 5.35 -24.54 20.12 3.98 0.73 0x0000FF
-27.64 20.85 5.95 -25.81 20.66 5.35 0.73 0x0000FF
-30.19 21.21 6.71 -27.64 20.85 5.95 0.73 0x0000FF
-31.47 21.58 7.32 -30.19 21.21 6.71 0.73 0x0000FF
-36.03 23.21 8.23 -31.47 21.58 7.32 0.73 0x0000FF
-38.95 24.85 9.67 -36.03 23.21 8.23 0.73 0x0000FF
-42.78 27.77 10.42 -38.95 24.85 9.67 0.73 0x0000FF
-45.15 28.68 11.2 -42.78 27.77 10.42 0.73 0x0000FF
-48.44 29.77 12.32 -45.15 28.68 11.2 0.73 0x0000FF
-51.72 30.14 13.07 -48.44 29.77 12.32 0.73 0x0000FF
-57.74 30.5 14.06 -51.72 30.14 13.07 0.73 0x0000FF
-68.31 30.87 15.35 -57.74 30.5 14.06 0.73 0x0000FF
-78.18 30.5 16.41 -68.31 30.87 15.35 0.73 0x0000FF
-83.65 30.87 16.94 -78.18 30.5 16.41 0.73 0x0000FF
-88.76 32.32 18.6 -83.65 30.87 16.94 0.73 0x0000FF
-91.13 32.69 19.73 -88.76 32.32 18.6 0.73 0x0000FF
-92.94 32.61 19.73 -91.13 32.69 19.73 0.73 0x0000FF
-93.94 31.59 18.45 -92.94 32.61 19.73 0.365 0x0000FF
-94.67 31.22 18.82 -93.94 31.59 18.45 0.365 0x0000FF
-96.31 31.22 19.21 -94.67 31.22 18.82 0.365 0x0000FF
-97.95 31.04 19.59 -96.31 31.22 19.21 0.365 0x0000FF
-100.51 31.04 19.82 -97.95 31.04 19.59 0.365 0x0000FF
-103.24 31.4 19.97 -100.51 31.04 19.82 0.365 0x0000FF
-105.8 31.95 20.27 -103.24 31.4 19.97 0.365 0x0000FF
-107.44 32.5 20.57 -105.8 31.95 20.27 0.365 0x0000FF
-108.9 32.5 20.65 -107.44 32.5 20.57 0.365 0x0000FF
-111.82 31.4 20.88 -108.9 32.5 20.65 0.365 0x0000FF
-114.56 31.22 20.95 -111.82 31.4 20.88 0.365 0x0000FF
-117.48 31.77 20.95 -114.56 31.22 20.95 0.365 0x0000FF
-122.22 33.77 21.18 -117.48 31.77 20.95 0.365 0x0000FF
-123.86 34.32 21.26 -122.22 33.77 21.18 0.365 0x0000FF
-94.6 32.51 20.8 -92.94 32.61 19.73 0.64 0x0000FF
-97.7 32.51 21.63 -94.6 32.51 20.8 0.545 0x0000FF
-103.36 32.86 22.01 -97.7 32.51 21.63 0.545 0x0000FF
-108.65 32.51 22.77 -103.36 32.86 22.01 0.545 0x0000FF
-115.21 32.32 23.53 -108.65 32.51 22.77 0.455 0x0000FF
-118.86 32.32 24.29 -115.21 32.32 23.53 0.365 0x0000FF
-123.24 32.14 24.74 -118.86 32.32 24.29 0.365 0x0000FF
-129.99 31.23 25.42 -123.24 32.14 24.74 0.365 0x0000FF
-135.28 29.41 25.8 -129.99 31.23 25.42 0.365 0x0000FF
-146.3 20.59 26.25 -135.28 29.41 25.8 0.275 0x0000FF
-148.13 19.67 26.41 -146.3 20.59 26.25 0.275 0x0000FF
-150.32 18.57 26.79 -148.13 19.67 26.41 0.275 0x0000FF
-155.24 17.12 27.47 -150.32 18.57 26.79 0.275 0x0000FF
-160.53 15.67 27.69 -155.24 17.12 27.47 0.275 0x0000FF
-165.1 14.39 27.09 -160.53 15.67 27.69 0.275 0x0000FF
-168.38 13.3 25.8 -165.1 14.39 27.09 0.275 0x0000FF
-172.21 12.39 24.21 -168.38 13.3 25.8 0.275 0x0000FF
-175.13 12.2 23.76 -172.21 12.39 24.21 0.275 0x0000FF
21.77 5.31 8.91 19.67 -0.71 -9.65 2.1 0x0000FF
22.14 6.59 8.76 21.77 5.31 8.91 2.005 0x0000FF
22.5 7.32 8.52 22.14 6.59 8.76 1.915 0x0000FF
22.87 8.05 8.38 22.5 7.32 8.52 1.915 0x0000FF
23.05 9.51 8.15 22.87 8.05 8.38 1.915 0x0000FF
23.42 10.42 7.85 23.05 9.51 8.15 1.915 0x0000FF
23.96 11.87 7.7 23.42 10.42 7.85 1.915 0x0000FF
24.69 12.78 7.7 23.96 11.87 7.7 1.64 0x0000FF
25.42 14.97 7.47 24.69 12.78 7.7 1.55 0x0000FF
25.42 15.52 7.47 25.42 14.97 7.47 1.55 0x0000FF
26.15 16.61 7.47 25.42 15.52 7.47 1.55 0x0000FF
26.7 17.52 7.47 26.15 16.61 7.47 1.55 0x0000FF
26.88 19.71 6.03 26.7 17.52 7.47 1.185 0x0000FF
27.25 20.8 6.26 26.88 19.71 6.03 1.185 0x0000FF
27.61 22.08 6.41 27.25 20.8 6.26 1.185 0x0000FF
27.61 22.62 6.79 27.61 22.08 6.41 1.185 0x0000FF
27.98 24.08 7.01 27.61 22.62 6.79 1.185 0x0000FF
28.53 25.54 7.32 27.98 24.08 7.01 1.185 0x0000FF
29.26 27.36 7.77 28.53 25.54 7.32 1.185 0x0000FF
31.08 30.09 8.3 29.26 27.36 7.77 1.095 0x0000FF
31.99 31.19 8.44 31.08 30.09 8.3 1.095 0x0000FF
32.9 32.1 8.52 31.99 31.19 8.44 1.095 0x0000FF
33.45 32.64 8.61 32.9 32.1 8.52 1.095 0x0000FF
34.18 33.36 8.61 33.45 32.64 8.61 1.095 0x0000FF
34.72 34.1 8.83 34.18 33.36 8.61 1.095 0x0000FF
34.72 34.65 9.06 34.72 34.1 8.83 1.095 0x0000FF
34.72 35.56 9.21 34.72 34.65 9.06 1.095 0x0000FF
34.54 37.2 9.44 34.72 35.56 9.21 1.095 0x0000FF
34.0 40.47 9.74 34.54 37.2 9.44 1.095 0x0000FF
33.82 42.3 9.82 34.0 40.47 9.74 1.095 0x0000FF
33.63 45.22 10.11 33.82 42.3 9.82 1.095 0x0000FF
34.18 48.68 10.42 33.63 45.22 10.11 1.095 0x0000FF
34.72 51.96 10.73 34.18 48.68 10.42 1.095 0x0000FF
35.09 55.06 11.26 34.72 51.96 10.73 1.095 0x0000FF
35.64 57.79 11.41 35.09 55.06 11.26 1.095 0x0000FF
36.92 61.25 11.64 35.64 57.79 11.41 1.095 0x0000FF
38.74 64.7 11.94 36.92 61.25 11.64 1.095 0x0000FF
39.47 66.9 12.17 38.74 64.7 11.94 1.095 0x0000FF
41.84 69.81 12.85 39.47 66.9 12.17 1.095 0x0000FF
43.12 71.27 13.23 41.84 69.81 12.85 1.095 0x0000FF
45.31 76.37 13.45 43.12 71.27 13.23 1.095 0x0000FF
48.05 78.19 13.83 45.31 76.37 13.45 1.095 0x0000FF
50.42 80.56 14.59 48.05 78.19 13.83 1.005 0x0000FF
51.51 81.84 14.82 50.42 80.56 14.59 1.005 0x0000FF
53.16 83.48 15.5 51.51 81.84 14.82 1.005 0x0000FF
54.25 85.48 15.73 53.16 83.48 15.5 1.005 0x0000FF
54.8 88.94 15.88 54.25 85.48 15.73 1.005 0x0000FF
54.98 92.59 16.18 54.8 88.94 15.88 1.005 0x0000FF
56.62 100.06 16.71 54.98 92.59 16.18 1.005 0x0000FF
57.17 101.88 16.94 56.62 100.06 16.71 1.005 0x0000FF
57.54 103.16 17.16 57.17 101.88 16.94 1.005 0x0000FF
61.18 111.17 17.92 57.54 103.16 17.16 1.005 0x0000FF
62.46 113.36 18.38 61.18 111.17 17.92 1.005 0x0000FF
65.38 119.92 18.76 62.46 113.36 18.38 1.005 0x0000FF
67.56 126.48 19.36 65.38 119.92 18.76 1.005 0x0000FF
68.84 130.85 19.82 67.56 126.48 19.36 1.005 0x0000FF
70.48 136.5 20.12 68.84 130.85 19.82 1.005 0x0000FF
71.77 138.87 20.19 70.48 136.5 20.12 1.005 0x0000FF
77.45 152.5 20.73 71.77 138.87 20.19 1.005 0x0000FF
78.91 157.05 21.26 77.45 152.5 20.73 1.005 0x0000FF
80.0 159.78 21.79 78.91 157.05 21.26 1.005 0x0000FF
80.91 163.25 22.24 80.0 159.78 21.79 1.005 0x0000FF
83.1 167.44 22.69 80.91 163.25 22.24 1.005 0x0000FF
88.4 178.73 23.22 83.1 167.44 22.69 1.005 0x0000FF
89.13 183.47 23.6 88.4 178.73 23.22 1.005 0x0000FF
89.67 190.58 23.98 89.13 183.47 23.6 1.005 0x0000FF
89.67 193.67 24.13 89.67 190.58 23.98 1.005 0x0000FF
90.22 196.04 24.29 89.67 193.67 24.13 1.005 0x0000FF
90.58 198.78 24.59 90.22 196.04 24.29 1.005 0x0000FF
91.31 201.14 24.66 90.58 198.78 24.59 1.005 0x0000FF
91.68 202.97 24.82 91.31 201.14 24.66 1.005 0x0000FF
92.04 208.25 25.19 91.68 202.97 24.82 1.005 0x0000FF
92.23 210.98 25.42 92.04 208.25 25.19 1.005 0x0000FF
93.14 213.53 25.57 92.23 210.98 25.42 1.005 0x0000FF
94.23 220.27 26.03 93.14 213.53 25.57 1.005 0x0000FF
94.96 222.28 26.63 94.23 220.27 26.03 1.005 0x0000FF
95.33 223.74 26.71 94.96 222.28 26.63 1.005 0x0000FF
96.61 227.38 27.24 95.33 223.74 26.71 1.005 0x0000FF
96.79 228.84 27.47 96.61 227.38 27.24 1.005 0x0000FF
96.61 230.11 27.54 96.79 228.84 27.47 1.005 0x0000FF
96.91 233.79 28.22 96.61 230.11 27.54 1.005 0x0000FF
97.27 234.89 28.38 96.91 233.79 28.22 1.005 0x0000FF
97.82 236.71 28.68 97.27 234.89 28.38 1.005 0x0000FF
98.37 240.9 28.91 97.82 236.71 28.68 1.005 0x0000FF
99.1 243.09 29.06 98.37 240.9 28.91 1.005 0x0000FF
99.46 245.27 29.21 99.1 243.09 29.06 1.005 0x0000FF
99.65 246.73 29.36 99.46 245.27 29.21 1.005 0x0000FF
100.01 248.37 29.51 99.65 246.73 29.36 1.005 0x0000FF
100.38 249.46 29.74 100.01 248.37 29.51 1.005 0x0000FF
101.11 253.65 29.74 100.38 249.46 29.74 1.005 0x0000FF
101.47 256.02 29.59 101.11 253.65 29.74 1.005 0x0000FF
101.84 259.12 29.59 101.47 256.02 29.59 1.005 0x0000FF
102.2 264.22 29.59 101.84 259.12 29.59 1.005 0x0000FF
102.75 269.14 29.44 102.2 264.22 29.59 1.005 0x0000FF
103.84 273.88 29.44 102.75 269.14 29.44 1.005 0x0000FF
104.75 276.79 29.36 103.84 273.88 29.44 1.005 0x0000FF
105.3 282.62 29.36 104.75 276.79 29.36 1.005 0x0000FF
107.31 288.45 29.44 105.3 282.62 29.36 1.005 0x0000FF
109.5 295.38 29.59 107.31 288.45 29.44 1.095 0x0000FF
110.59 298.11 29.66 109.5 295.38 29.59 1.095 0x0000FF
111.14 300.48 29.82 110.59 298.11 29.66 1.095 0x0000FF
111.87 303.76 30.04 111.14 300.48 29.82 1.095 0x0000FF
112.24 306.67 30.27 111.87 303.76 30.04 1.095 0x0000FF
112.42 310.13 30.35 112.24 306.67 30.27 1.095 0x0000FF
112.42 314.33 30.5 112.42 310.13 30.35 1.095 0x0000FF
112.42 317.61 30.65 112.42 314.33 30.5 1.095 0x0000FF
112.6 320.31 31.25 112.42 317.61 30.65 1.095 0x0000FF
113.36 321.38 31.03 112.6 320.31 31.25 0.73 0x0000FF
113.36 322.3 31.71 113.36 321.38 31.03 0.73 0x0000FF
113.72 322.83 31.94 113.36 322.3 31.71 0.73 0x0000FF
113.9 323.75 32.39 113.72 322.83 31.94 0.73 0x0000FF
113.9 324.3 32.61 113.9 323.75 32.39 0.73 0x0000FF
114.09 324.85 32.92 113.9 324.3 32.61 0.73 0x0000FF
114.45 325.39 33.68 114.09 324.85 32.92 0.73 0x0000FF
115.0 326.12 34.74 114.45 325.39 33.68 0.73 0x0000FF
115.36 326.67 35.19 115.0 326.12 34.74 0.73 0x0000FF
116.28 327.39 35.88 115.36 326.67 35.19 0.64 0x0000FF
116.82 327.58 36.03 116.28 327.39 35.88 0.64 0x0000FF
117.19 328.13 36.25 116.82 327.58 36.03 0.64 0x0000FF
117.55 328.31 36.4 117.19 328.13 36.25 0.64 0x0000FF
118.1 328.67 36.94 117.55 328.31 36.4 0.64 0x0000FF
118.28 329.04 37.61 118.1 328.67 36.94 0.64 0x0000FF
118.47 329.58 38.15 118.28 329.04 37.61 0.64 0x0000FF
119.01 330.49 38.83 118.47 329.58 38.15 0.64 0x0000FF
119.38 331.04 39.21 119.01 330.49 38.83 0.64 0x0000FF
120.29 331.95 39.51 119.38 331.04 39.21 0.64 0x0000FF
121.2 332.86 39.74 120.29 331.95 39.51 0.64 0x0000FF
121.93 333.77 39.89 121.2 332.86 39.74 0.64 0x0000FF
122.3 334.32 40.11 121.93 333.77 39.89 0.64 0x0000FF
123.03 335.23 40.57 122.3 334.32 40.11 0.64 0x0000FF
124.85 336.69 40.95 123.03 335.23 40.57 0.545 0x0000FF
125.58 337.42 41.1 124.85 336.69 40.95 0.545 0x0000FF
126.49 338.51 41.25 125.58 337.42 41.1 0.545 0x0000FF
127.22 339.24 41.56 126.49 338.51 41.25 0.545 0x0000FF
128.13 339.79 41.78 127.22 339.24 41.56 0.545 0x0000FF
128.5 340.33 42.09 128.13 339.79 41.78 0.545 0x0000FF
128.87 340.7 42.62 128.5 340.33 42.09 0.545 0x0000FF
129.22 341.24 43.07 128.87 340.7 42.62 0.545 0x0000FF
129.41 341.79 43.22 129.22 341.24 43.07 0.545 0x0000FF
129.96 342.7 43.37 129.41 341.79 43.22 0.545 0x0000FF
130.33 343.25 43.37 129.96 342.7 43.37 0.545 0x0000FF
130.87 343.43 43.22 130.33 343.25 43.37 0.545 0x0000FF
131.6 343.98 43.07 130.87 343.43 43.22 0.545 0x0000FF
132.51 344.52 42.92 131.6 343.98 43.07 0.545 0x0000FF
132.15 345.07 31.48 132.51 344.52 42.92 0.545 0x0000FF
131.97 345.62 31.1 132.15 345.07 31.48 0.545 0x0000FF
132.15 346.35 30.8 131.97 345.62 31.1 0.545 0x0000FF
132.33 346.89 30.65 132.15 346.35 30.8 0.545 0x0000FF
132.69 347.62 30.19 132.33 346.89 30.65 0.545 0x0000FF
133.24 348.35 29.51 132.69 347.62 30.19 0.545 0x0000FF
134.16 349.26 29.21 133.24 348.35 29.51 0.545 0x0000FF
134.34 349.81 29.13 134.16 349.26 29.21 0.545 0x0000FF
134.69 350.35 29.06 134.34 349.81 29.13 0.455 0x0000FF
134.88 350.72 28.91 134.69 350.35 29.06 0.455 0x0000FF
135.07 351.08 28.3 134.88 350.72 28.91 0.455 0x0000FF
135.43 351.27 28.22 135.07 351.08 28.3 0.455 0x0000FF
135.8 351.81 27.92 135.43 351.27 28.22 0.455 0x0000FF
136.16 352.18 27.62 135.8 351.81 27.92 0.455 0x0000FF
136.53 352.72 27.39 136.16 352.18 27.62 0.365 0x0000FF
137.08 353.09 26.63 136.53 352.72 27.39 0.365 0x0000FF
137.44 353.45 26.33 137.08 353.09 26.63 0.365 0x0000FF
137.81 353.63 26.18 137.44 353.45 26.33 0.365 0x0000FF
138.16 354.36 25.27 137.81 353.63 26.18 0.365 0x0000FF
138.54 354.91 24.89 138.16 354.36 25.27 0.365 0x0000FF
138.9 355.27 24.51 138.54 354.91 24.89 0.365 0x0000FF
139.08 355.64 23.53 138.9 355.27 24.51 0.365 0x0000FF
139.44 356.0 23.45 139.08 355.64 23.53 0.365 0x0000FF
139.81 356.37 22.85 139.44 356.0 23.45 0.365 0x0000FF
140.18 356.73 22.32 139.81 356.37 22.85 0.365 0x0000FF
140.36 357.28 21.79 140.18 356.73 22.32 0.365 0x0000FF
140.91 357.82 20.88 140.36 357.28 21.79 0.365 0x0000FF
141.27 358.55 20.42 140.91 357.82 20.88 0.365 0x0000FF
141.63 359.28 20.12 141.27 358.55 20.42 0.365 0x0000FF
142.0 360.38 19.44 141.63 359.28 20.12 0.365 0x0000FF
142.0 360.92 19.36 142.0 360.38 19.44 0.365 0x0000FF
142.37 362.02 19.21 142.0 360.92 19.36 0.275 0x0000FF
142.37 362.56 19.05 142.37 362.02 19.21 0.275 0x0000FF
142.18 363.29 18.82 142.37 362.56 19.05 0.275 0x0000FF
142.37 364.38 18.76 142.18 363.29 18.82 0.275 0x0000FF
142.37 365.66 18.6 142.37 364.38 18.76 0.275 0x0000FF
142.55 366.75 18.53 142.37 365.66 18.6 0.275 0x0000FF
133.61 344.71 43.07 132.51 344.52 42.92 0.455 0x0000FF
134.88 345.44 43.3 133.61 344.71 43.07 0.455 0x0000FF
136.71 346.71 43.53 134.88 345.44 43.3 0.365 0x0000FF
138.72 347.44 43.6 136.71 346.71 43.53 0.365 0x0000FF
139.44 347.8 43.68 138.72 347.44 43.6 0.365 0x0000FF
140.91 348.53 43.75 139.44 347.8 43.68 0.275 0x0000FF
142.0 349.44 43.9 140.91 348.53 43.75 0.275 0x0000FF
112.05 322.13 31.33 112.6 320.31 31.25 0.82 0x0000FF
111.68 325.05 31.56 112.05 322.13 31.33 0.73 0x0000FF
111.32 326.69 31.63 111.68 325.05 31.56 0.73 0x0000FF
111.32 327.6 31.71 111.32 326.69 31.63 0.73 0x0000FF
111.14 330.15 31.86 111.32 327.6 31.71 0.64 0x0000FF
110.96 331.06 31.86 111.14 330.15 31.86 0.64 0x0000FF
110.96 331.61 32.01 110.96 331.06 31.86 0.64 0x0000FF
110.77 332.33 32.39 110.96 331.61 32.01 0.64 0x0000FF
110.59 332.88 32.54 110.77 332.33 32.39 0.64 0x0000FF
110.23 333.43 32.61 110.59 332.88 32.54 0.64 0x0000FF
110.04 333.97 32.31 110.23 333.43 32.61 0.64 0x0000FF
109.68 334.52 31.86 110.04 333.97 32.31 0.64 0x0000FF
108.95 335.25 31.56 109.68 334.52 31.86 0.64 0x0000FF
108.04 335.98 31.33 108.95 335.25 31.56 0.64 0x0000FF
107.31 336.16 31.1 108.04 335.98 31.33 0.64 0x0000FF
106.76 336.53 31.03 107.31 336.16 31.1 0.64 0x0000FF
106.03 336.89 30.88 106.76 336.53 31.03 0.64 0x0000FF
105.12 337.25 30.65 106.03 336.89 30.88 0.64 0x0000FF
104.57 337.62 30.5 105.12 337.25 30.65 0.64 0x0000FF
103.47 337.98 30.5 104.57 337.62 30.5 0.64 0x0000FF
102.93 338.35 30.42 103.47 337.98 30.5 0.545 0x0000FF
102.38 338.71 30.42 102.93 338.35 30.42 0.545 0x0000FF
101.65 339.44 30.04 102.38 338.71 30.42 0.545 0x0000FF
100.92 340.17 29.89 101.65 339.44 30.04 0.545 0x0000FF
100.56 340.72 29.82 100.92 340.17 29.89 0.545 0x0000FF
100.19 340.9 29.44 100.56 340.72 29.82 0.545 0x0000FF
99.64 341.81 29.06 100.19 340.9 29.44 0.545 0x0000FF
99.28 342.72 29.06 99.64 341.81 29.06 0.545 0x0000FF
98.91 344.0 28.75 99.28 342.72 29.06 0.545 0x0000FF
98.55 345.45 28.68 98.91 344.0 28.75 0.545 0x0000FF
98.37 346.0 28.38 98.55 345.45 28.68 0.545 0x0000FF
98.0 346.55 28.07 98.37 346.0 28.38 0.545 0x0000FF
97.71 346.66 27.32 98.0 346.55 28.07 0.275 0x0000FF
97.53 348.12 25.65 97.71 346.66 27.32 0.455 0x0000FF
97.35 348.85 25.65 97.53 348.12 25.65 0.455 0x0000FF
96.43 350.31 25.57 97.35 348.85 25.65 0.455 0x0000FF
95.16 351.22 25.57 96.43 350.31 25.57 0.455 0x0000FF
94.43 351.95 25.5 95.16 351.22 25.57 0.455 0x0000FF
93.33 353.04 25.42 94.43 351.95 25.5 0.455 0x0000FF
92.78 353.95 25.12 93.33 353.04 25.42 0.455 0x0000FF
92.05 355.05 24.89 92.78 353.95 25.12 0.455 0x0000FF
91.51 356.32 24.74 92.05 355.05 24.89 0.455 0x0000FF
91.32 357.23 24.51 91.51 356.32 24.74 0.455 0x0000FF
90.96 358.69 24.29 91.32 357.23 24.51 0.455 0x0000FF
90.78 359.6 24.13 90.96 358.69 24.29 0.455 0x0000FF
90.78 360.51 23.91 90.78 359.6 24.13 0.455 0x0000FF
90.78 361.06 23.76 90.78 360.51 23.91 0.455 0x0000FF
90.96 361.97 23.45 90.78 361.06 23.76 0.455 0x0000FF
91.14 362.52 23.3 90.96 361.97 23.45 0.455 0x0000FF
90.78 363.79 22.69 91.14 362.52 23.3 0.455 0x0000FF
90.78 363.97 21.79 90.78 363.79 22.69 0.455 0x0000FF
90.6 364.16 21.03 90.78 363.97 21.79 0.455 0x0000FF
90.6 364.88 20.5 90.6 364.16 21.03 0.455 0x0000FF
90.6 365.8 20.27 90.6 364.88 20.5 0.455 0x0000FF
90.78 369.44 19.44 90.6 365.8 20.27 0.455 0x0000FF
90.96 370.17 18.68 90.78 369.44 19.44 0.455 0x0000FF
90.96 370.9 18.45 90.96 370.17 18.68 0.455 0x0000FF
91.32 371.81 17.7 90.96 370.9 18.45 0.455 0x0000FF
91.51 372.9 17.01 91.32 371.81 17.7 0.455 0x0000FF
92.05 374.18 16.63 91.51 372.9 17.01 0.455 0x0000FF
93.15 375.63 16.1 92.05 374.18 16.63 0.455 0x0000FF
92.97 377.09 15.65 93.15 375.63 16.1 0.455 0x0000FF
92.97 378.73 15.2 92.97 377.09 15.65 0.455 0x0000FF
92.6 380.37 15.04 92.97 378.73 15.2 0.365 0x0000FF
92.42 381.46 14.97 92.6 380.37 15.04 0.365 0x0000FF
91.87 382.92 14.51 92.42 381.46 14.97 0.365 0x0000FF
91.14 384.02 14.13 91.87 382.92 14.51 0.365 0x0000FF
90.78 385.47 13.76 91.14 384.02 14.13 0.365 0x0000FF
90.41 388.93 13.76 90.78 385.47 13.76 0.365 0x0000FF
96.91 349.1 27.62 98.0 346.55 28.07 0.455 0x0000FF
96.72 350.55 27.54 96.91 349.1 27.62 0.455 0x0000FF
96.18 351.65 27.32 96.72 350.55 27.54 0.455 0x0000FF
95.99 352.19 27.16 96.18 351.65 27.32 0.455 0x0000FF
93.62 355.11 26.79 95.99 352.19 27.16 0.455 0x0000FF
92.71 356.2 26.48 93.62 355.11 26.79 0.455 0x0000FF
91.98 356.93 26.25 92.71 356.2 26.48 0.455 0x0000FF
91.25 357.66 25.88 91.98 356.93 26.25 0.455 0x0000FF
89.97 359.48 25.65 91.25 357.66 25.88 0.365 0x0000FF
88.51 361.3 25.27 89.97 359.48 25.65 0.365 0x0000FF
86.87 363.31 25.12 88.51 361.3 25.27 0.365 0x0000FF
85.41 365.31 24.74 86.87 363.31 25.12 0.365 0x0000FF
84.13 367.68 24.44 85.41 365.31 24.74 0.365 0x0000FF
83.22 370.6 24.29 84.13 367.68 24.44 0.365 0x0000FF
83.04 371.14 23.83 83.22 370.6 24.29 0.365 0x0000FF
82.86 372.42 23.53 83.04 371.14 23.83 0.365 0x0000FF
82.67 373.88 23.22 82.86 372.42 23.53 0.365 0x0000FF
81.03 377.52 22.69 82.67 373.88 23.22 0.365 0x0000FF
80.3 378.25 22.69 81.03 377.52 22.69 0.365 0x0000FF
79.03 380.44 22.39 80.3 378.25 22.69 0.365 0x0000FF
78.66 381.53 22.01 79.03 380.44 22.39 0.365 0x0000FF
78.3 382.26 21.63 78.66 381.53 22.01 0.365 0x0000FF
77.93 383.17 21.18 78.3 382.26 21.63 0.365 0x0000FF
77.93 383.9 20.65 77.93 383.17 21.18 0.365 0x0000FF
77.93 384.99 19.97 77.93 383.9 20.65 0.365 0x0000FF
77.93 385.72 19.36 77.93 384.99 19.97 0.365 0x0000FF
77.93 386.63 18.76 77.93 385.72 19.36 0.365 0x0000FF
77.93 386.99 18.38 77.93 386.63 18.76 0.365 0x0000FF
77.38 388.09 17.39 77.93 386.99 18.38 0.365 0x0000FF
77.2 388.45 16.79 77.38 388.09 17.39 0.365 0x0000FF
77.81 389.66 17.23 77.2 388.45 16.79 0.365 0x0000FF
77.81 389.85 17.62 77.81 389.66 17.23 0.365 0x0000FF
77.81 390.21 16.55 77.81 389.85 17.62 0.365 0x0000FF
78.37 390.94 16.18 77.81 390.21 16.55 0.365 0x0000FF
78.73 391.3 15.73 78.37 390.94 16.18 0.365 0x0000FF
79.47 392.21 15.35 78.73 391.3 15.73 0.365 0x0000FF
81.65 393.85 14.97 79.47 392.21 15.35 0.365 0x0000FF
83.11 395.13 14.44 81.65 393.85 14.97 0.365 0x0000FF
84.57 396.59 14.21 83.11 395.13 14.44 0.365 0x0000FF
86.22 398.23 13.91 84.57 396.59 14.21 0.365 0x0000FF
87.68 400.05 13.76 86.22 398.23 13.91 0.365 0x0000FF
88.95 402.05 13.38 87.68 400.05 13.76 0.365 0x0000FF
90.05 402.96 12.85 88.95 402.05 13.38 0.365 0x0000FF
90.6 403.69 12.24 90.05 402.96 12.85 0.365 0x0000FF
91.69 404.97 11.64 90.6 403.69 12.24 0.365 0x0000FF
92.78 405.88 11.1 91.69 404.97 11.64 0.365 0x0000FF
93.88 406.43 10.35 92.78 405.88 11.1 0.365 0x0000FF
95.34 407.52 9.74 93.88 406.43 10.35 0.365 0x0000FF
96.25 408.79 9.28 95.34 407.52 9.74 0.365 0x0000FF
96.98 410.43 8.91 96.25 408.79 9.28 0.365 0x0000FF
98.08 413.9 8.61 96.98 410.43 8.91 0.365 0x0000FF
98.81 416.45 8.0 98.08 413.9 8.61 0.365 0x0000FF
99.17 417.72 7.62 98.81 416.45 8.0 0.365 0x0000FF
99.9 420.64 7.01 99.17 417.72 7.62 0.365 0x0000FF
100.45 422.09 6.79 99.9 420.64 7.01 0.365 0x0000FF
101.18 425.19 6.41 100.45 422.09 6.79 0.275 0x0000FF
101.91 426.47 6.18 101.18 425.19 6.41 0.275 0x0000FF
103.18 427.93 5.88 101.91 426.47 6.18 0.275 0x0000FF
104.1 429.93 5.2 103.18 427.93 5.88 0.275 0x0000FF
104.46 430.66 4.59 104.1 429.93 5.2 0.275 0x0000FF
104.46 432.3 3.98 104.46 430.66 4.59 0.275 0x0000FF
104.64 435.94 3.61 104.46 432.3 3.98 0.275 0x0000FF
104.46 437.22 3.15 104.64 435.94 3.61 0.275 0x0000FF
105.01 442.87 2.92 104.46 437.22 3.15 0.275 0x0000FF
104.83 443.59 2.0 105.01 442.87 2.92 0.275 0x0000FF
104.83 444.32 1.64 104.83 443.59 2.0 0.275 0x0000FF
104.64 445.23 0.5 104.83 444.32 1.64 0.275 0x0000FF
104.83 446.87 -0.64 104.64 445.23 0.5 0.275 0x0000FF
104.83 447.6 -0.71 104.83 446.87 -0.64 0.275 0x0000FF
105.01 449.24 -1.17 104.83 447.6 -0.71 0.275 0x0000FF
105.56 451.61 -1.47 105.01 449.24 -1.17 0.18 0x0000FF
74.28 390.82 15.95 77.2 388.45 16.79 0.365 0x0000FF
73.0 392.1 15.42 74.28 390.82 15.95 0.365 0x0000FF
72.28 394.1 15.12 73.0 392.1 15.42 0.365 0x0000FF
71.73 396.1 14.82 72.28 394.1 15.12 0.365 0x0000FF
71.18 397.74 14.51 71.73 396.1 14.82 0.365 0x0000FF
70.81 399.93 14.06 71.18 397.74 14.51 0.365 0x0000FF
70.63 401.02 13.68 70.81 399.93 14.06 0.365 0x0000FF
70.09 402.85 13.23 70.63 401.02 13.68 0.365 0x0000FF
69.54 403.94 12.85 70.09 402.85 13.23 0.365 0x0000FF
68.81 405.4 12.62 69.54 403.94 12.85 0.365 0x0000FF
67.34 407.58 12.17 68.81 405.4 12.62 0.365 0x0000FF
65.7 409.59 11.86 67.34 407.58 12.17 0.365 0x0000FF
63.7 412.14 11.71 65.7 409.59 11.86 0.365 0x0000FF
62.79 413.41 11.56 63.7 412.14 11.71 0.365 0x0000FF
62.13 415.17 11.33 62.79 413.41 11.56 0.275 0x0000FF
27.25 17.16 7.39 26.7 17.52 7.47 0.73 0x0000FF
27.43 17.16 7.39 27.25 17.16 7.39 0.73 0x0000FF
27.61 17.52 7.01 27.43 17.16 7.39 0.73 0x0000FF
27.98 18.07 6.86 27.61 17.52 7.01 0.73 0x0000FF
28.53 18.25 6.79 27.98 18.07 6.86 0.73 0x0000FF
29.8 18.43 6.64 28.53 18.25 6.79 0.64 0x0000FF
30.35 18.43 6.64 29.8 18.43 6.64 0.64 0x0000FF
30.71 18.43 6.48 30.35 18.43 6.64 0.64 0x0000FF
31.08 18.43 6.41 30.71 18.43 6.48 0.64 0x0000FF
31.63 18.43 6.03 31.08 18.43 6.41 0.64 0x0000FF
32.54 18.62 5.58 31.63 18.43 6.03 0.64 0x0000FF
32.9 18.62 5.2 32.54 18.62 5.58 0.64 0x0000FF
33.45 18.8 4.88 32.9 18.62 5.2 0.64 0x0000FF
33.82 18.98 4.36 33.45 18.8 4.88 0.64 0x0000FF
34.36 19.16 3.61 33.82 18.98 4.36 0.64 0x0000FF
34.72 19.16 3.23 34.36 19.16 3.61 0.64 0x0000FF
36.19 19.16 2.77 34.72 19.16 3.23 0.64 0x0000FF
36.54 19.16 2.39 36.19 19.16 2.77 0.64 0x0000FF
37.65 18.98 1.86 36.54 19.16 2.39 0.64 0x0000FF
39.29 18.8 1.48 37.65 18.98 1.86 0.545 0x0000FF
40.38 18.62 1.11 39.29 18.8 1.48 0.545 0x0000FF
40.93 18.43 0.8 40.38 18.62 1.11 0.545 0x0000FF
42.39 17.89 0.65 40.93 18.43 0.8 0.545 0x0000FF
45.49 17.52 -0.26 42.39 17.89 0.65 0.545 0x0000FF
46.95 17.52 -0.26 45.49 17.52 -0.26 0.545 0x0000FF
48.23 17.34 -0.41 46.95 17.52 -0.26 0.545 0x0000FF
50.06 17.16 -0.56 48.23 17.34 -0.41 0.545 0x0000FF
52.06 16.98 -0.71 50.06 17.16 -0.56 0.545 0x0000FF
53.7 16.98 -0.94 52.06 16.98 -0.71 0.545 0x0000FF
55.71 16.79 -0.94 53.7 16.98 -0.94 0.545 0x0000FF
57.17 16.61 -1.09 55.71 16.79 -0.94 0.545 0x0000FF
58.27 16.61 -1.32 57.17 16.61 -1.09 0.545 0x0000FF
59.36 16.79 -1.47 58.27 16.61 -1.32 0.545 0x0000FF
60.09 16.79 -1.62 59.36 16.79 -1.47 0.545 0x0000FF
61.37 16.98 -2.08 60.09 16.79 -1.62 0.545 0x0000FF
61.91 16.98 -2.29 61.37 16.98 -2.08 0.545 0x0000FF
62.83 17.16 -2.68 61.91 16.98 -2.29 0.545 0x0000FF
64.29 17.16 -2.98 62.83 17.16 -2.68 0.545 0x0000FF
65.93 17.34 -3.59 64.29 17.16 -2.98 0.545 0x0000FF
67.2 17.34 -3.97 65.93 17.34 -3.59 0.545 0x0000FF
68.67 17.34 -4.73 67.2 17.34 -3.97 0.545 0x0000FF
69.94 17.16 -5.03 68.67 17.34 -4.73 0.545 0x0000FF
70.31 17.16 -6.32 69.94 17.16 -5.03 0.545 0x0000FF
71.22 17.16 -6.85 70.31 17.16 -6.32 0.545 0x0000FF
72.5 16.98 -7.45 71.22 17.16 -6.85 0.545 0x0000FF
73.95 16.79 -8.28 72.5 16.98 -7.45 0.545 0x0000FF
76.33 16.79 -9.11 73.95 16.79 -8.28 0.455 0x0000FF
78.15 16.61 -9.5 76.33 16.79 -9.11 0.455 0x0000FF
81.62 15.52 -10.18 78.15 16.61 -9.5 0.365 0x0000FF
83.99 14.79 -10.26 81.62 15.52 -10.18 0.365 0x0000FF
89.65 14.42 -10.64 83.99 14.79 -10.26 0.365 0x0000FF
90.56 14.06 -11.32 89.65 14.42 -10.64 0.365 0x0000FF
91.29 14.06 -12.0 90.56 14.06 -11.32 0.365 0x0000FF
97.13 13.51 -12.6 91.29 14.06 -12.0 0.365 0x0000FF
97.86 13.88 -12.98 97.13 13.51 -12.6 0.365 0x0000FF
98.95 14.06 -13.36 97.86 13.88 -12.98 0.365 0x0000FF
100.05 14.06 -14.04 98.95 14.06 -13.36 0.365 0x0000FF
100.59 14.42 -14.8 100.05 14.06 -14.04 0.365 0x0000FF
105.7 14.97 -15.26 100.59 14.42 -14.8 0.275 0x0000FF
107.89 15.34 -15.94 105.7 14.97 -15.26 0.275 0x0000FF
