-7.28 41.89 0.05 -14.72 39.29 -2.78 1.005 0x0000FF
-5.64 42.25 0.5 -7.28 41.89 0.05 1.005 0x0000FF
-1.45 41.71 0.8 -5.64 42.25 0.5 1.005 0x0000FF
2.2 40.61 0.95 -1.45 41.71 0.8 1.005 0x0000FF
6.22 38.97 1.11 2.2 40.61 0.95 1.005 0x0000FF
8.77 38.24 1.33 6.22 38.97 1.11 1.005 0x0000FF
12.06 37.15 1.71 8.77 38.24 1.33 1.005 0x0000FF
14.06 36.24 1.79 12.06 37.15 1.71 1.005 0x0000FF
18.62 34.96 2.09 14.06 36.24 1.79 0.91 0x0000FF
19.89 34.42 2.24 18.62 34.96 2.09 0.91 0x0000FF
21.54 33.69 2.39 19.89 34.42 2.24 0.91 0x0000FF
23.19 32.96 2.7 21.54 33.69 2.39 0.91 0x0000FF
24.1 32.22 2.77 23.19 32.96 2.7 0.91 0x0000FF
24.46 32.04 3.23 24.1 32.22 2.77 0.91 0x0000FF
26.1 30.96 3.3 24.46 32.04 3.23 0.91 0x0000FF
28.29 30.59 3.38 26.1 30.96 3.3 0.91 0x0000FF
31.4 29.5 4.21 28.29 30.59 3.38 0.73 0x0000FF
33.22 30.23 3.98 31.4 29.5 4.21 0.64 0x0000FF
36.14 29.5 4.05 33.22 30.23 3.98 0.365 0x0000FF
37.78 28.95 4.29 36.14 29.5 4.05 0.365 0x0000FF
39.06 28.77 4.51 37.78 28.95 4.29 0.365 0x0000FF
41.25 28.59 4.82 39.06 28.77 4.51 0.365 0x0000FF
43.44 28.59 4.88 41.25 28.59 4.82 0.365 0x0000FF
45.08 28.59 4.97 43.44 28.59 4.88 0.365 0x0000FF
47.27 29.32 5.04 45.08 28.59 4.97 0.365 0x0000FF
49.82 29.5 5.27 47.27 29.32 5.04 0.365 0x0000FF
52.93 30.23 5.27 49.82 29.5 5.27 0.365 0x0000FF
54.93 30.96 5.42 52.93 30.23 5.27 0.365 0x0000FF
56.21 32.6 5.5 54.93 30.96 5.42 0.365 0x0000FF
56.94 33.86 5.65 56.21 32.6 5.5 0.365 0x0000FF
58.03 35.33 5.65 56.94 33.86 5.65 0.365 0x0000FF
58.95 36.42 5.5 58.03 35.33 5.65 0.365 0x0000FF
59.68 37.33 5.12 58.95 36.42 5.5 0.365 0x0000FF
62.6 40.07 4.97 59.68 37.33 5.12 0.365 0x0000FF
64.42 40.98 4.82 62.6 40.07 4.97 0.365 0x0000FF
66.06 41.52 4.59 64.42 40.98 4.82 0.365 0x0000FF
67.16 42.07 4.29 66.06 41.52 4.59 0.365 0x0000FF
68.98 42.98 4.21 67.16 42.07 4.29 0.365 0x0000FF
70.44 43.53 4.13 68.98 42.98 4.21 0.365 0x0000FF
71.9 44.62 4.05 70.44 43.53 4.13 0.365 0x0000FF
73.54 45.9 3.91 71.9 44.62 4.05 0.365 0x0000FF
76.09 46.62 3.83 73.54 45.9 3.91 0.365 0x0000FF
78.29 46.99 3.83 76.09 46.62 3.83 0.365 0x0000FF
80.11 47.35 3.83 78.29 46.99 3.83 0.365 0x0000FF
81.02 47.72 3.53 80.11 47.35 3.83 0.365 0x0000FF
34.5 28.77 4.13 33.22 30.23 3.98 0.455 0x0000FF
35.96 27.31 4.51 34.5 28.77 4.13 0.365 0x0000FF
37.6 26.95 4.74 35.96 27.31 4.51 0.365 0x0000FF
37.96 26.58 4.97 37.6 26.95 4.74 0.365 0x0000FF
38.69 26.04 5.27 37.96 26.58 4.97 0.365 0x0000FF
39.79 25.13 5.35 38.69 26.04 5.27 0.365 0x0000FF
40.15 24.4 5.42 39.79 25.13 5.35 0.365 0x0000FF
40.52 23.67 5.04 40.15 24.4 5.42 0.365 0x0000FF
40.88 22.76 4.74 40.52 23.67 5.04 0.365 0x0000FF
41.43 22.21 4.67 40.88 22.76 4.74 0.365 0x0000FF
42.34 21.48 4.59 41.43 22.21 4.67 0.365 0x0000FF
43.8 20.75 4.36 42.34 21.48 4.59 0.365 0x0000FF
45.44 19.29 4.21 43.8 20.75 4.36 0.365 0x0000FF
45.81 18.75 4.05 45.44 19.29 4.21 0.365 0x0000FF
45.99 18.2 3.98 45.81 18.75 4.05 0.365 0x0000FF
46.36 17.29 3.91 45.99 18.2 3.98 0.365 0x0000FF
46.36 16.93 3.91 46.36 17.29 3.91 0.365 0x0000FF
46.54 16.38 4.13 46.36 16.93 3.91 0.365 0x0000FF
47.09 15.65 4.36 46.54 16.38 4.13 0.365 0x0000FF
47.63 14.74 4.59 47.09 15.65 4.36 0.365 0x0000FF
48.36 13.65 4.67 47.63 14.74 4.59 0.365 0x0000FF
49.09 12.74 4.88 48.36 13.65 4.67 0.365 0x0000FF
50.01 12.19 4.74 49.09 12.74 4.88 0.365 0x0000FF
51.28 11.64 4.59 50.01 12.19 4.74 0.365 0x0000FF
52.2 11.1 4.36 51.28 11.64 4.59 0.365 0x0000FF
54.38 10.37 4.13 52.2 11.1 4.36 0.365 0x0000FF
55.66 9.82 3.98 54.38 10.37 4.13 0.365 0x0000FF
57.67 9.09 3.91 55.66 9.82 3.98 0.365 0x0000FF
60.04 8.18 3.83 57.67 9.09 3.91 0.365 0x0000FF
61.5 7.82 3.68 60.04 8.18 3.83 0.365 0x0000FF
63.87 7.45 3.53 61.5 7.82 3.68 0.365 0x0000FF
66.06 7.09 3.38 63.87 7.45 3.53 0.365 0x0000FF
68.43 6.72 3.3 66.06 7.09 3.38 0.365 0x0000FF
76.09 5.99 3.0 68.43 6.72 3.3 0.275 0x0000FF
79.02 5.99 2.92 76.09 5.99 3.0 0.275 0x0000FF
79.93 5.99 2.62 79.02 5.99 2.92 0.275 0x0000FF
81.2 5.99 2.24 79.93 5.99 2.62 0.275 0x0000FF
81.94 5.99 2.17 81.2 5.99 2.24 0.275 0x0000FF
82.85 5.99 2.17 81.94 5.99 2.17 0.275 0x0000FF
32.67 28.4 4.59 31.4 29.5 4.21 0.545 0x0000FF
33.04 27.86 4.82 32.67 28.4 4.59 0.455 0x0000FF
33.4 27.49 5.2 33.04 27.86 4.82 0.455 0x0000FF
33.59 27.13 5.8 33.4 27.49 5.2 0.455 0x0000FF
34.31 25.31 6.41 33.59 27.13 5.8 0.365 0x0000FF
34.5 24.4 6.71 34.31 25.31 6.41 0.365 0x0000FF
34.68 23.3 6.86 34.5 24.4 6.71 0.365 0x0000FF
34.68 22.03 7.01 34.68 23.3 6.86 0.365 0x0000FF
34.86 20.02 7.17 34.68 22.03 7.01 0.365 0x0000FF
35.04 18.57 7.24 34.86 20.02 7.17 0.365 0x0000FF
35.04 17.11 7.32 35.04 18.57 7.24 0.365 0x0000FF
35.4 15.47 7.47 35.04 17.11 7.32 0.365 0x0000FF
35.04 14.92 8.0 35.4 15.47 7.47 0.365 0x0000FF
34.86 14.38 8.0 35.04 14.92 8.0 0.365 0x0000FF
33.95 14.01 8.07 34.86 14.38 8.0 0.365 0x0000FF
33.77 14.19 8.44 33.95 14.01 8.07 0.365 0x0000FF
33.59 14.38 8.83 33.77 14.19 8.44 0.365 0x0000FF
33.22 14.56 9.36 33.59 14.38 8.83 0.365 0x0000FF
32.67 14.74 9.59 33.22 14.56 9.36 0.365 0x0000FF
31.94 14.56 9.97 32.67 14.74 9.59 0.365 0x0000FF
31.21 14.19 10.03 31.94 14.56 9.97 0.365 0x0000FF
30.67 13.83 10.35 31.21 14.19 10.03 0.365 0x0000FF
30.48 13.46 10.88 30.67 13.83 10.35 0.365 0x0000FF
30.3 12.74 10.95 30.48 13.46 10.88 0.365 0x0000FF
30.3 12.19 11.33 30.3 12.74 10.95 0.365 0x0000FF
-10.93 50.27 -2.15 -14.72 39.29 -2.78 0.91 0x0000FF
-9.47 51.0 -2.0 -10.93 50.27 -2.15 0.91 0x0000FF
-8.56 51.54 -1.85 -9.47 51.0 -2.0 0.91 0x0000FF
-6.01 52.64 -1.77 -8.56 51.54 -1.85 0.91 0x0000FF
-5.09 53.18 -1.62 -6.01 52.64 -1.77 0.91 0x0000FF
-4.37 53.73 -1.55 -5.09 53.18 -1.62 0.91 0x0000FF
-3.27 54.64 -1.47 -4.37 53.73 -1.55 0.91 0x0000FF
-2.54 55.01 -1.39 -3.27 54.64 -1.47 0.91 0x0000FF
-2.18 55.37 -1.32 -2.54 55.01 -1.39 0.91 0x0000FF
-1.26 55.73 -1.24 -2.18 55.37 -1.32 0.91 0x0000FF
-0.72 56.1 -1.24 -1.26 55.73 -1.24 0.91 0x0000FF
-0.17 58.47 -2.0 -0.72 56.1 -1.24 0.545 0x0000FF
-0.17 59.74 -1.92 -0.17 58.47 -2.0 0.545 0x0000FF
0.01 60.29 -1.77 -0.17 59.74 -1.92 0.545 0x0000FF
0.56 61.2 -1.47 0.01 60.29 -1.77 0.545 0x0000FF
1.11 62.11 -1.32 0.56 61.2 -1.47 0.545 0x0000FF
1.29 62.66 -0.79 1.11 62.11 -1.32 0.545 0x0000FF
1.47 63.39 -0.64 1.29 62.66 -0.79 0.545 0x0000FF
2.02 64.48 -0.33 1.47 63.39 -0.64 0.545 0x0000FF
2.2 65.39 -0.33 2.02 64.48 -0.33 0.545 0x0000FF
2.57 65.94 -0.56 2.2 65.39 -0.33 0.545 0x0000FF
2.93 66.84 -0.79 2.57 65.94 -0.56 0.545 0x0000FF
3.3 67.76 -1.32 2.93 66.84 -0.79 0.545 0x0000FF
3.66 68.67 -1.47 3.3 67.76 -1.32 0.545 0x0000FF
4.21 70.31 -1.47 3.66 68.67 -1.47 0.545 0x0000FF
4.76 71.59 -1.47 4.21 70.31 -1.47 0.545 0x0000FF
5.12 73.23 -1.47 4.76 71.59 -1.47 0.545 0x0000FF
5.85 74.31 -1.47 5.12 73.23 -1.47 0.545 0x0000FF
6.4 74.68 -1.55 5.85 74.31 -1.47 0.545 0x0000FF
6.76 75.41 -1.55 6.4 74.68 -1.55 0.545 0x0000FF
7.49 76.14 -1.47 6.76 75.41 -1.55 0.545 0x0000FF
8.41 77.59 -1.32 7.49 76.14 -1.47 0.545 0x0000FF
8.94 80.33 -1.02 8.41 77.59 -1.32 0.545 0x0000FF
8.94 83.98 -0.86 8.94 80.33 -1.02 0.545 0x0000FF
9.32 86.89 -0.64 8.94 83.98 -0.86 0.545 0x0000FF
9.32 91.08 -0.41 9.32 86.89 -0.64 0.545 0x0000FF
9.14 92.9 0.05 9.32 91.08 -0.41 0.545 0x0000FF
9.32 98.73 0.2 9.14 92.9 0.05 0.545 0x0000FF
9.32 100.74 0.5 9.32 98.73 0.2 0.545 0x0000FF
9.68 105.11 0.88 9.32 100.74 0.5 0.545 0x0000FF
9.32 113.86 0.95 9.68 105.11 0.88 0.545 0x0000FF
7.49 116.41 1.48 9.32 113.86 0.95 0.545 0x0000FF
6.58 118.78 1.79 7.49 116.41 1.48 0.545 0x0000FF
5.18 120.98 1.71 6.58 118.78 1.79 0.64 0x0000FF
4.8 121.71 1.71 5.18 120.98 1.71 0.64 0x0000FF
4.26 123.53 1.71 4.8 121.71 1.71 0.64 0x0000FF
3.72 125.72 1.71 4.26 123.53 1.71 0.64 0x0000FF
3.72 126.81 2.0 3.72 125.72 1.71 0.64 0x0000FF
3.72 127.36 2.39 3.72 126.81 2.0 0.64 0x0000FF
3.72 128.44 2.0 3.72 127.36 2.39 0.64 0x0000FF
4.08 129.36 1.79 3.72 128.44 2.0 0.64 0x0000FF
4.63 129.91 1.64 4.08 129.36 1.79 0.64 0x0000FF
5.54 131.37 1.18 4.63 129.91 1.64 0.64 0x0000FF
6.09 132.46 0.57 5.54 131.37 1.18 0.64 0x0000FF
6.64 133.72 0.12 6.09 132.46 0.57 0.64 0x0000FF
7.55 136.1 -0.11 6.64 133.72 0.12 0.64 0x0000FF
8.46 137.91 -0.48 7.55 136.1 -0.11 0.64 0x0000FF
9.55 139.93 -0.94 8.46 137.91 -0.48 0.64 0x0000FF
10.83 142.47 -1.39 9.55 139.93 -0.94 0.64 0x0000FF
11.38 143.94 -1.77 10.83 142.47 -1.39 0.64 0x0000FF
11.38 146.66 -2.08 11.38 143.94 -1.77 0.64 0x0000FF
10.47 152.13 -2.45 11.38 146.66 -2.08 0.64 0x0000FF
10.83 155.78 -2.98 10.47 152.13 -2.45 0.64 0x0000FF
12.47 159.41 -3.29 10.83 155.78 -2.98 0.64 0x0000FF
15.76 166.71 -3.74 12.47 159.41 -3.29 0.64 0x0000FF
17.03 169.81 -3.97 15.76 166.71 -3.74 0.64 0x0000FF
18.68 173.09 -4.2 17.03 169.81 -3.97 0.64 0x0000FF
20.68 175.82 -4.58 18.68 173.09 -4.2 0.64 0x0000FF
22.14 178.19 -4.95 20.68 175.82 -4.58 0.64 0x0000FF
24.33 182.02 -5.18 22.14 178.19 -4.95 0.64 0x0000FF
25.61 192.4 -5.26 24.33 182.02 -5.18 0.64 0x0000FF
25.61 196.78 -5.71 25.61 192.4 -5.26 0.64 0x0000FF
25.61 198.05 -6.17 25.61 196.78 -5.71 0.64 0x0000FF
25.79 199.14 -6.54 25.61 198.05 -6.17 0.64 0x0000FF
26.7 202.42 -6.85 25.79 199.14 -6.54 0.64 0x0000FF
26.7 204.79 -7.08 26.7 202.42 -6.85 0.64 0x0000FF
27.07 206.98 -7.38 26.7 204.79 -7.08 0.64 0x0000FF
27.25 207.71 -7.53 27.07 206.98 -7.38 0.64 0x0000FF
27.8 209.35 -7.83 27.25 207.71 -7.53 0.64 0x0000FF
28.71 211.72 -8.14 27.8 209.35 -7.83 0.64 0x0000FF
29.26 212.26 -8.21 28.71 211.72 -8.14 0.64 0x0000FF
28.71 213.36 -8.21 29.26 212.26 -8.21 0.64 0x0000FF
30.12 214.55 -8.44 28.71 213.36 -8.21 0.64 0x0000FF
30.48 215.46 -8.59 30.12 214.55 -8.44 0.64 0x0000FF
30.85 216.37 -8.82 30.48 215.46 -8.59 0.64 0x0000FF
31.03 217.65 -9.11 30.85 216.37 -8.82 0.64 0x0000FF
31.21 218.56 -9.42 31.03 217.65 -9.11 0.64 0x0000FF
31.39 221.29 -9.65 31.21 218.56 -9.42 0.64 0x0000FF
31.76 223.48 -9.94 31.39 221.29 -9.65 0.64 0x0000FF
31.76 225.12 -10.26 31.76 223.48 -9.94 0.64 0x0000FF
31.76 226.76 -10.71 31.76 225.12 -10.26 0.64 0x0000FF
31.94 228.4 -11.01 31.76 226.76 -10.71 0.64 0x0000FF
32.11 229.85 -11.17 31.94 228.4 -11.01 0.64 0x0000FF
32.49 231.13 -11.62 32.11 229.85 -11.17 0.64 0x0000FF
32.67 232.4 -11.92 32.49 231.13 -11.62 0.64 0x0000FF
33.22 234.04 -12.3 32.67 232.4 -11.92 0.64 0x0000FF
33.76 235.87 -12.45 33.22 234.04 -12.3 0.64 0x0000FF
34.31 237.51 -12.76 33.76 235.87 -12.45 0.64 0x0000FF
35.04 240.06 -13.21 34.31 237.51 -12.76 0.64 0x0000FF
35.59 243.34 -13.51 35.04 240.06 -13.21 0.64 0x0000FF
37.04 246.43 -13.89 35.59 243.34 -13.51 0.64 0x0000FF
38.51 249.53 -14.12 37.04 246.43 -13.89 0.64 0x0000FF
39.06 251.17 -14.35 38.51 249.53 -14.12 0.64 0x0000FF
40.15 252.45 -14.8 39.06 251.17 -14.35 0.64 0x0000FF
41.06 253.36 -14.95 40.15 252.45 -14.8 0.64 0x0000FF
42.34 255.0 -15.63 41.06 253.36 -14.95 0.64 0x0000FF
43.25 256.45 -16.17 42.34 255.0 -15.63 0.64 0x0000FF
43.62 257.55 -16.54 43.25 256.45 -16.17 0.64 0x0000FF
44.16 260.27 -16.62 43.62 257.55 -16.54 0.64 0x0000FF
44.89 264.47 -17.07 44.16 260.27 -16.62 0.64 0x0000FF
45.62 268.48 -17.23 44.89 264.47 -17.07 0.64 0x0000FF
46.35 272.49 -17.53 45.62 268.48 -17.23 0.64 0x0000FF
46.9 274.31 -17.6 46.35 272.49 -17.53 0.64 0x0000FF
48.0 276.68 -17.82 46.9 274.31 -17.6 0.64 0x0000FF
50.73 281.77 -18.13 48.0 276.68 -17.82 0.545 0x0000FF
50.73 284.88 -18.29 50.73 281.77 -18.13 0.545 0x0000FF
50.73 288.33 -18.66 50.73 284.88 -18.29 0.545 0x0000FF
50.73 291.98 -18.97 50.73 288.33 -18.66 0.545 0x0000FF
50.55 294.89 -19.2 50.73 291.98 -18.97 0.545 0x0000FF
49.82 298.0 -19.27 50.55 294.89 -19.2 0.545 0x0000FF
49.64 298.91 -19.35 49.82 298.0 -19.27 0.545 0x0000FF
49.27 301.64 -19.5 49.64 298.91 -19.35 0.545 0x0000FF
49.46 303.45 -19.57 49.27 301.64 -19.5 0.545 0x0000FF
49.27 304.56 -19.73 49.46 303.45 -19.57 0.545 0x0000FF
47.88 315.29 -19.95 49.27 304.56 -19.73 0.545 0x0000FF
47.7 316.57 -20.18 47.88 315.29 -19.95 0.545 0x0000FF
47.33 318.76 -20.63 47.7 316.57 -20.18 0.545 0x0000FF
47.88 320.2 -20.94 47.33 318.76 -20.63 0.545 0x0000FF
48.61 321.31 -20.94 47.88 320.2 -20.94 0.545 0x0000FF
48.79 322.76 -21.32 48.61 321.31 -20.94 0.545 0x0000FF
49.7 326.58 -21.47 48.79 322.76 -21.32 0.455 0x0000FF
49.89 328.41 -22.0 49.7 326.58 -21.47 0.455 0x0000FF
49.7 329.69 -22.3 49.89 328.41 -22.0 0.455 0x0000FF
49.52 330.42 -22.38 49.7 329.69 -22.3 0.455 0x0000FF
49.34 331.69 -22.76 49.52 330.42 -22.38 0.455 0x0000FF
48.97 333.15 -23.06 49.34 331.69 -22.76 0.455 0x0000FF
48.24 334.97 -23.29 48.97 333.15 -23.06 0.455 0x0000FF
48.06 335.52 -23.44 48.24 334.97 -23.29 0.455 0x0000FF
47.7 336.98 -23.82 48.06 335.52 -23.44 0.455 0x0000FF
47.7 338.07 -24.5 47.7 336.98 -23.82 0.455 0x0000FF
47.88 339.89 -24.95 47.7 338.07 -24.5 0.455 0x0000FF
48.61 341.71 -25.18 47.88 339.89 -24.95 0.455 0x0000FF
49.7 344.26 -26.01 48.61 341.71 -25.18 0.455 0x0000FF
50.43 345.9 -26.92 49.7 344.26 -26.01 0.455 0x0000FF
51.16 347.54 -27.0 50.43 345.9 -26.92 0.455 0x0000FF
51.16 350.82 -27.53 51.16 347.54 -27.0 0.455 0x0000FF
50.43 353.37 -27.98 51.16 350.82 -27.53 0.365 0x0000FF
50.62 357.02 -28.13 50.43 353.37 -27.98 0.365 0x0000FF
50.98 359.57 -28.44 50.62 357.02 -28.13 0.365 0x0000FF
52.44 362.3 -28.74 50.98 359.57 -28.44 0.365 0x0000FF
54.45 364.49 -29.04 52.44 362.3 -28.74 0.365 0x0000FF
55.36 367.59 -29.5 54.45 364.49 -29.04 0.18 0x0000FF
54.99 370.5 -29.88 55.36 367.59 -29.5 0.18 0x0000FF
54.45 373.78 -30.33 54.99 370.5 -29.88 0.18 0x0000FF
5.12 118.96 2.0 6.58 118.78 1.79 0.545 0x0000FF
4.38 119.69 2.31 5.12 118.96 2.0 0.545 0x0000FF
3.3 120.96 2.54 4.38 119.69 2.31 0.545 0x0000FF
2.39 122.06 2.7 3.3 120.96 2.54 0.545 0x0000FF
-2.49 133.19 3.38 2.39 122.06 2.7 0.545 0x0000FF
-2.85 134.65 3.61 -2.49 133.19 3.38 0.545 0x0000FF
-3.95 136.83 3.98 -2.85 134.65 3.61 0.545 0x0000FF
-4.49 137.74 4.21 -3.95 136.83 3.98 0.545 0x0000FF
-4.86 138.65 4.21 -4.49 137.74 4.21 0.545 0x0000FF
-5.22 139.75 4.05 -4.86 138.65 4.21 0.545 0x0000FF
-5.95 140.47 3.61 -5.22 139.75 4.05 0.545 0x0000FF
-6.87 141.19 3.23 -5.95 140.47 3.61 0.545 0x0000FF
-7.96 141.93 3.0 -6.87 141.19 3.23 0.545 0x0000FF
-8.69 142.47 2.7 -7.96 141.93 3.0 0.545 0x0000FF
-9.78 142.84 2.24 -8.69 142.47 2.7 0.545 0x0000FF
-11.43 144.12 1.86 -9.78 142.84 2.24 0.545 0x0000FF
-12.52 144.85 1.56 -11.43 144.12 1.86 0.545 0x0000FF
-13.8 145.76 1.18 -12.52 144.85 1.56 0.545 0x0000FF
-15.26 147.4 0.95 -13.8 145.76 1.18 0.545 0x0000FF
-16.54 148.86 0.65 -15.26 147.4 0.95 0.545 0x0000FF
-17.8 150.13 0.27 -16.54 148.86 0.65 0.545 0x0000FF
-19.09 150.86 0.05 -17.8 150.13 0.27 0.545 0x0000FF
-20.73 152.13 -0.11 -19.09 150.86 0.05 0.545 0x0000FF
-23.1 153.78 -0.41 -20.73 152.13 -0.11 0.545 0x0000FF
-25.66 155.22 -0.56 -23.1 153.78 -0.41 0.545 0x0000FF
-27.48 156.33 -0.71 -25.66 155.22 -0.56 0.545 0x0000FF
-32.04 158.51 -1.02 -27.48 156.33 -0.71 0.455 0x0000FF
-33.32 159.61 -1.24 -32.04 158.51 -1.02 0.455 0x0000FF
-35.51 162.16 -1.47 -33.32 159.61 -1.24 0.455 0x0000FF
-37.34 163.8 -1.7 -35.51 162.16 -1.47 0.455 0x0000FF
-42.44 165.8 -1.77 -37.34 163.8 -1.7 0.365 0x0000FF
-45.18 166.53 -1.92 -42.44 165.8 -1.77 0.365 0x0000FF
-48.83 167.44 -2.15 -45.18 166.53 -1.92 0.365 0x0000FF
-51.57 167.99 -2.38 -48.83 167.44 -2.15 0.365 0x0000FF
-53.76 168.9 -2.52 -51.57 167.99 -2.38 0.365 0x0000FF
-57.59 170.54 -2.76 -53.76 168.9 -2.52 0.365 0x0000FF
-64.52 177.83 -2.91 -57.59 170.54 -2.76 0.365 0x0000FF
-66.53 178.37 -3.21 -64.52 177.83 -2.91 0.365 0x0000FF
-68.72 179.47 -3.21 -66.53 178.37 -3.21 0.365 0x0000FF
0.93 56.83 -0.33 -0.72 56.1 -1.24 0.82 0x0000FF
2.02 57.01 0.05 0.93 56.83 -0.33 0.64 0x0000FF
2.02 57.01 0.42 2.02 57.01 0.05 0.64 0x0000FF
2.93 56.83 0.65 2.02 57.01 0.42 0.64 0x0000FF
3.66 56.65 0.95 2.93 56.83 0.65 0.64 0x0000FF
4.38 56.65 0.95 3.66 56.65 0.95 0.64 0x0000FF
5.49 56.65 1.41 4.38 56.65 0.95 0.64 0x0000FF
6.22 56.65 1.41 5.49 56.65 1.41 0.64 0x0000FF
7.49 56.28 1.71 6.22 56.65 1.41 0.64 0x0000FF
7.86 56.1 1.86 7.49 56.28 1.71 0.64 0x0000FF
8.41 56.1 2.24 7.86 56.1 1.86 0.64 0x0000FF
8.77 56.1 2.17 8.41 56.1 2.24 0.64 0x0000FF
9.5 56.1 2.47 8.77 56.1 2.17 0.64 0x0000FF
10.23 56.28 2.77 9.5 56.1 2.47 0.64 0x0000FF
11.33 56.83 2.92 10.23 56.28 2.77 0.545 0x0000FF
11.69 56.83 3.23 11.33 56.83 2.92 0.545 0x0000FF
12.06 56.83 3.53 11.69 56.83 3.23 0.545 0x0000FF
12.42 57.01 3.91 12.06 56.83 3.53 0.545 0x0000FF
13.33 57.74 4.21 12.42 57.01 3.91 0.545 0x0000FF
13.7 57.92 4.67 13.33 57.74 4.21 0.545 0x0000FF
14.43 58.83 4.97 13.7 57.92 4.67 0.545 0x0000FF
14.97 59.93 5.5 14.43 58.83 4.97 0.545 0x0000FF
15.34 60.47 5.73 14.97 59.93 5.5 0.545 0x0000FF
15.7 61.2 6.03 15.34 60.47 5.73 0.545 0x0000FF
16.62 61.57 6.33 15.7 61.2 6.03 0.545 0x0000FF
16.98 61.75 6.56 16.62 61.57 6.33 0.545 0x0000FF
17.53 61.93 7.01 16.98 61.75 6.56 0.545 0x0000FF
18.44 62.29 7.7 17.53 61.93 7.01 0.545 0x0000FF
19.35 62.66 8.0 18.44 62.29 7.7 0.545 0x0000FF
20.45 63.2 8.83 19.35 62.66 8.0 0.545 0x0000FF
21.18 63.75 9.14 20.45 63.2 8.83 0.545 0x0000FF
21.54 64.12 9.59 21.18 63.75 9.14 0.545 0x0000FF
22.09 64.84 10.88 21.54 64.12 9.59 0.545 0x0000FF
22.64 65.76 11.79 22.09 64.84 10.88 0.545 0x0000FF
23.19 66.48 12.47 22.64 65.76 11.79 0.545 0x0000FF
23.73 67.2 13.45 23.19 66.48 12.47 0.545 0x0000FF
24.28 68.12 13.98 23.73 67.2 13.45 0.545 0x0000FF
24.64 68.84 14.74 24.28 68.12 13.98 0.545 0x0000FF
25.01 69.4 15.35 24.64 68.84 14.74 0.545 0x0000FF
25.19 69.76 16.63 25.01 69.4 15.35 0.545 0x0000FF
25.56 70.48 18.07 25.19 69.76 16.63 0.545 0x0000FF
25.74 71.04 18.45 25.56 70.48 18.07 0.545 0x0000FF
26.29 71.77 19.89 25.74 71.04 18.45 0.545 0x0000FF
26.47 72.31 20.5 26.29 71.77 19.89 0.545 0x0000FF
26.65 72.86 21.26 26.47 72.31 20.5 0.545 0x0000FF
26.83 73.41 22.09 26.65 72.86 21.26 0.545 0x0000FF
27.02 73.95 22.69 26.83 73.41 22.09 0.545 0x0000FF
27.2 74.68 23.0 27.02 73.95 22.69 0.545 0x0000FF
27.2 75.78 23.53 27.2 74.68 23.0 0.545 0x0000FF
27.38 76.69 24.36 27.2 75.78 23.53 0.545 0x0000FF
27.38 77.23 25.27 27.38 76.69 24.36 0.545 0x0000FF
26.1 79.23 25.65 27.38 77.23 25.27 0.545 0x0000FF
23.73 81.79 25.88 26.1 79.23 25.65 0.545 0x0000FF
21.91 83.06 26.25 23.73 81.79 25.88 0.545 0x0000FF
21.73 83.25 27.47 21.91 83.06 26.25 0.545 0x0000FF
20.63 84.16 27.85 21.73 83.25 27.47 0.455 0x0000FF
19.54 84.7 28.6 20.63 84.16 27.85 0.455 0x0000FF
18.98 85.25 29.06 19.54 84.7 28.6 0.455 0x0000FF
18.26 85.62 29.28 18.98 85.25 29.06 0.455 0x0000FF
16.98 85.62 29.59 18.26 85.62 29.28 0.455 0x0000FF
16.25 86.34 29.97 16.98 85.62 29.59 0.455 0x0000FF
15.7 86.89 30.35 16.25 86.34 29.97 0.455 0x0000FF
15.34 87.44 30.8 15.7 86.89 30.35 0.455 0x0000FF
15.16 87.8 31.41 15.34 87.44 30.8 0.455 0x0000FF
-13.08 50.1 -3.14 -14.72 39.29 -2.78 0.82 0x0000FF
-12.72 51.56 -3.06 -13.08 50.1 -3.14 0.82 0x0000FF
-12.17 52.66 -2.91 -12.72 51.56 -3.06 0.82 0x0000FF
-11.8 53.2 -2.83 -12.17 52.66 -2.91 0.82 0x0000FF
-11.44 53.93 -2.76 -11.8 53.2 -2.83 0.82 0x0000FF
-11.26 54.48 -2.68 -11.44 53.93 -2.76 0.82 0x0000FF
-10.89 55.21 -2.68 -11.26 54.48 -2.68 0.82 0x0000FF
-10.71 55.94 -2.61 -10.89 55.21 -2.68 0.82 0x0000FF
-10.16 56.66 -2.61 -10.71 55.94 -2.61 0.82 0x0000FF
-10.53 58.12 -4.58 -10.16 56.66 -2.61 0.64 0x0000FF
-10.34 59.58 -6.77 -10.53 58.12 -4.58 0.64 0x0000FF
-9.98 62.49 -6.32 -10.34 59.58 -6.77 0.545 0x0000FF
-9.61 63.41 -6.32 -9.98 62.49 -6.32 0.545 0x0000FF
-9.43 65.05 -6.32 -9.61 63.41 -6.32 0.545 0x0000FF
-9.25 66.87 -6.32 -9.43 65.05 -6.32 0.545 0x0000FF
-9.25 69.42 -6.17 -9.25 66.87 -6.32 0.545 0x0000FF
-9.43 71.42 -6.09 -9.25 69.42 -6.17 0.545 0x0000FF
-9.98 73.61 -5.94 -9.43 71.42 -6.09 0.545 0x0000FF
-10.53 75.06 -5.94 -9.98 73.61 -5.94 0.545 0x0000FF
-11.26 76.7 -5.86 -10.53 75.06 -5.94 0.545 0x0000FF
-10.53 79.06 -5.86 -11.26 76.7 -5.86 0.545 0x0000FF
-9.07 86.18 -5.86 -10.53 79.06 -5.86 0.545 0x0000FF
-12.17 105.13 -5.79 -9.07 86.18 -5.86 0.545 0x0000FF
-12.35 106.77 -5.71 -12.17 105.13 -5.79 0.545 0x0000FF
-12.35 108.77 -5.56 -12.35 106.77 -5.71 0.545 0x0000FF
-11.99 110.05 -5.48 -12.35 108.77 -5.56 0.545 0x0000FF
-11.44 110.96 -5.71 -11.99 110.05 -5.48 0.545 0x0000FF
-11.26 111.51 -5.86 -11.44 110.96 -5.71 0.545 0x0000FF
-11.07 112.42 -5.86 -11.26 111.51 -5.86 0.545 0x0000FF
-10.89 113.69 -5.79 -11.07 112.42 -5.86 0.545 0x0000FF
-10.53 115.15 -5.48 -10.89 113.69 -5.79 0.545 0x0000FF
-10.53 115.7 -5.86 -10.53 115.15 -5.48 0.545 0x0000FF
-10.53 116.43 -6.09 -10.53 115.7 -5.86 0.545 0x0000FF
-10.16 118.07 -6.54 -10.53 116.43 -6.09 0.545 0x0000FF
-9.98 118.98 -7.15 -10.16 118.07 -6.54 0.545 0x0000FF
-10.34 122.8 -7.15 -9.98 118.98 -7.15 0.545 0x0000FF
-10.53 124.99 -7.3 -10.34 122.8 -7.15 0.545 0x0000FF
-10.71 126.45 -7.53 -10.53 124.99 -7.3 0.545 0x0000FF
-10.53 130.27 -8.06 -10.71 126.45 -7.53 0.545 0x0000FF
-10.16 131.72 -8.36 -10.53 130.27 -8.06 0.545 0x0000FF
-9.61 133.19 -8.59 -10.16 131.72 -8.36 0.545 0x0000FF
-9.07 135.56 -8.74 -9.61 133.19 -8.59 0.545 0x0000FF
-7.97 139.02 -8.89 -9.07 135.56 -8.74 0.545 0x0000FF
-7.61 141.38 -9.11 -7.97 139.02 -8.89 0.545 0x0000FF
-7.61 143.38 -9.11 -7.61 141.38 -9.11 0.545 0x0000FF
-7.78 144.96 -13.21 -7.61 143.38 -9.11 0.545 0x0000FF
-7.78 145.87 -13.21 -7.78 144.96 -13.21 0.545 0x0000FF
-7.23 147.69 -13.67 -7.78 145.87 -13.21 0.545 0x0000FF
-6.87 148.79 -13.97 -7.23 147.69 -13.67 0.545 0x0000FF
-6.68 150.61 -14.65 -6.87 148.79 -13.97 0.545 0x0000FF
-6.68 152.43 -15.48 -6.68 150.61 -14.65 0.545 0x0000FF
-6.5 154.25 -15.94 -6.68 152.43 -15.48 0.545 0x0000FF
-6.5 157.9 -16.01 -6.5 154.25 -15.94 0.545 0x0000FF
-7.05 160.44 -16.39 -6.5 157.9 -16.01 0.545 0x0000FF
-7.05 162.09 -16.92 -7.05 160.44 -16.39 0.545 0x0000FF
-7.05 163.91 -17.0 -7.05 162.09 -16.92 0.545 0x0000FF
-6.68 165.37 -17.38 -7.05 163.91 -17.0 0.545 0x0000FF
-6.32 166.28 -17.6 -6.68 165.37 -17.38 0.545 0x0000FF
-5.77 168.83 -17.68 -6.32 166.28 -17.6 0.455 0x0000FF
-5.59 171.38 -17.68 -5.77 168.83 -17.68 0.455 0x0000FF
-5.04 176.48 -17.6 -5.59 171.38 -17.68 0.455 0x0000FF
-4.86 177.57 -17.6 -5.04 176.48 -17.6 0.455 0x0000FF
-4.49 178.85 -17.53 -4.86 177.57 -17.6 0.455 0x0000FF
-4.49 179.58 -17.23 -4.49 178.85 -17.53 0.455 0x0000FF
-4.13 180.12 -17.0 -4.49 179.58 -17.23 0.455 0x0000FF
-3.58 180.85 -17.07 -4.13 180.12 -17.0 0.455 0x0000FF
-3.22 181.58 -17.53 -3.58 180.85 -17.07 0.455 0x0000FF
-3.04 182.86 -17.82 -3.22 181.58 -17.53 0.455 0x0000FF
-2.85 185.23 -18.21 -3.04 182.86 -17.82 0.455 0x0000FF
-2.85 185.77 -18.44 -2.85 185.23 -18.21 0.455 0x0000FF
-3.04 186.68 -18.44 -2.85 185.77 -18.44 0.455 0x0000FF
-3.22 188.69 -18.66 -3.04 186.68 -18.44 0.455 0x0000FF
-2.85 189.96 -18.59 -3.22 188.69 -18.66 0.455 0x0000FF
-3.22 191.24 -18.51 -2.85 189.96 -18.59 0.455 0x0000FF
-3.4 193.06 -18.44 -3.22 191.24 -18.51 0.455 0x0000FF
-4.3 194.7 -18.36 -3.4 193.06 -18.44 0.455 0x0000FF
-4.68 195.25 -18.51 -4.3 194.7 -18.36 0.455 0x0000FF
-5.04 196.34 -18.59 -4.68 195.25 -18.51 0.455 0x0000FF
-5.04 197.62 -18.73 -5.04 196.34 -18.59 0.455 0x0000FF
-5.04 198.71 -18.97 -5.04 197.62 -18.73 0.455 0x0000FF
-5.04 199.44 -19.12 -5.04 198.71 -18.97 0.455 0x0000FF
-5.41 200.9 -19.35 -5.04 199.44 -19.12 0.455 0x0000FF
-5.41 202.17 -19.57 -5.41 200.9 -19.35 0.455 0x0000FF
-5.22 203.63 -19.57 -5.41 202.17 -19.57 0.455 0x0000FF
-4.86 205.45 -19.8 -5.22 203.63 -19.57 0.455 0x0000FF
-4.86 207.09 -19.95 -4.86 205.45 -19.8 0.455 0x0000FF
-4.86 209.28 -20.1 -4.86 207.09 -19.95 0.455 0x0000FF
-4.86 211.46 -20.18 -4.86 209.28 -20.1 0.455 0x0000FF
-4.86 215.65 -20.41 -4.86 211.46 -20.18 0.455 0x0000FF
-5.59 219.84 -20.48 -4.86 215.65 -20.41 0.455 0x0000FF
-7.41 223.85 -20.48 -5.59 219.84 -20.48 0.455 0x0000FF
-7.96 225.86 -20.63 -7.41 223.85 -20.48 0.455 0x0000FF
-10.52 230.96 -21.32 -7.96 225.86 -20.63 0.365 0x0000FF
-11.06 232.6 -21.32 -10.52 230.96 -21.32 0.365 0x0000FF
-11.79 234.06 -21.32 -11.06 232.6 -21.32 0.365 0x0000FF
-17.63 247.36 -21.77 -11.79 234.06 -21.32 0.365 0x0000FF
-18.72 250.09 -21.92 -17.63 247.36 -21.77 0.365 0x0000FF
-20.55 254.64 -22.23 -18.72 250.09 -21.92 0.365 0x0000FF
-20.37 258.83 -22.6 -20.55 254.64 -22.23 0.365 0x0000FF
-19.27 262.3 -22.98 -20.37 258.83 -22.6 0.365 0x0000FF
-17.8 263.94 -22.98 -19.27 262.3 -22.98 0.365 0x0000FF
-16.89 265.2 -22.53 -17.8 263.94 -22.98 0.365 0x0000FF
-16.53 266.49 -22.53 -16.89 265.2 -22.53 0.365 0x0000FF
-15.81 268.86 -22.38 -16.53 266.49 -22.53 0.365 0x0000FF
-15.99 273.95 -22.23 -15.81 268.86 -22.38 0.365 0x0000FF
-17.07 276.69 -22.0 -15.99 273.95 -22.23 0.365 0x0000FF
-17.26 278.14 -21.69 -17.07 276.69 -22.0 0.365 0x0000FF
-17.45 279.42 -22.38 -17.26 278.14 -21.69 0.365 0x0000FF
-17.98 279.97 -22.83 -17.45 279.42 -22.38 0.365 0x0000FF
-18.36 280.7 -22.83 -17.98 279.97 -22.83 0.365 0x0000FF
-19.82 282.16 -22.3 -18.36 280.7 -22.83 0.365 0x0000FF
-21.1 288.17 -22.23 -19.82 282.16 -22.3 0.275 0x0000FF
-19.45 291.63 -22.07 -21.1 288.17 -22.23 0.275 0x0000FF
-18.36 294.0 -22.07 -19.45 291.63 -22.07 0.275 0x0000FF
-1.94 186.14 -18.89 -3.22 188.69 -18.66 0.455 0x0000FF
-1.21 185.41 -18.89 -1.94 186.14 -18.89 0.455 0x0000FF
-0.3 184.68 -18.89 -1.21 185.41 -18.89 0.455 0x0000FF
0.61 184.13 -18.89 -0.3 184.68 -18.89 0.455 0x0000FF
1.34 183.22 -18.97 0.61 184.13 -18.89 0.455 0x0000FF
2.25 181.95 -18.97 1.34 183.22 -18.97 0.365 0x0000FF
4.45 179.94 -18.97 2.25 181.95 -18.97 0.365 0x0000FF
6.63 179.21 -18.97 4.45 179.94 -18.97 0.365 0x0000FF
9.92 178.85 -18.82 6.63 179.21 -18.97 0.275 0x0000FF
11.2 178.3 -18.82 9.92 178.85 -18.82 0.275 0x0000FF
12.47 177.57 -18.82 11.2 178.3 -18.82 0.275 0x0000FF
-7.05 167.73 -17.6 -6.32 166.28 -17.6 0.455 0x0000FF
-7.41 168.28 -17.6 -7.05 167.73 -17.6 0.455 0x0000FF
-7.96 168.65 -17.6 -7.41 168.28 -17.6 0.455 0x0000FF
-9.24 169.19 -17.68 -7.96 168.65 -17.6 0.455 0x0000FF
-10.52 169.92 -17.76 -9.24 169.19 -17.68 0.455 0x0000FF
-11.43 170.29 -17.76 -10.52 169.92 -17.76 0.455 0x0000FF
-12.16 170.65 -17.76 -11.43 170.29 -17.76 0.455 0x0000FF
-13.43 171.2 -17.76 -12.16 170.65 -17.76 0.455 0x0000FF
-14.35 171.38 -17.76 -13.43 171.2 -17.76 0.455 0x0000FF
-15.08 171.93 -17.76 -14.35 171.38 -17.76 0.365 0x0000FF
-18.36 171.93 -17.76 -15.08 171.93 -17.76 0.365 0x0000FF
-20.19 171.56 -17.76 -18.36 171.93 -17.76 0.365 0x0000FF
-22.01 171.01 -17.76 -20.19 171.56 -17.76 0.365 0x0000FF
-14.53 173.2 -17.76 -14.35 171.38 -17.76 0.365 0x0000FF
-15.26 173.75 -17.76 -14.53 173.2 -17.76 0.365 0x0000FF
-15.99 174.11 -17.76 -15.26 173.75 -17.76 0.365 0x0000FF
-16.72 174.11 -17.76 -15.99 174.11 -17.76 0.365 0x0000FF
-11.44 61.58 -6.54 -10.34 59.58 -6.77 0.545 0x0000FF
-12.17 62.49 -6.47 -11.44 61.58 -6.54 0.545 0x0000FF
-13.08 63.41 -5.94 -12.17 62.49 -6.47 0.545 0x0000FF
-14.36 65.05 -5.64 -13.08 63.41 -5.94 0.455 0x0000FF
-15.09 65.77 -5.26 -14.36 65.05 -5.64 0.455 0x0000FF
-16.0 66.87 -5.03 -15.09 65.77 -5.26 0.455 0x0000FF
-17.28 67.78 -4.95 -16.0 66.87 -5.03 0.275 0x0000FF
-18.19 68.51 -4.65 -17.28 67.78 -4.95 0.275 0x0000FF
-18.73 69.23 -4.5 -18.19 68.51 -4.65 0.275 0x0000FF
-19.47 69.95 -4.95 -18.73 69.23 -4.5 0.275 0x0000FF
-20.01 70.33 -5.41 -19.47 69.95 -4.95 0.275 0x0000FF
-20.93 71.06 -5.79 -20.01 70.33 -5.41 0.275 0x0000FF
-21.29 71.06 -6.54 -20.93 71.06 -5.79 0.275 0x0000FF
-21.84 71.59 -7.15 -21.29 71.06 -6.54 0.275 0x0000FF
-22.57 72.15 -7.76 -21.84 71.59 -7.15 0.275 0x0000FF
-23.48 72.7 -8.97 -22.57 72.15 -7.76 0.275 0x0000FF
-24.21 72.88 -9.5 -23.48 72.7 -8.97 0.275 0x0000FF
-24.58 72.88 -10.26 -24.21 72.88 -9.5 0.275 0x0000FF
-25.12 73.06 -11.01 -24.58 72.88 -10.26 0.275 0x0000FF
-26.22 73.23 -11.54 -25.12 73.06 -11.01 0.275 0x0000FF
-27.13 73.79 -12.23 -26.22 73.23 -11.54 0.275 0x0000FF
-28.41 74.52 -12.53 -27.13 73.79 -12.23 0.275 0x0000FF
-28.95 75.06 -12.83 -28.41 74.52 -12.53 0.275 0x0000FF
-29.68 76.34 -13.36 -28.95 75.06 -12.83 0.275 0x0000FF
-29.68 77.8 -13.67 -29.68 76.34 -13.36 0.275 0x0000FF
-8.88 57.39 -3.21 -10.16 56.66 -2.61 0.73 0x0000FF
-7.97 57.76 -3.36 -8.88 57.39 -3.21 0.73 0x0000FF
-6.88 58.3 -3.51 -7.97 57.76 -3.36 0.73 0x0000FF
-6.15 59.21 -3.51 -6.88 58.3 -3.51 0.73 0x0000FF
-5.24 60.31 -3.59 -6.15 59.21 -3.51 0.73 0x0000FF
-3.78 63.04 -3.67 -5.24 60.31 -3.59 0.73 0x0000FF
-2.86 64.13 -3.51 -3.78 63.04 -3.67 0.73 0x0000FF
1.52 66.68 -3.51 -2.86 64.13 -3.51 0.73 0x0000FF
3.16 67.78 -3.44 1.52 66.68 -3.51 0.73 0x0000FF
4.43 68.14 -3.44 3.16 67.78 -3.44 0.73 0x0000FF
6.62 68.87 -3.44 4.43 68.14 -3.44 0.73 0x0000FF
9.0 70.33 -3.44 6.62 68.87 -3.44 0.73 0x0000FF
8.44 76.34 -3.36 9.0 70.33 -3.44 0.64 0x0000FF
7.54 77.25 -3.36 8.44 76.34 -3.36 0.64 0x0000FF
7.35 77.8 -1.39 7.54 77.25 -3.36 0.545 0x0000FF
7.35 78.89 -1.32 7.35 77.8 -1.39 0.545 0x0000FF
7.17 80.17 -1.09 7.35 78.89 -1.32 0.545 0x0000FF
7.17 80.7 -0.79 7.17 80.17 -1.09 0.545 0x0000FF
7.54 81.63 -0.64 7.17 80.7 -0.79 0.545 0x0000FF
7.54 82.35 -0.41 7.54 81.63 -0.64 0.545 0x0000FF
7.9 83.27 -0.26 7.54 82.35 -0.41 0.545 0x0000FF
8.27 83.99 0.05 7.9 83.27 -0.26 0.545 0x0000FF
8.81 84.72 -0.48 8.27 83.99 0.05 0.545 0x0000FF
9.36 86.0 -1.24 8.81 84.72 -0.48 0.545 0x0000FF
9.73 86.54 -2.0 9.36 86.0 -1.24 0.545 0x0000FF
9.73 87.27 -2.45 9.73 86.54 -2.0 0.545 0x0000FF
9.73 88.73 -2.76 9.73 87.27 -2.45 0.545 0x0000FF
9.73 89.28 -3.06 9.73 88.73 -2.76 0.545 0x0000FF
9.53 89.82 -3.51 9.73 89.28 -3.06 0.545 0x0000FF
8.27 92.74 -3.89 9.53 89.82 -3.51 0.545 0x0000FF
8.27 94.93 -3.97 8.27 92.74 -3.89 0.545 0x0000FF
8.27 97.29 -4.12 8.27 94.93 -3.97 0.545 0x0000FF
9.18 101.12 -4.34 8.27 97.29 -4.12 0.545 0x0000FF
9.53 103.49 -4.58 9.18 101.12 -4.34 0.545 0x0000FF
9.91 106.77 -4.58 9.53 103.49 -4.58 0.545 0x0000FF
10.09 108.41 -4.12 9.91 106.77 -4.58 0.545 0x0000FF
9.91 109.87 -4.2 10.09 108.41 -4.12 0.545 0x0000FF
9.18 112.23 -3.74 9.91 109.87 -4.2 0.545 0x0000FF
8.27 115.7 -3.14 9.18 112.23 -3.74 0.545 0x0000FF
7.35 117.88 -2.83 8.27 115.7 -3.14 0.545 0x0000FF
4.25 123.17 -2.52 7.35 117.88 -2.83 0.455 0x0000FF
3.71 125.54 -2.23 4.25 123.17 -2.52 0.455 0x0000FF
4.8 130.09 -2.0 3.71 125.54 -2.23 0.455 0x0000FF
7.54 132.46 -2.0 4.8 130.09 -2.0 0.455 0x0000FF
8.27 135.56 -1.77 7.54 132.46 -2.0 0.365 0x0000FF
-14.77 47.74 8.44 -14.72 39.29 -2.78 1.275 0x0000FF
-15.86 47.92 8.44 -14.77 47.74 8.44 1.275 0x0000FF
-16.78 48.28 8.44 -15.86 47.92 8.44 1.275 0x0000FF
-18.23 48.46 8.44 -16.78 48.28 8.44 1.275 0x0000FF
-19.51 49.19 8.44 -18.23 48.46 8.44 1.275 0x0000FF
-20.97 49.74 8.44 -19.51 49.19 8.44 1.275 0x0000FF
-22.61 50.29 8.52 -20.97 49.74 8.44 1.275 0x0000FF
-24.26 50.47 8.52 -22.61 50.29 8.52 1.275 0x0000FF
-24.62 50.83 8.38 -24.26 50.47 8.52 0.82 0x0000FF
-25.72 51.2 8.07 -24.62 50.83 8.38 0.82 0x0000FF
-26.26 51.38 7.85 -25.72 51.2 8.07 0.82 0x0000FF
-27.72 51.74 7.62 -26.26 51.38 7.85 0.82 0x0000FF
-28.63 52.11 7.47 -27.72 51.74 7.62 0.82 0x0000FF
-29.18 52.11 7.54 -28.63 52.11 7.47 0.82 0x0000FF
-30.24 52.94 6.56 -29.18 52.11 7.54 0.82 0x0000FF
-31.15 53.85 6.71 -30.24 52.94 6.56 0.82 0x0000FF
-32.79 55.13 6.79 -31.15 53.85 6.71 0.82 0x0000FF
-34.43 56.22 7.01 -32.79 55.13 6.79 0.82 0x0000FF
-36.99 58.59 7.17 -34.43 56.22 7.01 0.73 0x0000FF
-38.08 59.87 7.32 -36.99 58.59 7.17 0.73 0x0000FF
-40.09 62.78 7.39 -38.08 59.87 7.32 0.73 0x0000FF
-42.28 65.15 7.77 -40.09 62.78 7.39 0.64 0x0000FF
-43.37 66.23 7.85 -42.28 65.15 7.77 0.64 0x0000FF
-45.56 68.06 7.92 -43.37 66.23 7.85 0.64 0x0000FF
-47.02 69.52 7.77 -45.56 68.06 7.92 0.64 0x0000FF
-48.12 70.44 7.62 -47.02 69.52 7.77 0.64 0x0000FF
-49.03 71.16 7.01 -48.12 70.44 7.62 0.64 0x0000FF
-50.49 73.53 9.36 -49.03 71.16 7.01 0.455 0x0000FF
-52.49 75.54 9.74 -50.49 73.53 9.36 0.455 0x0000FF
-52.86 76.08 10.27 -52.49 75.54 9.74 0.455 0x0000FF
-53.22 76.27 10.73 -52.86 76.08 10.27 0.455 0x0000FF
-53.59 76.98 10.95 -53.22 76.27 10.73 0.455 0x0000FF
-53.95 77.54 11.18 -53.59 76.98 10.95 0.455 0x0000FF
-54.14 78.09 11.86 -53.95 77.54 11.18 0.455 0x0000FF
-54.32 79.0 12.92 -54.14 78.09 11.86 0.455 0x0000FF
-54.68 79.55 13.3 -54.32 79.0 12.92 0.455 0x0000FF
-54.87 80.09 13.68 -54.68 79.55 13.3 0.455 0x0000FF
-54.87 80.64 13.91 -54.87 80.09 13.68 0.455 0x0000FF
-55.05 81.37 13.98 -54.87 80.64 13.91 0.455 0x0000FF
-55.41 82.1 14.36 -55.05 81.37 13.98 0.455 0x0000FF
-55.6 82.82 14.67 -55.41 82.1 14.36 0.455 0x0000FF
-55.96 83.37 14.89 -55.6 82.82 14.67 0.455 0x0000FF
-55.96 84.1 15.27 -55.96 83.37 14.89 0.455 0x0000FF
-56.33 84.65 15.73 -55.96 84.1 15.27 0.455 0x0000FF
-56.51 85.19 16.26 -56.33 84.65 15.73 0.455 0x0000FF
-56.69 85.74 16.79 -56.51 85.19 16.26 0.455 0x0000FF
-57.06 86.29 17.39 -56.69 85.74 16.79 0.455 0x0000FF
-57.97 87.56 17.7 -57.06 86.29 17.39 0.455 0x0000FF
-58.52 88.47 18.14 -57.97 87.56 17.7 0.455 0x0000FF
-59.79 89.75 18.6 -58.52 88.47 18.14 0.455 0x0000FF
-60.52 90.29 18.98 -59.79 89.75 18.6 0.455 0x0000FF
-61.25 90.84 19.21 -60.52 90.29 18.98 0.455 0x0000FF
-61.8 91.21 19.44 -61.25 90.84 19.21 0.455 0x0000FF
-62.71 92.48 19.82 -61.8 91.21 19.44 0.455 0x0000FF
-62.89 93.21 19.97 -62.71 92.48 19.82 0.455 0x0000FF
-63.44 93.76 19.66 -62.89 93.21 19.97 0.455 0x0000FF
-63.81 94.49 19.44 -63.44 93.76 19.66 0.455 0x0000FF
-64.34 95.21 19.36 -63.81 94.49 19.44 0.455 0x0000FF
-64.72 95.94 19.66 -64.34 95.21 19.36 0.455 0x0000FF
-65.08 97.22 19.97 -64.72 95.94 19.66 0.455 0x0000FF
-65.08 98.31 20.27 -65.08 97.22 19.97 0.455 0x0000FF
-65.08 99.4 20.42 -65.08 98.31 20.27 0.455 0x0000FF
-64.9 99.95 20.73 -65.08 99.4 20.42 0.455 0x0000FF
-64.54 100.68 20.95 -64.9 99.95 20.73 0.455 0x0000FF
-64.34 101.41 21.18 -64.54 100.68 20.95 0.455 0x0000FF
-63.99 103.05 21.71 -64.34 101.41 21.18 0.455 0x0000FF
-63.81 103.78 22.01 -63.99 103.05 21.71 0.455 0x0000FF
-63.81 104.32 22.54 -63.81 103.78 22.01 0.455 0x0000FF
-63.44 105.24 22.92 -63.81 104.32 22.54 0.455 0x0000FF
-63.26 106.15 23.76 -63.44 105.24 22.92 0.455 0x0000FF
-62.71 107.24 24.29 -63.26 106.15 23.76 0.455 0x0000FF
-62.16 107.97 24.51 -62.71 107.24 24.29 0.455 0x0000FF
-61.62 108.88 25.12 -62.16 107.97 24.51 0.455 0x0000FF
-61.25 109.61 25.35 -61.62 108.88 25.12 0.455 0x0000FF
-60.7 111.07 25.88 -61.25 109.61 25.35 0.455 0x0000FF
-60.16 112.34 26.18 -60.7 111.07 25.88 0.455 0x0000FF
-59.98 113.98 26.86 -60.16 112.34 26.18 0.455 0x0000FF
-59.61 115.62 27.01 -59.98 113.98 26.86 0.455 0x0000FF
-59.06 116.9 27.47 -59.61 115.62 27.01 0.455 0x0000FF
-58.33 117.62 28.15 -59.06 116.9 27.47 0.455 0x0000FF
-56.69 118.72 28.53 -58.33 117.62 28.15 0.455 0x0000FF
-55.96 119.26 28.83 -56.69 118.72 28.53 0.455 0x0000FF
-55.6 119.63 28.91 -55.96 119.26 28.83 0.455 0x0000FF
-53.77 120.36 29.44 -55.6 119.63 28.91 0.455 0x0000FF
-53.04 120.36 30.04 -53.77 120.36 29.44 0.455 0x0000FF
-52.13 120.54 30.19 -53.04 120.36 30.04 0.455 0x0000FF
-51.03 120.72 30.27 -52.13 120.54 30.19 0.455 0x0000FF
-49.39 120.9 30.57 -51.03 120.72 30.27 0.455 0x0000FF
-47.93 121.27 31.03 -49.39 120.9 30.57 0.455 0x0000FF
-45.93 121.45 31.18 -47.93 121.27 31.03 0.455 0x0000FF
-44.83 122.0 31.33 -45.93 121.45 31.18 0.455 0x0000FF
-42.28 122.73 31.78 -44.83 122.0 31.33 0.455 0x0000FF
-41.36 123.46 31.94 -42.28 122.73 31.78 0.455 0x0000FF
-39.72 124.0 32.09 -41.36 123.46 31.94 0.365 0x0000FF
-39.18 124.18 32.39 -39.72 124.0 32.09 0.365 0x0000FF
-37.9 125.64 33.22 -39.18 124.18 32.39 0.365 0x0000FF
-37.17 126.55 33.6 -37.9 125.64 33.22 0.365 0x0000FF
-36.79 127.28 34.21 -37.17 126.55 33.6 0.365 0x0000FF
-36.07 128.01 34.44 -36.79 127.28 34.21 0.365 0x0000FF
-35.34 128.74 35.19 -36.07 128.01 34.44 0.365 0x0000FF
-33.7 130.01 35.88 -35.34 128.74 35.19 0.365 0x0000FF
-32.79 130.01 36.33 -33.7 130.01 35.88 0.365 0x0000FF
-30.24 130.56 36.86 -32.79 130.01 36.33 0.365 0x0000FF
-28.05 133.47 37.47 -30.24 130.56 36.86 0.365 0x0000FF
-26.95 134.19 37.47 -28.05 133.47 37.47 0.365 0x0000FF
-25.49 134.93 38.29 -26.95 134.19 37.47 0.365 0x0000FF
-22.57 137.85 38.68 -25.49 134.93 38.29 0.275 0x0000FF
-21.66 139.12 38.75 -22.57 137.85 38.68 0.275 0x0000FF
-20.38 140.04 38.9 -21.66 139.12 38.75 0.275 0x0000FF
-18.92 141.31 39.36 -20.38 140.04 38.9 0.275 0x0000FF
-17.82 142.22 39.51 -18.92 141.31 39.36 0.275 0x0000FF
-17.28 142.4 40.11 -17.82 142.22 39.51 0.275 0x0000FF
-16.73 142.77 40.72 -17.28 142.4 40.11 0.275 0x0000FF
-15.64 145.5 41.18 -16.73 142.77 40.72 0.275 0x0000FF
-14.91 146.05 41.56 -15.64 145.5 41.18 0.275 0x0000FF
-14.18 146.22 41.86 -14.91 146.05 41.56 0.275 0x0000FF
-63.81 91.93 19.89 -61.8 91.21 19.44 0.455 0x0000FF
-64.72 92.12 19.97 -63.81 91.93 19.89 0.455 0x0000FF
-65.45 92.12 20.73 -64.72 92.12 19.97 0.455 0x0000FF
-67.09 92.66 21.56 -65.45 92.12 20.73 0.455 0x0000FF
-67.81 92.66 22.01 -67.09 92.66 21.56 0.455 0x0000FF
-68.55 92.66 22.54 -67.81 92.66 22.01 0.455 0x0000FF
-69.09 92.85 23.0 -68.55 92.66 22.54 0.455 0x0000FF
-70.19 93.03 23.76 -69.09 92.85 23.0 0.455 0x0000FF
-71.65 93.39 24.21 -70.19 93.03 23.76 0.455 0x0000FF
-72.38 93.57 24.44 -71.65 93.39 24.21 0.455 0x0000FF
-73.11 93.94 24.66 -72.38 93.57 24.44 0.455 0x0000FF
-73.66 94.12 25.04 -73.11 93.94 24.66 0.455 0x0000FF
-74.94 95.58 26.63 -73.66 94.12 25.04 0.455 0x0000FF
-76.2 96.67 26.63 -74.94 95.58 26.63 0.455 0x0000FF
-76.76 97.04 27.01 -76.2 96.67 26.63 0.455 0x0000FF
-77.67 97.58 27.32 -76.76 97.04 27.01 0.455 0x0000FF
-79.31 98.68 27.62 -77.67 97.58 27.32 0.455 0x0000FF
-80.59 99.95 27.92 -79.31 98.68 27.62 0.455 0x0000FF
-82.23 101.96 28.15 -80.59 99.95 27.92 0.455 0x0000FF
-83.69 103.41 28.53 -82.23 101.96 28.15 0.455 0x0000FF
-84.79 105.42 28.6 -83.69 103.41 28.53 0.455 0x0000FF
-86.98 108.88 28.83 -84.79 105.42 28.6 0.455 0x0000FF
-89.9 112.16 29.06 -86.98 108.88 28.83 0.455 0x0000FF
-91.54 113.98 29.28 -89.9 112.16 29.06 0.455 0x0000FF
-93.73 118.54 29.44 -91.54 113.98 29.28 0.455 0x0000FF
-95.55 123.82 29.66 -93.73 118.54 29.44 0.455 0x0000FF
-95.55 125.46 31.18 -95.55 123.82 29.66 0.455 0x0000FF
-95.92 126.37 31.56 -95.55 125.46 31.18 0.455 0x0000FF
-95.92 126.92 32.24 -95.92 126.37 31.56 0.455 0x0000FF
-95.92 127.65 32.77 -95.92 126.92 32.24 0.455 0x0000FF
-95.92 128.19 32.85 -95.92 127.65 32.77 0.455 0x0000FF
-96.1 128.74 32.85 -95.92 128.19 32.85 0.455 0x0000FF
-96.1 129.29 32.77 -96.1 128.74 32.85 0.455 0x0000FF
-96.28 130.19 32.24 -96.1 129.29 32.77 0.455 0x0000FF
-96.47 130.93 31.71 -96.28 130.19 32.24 0.455 0x0000FF
-96.65 131.65 31.25 -96.47 130.93 31.71 0.455 0x0000FF
-96.65 132.19 30.72 -96.65 131.65 31.25 0.455 0x0000FF
-96.83 133.11 30.42 -96.65 132.19 30.72 0.455 0x0000FF
-97.2 133.84 30.42 -96.83 133.11 30.42 0.455 0x0000FF
-97.38 134.57 30.19 -97.2 133.84 30.42 0.455 0x0000FF
-97.74 135.66 30.04 -97.38 134.57 30.19 0.455 0x0000FF
-98.11 136.94 29.89 -97.74 135.66 30.04 0.455 0x0000FF
-98.47 138.4 29.74 -98.11 136.94 29.89 0.455 0x0000FF
-98.47 140.22 29.74 -98.47 138.4 29.74 0.455 0x0000FF
-98.11 143.31 29.82 -98.47 140.22 29.74 0.455 0x0000FF
-97.56 145.32 29.89 -98.11 143.31 29.82 0.455 0x0000FF
-97.01 147.51 30.12 -97.56 145.32 29.89 0.455 0x0000FF
-96.65 149.69 30.35 -97.01 147.51 30.12 0.455 0x0000FF
-96.28 153.15 30.57 -96.65 149.69 30.35 0.455 0x0000FF
-96.28 156.62 30.72 -96.28 153.15 30.57 0.455 0x0000FF
-96.28 158.97 30.95 -96.28 156.62 30.72 0.455 0x0000FF
-95.37 162.99 31.25 -96.28 158.97 30.95 0.455 0x0000FF
-93.55 167.55 31.71 -95.37 162.99 31.25 0.365 0x0000FF
-93.18 170.1 31.86 -93.55 167.55 31.71 0.365 0x0000FF
-93.0 171.56 31.94 -93.18 170.1 31.86 0.365 0x0000FF
-92.82 173.38 32.39 -93.0 171.56 31.94 0.365 0x0000FF
-92.27 176.66 32.77 -92.82 173.38 32.39 0.365 0x0000FF
-90.81 179.94 32.77 -92.27 176.66 32.77 0.365 0x0000FF
-89.9 183.03 32.77 -90.81 179.94 32.77 0.365 0x0000FF
-89.9 185.04 32.85 -89.9 183.03 32.77 0.365 0x0000FF
-90.26 187.95 33.0 -89.9 185.04 32.85 0.365 0x0000FF
-51.4 73.53 7.01 -49.03 71.16 7.01 0.545 0x0000FF
-53.22 74.81 7.01 -51.4 73.53 7.01 0.545 0x0000FF
-54.68 75.9 7.01 -53.22 74.81 7.01 0.545 0x0000FF
-57.06 77.54 7.01 -54.68 75.9 7.01 0.545 0x0000FF
-59.43 79.0 7.01 -57.06 77.54 7.01 0.545 0x0000FF
-62.16 80.45 6.94 -59.43 79.0 7.01 0.545 0x0000FF
-65.08 82.1 7.09 -62.16 80.45 6.94 0.545 0x0000FF
-67.27 83.55 7.24 -65.08 82.1 7.09 0.545 0x0000FF
-70.19 85.56 7.54 -67.27 83.55 7.24 0.545 0x0000FF
-71.83 86.47 7.62 -70.19 85.56 7.54 0.545 0x0000FF
-73.11 88.11 7.17 -71.83 86.47 7.62 0.545 0x0000FF
-74.39 89.2 6.64 -73.11 88.11 7.17 0.545 0x0000FF
-75.67 90.29 6.48 -74.39 89.2 6.64 0.545 0x0000FF
-77.86 91.75 6.33 -75.67 90.29 6.48 0.545 0x0000FF
-78.77 92.85 5.88 -77.86 91.75 6.33 0.545 0x0000FF
-79.5 93.57 5.73 -78.77 92.85 5.88 0.545 0x0000FF
-80.04 94.3 5.5 -79.5 93.57 5.73 0.545 0x0000FF
-81.5 96.31 5.2 -80.04 94.3 5.5 0.545 0x0000FF
-82.78 97.4 4.82 -81.5 96.31 5.2 0.545 0x0000FF
-84.79 98.31 4.59 -82.78 97.4 4.82 0.545 0x0000FF
-85.52 98.86 4.21 -84.79 98.31 4.59 0.545 0x0000FF
-86.8 100.5 3.98 -85.52 98.86 4.21 0.545 0x0000FF
-87.34 101.41 3.08 -86.8 100.5 3.98 0.545 0x0000FF
-88.44 103.05 2.77 -87.34 101.41 3.08 0.545 0x0000FF
-88.99 104.51 2.47 -88.44 103.05 2.77 0.545 0x0000FF
-89.35 105.78 1.94 -88.99 104.51 2.47 0.545 0x0000FF
-89.71 106.87 1.56 -89.35 105.78 1.94 0.545 0x0000FF
-89.71 107.79 1.18 -89.71 106.87 1.56 0.545 0x0000FF
-89.35 109.43 0.73 -89.71 107.79 1.18 0.545 0x0000FF
-89.17 110.52 0.42 -89.35 109.43 0.73 0.545 0x0000FF
-88.44 112.34 0.05 -89.17 110.52 0.42 0.545 0x0000FF
-87.89 113.98 -0.26 -88.44 112.34 0.05 0.545 0x0000FF
-87.53 114.71 -0.56 -87.89 113.98 -0.26 0.545 0x0000FF
-86.61 117.26 -0.79 -87.53 114.71 -0.56 0.545 0x0000FF
-86.07 117.81 -1.47 -86.61 117.26 -0.79 0.545 0x0000FF
-85.34 118.72 -1.62 -86.07 117.81 -1.47 0.545 0x0000FF
-85.15 120.72 -2.0 -85.34 118.72 -1.62 0.545 0x0000FF
-85.52 121.27 -2.98 -85.15 120.72 -2.0 0.545 0x0000FF
-86.07 121.63 -3.36 -85.52 121.27 -2.98 0.545 0x0000FF
-86.8 121.82 -3.89 -86.07 121.63 -3.36 0.545 0x0000FF
-87.34 122.0 -4.34 -86.8 121.82 -3.89 0.545 0x0000FF
-87.89 121.82 -5.18 -87.34 122.0 -4.34 0.545 0x0000FF
-89.71 121.82 -6.32 -87.89 121.82 -5.18 0.545 0x0000FF
-90.81 121.82 -6.54 -89.71 121.82 -6.32 0.545 0x0000FF
-91.9 121.82 -7.23 -90.81 121.82 -6.54 0.545 0x0000FF
-93.36 121.82 -8.06 -91.9 121.82 -7.23 0.545 0x0000FF
-94.28 122.0 -8.67 -93.36 121.82 -8.06 0.545 0x0000FF
-95.01 122.91 -9.42 -94.28 122.0 -8.67 0.545 0x0000FF
-95.37 123.27 -9.94 -95.01 122.91 -9.42 0.545 0x0000FF
-97.38 124.73 -10.33 -95.37 123.27 -9.94 0.545 0x0000FF
-97.74 124.91 -11.32 -97.38 124.73 -10.33 0.545 0x0000FF
-98.29 125.28 -11.62 -97.74 124.91 -11.32 0.545 0x0000FF
-98.84 125.64 -12.0 -98.29 125.28 -11.62 0.545 0x0000FF
-99.38 126.01 -12.38 -98.84 125.64 -12.0 0.545 0x0000FF
-100.11 126.37 -13.06 -99.38 126.01 -12.38 0.545 0x0000FF
-100.66 126.92 -13.67 -100.11 126.37 -13.06 0.545 0x0000FF
-101.57 128.01 -14.2 -100.66 126.92 -13.67 0.545 0x0000FF
-102.85 129.29 -14.5 -101.57 128.01 -14.2 0.545 0x0000FF
-103.03 131.29 -14.88 -102.85 129.29 -14.5 0.545 0x0000FF
-104.86 132.19 -15.18 -103.03 131.29 -14.88 0.545 0x0000FF
-107.23 133.11 -15.56 -104.86 132.19 -15.18 0.545 0x0000FF
-109.24 134.75 -15.71 -107.23 133.11 -15.56 0.545 0x0000FF
-112.34 136.21 -16.23 -109.24 134.75 -15.71 0.545 0x0000FF
-115.44 137.66 -16.77 -112.34 136.21 -16.23 0.545 0x0000FF
-118.72 139.12 -17.23 -115.44 137.66 -16.77 0.545 0x0000FF
-119.82 142.94 -17.6 -118.72 139.12 -17.23 0.545 0x0000FF
-121.1 144.77 -17.91 -119.82 142.94 -17.6 0.545 0x0000FF
-123.83 148.05 -18.29 -121.1 144.77 -17.91 0.545 0x0000FF
-125.29 149.33 -18.82 -123.83 148.05 -18.29 0.545 0x0000FF
-126.94 151.51 -19.27 -125.29 149.33 -18.82 0.545 0x0000FF
-127.85 152.41 -19.8 -126.94 151.51 -19.27 0.545 0x0000FF
-129.31 153.34 -19.88 -127.85 152.41 -19.8 0.545 0x0000FF
-130.04 155.52 -20.26 -129.31 153.34 -19.88 0.545 0x0000FF
-128.76 157.34 -20.56 -130.04 155.52 -20.26 0.545 0x0000FF
-127.67 158.8 -20.94 -128.76 157.34 -20.56 0.545 0x0000FF
-126.94 160.44 -21.16 -127.67 158.8 -20.94 0.545 0x0000FF
-126.75 161.16 -21.39 -126.94 160.44 -21.16 0.545 0x0000FF
-126.39 162.99 -21.69 -126.75 161.16 -21.39 0.545 0x0000FF
-126.57 164.81 -28.51 -126.39 162.99 -21.69 0.365 0x0000FF
-126.57 165.73 -28.51 -126.57 164.81 -28.51 0.365 0x0000FF
-126.57 167.0 -28.66 -126.57 165.73 -28.51 0.365 0x0000FF
-126.21 167.91 -28.66 -126.57 167.0 -28.66 0.365 0x0000FF
-125.66 169.37 -28.74 -126.21 167.91 -28.66 0.365 0x0000FF
-125.11 170.64 -28.82 -125.66 169.37 -28.74 0.365 0x0000FF
-124.02 172.28 -28.97 -125.11 170.64 -28.82 0.365 0x0000FF
-123.47 173.01 -28.97 -124.02 172.28 -28.97 0.365 0x0000FF
-123.29 173.74 -29.04 -123.47 173.01 -28.97 0.365 0x0000FF
-123.29 175.02 -29.12 -123.29 173.74 -29.04 0.365 0x0000FF
-123.47 177.2 -29.35 -123.29 175.02 -29.12 0.365 0x0000FF
-123.47 178.48 -29.35 -123.47 177.2 -29.35 0.365 0x0000FF
-123.1 179.75 -29.35 -123.47 178.48 -29.35 0.365 0x0000FF
-122.74 181.21 -29.42 -123.1 179.75 -29.35 0.365 0x0000FF
-123.1 183.95 -29.42 -122.74 181.21 -29.42 0.365 0x0000FF
-30.82 52.66 7.62 -29.18 52.11 7.54 0.64 0x0000FF
-32.1 53.02 7.77 -30.82 52.66 7.62 0.64 0x0000FF
-33.74 53.02 7.7 -32.1 53.02 7.77 0.64 0x0000FF
-33.93 53.02 7.17 -33.74 53.02 7.7 0.64 0x0000FF
-35.02 53.38 6.94 -33.93 53.02 7.17 0.64 0x0000FF
-35.39 53.38 6.18 -35.02 53.38 6.94 0.64 0x0000FF
-35.93 53.57 5.73 -35.39 53.38 6.18 0.64 0x0000FF
-36.65 53.75 4.97 -35.93 53.57 5.73 0.64 0x0000FF
-37.94 54.11 4.97 -36.65 53.75 4.97 0.64 0x0000FF
-38.85 54.48 4.74 -37.94 54.11 4.97 0.64 0x0000FF
-40.13 54.48 4.59 -38.85 54.48 4.74 0.64 0x0000FF
-43.78 56.3 4.44 -40.13 54.48 4.59 0.455 0x0000FF
-46.33 57.39 4.44 -43.78 56.3 4.44 0.455 0x0000FF
-48.52 59.03 4.44 -46.33 57.39 4.44 0.455 0x0000FF
-51.81 60.49 4.44 -48.52 59.03 4.44 0.455 0x0000FF
-54.91 61.77 4.44 -51.81 60.49 4.44 0.455 0x0000FF
-58.92 63.59 4.44 -54.91 61.77 4.44 0.455 0x0000FF
-61.66 65.41 4.67 -58.92 63.59 4.44 0.455 0x0000FF
-66.04 67.41 4.82 -61.66 65.41 4.67 0.455 0x0000FF
-74.25 69.42 5.12 -66.04 67.41 4.82 0.455 0x0000FF
-80.27 71.79 5.5 -74.25 69.42 5.12 0.455 0x0000FF
-86.84 74.7 5.65 -80.27 71.79 5.5 0.455 0x0000FF
-89.39 76.16 6.03 -86.84 74.7 5.65 0.455 0x0000FF
-92.86 77.98 6.26 -89.39 76.16 6.03 0.455 0x0000FF
-94.14 78.89 6.64 -92.86 77.98 6.26 0.455 0x0000FF
-97.78 80.34 6.86 -94.14 78.89 6.64 0.455 0x0000FF
-99.06 80.9 7.24 -97.78 80.34 6.86 0.455 0x0000FF
-102.35 81.63 7.47 -99.06 80.9 7.24 0.455 0x0000FF
-107.45 83.27 7.85 -102.35 81.63 7.47 0.455 0x0000FF
-112.2 85.09 8.07 -107.45 83.27 7.85 0.455 0x0000FF
-114.94 86.36 8.61 -112.2 85.09 8.07 0.455 0x0000FF
-119.31 88.18 8.91 -114.94 86.36 8.61 0.455 0x0000FF
-121.87 88.73 9.36 -119.31 88.18 8.91 0.455 0x0000FF
-124.97 90.01 9.89 -121.87 88.73 9.36 0.455 0x0000FF
-127.52 91.65 10.42 -124.97 90.01 9.89 0.455 0x0000FF
-130.44 92.38 10.88 -127.52 91.65 10.42 0.455 0x0000FF
-132.82 93.65 11.41 -130.44 92.38 10.88 0.455 0x0000FF
-134.63 95.47 11.79 -132.82 93.65 11.41 0.455 0x0000FF
-136.65 96.93 12.09 -134.63 95.47 11.79 0.455 0x0000FF
-142.66 102.21 12.54 -136.65 96.93 12.09 0.455 0x0000FF
-145.18 101.96 13.53 -142.66 102.21 12.54 0.455 0x0000FF
-43.6 55.02 4.67 -40.13 54.48 4.59 0.545 0x0000FF
-45.79 55.39 4.82 -43.6 55.02 4.67 0.545 0x0000FF
-49.07 55.94 5.2 -45.79 55.39 4.82 0.545 0x0000FF
-55.64 57.21 5.42 -49.07 55.94 5.2 0.455 0x0000FF
-58.01 57.94 5.65 -55.64 57.21 5.42 0.455 0x0000FF
-60.02 59.21 6.03 -58.01 57.94 5.65 0.455 0x0000FF
-62.75 60.49 6.26 -60.02 59.21 6.03 0.455 0x0000FF
-66.77 61.95 6.33 -62.75 60.49 6.26 0.455 0x0000FF
-71.88 63.41 6.48 -66.77 61.95 6.33 0.455 0x0000FF
-74.8 65.23 6.56 -71.88 63.41 6.48 0.455 0x0000FF
-77.34 67.23 6.71 -74.8 65.23 6.56 0.455 0x0000FF
-81.18 69.95 6.94 -77.34 67.23 6.71 0.455 0x0000FF
-84.1 72.52 7.01 -81.18 69.95 6.94 0.455 0x0000FF
-87.38 74.52 7.01 -84.1 72.52 7.01 0.455 0x0000FF
-90.49 76.16 7.09 -87.38 74.52 7.01 0.365 0x0000FF
-25.35 49.38 8.52 -24.26 50.47 8.52 0.91 0x0000FF
-29.55 47.92 8.61 -25.35 49.38 8.52 0.82 0x0000FF
-32.28 46.28 8.68 -29.55 47.92 8.61 0.73 0x0000FF
-34.65 44.27 8.76 -32.28 46.28 8.68 0.73 0x0000FF
-35.93 43.18 8.91 -34.65 44.27 8.76 0.64 0x0000FF
-36.85 42.45 8.98 -35.93 43.18 8.91 0.64 0x0000FF
-37.21 42.09 9.21 -36.85 42.45 8.98 0.64 0x0000FF
-37.94 41.36 9.28 -37.21 42.09 9.21 0.64 0x0000FF
-38.49 40.45 9.36 -37.94 41.36 9.28 0.64 0x0000FF
-39.03 39.72 9.51 -38.49 40.45 9.36 0.64 0x0000FF
-40.68 37.9 9.59 -39.03 39.72 9.51 0.545 0x0000FF
-41.41 36.99 9.74 -40.68 37.9 9.59 0.545 0x0000FF
-41.59 36.44 9.89 -41.41 36.99 9.74 0.545 0x0000FF
-41.95 35.89 10.11 -41.59 36.44 9.89 0.545 0x0000FF
-42.14 35.35 10.19 -41.95 35.89 10.11 0.545 0x0000FF
-43.41 34.07 10.27 -42.14 35.35 10.19 0.545 0x0000FF
-44.14 33.34 10.27 -43.41 34.07 10.27 0.545 0x0000FF
-45.97 31.7 10.42 -44.14 33.34 10.27 0.455 0x0000FF
-47.61 30.97 10.57 -45.97 31.7 10.42 0.455 0x0000FF
-49.8 30.06 10.57 -47.61 30.97 10.57 0.455 0x0000FF
-20.26 45.33 -2.08 -14.72 39.29 -2.78 0.91 0x0000FF
-23.37 46.97 -1.92 -20.26 45.33 -2.08 0.91 0x0000FF
-26.29 48.24 -1.77 -23.37 46.97 -1.92 0.91 0x0000FF
-28.84 49.16 -1.62 -26.29 48.24 -1.77 0.91 0x0000FF
-32.67 50.98 -1.47 -28.84 49.16 -1.62 0.91 0x0000FF
-35.59 52.25 -0.94 -32.67 50.98 -1.47 0.91 0x0000FF
-36.32 52.62 -0.79 -35.59 52.25 -0.94 0.91 0x0000FF
-37.78 52.98 -0.48 -36.32 52.62 -0.79 0.91 0x0000FF
-38.51 53.16 -0.41 -37.78 52.98 -0.48 0.91 0x0000FF
-39.97 53.71 -0.18 -38.51 53.16 -0.41 0.91 0x0000FF
-41.25 54.07 -0.11 -39.97 53.71 -0.18 0.91 0x0000FF
-41.79 54.07 -0.26 -41.25 54.07 -0.11 0.91 0x0000FF
-43.07 54.26 -0.41 -41.79 54.07 -0.26 0.91 0x0000FF
-43.44 54.44 -1.02 -43.07 54.26 -0.41 0.91 0x0000FF
-44.35 54.44 -1.09 -43.44 54.44 -1.02 0.91 0x0000FF
-44.9 54.62 -1.09 -44.35 54.44 -1.09 0.545 0x0000FF
-44.9 55.17 -0.94 -44.9 54.62 -1.09 0.545 0x0000FF
-45.26 55.71 -0.79 -44.9 55.17 -0.94 0.545 0x0000FF
-45.44 56.44 -0.71 -45.26 55.71 -0.79 0.545 0x0000FF
-46.17 57.35 -0.56 -45.44 56.44 -0.71 0.545 0x0000FF
-46.72 57.9 -1.02 -46.17 57.35 -0.56 0.545 0x0000FF
-47.82 58.99 -1.62 -46.72 57.9 -1.02 0.545 0x0000FF
-48.54 59.72 -2.15 -47.82 58.99 -1.62 0.545 0x0000FF
-49.09 60.27 -2.52 -48.54 59.72 -2.15 0.545 0x0000FF
-49.64 60.82 -2.76 -49.09 60.27 -2.52 0.545 0x0000FF
-50.55 61.55 -2.91 -49.64 60.82 -2.76 0.545 0x0000FF
-51.65 62.09 -3.36 -50.55 61.55 -2.91 0.545 0x0000FF
-53.29 63.0 -3.59 -51.65 62.09 -3.36 0.545 0x0000FF
-56.03 64.09 -4.8 -53.29 63.0 -3.59 0.545 0x0000FF
-56.94 64.45 -5.26 -56.03 64.09 -4.8 0.545 0x0000FF
-58.94 65.01 -5.56 -56.94 64.45 -5.26 0.545 0x0000FF
-61.68 66.28 -6.09 -58.94 65.01 -5.56 0.545 0x0000FF
-62.23 66.45 -6.39 -61.68 66.28 -6.09 0.545 0x0000FF
-64.78 67.38 -6.62 -62.23 66.45 -6.39 0.545 0x0000FF
-67.52 68.29 -7.0 -64.78 67.38 -6.62 0.545 0x0000FF
-68.8 68.83 -7.45 -67.52 68.29 -7.0 0.545 0x0000FF
-69.89 69.38 -7.76 -68.8 68.83 -7.45 0.545 0x0000FF
-70.44 69.56 -7.83 -69.89 69.38 -7.76 0.545 0x0000FF
-71.9 70.11 -8.44 -70.44 69.56 -7.83 0.545 0x0000FF
-82.48 71.56 -8.89 -71.9 70.11 -8.44 0.545 0x0000FF
-84.67 72.48 -9.19 -82.48 71.56 -8.89 0.545 0x0000FF
-87.59 73.93 -9.42 -84.67 72.48 -9.19 0.545 0x0000FF
-90.69 75.56 -9.73 -87.59 73.93 -9.42 0.545 0x0000FF
-97.99 79.4 -9.94 -90.69 75.56 -9.73 0.545 0x0000FF
-105.47 83.04 -10.11 -97.99 79.4 -9.94 0.545 0x0000FF
-116.24 88.51 -10.26 -105.47 83.04 -10.11 0.545 0x0000FF
-119.88 90.15 -10.56 -116.24 88.51 -10.26 0.545 0x0000FF
-125.91 94.52 -10.71 -119.88 90.15 -10.56 0.545 0x0000FF
-131.38 98.35 -11.01 -125.91 94.52 -10.71 0.545 0x0000FF
-135.94 102.54 -11.24 -131.38 98.35 -11.01 0.545 0x0000FF
-138.86 105.09 -11.7 -135.94 102.54 -11.24 0.545 0x0000FF
-141.05 106.91 -11.77 -138.86 105.09 -11.7 0.545 0x0000FF
-148.06 112.91 -12.23 -141.05 106.91 -11.77 0.545 0x0000FF
-148.79 113.64 -12.68 -148.06 112.91 -12.23 0.545 0x0000FF
-150.61 115.83 -12.91 -148.79 113.64 -12.68 0.545 0x0000FF
-151.88 117.47 -13.21 -150.61 115.83 -12.91 0.545 0x0000FF
-155.36 120.93 -13.51 -151.88 117.47 -13.21 0.545 0x0000FF
-156.63 122.21 -13.97 -155.36 120.93 -13.51 0.545 0x0000FF
-158.82 124.94 -14.5 -156.63 122.21 -13.97 0.545 0x0000FF
-162.11 127.49 -14.88 -158.82 124.94 -14.5 0.545 0x0000FF
-162.84 130.04 -15.48 -162.11 127.49 -14.88 0.545 0x0000FF
-164.3 133.87 -15.94 -162.84 130.04 -15.48 0.545 0x0000FF
-45.44 54.26 -1.24 -44.35 54.44 -1.09 0.545 0x0000FF
-46.17 54.07 -1.85 -45.44 54.26 -1.24 0.545 0x0000FF
-46.72 53.89 -2.45 -46.17 54.07 -1.85 0.545 0x0000FF
-47.63 53.53 -2.68 -46.72 53.89 -2.45 0.545 0x0000FF
-48.36 53.35 -2.76 -47.63 53.53 -2.68 0.545 0x0000FF
-49.27 52.8 -3.21 -48.36 53.35 -2.76 0.545 0x0000FF
-50.92 52.25 -3.67 -49.27 52.8 -3.21 0.545 0x0000FF
-52.01 51.52 -3.89 -50.92 52.25 -3.67 0.545 0x0000FF
-52.38 51.16 -4.26 -52.01 51.52 -3.89 0.545 0x0000FF
-54.2 50.61 -4.95 -52.38 51.16 -4.26 0.545 0x0000FF
-56.03 49.88 -5.18 -54.2 50.61 -4.95 0.545 0x0000FF
-58.21 48.97 -5.48 -56.03 49.88 -5.18 0.545 0x0000FF
-59.31 48.79 -5.71 -58.21 48.97 -5.48 0.545 0x0000FF
-61.86 47.88 -5.79 -59.31 48.79 -5.71 0.545 0x0000FF
-63.51 47.7 -5.94 -61.86 47.88 -5.79 0.545 0x0000FF
-65.15 47.15 -6.24 -63.51 47.7 -5.94 0.545 0x0000FF
-67.52 46.42 -6.54 -65.15 47.15 -6.24 0.545 0x0000FF
-68.8 45.51 -6.7 -67.52 46.42 -6.54 0.545 0x0000FF
-69.7 44.96 -6.92 -68.8 45.51 -6.7 0.545 0x0000FF
-70.62 43.87 -6.92 -69.7 44.96 -6.92 0.545 0x0000FF
-72.63 43.14 -7.08 -70.62 43.87 -6.92 0.545 0x0000FF
-74.45 42.41 -7.23 -72.63 43.14 -7.08 0.545 0x0000FF
-75.91 42.05 -7.45 -74.45 42.41 -7.23 0.545 0x0000FF
-76.83 41.69 -7.68 -75.91 42.05 -7.45 0.545 0x0000FF
-77.73 41.5 -7.76 -76.83 41.69 -7.68 0.545 0x0000FF
-79.56 40.96 -7.91 -77.73 41.5 -7.76 0.545 0x0000FF
-83.21 39.5 -8.06 -79.56 40.96 -7.91 0.455 0x0000FF
-85.22 38.77 -8.36 -83.21 39.5 -8.06 0.455 0x0000FF
-88.32 37.68 -8.59 -85.22 38.77 -8.36 0.365 0x0000FF
-89.78 37.13 -8.82 -88.32 37.68 -8.59 0.365 0x0000FF
-91.06 36.95 -8.82 -89.78 37.13 -8.82 0.365 0x0000FF
-92.52 36.22 -9.11 -91.06 36.95 -8.82 0.365 0x0000FF
-93.79 36.04 -9.19 -92.52 36.22 -9.11 0.365 0x0000FF
-95.98 36.22 -9.42 -93.79 36.04 -9.19 0.365 0x0000FF
-97.62 36.77 -9.5 -95.98 36.22 -9.42 0.365 0x0000FF
-18.61 32.25 0.8 -14.72 39.29 -2.78 2.645 0x0000FF
-18.98 31.52 0.8 -18.61 32.25 0.8 2.735 0x0000FF
-18.98 30.43 0.8 -18.98 31.52 0.8 2.735 0x0000FF
-19.16 28.79 0.8 -18.98 30.43 0.8 1.915 0x0000FF
-19.89 26.6 1.11 -19.16 28.79 0.8 1.915 0x0000FF
-20.25 25.51 1.18 -19.89 26.6 1.11 1.915 0x0000FF
-21.35 22.41 1.71 -20.25 25.51 1.18 1.915 0x0000FF
-21.53 21.68 2.39 -21.35 22.41 1.71 1.915 0x0000FF
-21.71 20.41 2.62 -21.53 21.68 2.39 1.915 0x0000FF
-21.71 18.77 3.15 -21.71 20.41 2.62 1.915 0x0000FF
-21.71 17.48 3.76 -21.71 18.77 3.15 1.915 0x0000FF
-21.71 16.57 4.44 -21.71 17.48 3.76 1.915 0x0000FF
-22.26 14.76 4.74 -21.71 16.57 4.44 1.915 0x0000FF
-22.44 14.03 4.21 -22.26 14.76 4.74 1.915 0x0000FF
-22.81 12.75 3.68 -22.44 14.03 4.21 1.915 0x0000FF
-23.17 11.48 3.0 -22.81 12.75 3.68 1.915 0x0000FF
-23.35 9.66 3.08 -23.17 11.48 3.0 1.46 0x0000FF
-23.35 8.75 3.3 -23.35 9.66 3.08 1.46 0x0000FF
-23.54 8.02 3.53 -23.35 8.75 3.3 1.46 0x0000FF
-23.72 7.65 3.61 -23.54 8.02 3.53 1.46 0x0000FF
-23.72 6.92 3.68 -23.72 7.65 3.61 1.46 0x0000FF
-23.9 6.19 3.98 -23.72 6.92 3.68 1.46 0x0000FF
-24.08 5.47 4.05 -23.9 6.19 3.98 1.46 0x0000FF
-24.27 4.01 4.21 -24.08 5.47 4.05 1.46 0x0000FF
-24.27 3.1 4.36 -24.27 4.01 4.21 1.46 0x0000FF
-24.27 2.54 4.44 -24.27 3.1 4.36 1.46 0x0000FF
-24.63 1.64 4.59 -24.27 2.54 4.44 1.46 0x0000FF
-24.81 0.91 5.04 -24.63 1.64 4.59 1.46 0x0000FF
-25.0 0.36 4.97 -24.81 0.91 5.04 1.46 0x0000FF
-25.18 -0.36 5.04 -25.0 0.36 4.97 1.46 0x0000FF
-25.18 -0.73 5.04 -25.18 -0.36 5.04 1.46 0x0000FF
-25.0 -1.46 5.04 -25.18 -0.73 5.04 1.46 0x0000FF
-24.81 -2.0 5.04 -25.0 -1.46 5.04 1.46 0x0000FF
-24.97 -3.3 4.88 -24.81 -2.0 5.04 1.275 0x0000FF
-24.97 -5.3 5.27 -24.97 -3.3 4.88 1.275 0x0000FF
-25.15 -8.4 5.73 -24.97 -5.3 5.27 1.275 0x0000FF
-25.33 -12.96 6.18 -25.15 -8.4 5.73 1.275 0x0000FF
-26.98 -25.16 6.33 -25.33 -12.96 6.18 1.275 0x0000FF
-28.25 -37.19 6.86 -26.98 -25.16 6.33 1.275 0x0000FF
-28.8 -43.02 7.09 -28.25 -37.19 6.86 1.185 0x0000FF
-29.53 -49.4 7.24 -28.8 -43.02 7.09 1.185 0x0000FF
-30.81 -57.23 7.77 -29.53 -49.4 7.24 1.185 0x0000FF
-30.26 -66.34 8.23 -30.81 -57.23 7.77 1.185 0x0000FF
-29.89 -76.36 8.52 -30.26 -66.34 8.23 1.185 0x0000FF
-27.34 -97.13 9.21 -29.89 -76.36 8.52 1.185 0x0000FF
-26.79 -106.97 9.36 -27.34 -97.13 9.21 1.185 0x0000FF
-25.7 -118.81 9.74 -26.79 -106.97 9.36 1.185 0x0000FF
-25.7 -120.09 9.97 -25.7 -118.81 9.74 1.185 0x0000FF
-26.06 -121.55 9.97 -25.7 -120.09 9.97 1.185 0x0000FF
-26.06 -122.64 9.97 -26.06 -121.55 9.97 1.185 0x0000FF
-26.61 -125.01 9.97 -26.06 -122.64 9.97 1.185 0x0000FF
-27.34 -128.47 10.03 -26.61 -125.01 9.97 1.185 0x0000FF
-28.44 -132.66 10.03 -27.34 -128.47 10.03 1.185 0x0000FF
-30.26 -139.04 10.03 -28.44 -132.66 10.03 1.185 0x0000FF
-31.72 -144.87 10.35 -30.26 -139.04 10.03 1.185 0x0000FF
-32.63 -149.06 10.73 -31.72 -144.87 10.35 1.185 0x0000FF
-34.27 -153.61 10.88 -32.63 -149.06 10.73 1.185 0x0000FF
-35.36 -156.88 11.1 -34.27 -153.61 10.88 1.185 0x0000FF
-35.92 -158.16 11.18 -35.36 -156.88 11.1 1.185 0x0000FF
-36.46 -160.62 12.24 -35.92 -158.16 11.18 1.185 0x0000FF
-37.36 -162.99 12.7 -36.46 -160.62 12.24 1.185 0x0000FF
-37.36 -164.09 13.07 -37.36 -162.99 12.7 1.185 0x0000FF
-38.29 -167.73 13.38 -37.36 -164.09 13.07 1.185 0x0000FF
-38.83 -170.46 13.53 -38.29 -167.73 13.38 1.185 0x0000FF
-39.02 -174.47 13.91 -38.83 -170.46 13.53 1.185 0x0000FF
-38.83 -177.93 14.29 -39.02 -174.47 13.91 1.185 0x0000FF
-38.1 -180.3 14.59 -38.83 -177.93 14.29 1.095 0x0000FF
-38.1 -181.94 14.74 -38.1 -180.3 14.59 1.095 0x0000FF
-38.65 -186.5 15.42 -38.1 -181.94 14.74 1.095 0x0000FF
-39.75 -190.14 15.5 -38.65 -186.5 15.42 1.005 0x0000FF
-40.29 -194.88 15.57 -39.75 -190.14 15.5 0.91 0x0000FF
-40.65 -200.53 15.73 -40.29 -194.88 15.57 0.91 0x0000FF
-40.47 -206.9 16.86 -40.65 -200.53 15.73 0.91 0x0000FF
-40.47 -211.28 16.94 -40.47 -206.9 16.86 0.82 0x0000FF
-40.11 -216.38 17.01 -40.47 -211.28 16.94 0.82 0x0000FF
-39.02 -220.39 17.39 -40.11 -216.38 17.01 0.82 0x0000FF
-37.92 -225.12 18.3 -39.02 -220.39 17.39 0.82 0x0000FF
-37.36 -226.4 18.38 -37.92 -225.12 18.3 0.73 0x0000FF
-37.36 -226.76 18.38 -37.36 -226.4 18.38 0.73 0x0000FF
-37.36 -227.67 18.38 -37.36 -226.76 18.38 0.73 0x0000FF
-37.56 -228.58 18.38 -37.36 -227.67 18.38 0.73 0x0000FF
-37.92 -229.86 18.38 -37.56 -228.58 18.38 0.73 0x0000FF
-38.29 -230.77 18.38 -37.92 -229.86 18.38 0.73 0x0000FF
-38.65 -231.86 18.38 -38.29 -230.77 18.38 0.73 0x0000FF
-39.02 -233.69 18.45 -38.65 -231.86 18.38 0.73 0x0000FF
-39.56 -235.51 18.45 -39.02 -233.69 18.45 0.73 0x0000FF
-39.56 -237.15 18.45 -39.56 -235.51 18.45 0.73 0x0000FF
-39.38 -239.33 18.45 -39.56 -237.15 18.45 0.73 0x0000FF
-38.83 -241.89 18.45 -39.38 -239.33 18.45 0.73 0x0000FF
-38.47 -243.16 18.45 -38.83 -241.89 18.45 0.73 0x0000FF
-38.83 -244.25 18.45 -38.47 -243.16 18.45 0.73 0x0000FF
-39.02 -245.16 18.45 -38.83 -244.25 18.45 0.73 0x0000FF
-38.83 -246.44 18.53 -39.02 -245.16 18.45 0.73 0x0000FF
-38.29 -247.35 18.53 -38.83 -246.44 18.53 0.73 0x0000FF
-38.65 -251.89 19.05 -38.29 -247.35 18.53 0.73 0x0000FF
-39.02 -255.54 19.29 -38.65 -251.89 19.05 0.73 0x0000FF
-39.57 -260.64 19.59 -39.02 -255.54 19.29 0.73 0x0000FF
-42.12 -269.02 19.97 -39.57 -260.64 19.59 0.73 0x0000FF
-42.31 -269.93 20.27 -42.12 -269.02 19.97 0.73 0x0000FF
-42.67 -273.57 20.35 -42.31 -269.93 20.27 0.91 0x0000FF
-43.4 -279.39 20.42 -42.67 -273.57 20.35 0.91 0x0000FF
-45.04 -287.6 20.5 -43.4 -279.39 20.42 0.91 0x0000FF
-46.14 -290.33 20.5 -45.04 -287.6 20.5 0.91 0x0000FF
-46.68 -291.33 20.12 -46.14 -290.33 20.5 0.82 0x0000FF
-46.86 -293.89 20.19 -46.68 -291.33 20.12 0.82 0x0000FF
-46.68 -296.07 20.42 -46.86 -293.89 20.19 0.82 0x0000FF
-46.68 -298.08 20.57 -46.68 -296.07 20.42 0.82 0x0000FF
-46.31 -300.08 20.88 -46.68 -298.08 20.57 0.82 0x0000FF
-45.95 -302.27 21.1 -46.31 -300.08 20.88 0.82 0x0000FF
-45.76 -303.54 21.26 -45.95 -302.27 21.1 0.82 0x0000FF
-45.4 -306.45 21.48 -45.76 -303.54 21.26 0.82 0x0000FF
-44.85 -310.1 21.63 -45.4 -306.45 21.48 0.82 0x0000FF
-44.3 -313.56 21.79 -44.85 -310.1 21.63 0.82 0x0000FF
-44.49 -317.2 21.94 -44.3 -313.56 21.79 0.82 0x0000FF
-43.94 -319.76 22.32 -44.49 -317.2 21.94 0.82 0x0000FF
-48.69 -291.25 20.73 -46.14 -290.33 20.5 0.82 0x0000FF
-53.62 -292.16 20.88 -48.69 -291.25 20.73 0.73 0x0000FF
-55.99 -292.7 21.18 -53.62 -292.16 20.88 0.73 0x0000FF
-57.81 -293.25 21.41 -55.99 -292.7 21.18 0.73 0x0000FF
-60.37 -293.62 21.71 -57.81 -293.25 21.41 0.73 0x0000FF
-61.46 -294.16 21.94 -60.37 -293.62 21.71 0.73 0x0000FF
-62.74 -294.52 22.39 -61.46 -294.16 21.94 0.73 0x0000FF
-64.38 -295.26 22.85 -62.74 -294.52 22.39 0.73 0x0000FF
-68.76 -296.52 23.15 -64.38 -295.26 22.85 0.64 0x0000FF
-72.41 -299.08 23.68 -68.76 -296.52 23.15 0.64 0x0000FF
-74.78 -300.89 23.83 -72.41 -299.08 23.68 0.545 0x0000FF
-76.61 -302.36 24.06 -74.78 -300.89 23.83 0.545 0x0000FF
-77.34 -303.45 24.29 -76.61 -302.36 24.06 0.545 0x0000FF
-78.25 -304.37 24.59 -77.34 -303.45 24.29 0.545 0x0000FF
-79.16 -305.64 24.97 -78.25 -304.37 24.59 0.545 0x0000FF
-80.44 -307.1 25.12 -79.16 -305.64 24.97 0.545 0x0000FF
-81.53 -308.01 25.57 -80.44 -307.1 25.12 0.545 0x0000FF
-83.36 -309.29 25.88 -81.53 -308.01 25.57 0.545 0x0000FF
-84.63 -310.2 26.33 -83.36 -309.29 25.88 0.545 0x0000FF
-86.28 -311.47 26.63 -84.63 -310.2 26.33 0.545 0x0000FF
-88.83 -313.29 26.94 -86.28 -311.47 26.63 0.545 0x0000FF
-91.02 -315.12 27.32 -88.83 -313.29 26.94 0.545 0x0000FF
-93.76 -318.39 27.69 -91.02 -315.12 27.32 0.545 0x0000FF
-95.95 -321.13 28.22 -93.76 -318.39 27.69 0.545 0x0000FF
-97.59 -323.31 28.45 -95.95 -321.13 28.22 0.545 0x0000FF
-100.33 -325.68 28.91 -97.59 -323.31 28.45 0.545 0x0000FF
-103.43 -328.23 29.21 -100.33 -325.68 28.91 0.545 0x0000FF
-110.18 -332.61 29.59 -103.43 -328.23 29.21 0.545 0x0000FF
-113.1 -334.61 29.66 -110.18 -332.61 29.59 0.545 0x0000FF
-115.83 -336.43 29.74 -113.1 -334.61 29.66 0.545 0x0000FF
-122.76 -341.99 30.42 -115.83 -336.43 29.74 0.455 0x0000FF
-124.4 -344.35 30.57 -122.76 -341.99 30.42 0.365 0x0000FF
-42.31 -271.57 20.04 -42.12 -269.02 19.97 0.64 0x0000FF
-42.12 -272.66 20.04 -42.31 -271.57 20.04 0.64 0x0000FF
-41.76 -273.94 20.04 -42.12 -272.66 20.04 0.64 0x0000FF
-41.58 -275.2 20.04 -41.76 -273.94 20.04 0.64 0x0000FF
-41.21 -277.04 20.12 -41.58 -275.2 20.04 0.64 0x0000FF
-41.58 -279.22 20.19 -41.21 -277.04 20.12 0.64 0x0000FF
-42.31 -280.68 20.19 -41.58 -279.22 20.19 0.64 0x0000FF
-43.76 -282.32 20.19 -42.31 -280.68 20.19 0.64 0x0000FF
-45.22 -285.42 20.19 -43.76 -282.32 20.19 0.64 0x0000FF
-45.41 -287.97 20.19 -45.22 -285.42 20.19 0.64 0x0000FF
-46.32 -290.33 20.19 -45.41 -287.97 20.19 0.64 0x0000FF
-48.14 -293.07 20.19 -46.32 -290.33 20.19 0.64 0x0000FF
-49.06 -296.52 20.19 -48.14 -293.07 20.19 0.64 0x0000FF
-49.24 -299.63 20.19 -49.06 -296.52 20.19 0.64 0x0000FF
-46.68 -305.27 20.19 -49.24 -299.63 20.19 0.64 0x0000FF
-45.04 -306.55 20.19 -46.68 -305.27 20.19 0.64 0x0000FF
-45.04 -307.83 20.19 -45.04 -306.55 20.19 0.64 0x0000FF
-45.95 -309.1 20.35 -45.04 -307.83 20.19 0.64 0x0000FF
-46.5 -309.47 20.35 -45.95 -309.1 20.35 0.64 0x0000FF
-47.23 -311.47 20.42 -46.5 -309.47 20.35 0.64 0x0000FF
-46.5 -314.2 20.42 -47.23 -311.47 20.42 0.64 0x0000FF
-41.94 -314.75 20.42 -46.5 -314.2 20.42 0.545 0x0000FF
-39.2 -314.02 20.5 -41.94 -314.75 20.42 0.545 0x0000FF
-37.74 -313.11 20.57 -39.2 -314.02 20.5 0.545 0x0000FF
-36.47 -311.83 20.65 -37.74 -313.11 20.57 0.545 0x0000FF
-33.18 -307.64 20.73 -36.47 -311.83 20.65 0.455 0x0000FF
-32.09 -306.01 20.8 -33.18 -307.64 20.73 0.455 0x0000FF
-31.36 -302.54 20.88 -32.09 -306.01 20.8 0.455 0x0000FF
-30.99 -298.72 20.88 -31.36 -302.54 20.88 0.455 0x0000FF
-25.73 -2.54 5.04 -24.81 -2.0 5.04 0.64 0x0000FF
-26.64 -2.92 5.35 -25.73 -2.54 5.04 0.64 0x0000FF
-31.2 -3.64 5.58 -26.64 -2.92 5.35 0.545 0x0000FF
-36.13 -5.47 5.65 -31.2 -3.64 5.58 0.545 0x0000FF
-41.42 -6.74 6.03 -36.13 -5.47 5.65 0.545 0x0000FF
-46.53 -7.11 6.26 -41.42 -6.74 6.03 0.545 0x0000FF
-52.0 -6.92 6.41 -46.53 -7.11 6.26 0.545 0x0000FF
-59.11 -6.19 6.79 -52.0 -6.92 6.41 0.545 0x0000FF
-62.22 -6.01 6.94 -59.11 -6.19 6.79 0.545 0x0000FF
-69.33 -7.29 7.09 -62.22 -6.01 6.94 0.545 0x0000FF
-74.81 -10.75 7.24 -69.33 -7.29 7.09 0.545 0x0000FF
-80.28 -16.39 7.24 -74.81 -10.75 7.24 0.545 0x0000FF
-87.76 -26.24 7.47 -80.28 -16.39 7.24 0.545 0x0000FF
-91.41 -28.06 7.62 -87.76 -26.24 7.47 0.545 0x0000FF
-95.24 -29.7 7.77 -91.41 -28.06 7.62 0.545 0x0000FF
-101.08 -32.25 7.92 -95.24 -29.7 7.77 0.545 0x0000FF
-107.46 -36.99 8.23 -101.08 -32.25 7.92 0.545 0x0000FF
-113.67 -41.36 8.83 -107.46 -36.99 8.23 0.545 0x0000FF
-116.22 -43.73 9.14 -113.67 -41.36 8.83 0.545 0x0000FF
-117.86 -45.91 9.51 -116.22 -43.73 9.14 0.545 0x0000FF
-118.78 -47.37 10.19 -117.86 -45.91 9.51 0.545 0x0000FF
-119.51 -48.28 10.95 -118.78 -47.37 10.19 0.545 0x0000FF
-126.62 -54.84 11.79 -119.51 -48.28 10.95 0.545 0x0000FF
-128.08 -57.76 14.21 -126.62 -54.84 11.79 0.365 0x0000FF
-130.44 -61.22 14.21 -128.08 -57.76 14.21 0.365 0x0000FF
-132.83 -63.95 14.29 -130.44 -61.22 14.21 0.365 0x0000FF
-137.02 -66.5 14.36 -132.83 -63.95 14.29 0.365 0x0000FF
-140.85 -69.42 14.36 -137.02 -66.5 14.36 0.365 0x0000FF
-143.19 -71.62 14.89 -140.85 -69.42 14.36 0.365 0x0000FF
-143.75 -72.54 13.83 -143.19 -71.62 14.89 0.365 0x0000FF
-144.29 -73.08 12.92 -143.75 -72.54 13.83 0.365 0x0000FF
-144.47 -73.45 11.94 -144.29 -73.08 12.92 0.365 0x0000FF
-145.21 -74.36 11.03 -144.47 -73.45 11.94 0.365 0x0000FF
-146.66 -75.63 11.03 -145.21 -74.36 11.03 0.365 0x0000FF
-149.22 -78.0 10.65 -146.66 -75.63 11.03 0.365 0x0000FF
-151.04 -79.81 10.03 -149.22 -78.0 10.65 0.365 0x0000FF
-156.33 -83.65 9.97 -151.04 -79.81 10.03 0.275 0x0000FF
-161.63 -85.65 9.89 -156.33 -83.65 9.97 0.275 0x0000FF
-163.63 -86.93 9.82 -161.63 -85.65 9.89 0.275 0x0000FF
-164.91 -88.39 9.82 -163.63 -86.93 9.82 0.275 0x0000FF
-167.1 -89.48 9.36 -164.91 -88.39 9.82 0.275 0x0000FF
-170.57 -90.03 9.36 -167.1 -89.48 9.36 0.275 0x0000FF
-180.24 -92.39 9.44 -170.57 -90.03 9.36 0.275 0x0000FF
-189.72 -97.86 9.89 -180.24 -92.39 9.44 0.275 0x0000FF
-24.81 10.19 2.92 -23.17 11.48 3.0 1.37 0x0000FF
-25.36 9.66 2.47 -24.81 10.19 2.92 1.37 0x0000FF
-25.91 8.19 -1.17 -25.36 9.66 2.47 0.73 0x0000FF
-26.27 7.65 -1.09 -25.91 8.19 -1.17 0.73 0x0000FF
-27.55 7.11 -1.02 -26.27 7.65 -1.09 0.64 0x0000FF
-27.73 6.74 -0.71 -27.55 7.11 -1.02 0.64 0x0000FF
-28.83 6.56 -0.26 -27.73 6.74 -0.71 0.64 0x0000FF
-29.19 6.38 -1.02 -28.83 6.56 -0.26 0.64 0x0000FF
-29.74 6.01 -1.47 -29.19 6.38 -1.02 0.64 0x0000FF
-30.83 5.83 -2.15 -29.74 6.01 -1.47 0.64 0x0000FF
-31.75 5.65 -2.52 -30.83 5.83 -2.15 0.545 0x0000FF
-32.29 5.09 -2.91 -31.75 5.65 -2.52 0.545 0x0000FF
-33.02 4.55 -3.67 -32.29 5.09 -2.91 0.545 0x0000FF
-33.39 4.01 -3.67 -33.02 4.55 -3.67 0.545 0x0000FF
-34.11 3.64 -4.12 -33.39 4.01 -3.67 0.545 0x0000FF
-34.29 3.28 -4.26 -34.11 3.64 -4.12 0.545 0x0000FF
-34.47 2.73 -4.42 -34.29 3.28 -4.26 0.545 0x0000FF
-34.85 2.19 -4.5 -34.47 2.73 -4.42 0.545 0x0000FF
-35.03 1.64 -4.58 -34.85 2.19 -4.5 0.545 0x0000FF
-27.19 9.28 2.39 -25.36 9.66 2.47 0.91 0x0000FF
-27.92 8.93 2.0 -27.19 9.28 2.39 0.91 0x0000FF
-29.92 8.93 0.95 -27.92 8.93 2.0 0.82 0x0000FF
-31.02 8.56 0.65 -29.92 8.93 0.95 0.82 0x0000FF
-31.93 8.56 0.27 -31.02 8.56 0.65 0.82 0x0000FF
-32.47 8.56 0.05 -31.93 8.56 0.27 0.82 0x0000FF
-33.57 8.56 -0.56 -32.47 8.56 0.05 0.82 0x0000FF
-34.29 8.56 -0.94 -33.57 8.56 -0.56 0.82 0x0000FF
-35.4 8.38 -1.62 -34.29 8.56 -0.94 0.82 0x0000FF
-36.49 8.38 -1.92 -35.4 8.38 -1.62 0.82 0x0000FF
-37.04 8.38 -2.08 -36.49 8.38 -1.92 0.82 0x0000FF
-38.13 8.19 -2.45 -37.04 8.38 -2.08 0.73 0x0000FF
-38.32 8.02 -3.89 -38.13 8.19 -2.45 0.73 0x0000FF
-38.68 7.83 -4.65 -38.32 8.02 -3.89 0.73 0x0000FF
-39.22 7.65 -5.11 -38.68 7.83 -4.65 0.73 0x0000FF
-42.15 6.19 -5.18 -39.22 7.65 -5.11 0.545 0x0000FF
-42.15 5.83 -5.26 -42.15 6.19 -5.18 0.545 0x0000FF
-42.51 5.28 -5.64 -42.15 5.83 -5.26 0.545 0x0000FF
-43.42 4.01 -5.64 -42.51 5.28 -5.64 0.545 0x0000FF
-44.52 2.37 -5.64 -43.42 4.01 -5.64 0.545 0x0000FF
-22.62 30.25 1.03 -18.98 30.43 0.8 1.095 0x0000FF
-25.18 29.52 1.26 -22.62 30.25 1.03 0.91 0x0000FF
-29.19 29.52 1.64 -25.18 29.52 1.26 0.82 0x0000FF
-32.29 30.79 2.09 -29.19 29.52 1.64 0.73 0x0000FF
-35.4 32.07 2.54 -32.29 30.79 2.09 0.64 0x0000FF
-40.14 34.79 2.85 -35.4 32.07 2.54 0.64 0x0000FF
-44.7 36.44 3.0 -40.14 34.79 2.85 0.64 0x0000FF
-47.62 37.35 3.23 -44.7 36.44 3.0 0.64 0x0000FF
-51.27 37.53 3.45 -47.62 37.35 3.23 0.64 0x0000FF
-52.91 37.53 3.68 -51.27 37.53 3.45 0.64 0x0000FF
-54.01 36.99 3.83 -52.91 37.53 3.68 0.64 0x0000FF
-54.74 36.79 3.45 -54.01 36.99 3.83 0.64 0x0000FF
-55.65 36.44 3.08 -54.74 36.79 3.45 0.64 0x0000FF
-56.56 36.26 2.7 -55.65 36.44 3.08 0.64 0x0000FF
-58.2 36.08 2.17 -56.56 36.26 2.7 0.64 0x0000FF
-61.67 35.71 1.94 -58.2 36.08 2.17 0.64 0x0000FF
-64.41 35.35 1.64 -61.67 35.71 1.94 0.64 0x0000FF
-69.15 33.89 1.33 -64.41 35.35 1.64 0.545 0x0000FF
-70.06 33.34 1.11 -69.15 33.89 1.33 0.545 0x0000FF
-72.62 31.7 0.88 -70.06 33.34 1.11 0.455 0x0000FF
-75.34 29.7 0.8 -72.62 31.7 0.88 0.365 0x0000FF
-78.81 29.15 0.65 -75.34 29.7 0.8 0.365 0x0000FF
-80.64 28.97 0.42 -78.81 29.15 0.65 0.365 0x0000FF
-81.73 29.15 -0.18 -80.64 28.97 0.42 0.365 0x0000FF
-81.92 28.79 0.2 -81.73 29.15 -0.18 0.365 0x0000FF
-84.48 28.79 1.41 -81.92 28.79 0.2 0.365 0x0000FF
-85.02 29.15 2.24 -84.48 28.79 1.41 0.365 0x0000FF
