-87.92 -1.67 -7.98 -77.12 6.68 -6.5 0.64 0x0000FF
-92.66 -2.4 -7.76 -87.92 -1.67 -7.98 0.64 0x0000FF
-96.67 -3.13 -7.45 -92.66 -2.4 -7.76 0.64 0x0000FF
-100.5 -4.95 -7.23 -96.67 -3.13 -7.45 0.64 0x0000FF
-102.69 -6.41 -6.77 -100.5 -4.95 -7.23 0.64 0x0000FF
-107.8 -11.15 -6.39 -102.69 -6.41 -6.77 0.64 0x0000FF
-111.09 -16.61 -6.01 -107.8 -11.15 -6.39 0.64 0x0000FF
-114.01 -20.26 -5.94 -111.09 -16.61 -6.01 0.64 0x0000FF
-119.48 -30.28 -5.56 -114.01 -20.26 -5.94 0.64 0x0000FF
-126.23 -39.39 -4.8 -119.48 -30.28 -5.56 0.64 0x0000FF
-131.52 -47.41 -4.5 -126.23 -39.39 -4.8 0.64 0x0000FF
-137.0 -52.87 -3.74 -131.52 -47.41 -4.5 0.64 0x0000FF
-141.01 -57.61 -2.98 -137.0 -52.87 -3.74 0.64 0x0000FF
-142.65 -60.34 -2.29 -141.01 -57.61 -2.98 0.64 0x0000FF
-143.93 -61.8 -2.0 -142.65 -60.34 -2.29 0.64 0x0000FF
-146.47 -63.8 -1.7 -143.93 -61.8 -2.0 0.64 0x0000FF
-147.58 -65.08 -1.39 -146.47 -63.8 -1.7 0.64 0x0000FF
-151.22 -67.08 -1.09 -147.58 -65.08 -1.39 0.64 0x0000FF
-155.24 -69.09 -0.48 -151.22 -67.08 -1.09 0.64 0x0000FF
-158.34 -71.81 -0.11 -155.24 -69.09 -0.48 0.64 0x0000FF
-162.9 -76.92 0.27 -158.34 -71.81 -0.11 0.64 0x0000FF
-167.1 -79.29 0.73 -162.9 -76.92 0.27 0.64 0x0000FF
-171.3 -81.84 1.18 -167.1 -79.29 0.73 0.64 0x0000FF
-174.03 -84.57 1.48 -171.3 -81.84 1.18 0.64 0x0000FF
-175.86 -87.31 1.79 -174.03 -84.57 1.48 0.64 0x0000FF
-176.77 -89.86 2.24 -175.86 -87.31 1.79 0.64 0x0000FF
-177.32 -92.23 2.54 -176.77 -89.86 2.24 0.64 0x0000FF
-186.45 -97.37 2.7 -177.32 -92.23 2.54 0.64 0x0000FF
-188.46 -99.55 3.15 -186.45 -97.37 2.7 0.64 0x0000FF
-190.1 -101.56 3.53 -188.46 -99.55 3.15 0.64 0x0000FF
-192.65 -104.11 3.68 -190.1 -101.56 3.53 0.64 0x0000FF
-194.29 -105.75 3.83 -192.65 -104.11 3.68 0.64 0x0000FF
-195.94 -107.39 3.98 -194.29 -105.75 3.83 0.64 0x0000FF
-197.4 -108.85 4.36 -195.94 -107.39 3.98 0.64 0x0000FF
-198.86 -110.85 4.97 -197.4 -108.85 4.36 0.64 0x0000FF
-201.41 -114.49 5.35 -198.86 -110.85 4.97 0.64 0x0000FF
-202.87 -116.32 5.04 -201.41 -114.49 5.35 0.64 0x0000FF
-204.15 -117.41 4.82 -202.87 -116.32 5.04 0.64 0x0000FF
-204.69 -118.14 4.44 -204.15 -117.41 4.82 0.64 0x0000FF
-205.79 -119.6 3.83 -204.69 -118.14 4.44 0.64 0x0000FF
-207.43 -121.24 3.23 -205.79 -119.6 3.83 0.64 0x0000FF
-208.71 -122.88 2.77 -207.43 -121.24 3.23 0.64 0x0000FF
-210.9 -125.24 2.24 -208.71 -122.88 2.77 0.64 0x0000FF
-212.9 -128.16 1.64 -210.9 -125.24 2.24 0.64 0x0000FF
-214.36 -130.71 1.33 -212.9 -128.16 1.64 0.64 0x0000FF
-215.09 -132.35 0.88 -214.36 -130.71 1.33 0.64 0x0000FF
-216.37 -135.08 0.27 -215.09 -132.35 0.88 0.64 0x0000FF
-216.74 -136.18 -0.26 -216.37 -135.08 0.27 0.64 0x0000FF
-217.1 -137.44 -0.79 -216.74 -136.18 -0.26 0.64 0x0000FF
-217.83 -140.18 -1.32 -217.1 -137.44 -0.79 0.64 0x0000FF
-217.65 -144.38 -1.62 -217.83 -140.18 -1.32 0.545 0x0000FF
-217.65 -145.1 -1.85 -217.65 -144.38 -1.62 0.545 0x0000FF
-217.47 -146.02 -2.23 -217.65 -145.1 -1.85 0.545 0x0000FF
-217.83 -148.19 -2.38 -217.47 -146.02 -2.23 0.455 0x0000FF
-218.01 -149.29 -2.61 -217.83 -148.19 -2.38 0.455 0x0000FF
-218.01 -151.85 -2.76 -218.01 -149.29 -2.61 0.365 0x0000FF
-218.2 -152.57 -2.91 -218.01 -151.85 -2.76 0.365 0x0000FF
-218.38 -153.3 -3.06 -218.2 -152.57 -2.91 0.365 0x0000FF
-218.93 -154.76 -3.29 -218.38 -153.3 -3.06 0.365 0x0000FF
-85.18 -2.22 -9.73 -77.12 6.68 -6.5 1.095 0x0000FF
-86.82 -3.31 -9.57 -85.18 -2.22 -9.73 1.095 0x0000FF
-90.29 -5.68 -9.19 -86.82 -3.31 -9.57 1.095 0x0000FF
-92.11 -7.32 -8.89 -90.29 -5.68 -9.19 1.095 0x0000FF
-93.57 -8.41 -8.67 -92.11 -7.32 -8.89 1.095 0x0000FF
-93.94 -8.77 -8.14 -93.57 -8.41 -8.67 1.095 0x0000FF
-99.23 -10.05 -7.53 -93.94 -8.77 -8.14 1.005 0x0000FF
-103.79 -10.42 -6.77 -99.23 -10.05 -7.53 1.005 0x0000FF
-107.26 -10.97 -6.09 -103.79 -10.42 -6.77 1.005 0x0000FF
-108.9 -11.15 -6.47 -107.26 -10.97 -6.09 1.005 0x0000FF
-110.17 -11.51 -6.54 -108.9 -11.15 -6.47 1.005 0x0000FF
-111.82 -12.24 -5.86 -110.17 -11.51 -6.54 1.005 0x0000FF
-112.73 -12.79 -5.26 -111.82 -12.24 -5.86 1.005 0x0000FF
-114.55 -15.34 -5.11 -112.73 -12.79 -5.26 0.91 0x0000FF
-115.47 -16.8 -4.95 -114.55 -15.34 -5.11 0.91 0x0000FF
-116.93 -18.62 -4.34 -115.47 -16.8 -4.95 0.73 0x0000FF
-117.84 -19.71 -4.05 -116.93 -18.62 -4.34 0.73 0x0000FF
-118.57 -20.44 -3.82 -117.84 -19.71 -4.05 0.73 0x0000FF
-120.21 -21.72 -3.51 -118.57 -20.44 -3.82 0.73 0x0000FF
-121.49 -22.44 -3.21 -120.21 -21.72 -3.51 0.73 0x0000FF
-124.41 -24.27 -2.68 -121.49 -22.44 -3.21 0.64 0x0000FF
-125.32 -24.81 -2.52 -124.41 -24.27 -2.68 0.64 0x0000FF
-128.24 -26.09 -2.29 -125.32 -24.81 -2.52 0.64 0x0000FF
-83.46 8.9 -1.02 -77.12 6.68 -6.5 1.095 0x0000FF
-84.74 9.26 -0.64 -83.46 8.9 -1.02 1.095 0x0000FF
-85.65 9.63 -0.26 -84.74 9.26 -0.64 1.095 0x0000FF
-87.84 9.81 0.35 -85.65 9.63 -0.26 1.095 0x0000FF
-88.02 11.45 -0.11 -87.84 9.81 0.35 0.64 0x0000FF
-87.11 13.45 -0.94 -88.02 11.45 -0.11 0.545 0x0000FF
-86.56 14.73 -1.17 -87.11 13.45 -0.94 0.545 0x0000FF
-86.02 15.46 -0.64 -86.56 14.73 -1.17 0.545 0x0000FF
-85.47 16.37 -0.18 -86.02 15.46 -0.64 0.545 0x0000FF
-84.92 17.1 -0.48 -85.47 16.37 -0.18 0.545 0x0000FF
-84.19 17.82 -1.47 -84.92 17.1 -0.48 0.545 0x0000FF
-82.92 18.55 -2.23 -84.19 17.82 -1.47 0.545 0x0000FF
-81.09 19.47 -2.68 -82.92 18.55 -2.23 0.455 0x0000FF
-80.36 20.2 -2.83 -81.09 19.47 -2.68 0.455 0x0000FF
-78.72 20.74 -3.06 -80.36 20.2 -2.83 0.455 0x0000FF
-76.89 21.29 -3.06 -78.72 20.74 -3.06 0.455 0x0000FF
-75.25 22.38 -3.21 -76.89 21.29 -3.06 0.455 0x0000FF
-69.59 22.56 -3.21 -75.25 22.38 -3.21 0.365 0x0000FF
-87.66 9.81 0.27 -87.84 9.81 0.35 1.275 0x0000FF
-88.21 9.81 0.57 -87.66 9.81 0.27 1.275 0x0000FF
-89.48 9.81 0.8 -88.21 9.81 0.57 1.275 0x0000FF
-90.4 9.63 1.03 -89.48 9.81 0.8 1.275 0x0000FF
-91.31 9.81 1.33 -90.4 9.63 1.03 1.275 0x0000FF
-92.22 9.99 1.48 -91.31 9.81 1.33 1.275 0x0000FF
-93.86 10.72 2.09 -92.22 9.99 1.48 1.275 0x0000FF
-95.5 11.27 2.54 -93.86 10.72 2.09 1.185 0x0000FF
-96.6 11.45 3.91 -95.5 11.27 2.54 1.185 0x0000FF
-96.96 11.63 5.04 -96.6 11.45 3.91 1.185 0x0000FF
-96.42 12.54 5.35 -96.96 11.63 5.04 0.82 0x0000FF
-96.78 13.82 5.95 -96.42 12.54 5.35 0.82 0x0000FF
-97.88 16.0 6.18 -96.78 13.82 5.95 0.64 0x0000FF
-98.97 18.55 6.71 -97.88 16.0 6.18 0.64 0x0000FF
-99.52 20.01 6.94 -98.97 18.55 6.71 0.64 0x0000FF
-100.07 21.65 7.32 -99.52 20.01 6.94 0.64 0x0000FF
-100.61 23.29 7.54 -100.07 21.65 7.32 0.64 0x0000FF
-100.8 24.02 8.15 -100.61 23.29 7.54 0.64 0x0000FF
-100.98 24.57 8.38 -100.8 24.02 8.15 0.64 0x0000FF
-101.34 25.84 9.28 -100.98 24.57 8.38 0.64 0x0000FF
-101.71 27.12 10.11 -101.34 25.84 9.28 0.64 0x0000FF
-102.26 29.85 10.35 -101.71 27.12 10.11 0.64 0x0000FF
-102.44 32.04 10.57 -102.26 29.85 10.35 0.64 0x0000FF
-102.26 33.86 11.26 -102.44 32.04 10.57 0.64 0x0000FF
-101.89 36.22 11.71 -102.26 33.86 11.26 0.64 0x0000FF
-101.71 37.14 12.39 -101.89 36.22 11.71 0.64 0x0000FF
-101.16 38.6 12.92 -101.71 37.14 12.39 0.64 0x0000FF
-100.43 40.24 13.38 -101.16 38.6 12.92 0.64 0x0000FF
-99.7 41.88 13.76 -100.43 40.24 13.38 0.64 0x0000FF
-99.7 43.15 14.21 -99.7 41.88 13.76 0.64 0x0000FF
-100.07 43.88 14.36 -99.7 43.15 14.21 0.64 0x0000FF
-100.43 44.97 14.97 -100.07 43.88 14.36 0.64 0x0000FF
-100.61 45.52 15.27 -100.43 44.97 14.97 0.64 0x0000FF
-100.98 46.25 15.65 -100.61 45.52 15.27 0.64 0x0000FF
-101.71 46.8 16.03 -100.98 46.25 15.65 0.64 0x0000FF
-102.26 47.16 16.26 -101.71 46.8 16.03 0.64 0x0000FF
-102.8 47.53 16.55 -102.26 47.16 16.26 0.64 0x0000FF
-103.35 48.44 17.01 -102.8 47.53 16.55 0.64 0x0000FF
-105.17 50.99 17.7 -103.35 48.44 17.01 0.64 0x0000FF
-106.09 52.08 18.07 -105.17 50.99 17.7 0.64 0x0000FF
-106.82 54.27 18.23 -106.09 52.08 18.07 0.64 0x0000FF
-107.0 54.81 18.6 -106.82 54.27 18.23 0.64 0x0000FF
-107.36 55.18 19.44 -107.0 54.81 18.6 0.64 0x0000FF
-109.01 57.0 21.1 -107.36 55.18 19.44 0.64 0x0000FF
-109.55 58.64 23.22 -109.01 57.0 21.1 0.64 0x0000FF
-109.74 60.1 23.53 -109.55 58.64 23.22 0.64 0x0000FF
-109.74 61.55 24.13 -109.74 60.1 23.53 0.64 0x0000FF
-110.28 66.11 24.21 -109.74 61.55 24.13 0.64 0x0000FF
-111.38 69.02 24.66 -110.28 66.11 24.21 0.64 0x0000FF
-113.57 73.76 25.27 -111.38 69.02 24.66 0.64 0x0000FF
-116.67 78.31 26.03 -113.57 73.76 25.27 0.64 0x0000FF
-117.22 79.41 26.94 -116.67 78.31 26.03 0.64 0x0000FF
-117.58 80.87 27.69 -117.22 79.41 26.94 0.64 0x0000FF
-117.4 88.88 28.0 -117.58 80.87 27.69 0.64 0x0000FF
-116.49 92.71 29.82 -117.4 88.88 28.0 0.64 0x0000FF
-116.3 96.72 31.25 -116.49 92.71 29.82 0.64 0x0000FF
-116.67 100.36 32.77 -116.3 96.72 31.25 0.64 0x0000FF
-116.67 102.0 33.45 -116.67 100.36 32.77 0.64 0x0000FF
-115.57 104.37 35.34 -116.67 102.0 33.45 0.64 0x0000FF
-114.66 106.56 37.31 -115.57 104.37 35.34 0.545 0x0000FF
-114.3 108.56 38.07 -114.66 106.56 37.31 0.455 0x0000FF
-114.84 109.66 38.07 -114.3 108.56 38.07 0.365 0x0000FF
-97.33 11.09 6.26 -96.96 11.63 5.04 1.095 0x0000FF
-97.88 11.09 6.26 -97.33 11.09 6.26 1.095 0x0000FF
-99.34 11.63 6.33 -97.88 11.09 6.26 0.82 0x0000FF
-100.25 11.81 6.48 -99.34 11.63 6.33 0.82 0x0000FF
-101.71 12.72 6.86 -100.25 11.81 6.48 0.82 0x0000FF
-102.26 13.64 7.39 -101.71 12.72 6.86 0.82 0x0000FF
-105.17 15.82 8.23 -102.26 13.64 7.39 0.64 0x0000FF
-107.36 18.01 8.83 -105.17 15.82 8.23 0.64 0x0000FF
-108.46 20.01 8.98 -107.36 18.01 8.83 0.64 0x0000FF
-110.65 23.84 9.14 -108.46 20.01 8.98 0.64 0x0000FF
-113.39 26.03 9.44 -110.65 23.84 9.14 0.64 0x0000FF
-117.4 27.67 9.67 -113.39 26.03 9.44 0.64 0x0000FF
-119.41 28.94 10.03 -117.4 27.67 9.67 0.64 0x0000FF
-123.24 29.67 10.27 -119.41 28.94 10.03 0.64 0x0000FF
-127.25 30.58 10.65 -123.24 29.67 10.27 0.64 0x0000FF
-129.62 30.94 11.1 -127.25 30.58 10.65 0.64 0x0000FF
-133.46 32.04 11.71 -129.62 30.94 11.1 0.64 0x0000FF
-135.63 32.58 12.17 -133.46 32.04 11.71 0.64 0x0000FF
-138.02 33.5 12.39 -135.63 32.58 12.17 0.64 0x0000FF
-143.13 35.5 12.7 -138.02 33.5 12.39 0.64 0x0000FF
-146.22 38.04 13.91 -143.13 35.5 12.7 0.64 0x0000FF
-144.77 43.15 13.98 -146.22 38.04 13.91 0.545 0x0000FF
-141.66 47.89 14.36 -144.77 43.15 13.98 0.545 0x0000FF
-139.11 53.72 14.82 -141.66 47.89 14.36 0.545 0x0000FF
-134.72 60.1 14.97 -139.11 53.72 14.82 0.545 0x0000FF
-133.82 61.19 14.67 -134.72 60.1 14.97 0.545 0x0000FF
-132.54 62.28 14.36 -133.82 61.19 14.67 0.545 0x0000FF
-130.54 65.2 14.06 -132.54 62.28 14.36 0.545 0x0000FF
-129.08 66.84 13.45 -130.54 65.2 14.06 0.455 0x0000FF
-127.8 68.66 13.23 -129.08 66.84 13.45 0.455 0x0000FF
-126.16 70.84 12.92 -127.8 68.66 13.23 0.455 0x0000FF
-123.79 75.77 12.24 -126.16 70.84 12.92 0.455 0x0000FF
-121.6 78.86 12.17 -123.79 75.77 12.24 0.365 0x0000FF
-119.59 81.59 12.54 -121.6 78.86 12.17 0.365 0x0000FF
-118.31 83.24 12.62 -119.59 81.59 12.54 0.365 0x0000FF
-147.32 37.86 14.29 -146.22 38.04 13.91 0.73 0x0000FF
-148.22 37.69 14.97 -147.32 37.86 14.29 0.73 0x0000FF
-152.25 38.96 15.04 -148.22 37.69 14.97 0.73 0x0000FF
-156.81 39.86 15.73 -152.25 38.96 15.04 0.64 0x0000FF
-159.55 39.86 16.03 -156.81 39.86 15.73 0.64 0x0000FF
-161.55 40.24 16.48 -159.55 39.86 16.03 0.64 0x0000FF
-164.47 40.6 16.79 -161.55 40.24 16.48 0.545 0x0000FF
-165.75 40.78 16.94 -164.47 40.6 16.79 0.545 0x0000FF
-168.85 40.78 17.62 -165.75 40.78 16.94 0.455 0x0000FF
-170.13 40.97 17.77 -168.85 40.78 17.62 0.455 0x0000FF
-171.77 41.69 18.14 -170.13 40.97 17.77 0.365 0x0000FF
-173.05 42.42 18.45 -171.77 41.69 18.14 0.365 0x0000FF
-174.69 42.61 18.6 -173.05 42.42 18.45 0.365 0x0000FF
-177.79 42.79 18.98 -174.69 42.61 18.6 0.365 0x0000FF
-180.89 41.69 19.29 -177.79 42.79 18.98 0.365 0x0000FF
-182.72 40.6 19.97 -180.89 41.69 19.29 0.365 0x0000FF
-185.09 38.42 20.35 -182.72 40.6 19.97 0.365 0x0000FF
-187.1 34.95 20.73 -185.09 38.42 20.35 0.365 0x0000FF
-188.56 32.58 20.95 -187.1 34.95 20.73 0.365 0x0000FF
-189.47 31.67 20.73 -188.56 32.58 20.95 0.365 0x0000FF
-190.93 30.58 20.42 -189.47 31.67 20.73 0.365 0x0000FF
-193.66 29.12 20.35 -190.93 30.58 20.42 0.365 0x0000FF
-195.85 28.39 20.19 -193.66 29.12 20.35 0.365 0x0000FF
-201.33 26.75 20.04 -195.85 28.39 20.19 0.275 0x0000FF
-98.06 9.63 7.77 -97.88 11.09 6.26 0.365 0x0000FF
-98.97 9.08 7.92 -98.06 9.63 7.77 0.365 0x0000FF
-100.25 8.35 8.15 -98.97 9.08 7.92 0.365 0x0000FF
-102.44 7.81 9.59 -100.25 8.35 8.15 0.365 0x0000FF
-104.08 7.99 10.19 -102.44 7.81 9.59 0.365 0x0000FF
-104.99 7.62 11.26 -104.08 7.99 10.19 0.365 0x0000FF
-105.9 7.08 11.41 -104.99 7.62 11.26 0.365 0x0000FF
-106.63 7.08 11.71 -105.9 7.08 11.41 0.365 0x0000FF
-109.74 5.25 13.6 -106.63 7.08 11.71 0.365 0x0000FF
-110.47 4.88 14.29 -109.74 5.25 13.6 0.365 0x0000FF
-110.65 4.71 14.97 -110.47 4.88 14.29 0.365 0x0000FF
-111.38 4.34 15.12 -110.65 4.71 14.97 0.365 0x0000FF
-112.11 3.98 15.35 -111.38 4.34 15.12 0.365 0x0000FF
-112.11 3.98 16.1 -112.11 3.98 15.35 0.365 0x0000FF
-112.66 3.61 17.09 -112.11 3.98 16.1 0.365 0x0000FF
-113.2 3.07 17.85 -112.66 3.61 17.09 0.365 0x0000FF
-113.75 2.7 18.82 -113.2 3.07 17.85 0.365 0x0000FF
-115.57 1.98 19.05 -113.75 2.7 18.82 0.365 0x0000FF
-116.3 1.79 19.36 -115.57 1.98 19.05 0.365 0x0000FF
-117.4 1.25 19.66 -116.3 1.79 19.36 0.365 0x0000FF
-118.13 1.06 19.97 -117.4 1.25 19.66 0.365 0x0000FF
-122.87 0.52 20.8 -118.13 1.06 19.97 0.365 0x0000FF
-124.88 1.06 21.03 -122.87 0.52 20.8 0.275 0x0000FF
-75.67 -0.67 -10.33 -77.12 6.68 -6.5 1.64 0x0000FF
-75.13 -0.86 -11.47 -75.67 -0.67 -10.33 1.64 0x0000FF
-74.2 -1.59 -11.85 -75.13 -0.86 -11.47 1.64 0x0000FF
-73.84 -1.59 -12.3 -74.2 -1.59 -11.85 1.64 0x0000FF
-73.12 -1.77 -12.83 -73.84 -1.59 -12.3 1.64 0x0000FF
-72.56 -2.13 -12.91 -73.12 -1.77 -12.83 1.64 0x0000FF
-71.11 -3.04 -14.04 -72.56 -2.13 -12.91 1.55 0x0000FF
-70.56 -3.23 -15.56 -71.11 -3.04 -14.04 1.46 0x0000FF
-70.2 -3.41 -15.71 -70.56 -3.23 -15.56 1.46 0x0000FF
-69.84 -3.77 -16.32 -70.2 -3.41 -15.71 1.46 0x0000FF
-69.29 -3.95 -17.07 -69.84 -3.77 -16.32 1.46 0x0000FF
-68.73 -3.95 -17.23 -69.29 -3.95 -17.07 1.46 0x0000FF
-68.19 -4.32 -17.45 -68.73 -3.95 -17.23 1.46 0x0000FF
-68.01 -4.32 -18.13 -68.19 -4.32 -17.45 1.46 0x0000FF
-67.09 -4.13 -18.59 -68.01 -4.32 -18.13 1.46 0x0000FF
-65.81 -3.04 -18.59 -67.09 -4.13 -18.59 0.73 0x0000FF
-64.91 -1.77 -17.23 -65.81 -3.04 -18.59 0.64 0x0000FF
-64.36 -1.04 -17.38 -64.91 -1.77 -17.23 0.64 0x0000FF
-64.0 -0.31 -18.36 -64.36 -1.04 -17.38 0.64 0x0000FF
-63.81 0.05 -19.5 -64.0 -0.31 -18.36 0.64 0x0000FF
-63.45 0.6 -20.32 -63.81 0.05 -19.5 0.64 0x0000FF
-63.08 1.14 -20.71 -63.45 0.6 -20.32 0.64 0x0000FF
-63.08 1.88 -20.86 -63.08 1.14 -20.71 0.64 0x0000FF
-62.9 2.6 -21.24 -63.08 1.88 -20.86 0.64 0x0000FF
-63.63 4.61 -21.69 -62.9 2.6 -21.24 0.64 0x0000FF
-64.18 5.88 -22.3 -63.63 4.61 -21.69 0.64 0x0000FF
-64.36 7.16 -22.38 -64.18 5.88 -22.3 0.64 0x0000FF
-64.73 9.35 -22.83 -64.36 7.16 -22.38 0.455 0x0000FF
-65.27 11.35 -22.98 -64.73 9.35 -22.83 0.455 0x0000FF
-65.64 12.63 -23.29 -65.27 11.35 -22.98 0.455 0x0000FF
-66.19 13.9 -23.74 -65.64 12.63 -23.29 0.455 0x0000FF
-66.37 14.63 -24.27 -66.19 13.9 -23.74 0.455 0x0000FF
-67.09 15.91 -24.8 -66.37 14.63 -24.27 0.455 0x0000FF
-68.38 17.0 -25.56 -67.09 15.91 -24.8 0.365 0x0000FF
-68.56 18.09 -26.01 -68.38 17.0 -25.56 0.365 0x0000FF
-68.73 18.82 -26.09 -68.56 18.09 -26.01 0.365 0x0000FF
-68.73 19.55 -26.24 -68.73 18.82 -26.09 0.365 0x0000FF
-69.65 20.46 -26.62 -68.73 19.55 -26.24 0.365 0x0000FF
-70.38 21.19 -26.69 -69.65 20.46 -26.62 0.365 0x0000FF
-67.83 20.82 -26.24 -68.73 19.55 -26.24 0.365 0x0000FF
-67.45 21.74 -26.24 -67.83 20.82 -26.24 0.365 0x0000FF
-67.09 23.56 -26.24 -67.45 21.74 -26.24 0.365 0x0000FF
-66.73 24.65 -26.24 -67.09 23.56 -26.24 0.365 0x0000FF
-66.92 25.56 -26.09 -66.73 24.65 -26.24 0.365 0x0000FF
-67.09 27.2 -26.09 -66.92 25.56 -26.09 0.365 0x0000FF
-66.73 28.29 -26.39 -67.09 27.2 -26.09 0.365 0x0000FF
-66.0 28.84 -26.39 -66.73 28.29 -26.39 0.365 0x0000FF
-65.45 29.21 -26.47 -66.0 28.84 -26.39 0.365 0x0000FF
-64.18 31.03 -26.47 -65.45 29.21 -26.47 0.365 0x0000FF
-63.63 31.76 -26.69 -64.18 31.03 -26.47 0.365 0x0000FF
-62.9 32.67 -26.77 -63.63 31.76 -26.69 0.365 0x0000FF
-63.08 33.94 -27.0 -62.9 32.67 -26.77 0.365 0x0000FF
-64.0 35.22 -27.0 -63.08 33.94 -27.0 0.365 0x0000FF
-66.37 36.86 -27.0 -64.0 35.22 -27.0 0.365 0x0000FF
-69.47 38.32 -27.0 -66.37 36.86 -27.0 0.365 0x0000FF
-71.11 39.96 -27.0 -69.47 38.32 -27.0 0.365 0x0000FF
-71.48 40.68 -27.07 -71.11 39.96 -27.0 0.365 0x0000FF
-71.48 43.24 -27.15 -71.48 40.68 -27.07 0.365 0x0000FF
-68.92 44.15 -27.15 -71.48 43.24 -27.15 0.365 0x0000FF
-62.9 45.6 -27.22 -68.92 44.15 -27.15 0.365 0x0000FF
-59.25 47.24 -27.22 -62.9 45.6 -27.22 0.365 0x0000FF
-55.24 48.7 -27.22 -59.25 47.24 -27.22 0.365 0x0000FF
-52.68 49.61 -27.3 -55.24 48.7 -27.22 0.365 0x0000FF
-49.22 50.52 -27.53 -52.68 49.61 -27.3 0.365 0x0000FF
-44.84 51.62 -27.6 -49.22 50.52 -27.53 0.365 0x0000FF
-39.9 52.89 -27.6 -44.84 51.62 -27.6 0.365 0x0000FF
-37.36 53.62 -27.6 -39.9 52.89 -27.6 0.365 0x0000FF
-33.34 55.08 -27.68 -37.36 53.62 -27.6 0.365 0x0000FF
-64.0 -4.32 -17.82 -67.09 -4.13 -18.59 0.73 0x0000FF
-62.72 -3.95 -17.6 -64.0 -4.32 -17.82 0.73 0x0000FF
-61.81 -3.95 -17.53 -62.72 -3.95 -17.6 0.73 0x0000FF
-59.8 -3.95 -17.3 -61.81 -3.95 -17.53 0.73 0x0000FF
-57.98 -4.68 -17.07 -59.8 -3.95 -17.3 0.73 0x0000FF
-55.97 -5.23 -17.07 -57.98 -4.68 -17.07 0.73 0x0000FF
-54.33 -6.32 -17.07 -55.97 -5.23 -17.07 0.73 0x0000FF
-52.14 -8.69 -17.0 -54.33 -6.32 -17.07 0.73 0x0000FF
-50.5 -9.77 -17.0 -52.14 -8.69 -17.0 0.73 0x0000FF
-48.85 -10.88 -17.0 -50.5 -9.77 -17.0 0.73 0x0000FF
-47.03 -11.61 -17.0 -48.85 -10.88 -17.0 0.73 0x0000FF
-45.39 -12.52 -16.77 -47.03 -11.61 -17.0 0.73 0x0000FF
-42.28 -13.79 -16.62 -45.39 -12.52 -16.77 0.73 0x0000FF
-34.44 -16.34 -16.62 -42.28 -13.79 -16.62 0.73 0x0000FF
-29.88 -18.17 -16.62 -34.44 -16.34 -16.62 0.73 0x0000FF
-25.86 -21.45 -16.62 -29.88 -18.17 -16.62 0.73 0x0000FF
-24.22 -22.9 -16.54 -25.86 -21.45 -16.62 0.73 0x0000FF
-22.03 -24.73 -16.47 -24.22 -22.9 -16.54 0.73 0x0000FF
-17.84 -26.91 -16.39 -22.03 -24.73 -16.47 0.73 0x0000FF
-17.29 -27.82 -16.32 -17.84 -26.91 -16.39 0.73 0x0000FF
-6.52 -31.83 -16.23 -17.29 -27.82 -16.32 0.73 0x0000FF
-2.69 -35.11 -16.23 -6.52 -31.83 -16.23 0.73 0x0000FF
-1.23 -36.75 -16.23 -2.69 -35.11 -16.23 0.73 0x0000FF
2.04 -38.94 -16.23 -1.23 -36.75 -16.23 0.73 0x0000FF
6.61 -42.03 -16.23 2.04 -38.94 -16.23 0.73 0x0000FF
10.26 -45.86 -16.17 6.61 -42.03 -16.23 0.73 0x0000FF
21.39 -48.59 -15.41 10.26 -45.86 -16.17 0.73 0x0000FF
24.31 -49.5 -15.26 21.39 -48.59 -15.41 0.73 0x0000FF
27.78 -50.78 -14.8 24.31 -49.5 -15.26 0.73 0x0000FF
29.24 -52.06 -14.65 27.78 -50.78 -14.8 0.73 0x0000FF
30.51 -53.15 -14.5 29.24 -52.06 -14.65 0.73 0x0000FF
32.34 -54.06 -14.27 30.51 -53.15 -14.5 0.73 0x0000FF
35.08 -55.88 -13.89 32.34 -54.06 -14.27 0.73 0x0000FF
37.63 -58.07 -13.74 35.08 -55.88 -13.89 0.64 0x0000FF
39.27 -59.71 -13.67 37.63 -58.07 -13.74 0.64 0x0000FF
41.1 -61.71 -13.59 39.27 -59.71 -13.67 0.455 0x0000FF
42.74 -63.35 -13.44 41.1 -61.71 -13.59 0.455 0x0000FF
44.2 -65.17 -13.44 42.74 -63.35 -13.44 0.455 0x0000FF
46.21 -67.18 -13.29 44.2 -65.17 -13.44 0.455 0x0000FF
47.66 -68.81 -13.29 46.21 -67.18 -13.29 0.455 0x0000FF
49.12 -72.45 -13.21 47.66 -68.81 -13.29 0.365 0x0000FF
50.22 -74.09 -13.21 49.12 -72.45 -13.21 0.365 0x0000FF
51.68 -74.65 -12.91 50.22 -74.09 -13.21 0.365 0x0000FF
53.5 -74.65 -12.68 51.68 -74.65 -12.91 0.365 0x0000FF
60.17 -76.36 -12.38 53.5 -74.65 -12.68 0.365 0x0000FF
64.55 -76.18 -12.23 60.17 -76.36 -12.38 0.365 0x0000FF
68.02 -76.54 -12.15 64.55 -76.18 -12.23 0.365 0x0000FF
-75.53 3.53 5.2 -77.12 6.68 -6.5 1.46 0x0000FF
-73.16 3.53 5.27 -75.53 3.53 5.2 1.46 0x0000FF
-71.34 3.53 5.58 -73.16 3.53 5.27 1.46 0x0000FF
-69.69 3.35 5.58 -71.34 3.53 5.58 1.46 0x0000FF
-68.59 3.35 5.73 -69.69 3.35 5.58 1.46 0x0000FF
-67.5 2.98 5.73 -68.59 3.35 5.73 1.46 0x0000FF
-66.04 2.98 5.8 -67.5 2.98 5.73 1.46 0x0000FF
-65.13 3.16 5.8 -66.04 2.98 5.8 1.46 0x0000FF
-64.04 4.62 6.03 -65.13 3.16 5.8 1.005 0x0000FF
-62.94 5.72 6.11 -64.04 4.62 6.03 0.64 0x0000FF
-61.3 6.81 6.11 -62.94 5.72 6.11 0.545 0x0000FF
-60.94 7.54 6.18 -61.3 6.81 6.11 0.545 0x0000FF
-60.57 8.27 6.26 -60.94 7.54 6.18 0.545 0x0000FF
-60.02 8.99 6.26 -60.57 8.27 6.26 0.545 0x0000FF
-60.02 9.72 6.26 -60.02 8.99 6.26 0.545 0x0000FF
-59.11 10.82 6.26 -60.02 9.72 6.26 0.545 0x0000FF
-56.37 13.0 6.33 -59.11 10.82 6.26 0.545 0x0000FF
-54.37 15.01 6.33 -56.37 13.0 6.33 0.545 0x0000FF
-52.72 17.01 6.26 -54.37 15.01 6.33 0.545 0x0000FF
-52.18 17.73 6.18 -52.72 17.01 6.26 0.545 0x0000FF
-50.72 20.11 5.73 -52.18 17.73 6.18 0.545 0x0000FF
-49.62 21.75 5.73 -50.72 20.11 5.73 0.545 0x0000FF
-49.08 23.02 6.03 -49.62 21.75 5.73 0.545 0x0000FF
-47.8 24.85 6.18 -49.08 23.02 6.03 0.545 0x0000FF
-47.25 26.49 6.41 -47.8 24.85 6.18 0.545 0x0000FF
-46.7 27.4 6.64 -47.25 26.49 6.41 0.545 0x0000FF
-46.34 28.31 6.86 -46.7 27.4 6.64 0.545 0x0000FF
-45.79 29.22 7.01 -46.34 28.31 6.86 0.545 0x0000FF
-44.88 30.49 7.32 -45.79 29.22 7.01 0.545 0x0000FF
-44.51 31.22 7.7 -44.88 30.49 7.32 0.545 0x0000FF
-43.78 32.32 8.15 -44.51 31.22 7.7 0.545 0x0000FF
-43.24 33.22 8.83 -43.78 32.32 8.15 0.545 0x0000FF
-42.33 34.5 9.36 -43.24 33.22 8.83 0.545 0x0000FF
-41.78 35.22 9.74 -42.33 34.5 9.36 0.545 0x0000FF
-41.05 36.32 9.97 -41.78 35.22 9.74 0.545 0x0000FF
-40.68 36.69 10.42 -41.05 36.32 9.97 0.545 0x0000FF
-39.95 37.42 10.88 -40.68 36.69 10.42 0.545 0x0000FF
-39.22 38.15 11.26 -39.95 37.42 10.88 0.545 0x0000FF
-38.68 38.69 11.56 -39.22 38.15 11.26 0.545 0x0000FF
-37.22 40.52 12.54 -38.68 38.69 11.56 0.455 0x0000FF
-36.67 41.61 12.7 -37.22 40.52 12.54 0.455 0x0000FF
-36.29 42.88 13.0 -36.67 41.61 12.7 0.455 0x0000FF
-35.94 43.61 13.15 -36.29 42.88 13.0 0.455 0x0000FF
-35.76 44.16 13.53 -35.94 43.61 13.15 0.455 0x0000FF
-35.39 45.25 13.91 -35.76 44.16 13.53 0.455 0x0000FF
-35.21 45.8 14.13 -35.39 45.25 13.91 0.455 0x0000FF
-59.11 11.18 8.76 -59.11 10.82 6.26 0.64 0x0000FF
-59.48 12.09 9.06 -59.11 11.18 8.76 0.64 0x0000FF
-59.48 12.46 9.51 -59.48 12.09 9.06 0.64 0x0000FF
-59.48 12.82 10.42 -59.48 12.46 9.51 0.64 0x0000FF
-59.84 13.37 11.1 -59.48 12.82 10.42 0.64 0x0000FF
-59.84 13.55 11.41 -59.84 13.37 11.1 0.64 0x0000FF
-60.21 14.1 11.79 -59.84 13.55 11.41 0.64 0x0000FF
-60.39 14.83 12.17 -60.21 14.1 11.79 0.64 0x0000FF
-60.57 15.92 12.62 -60.39 14.83 12.17 0.64 0x0000FF
-60.39 17.73 12.7 -60.57 15.92 12.62 0.64 0x0000FF
-60.39 18.64 12.85 -60.39 17.73 12.7 0.64 0x0000FF
-60.57 19.73 13.0 -60.39 18.64 12.85 0.64 0x0000FF
-60.57 20.84 13.0 -60.57 19.73 13.0 0.64 0x0000FF
-61.12 22.48 13.23 -60.57 20.84 13.0 0.545 0x0000FF
-61.48 23.21 13.3 -61.12 22.48 13.23 0.545 0x0000FF
-61.48 23.94 13.38 -61.48 23.21 13.3 0.545 0x0000FF
-61.85 24.66 13.45 -61.48 23.94 13.38 0.545 0x0000FF
-61.85 25.57 13.76 -61.85 24.66 13.45 0.545 0x0000FF
-61.48 26.12 14.13 -61.85 25.57 13.76 0.545 0x0000FF
-61.3 27.03 14.36 -61.48 26.12 14.13 0.545 0x0000FF
-61.12 28.85 14.74 -61.3 27.03 14.36 0.545 0x0000FF
-60.75 29.95 15.27 -61.12 28.85 14.74 0.545 0x0000FF
-60.57 31.41 15.5 -60.75 29.95 15.27 0.545 0x0000FF
-59.48 32.5 16.18 -60.57 31.41 15.5 0.455 0x0000FF
-58.75 32.86 16.48 -59.48 32.5 16.18 0.455 0x0000FF
-58.02 32.86 16.71 -58.75 32.86 16.48 0.455 0x0000FF
-56.56 32.68 17.01 -58.02 32.86 16.71 0.455 0x0000FF
-56.19 32.5 17.01 -56.56 32.68 17.01 0.455 0x0000FF
-55.28 32.32 17.23 -56.19 32.5 17.01 0.455 0x0000FF
-53.64 31.59 17.32 -55.28 32.32 17.23 0.365 0x0000FF
-52.91 31.41 17.47 -53.64 31.59 17.32 0.365 0x0000FF
-52.18 31.22 17.54 -52.91 31.41 17.47 0.365 0x0000FF
-51.45 31.22 17.54 -52.18 31.22 17.54 0.365 0x0000FF
-49.81 31.22 17.7 -51.45 31.22 17.54 0.275 0x0000FF
-49.26 31.22 17.85 -49.81 31.22 17.7 0.275 0x0000FF
-48.71 31.22 17.85 -49.26 31.22 17.85 0.275 0x0000FF
-48.16 31.77 18.0 -48.71 31.22 17.85 0.275 0x0000FF
-64.95 2.8 6.64 -65.13 3.16 5.8 0.91 0x0000FF
-64.58 2.62 6.03 -64.95 2.8 6.64 0.91 0x0000FF
-64.4 2.44 5.88 -64.58 2.62 6.03 0.91 0x0000FF
-63.67 1.89 5.58 -64.4 2.44 5.88 0.91 0x0000FF
-63.12 1.89 5.27 -63.67 1.89 5.58 0.91 0x0000FF
-62.58 1.89 5.2 -63.12 1.89 5.27 0.91 0x0000FF
-62.21 1.89 5.2 -62.58 1.89 5.2 0.91 0x0000FF
-61.67 1.52 4.97 -62.21 1.89 5.2 0.91 0x0000FF
-61.3 1.34 4.97 -61.67 1.52 4.97 0.91 0x0000FF
-60.75 1.15 4.82 -61.3 1.34 4.97 0.91 0x0000FF
-59.66 0.61 4.82 -60.75 1.15 4.82 0.91 0x0000FF
-59.29 0.61 4.67 -59.66 0.61 4.82 0.91 0x0000FF
-58.2 0.25 4.67 -59.29 0.61 4.67 0.91 0x0000FF
-58.56 -1.94 4.67 -58.2 0.25 4.67 0.82 0x0000FF
-57.83 -3.39 4.44 -58.56 -1.94 4.67 0.73 0x0000FF
-57.65 -3.76 4.29 -57.83 -3.39 4.44 0.73 0x0000FF
-57.47 -4.3 4.13 -57.65 -3.76 4.29 0.73 0x0000FF
-57.47 -4.67 3.91 -57.47 -4.3 4.13 0.73 0x0000FF
-57.47 -4.67 3.23 -57.47 -4.67 3.91 0.73 0x0000FF
-57.1 -5.03 3.91 -57.47 -4.67 3.23 0.73 0x0000FF
-56.92 -5.4 4.67 -57.1 -5.03 3.91 0.73 0x0000FF
-56.74 -5.76 4.97 -56.92 -5.4 4.67 0.73 0x0000FF
-56.56 -6.13 5.42 -56.74 -5.76 4.97 0.73 0x0000FF
-56.19 -6.67 5.5 -56.56 -6.13 5.42 0.73 0x0000FF
-55.28 -7.59 6.18 -56.19 -6.67 5.5 0.545 0x0000FF
-54.91 -8.13 6.71 -55.28 -7.59 6.18 0.545 0x0000FF
-54.37 -9.03 7.01 -54.91 -8.13 6.71 0.545 0x0000FF
-54.0 -9.41 7.09 -54.37 -9.03 7.01 0.545 0x0000FF
-53.27 -10.14 7.24 -54.0 -9.41 7.09 0.545 0x0000FF
-52.91 -10.68 7.32 -53.27 -10.14 7.24 0.545 0x0000FF
-52.54 -11.05 7.39 -52.91 -10.68 7.32 0.545 0x0000FF
-52.36 -11.59 7.47 -52.54 -11.05 7.39 0.545 0x0000FF
-51.81 -12.14 7.62 -52.36 -11.59 7.47 0.545 0x0000FF
-51.08 -12.5 7.92 -51.81 -12.14 7.62 0.545 0x0000FF
-49.99 -13.42 8.68 -51.08 -12.5 7.92 0.545 0x0000FF
-49.44 -13.96 9.28 -49.99 -13.42 8.68 0.545 0x0000FF
-49.26 -14.51 9.59 -49.44 -13.96 9.28 0.545 0x0000FF
-48.71 -15.6 9.89 -49.26 -14.51 9.59 0.545 0x0000FF
-48.53 -16.14 10.19 -48.71 -15.6 9.89 0.545 0x0000FF
-48.35 -16.7 10.35 -48.53 -16.14 10.19 0.545 0x0000FF
-47.98 -17.05 10.57 -48.35 -16.7 10.35 0.545 0x0000FF
-47.8 -17.61 11.41 -47.98 -17.05 10.57 0.545 0x0000FF
-47.8 -18.14 11.64 -47.8 -17.61 11.41 0.545 0x0000FF
-47.62 -18.88 12.01 -47.8 -18.14 11.64 0.545 0x0000FF
-47.43 -19.25 12.24 -47.62 -18.88 12.01 0.545 0x0000FF
-47.25 -19.61 12.77 -47.43 -19.25 12.24 0.545 0x0000FF
-47.25 -19.97 13.6 -47.25 -19.61 12.77 0.545 0x0000FF
-47.07 -20.52 14.44 -47.25 -19.97 13.6 0.545 0x0000FF
-46.89 -21.07 14.44 -47.07 -20.52 14.44 0.545 0x0000FF
-46.52 -21.8 14.97 -46.89 -21.07 14.44 0.545 0x0000FF
-45.61 -22.89 15.27 -46.52 -21.8 14.97 0.545 0x0000FF
-44.51 -23.98 15.57 -45.61 -22.89 15.27 0.545 0x0000FF
-44.15 -24.35 15.88 -44.51 -23.98 15.57 0.545 0x0000FF
-43.78 -24.71 16.18 -44.15 -24.35 15.88 0.545 0x0000FF
-43.42 -24.89 17.16 -43.78 -24.71 16.18 0.545 0x0000FF
-42.87 -25.26 17.47 -43.42 -24.89 17.16 0.545 0x0000FF
-42.51 -25.44 17.77 -42.87 -25.26 17.47 0.545 0x0000FF
-41.78 -25.62 17.85 -42.51 -25.44 17.77 0.545 0x0000FF
-39.95 -25.81 19.59 -41.78 -25.62 17.85 0.545 0x0000FF
-39.59 -25.81 19.89 -39.95 -25.81 19.59 0.545 0x0000FF
-39.04 -25.81 21.41 -39.59 -25.81 19.89 0.545 0x0000FF
-38.31 -25.81 22.54 -39.04 -25.81 21.41 0.545 0x0000FF
-36.85 -25.08 22.92 -38.31 -25.81 22.54 0.545 0x0000FF
-35.39 -24.53 23.76 -36.85 -25.08 22.92 0.545 0x0000FF
-33.93 -23.98 25.8 -35.39 -24.53 23.76 0.545 0x0000FF
-29.92 -22.89 27.85 -33.93 -23.98 25.8 0.545 0x0000FF
-29.37 -22.34 28.68 -29.92 -22.89 27.85 0.545 0x0000FF
-28.09 -21.8 28.98 -29.37 -22.34 28.68 0.545 0x0000FF
-25.54 -21.25 29.44 -28.09 -21.8 28.98 0.545 0x0000FF
-23.71 -20.7 30.42 -25.54 -21.25 29.44 0.545 0x0000FF
-20.07 -19.97 31.03 -23.71 -20.7 30.42 0.545 0x0000FF
-17.88 -19.61 31.71 -20.07 -19.97 31.03 0.545 0x0000FF
-16.42 -19.79 32.31 -17.88 -19.61 31.71 0.545 0x0000FF
-15.87 -19.79 31.63 -16.42 -19.79 32.31 0.545 0x0000FF
-15.5 -19.97 31.03 -15.87 -19.79 31.63 0.545 0x0000FF
-14.59 -19.97 30.5 -15.5 -19.97 31.03 0.545 0x0000FF
-14.04 -20.16 30.12 -14.59 -19.97 30.5 0.545 0x0000FF
-13.13 -20.52 29.66 -14.04 -20.16 30.12 0.545 0x0000FF
-11.86 -20.52 29.21 -13.13 -20.52 29.66 0.545 0x0000FF
-10.76 -20.52 28.75 -11.86 -20.52 29.21 0.545 0x0000FF
-8.21 -21.07 28.22 -10.76 -20.52 28.75 0.545 0x0000FF
-6.38 -21.43 27.69 -8.21 -21.07 28.22 0.545 0x0000FF
-5.65 -21.43 26.86 -6.38 -21.43 27.69 0.545 0x0000FF
-3.46 -21.43 26.25 -5.65 -21.43 26.86 0.545 0x0000FF
-1.82 -21.25 25.57 -3.46 -21.43 26.25 0.545 0x0000FF
0.37 -21.07 24.74 -1.82 -21.25 25.57 0.545 0x0000FF
2.74 -21.07 24.21 0.37 -21.07 24.74 0.545 0x0000FF
4.38 -21.07 23.68 2.74 -21.07 24.21 0.545 0x0000FF
8.21 -21.43 23.07 4.38 -21.07 23.68 0.545 0x0000FF
12.05 -21.8 22.54 8.21 -21.43 23.07 0.545 0x0000FF
15.51 -22.16 21.71 12.05 -21.8 22.54 0.545 0x0000FF
17.14 -22.34 21.26 15.51 -22.16 21.71 0.545 0x0000FF
27.19 -22.53 20.65 17.14 -22.34 21.26 0.545 0x0000FF
30.29 -22.53 19.97 27.19 -22.53 20.65 0.455 0x0000FF
33.58 -22.16 19.36 30.29 -22.53 19.97 0.455 0x0000FF
35.04 -21.61 18.68 33.58 -22.16 19.36 0.455 0x0000FF
38.32 -21.07 18.38 35.04 -21.61 18.68 0.365 0x0000FF
40.86 -20.7 18.23 38.32 -21.07 18.38 0.365 0x0000FF
42.52 -20.34 17.62 40.86 -20.7 18.23 0.365 0x0000FF
43.98 -19.61 17.47 42.52 -20.34 17.62 0.18 0x0000FF
45.43 -18.7 17.32 43.98 -19.61 17.47 0.18 0x0000FF
-57.47 0.61 5.42 -58.2 0.25 4.67 0.82 0x0000FF
-50.35 1.15 5.5 -57.47 0.61 5.42 0.82 0x0000FF
-45.97 2.62 5.88 -50.35 1.15 5.5 0.64 0x0000FF
-42.14 3.16 6.18 -45.97 2.62 5.88 0.64 0x0000FF
-37.4 3.89 6.26 -42.14 3.16 6.18 0.64 0x0000FF
-35.03 4.8 6.41 -37.4 3.89 6.26 0.64 0x0000FF
-28.64 7.72 6.79 -35.03 4.8 6.41 0.64 0x0000FF
-24.99 10.63 7.09 -28.64 7.72 6.79 0.64 0x0000FF
-11.13 18.47 7.7 -24.99 10.63 7.09 0.64 0x0000FF
-6.56 22.48 8.0 -11.13 18.47 7.7 0.64 0x0000FF
0.0 29.4 8.52 -6.56 22.48 8.0 0.64 0x0000FF
3.29 35.6 8.83 0.0 29.4 8.52 0.64 0x0000FF
6.94 41.79 9.06 3.29 35.6 8.83 0.64 0x0000FF
12.41 55.46 9.28 6.94 41.79 9.06 0.545 0x0000FF
16.42 60.56 9.44 12.41 55.46 9.28 0.545 0x0000FF
22.45 71.12 10.19 16.42 60.56 9.44 0.545 0x0000FF
25.47 73.13 9.89 22.45 71.12 10.19 0.545 0x0000FF
26.56 74.22 10.19 25.47 73.13 9.89 0.545 0x0000FF
27.84 75.31 10.42 26.56 74.22 10.19 0.545 0x0000FF
28.38 75.86 10.57 27.84 75.31 10.42 0.545 0x0000FF
29.3 76.59 11.1 28.38 75.86 10.57 0.545 0x0000FF
29.84 77.14 11.41 29.3 76.59 11.1 0.545 0x0000FF
30.76 77.5 11.71 29.84 77.14 11.41 0.545 0x0000FF
31.85 78.05 11.03 30.76 77.5 11.71 0.545 0x0000FF
32.76 78.42 10.5 31.85 78.05 11.03 0.545 0x0000FF
33.13 78.78 10.42 32.76 78.42 10.5 0.545 0x0000FF
33.86 78.95 10.03 33.13 78.78 10.42 0.545 0x0000FF
35.5 79.69 9.74 33.86 78.95 10.03 0.545 0x0000FF
37.32 80.23 9.51 35.5 79.69 9.74 0.545 0x0000FF
38.04 80.42 9.21 37.32 80.23 9.51 0.545 0x0000FF
40.24 81.15 8.76 38.04 80.42 9.21 0.545 0x0000FF
42.07 81.69 8.68 40.24 81.15 8.76 0.545 0x0000FF
43.35 82.24 8.61 42.07 81.69 8.68 0.545 0x0000FF
44.44 82.79 8.38 43.35 82.24 8.61 0.545 0x0000FF
45.54 83.15 8.0 44.44 82.79 8.38 0.545 0x0000FF
46.27 83.52 7.85 45.54 83.15 8.0 0.545 0x0000FF
47.18 84.43 7.54 46.27 83.52 7.85 0.545 0x0000FF
47.54 84.79 7.01 47.18 84.43 7.54 0.545 0x0000FF
47.91 85.7 6.94 47.54 84.79 7.01 0.545 0x0000FF
48.45 86.61 6.56 47.91 85.7 6.94 0.545 0x0000FF
48.82 87.34 6.11 48.45 86.61 6.56 0.545 0x0000FF
49.37 88.25 5.8 48.82 87.34 6.11 0.545 0x0000FF
49.73 88.8 5.65 49.37 88.25 5.8 0.545 0x0000FF
50.28 89.53 5.04 49.73 88.8 5.65 0.545 0x0000FF
51.19 90.62 4.67 50.28 89.53 5.04 0.545 0x0000FF
52.1 91.72 4.67 51.19 90.62 4.67 0.545 0x0000FF
52.47 92.63 4.05 52.1 91.72 4.67 0.545 0x0000FF
53.2 93.9 4.05 52.47 92.63 4.05 0.545 0x0000FF
53.75 95.0 3.68 53.2 93.9 4.05 0.545 0x0000FF
53.93 95.54 3.45 53.75 95.0 3.68 0.545 0x0000FF
54.48 98.64 3.3 53.93 95.54 3.45 0.545 0x0000FF
54.29 102.83 2.92 54.48 98.64 3.3 0.545 0x0000FF
53.93 105.2 2.54 54.29 102.83 2.92 0.545 0x0000FF
53.38 107.75 2.17 53.93 105.2 2.54 0.545 0x0000FF
53.2 109.39 1.79 53.38 107.75 2.17 0.545 0x0000FF
53.56 111.94 1.33 53.2 109.39 1.79 0.365 0x0000FF
54.66 115.4 0.88 53.56 111.94 1.33 0.365 0x0000FF
55.75 116.13 0.57 54.66 115.4 0.88 0.365 0x0000FF
-76.45 17.67 0.35 -77.12 6.68 -6.5 3.375 0x0000FF
-77.0 19.5 0.57 -76.45 17.67 0.35 3.01 0x0000FF
-76.81 20.04 0.65 -77.0 19.5 0.57 3.01 0x0000FF
-76.81 20.95 0.73 -76.81 20.04 0.65 3.01 0x0000FF
-76.81 21.86 0.88 -76.81 20.95 0.73 3.01 0x0000FF
-77.36 23.87 1.33 -76.81 21.86 0.88 2.83 0x0000FF
-77.54 24.96 1.56 -77.36 23.87 1.33 2.83 0x0000FF
-78.09 26.42 1.86 -77.54 24.96 1.56 2.555 0x0000FF
-78.09 27.15 2.0 -78.09 26.42 1.86 2.555 0x0000FF
-78.27 27.88 2.09 -78.09 27.15 2.0 2.555 0x0000FF
-78.27 29.33 2.47 -78.27 27.88 2.09 2.19 0x0000FF
-78.45 30.61 2.39 -78.27 29.33 2.47 2.19 0x0000FF
-78.64 32.97 1.94 -78.45 30.61 2.39 1.825 0x0000FF
-78.64 33.89 1.94 -78.64 32.97 1.94 1.825 0x0000FF
-78.81 35.35 1.94 -78.64 33.89 1.94 1.46 0x0000FF
-78.64 37.35 1.94 -78.81 35.35 1.94 1.46 0x0000FF
-79.0 38.63 1.94 -78.64 37.35 1.94 1.46 0x0000FF
-78.81 38.63 1.94 -79.0 38.63 1.94 1.095 0x0000FF
-80.09 39.72 2.0 -78.81 38.63 1.94 1.005 0x0000FF
-83.02 40.99 2.31 -80.09 39.72 2.0 0.91 0x0000FF
-83.93 40.81 2.39 -83.02 40.99 2.31 0.91 0x0000FF
-85.57 40.63 2.47 -83.93 40.81 2.39 0.91 0x0000FF
-86.85 40.27 2.47 -85.57 40.63 2.47 0.91 0x0000FF
-89.95 39.54 2.54 -86.85 40.27 2.47 0.91 0x0000FF
-94.88 38.81 2.62 -89.95 39.54 2.54 0.82 0x0000FF
-97.43 37.53 2.62 -94.88 38.81 2.62 0.82 0x0000FF
-98.89 36.99 2.62 -97.43 37.53 2.62 0.82 0x0000FF
-100.35 36.61 2.62 -98.89 36.99 2.62 0.82 0x0000FF
-101.26 35.89 2.7 -100.35 36.61 2.62 0.82 0x0000FF
-101.63 35.53 2.7 -101.26 35.89 2.7 0.82 0x0000FF
-101.99 35.15 2.77 -101.63 35.53 2.7 0.82 0x0000FF
-103.09 34.61 2.77 -101.99 35.15 2.77 0.82 0x0000FF
-104.55 33.89 2.85 -103.09 34.61 2.77 0.82 0x0000FF
-105.09 33.52 2.92 -104.55 33.89 2.85 0.82 0x0000FF
-105.46 33.15 2.7 -105.09 33.52 2.92 0.82 0x0000FF
-106.55 32.61 2.62 -105.46 33.15 2.7 0.82 0x0000FF
-106.92 32.25 2.47 -106.55 32.61 2.62 0.82 0x0000FF
-107.28 32.07 1.94 -106.92 32.25 2.47 0.82 0x0000FF
-107.65 31.7 2.09 -107.28 32.07 1.94 0.82 0x0000FF
-108.19 31.52 2.62 -107.65 31.7 2.09 0.82 0x0000FF
-109.29 30.79 2.77 -108.19 31.52 2.62 0.82 0x0000FF
-110.75 29.52 3.45 -109.29 30.79 2.77 0.73 0x0000FF
-111.84 29.15 3.98 -110.75 29.52 3.45 0.64 0x0000FF
-113.49 28.24 4.13 -111.84 29.15 3.98 0.64 0x0000FF
-114.03 27.69 5.35 -113.49 28.24 4.13 0.64 0x0000FF
-115.68 26.6 6.41 -114.03 27.69 5.35 0.64 0x0000FF
-119.14 24.23 6.64 -115.68 26.6 6.41 0.64 0x0000FF
-122.97 22.41 7.47 -119.14 24.23 6.64 0.64 0x0000FF
-129.18 19.5 7.77 -122.97 22.41 7.47 0.64 0x0000FF
-135.93 17.67 8.23 -129.18 19.5 7.77 0.64 0x0000FF
-140.12 14.58 8.38 -135.93 17.67 8.23 0.545 0x0000FF
-143.41 14.39 8.98 -140.12 14.58 8.38 0.455 0x0000FF
-144.32 14.39 9.06 -143.41 14.39 8.98 0.455 0x0000FF
-146.33 14.58 9.21 -144.32 14.39 9.06 0.455 0x0000FF
-148.88 14.58 9.51 -146.33 14.58 9.21 0.455 0x0000FF
-153.44 14.21 9.89 -148.88 14.58 9.51 0.455 0x0000FF
-156.72 14.94 10.11 -153.44 14.21 9.89 0.455 0x0000FF
-160.56 16.76 10.35 -156.72 14.94 10.11 0.455 0x0000FF
-163.3 18.04 10.5 -160.56 16.76 10.35 0.455 0x0000FF
-167.86 19.68 11.33 -163.3 18.04 10.5 0.455 0x0000FF
-168.4 19.68 11.41 -167.86 19.68 11.33 0.455 0x0000FF
-170.59 19.68 11.48 -168.4 19.68 11.41 0.455 0x0000FF
-172.42 19.5 11.64 -170.59 19.68 11.48 0.455 0x0000FF
-173.7 19.13 11.71 -172.42 19.5 11.64 0.455 0x0000FF
-176.25 18.57 11.79 -173.7 19.13 11.71 0.455 0x0000FF
-179.72 18.22 12.09 -176.25 18.57 11.79 0.455 0x0000FF
-182.64 17.67 12.24 -179.72 18.22 12.09 0.455 0x0000FF
-184.46 17.48 12.47 -182.64 17.67 12.24 0.455 0x0000FF
-187.2 17.13 12.62 -184.46 17.48 12.47 0.365 0x0000FF
-188.66 17.13 12.7 -187.2 17.13 12.62 0.365 0x0000FF
-190.12 16.94 12.7 -188.66 17.13 12.7 0.365 0x0000FF
-198.57 15.44 13.53 -190.12 16.94 12.7 0.365 0x0000FF
-203.31 15.99 13.68 -198.57 15.44 13.53 0.365 0x0000FF
-204.59 16.17 13.76 -203.31 15.99 13.68 0.365 0x0000FF
-205.68 16.72 13.91 -204.59 16.17 13.76 0.365 0x0000FF
-206.78 17.44 13.98 -205.68 16.72 13.91 0.365 0x0000FF
-208.42 18.54 14.06 -206.78 17.44 13.98 0.365 0x0000FF
-209.88 18.89 14.21 -208.42 18.54 14.06 0.365 0x0000FF
-213.53 19.45 14.21 -209.88 18.89 14.21 0.365 0x0000FF
-216.08 19.45 14.21 -213.53 19.45 14.21 0.365 0x0000FF
-219.37 19.45 14.29 -216.08 19.45 14.21 0.365 0x0000FF
-221.92 18.36 14.59 -219.37 19.45 14.29 0.365 0x0000FF
-222.65 17.63 14.67 -221.92 18.36 14.59 0.365 0x0000FF
-223.74 16.89 14.74 -222.65 17.63 14.67 0.365 0x0000FF
-224.66 16.17 14.89 -223.74 16.89 14.74 0.365 0x0000FF
-225.57 15.26 14.97 -224.66 16.17 14.89 0.365 0x0000FF
-227.21 14.35 15.04 -225.57 15.26 14.97 0.365 0x0000FF
-228.85 13.07 15.04 -227.21 14.35 15.04 0.365 0x0000FF
-230.86 11.98 15.04 -228.85 13.07 15.04 0.365 0x0000FF
-232.69 9.78 15.04 -230.86 11.98 15.04 0.275 0x0000FF
-140.55 13.25 8.98 -140.12 14.58 8.38 0.545 0x0000FF
-141.46 12.16 9.06 -140.55 13.25 8.98 0.545 0x0000FF
-142.19 11.25 9.28 -141.46 12.16 9.06 0.545 0x0000FF
-142.55 10.7 9.67 -142.19 11.25 9.28 0.545 0x0000FF
-145.29 8.88 10.27 -142.55 10.7 9.67 0.545 0x0000FF
-146.38 8.33 10.5 -145.29 8.88 10.27 0.545 0x0000FF
-148.38 6.69 11.26 -146.38 8.33 10.5 0.455 0x0000FF
-149.66 5.78 11.56 -148.38 6.69 11.26 0.455 0x0000FF
-152.59 2.69 12.54 -149.66 5.78 11.56 0.365 0x0000FF
-155.51 0.86 12.77 -152.59 2.69 12.54 0.365 0x0000FF
-157.51 -0.05 13.0 -155.51 0.86 12.77 0.365 0x0000FF
-160.25 -2.78 13.91 -157.51 -0.05 13.0 0.365 0x0000FF
-163.35 -3.87 13.98 -160.25 -2.78 13.91 0.365 0x0000FF
-165.91 -4.59 14.13 -163.35 -3.87 13.98 0.365 0x0000FF
-167.73 -4.97 14.13 -165.91 -4.59 14.13 0.365 0x0000FF
-77.97 40.77 1.86 -79.0 38.63 1.94 1.005 0x0000FF
-77.42 42.59 1.79 -77.97 40.77 1.86 1.005 0x0000FF
-76.69 45.32 1.64 -77.42 42.59 1.79 1.005 0x0000FF
-75.95 48.24 1.26 -76.69 45.32 1.64 1.095 0x0000FF
-76.14 52.24 1.26 -75.95 48.24 1.26 1.095 0x0000FF
-75.23 57.89 0.95 -76.14 52.24 1.26 1.095 0x0000FF
-74.5 63.72 0.88 -75.23 57.89 0.95 1.095 0x0000FF
-73.4 68.81 0.8 -74.5 63.72 0.88 1.095 0x0000FF
-72.67 71.56 0.73 -73.4 68.81 0.8 1.095 0x0000FF
-71.2 79.56 0.57 -72.67 71.56 0.73 1.095 0x0000FF
-68.48 83.95 0.57 -71.2 79.56 0.57 1.095 0x0000FF
-66.65 86.13 0.57 -68.48 83.95 0.57 1.095 0x0000FF
-67.93 86.68 0.57 -66.65 86.13 0.57 0.82 0x0000FF
-71.03 87.59 0.57 -67.93 86.68 0.57 0.82 0x0000FF
-75.59 89.23 0.88 -71.03 87.59 0.57 0.73 0x0000FF
-77.42 90.51 1.03 -75.59 89.23 0.88 0.73 0x0000FF
-79.23 91.6 1.11 -77.42 90.51 1.03 0.73 0x0000FF
-80.15 92.15 1.33 -79.23 91.6 1.11 0.73 0x0000FF
-80.88 92.88 1.48 -80.15 92.15 1.33 0.73 0x0000FF
-81.61 93.06 1.79 -80.88 92.88 1.48 0.73 0x0000FF
-82.71 93.6 1.94 -81.61 93.06 1.79 0.73 0x0000FF
-83.44 94.33 2.39 -82.71 93.6 1.94 0.73 0x0000FF
-84.9 95.06 2.62 -83.44 94.33 2.39 0.73 0x0000FF
-85.81 95.79 2.85 -84.9 95.06 2.62 0.73 0x0000FF
-88.18 96.7 3.15 -85.81 95.79 2.85 0.73 0x0000FF
-91.1 98.34 3.3 -88.18 96.7 3.15 0.73 0x0000FF
-91.83 98.71 3.53 -91.1 98.34 3.3 0.73 0x0000FF
-93.29 99.62 3.91 -91.83 98.71 3.53 0.73 0x0000FF
-94.02 99.8 4.67 -93.29 99.62 3.91 0.73 0x0000FF
-95.3 100.16 4.82 -94.02 99.8 4.67 0.73 0x0000FF
-96.03 100.53 5.8 -95.3 100.16 4.82 0.73 0x0000FF
-97.49 101.07 6.18 -96.03 100.53 5.8 0.73 0x0000FF
-99.31 101.62 6.41 -97.49 101.07 6.18 0.73 0x0000FF
-100.95 101.8 6.56 -99.31 101.62 6.41 0.73 0x0000FF
-102.78 102.17 6.79 -100.95 101.8 6.56 0.73 0x0000FF
-104.6 102.71 7.09 -102.78 102.17 6.79 0.73 0x0000FF
-105.88 103.26 7.47 -104.6 102.71 7.09 0.73 0x0000FF
-110.44 103.44 8.07 -105.88 103.26 7.47 0.545 0x0000FF
-111.54 103.99 8.38 -110.44 103.44 8.07 0.545 0x0000FF
-112.08 104.17 8.52 -111.54 103.99 8.38 0.545 0x0000FF
-113.18 104.54 8.61 -112.08 104.17 8.52 0.545 0x0000FF
-114.09 104.72 8.68 -113.18 104.54 8.61 0.545 0x0000FF
-114.64 104.9 8.91 -114.09 104.72 8.68 0.545 0x0000FF
-115.92 105.26 9.14 -114.64 104.9 8.91 0.545 0x0000FF
-118.65 105.45 9.21 -115.92 105.26 9.14 0.545 0x0000FF
-119.75 105.81 9.36 -118.65 105.45 9.21 0.545 0x0000FF
-124.86 106.9 9.97 -119.75 105.81 9.36 0.455 0x0000FF
-125.95 107.63 10.03 -124.86 106.9 9.97 0.455 0x0000FF
-126.86 108.91 10.5 -125.95 107.63 10.03 0.455 0x0000FF
-130.26 111.84 10.65 -126.86 108.91 10.5 0.455 0x0000FF
-132.63 113.84 10.8 -130.26 111.84 10.65 0.455 0x0000FF
-133.91 114.75 11.03 -132.63 113.84 10.8 0.455 0x0000FF
-135.01 116.03 11.79 -133.91 114.75 11.03 0.455 0x0000FF
-135.37 116.75 12.09 -135.01 116.03 11.79 0.455 0x0000FF
-135.91 117.85 11.64 -135.37 116.75 12.09 0.455 0x0000FF
-136.65 118.39 11.48 -135.91 117.85 11.64 0.455 0x0000FF
-137.74 119.31 10.65 -136.65 118.39 11.48 0.455 0x0000FF
-138.11 119.49 10.11 -137.74 119.31 10.65 0.455 0x0000FF
-138.29 119.49 9.67 -138.11 119.49 10.11 0.455 0x0000FF
-138.84 119.67 9.36 -138.29 119.49 9.67 0.455 0x0000FF
-138.84 119.85 8.91 -138.84 119.67 9.36 0.455 0x0000FF
-139.93 120.03 8.3 -138.84 119.85 8.91 0.455 0x0000FF
-140.85 120.22 7.92 -139.93 120.03 8.3 0.455 0x0000FF
-141.76 120.4 7.09 -140.85 120.22 7.92 0.455 0x0000FF
-142.3 120.4 6.79 -141.76 120.4 7.09 0.455 0x0000FF
-143.03 120.58 6.48 -142.3 120.4 6.79 0.455 0x0000FF
-143.76 121.13 6.11 -143.03 120.58 6.48 0.455 0x0000FF
-144.31 122.22 5.73 -143.76 121.13 6.11 0.455 0x0000FF
-144.49 123.13 5.35 -144.31 122.22 5.73 0.455 0x0000FF
-144.68 124.04 4.97 -144.49 123.13 5.35 0.455 0x0000FF
-145.41 125.5 4.67 -144.68 124.04 4.97 0.455 0x0000FF
-145.94 126.41 4.21 -145.41 125.5 4.67 0.455 0x0000FF
-146.32 126.96 3.76 -145.94 126.41 4.21 0.455 0x0000FF
-147.22 127.69 3.38 -146.32 126.96 3.76 0.455 0x0000FF
-148.13 128.05 2.7 -147.22 127.69 3.38 0.455 0x0000FF
-149.06 128.41 2.39 -148.13 128.05 2.7 0.455 0x0000FF
-149.6 128.78 1.94 -149.06 128.41 2.39 0.455 0x0000FF
-150.69 130.06 1.56 -149.6 128.78 1.94 0.455 0x0000FF
-151.43 130.6 1.33 -150.69 130.06 1.56 0.455 0x0000FF
-151.79 130.97 2.0 -151.43 130.6 1.33 0.455 0x0000FF
-152.69 131.69 1.48 -151.79 130.97 2.0 0.455 0x0000FF
-152.69 131.69 1.18 -152.69 131.69 1.48 0.455 0x0000FF
-152.88 131.88 0.95 -152.69 131.69 1.18 0.455 0x0000FF
-153.25 132.41 0.42 -152.88 131.88 0.95 0.455 0x0000FF
-153.97 133.15 -0.18 -153.25 132.41 0.42 0.455 0x0000FF
-154.71 133.33 -0.71 -153.97 133.15 -0.18 0.455 0x0000FF
-156.54 134.79 -1.24 -154.71 133.33 -0.71 0.455 0x0000FF
-157.63 135.52 -1.47 -156.54 134.79 -1.24 0.455 0x0000FF
-158.54 136.25 -1.62 -157.63 135.52 -1.47 0.455 0x0000FF
-159.46 137.53 -2.08 -158.54 136.25 -1.62 0.455 0x0000FF
-160.37 138.44 -2.52 -159.46 137.53 -2.08 0.455 0x0000FF
-160.72 138.8 -2.98 -160.37 138.44 -2.52 0.455 0x0000FF
-162.56 139.71 -3.29 -160.72 138.8 -2.98 0.455 0x0000FF
-163.65 139.71 -4.12 -162.56 139.71 -3.29 0.455 0x0000FF
-166.39 139.16 -4.58 -163.65 139.71 -4.12 0.365 0x0000FF
-167.48 139.35 -4.95 -166.39 139.16 -4.58 0.365 0x0000FF
-169.67 139.53 -5.18 -167.48 139.35 -4.95 0.275 0x0000FF
-171.68 139.71 -5.41 -169.67 139.53 -5.18 0.275 0x0000FF
-173.32 139.71 -5.56 -171.68 139.71 -5.41 0.275 0x0000FF
-168.4 140.26 -5.26 -167.48 139.35 -4.95 0.455 0x0000FF
-170.77 141.53 -5.64 -168.4 140.26 -5.26 0.455 0x0000FF
-172.96 141.72 -5.79 -170.77 141.53 -5.64 0.455 0x0000FF
-173.69 142.08 -6.32 -172.96 141.72 -5.79 0.455 0x0000FF
-175.69 142.26 -6.85 -173.69 142.08 -6.32 0.455 0x0000FF
-177.7 142.44 -7.61 -175.69 142.26 -6.85 0.455 0x0000FF
-178.98 142.63 -7.98 -177.7 142.44 -7.61 0.455 0x0000FF
-182.81 143.36 -8.28 -178.98 142.63 -7.98 0.455 0x0000FF
-185.0 143.72 -8.97 -182.81 143.36 -8.28 0.365 0x0000FF
-186.09 144.27 -9.73 -185.0 143.72 -8.97 0.365 0x0000FF
-186.64 144.81 -10.41 -186.09 144.27 -9.73 0.365 0x0000FF
-189.56 146.09 -10.56 -186.64 144.81 -10.41 0.365 0x0000FF
-190.29 146.44 -11.24 -189.56 146.09 -10.56 0.365 0x0000FF
-193.03 147.91 -11.77 -190.29 146.44 -11.24 0.365 0x0000FF
-194.3 148.82 -12.6 -193.03 147.91 -11.77 0.365 0x0000FF
-197.04 149.72 -14.2 -194.3 148.82 -12.6 0.365 0x0000FF
-201.24 152.28 -14.65 -197.04 149.72 -14.2 0.275 0x0000FF
-202.51 153.91 -14.95 -201.24 152.28 -14.65 0.275 0x0000FF
-202.88 155.75 -15.63 -202.51 153.91 -14.95 0.275 0x0000FF
-203.43 157.75 -16.32 -202.88 155.75 -15.63 0.275 0x0000FF
-202.88 160.85 -16.92 -203.43 157.75 -16.32 0.275 0x0000FF
-202.88 163.94 -17.0 -202.88 160.85 -16.92 0.275 0x0000FF
-201.97 166.5 -17.45 -202.88 163.94 -17.0 0.275 0x0000FF
-200.87 169.96 -17.76 -201.97 166.5 -17.45 0.275 0x0000FF
-199.96 172.51 -18.21 -200.87 169.96 -17.76 0.275 0x0000FF
-198.87 173.97 -18.51 -199.96 172.51 -18.21 0.275 0x0000FF
-65.48 87.06 0.5 -66.65 86.13 0.57 1.185 0x0000FF
-64.22 89.06 0.65 -65.48 87.06 0.5 1.185 0x0000FF
-62.76 91.43 0.5 -64.22 89.06 0.65 1.185 0x0000FF
-62.39 92.16 0.2 -62.76 91.43 0.5 1.185 0x0000FF
-62.03 93.07 -0.41 -62.39 92.16 0.2 1.185 0x0000FF
-61.66 93.62 -0.79 -62.03 93.07 -0.41 1.185 0x0000FF
-61.11 94.34 -1.24 -61.66 93.62 -0.79 1.185 0x0000FF
-59.29 95.07 -1.24 -61.11 94.34 -1.24 0.91 0x0000FF
-57.1 95.62 -0.79 -59.29 95.07 -1.24 0.82 0x0000FF
-56.19 95.8 -0.64 -57.1 95.62 -0.79 0.82 0x0000FF
-55.27 95.98 -0.56 -56.19 95.8 -0.64 0.82 0x0000FF
-54.36 95.98 -1.17 -55.27 95.98 -0.56 0.82 0x0000FF
-53.09 96.17 -1.39 -54.36 95.98 -1.17 0.82 0x0000FF
-51.99 96.35 -1.62 -53.09 96.17 -1.39 0.82 0x0000FF
-51.08 96.35 -1.92 -51.99 96.35 -1.62 0.82 0x0000FF
-49.98 96.35 -2.29 -51.08 96.35 -1.92 0.73 0x0000FF
-48.89 96.35 -2.52 -49.98 96.35 -2.29 0.73 0x0000FF
-47.98 95.98 -2.83 -48.89 96.35 -2.52 0.73 0x0000FF
-46.88 95.62 -3.36 -47.98 95.98 -2.83 0.73 0x0000FF
-45.6 95.25 -3.89 -46.88 95.62 -3.36 0.73 0x0000FF
-44.88 95.07 -4.34 -45.6 95.25 -3.89 0.73 0x0000FF
-43.78 95.07 -4.95 -44.88 95.07 -4.34 0.73 0x0000FF
-41.96 95.07 -5.56 -43.78 95.07 -4.95 0.73 0x0000FF
-39.4 95.62 -6.01 -41.96 95.07 -5.56 0.73 0x0000FF
-35.93 96.53 -6.85 -39.4 95.62 -6.01 0.73 0x0000FF
-33.56 97.99 -7.23 -35.93 96.53 -6.85 0.73 0x0000FF
-28.64 100.9 -7.68 -33.56 97.99 -7.23 0.64 0x0000FF
-27.72 102.0 -8.06 -28.64 100.9 -7.68 0.64 0x0000FF
-23.71 104.0 -8.36 -27.72 102.0 -8.06 0.64 0x0000FF
-22.25 104.55 -8.82 -23.71 104.0 -8.36 0.64 0x0000FF
-14.04 108.19 -9.35 -22.25 104.55 -8.82 0.64 0x0000FF
-11.67 109.28 -9.65 -14.04 108.19 -9.35 0.64 0x0000FF
-9.48 109.83 -9.73 -11.67 109.28 -9.65 0.64 0x0000FF
-8.02 110.01 -9.88 -9.48 109.83 -9.73 0.64 0x0000FF
-6.38 110.74 -10.18 -8.02 110.01 -9.88 0.64 0x0000FF
-5.09 111.65 -10.26 -6.38 110.74 -10.18 0.64 0x0000FF
-3.28 112.75 -10.48 -5.09 111.65 -10.26 0.64 0x0000FF
-2.18 114.2 -10.71 -3.28 112.75 -10.48 0.64 0x0000FF
-1.63 115.11 -10.79 -2.18 114.2 -10.71 0.64 0x0000FF
-1.27 115.66 -11.17 -1.63 115.11 -10.79 0.64 0x0000FF
-0.9 116.03 -11.54 -1.27 115.66 -11.17 0.64 0x0000FF
-0.54 116.57 -12.07 -0.9 116.03 -11.54 0.64 0x0000FF
0.01 117.12 -12.3 -0.54 116.57 -12.07 0.64 0x0000FF
0.74 117.48 -12.53 0.01 117.12 -12.3 0.64 0x0000FF
5.42 118.74 -12.83 0.74 117.48 -12.53 0.64 0x0000FF
6.69 119.65 -13.36 5.42 118.74 -12.83 0.64 0x0000FF
8.34 120.2 -13.06 6.69 119.65 -13.36 0.64 0x0000FF
9.25 120.74 -12.45 8.34 120.2 -13.06 0.64 0x0000FF
10.71 121.47 -13.82 9.25 120.74 -12.45 0.64 0x0000FF
11.07 121.47 -14.2 10.71 121.47 -13.82 0.64 0x0000FF
11.44 121.65 -14.88 11.07 121.47 -14.2 0.64 0x0000FF
12.35 122.2 -15.48 11.44 121.65 -14.88 0.64 0x0000FF
13.63 123.29 -16.47 12.35 122.2 -15.48 0.64 0x0000FF
15.09 124.93 -16.92 13.63 123.29 -16.47 0.64 0x0000FF
17.64 126.94 -17.91 15.09 124.93 -16.92 0.545 0x0000FF
18.92 128.76 -18.44 17.64 126.94 -17.91 0.545 0x0000FF
19.64 129.66 -19.5 18.92 128.76 -18.44 0.545 0x0000FF
20.01 130.58 -20.41 19.64 129.66 -19.5 0.545 0x0000FF
21.47 132.04 -21.01 20.01 130.58 -20.41 0.545 0x0000FF
23.66 134.04 -21.47 21.47 132.04 -21.01 0.545 0x0000FF
26.95 136.05 -22.15 23.66 134.04 -21.47 0.545 0x0000FF
30.6 137.5 -22.68 26.95 136.05 -22.15 0.545 0x0000FF
35.52 140.24 -23.59 30.6 137.5 -22.68 0.455 0x0000FF
37.89 142.61 -23.66 35.52 140.24 -23.59 0.365 0x0000FF
39.17 143.69 -23.74 37.89 142.61 -23.66 0.365 0x0000FF
-60.63 94.87 -0.86 -61.11 94.34 -1.24 1.095 0x0000FF
-60.63 96.15 -0.86 -60.63 94.87 -0.86 1.095 0x0000FF
-60.45 97.42 -0.56 -60.63 96.15 -0.86 1.095 0x0000FF
-60.45 98.51 -0.41 -60.45 97.42 -0.56 1.095 0x0000FF
-61.0 99.97 -0.11 -60.45 98.51 -0.41 1.095 0x0000FF
-61.36 101.25 -0.11 -61.0 99.97 -0.11 1.095 0x0000FF
-62.27 102.7 -0.03 -61.36 101.25 -0.11 1.095 0x0000FF
-62.64 104.34 0.2 -62.27 102.7 -0.03 1.095 0x0000FF
-62.82 105.8 0.42 -62.64 104.34 0.2 1.095 0x0000FF
-62.64 107.44 0.42 -62.82 105.8 0.42 1.095 0x0000FF
-62.45 109.63 0.5 -62.64 107.44 0.42 1.095 0x0000FF
-62.27 111.09 0.05 -62.45 109.63 0.5 1.095 0x0000FF
-61.91 112.73 -0.18 -62.27 111.09 0.05 1.095 0x0000FF
-61.18 115.46 -0.26 -61.91 112.73 -0.18 1.095 0x0000FF
-60.45 117.83 -0.48 -61.18 115.46 -0.26 1.095 0x0000FF
-60.08 120.01 -0.86 -60.45 117.83 -0.48 1.095 0x0000FF
-60.08 121.47 -1.09 -60.08 120.01 -0.86 1.095 0x0000FF
-59.9 123.11 -1.39 -60.08 121.47 -1.09 1.095 0x0000FF
-59.72 124.57 -1.85 -59.9 123.11 -1.39 1.095 0x0000FF
-59.72 126.03 -2.38 -59.72 124.57 -1.85 1.095 0x0000FF
-57.53 131.31 -3.51 -59.72 126.03 -2.38 1.095 0x0000FF
-56.43 134.41 -3.89 -57.53 131.31 -3.51 1.095 0x0000FF
-55.7 137.32 -4.26 -56.43 134.41 -3.89 1.095 0x0000FF
-55.34 140.6 -4.65 -55.7 137.32 -4.26 1.095 0x0000FF
-55.16 143.33 -5.18 -55.34 140.6 -4.65 1.095 0x0000FF
-53.33 150.62 -5.56 -55.16 143.33 -5.18 1.095 0x0000FF
-52.42 154.27 -6.09 -53.33 150.62 -5.56 1.095 0x0000FF
-51.87 156.44 -6.47 -52.42 154.27 -6.09 1.095 0x0000FF
-50.23 163.74 -6.85 -51.87 156.44 -6.47 1.095 0x0000FF
-49.68 166.47 -7.38 -50.23 163.74 -6.85 1.095 0x0000FF
-47.49 173.03 -7.68 -49.68 166.47 -7.38 1.095 0x0000FF
-44.39 181.78 -8.06 -47.49 173.03 -7.68 1.095 0x0000FF
-43.84 185.42 -8.14 -44.39 181.78 -8.06 1.095 0x0000FF
-44.57 190.52 -8.21 -43.84 185.42 -8.14 1.095 0x0000FF
-45.49 193.99 -8.28 -44.57 190.52 -8.21 1.095 0x0000FF
-45.67 197.99 -8.36 -45.49 193.99 -8.28 1.095 0x0000FF
-45.12 202.19 -8.51 -45.67 197.99 -8.36 1.005 0x0000FF
-44.03 205.65 -8.67 -45.12 202.19 -8.51 1.005 0x0000FF
-43.84 207.83 -8.67 -44.03 205.65 -8.67 1.005 0x0000FF
-43.48 209.47 -8.67 -43.84 207.83 -8.67 1.005 0x0000FF
-41.3 223.12 -9.73 -43.48 209.47 -8.67 1.005 0x0000FF
-41.12 228.04 -10.26 -41.3 223.12 -9.73 1.005 0x0000FF
-39.84 237.88 -10.86 -41.12 228.04 -10.26 1.005 0x0000FF
-38.93 244.44 -11.09 -39.84 237.88 -10.86 1.005 0x0000FF
-38.38 255.37 -11.7 -38.93 244.44 -11.09 1.005 0x0000FF
-40.57 262.66 -12.0 -38.38 255.37 -11.7 1.005 0x0000FF
-41.85 269.58 -13.29 -40.57 262.66 -12.0 1.005 0x0000FF
-42.4 272.31 -15.18 -41.85 269.58 -13.29 1.005 0x0000FF
-42.4 274.14 -13.74 -42.4 272.31 -15.18 1.005 0x0000FF
-42.4 276.32 -13.06 -42.4 274.14 -13.74 1.005 0x0000FF
-42.58 277.77 -11.85 -42.4 276.32 -13.06 1.005 0x0000FF
-42.58 278.33 -11.39 -42.58 277.77 -11.85 1.005 0x0000FF
-42.58 279.6 -10.94 -42.58 278.33 -11.39 1.005 0x0000FF
-42.58 280.88 -9.5 -42.58 279.6 -10.94 1.005 0x0000FF
-42.58 281.97 -8.67 -42.58 280.88 -9.5 1.005 0x0000FF
-42.03 286.52 -8.06 -42.58 281.97 -8.67 1.095 0x0000FF
-41.67 291.08 -7.91 -42.03 286.52 -8.06 1.095 0x0000FF
-40.94 294.36 -7.76 -41.67 291.08 -7.91 1.095 0x0000FF
-40.94 298.36 -7.68 -40.94 294.36 -7.76 1.095 0x0000FF
-40.94 300.37 -7.68 -40.94 298.36 -7.68 1.095 0x0000FF
-39.79 314.7 -7.08 -40.94 300.37 -7.68 1.46 0x0000FF
-39.61 319.26 -6.92 -39.79 314.7 -7.08 1.46 0x0000FF
-39.25 327.08 -6.7 -39.61 319.26 -6.92 1.55 0x0000FF
-38.89 330.37 -6.47 -39.25 327.08 -6.7 1.55 0x0000FF
-37.79 335.11 -5.94 -38.89 330.37 -6.47 1.55 0x0000FF
-37.43 341.49 -7.08 -37.79 335.11 -5.94 1.55 0x0000FF
-36.34 345.31 -7.61 -37.43 341.49 -7.08 1.55 0x0000FF
-34.51 352.42 -9.03 -36.34 345.31 -7.61 1.55 0x0000FF
-34.51 353.33 -10.11 -34.51 352.42 -9.03 1.55 0x0000FF
-34.15 354.42 -11.54 -34.51 353.33 -10.11 1.55 0x0000FF
-33.96 355.15 -14.12 -34.15 354.42 -11.54 1.55 0x0000FF
-32.14 358.43 -14.95 -33.96 355.15 -14.12 1.55 0x0000FF
-29.58 363.71 -15.86 -32.14 358.43 -14.95 1.46 0x0000FF
-29.58 366.81 -16.09 -29.58 363.71 -15.86 1.46 0x0000FF
-30.86 370.64 -16.62 -29.58 366.81 -16.09 1.46 0x0000FF
-31.96 372.46 -16.01 -30.86 370.64 -16.62 1.37 0x0000FF
-33.22 373.19 -14.65 -31.96 372.46 -16.01 1.275 0x0000FF
-34.15 374.65 -14.35 -33.22 373.19 -14.65 1.275 0x0000FF
-34.88 375.38 -13.74 -34.15 374.65 -14.35 1.275 0x0000FF
-35.61 377.2 -13.67 -34.88 375.38 -13.74 1.275 0x0000FF
-36.15 380.11 -13.51 -35.61 377.2 -13.67 1.275 0x0000FF
-37.06 383.76 -13.06 -36.15 380.11 -13.51 1.275 0x0000FF
-38.52 385.21 -13.06 -37.06 383.76 -13.06 1.095 0x0000FF
-45.82 387.22 -12.91 -38.52 385.21 -13.06 1.005 0x0000FF
-47.1 388.86 -12.45 -45.82 387.22 -12.91 1.005 0x0000FF
-47.28 390.86 -12.3 -47.1 388.86 -12.45 1.005 0x0000FF
-46.73 391.96 -12.3 -47.28 390.86 -12.3 1.005 0x0000FF
-48.72 393.61 -12.23 -46.73 391.96 -12.3 0.82 0x0000FF
-36.31 384.69 -13.14 -37.06 383.76 -13.06 1.185 0x0000FF
-34.85 386.69 -12.23 -36.31 384.69 -13.14 1.185 0x0000FF
-33.39 388.88 -12.07 -34.85 386.69 -12.23 1.005 0x0000FF
-32.84 391.06 -12.0 -33.39 388.88 -12.07 1.005 0x0000FF
-32.11 396.35 -11.92 -32.84 391.06 -12.0 1.005 0x0000FF
-30.47 401.27 -11.85 -32.11 396.35 -11.92 0.91 0x0000FF
-29.19 403.63 -11.77 -30.47 401.27 -11.85 0.91 0x0000FF
-26.46 410.01 -11.77 -29.19 403.63 -11.77 0.91 0x0000FF
-24.08 416.02 -11.77 -26.46 410.01 -11.77 0.82 0x0000FF
-21.35 425.86 -11.77 -24.08 416.02 -11.77 0.73 0x0000FF
-17.52 434.97 -11.47 -21.35 425.86 -11.77 0.64 0x0000FF
-17.32 436.61 -11.32 -17.52 434.97 -11.47 0.64 0x0000FF
-16.97 439.35 -11.01 -17.32 436.61 -11.32 0.545 0x0000FF
-16.6 441.17 -10.26 -16.97 439.35 -11.01 0.545 0x0000FF
-16.97 443.35 -9.88 -16.6 441.17 -10.26 0.545 0x0000FF
-17.14 447.0 -9.57 -16.97 443.35 -9.88 0.545 0x0000FF
-17.14 447.91 -9.35 -17.14 447.0 -9.57 0.455 0x0000FF
