132.28 -222.92 74.05 140.9 -223.47 73.48 2.19 0x0000FF
130.27 -222.56 74.05 132.28 -222.92 74.05 2.19 0x0000FF
128.26 -222.74 74.13 130.27 -222.56 74.05 1.915 0x0000FF
126.26 -222.74 74.2 128.26 -222.74 74.13 1.825 0x0000FF
125.34 -222.92 74.43 126.26 -222.74 74.2 1.46 0x0000FF
123.88 -221.83 74.81 125.34 -222.92 74.43 1.46 0x0000FF
122.61 -221.1 75.19 123.88 -221.83 74.81 1.46 0x0000FF
121.33 -220.74 75.42 122.61 -221.1 75.19 1.46 0x0000FF
121.15 -220.55 74.89 121.33 -220.74 75.42 1.46 0x0000FF
120.97 -219.1 74.36 121.15 -220.55 74.89 1.095 0x0000FF
120.24 -218.37 74.13 120.97 -219.1 74.36 1.005 0x0000FF
119.32 -217.46 73.83 120.24 -218.37 74.13 1.005 0x0000FF
119.14 -216.91 73.52 119.32 -217.46 73.83 0.91 0x0000FF
118.23 -216.36 72.92 119.14 -216.91 73.52 0.82 0x0000FF
118.05 -216.0 72.54 118.23 -216.36 72.92 0.82 0x0000FF
117.13 -215.27 72.31 118.05 -216.0 72.54 0.82 0x0000FF
116.22 -214.54 71.78 117.13 -215.27 72.31 0.82 0x0000FF
115.4 -213.17 72.54 116.22 -214.54 71.78 0.73 0x0000FF
113.75 -211.17 72.61 115.4 -213.17 72.54 0.73 0x0000FF
112.3 -209.9 73.06 113.75 -211.17 72.61 0.73 0x0000FF
111.38 -208.8 72.54 112.3 -209.9 73.06 0.73 0x0000FF
111.02 -207.34 72.08 111.38 -208.8 72.54 0.73 0x0000FF
110.84 -206.43 71.86 111.02 -207.34 72.08 0.73 0x0000FF
110.47 -204.98 71.55 110.84 -206.43 71.86 0.73 0x0000FF
110.11 -202.43 71.17 110.47 -204.98 71.55 0.73 0x0000FF
109.56 -200.42 70.72 110.11 -202.43 71.17 0.73 0x0000FF
108.83 -197.69 70.42 109.56 -200.42 70.72 0.73 0x0000FF
106.46 -192.22 70.19 108.83 -197.69 70.42 0.73 0x0000FF
105.73 -190.4 69.73 106.46 -192.22 70.19 0.73 0x0000FF
104.08 -187.85 69.51 105.73 -190.4 69.73 0.73 0x0000FF
101.71 -184.93 69.05 104.08 -187.85 69.51 0.73 0x0000FF
100.44 -183.29 68.52 101.71 -184.93 69.05 0.73 0x0000FF
99.34 -181.47 68.06 100.44 -183.29 68.52 0.73 0x0000FF
98.43 -179.29 67.69 99.34 -181.47 68.06 0.73 0x0000FF
97.33 -177.1 67.31 98.43 -179.29 67.69 0.73 0x0000FF
96.24 -175.1 66.93 97.33 -177.1 67.31 0.73 0x0000FF
95.14 -172.36 66.4 96.24 -175.1 66.93 0.73 0x0000FF
93.87 -169.81 65.95 95.14 -172.36 66.4 0.73 0x0000FF
92.59 -168.17 65.56 93.87 -169.81 65.95 0.73 0x0000FF
90.77 -164.53 65.04 92.59 -168.17 65.56 0.73 0x0000FF
90.4 -163.8 64.51 90.77 -164.53 65.04 0.73 0x0000FF
89.49 -162.52 63.98 90.4 -163.8 64.51 0.73 0x0000FF
88.76 -160.34 62.92 89.49 -162.52 63.98 0.73 0x0000FF
88.39 -159.43 62.69 88.76 -160.34 62.92 0.73 0x0000FF
88.03 -158.33 62.54 88.39 -159.43 62.69 0.73 0x0000FF
87.85 -156.88 61.78 88.03 -158.33 62.54 0.73 0x0000FF
88.03 -156.15 61.4 87.85 -156.88 61.78 0.73 0x0000FF
88.03 -155.05 60.87 88.03 -156.15 61.4 0.73 0x0000FF
88.03 -153.22 60.72 88.03 -155.05 60.87 0.73 0x0000FF
86.93 -150.32 60.27 88.03 -153.22 60.72 0.73 0x0000FF
84.38 -146.49 59.89 86.93 -150.32 60.27 0.73 0x0000FF
81.28 -142.66 59.51 84.38 -146.49 59.89 0.73 0x0000FF
78.72 -137.93 59.13 81.28 -142.66 59.51 0.73 0x0000FF
76.17 -130.09 58.6 78.72 -137.93 59.13 0.73 0x0000FF
74.53 -128.27 57.84 76.17 -130.09 58.6 0.73 0x0000FF
73.06 -126.81 57.39 74.53 -128.27 57.84 0.73 0x0000FF
72.16 -125.17 57.24 73.06 -126.81 57.39 0.73 0x0000FF
71.43 -124.08 56.86 72.16 -125.17 57.24 0.73 0x0000FF
70.7 -122.26 56.55 71.43 -124.08 56.86 0.73 0x0000FF
70.51 -120.62 56.18 70.7 -122.26 56.55 0.73 0x0000FF
67.68 -115.98 55.72 70.51 -120.62 56.18 0.64 0x0000FF
67.14 -115.43 55.12 67.68 -115.98 55.72 0.64 0x0000FF
66.95 -115.25 55.19 67.14 -115.43 55.12 0.64 0x0000FF
66.41 -114.7 56.1 66.95 -115.25 55.19 0.64 0x0000FF
65.86 -113.98 56.55 66.41 -114.7 56.1 0.64 0x0000FF
65.31 -112.52 57.24 65.86 -113.98 56.55 0.64 0x0000FF
65.31 -111.79 57.24 65.31 -112.52 57.24 0.545 0x0000FF
64.4 -110.88 57.99 65.31 -111.79 57.24 0.545 0x0000FF
64.04 -110.15 58.6 64.4 -110.88 57.99 0.545 0x0000FF
63.85 -109.42 59.05 64.04 -110.15 58.6 0.545 0x0000FF
63.67 -108.69 59.28 63.85 -109.42 59.05 0.545 0x0000FF
63.67 -108.15 59.89 63.67 -108.69 59.28 0.545 0x0000FF
63.49 -107.6 60.42 63.67 -108.15 59.89 0.545 0x0000FF
63.49 -106.51 61.25 63.49 -107.6 60.42 0.545 0x0000FF
63.12 -105.23 61.63 63.49 -106.51 61.25 0.545 0x0000FF
63.12 -104.5 62.01 63.12 -105.23 61.63 0.545 0x0000FF
62.76 -103.59 62.39 63.12 -104.5 62.01 0.545 0x0000FF
62.21 -102.32 62.61 62.76 -103.59 62.39 0.545 0x0000FF
61.48 -100.86 63.15 62.21 -102.32 62.61 0.545 0x0000FF
60.57 -99.76 63.83 61.48 -100.86 63.15 0.545 0x0000FF
59.29 -98.49 64.66 60.57 -99.76 63.83 0.545 0x0000FF
58.56 -97.4 64.66 59.29 -98.49 64.66 0.545 0x0000FF
57.65 -95.94 64.89 58.56 -97.4 64.66 0.545 0x0000FF
56.92 -94.48 65.56 57.65 -95.94 64.89 0.545 0x0000FF
56.56 -93.39 65.95 56.92 -94.48 65.56 0.545 0x0000FF
56.19 -91.93 66.48 56.56 -93.39 65.95 0.545 0x0000FF
55.83 -90.65 67.08 56.19 -91.93 66.48 0.545 0x0000FF
55.46 -89.74 67.69 55.83 -90.65 67.08 0.545 0x0000FF
55.1 -89.01 68.22 55.46 -89.74 67.69 0.545 0x0000FF
54.91 -88.1 68.98 55.1 -89.01 68.22 0.545 0x0000FF
54.73 -87.37 69.73 54.91 -88.1 68.98 0.545 0x0000FF
54.55 -86.65 70.11 54.73 -87.37 69.73 0.545 0x0000FF
54.37 -85.73 70.42 54.55 -86.65 70.11 0.545 0x0000FF
54.0 -84.28 70.95 54.37 -85.73 70.42 0.545 0x0000FF
53.64 -82.82 71.33 54.0 -84.28 70.95 0.545 0x0000FF
53.09 -81.18 71.78 53.64 -82.82 71.33 0.545 0x0000FF
52.36 -79.72 71.93 53.09 -81.18 71.78 0.545 0x0000FF
51.81 -78.08 72.23 52.36 -79.72 71.93 0.545 0x0000FF
48.89 -75.9 73.06 51.81 -78.08 72.23 0.455 0x0000FF
115.31 -214.72 71.86 116.22 -214.54 71.78 0.545 0x0000FF
114.76 -214.72 71.93 115.31 -214.72 71.86 0.545 0x0000FF
113.85 -214.72 72.16 114.76 -214.72 71.93 0.545 0x0000FF
112.57 -214.91 72.31 113.85 -214.72 72.16 0.545 0x0000FF
111.48 -214.72 72.69 112.57 -214.91 72.31 0.545 0x0000FF
109.47 -214.18 72.77 111.48 -214.72 72.69 0.545 0x0000FF
105.82 -212.9 72.92 109.47 -214.18 72.77 0.545 0x0000FF
104.73 -212.54 73.22 105.82 -212.9 72.92 0.545 0x0000FF
104.0 -212.36 73.37 104.73 -212.54 73.22 0.545 0x0000FF
102.54 -212.72 73.83 104.0 -212.36 73.37 0.545 0x0000FF
101.26 -212.36 73.75 102.54 -212.72 73.83 0.545 0x0000FF
99.8 -211.99 72.92 101.26 -212.36 73.75 0.545 0x0000FF
99.07 -211.99 71.33 99.8 -211.99 72.92 0.545 0x0000FF
98.34 -211.63 71.25 99.07 -211.99 71.33 0.545 0x0000FF
97.06 -211.63 70.8 98.34 -211.63 71.25 0.545 0x0000FF
95.6 -210.9 70.34 97.06 -211.63 70.8 0.545 0x0000FF
93.05 -210.17 69.89 95.6 -210.9 70.34 0.545 0x0000FF
92.14 -209.99 69.43 93.05 -210.17 69.89 0.545 0x0000FF
91.04 -209.08 69.05 92.14 -209.99 69.43 0.545 0x0000FF
90.31 -208.71 68.75 91.04 -209.08 69.05 0.545 0x0000FF
89.58 -207.8 67.69 90.31 -208.71 68.75 0.545 0x0000FF
88.85 -207.07 66.55 89.58 -207.8 67.69 0.545 0x0000FF
88.31 -206.34 65.27 88.85 -207.07 66.55 0.545 0x0000FF
87.94 -205.25 64.95 88.31 -206.34 65.27 0.545 0x0000FF
87.21 -204.52 64.66 87.94 -205.25 64.95 0.545 0x0000FF
86.66 -203.97 64.13 87.21 -204.52 64.66 0.545 0x0000FF
85.57 -203.25 63.83 86.66 -203.97 64.13 0.545 0x0000FF
84.66 -202.88 63.45 85.57 -203.25 63.83 0.545 0x0000FF
83.75 -202.33 62.16 84.66 -202.88 63.45 0.545 0x0000FF
75.9 -200.69 61.55 83.75 -202.33 62.16 0.545 0x0000FF
74.08 -199.78 61.18 75.9 -200.69 61.55 0.545 0x0000FF
73.53 -199.42 60.87 74.08 -199.78 61.18 0.545 0x0000FF
73.53 -199.24 58.83 73.53 -199.42 60.87 0.545 0x0000FF
72.43 -198.69 58.68 73.53 -199.24 58.83 0.545 0x0000FF
70.97 -197.78 57.54 72.43 -198.69 58.68 0.545 0x0000FF
69.88 -197.6 57.09 70.97 -197.78 57.54 0.545 0x0000FF
68.23 -197.42 56.48 69.88 -197.6 57.09 0.545 0x0000FF
67.23 -196.59 56.63 68.23 -197.42 56.48 0.64 0x0000FF
65.95 -196.05 57.24 67.23 -196.59 56.63 0.64 0x0000FF
64.86 -195.68 57.46 65.95 -196.05 57.24 0.64 0x0000FF
64.13 -195.5 57.62 64.86 -195.68 57.46 0.64 0x0000FF
63.22 -195.32 57.69 64.13 -195.5 57.62 0.64 0x0000FF
62.12 -194.77 57.84 63.22 -195.32 57.69 0.64 0x0000FF
61.39 -194.23 57.92 62.12 -194.77 57.84 0.64 0x0000FF
60.66 -193.32 58.07 61.39 -194.23 57.92 0.64 0x0000FF
60.48 -192.77 58.15 60.66 -193.32 58.07 0.64 0x0000FF
60.3 -192.59 58.52 60.48 -192.77 58.15 0.64 0x0000FF
59.75 -191.86 58.9 60.3 -192.59 58.52 0.64 0x0000FF
58.65 -191.49 59.21 59.75 -191.86 58.9 0.64 0x0000FF
57.92 -191.31 59.43 58.65 -191.49 59.21 0.64 0x0000FF
57.38 -191.31 59.51 57.92 -191.31 59.43 0.64 0x0000FF
56.28 -191.49 59.66 57.38 -191.31 59.51 0.64 0x0000FF
55.55 -191.68 59.74 56.28 -191.49 59.66 0.64 0x0000FF
54.09 -191.86 60.12 55.55 -191.68 59.74 0.64 0x0000FF
51.9 -191.86 60.34 54.09 -191.86 60.12 0.64 0x0000FF
50.63 -191.86 60.57 51.9 -191.86 60.34 0.64 0x0000FF
49.71 -191.68 60.65 50.63 -191.86 60.57 0.64 0x0000FF
48.25 -191.13 60.95 49.71 -191.68 60.65 0.64 0x0000FF
46.25 -190.04 60.95 48.25 -191.13 60.95 0.64 0x0000FF
44.42 -189.12 61.25 46.25 -190.04 60.95 0.64 0x0000FF
43.15 -188.21 61.33 44.42 -189.12 61.25 0.64 0x0000FF
42.23 -187.48 61.55 43.15 -188.21 61.33 0.64 0x0000FF
40.77 -186.76 61.86 42.23 -187.48 61.55 0.64 0x0000FF
40.22 -186.03 61.33 40.77 -186.76 61.86 0.64 0x0000FF
39.68 -185.66 60.95 40.22 -186.03 61.33 0.64 0x0000FF
39.13 -184.75 60.42 39.68 -185.66 60.95 0.64 0x0000FF
38.77 -184.02 60.12 39.13 -184.75 60.42 0.64 0x0000FF
38.58 -182.75 59.74 38.77 -184.02 60.12 0.64 0x0000FF
38.22 -181.65 59.36 38.58 -182.75 59.74 0.64 0x0000FF
37.49 -180.38 59.21 38.22 -181.65 59.36 0.64 0x0000FF
36.76 -179.29 58.9 37.49 -180.38 59.21 0.64 0x0000FF
36.03 -178.56 58.45 36.76 -179.29 58.9 0.64 0x0000FF
34.75 -177.65 58.15 36.03 -178.56 58.45 0.64 0x0000FF
32.56 -176.01 57.69 34.75 -177.65 58.15 0.64 0x0000FF
31.47 -175.46 57.24 32.56 -176.01 57.69 0.64 0x0000FF
30.37 -174.91 56.93 31.47 -175.46 57.24 0.64 0x0000FF
29.1 -174.0 56.63 30.37 -174.91 56.93 0.64 0x0000FF
27.82 -172.73 56.25 29.1 -174.0 56.63 0.64 0x0000FF
26.0 -170.9 56.02 27.82 -172.73 56.25 0.64 0x0000FF
24.72 -169.63 55.65 26.0 -170.9 56.02 0.64 0x0000FF
22.89 -167.81 55.34 24.72 -169.63 55.65 0.64 0x0000FF
22.16 -166.35 55.04 22.89 -167.81 55.34 0.64 0x0000FF
21.07 -164.16 54.81 22.16 -166.35 55.04 0.64 0x0000FF
20.16 -162.71 54.59 21.07 -164.16 54.81 0.64 0x0000FF
18.88 -159.79 53.83 20.16 -162.71 54.59 0.64 0x0000FF
16.87 -156.88 53.37 18.88 -159.79 53.83 0.64 0x0000FF
15.78 -155.6 53.3 16.87 -156.88 53.37 0.64 0x0000FF
13.95 -153.6 53.07 15.78 -155.6 53.3 0.64 0x0000FF
11.03 -152.32 52.69 13.95 -153.6 53.07 0.64 0x0000FF
6.47 -151.41 52.39 11.03 -152.32 52.69 0.64 0x0000FF
1.91 -151.04 52.16 6.47 -151.41 52.39 0.64 0x0000FF
-1.74 -151.04 52.01 1.91 -151.04 52.16 0.64 0x0000FF
-4.47 -151.22 51.78 -1.74 -151.04 52.01 0.64 0x0000FF
-9.4 -152.13 51.56 -4.47 -151.22 51.78 0.64 0x0000FF
-20.35 -152.32 51.1 -9.4 -152.13 51.56 0.64 0x0000FF
-22.54 -153.05 50.72 -20.35 -152.32 51.1 0.64 0x0000FF
-25.64 -154.13 50.42 -22.54 -153.05 50.72 0.64 0x0000FF
-30.57 -154.87 50.04 -25.64 -154.13 50.42 0.64 0x0000FF
-35.13 -155.05 49.66 -30.57 -154.87 50.04 0.64 0x0000FF
-41.51 -154.87 49.36 -35.13 -155.05 49.66 0.545 0x0000FF
-44.8 -154.69 49.13 -41.51 -154.87 49.36 0.545 0x0000FF
-47.53 -155.05 48.9 -44.8 -154.69 49.13 0.545 0x0000FF
-49.91 -155.6 48.6 -47.53 -155.05 48.9 0.455 0x0000FF
-51.37 -155.6 48.22 -49.91 -155.6 48.6 0.455 0x0000FF
-53.01 -155.6 47.92 -51.37 -155.6 48.22 0.455 0x0000FF
-54.1 -155.6 47.31 -53.01 -155.6 47.92 0.455 0x0000FF
-55.74 -155.05 47.69 -54.1 -155.6 47.31 0.455 0x0000FF
-56.47 -154.87 47.84 -55.74 -155.05 47.69 0.455 0x0000FF
-57.2 -154.87 48.22 -56.47 -154.87 47.84 0.455 0x0000FF
-57.93 -154.69 48.6 -57.2 -154.87 48.22 0.455 0x0000FF
-58.48 -154.51 48.07 -57.93 -154.69 48.6 0.455 0x0000FF
-59.03 -154.32 47.69 -58.48 -154.51 48.07 0.455 0x0000FF
-62.13 -154.87 47.09 -59.03 -154.32 47.69 0.455 0x0000FF
-62.86 -155.05 46.86 -62.13 -154.87 47.09 0.365 0x0000FF
-64.31 -154.87 46.25 -62.86 -155.05 46.86 0.365 0x0000FF
-65.59 -154.87 45.8 -64.31 -154.87 46.25 0.365 0x0000FF
-70.34 -156.33 45.42 -65.59 -154.87 45.8 0.365 0x0000FF
-74.54 -155.96 45.42 -70.34 -156.33 45.42 0.365 0x0000FF
-76.36 -155.24 44.59 -74.54 -155.96 45.42 0.275 0x0000FF
66.05 -198.33 55.95 68.23 -197.42 56.48 0.64 0x0000FF
63.86 -198.33 55.57 66.05 -198.33 55.95 0.64 0x0000FF
62.22 -198.14 55.27 63.86 -198.33 55.57 0.64 0x0000FF
59.48 -197.78 54.36 62.22 -198.14 55.27 0.64 0x0000FF
57.47 -197.78 54.21 59.48 -197.78 54.36 0.64 0x0000FF
55.28 -198.33 53.83 57.47 -197.78 54.21 0.64 0x0000FF
52.55 -198.69 53.6 55.28 -198.33 53.83 0.64 0x0000FF
50.36 -199.42 53.37 52.55 -198.69 53.6 0.64 0x0000FF
48.53 -200.15 52.99 50.36 -199.42 53.37 0.64 0x0000FF
46.71 -200.88 52.84 48.53 -200.15 52.99 0.64 0x0000FF
45.25 -201.61 52.62 46.71 -200.88 52.84 0.64 0x0000FF
44.52 -202.15 52.24 45.25 -201.61 52.62 0.64 0x0000FF
43.97 -202.7 51.86 44.52 -202.15 52.24 0.64 0x0000FF
43.61 -203.25 51.33 43.97 -202.7 51.86 0.64 0x0000FF
42.69 -204.7 50.87 43.61 -203.25 51.33 0.64 0x0000FF
41.42 -206.71 50.49 42.69 -204.7 50.87 0.64 0x0000FF
40.86 -207.62 49.81 41.42 -206.71 50.49 0.64 0x0000FF
39.4 -209.08 48.98 40.86 -207.62 49.81 0.64 0x0000FF
36.85 -210.35 48.45 39.4 -209.08 48.98 0.64 0x0000FF
36.31 -210.72 47.39 36.85 -210.35 48.45 0.64 0x0000FF
35.76 -210.72 46.56 36.31 -210.72 47.39 0.64 0x0000FF
33.75 -210.9 44.89 35.76 -210.72 46.56 0.64 0x0000FF
31.75 -211.26 43.6 33.75 -210.9 44.89 0.64 0x0000FF
29.56 -211.26 42.84 31.75 -211.26 43.6 0.545 0x0000FF
25.73 -211.44 42.24 29.56 -211.26 42.84 0.545 0x0000FF
22.99 -211.44 41.86 25.73 -211.44 42.24 0.545 0x0000FF
21.89 -211.81 41.78 22.99 -211.44 41.86 0.545 0x0000FF
19.7 -211.81 41.71 21.89 -211.81 41.78 0.545 0x0000FF
17.42 -212.63 41.03 19.7 -211.81 41.71 0.545 0x0000FF
15.05 -212.26 40.42 17.42 -212.63 41.03 0.545 0x0000FF
12.49 -211.54 40.27 15.05 -212.26 40.42 0.545 0x0000FF
9.39 -210.62 39.65 12.49 -211.54 40.27 0.545 0x0000FF
8.11 -210.08 39.13 9.39 -210.62 39.65 0.545 0x0000FF
6.65 -209.35 38.75 8.11 -210.08 39.13 0.545 0x0000FF
5.2 -208.62 38.15 6.65 -209.35 38.75 0.545 0x0000FF
2.64 -206.98 37.69 5.2 -208.62 38.15 0.545 0x0000FF
0.09 -205.16 37.01 2.64 -206.98 37.69 0.545 0x0000FF
-3.2 -202.24 36.56 0.09 -205.16 37.01 0.545 0x0000FF
-6.3 -197.87 36.18 -3.2 -202.24 36.56 0.545 0x0000FF
-8.67 -194.23 35.88 -6.3 -197.87 36.18 0.545 0x0000FF
-10.5 -191.49 35.65 -8.67 -194.23 35.88 0.545 0x0000FF
-13.96 -188.21 35.27 -10.5 -191.49 35.65 0.455 0x0000FF
-15.42 -186.94 34.97 -13.96 -188.21 35.27 0.455 0x0000FF
-16.7 -186.03 34.65 -15.42 -186.94 34.97 0.455 0x0000FF
-18.71 -184.57 34.28 -16.7 -186.03 34.65 0.365 0x0000FF
-19.44 -184.02 33.97 -18.71 -184.57 34.28 0.365 0x0000FF
-21.44 -183.11 33.9 -19.44 -184.02 33.97 0.365 0x0000FF
-24.0 -182.38 33.6 -21.44 -183.11 33.9 0.365 0x0000FF
-25.64 -181.84 33.29 -24.0 -182.38 33.6 0.365 0x0000FF
-27.65 -181.47 33.07 -25.64 -181.84 33.29 0.365 0x0000FF
-30.02 -181.11 33.07 -27.65 -181.47 33.07 0.365 0x0000FF
-31.84 -180.93 33.53 -30.02 -181.11 33.07 0.365 0x0000FF
-32.57 -180.74 33.97 -31.84 -180.93 33.53 0.365 0x0000FF
-33.29 -180.38 33.6 -32.57 -180.74 33.97 0.365 0x0000FF
-34.03 -180.01 33.07 -33.29 -180.38 33.6 0.365 0x0000FF
-36.04 -179.29 32.77 -34.03 -180.01 33.07 0.365 0x0000FF
119.69 -220.74 75.72 121.15 -220.55 74.89 0.73 0x0000FF
119.32 -220.19 75.95 119.69 -220.74 75.72 0.73 0x0000FF
118.96 -220.01 76.17 119.32 -220.19 75.95 0.64 0x0000FF
118.96 -220.01 76.93 118.96 -220.01 76.17 0.64 0x0000FF
118.23 -219.83 77.45 118.96 -220.01 76.93 0.64 0x0000FF
118.05 -219.83 78.45 118.23 -219.83 77.45 0.64 0x0000FF
117.86 -219.83 79.13 118.05 -219.83 78.45 0.64 0x0000FF
117.86 -220.01 79.36 117.86 -219.83 79.13 0.64 0x0000FF
117.5 -220.37 79.51 117.86 -220.01 79.36 0.64 0x0000FF
117.13 -220.37 79.89 117.5 -220.37 79.51 0.545 0x0000FF
116.95 -220.37 80.42 117.13 -220.37 79.89 0.545 0x0000FF
116.4 -220.37 80.56 116.95 -220.37 80.42 0.545 0x0000FF
115.86 -220.37 81.02 116.4 -220.37 80.56 0.545 0x0000FF
115.49 -220.19 81.78 115.86 -220.37 81.02 0.545 0x0000FF
114.94 -220.01 82.54 115.49 -220.19 81.78 0.545 0x0000FF
114.4 -220.01 82.76 114.94 -220.01 82.54 0.545 0x0000FF
114.21 -219.83 83.29 114.4 -220.01 82.76 0.545 0x0000FF
113.85 -219.64 84.05 114.21 -219.83 83.29 0.545 0x0000FF
113.67 -219.64 84.81 113.85 -219.64 84.05 0.545 0x0000FF
113.3 -218.73 85.19 113.67 -219.64 84.81 0.545 0x0000FF
113.12 -218.19 85.49 113.3 -218.73 85.19 0.545 0x0000FF
113.12 -217.09 86.78 113.12 -218.19 85.49 0.455 0x0000FF
112.94 -216.55 86.93 113.12 -217.09 86.78 0.455 0x0000FF
112.76 -216.0 87.61 112.94 -216.55 86.93 0.455 0x0000FF
112.76 -215.45 88.75 112.76 -216.0 87.61 0.455 0x0000FF
112.76 -214.91 88.9 112.76 -215.45 88.75 0.455 0x0000FF
112.94 -214.36 89.35 112.76 -214.91 88.9 0.455 0x0000FF
113.85 -212.72 91.63 112.94 -214.36 89.35 0.455 0x0000FF
114.4 -212.36 91.85 113.85 -212.72 91.63 0.455 0x0000FF
115.31 -211.44 92.69 114.4 -212.36 91.85 0.455 0x0000FF
115.67 -211.26 92.99 115.31 -211.44 92.69 0.455 0x0000FF
115.86 -211.08 93.82 115.67 -211.26 92.99 0.455 0x0000FF
116.4 -210.72 94.43 115.86 -211.08 93.82 0.455 0x0000FF
117.13 -210.17 94.66 116.4 -210.72 94.43 0.455 0x0000FF
117.5 -209.8 95.26 117.13 -210.17 94.66 0.455 0x0000FF
117.68 -208.89 95.72 117.5 -209.8 95.26 0.455 0x0000FF
117.68 -208.35 96.17 117.68 -208.89 95.72 0.455 0x0000FF
117.68 -207.8 97.54 117.68 -208.35 96.17 0.455 0x0000FF
117.5 -206.89 97.76 117.68 -207.8 97.54 0.455 0x0000FF
116.95 -206.16 98.14 117.5 -206.89 97.76 0.455 0x0000FF
114.94 -204.16 98.52 116.95 -206.16 98.14 0.365 0x0000FF
114.76 -203.61 99.05 114.94 -204.16 98.52 0.365 0x0000FF
114.21 -203.06 99.88 114.76 -203.61 99.05 0.365 0x0000FF
113.49 -202.7 100.34 114.21 -203.06 99.88 0.365 0x0000FF
112.39 -202.33 101.17 113.49 -202.7 100.34 0.365 0x0000FF
111.66 -201.79 102.0 112.39 -202.33 101.17 0.365 0x0000FF
111.11 -201.42 103.22 111.66 -201.79 102.0 0.365 0x0000FF
110.38 -200.88 103.82 111.11 -201.42 103.22 0.365 0x0000FF
109.65 -200.69 105.26 110.38 -200.88 103.82 0.365 0x0000FF
108.92 -200.51 106.25 109.65 -200.69 105.26 0.365 0x0000FF
108.19 -200.15 107.84 108.92 -200.51 106.25 0.365 0x0000FF
107.83 -199.97 108.97 108.19 -200.15 107.84 0.365 0x0000FF
107.46 -199.24 109.66 107.83 -199.97 108.97 0.365 0x0000FF
106.73 -197.78 110.03 107.46 -199.24 109.66 0.365 0x0000FF
105.82 -196.32 110.26 106.73 -197.78 110.03 0.365 0x0000FF
104.73 -195.59 110.64 105.82 -196.32 110.26 0.365 0x0000FF
103.63 -195.05 111.02 104.73 -195.59 110.64 0.365 0x0000FF
125.53 -224.02 74.2 126.26 -222.74 74.2 1.095 0x0000FF
125.34 -225.84 75.19 125.53 -224.02 74.2 0.91 0x0000FF
124.8 -227.48 75.42 125.34 -225.84 75.19 0.64 0x0000FF
124.8 -228.02 75.87 124.8 -227.48 75.42 0.64 0x0000FF
124.43 -228.57 76.25 124.8 -228.02 75.87 0.64 0x0000FF
124.25 -229.48 76.7 124.43 -228.57 76.25 0.64 0x0000FF
123.88 -230.39 77.08 124.25 -229.48 76.7 0.64 0x0000FF
123.7 -231.12 77.54 123.88 -230.39 77.08 0.64 0x0000FF
123.7 -231.67 77.98 123.7 -231.12 77.54 0.64 0x0000FF
123.7 -232.4 78.37 123.7 -231.67 77.98 0.64 0x0000FF
122.61 -234.04 78.9 123.7 -232.4 78.37 0.545 0x0000FF
122.43 -234.58 79.28 122.61 -234.04 78.9 0.545 0x0000FF
122.43 -235.13 79.58 122.43 -234.58 79.28 0.545 0x0000FF
122.24 -236.04 79.81 122.43 -235.13 79.58 0.545 0x0000FF
121.51 -236.77 80.19 122.24 -236.04 79.81 0.545 0x0000FF
120.97 -237.32 80.48 121.51 -236.77 80.19 0.545 0x0000FF
120.42 -237.68 80.79 120.97 -237.32 80.48 0.545 0x0000FF
119.32 -237.86 81.63 120.42 -237.68 80.79 0.545 0x0000FF
117.68 -238.05 81.86 119.32 -237.86 81.63 0.545 0x0000FF
116.4 -238.05 82.08 117.68 -238.05 81.86 0.545 0x0000FF
115.49 -238.05 82.61 116.4 -238.05 82.08 0.545 0x0000FF
113.3 -238.23 83.07 115.49 -238.05 82.61 0.455 0x0000FF
111.11 -238.96 84.43 113.3 -238.23 83.07 0.365 0x0000FF
111.11 -239.14 85.57 111.11 -238.96 84.43 0.365 0x0000FF
110.93 -239.32 86.25 111.11 -239.14 85.57 0.365 0x0000FF
110.2 -239.69 86.85 110.93 -239.32 86.25 0.365 0x0000FF
110.02 -240.05 87.39 110.2 -239.69 86.85 0.365 0x0000FF
109.84 -240.41 87.54 110.02 -240.05 87.39 0.365 0x0000FF
109.84 -240.6 89.13 109.84 -240.41 87.54 0.365 0x0000FF
109.84 -240.96 89.28 109.84 -240.6 89.13 0.365 0x0000FF
109.84 -241.33 90.26 109.84 -240.96 89.28 0.365 0x0000FF
109.65 -241.69 90.79 109.84 -241.33 90.26 0.365 0x0000FF
109.65 -242.24 91.25 109.65 -241.69 90.79 0.365 0x0000FF
109.47 -242.42 92.01 109.65 -242.24 91.25 0.365 0x0000FF
109.29 -242.78 92.46 109.47 -242.42 92.01 0.365 0x0000FF
108.74 -243.33 93.14 109.29 -242.78 92.46 0.365 0x0000FF
107.83 -243.69 94.51 108.74 -243.33 93.14 0.365 0x0000FF
107.46 -243.88 95.72 107.83 -243.69 94.51 0.365 0x0000FF
105.46 -244.24 96.1 107.46 -243.88 95.72 0.365 0x0000FF
104.0 -244.42 97.16 105.46 -244.24 96.1 0.365 0x0000FF
102.54 -244.24 98.22 104.0 -244.42 97.16 0.365 0x0000FF
101.99 -244.24 98.97 102.54 -244.24 98.22 0.365 0x0000FF
101.44 -243.88 100.94 101.99 -244.24 98.97 0.365 0x0000FF
100.17 -243.88 101.55 101.44 -243.88 100.94 0.365 0x0000FF
99.62 -243.88 102.31 100.17 -243.88 101.55 0.365 0x0000FF
98.71 -243.69 102.84 99.62 -243.88 102.31 0.365 0x0000FF
98.16 -243.51 103.07 98.71 -243.69 102.84 0.365 0x0000FF
96.33 -242.78 103.52 98.16 -243.51 103.07 0.365 0x0000FF
95.79 -242.6 104.35 96.33 -242.78 103.52 0.365 0x0000FF
94.69 -242.05 104.88 95.79 -242.6 104.35 0.365 0x0000FF
93.96 -241.87 105.34 94.69 -242.05 104.88 0.365 0x0000FF
93.23 -241.69 106.7 93.96 -241.87 105.34 0.365 0x0000FF
92.69 -241.69 107.46 93.23 -241.69 106.7 0.365 0x0000FF
91.96 -241.14 108.67 92.69 -241.69 107.46 0.365 0x0000FF
91.41 -240.96 109.96 91.96 -241.14 108.67 0.365 0x0000FF
89.58 -240.96 110.34 91.41 -240.96 109.96 0.275 0x0000FF
89.04 -241.14 111.63 89.58 -240.96 110.34 0.275 0x0000FF
136.37 -215.49 73.37 140.9 -223.47 73.48 1.095 0x0000FF
135.09 -213.66 73.37 136.37 -215.49 73.37 1.005 0x0000FF
134.36 -212.21 73.22 135.09 -213.66 73.37 0.91 0x0000FF
133.27 -210.57 73.06 134.36 -212.21 73.22 0.82 0x0000FF
132.9 -209.29 72.92 133.27 -210.57 73.06 0.82 0x0000FF
132.36 -208.02 72.69 132.9 -209.29 72.92 0.73 0x0000FF
131.99 -206.74 72.69 132.36 -208.02 72.69 0.73 0x0000FF
131.26 -204.92 72.54 131.99 -206.74 72.69 0.73 0x0000FF
130.9 -203.83 72.39 131.26 -204.92 72.54 0.73 0x0000FF
130.35 -202.73 72.01 130.9 -203.83 72.39 0.73 0x0000FF
130.16 -201.82 71.86 130.35 -202.73 72.01 0.73 0x0000FF
129.44 -200.0 71.48 130.16 -201.82 71.86 0.73 0x0000FF
128.88 -198.91 71.48 129.44 -200.0 71.48 0.73 0x0000FF
127.61 -194.72 71.33 128.88 -198.91 71.48 0.73 0x0000FF
126.7 -191.8 71.17 127.61 -194.72 71.33 0.64 0x0000FF
125.79 -189.61 71.09 126.7 -191.8 71.17 0.64 0x0000FF
125.06 -188.7 70.95 125.79 -189.61 71.09 0.64 0x0000FF
124.51 -187.25 70.72 125.06 -188.7 70.95 0.64 0x0000FF
124.15 -186.15 70.42 124.51 -187.25 70.72 0.64 0x0000FF
123.96 -185.42 70.11 124.15 -186.15 70.42 0.64 0x0000FF
123.6 -184.15 69.58 123.96 -185.42 70.11 0.64 0x0000FF
123.23 -182.87 69.43 123.6 -184.15 69.58 0.64 0x0000FF
123.05 -181.96 69.2 123.23 -182.87 69.43 0.64 0x0000FF
122.69 -180.69 68.83 123.05 -181.96 69.2 0.64 0x0000FF
122.5 -179.41 68.45 122.69 -180.69 68.83 0.64 0x0000FF
121.96 -177.77 67.69 122.5 -179.41 68.45 0.545 0x0000FF
121.59 -176.68 67.31 121.96 -177.77 67.69 0.545 0x0000FF
121.04 -175.77 67.16 121.59 -176.68 67.31 0.545 0x0000FF
120.68 -174.86 66.78 121.04 -175.77 67.16 0.545 0x0000FF
120.13 -173.4 66.48 120.68 -174.86 66.78 0.545 0x0000FF
120.13 -172.49 66.25 120.13 -173.4 66.48 0.545 0x0000FF
120.31 -171.58 65.95 120.13 -172.49 66.25 0.545 0x0000FF
120.68 -169.94 65.34 120.31 -171.58 65.95 0.545 0x0000FF
120.68 -168.84 64.89 120.68 -169.94 65.34 0.545 0x0000FF
120.68 -167.57 64.73 120.68 -168.84 64.89 0.545 0x0000FF
120.5 -166.11 64.36 120.68 -167.57 64.73 0.545 0x0000FF
120.31 -165.2 63.98 120.5 -166.11 64.36 0.545 0x0000FF
119.95 -164.11 63.75 120.31 -165.2 63.98 0.545 0x0000FF
119.4 -162.65 63.37 119.95 -164.11 63.75 0.545 0x0000FF
118.67 -161.19 62.99 119.4 -162.65 63.37 0.545 0x0000FF
117.58 -158.28 62.24 118.67 -161.19 62.99 0.545 0x0000FF
117.03 -156.27 61.86 117.58 -158.28 62.24 0.545 0x0000FF
115.94 -153.36 61.63 117.03 -156.27 61.86 0.545 0x0000FF
115.39 -152.08 61.33 115.94 -153.36 61.63 0.545 0x0000FF
114.29 -149.71 61.33 115.39 -152.08 61.33 0.545 0x0000FF
113.02 -146.43 61.02 114.29 -149.71 61.33 0.545 0x0000FF
112.29 -143.69 60.87 113.02 -146.43 61.02 0.545 0x0000FF
111.01 -140.6 60.72 112.29 -143.69 60.87 0.545 0x0000FF
111.01 -140.06 59.51 111.01 -140.6 60.72 0.545 0x0000FF
110.28 -137.69 58.37 111.01 -140.06 59.51 0.545 0x0000FF
109.0 -134.41 58.07 110.28 -137.69 58.37 0.545 0x0000FF
108.27 -132.77 57.69 109.0 -134.41 58.07 0.545 0x0000FF
107.73 -130.94 57.39 108.27 -132.77 57.69 0.545 0x0000FF
107.54 -130.04 56.93 107.73 -130.94 57.39 0.545 0x0000FF
106.17 -126.61 56.25 107.54 -130.04 56.93 0.545 0x0000FF
106.17 -125.15 56.02 106.17 -126.61 56.25 0.545 0x0000FF
105.98 -124.24 55.87 106.17 -125.15 56.02 0.545 0x0000FF
105.44 -122.96 55.49 105.98 -124.24 55.87 0.545 0x0000FF
105.07 -121.51 55.34 105.44 -122.96 55.49 0.545 0x0000FF
104.89 -120.78 55.12 105.07 -121.51 55.34 0.545 0x0000FF
104.53 -119.69 54.74 104.89 -120.78 55.12 0.545 0x0000FF
104.34 -119.14 54.51 104.53 -119.69 54.74 0.545 0x0000FF
103.98 -117.68 53.98 104.34 -119.14 54.51 0.545 0x0000FF
102.88 -115.49 53.75 103.98 -117.68 53.98 0.545 0x0000FF
102.34 -114.04 53.37 102.88 -115.49 53.75 0.545 0x0000FF
101.61 -112.58 53.22 102.34 -114.04 53.37 0.545 0x0000FF
100.69 -108.21 52.92 101.61 -112.58 53.22 0.545 0x0000FF
100.33 -106.57 52.62 100.69 -108.21 52.92 0.545 0x0000FF
100.33 -105.29 52.39 100.33 -106.57 52.62 0.545 0x0000FF
100.33 -104.38 52.01 100.33 -105.29 52.39 0.545 0x0000FF
100.69 -103.65 51.56 100.33 -104.38 52.01 0.545 0x0000FF
100.69 -102.92 51.1 100.69 -103.65 51.56 0.545 0x0000FF
100.88 -102.01 51.03 100.69 -102.92 51.1 0.545 0x0000FF
101.42 -101.1 51.71 100.88 -102.01 51.03 0.545 0x0000FF
101.79 -100.55 51.78 101.42 -101.1 51.71 0.545 0x0000FF
102.34 -100.01 51.86 101.79 -100.55 51.78 0.545 0x0000FF
103.61 -99.1 52.31 102.34 -100.01 51.86 0.545 0x0000FF
105.25 -98.37 52.46 103.61 -99.1 52.31 0.545 0x0000FF
106.17 -97.64 52.69 105.25 -98.37 52.46 0.545 0x0000FF
106.53 -96.91 52.69 106.17 -97.64 52.69 0.545 0x0000FF
107.44 -96.0 53.22 106.53 -96.91 52.69 0.545 0x0000FF
107.81 -95.45 53.68 107.44 -96.0 53.22 0.545 0x0000FF
108.54 -95.09 54.13 107.81 -95.45 53.68 0.545 0x0000FF
109.63 -94.54 54.59 108.54 -95.09 54.13 0.545 0x0000FF
110.0 -94.36 54.96 109.63 -94.54 54.59 0.545 0x0000FF
111.09 -94.0 55.34 110.0 -94.36 54.96 0.545 0x0000FF
111.82 -93.81 56.02 111.09 -94.0 55.34 0.545 0x0000FF
112.74 -93.45 56.4 111.82 -93.81 56.02 0.545 0x0000FF
113.1 -93.27 57.01 112.74 -93.45 56.4 0.545 0x0000FF
113.83 -92.9 58.22 113.1 -93.27 57.01 0.545 0x0000FF
114.2 -92.72 58.45 113.83 -92.9 58.22 0.545 0x0000FF
114.92 -92.17 59.05 114.2 -92.72 58.45 0.545 0x0000FF
115.65 -91.63 59.43 114.92 -92.17 59.05 0.545 0x0000FF
116.02 -91.44 60.04 115.65 -91.63 59.43 0.545 0x0000FF
116.57 -91.08 61.02 116.02 -91.44 60.04 0.545 0x0000FF
116.93 -90.9 62.01 116.57 -91.08 61.02 0.545 0x0000FF
116.93 -90.72 63.07 116.93 -90.9 62.01 0.545 0x0000FF
117.48 -89.8 65.48 116.93 -90.72 63.07 0.455 0x0000FF
117.84 -89.08 65.48 117.48 -89.8 65.48 0.455 0x0000FF
118.03 -87.8 65.56 117.84 -89.08 65.48 0.275 0x0000FF
118.21 -86.34 65.56 118.03 -87.8 65.56 0.275 0x0000FF
143.75 -219.17 67.23 140.9 -223.47 73.48 1.185 0x0000FF
145.03 -218.26 67.45 143.75 -219.17 67.23 1.185 0x0000FF
146.49 -216.07 67.84 145.03 -218.26 67.45 0.91 0x0000FF
147.4 -215.52 67.98 146.49 -216.07 67.84 0.91 0x0000FF
147.94 -215.16 67.77 147.4 -215.52 67.98 0.91 0x0000FF
149.59 -214.43 67.84 147.94 -215.16 67.77 0.91 0x0000FF
155.79 -209.87 67.98 149.59 -214.43 67.84 0.82 0x0000FF
156.71 -208.96 67.98 155.79 -209.87 67.98 0.82 0x0000FF
157.44 -207.51 68.22 156.71 -208.96 67.98 0.82 0x0000FF
157.97 -206.05 68.22 157.44 -207.51 68.22 0.82 0x0000FF
158.53 -204.04 68.3 157.97 -206.05 68.22 0.82 0x0000FF
158.9 -201.86 68.37 158.53 -204.04 68.3 0.82 0x0000FF
159.08 -198.76 68.45 158.9 -201.86 68.37 0.82 0x0000FF
159.08 -198.21 68.59 159.08 -198.76 68.45 0.82 0x0000FF
160.54 -189.1 68.67 159.08 -198.21 68.59 0.82 0x0000FF
160.72 -188.19 68.75 160.54 -189.1 68.67 0.82 0x0000FF
162.18 -184.91 68.9 160.72 -188.19 68.75 0.82 0x0000FF
163.27 -181.27 69.05 162.18 -184.91 68.9 0.82 0x0000FF
163.63 -179.45 69.2 163.27 -181.27 69.05 0.82 0x0000FF
164.19 -177.62 69.28 163.63 -179.45 69.2 0.82 0x0000FF
164.73 -176.71 69.43 164.19 -177.62 69.28 0.82 0x0000FF
165.65 -175.26 69.73 164.73 -176.71 69.43 0.82 0x0000FF
167.11 -172.52 69.95 165.65 -175.26 69.73 0.82 0x0000FF
167.84 -169.79 70.11 167.11 -172.52 69.95 0.82 0x0000FF
168.38 -168.33 70.42 167.84 -169.79 70.11 0.82 0x0000FF
168.93 -166.87 70.64 168.38 -168.33 70.42 0.82 0x0000FF
169.84 -165.24 70.8 168.93 -166.87 70.64 0.82 0x0000FF
171.12 -163.6 71.02 169.84 -165.24 70.8 0.82 0x0000FF
172.76 -161.96 71.09 171.12 -163.6 71.02 0.82 0x0000FF
176.23 -160.13 71.4 172.76 -161.96 71.09 0.82 0x0000FF
178.78 -159.59 71.55 176.23 -160.13 71.4 0.82 0x0000FF
181.34 -159.4 71.93 178.78 -159.59 71.55 0.82 0x0000FF
185.72 -159.94 72.08 181.34 -159.4 71.93 0.82 0x0000FF
188.45 -160.13 72.45 185.72 -159.94 72.08 0.82 0x0000FF
190.64 -160.68 72.61 188.45 -160.13 72.45 0.82 0x0000FF
192.28 -160.32 72.69 190.64 -160.68 72.61 0.82 0x0000FF
193.93 -159.59 72.92 192.28 -160.32 72.69 0.82 0x0000FF
196.48 -159.04 73.06 193.93 -159.59 72.92 0.82 0x0000FF
198.49 -159.59 73.37 196.48 -159.04 73.06 0.82 0x0000FF
204.87 -160.86 73.9 198.49 -159.59 73.37 0.82 0x0000FF
207.98 -161.59 74.13 204.87 -160.86 73.9 0.82 0x0000FF
209.8 -161.59 74.13 207.98 -161.59 74.13 0.82 0x0000FF
212.54 -161.77 74.43 209.8 -161.59 74.13 0.82 0x0000FF
214.18 -162.13 74.51 212.54 -161.77 74.43 0.82 0x0000FF
215.27 -162.32 74.66 214.18 -162.13 74.51 0.82 0x0000FF
216.92 -161.77 74.81 215.27 -162.32 74.66 0.82 0x0000FF
218.19 -161.04 74.73 216.92 -161.77 74.81 0.82 0x0000FF
220.2 -160.5 74.95 218.19 -161.04 74.73 0.82 0x0000FF
221.48 -159.22 75.04 220.2 -160.5 74.95 0.82 0x0000FF
223.12 -157.4 75.19 221.48 -159.22 75.04 0.82 0x0000FF
224.4 -156.66 75.27 223.12 -157.4 75.19 0.82 0x0000FF
226.4 -156.13 75.48 224.4 -156.66 75.27 0.82 0x0000FF
228.23 -156.13 75.72 226.4 -156.13 75.48 0.82 0x0000FF
231.69 -155.76 75.72 228.23 -156.13 75.72 0.73 0x0000FF
234.14 -155.74 76.33 231.69 -155.76 75.72 0.455 0x0000FF
234.87 -155.74 76.33 234.14 -155.74 76.33 0.455 0x0000FF
235.96 -156.46 76.33 234.87 -155.74 76.33 0.365 0x0000FF
236.87 -156.83 76.33 235.96 -156.46 76.33 0.365 0x0000FF
237.97 -157.37 76.4 236.87 -156.83 76.33 0.365 0x0000FF
238.88 -157.37 76.4 237.97 -157.37 76.4 0.365 0x0000FF
240.16 -157.74 76.4 238.88 -157.37 76.4 0.365 0x0000FF
241.07 -157.74 76.4 240.16 -157.74 76.4 0.365 0x0000FF
241.8 -157.37 76.63 241.07 -157.74 76.4 0.365 0x0000FF
243.26 -157.01 76.7 241.8 -157.37 76.63 0.275 0x0000FF
235.78 -152.27 76.33 234.87 -155.74 76.33 0.365 0x0000FF
236.14 -150.44 76.33 235.78 -152.27 76.33 0.365 0x0000FF
236.14 -148.63 76.33 236.14 -150.44 76.33 0.365 0x0000FF
236.51 -146.44 76.33 236.14 -148.63 76.33 0.365 0x0000FF
237.06 -145.16 76.33 236.51 -146.44 76.33 0.365 0x0000FF
237.79 -142.62 76.33 237.06 -145.16 76.33 0.275 0x0000FF
145.83 -222.24 79.73 140.9 -223.47 73.48 1.275 0x0000FF
146.56 -222.24 79.81 145.83 -222.24 79.73 1.275 0x0000FF
149.3 -221.33 79.95 146.56 -222.24 79.81 1.275 0x0000FF
152.22 -220.23 80.04 149.3 -221.33 79.95 1.095 0x0000FF
153.86 -219.5 80.34 152.22 -220.23 80.04 1.095 0x0000FF
155.13 -218.59 80.48 153.86 -219.5 80.34 1.095 0x0000FF
156.59 -217.5 80.56 155.13 -218.59 80.48 1.095 0x0000FF
158.41 -216.41 80.79 156.59 -217.5 80.56 1.095 0x0000FF
159.69 -215.13 80.79 158.41 -216.41 80.79 1.095 0x0000FF
159.88 -214.59 81.02 159.69 -215.13 80.79 1.095 0x0000FF
160.61 -213.86 81.17 159.88 -214.59 81.02 1.095 0x0000FF
161.34 -213.13 81.02 160.61 -213.86 81.17 1.095 0x0000FF
161.88 -212.22 80.79 161.34 -213.13 81.02 1.095 0x0000FF
162.25 -211.31 80.64 161.88 -212.22 80.79 1.095 0x0000FF
162.8 -209.85 80.48 162.25 -211.31 80.64 1.095 0x0000FF
162.8 -208.39 80.42 162.8 -209.85 80.48 1.095 0x0000FF
162.97 -207.3 80.26 162.8 -208.39 80.42 1.095 0x0000FF
163.89 -206.2 80.48 162.97 -207.3 80.26 0.73 0x0000FF
164.26 -205.48 79.89 163.89 -206.2 80.48 0.73 0x0000FF
164.62 -204.56 79.73 164.26 -205.48 79.89 0.73 0x0000FF
164.99 -203.65 79.2 164.62 -204.56 79.73 0.73 0x0000FF
165.35 -202.74 78.9 164.99 -203.65 79.2 0.73 0x0000FF
165.72 -201.28 78.45 165.35 -202.74 78.9 0.73 0x0000FF
166.26 -200.37 77.16 165.72 -201.28 78.45 0.73 0x0000FF
166.81 -200.01 76.55 166.26 -200.37 77.16 0.73 0x0000FF
167.54 -199.28 75.95 166.81 -200.01 76.55 0.73 0x0000FF
167.72 -198.73 75.42 167.54 -199.28 75.95 0.73 0x0000FF
168.27 -196.73 74.58 167.72 -198.73 75.42 0.545 0x0000FF
168.82 -194.36 74.36 168.27 -196.73 74.58 0.545 0x0000FF
169.18 -193.27 74.2 168.82 -194.36 74.36 0.545 0x0000FF
169.37 -191.26 73.98 169.18 -193.27 74.2 0.545 0x0000FF
169.37 -189.44 73.45 169.37 -191.26 73.98 0.455 0x0000FF
169.37 -188.53 73.06 169.37 -189.44 73.45 0.455 0x0000FF
169.37 -186.89 72.92 169.37 -188.53 73.06 0.455 0x0000FF
169.73 -185.07 72.69 169.37 -186.89 72.92 0.455 0x0000FF
170.1 -183.61 72.54 169.73 -185.07 72.69 0.455 0x0000FF
170.46 -182.7 72.54 170.1 -183.61 72.54 0.455 0x0000FF
170.46 -181.97 72.23 170.46 -182.7 72.54 0.455 0x0000FF
170.83 -181.24 72.23 170.46 -181.97 72.23 0.455 0x0000FF
170.64 -178.69 71.93 170.83 -181.24 72.23 0.455 0x0000FF
170.46 -176.87 71.86 170.64 -178.69 71.93 0.455 0x0000FF
170.28 -174.68 71.7 170.46 -176.87 71.86 0.455 0x0000FF
171.01 -173.23 71.55 170.28 -174.68 71.7 0.455 0x0000FF
171.56 -171.95 71.48 171.01 -173.23 71.55 0.455 0x0000FF
174.84 -166.67 71.17 171.56 -171.95 71.48 0.365 0x0000FF
175.75 -163.75 70.95 174.84 -166.67 71.17 0.365 0x0000FF
176.3 -162.66 70.87 175.75 -163.75 70.95 0.365 0x0000FF
177.94 -161.57 70.8 176.3 -162.66 70.87 0.365 0x0000FF
180.31 -158.29 70.64 177.94 -161.57 70.8 0.365 0x0000FF
163.35 -202.56 80.34 162.97 -207.3 80.26 0.91 0x0000FF
163.35 -199.28 80.64 163.35 -202.56 80.34 0.82 0x0000FF
163.53 -196.91 80.79 163.35 -199.28 80.64 0.82 0x0000FF
164.08 -194.18 81.02 163.53 -196.91 80.79 0.82 0x0000FF
164.08 -193.27 81.25 164.08 -194.18 81.02 0.82 0x0000FF
164.08 -192.36 81.4 164.08 -193.27 81.25 0.82 0x0000FF
164.08 -191.81 81.25 164.08 -192.36 81.4 0.82 0x0000FF
164.26 -190.9 80.64 164.08 -191.81 81.25 0.82 0x0000FF
164.26 -190.17 80.26 164.26 -190.9 80.64 0.82 0x0000FF
164.44 -189.62 79.81 164.26 -190.17 80.26 0.82 0x0000FF
164.44 -188.71 79.28 164.44 -189.62 79.81 0.82 0x0000FF
164.44 -187.07 78.9 164.44 -188.71 79.28 0.82 0x0000FF
164.44 -186.34 78.37 164.44 -187.07 78.9 0.82 0x0000FF
164.62 -185.25 77.45 164.44 -186.34 78.37 0.73 0x0000FF
164.99 -183.43 76.48 164.62 -185.25 77.45 0.73 0x0000FF
164.99 -182.88 76.09 164.99 -183.43 76.48 0.73 0x0000FF
164.99 -182.34 75.64 164.99 -182.88 76.09 0.73 0x0000FF
165.17 -181.24 75.19 164.99 -182.34 75.64 0.73 0x0000FF
165.35 -180.15 74.89 165.17 -181.24 75.19 0.73 0x0000FF
166.63 -177.6 74.36 165.35 -180.15 74.89 0.64 0x0000FF
167.72 -175.96 74.36 166.63 -177.6 74.36 0.64 0x0000FF
168.45 -175.23 74.2 167.72 -175.96 74.36 0.64 0x0000FF
169.0 -174.68 73.98 168.45 -175.23 74.2 0.64 0x0000FF
169.91 -174.14 73.59 169.0 -174.68 73.98 0.64 0x0000FF
170.64 -173.59 73.22 169.91 -174.14 73.59 0.64 0x0000FF
171.37 -172.86 72.61 170.64 -173.59 73.22 0.64 0x0000FF
171.74 -172.68 72.39 171.37 -172.86 72.61 0.64 0x0000FF
173.02 -172.13 71.78 171.74 -172.68 72.39 0.64 0x0000FF
174.84 -170.86 71.78 173.02 -172.13 71.78 0.545 0x0000FF
176.12 -169.76 71.63 174.84 -170.86 71.78 0.545 0x0000FF
177.03 -167.94 71.55 176.12 -169.76 71.63 0.365 0x0000FF
177.76 -165.39 71.4 177.03 -167.94 71.55 0.365 0x0000FF
142.05 -234.83 76.63 140.9 -223.47 73.48 2.555 0x0000FF
142.05 -236.11 76.7 142.05 -234.83 76.63 2.555 0x0000FF
143.69 -241.03 76.78 142.05 -236.11 76.7 2.005 0x0000FF
145.15 -244.67 77.61 143.69 -241.03 76.78 1.64 0x0000FF
145.69 -247.59 77.84 145.15 -244.67 77.61 1.46 0x0000FF
147.69 -248.68 77.54 145.69 -247.59 77.84 0.73 0x0000FF
148.07 -249.41 77.16 147.69 -248.68 77.54 0.73 0x0000FF
148.43 -249.59 76.86 148.07 -249.41 77.16 0.73 0x0000FF
149.34 -250.32 76.78 148.43 -249.59 76.86 0.64 0x0000FF
149.71 -250.68 76.25 149.34 -250.32 76.78 0.64 0x0000FF
150.26 -251.05 76.09 149.71 -250.68 76.25 0.64 0x0000FF
150.62 -251.05 75.48 150.26 -251.05 76.09 0.545 0x0000FF
150.99 -251.23 75.27 150.62 -251.05 75.48 0.545 0x0000FF
151.16 -251.23 73.9 150.99 -251.23 75.27 0.545 0x0000FF
151.9 -251.05 73.75 151.16 -251.23 73.9 0.545 0x0000FF
152.44 -251.05 73.06 151.9 -251.05 73.75 0.365 0x0000FF
152.99 -251.05 72.01 152.44 -251.05 73.06 0.365 0x0000FF
153.72 -251.05 70.87 152.99 -251.05 72.01 0.365 0x0000FF
154.44 -251.05 70.56 153.72 -251.05 70.87 0.365 0x0000FF
154.82 -251.05 69.66 154.44 -251.05 70.56 0.365 0x0000FF
155.18 -251.05 69.43 154.82 -251.05 69.66 0.365 0x0000FF
156.1 -250.87 68.9 155.18 -251.05 69.43 0.365 0x0000FF
156.28 -250.87 68.14 156.1 -250.87 68.9 0.365 0x0000FF
156.63 -250.68 67.84 156.28 -250.87 68.14 0.365 0x0000FF
157.01 -250.32 67.23 156.63 -250.68 67.84 0.365 0x0000FF
157.74 -250.32 65.95 157.01 -250.32 67.23 0.365 0x0000FF
158.47 -250.32 65.19 157.74 -250.32 65.95 0.365 0x0000FF
159.01 -250.32 64.81 158.47 -250.32 65.19 0.365 0x0000FF
159.38 -250.14 64.2 159.01 -250.32 64.81 0.365 0x0000FF
161.19 -249.77 61.25 159.38 -250.14 64.2 0.365 0x0000FF
161.93 -250.5 59.96 161.19 -249.77 61.25 0.365 0x0000FF
162.85 -250.87 59.81 161.93 -250.5 59.96 0.365 0x0000FF
163.03 -251.23 59.58 162.85 -250.87 59.81 0.365 0x0000FF
163.21 -251.41 58.52 163.03 -251.23 59.58 0.365 0x0000FF
163.76 -251.78 58.22 163.21 -251.41 58.52 0.365 0x0000FF
164.31 -252.32 57.84 163.76 -251.78 58.22 0.365 0x0000FF
164.85 -252.51 57.31 164.31 -252.32 57.84 0.365 0x0000FF
164.85 -252.69 56.4 164.85 -252.51 57.31 0.365 0x0000FF
165.4 -252.87 55.87 164.85 -252.69 56.4 0.365 0x0000FF
165.58 -253.05 54.81 165.4 -252.87 55.87 0.365 0x0000FF
166.13 -253.6 52.99 165.58 -253.05 54.81 0.365 0x0000FF
166.31 -254.15 52.01 166.13 -253.6 52.99 0.365 0x0000FF
166.5 -254.51 51.25 166.31 -254.15 52.01 0.365 0x0000FF
166.5 -255.24 50.72 166.5 -254.51 51.25 0.365 0x0000FF
166.5 -255.97 49.81 166.5 -255.24 50.72 0.365 0x0000FF
166.86 -256.7 49.51 166.5 -255.97 49.81 0.365 0x0000FF
167.04 -257.24 48.9 166.86 -256.7 49.51 0.365 0x0000FF
167.23 -257.79 48.6 167.04 -257.24 48.9 0.365 0x0000FF
167.41 -258.14 48.07 167.23 -257.79 48.6 0.365 0x0000FF
169.23 -259.61 46.48 167.41 -258.14 48.07 0.365 0x0000FF
169.41 -260.52 46.1 169.23 -259.61 46.48 0.365 0x0000FF
170.14 -261.8 44.89 169.41 -260.52 46.1 0.275 0x0000FF
146.43 -249.59 77.84 145.69 -247.59 77.84 1.275 0x0000FF
146.43 -249.96 78.14 146.43 -249.59 77.84 1.275 0x0000FF
146.43 -250.32 78.3 146.43 -249.96 78.14 1.275 0x0000FF
146.61 -250.5 78.75 146.43 -250.32 78.3 1.275 0x0000FF
146.79 -250.68 79.58 146.61 -250.5 78.75 1.275 0x0000FF
146.79 -250.87 80.34 146.79 -250.68 79.58 1.275 0x0000FF
146.97 -251.41 81.55 146.79 -250.87 80.34 1.275 0x0000FF
146.97 -251.78 82.01 146.97 -251.41 81.55 1.275 0x0000FF
147.16 -252.14 82.54 146.97 -251.78 82.01 1.275 0x0000FF
147.34 -254.15 83.14 147.16 -252.14 82.54 1.275 0x0000FF
147.52 -254.69 83.45 147.34 -254.15 83.14 1.275 0x0000FF
147.34 -256.51 83.9 147.52 -254.69 83.45 1.275 0x0000FF
147.52 -257.43 84.28 147.34 -256.51 83.9 1.275 0x0000FF
147.69 -257.79 84.58 147.52 -257.43 84.28 1.275 0x0000FF
149.16 -256.51 84.58 147.69 -257.79 84.58 0.91 0x0000FF
147.88 -259.25 84.58 149.16 -256.51 84.58 1.275 0x0000FF
148.43 -261.25 84.96 147.88 -259.25 84.58 1.275 0x0000FF
149.88 -265.81 85.34 148.43 -261.25 84.96 1.275 0x0000FF
151.53 -270.91 85.42 149.88 -265.81 85.34 1.275 0x0000FF
153.91 -276.56 85.87 151.53 -270.91 85.42 1.275 0x0000FF
158.47 -286.39 86.32 153.91 -276.56 85.87 1.275 0x0000FF
159.74 -291.31 86.48 158.47 -286.39 86.32 1.275 0x0000FF
159.74 -294.77 86.55 159.74 -291.31 86.48 1.185 0x0000FF
160.11 -295.87 88.22 159.74 -294.77 86.55 1.185 0x0000FF
160.46 -296.58 88.67 160.11 -295.87 88.22 1.005 0x0000FF
161.0 -297.32 88.98 160.46 -296.58 88.67 1.005 0x0000FF
161.0 -297.86 88.98 161.0 -297.32 88.98 1.005 0x0000FF
161.19 -298.58 88.37 161.0 -297.86 88.98 1.005 0x0000FF
161.37 -300.23 88.22 161.19 -298.58 88.37 1.005 0x0000FF
161.37 -300.95 87.92 161.37 -300.23 88.22 1.005 0x0000FF
161.37 -300.95 86.48 161.37 -300.95 87.92 1.005 0x0000FF
161.72 -301.87 87.76 161.37 -300.95 86.48 1.005 0x0000FF
161.91 -302.24 88.22 161.72 -301.87 87.76 1.005 0x0000FF
162.1 -302.97 88.9 161.91 -302.24 88.22 1.005 0x0000FF
162.28 -303.69 89.2 162.1 -302.97 88.9 1.005 0x0000FF
162.28 -304.42 89.28 162.28 -303.69 89.2 1.005 0x0000FF
162.46 -304.97 89.66 162.28 -304.42 89.28 1.005 0x0000FF
162.46 -305.33 90.19 162.46 -304.97 89.66 1.005 0x0000FF
162.65 -306.06 90.49 162.46 -305.33 90.19 1.005 0x0000FF
162.83 -308.25 90.57 162.65 -306.06 90.49 1.005 0x0000FF
163.01 -309.16 90.95 162.83 -308.25 90.57 1.005 0x0000FF
163.56 -310.62 91.1 163.01 -309.16 90.95 1.005 0x0000FF
163.74 -311.7 91.4 163.56 -310.62 91.1 1.005 0x0000FF
164.29 -313.52 91.7 163.74 -311.7 91.4 1.005 0x0000FF
164.47 -314.08 91.85 164.29 -313.52 91.7 1.005 0x0000FF
165.38 -316.45 92.08 164.47 -314.08 91.85 1.005 0x0000FF
167.02 -321.55 92.31 165.38 -316.45 92.08 0.91 0x0000FF
168.3 -328.29 93.45 167.02 -321.55 92.31 0.91 0x0000FF
168.85 -330.66 94.2 168.3 -328.29 93.45 0.73 0x0000FF
169.94 -334.67 94.88 168.85 -330.66 94.2 0.73 0x0000FF
171.77 -347.97 95.41 169.94 -334.67 94.88 0.73 0x0000FF
173.23 -357.26 95.87 171.77 -347.97 95.41 0.73 0x0000FF
177.06 -367.1 96.4 173.23 -357.26 95.87 0.73 0x0000FF
178.52 -372.2 97.08 177.06 -367.1 96.4 0.73 0x0000FF
180.16 -376.94 97.99 178.52 -372.2 97.08 0.73 0x0000FF
181.44 -380.76 98.82 180.16 -376.94 97.99 0.73 0x0000FF
181.26 -384.23 99.2 181.44 -380.76 98.82 0.73 0x0000FF
181.07 -387.87 99.73 181.26 -384.23 99.2 0.73 0x0000FF
180.37 -391.77 101.63 181.07 -387.87 99.73 0.64 0x0000FF
180.56 -393.77 101.93 180.37 -391.77 101.63 0.64 0x0000FF
180.37 -394.86 102.0 180.56 -393.77 101.93 0.64 0x0000FF
180.37 -396.32 102.23 180.37 -394.86 102.0 0.64 0x0000FF
180.37 -397.23 103.14 180.37 -396.32 102.23 0.64 0x0000FF
180.56 -401.24 103.52 180.37 -397.23 103.14 0.64 0x0000FF
181.1 -404.88 103.6 180.56 -401.24 103.52 0.64 0x0000FF
182.2 -410.71 104.13 181.1 -404.88 103.6 0.64 0x0000FF
182.38 -416.54 104.58 182.2 -410.71 104.13 0.64 0x0000FF
183.66 -421.28 104.88 182.38 -416.54 104.58 0.64 0x0000FF
185.12 -428.02 106.17 183.66 -421.28 104.88 0.64 0x0000FF
186.4 -433.49 107.53 185.12 -428.02 106.17 0.64 0x0000FF
187.31 -441.32 108.6 186.4 -433.49 107.53 0.64 0x0000FF
188.58 -449.7 109.28 187.31 -441.32 108.6 0.64 0x0000FF
189.86 -461.91 110.41 188.58 -449.7 109.28 0.64 0x0000FF
192.23 -471.2 110.94 189.86 -461.91 110.41 0.64 0x0000FF
193.51 -476.31 111.17 192.23 -471.2 110.94 0.64 0x0000FF
195.03 -487.38 112.91 193.51 -476.31 111.17 0.64 0x0000FF
195.58 -492.3 114.05 195.03 -487.38 112.91 0.64 0x0000FF
195.95 -497.95 115.11 195.58 -492.3 114.05 0.64 0x0000FF
196.49 -501.23 115.41 195.95 -497.95 115.11 0.545 0x0000FF
197.22 -503.78 116.47 196.49 -501.23 115.41 0.545 0x0000FF
197.95 -507.24 117.15 197.22 -503.78 116.47 0.545 0x0000FF
199.05 -512.52 117.61 197.95 -507.24 117.15 0.455 0x0000FF
199.78 -514.71 117.61 199.05 -512.52 117.61 0.365 0x0000FF
159.74 -297.51 87.23 160.11 -295.87 88.22 1.185 0x0000FF
159.19 -298.6 86.78 159.74 -297.51 87.23 1.095 0x0000FF
159.19 -299.14 86.25 159.19 -298.6 86.78 1.095 0x0000FF
158.65 -299.7 86.1 159.19 -299.14 86.25 1.095 0x0000FF
158.28 -300.42 85.79 158.65 -299.7 86.1 1.095 0x0000FF
157.74 -301.33 85.42 158.28 -300.42 85.79 1.095 0x0000FF
157.01 -302.79 85.11 157.74 -301.33 85.42 1.095 0x0000FF
156.63 -303.7 84.73 157.01 -302.79 85.11 1.095 0x0000FF
156.28 -304.43 84.13 156.63 -303.7 84.73 1.095 0x0000FF
156.28 -305.33 84.66 156.28 -304.43 84.13 0.91 0x0000FF
156.1 -306.07 84.96 156.28 -305.33 84.66 0.91 0x0000FF
156.28 -306.98 84.66 156.1 -306.07 84.96 0.91 0x0000FF
156.28 -307.7 84.28 156.28 -306.98 84.66 0.91 0x0000FF
156.28 -308.99 83.82 156.28 -307.7 84.28 0.91 0x0000FF
156.28 -309.35 83.29 156.28 -308.99 83.82 0.91 0x0000FF
156.1 -310.45 82.61 156.28 -309.35 83.29 0.91 0x0000FF
156.1 -311.89 82.08 156.1 -310.45 82.61 0.91 0x0000FF
156.1 -312.81 81.78 156.1 -311.89 82.08 0.91 0x0000FF
156.1 -313.73 81.48 156.1 -312.81 81.78 0.91 0x0000FF
156.28 -315.0 81.17 156.1 -313.73 81.48 0.91 0x0000FF
156.46 -315.91 80.56 156.28 -315.0 81.17 0.91 0x0000FF
156.63 -316.64 80.34 156.46 -315.91 80.56 0.91 0x0000FF
157.01 -317.55 80.04 156.63 -316.64 80.34 0.91 0x0000FF
157.37 -318.83 79.81 157.01 -317.55 80.04 0.91 0x0000FF
158.47 -320.64 79.51 157.37 -318.83 79.81 0.91 0x0000FF
159.56 -322.47 79.28 158.47 -320.64 79.51 0.91 0x0000FF
160.84 -325.2 78.52 159.56 -322.47 79.28 0.82 0x0000FF
161.19 -325.93 78.22 160.84 -325.2 78.52 0.82 0x0000FF
162.3 -326.83 77.92 161.19 -325.93 78.22 0.82 0x0000FF
163.76 -328.3 77.76 162.3 -326.83 77.92 0.82 0x0000FF
165.04 -330.12 77.54 163.76 -328.3 77.76 0.82 0x0000FF
165.77 -332.49 76.86 165.04 -330.12 77.54 0.73 0x0000FF
165.95 -333.22 76.55 165.77 -332.49 76.86 0.73 0x0000FF
167.77 -334.5 76.25 165.95 -333.22 76.55 0.73 0x0000FF
167.95 -335.04 76.09 167.77 -334.5 76.25 0.73 0x0000FF
168.14 -335.95 75.87 167.95 -335.04 76.09 0.73 0x0000FF
168.32 -336.5 75.42 168.14 -335.95 75.87 0.73 0x0000FF
169.05 -337.59 75.19 168.32 -336.5 75.42 0.73 0x0000FF
169.78 -338.87 74.95 169.05 -337.59 75.19 0.73 0x0000FF
170.69 -340.51 74.73 169.78 -338.87 74.95 0.73 0x0000FF
171.42 -341.97 74.43 170.69 -340.51 74.73 0.73 0x0000FF
171.97 -342.88 74.13 171.42 -341.97 74.43 0.73 0x0000FF
176.92 -350.15 73.9 171.97 -342.88 74.13 0.73 0x0000FF
177.83 -352.16 73.59 176.92 -350.15 73.9 0.73 0x0000FF
178.56 -353.61 73.37 177.83 -352.16 73.59 0.73 0x0000FF
179.47 -356.53 73.06 178.56 -353.61 73.37 0.73 0x0000FF
181.66 -361.63 72.61 179.47 -356.53 73.06 0.73 0x0000FF
183.12 -364.73 72.39 181.66 -361.63 72.61 0.73 0x0000FF
184.76 -368.19 72.08 183.12 -364.73 72.39 0.73 0x0000FF
186.22 -374.2 71.78 184.76 -368.19 72.08 0.73 0x0000FF
186.59 -384.77 71.4 186.22 -374.2 71.78 0.64 0x0000FF
186.41 -386.59 71.33 186.59 -384.77 71.4 0.64 0x0000FF
185.86 -388.96 71.25 186.41 -386.59 71.33 0.64 0x0000FF
184.76 -392.24 71.02 185.86 -388.96 71.25 0.64 0x0000FF
182.94 -394.06 70.72 184.76 -392.24 71.02 0.64 0x0000FF
181.84 -395.52 71.17 182.94 -394.06 70.72 0.64 0x0000FF
180.93 -397.52 71.33 181.84 -395.52 71.17 0.64 0x0000FF
180.02 -399.16 71.78 180.93 -397.52 71.33 0.64 0x0000FF
179.29 -400.44 72.08 180.02 -399.16 71.78 0.64 0x0000FF
178.56 -401.71 72.45 179.29 -400.44 72.08 0.64 0x0000FF
177.65 -402.81 72.61 178.56 -401.71 72.45 0.64 0x0000FF
176.01 -405.36 72.61 177.65 -402.81 72.61 0.64 0x0000FF
175.46 -406.82 72.77 176.01 -405.36 72.61 0.64 0x0000FF
174.91 -407.91 73.06 175.46 -406.82 72.77 0.64 0x0000FF
174.55 -409.37 73.3 174.91 -407.91 73.06 0.64 0x0000FF
173.82 -411.37 73.59 174.55 -409.37 73.3 0.64 0x0000FF
173.09 -414.47 73.83 173.82 -411.37 73.59 0.64 0x0000FF
172.72 -416.29 74.2 173.09 -414.47 73.83 0.64 0x0000FF
172.36 -417.93 74.51 172.72 -416.29 74.2 0.64 0x0000FF
171.81 -420.85 74.66 172.36 -417.93 74.51 0.64 0x0000FF
171.26 -422.85 74.89 171.81 -420.85 74.66 0.64 0x0000FF
171.08 -424.67 75.27 171.26 -422.85 74.89 0.64 0x0000FF
170.71 -426.49 75.48 171.08 -424.67 75.27 0.64 0x0000FF
170.71 -427.77 76.02 170.71 -426.49 75.48 0.64 0x0000FF
170.9 -428.32 76.09 170.71 -427.77 76.02 0.64 0x0000FF
171.08 -429.41 76.33 170.9 -428.32 76.09 0.64 0x0000FF
171.08 -430.14 76.63 171.08 -429.41 76.33 0.64 0x0000FF
171.08 -431.05 76.86 171.08 -430.14 76.63 0.64 0x0000FF
171.26 -431.78 77.16 171.08 -431.05 76.86 0.64 0x0000FF
172.59 -434.63 78.06 171.26 -431.78 77.16 0.545 0x0000FF
172.77 -435.35 78.14 172.59 -434.63 78.06 0.545 0x0000FF
172.77 -436.08 78.37 172.77 -435.35 78.14 0.545 0x0000FF
172.95 -436.81 78.52 172.77 -436.08 78.37 0.545 0x0000FF
172.95 -437.18 78.59 172.95 -436.81 78.52 0.545 0x0000FF
172.95 -437.72 78.75 172.95 -437.18 78.59 0.545 0x0000FF
172.95 -438.27 78.75 172.95 -437.72 78.75 0.545 0x0000FF
172.95 -439.0 79.28 172.95 -438.27 78.75 0.545 0x0000FF
172.95 -439.73 79.66 172.95 -439.0 79.28 0.545 0x0000FF
172.95 -440.27 80.19 172.95 -439.73 79.66 0.545 0x0000FF
172.95 -441.37 80.64 172.95 -440.27 80.19 0.545 0x0000FF
173.13 -442.1 80.72 172.95 -441.37 80.64 0.545 0x0000FF
173.13 -442.28 81.25 173.13 -442.1 80.72 0.545 0x0000FF
173.13 -443.55 81.48 173.13 -442.28 81.25 0.545 0x0000FF
173.32 -443.92 81.55 173.13 -443.55 81.48 0.545 0x0000FF
174.41 -445.38 82.31 173.32 -443.92 81.55 0.73 0x0000FF
174.59 -447.02 82.39 174.41 -445.38 82.31 0.64 0x0000FF
174.59 -447.38 82.46 174.59 -447.02 82.39 0.64 0x0000FF
174.59 -447.74 82.54 174.59 -447.38 82.46 0.64 0x0000FF
174.59 -448.47 83.07 174.59 -447.74 82.54 0.455 0x0000FF
174.59 -448.84 83.22 174.59 -448.47 83.07 0.455 0x0000FF
174.59 -449.38 83.52 174.59 -448.84 83.22 0.455 0x0000FF
174.41 -449.75 83.82 174.59 -449.38 83.52 0.455 0x0000FF
174.41 -450.84 83.98 174.41 -449.75 83.82 0.275 0x0000FF
174.41 -451.39 84.2 174.41 -450.84 83.98 0.275 0x0000FF
174.41 -452.3 84.43 174.41 -451.39 84.2 0.275 0x0000FF
172.77 -445.01 81.78 173.32 -443.92 81.55 0.455 0x0000FF
171.67 -445.74 82.31 172.77 -445.01 81.78 0.455 0x0000FF
170.58 -445.92 82.23 171.67 -445.74 82.31 0.455 0x0000FF
169.67 -445.92 82.76 170.58 -445.92 82.23 0.455 0x0000FF
168.94 -446.29 82.84 169.67 -445.92 82.76 0.455 0x0000FF
168.03 -446.47 82.92 168.94 -446.29 82.84 0.455 0x0000FF
167.3 -447.02 83.37 168.03 -446.47 82.92 0.455 0x0000FF
166.57 -447.56 83.6 167.3 -447.02 83.37 0.455 0x0000FF
166.02 -447.93 83.67 166.57 -447.56 83.6 0.455 0x0000FF
164.38 -448.47 84.05 166.02 -447.93 83.67 0.455 0x0000FF
164.19 -449.38 84.05 164.38 -448.47 84.05 0.455 0x0000FF
163.83 -449.93 84.13 164.19 -449.38 84.05 0.455 0x0000FF
163.46 -450.48 84.28 163.83 -449.93 84.13 0.455 0x0000FF
162.91 -450.84 84.36 163.46 -450.48 84.28 0.455 0x0000FF
162.37 -451.02 84.51 162.91 -450.84 84.36 0.455 0x0000FF
161.82 -451.21 84.96 162.37 -451.02 84.51 0.455 0x0000FF
160.36 -451.39 85.42 161.82 -451.21 84.96 0.455 0x0000FF
159.08 -451.57 85.57 160.36 -451.39 85.42 0.455 0x0000FF
158.35 -451.57 85.95 159.08 -451.57 85.57 0.455 0x0000FF
156.35 -451.39 86.48 158.35 -451.57 85.95 0.455 0x0000FF
153.97 -451.75 88.22 156.35 -451.39 86.48 0.455 0x0000FF
150.69 -452.12 89.88 153.97 -451.75 88.22 0.365 0x0000FF
150.33 -451.57 90.64 150.69 -452.12 89.88 0.365 0x0000FF
149.6 -450.66 91.48 150.33 -451.57 90.64 0.365 0x0000FF
148.32 -451.39 92.84 149.6 -450.66 91.48 0.365 0x0000FF
147.59 -451.75 92.91 148.32 -451.39 92.84 0.365 0x0000FF
147.04 -451.93 93.75 147.59 -451.75 92.91 0.365 0x0000FF
146.13 -452.12 94.05 147.04 -451.93 93.75 0.365 0x0000FF
145.04 -452.12 94.43 146.13 -452.12 94.05 0.365 0x0000FF
142.66 -451.93 95.04 145.04 -452.12 94.43 0.365 0x0000FF
141.38 -451.21 95.87 142.66 -451.93 95.04 0.365 0x0000FF
140.84 -450.66 99.13 141.38 -451.21 95.87 0.365 0x0000FF
140.47 -450.66 99.73 140.84 -450.66 99.13 0.365 0x0000FF
139.93 -450.66 99.96 140.47 -450.66 99.73 0.365 0x0000FF
139.01 -450.66 100.41 139.93 -450.66 99.96 0.365 0x0000FF
138.29 -451.02 100.72 139.01 -450.66 100.41 0.365 0x0000FF
137.74 -451.21 100.87 138.29 -451.02 100.72 0.365 0x0000FF
136.28 -451.75 101.32 137.74 -451.21 100.87 0.365 0x0000FF
134.82 -452.66 101.78 136.28 -451.75 101.32 0.365 0x0000FF
133.36 -453.76 102.16 134.82 -452.66 101.78 0.365 0x0000FF
132.08 -454.12 102.31 133.36 -453.76 102.16 0.365 0x0000FF
130.62 -454.67 102.69 132.08 -454.12 102.31 0.365 0x0000FF
129.16 -454.85 102.91 130.62 -454.67 102.69 0.365 0x0000FF
127.34 -455.03 103.67 129.16 -454.85 102.91 0.365 0x0000FF
126.06 -455.4 103.67 127.34 -455.03 103.67 0.365 0x0000FF
124.78 -455.76 104.05 126.06 -455.4 103.67 0.365 0x0000FF
123.87 -456.13 104.13 124.78 -455.76 104.05 0.365 0x0000FF
122.96 -456.31 104.28 123.87 -456.13 104.13 0.365 0x0000FF
122.23 -456.31 104.35 122.96 -456.31 104.28 0.365 0x0000FF
121.68 -456.31 104.81 122.23 -456.31 104.35 0.365 0x0000FF
120.59 -456.31 105.26 121.68 -456.31 104.81 0.365 0x0000FF
119.49 -456.49 106.02 120.59 -456.31 105.26 0.365 0x0000FF
118.76 -456.31 106.1 119.49 -456.49 106.02 0.365 0x0000FF
116.21 -455.58 106.4 118.76 -456.31 106.1 0.365 0x0000FF
114.38 -455.4 106.78 116.21 -455.58 106.4 0.365 0x0000FF
112.92 -455.03 107.53 114.38 -455.4 106.78 0.365 0x0000FF
111.1 -454.85 107.53 112.92 -455.03 107.53 0.365 0x0000FF
110.0 -454.67 107.84 111.1 -454.85 107.53 0.365 0x0000FF
108.73 -454.49 108.67 110.0 -454.67 107.84 0.365 0x0000FF
107.09 -454.49 108.75 108.73 -454.49 108.67 0.365 0x0000FF
105.26 -454.3 108.97 107.09 -454.49 108.75 0.365 0x0000FF
104.53 -454.3 109.28 105.26 -454.3 108.97 0.365 0x0000FF
103.44 -454.49 109.66 104.53 -454.3 109.28 0.365 0x0000FF
102.89 -454.85 110.11 103.44 -454.49 109.66 0.365 0x0000FF
102.34 -455.21 110.11 102.89 -454.85 110.11 0.365 0x0000FF
155.0 -305.33 84.05 156.28 -304.43 84.13 0.91 0x0000FF
152.08 -307.7 83.9 155.0 -305.33 84.05 0.91 0x0000FF
151.35 -308.26 83.37 152.08 -307.7 83.9 0.91 0x0000FF
150.99 -308.81 83.07 151.35 -308.26 83.37 0.91 0x0000FF
150.26 -309.17 82.84 150.99 -308.81 83.07 0.91 0x0000FF
149.53 -309.52 82.46 150.26 -309.17 82.84 0.91 0x0000FF
147.69 -310.45 82.16 149.53 -309.52 82.46 0.82 0x0000FF
147.16 -310.99 81.55 147.69 -310.45 82.16 0.64 0x0000FF
146.43 -311.72 81.09 147.16 -310.99 81.55 0.64 0x0000FF
145.69 -311.89 80.79 146.43 -311.72 81.09 0.64 0x0000FF
145.15 -312.08 80.42 145.69 -311.89 80.79 0.64 0x0000FF
144.6 -312.08 79.66 145.15 -312.08 80.42 0.64 0x0000FF
143.32 -312.45 78.3 144.6 -312.08 79.66 0.64 0x0000FF
143.13 -312.45 77.98 143.32 -312.45 78.3 0.545 0x0000FF
142.78 -312.45 77.39 143.13 -312.45 77.98 0.545 0x0000FF
141.86 -312.63 76.48 142.78 -312.45 77.39 0.545 0x0000FF
141.13 -312.63 76.02 141.86 -312.63 76.48 0.545 0x0000FF
140.4 -312.63 75.95 141.13 -312.63 76.02 0.545 0x0000FF
139.31 -313.0 74.95 140.4 -312.63 75.95 0.545 0x0000FF
138.21 -313.54 74.95 139.31 -313.0 74.95 0.545 0x0000FF
137.66 -313.91 74.95 138.21 -313.54 74.95 0.545 0x0000FF
136.76 -313.91 74.36 137.66 -313.91 74.95 0.545 0x0000FF
135.11 -314.27 73.52 136.76 -313.91 74.36 0.545 0x0000FF
134.19 -314.08 73.52 135.11 -314.27 73.52 0.545 0x0000FF
132.38 -313.91 73.14 134.19 -314.08 73.52 0.545 0x0000FF
130.0 -313.54 72.69 132.38 -313.91 73.14 0.545 0x0000FF
128.91 -313.54 72.69 130.0 -313.54 72.69 0.545 0x0000FF
127.82 -313.73 72.54 128.91 -313.54 72.69 0.545 0x0000FF
126.9 -313.73 72.01 127.82 -313.73 72.54 0.545 0x0000FF
125.63 -313.54 71.63 126.9 -313.73 72.01 0.545 0x0000FF
123.44 -313.36 71.25 125.63 -313.54 71.63 0.545 0x0000FF
122.52 -313.36 71.02 123.44 -313.36 71.25 0.545 0x0000FF
120.33 -313.91 70.95 122.52 -313.36 71.02 0.545 0x0000FF
119.06 -313.91 70.8 120.33 -313.91 70.95 0.545 0x0000FF
117.6 -313.91 70.48 119.06 -313.91 70.8 0.545 0x0000FF
115.96 -313.91 70.19 117.6 -313.91 70.48 0.545 0x0000FF
115.59 -313.91 70.04 115.96 -313.91 70.19 0.545 0x0000FF
115.04 -314.45 71.33 115.59 -313.91 70.04 0.545 0x0000FF
115.04 -315.18 71.55 115.04 -314.45 71.33 0.545 0x0000FF
114.86 -315.55 72.01 115.04 -315.18 71.55 0.545 0x0000FF
114.68 -315.91 71.63 114.86 -315.55 72.01 0.545 0x0000FF
114.13 -317.0 70.72 114.68 -315.91 71.63 0.545 0x0000FF
113.58 -317.55 70.27 114.13 -317.0 70.72 0.545 0x0000FF
113.22 -318.1 70.04 113.58 -317.55 70.27 0.545 0x0000FF
112.85 -318.64 69.36 113.22 -318.1 70.04 0.545 0x0000FF
112.12 -319.01 68.67 112.85 -318.64 69.36 0.545 0x0000FF
110.85 -319.37 67.84 112.12 -319.01 68.67 0.545 0x0000FF
109.93 -319.37 67.39 110.85 -319.37 67.84 0.545 0x0000FF
108.11 -319.92 66.55 109.93 -319.37 67.39 0.545 0x0000FF
107.02 -320.27 66.09 108.11 -319.92 66.55 0.545 0x0000FF
106.1 -320.83 65.72 107.02 -320.27 66.09 0.545 0x0000FF
105.74 -321.56 65.42 106.1 -320.83 65.72 0.545 0x0000FF
105.19 -322.47 65.27 105.74 -321.56 65.42 0.545 0x0000FF
104.46 -323.56 64.95 105.19 -322.47 65.27 0.545 0x0000FF
104.46 -324.48 64.95 104.46 -323.56 64.95 0.545 0x0000FF
104.28 -324.83 64.58 104.46 -324.48 64.95 0.545 0x0000FF
104.1 -325.2 64.2 104.28 -324.83 64.58 0.545 0x0000FF
104.1 -325.75 63.9 104.1 -325.2 64.2 0.545 0x0000FF
104.1 -326.3 63.07 104.1 -325.75 63.9 0.545 0x0000FF
104.1 -327.2 62.61 104.1 -326.3 63.07 0.545 0x0000FF
104.28 -327.94 61.93 104.1 -327.2 62.61 0.545 0x0000FF
104.64 -329.76 61.63 104.28 -327.94 61.93 0.545 0x0000FF
105.19 -331.58 61.25 104.64 -329.76 61.63 0.545 0x0000FF
106.1 -333.95 60.95 105.19 -331.58 61.25 0.545 0x0000FF
107.2 -335.59 60.49 106.1 -333.95 60.95 0.545 0x0000FF
110.3 -339.23 60.12 107.2 -335.59 60.49 0.545 0x0000FF
113.4 -340.87 59.81 110.3 -339.23 60.12 0.545 0x0000FF
117.78 -341.24 59.05 113.4 -340.87 59.81 0.455 0x0000FF
119.79 -341.24 59.05 117.78 -341.24 59.05 0.455 0x0000FF
123.62 -340.87 59.21 119.79 -341.24 59.05 0.365 0x0000FF
123.98 -340.87 59.58 123.62 -340.87 59.21 0.365 0x0000FF
124.53 -340.87 59.89 123.98 -340.87 59.58 0.365 0x0000FF
125.81 -341.24 60.27 124.53 -340.87 59.89 0.365 0x0000FF
126.17 -341.24 60.65 125.81 -341.24 60.27 0.365 0x0000FF
126.72 -341.24 60.87 126.17 -341.24 60.65 0.365 0x0000FF
127.27 -341.24 61.48 126.72 -341.24 60.87 0.365 0x0000FF
127.82 -341.24 61.71 127.27 -341.24 61.48 0.365 0x0000FF
129.27 -340.51 61.71 127.82 -341.24 61.71 0.275 0x0000FF
130.0 -340.14 61.93 129.27 -340.51 61.71 0.275 0x0000FF
130.55 -339.78 62.16 130.0 -340.14 61.93 0.275 0x0000FF
131.46 -338.69 62.46 130.55 -339.78 62.16 0.275 0x0000FF
132.19 -337.59 62.61 131.46 -338.69 62.46 0.275 0x0000FF
113.77 -313.54 69.51 115.59 -313.91 70.04 0.545 0x0000FF
113.4 -313.54 68.67 113.77 -313.54 69.51 0.545 0x0000FF
111.94 -313.18 67.92 113.4 -313.54 68.67 0.545 0x0000FF
109.93 -313.18 67.31 111.94 -313.18 67.92 0.545 0x0000FF
108.84 -313.18 67.01 109.93 -313.18 67.31 0.545 0x0000FF
108.29 -313.18 66.7 108.84 -313.18 67.01 0.545 0x0000FF
106.29 -313.18 65.72 108.29 -313.18 66.7 0.545 0x0000FF
105.92 -313.54 65.04 106.29 -313.18 65.72 0.545 0x0000FF
103.18 -314.08 64.66 105.92 -313.54 65.04 0.455 0x0000FF
100.63 -314.45 64.28 103.18 -314.08 64.66 0.455 0x0000FF
99.53 -314.82 64.2 100.63 -314.45 64.28 0.455 0x0000FF
98.44 -315.73 63.9 99.53 -314.82 64.2 0.455 0x0000FF
97.53 -316.64 63.6 98.44 -315.73 63.9 0.455 0x0000FF
96.43 -317.73 63.6 97.53 -316.64 63.6 0.455 0x0000FF
95.52 -318.45 63.15 96.43 -317.73 63.6 0.455 0x0000FF
94.79 -319.37 62.77 95.52 -318.45 63.15 0.455 0x0000FF
93.7 -320.83 62.54 94.79 -319.37 62.77 0.455 0x0000FF
91.87 -322.47 62.54 93.7 -320.83 62.54 0.455 0x0000FF
89.68 -323.75 62.39 91.87 -322.47 62.54 0.455 0x0000FF
88.22 -324.48 62.16 89.68 -323.75 62.39 0.455 0x0000FF
86.76 -325.2 62.16 88.22 -324.48 62.16 0.455 0x0000FF
85.85 -325.57 62.01 86.76 -325.2 62.16 0.455 0x0000FF
84.21 -325.93 61.86 85.85 -325.57 62.01 0.455 0x0000FF
79.47 -327.2 61.86 84.21 -325.93 61.86 0.365 0x0000FF
78.19 -327.2 61.71 79.47 -327.2 61.86 0.365 0x0000FF
77.28 -326.83 61.55 78.19 -327.2 61.71 0.365 0x0000FF
75.27 -325.75 61.18 77.28 -326.83 61.55 0.365 0x0000FF
73.98 -325.2 61.02 75.27 -325.75 61.18 0.365 0x0000FF
72.17 -323.75 60.8 73.98 -325.2 61.02 0.275 0x0000FF
71.8 -323.02 60.49 72.17 -323.75 60.8 0.275 0x0000FF
71.44 -322.29 60.19 71.8 -323.02 60.49 0.275 0x0000FF
70.89 -321.2 59.36 71.44 -322.29 60.19 0.275 0x0000FF
70.34 -319.56 58.83 70.89 -321.2 59.36 0.275 0x0000FF
69.61 -318.83 57.92 70.34 -319.56 58.83 0.275 0x0000FF
69.25 -318.27 57.99 69.61 -318.83 57.92 0.275 0x0000FF
68.52 -317.73 58.3 69.25 -318.27 57.99 0.275 0x0000FF
67.97 -317.0 57.62 68.52 -317.73 58.3 0.275 0x0000FF
66.69 -316.45 56.63 67.97 -317.0 57.62 0.275 0x0000FF
64.5 -315.91 56.63 66.69 -316.45 56.63 0.18 0x0000FF
63.59 -315.0 56.63 64.5 -315.91 56.63 0.18 0x0000FF
148.8 -255.79 85.87 149.16 -256.51 84.58 0.91 0x0000FF
149.88 -254.69 86.17 148.8 -255.79 85.87 0.91 0x0000FF
153.36 -253.24 86.55 149.88 -254.69 86.17 0.73 0x0000FF
155.55 -252.51 86.93 153.36 -253.24 86.55 0.64 0x0000FF
155.91 -252.14 87.23 155.55 -252.51 86.93 0.64 0x0000FF
157.74 -250.5 87.76 155.91 -252.14 87.23 0.545 0x0000FF
158.28 -248.13 88.07 157.74 -250.5 87.76 0.545 0x0000FF
158.28 -246.68 88.29 158.28 -248.13 88.07 0.545 0x0000FF
158.28 -245.4 88.75 158.28 -246.68 88.29 0.545 0x0000FF
158.47 -244.49 88.9 158.28 -245.4 88.75 0.545 0x0000FF
158.65 -243.21 89.05 158.47 -244.49 88.9 0.545 0x0000FF
159.01 -242.12 89.28 158.65 -243.21 89.05 0.545 0x0000FF
159.56 -241.76 89.51 159.01 -242.12 89.28 0.545 0x0000FF
159.93 -241.03 90.04 159.56 -241.76 89.51 0.545 0x0000FF
160.66 -240.66 90.11 159.93 -241.03 90.04 0.545 0x0000FF
161.19 -240.3 90.19 160.66 -240.66 90.11 0.545 0x0000FF
163.03 -239.39 90.26 161.19 -240.3 90.19 0.455 0x0000FF
