-44.22 20.63 -5.33 -37.06 25.3 -14.43 0.64 0x0000FF
-47.14 20.99 -5.33 -44.22 20.63 -5.33 0.64 0x0000FF
-50.42 21.72 -6.01 -47.14 20.99 -5.33 0.64 0x0000FF
-53.7 22.81 -6.54 -50.42 21.72 -6.01 0.64 0x0000FF
-57.35 22.99 -6.77 -53.7 22.81 -6.54 0.64 0x0000FF
-59.36 23.18 -6.54 -57.35 22.99 -6.77 0.64 0x0000FF
-62.46 23.54 -6.32 -59.36 23.18 -6.54 0.64 0x0000FF
-66.11 23.72 -5.71 -62.46 23.54 -6.32 0.64 0x0000FF
-67.39 24.09 -4.88 -66.11 23.72 -5.71 0.64 0x0000FF
-68.3 25.46 -4.8 -67.39 24.09 -4.88 0.545 0x0000FF
-69.03 26.37 -4.73 -68.3 25.46 -4.8 0.545 0x0000FF
-69.4 27.64 -4.34 -69.03 26.37 -4.73 0.545 0x0000FF
-69.58 28.56 -3.97 -69.4 27.64 -4.34 0.545 0x0000FF
-69.95 30.74 -3.82 -69.58 28.56 -3.97 0.545 0x0000FF
-70.31 33.84 -3.74 -69.95 30.74 -3.82 0.545 0x0000FF
-70.13 36.21 -3.29 -70.31 33.84 -3.74 0.545 0x0000FF
-70.31 38.76 -3.06 -70.13 36.21 -3.29 0.545 0x0000FF
-70.68 40.76 -2.76 -70.31 38.76 -3.06 0.545 0x0000FF
-71.77 44.04 -2.08 -70.68 40.76 -2.76 0.545 0x0000FF
-73.05 47.32 -1.62 -71.77 44.04 -2.08 0.545 0x0000FF
-73.59 50.6 -1.02 -73.05 47.32 -1.62 0.545 0x0000FF
-73.95 53.15 -0.48 -73.59 50.6 -1.02 0.545 0x0000FF
-74.51 58.8 0.12 -73.95 53.15 -0.48 0.545 0x0000FF
-74.51 61.35 0.73 -74.51 58.8 0.12 0.545 0x0000FF
-76.88 66.64 1.48 -74.51 61.35 0.73 0.545 0x0000FF
-78.52 70.83 2.09 -76.88 66.64 1.48 0.545 0x0000FF
-79.8 75.75 2.62 -78.52 70.83 2.09 0.455 0x0000FF
-80.7 78.66 2.77 -79.8 75.75 2.62 0.455 0x0000FF
-81.62 83.22 3.53 -80.7 78.66 2.77 0.455 0x0000FF
-81.99 86.5 3.98 -81.62 83.22 3.53 0.455 0x0000FF
-81.8 93.05 5.12 -81.99 86.5 3.98 0.455 0x0000FF
-81.8 97.97 5.88 -81.8 93.05 5.12 0.455 0x0000FF
-81.26 101.25 6.48 -81.8 97.97 5.88 0.455 0x0000FF
-80.89 104.35 7.62 -81.26 101.25 6.48 0.455 0x0000FF
-80.89 106.72 7.92 -80.89 104.35 7.62 0.455 0x0000FF
-80.89 108.91 8.68 -80.89 106.72 7.92 0.455 0x0000FF
-80.89 110.55 9.51 -80.89 108.91 8.68 0.455 0x0000FF
-80.89 112.73 11.26 -80.89 110.55 9.51 0.455 0x0000FF
-81.08 117.1 11.86 -80.89 112.73 11.26 0.365 0x0000FF
-81.44 118.38 12.17 -81.08 117.1 11.86 0.365 0x0000FF
-81.8 119.29 12.7 -81.44 118.38 12.17 0.365 0x0000FF
-82.29 121.59 13.45 -81.8 119.29 12.7 0.365 0x0000FF
-82.66 122.68 15.5 -82.29 121.59 13.45 0.365 0x0000FF
-83.02 124.69 17.32 -82.66 122.68 15.5 0.365 0x0000FF
-83.39 126.15 18.0 -83.02 124.69 17.32 0.365 0x0000FF
-84.66 128.88 18.23 -83.39 126.15 18.0 0.365 0x0000FF
-85.76 130.34 18.76 -84.66 128.88 18.23 0.365 0x0000FF
-88.49 132.34 18.98 -85.76 130.34 18.76 0.365 0x0000FF
-90.32 133.97 19.59 -88.49 132.34 18.98 0.365 0x0000FF
-92.69 137.08 20.04 -90.32 133.97 19.59 0.365 0x0000FF
-94.52 139.26 20.8 -92.69 137.08 20.04 0.365 0x0000FF
-96.16 142.36 21.33 -94.52 139.26 20.8 0.365 0x0000FF
-98.71 147.83 22.39 -96.16 142.36 21.33 0.365 0x0000FF
-101.63 151.84 23.6 -98.71 147.83 22.39 0.365 0x0000FF
-104.19 153.66 24.51 -101.63 151.84 23.6 0.365 0x0000FF
-107.65 157.47 25.04 -104.19 153.66 24.51 0.365 0x0000FF
-111.85 160.76 25.88 -107.65 157.47 25.04 0.365 0x0000FF
-113.67 162.94 26.56 -111.85 160.76 25.88 0.365 0x0000FF
-115.86 165.68 27.47 -113.67 162.94 26.56 0.365 0x0000FF
-117.87 168.05 28.22 -115.86 165.68 27.47 0.365 0x0000FF
-120.06 169.87 29.13 -117.87 168.05 28.22 0.365 0x0000FF
-120.97 170.6 29.66 -120.06 169.87 29.13 0.365 0x0000FF
-122.8 171.15 30.42 -120.97 170.6 29.66 0.365 0x0000FF
-123.71 171.7 31.18 -122.8 171.15 30.42 0.365 0x0000FF
-124.62 172.06 32.09 -123.71 171.7 31.18 0.365 0x0000FF
-125.35 172.42 33.68 -124.62 172.06 32.09 0.365 0x0000FF
-126.08 172.61 35.04 -125.35 172.42 33.68 0.365 0x0000FF
-127.17 172.79 36.33 -126.08 172.61 35.04 0.365 0x0000FF
-128.09 173.15 37.31 -127.17 172.79 36.33 0.365 0x0000FF
-128.82 173.15 37.84 -128.09 173.15 37.31 0.365 0x0000FF
-129.72 173.15 38.6 -128.82 173.15 37.84 0.365 0x0000FF
-130.82 173.15 39.59 -129.72 173.15 38.6 0.365 0x0000FF
-131.55 172.79 42.69 -130.82 173.15 39.59 0.365 0x0000FF
-133.38 172.97 43.45 -131.55 172.79 42.69 0.275 0x0000FF
-134.47 172.79 44.21 -133.38 172.97 43.45 0.275 0x0000FF
-135.19 172.79 45.57 -134.47 172.79 44.21 0.275 0x0000FF
-135.19 172.79 46.56 -135.19 172.79 45.57 0.275 0x0000FF
-137.57 173.7 47.24 -135.19 172.79 46.56 0.275 0x0000FF
-138.66 174.43 48.3 -137.57 173.7 47.24 0.275 0x0000FF
-140.49 175.16 51.93 -138.66 174.43 48.3 0.275 0x0000FF
-75.95 22.45 -4.58 -67.39 24.09 -4.88 0.545 0x0000FF
-80.34 21.72 -4.58 -75.95 22.45 -4.58 0.545 0x0000FF
-87.09 20.07 -3.82 -80.34 21.72 -4.58 0.365 0x0000FF
-96.95 20.07 -3.67 -87.09 20.07 -3.82 0.365 0x0000FF
-104.79 21.17 -3.36 -96.95 20.07 -3.67 0.365 0x0000FF
-111.18 22.63 -3.14 -104.79 21.17 -3.36 0.365 0x0000FF
-114.83 22.99 -2.61 -111.18 22.63 -3.14 0.365 0x0000FF
-119.75 22.27 -2.0 -114.83 22.99 -2.61 0.365 0x0000FF
-124.68 19.89 -1.85 -119.75 22.27 -2.0 0.365 0x0000FF
-129.79 15.34 -1.55 -124.68 19.89 -1.85 0.365 0x0000FF
-135.26 6.78 -1.32 -129.79 15.34 -1.55 0.365 0x0000FF
-138.0 3.5 -0.79 -135.26 6.78 -1.32 0.365 0x0000FF
-141.28 1.12 -0.48 -138.0 3.5 -0.79 0.365 0x0000FF
-146.21 -1.24 -0.18 -141.28 1.12 -0.48 0.365 0x0000FF
-149.68 -2.88 0.12 -146.21 -1.24 -0.18 0.365 0x0000FF
-153.87 -5.79 0.65 -149.68 -2.88 0.12 0.365 0x0000FF
-156.61 -7.8 1.33 -153.87 -5.79 0.65 0.365 0x0000FF
-159.16 -8.89 1.64 -156.61 -7.8 1.33 0.365 0x0000FF
-163.91 -10.35 1.94 -159.16 -8.89 1.64 0.365 0x0000FF
-46.7 26.11 -4.42 -37.06 25.3 -14.43 1.095 0x0000FF
-51.44 27.93 -4.26 -46.7 26.11 -4.42 1.095 0x0000FF
-56.0 30.12 -4.05 -51.44 27.93 -4.26 1.095 0x0000FF
-60.56 31.76 -3.89 -56.0 30.12 -4.05 1.095 0x0000FF
-70.78 33.95 -3.59 -60.56 31.76 -3.89 0.91 0x0000FF
-74.33 35.36 -15.03 -70.78 33.95 -3.59 0.545 0x0000FF
-80.01 37.52 2.24 -74.33 35.36 -15.03 0.365 0x0000FF
-83.11 38.24 2.92 -80.01 37.52 2.24 0.365 0x0000FF
-85.12 38.43 4.97 -83.11 38.24 2.92 0.365 0x0000FF
-86.58 38.43 6.94 -85.12 38.43 4.97 0.365 0x0000FF
-87.86 38.43 8.44 -86.58 38.43 6.94 0.365 0x0000FF
-89.5 38.43 9.44 -87.86 38.43 8.44 0.365 0x0000FF
-90.78 38.79 10.03 -89.5 38.43 9.44 0.365 0x0000FF
-93.7 39.52 10.73 -90.78 38.79 10.03 0.365 0x0000FF
-94.79 39.52 11.18 -93.7 39.52 10.73 0.365 0x0000FF
-95.34 39.7 11.64 -94.79 39.52 11.18 0.365 0x0000FF
-99.17 39.7 13.76 -95.34 39.7 11.64 0.275 0x0000FF
-99.9 39.88 13.83 -99.17 39.7 13.76 0.275 0x0000FF
-103.0 40.07 14.67 -99.9 39.88 13.83 0.275 0x0000FF
-105.01 40.61 15.42 -103.0 40.07 14.67 0.275 0x0000FF
-108.29 41.34 16.48 -105.01 40.61 15.42 0.18 0x0000FF
-109.21 41.34 17.01 -108.29 41.34 16.48 0.18 0x0000FF
-111.03 41.89 17.92 -109.21 41.34 17.01 0.18 0x0000FF
-113.58 43.71 18.68 -111.03 41.89 17.92 0.18 0x0000FF
-115.04 44.44 19.44 -113.58 43.71 18.68 0.18 0x0000FF
-115.96 44.8 20.88 -115.04 44.44 19.44 0.18 0x0000FF
-116.69 45.17 21.63 -115.96 44.8 20.88 0.18 0x0000FF
-121.25 48.27 24.06 -116.69 45.17 21.63 0.18 0x0000FF
-126.17 49.54 25.19 -121.25 48.27 24.06 0.18 0x0000FF
-129.63 50.09 25.88 -126.17 49.54 25.19 0.18 0x0000FF
-131.65 50.63 26.33 -129.63 50.09 25.88 0.18 0x0000FF
-132.91 51.18 27.16 -131.65 50.63 26.33 0.18 0x0000FF
-148.62 56.1 29.51 -132.91 51.18 27.16 0.18 0x0000FF
-155.37 60.65 29.89 -148.62 56.1 29.51 0.18 0x0000FF
-159.56 63.75 30.8 -155.37 60.65 29.89 0.18 0x0000FF
-165.77 67.58 31.56 -159.56 63.75 30.8 0.18 0x0000FF
-169.05 71.95 33.22 -165.77 67.58 31.56 0.18 0x0000FF
-176.35 89.81 33.53 -169.05 71.95 33.22 0.18 0x0000FF
-182.19 98.37 34.59 -176.35 89.81 33.53 0.18 0x0000FF
-187.66 103.47 34.51 -182.19 98.37 34.59 0.18 0x0000FF
-192.4 106.39 33.45 -187.66 103.47 34.51 0.18 0x0000FF
-197.33 111.85 31.78 -192.4 106.39 33.45 0.18 0x0000FF
-200.98 116.23 29.97 -197.33 111.85 31.78 0.18 0x0000FF
-202.44 121.69 27.24 -200.98 116.23 29.97 0.18 0x0000FF
-80.53 41.01 -15.48 -74.33 35.36 -15.03 0.545 0x0000FF
-83.27 43.38 -15.48 -80.53 41.01 -15.48 0.545 0x0000FF
-87.83 47.2 -16.62 -83.27 43.38 -15.48 0.455 0x0000FF
-89.11 48.84 -16.77 -87.83 47.2 -16.62 0.455 0x0000FF
-89.47 49.57 -18.89 -89.11 48.84 -16.77 0.455 0x0000FF
-90.02 50.48 -19.88 -89.47 49.57 -18.89 0.455 0x0000FF
-91.22 51.74 -19.95 -90.02 50.48 -19.88 0.455 0x0000FF
-91.76 51.92 -19.42 -91.22 51.74 -19.95 0.455 0x0000FF
-92.31 52.29 -20.03 -91.76 51.92 -19.42 0.455 0x0000FF
-93.4 52.47 -20.71 -92.31 52.29 -20.03 0.455 0x0000FF
-94.32 52.65 -21.47 -93.4 52.47 -20.71 0.455 0x0000FF
-95.41 52.65 -22.07 -94.32 52.65 -21.47 0.455 0x0000FF
-96.51 52.83 -22.3 -95.41 52.65 -22.07 0.455 0x0000FF
-97.05 53.02 -23.51 -96.51 52.83 -22.3 0.455 0x0000FF
-97.78 53.02 -23.97 -97.05 53.02 -23.51 0.455 0x0000FF
-98.51 53.02 -25.26 -97.78 53.02 -23.97 0.455 0x0000FF
-99.43 53.2 -26.01 -98.51 53.02 -25.26 0.455 0x0000FF
-101.43 54.11 -27.22 -99.43 53.2 -26.01 0.455 0x0000FF
-102.34 54.84 -27.6 -101.43 54.11 -27.22 0.455 0x0000FF
-104.35 56.11 -28.21 -102.34 54.84 -27.6 0.455 0x0000FF
-105.99 57.57 -29.04 -104.35 56.11 -28.21 0.455 0x0000FF
-108.37 59.94 -29.8 -105.99 57.57 -29.04 0.455 0x0000FF
-110.56 61.4 -30.86 -108.37 59.94 -29.8 0.455 0x0000FF
-112.93 62.31 -31.69 -110.56 61.4 -30.86 0.455 0x0000FF
-117.12 63.4 -32.0 -112.93 62.31 -31.69 0.455 0x0000FF
-120.96 64.13 -32.97 -117.12 63.4 -32.0 0.455 0x0000FF
-123.51 64.86 -33.74 -120.96 64.13 -32.97 0.455 0x0000FF
-125.52 65.41 -34.5 -123.51 64.86 -33.74 0.455 0x0000FF
-130.26 66.68 -35.03 -125.52 65.41 -34.5 0.365 0x0000FF
-133.0 67.23 -35.78 -130.26 66.68 -35.03 0.365 0x0000FF
-134.46 67.59 -36.84 -133.0 67.23 -35.78 0.365 0x0000FF
-135.72 68.5 -37.75 -134.46 67.59 -36.84 0.365 0x0000FF
-137.01 69.78 -39.04 -135.72 68.5 -37.75 0.365 0x0000FF
-139.02 70.87 -40.33 -137.01 69.78 -39.04 0.365 0x0000FF
-141.38 71.78 -41.54 -139.02 70.87 -40.33 0.365 0x0000FF
-143.4 72.15 -42.0 -141.38 71.78 -41.54 0.365 0x0000FF
-144.31 72.15 -43.36 -143.4 72.15 -42.0 0.365 0x0000FF
-146.5 71.97 -44.72 -144.31 72.15 -43.36 0.365 0x0000FF
-148.13 71.23 -45.78 -146.5 71.97 -44.72 0.365 0x0000FF
-148.87 70.69 -46.69 -148.13 71.23 -45.78 0.365 0x0000FF
-150.15 70.87 -50.4 -148.87 70.69 -46.69 0.365 0x0000FF
-89.57 52.47 -19.12 -90.02 50.48 -19.88 0.455 0x0000FF
-89.39 55.57 -18.51 -89.57 52.47 -19.12 0.455 0x0000FF
-89.03 57.39 -17.82 -89.39 55.57 -18.51 0.455 0x0000FF
-89.21 58.3 -18.21 -89.03 57.39 -17.82 0.455 0x0000FF
-89.03 59.94 -19.27 -89.21 58.3 -18.21 0.455 0x0000FF
-89.21 61.94 -20.1 -89.03 59.94 -19.27 0.455 0x0000FF
-89.39 64.86 -20.56 -89.21 61.94 -20.1 0.455 0x0000FF
-90.3 67.59 -20.79 -89.39 64.86 -20.56 0.455 0x0000FF
-91.4 70.51 -21.32 -90.3 67.59 -20.79 0.455 0x0000FF
-94.5 75.06 -21.92 -91.4 70.51 -21.32 0.455 0x0000FF
-97.97 78.52 -22.45 -94.5 75.06 -21.92 0.455 0x0000FF
-100.52 80.7 -22.68 -97.97 78.52 -22.45 0.455 0x0000FF
-102.71 82.72 -22.98 -100.52 80.7 -22.68 0.455 0x0000FF
-106.54 84.54 -22.6 -102.71 82.72 -22.98 0.365 0x0000FF
-108.18 85.81 -21.92 -106.54 84.54 -22.6 0.365 0x0000FF
-110.01 87.09 -21.39 -108.18 85.81 -21.92 0.365 0x0000FF
-112.2 88.36 -21.09 -110.01 87.09 -21.39 0.365 0x0000FF
-114.02 90.19 -20.86 -112.2 88.36 -21.09 0.365 0x0000FF
-114.93 92.19 -20.1 -114.02 90.19 -20.86 0.365 0x0000FF
-115.3 94.56 -19.64 -114.93 92.19 -20.1 0.365 0x0000FF
-115.85 97.29 -19.04 -115.3 94.56 -19.64 0.365 0x0000FF
-117.49 99.3 -18.89 -115.85 97.29 -19.04 0.365 0x0000FF
-72.42 32.85 -3.36 -70.78 33.95 -3.59 0.64 0x0000FF
-74.43 31.21 -3.29 -72.42 32.85 -3.36 0.64 0x0000FF
-76.8 29.39 -2.61 -74.43 31.21 -3.29 0.545 0x0000FF
-79.17 26.48 -2.52 -76.8 29.39 -2.61 0.545 0x0000FF
-81.0 24.47 -2.29 -79.17 26.48 -2.52 0.545 0x0000FF
-82.46 23.56 -3.44 -81.0 24.47 -2.29 0.545 0x0000FF
-87.02 20.83 -3.51 -82.46 23.56 -3.44 0.365 0x0000FF
-89.21 19.55 -3.74 -87.02 20.83 -3.51 0.365 0x0000FF
-91.22 17.55 -4.73 -89.21 19.55 -3.74 0.365 0x0000FF
-93.22 14.63 -5.41 -91.22 17.55 -4.73 0.365 0x0000FF
-95.05 10.44 -5.64 -93.22 14.63 -5.41 0.365 0x0000FF
-97.13 6.21 -18.66 -95.05 10.44 -5.64 0.365 0x0000FF
-98.59 4.75 -20.18 -97.13 6.21 -18.66 0.365 0x0000FF
-100.96 2.75 -21.32 -98.59 4.75 -20.18 0.365 0x0000FF
-102.97 1.47 -23.21 -100.96 2.75 -21.32 0.365 0x0000FF
-106.07 0.02 -24.88 -102.97 1.47 -23.21 0.365 0x0000FF
-111.18 -1.99 -26.47 -106.07 0.02 -24.88 0.365 0x0000FF
-113.19 -3.26 -27.0 -111.18 -1.99 -26.47 0.365 0x0000FF
-40.79 36.24 1.18 -37.06 25.3 -14.43 0.91 0x0000FF
-44.8 42.62 2.31 -40.79 36.24 1.18 0.91 0x0000FF
-45.89 44.07 1.79 -44.8 42.62 2.31 0.365 0x0000FF
-46.26 44.62 2.17 -45.89 44.07 1.79 0.365 0x0000FF
-46.81 45.35 2.92 -46.26 44.62 2.17 0.365 0x0000FF
-46.81 46.08 3.3 -46.81 45.35 2.92 0.365 0x0000FF
-47.35 48.63 4.13 -46.81 46.08 3.3 0.365 0x0000FF
-47.72 50.63 4.97 -47.35 48.63 4.13 0.365 0x0000FF
-48.45 54.28 5.35 -47.72 50.63 4.97 0.365 0x0000FF
-48.81 56.1 6.79 -48.45 54.28 5.35 0.365 0x0000FF
-49.18 57.38 8.23 -48.81 56.1 6.79 0.365 0x0000FF
-49.91 59.56 9.21 -49.18 57.38 8.23 0.365 0x0000FF
-51.37 61.75 10.27 -49.91 59.56 9.21 0.365 0x0000FF
-52.28 62.66 11.41 -51.37 61.75 10.27 0.365 0x0000FF
-54.65 65.2 11.71 -52.28 62.66 11.41 0.275 0x0000FF
-45.89 48.63 2.31 -44.8 42.62 2.31 0.73 0x0000FF
-44.8 52.64 2.24 -45.89 48.63 2.31 0.455 0x0000FF
-44.43 54.64 1.79 -44.8 52.64 2.24 0.455 0x0000FF
-41.88 58.83 1.18 -44.43 54.64 1.79 0.455 0x0000FF
-40.24 59.93 0.95 -41.88 58.83 1.18 0.455 0x0000FF
-38.6 61.02 0.65 -40.24 59.93 0.95 0.455 0x0000FF
-37.86 63.93 -0.26 -38.6 61.02 0.65 0.365 0x0000FF
-36.77 66.12 -0.64 -37.86 63.93 -0.26 0.365 0x0000FF
-36.04 67.4 -1.85 -36.77 66.12 -0.64 0.365 0x0000FF
-35.13 69.22 -4.05 -36.04 67.4 -1.85 0.365 0x0000FF
-34.03 70.86 -4.42 -35.13 69.22 -4.05 0.365 0x0000FF
-32.76 72.13 -4.88 -34.03 70.86 -4.42 0.365 0x0000FF
-30.93 73.77 -5.33 -32.76 72.13 -4.88 0.275 0x0000FF
-29.84 74.68 -5.64 -30.93 73.77 -5.33 0.275 0x0000FF
-29.11 75.23 -6.24 -29.84 74.68 -5.64 0.275 0x0000FF
-27.83 76.31 -7.38 -29.11 75.23 -6.24 0.275 0x0000FF
-27.1 78.15 -8.36 -27.83 76.31 -7.38 0.275 0x0000FF
-26.37 81.43 -8.97 -27.1 78.15 -8.36 0.275 0x0000FF
-25.82 83.61 -9.42 -26.37 81.43 -8.97 0.275 0x0000FF
-25.09 85.8 -10.26 -25.82 83.61 -9.42 0.275 0x0000FF
-24.55 88.71 -11.32 -25.09 85.8 -10.26 0.275 0x0000FF
-24.18 92.36 -12.15 -24.55 88.71 -11.32 0.275 0x0000FF
-23.09 95.27 -13.74 -24.18 92.36 -12.15 0.275 0x0000FF
-21.63 99.46 -14.5 -23.09 95.27 -13.74 0.275 0x0000FF
-20.17 102.38 -15.41 -21.63 99.46 -14.5 0.275 0x0000FF
-17.07 111.85 -16.23 -20.17 102.38 -15.41 0.275 0x0000FF
-14.69 120.6 -17.0 -17.07 111.85 -16.23 0.275 0x0000FF
-13.96 123.51 -17.38 -14.69 120.6 -17.0 0.275 0x0000FF
-12.32 127.89 -19.42 -13.96 123.51 -17.38 0.275 0x0000FF
-11.41 130.07 -20.41 -12.32 127.89 -19.42 0.275 0x0000FF
-47.54 51.73 2.31 -45.89 48.63 2.31 0.455 0x0000FF
-47.9 53.18 2.77 -47.54 51.73 2.31 0.455 0x0000FF
-48.63 54.64 3.15 -47.9 53.18 2.77 0.455 0x0000FF
-49.36 55.37 2.7 -48.63 54.64 3.15 0.455 0x0000FF
-49.91 55.74 2.24 -49.36 55.37 2.7 0.455 0x0000FF
-50.82 56.46 0.95 -49.91 55.74 2.24 0.455 0x0000FF
-52.46 57.38 -0.64 -50.82 56.46 0.95 0.455 0x0000FF
-53.37 57.92 -1.77 -52.46 57.38 -0.64 0.455 0x0000FF
-54.83 58.83 -2.45 -53.37 57.92 -1.77 0.455 0x0000FF
-55.75 59.56 -3.74 -54.83 58.83 -2.45 0.455 0x0000FF
-57.21 60.65 -3.89 -55.75 59.56 -3.74 0.455 0x0000FF
-58.12 61.57 -4.2 -57.21 60.65 -3.89 0.455 0x0000FF
-58.85 62.48 -4.42 -58.12 61.57 -4.2 0.455 0x0000FF
-59.21 63.21 -4.65 -58.85 62.48 -4.42 0.455 0x0000FF
-59.4 63.93 -4.65 -59.21 63.21 -4.65 0.455 0x0000FF
-59.94 67.58 -6.09 -59.4 63.93 -4.65 0.365 0x0000FF
-59.94 68.13 -5.94 -59.94 67.58 -6.09 0.365 0x0000FF
-60.13 69.22 -5.64 -59.94 68.13 -5.94 0.365 0x0000FF
-60.13 70.13 -6.17 -60.13 69.22 -5.64 0.365 0x0000FF
-60.13 71.04 -7.23 -60.13 70.13 -6.17 0.365 0x0000FF
-59.94 72.86 -8.06 -60.13 71.04 -7.23 0.365 0x0000FF
-59.94 74.68 -8.97 -59.94 72.86 -8.06 0.365 0x0000FF
-60.86 76.69 -9.8 -59.94 74.68 -8.97 0.365 0x0000FF
-61.77 78.33 -10.71 -60.86 76.69 -9.8 0.365 0x0000FF
-62.31 79.06 -11.77 -61.77 78.33 -10.71 0.365 0x0000FF
-64.69 80.15 -12.83 -62.31 79.06 -11.77 0.365 0x0000FF
-66.33 81.23 -14.04 -64.69 80.15 -12.83 0.365 0x0000FF
-68.7 81.61 -14.04 -66.33 81.23 -14.04 0.365 0x0000FF
-71.06 81.79 -15.48 -68.7 81.61 -14.04 0.365 0x0000FF
-72.7 82.34 -16.47 -71.06 81.79 -15.48 0.365 0x0000FF
-73.63 82.52 -16.92 -72.7 82.34 -16.47 0.365 0x0000FF
-76.18 82.34 -18.21 -73.63 82.52 -16.92 0.365 0x0000FF
-78.55 82.52 -19.8 -76.18 82.34 -18.21 0.365 0x0000FF
-82.2 83.25 -19.73 -78.55 82.52 -19.8 0.365 0x0000FF
-86.22 84.34 -21.16 -82.2 83.25 -19.73 0.365 0x0000FF
-90.05 85.07 -22.6 -86.22 84.34 -21.16 0.365 0x0000FF
-90.78 85.62 -23.44 -90.05 85.07 -22.6 0.365 0x0000FF
-61.77 63.93 -4.65 -59.4 63.93 -4.65 0.455 0x0000FF
-62.31 63.93 -4.73 -61.77 63.93 -4.65 0.455 0x0000FF
-62.86 63.75 -4.95 -62.31 63.93 -4.73 0.455 0x0000FF
-63.77 63.57 -5.26 -62.86 63.75 -4.95 0.455 0x0000FF
-65.42 63.21 -6.62 -63.77 63.57 -5.26 0.365 0x0000FF
-66.33 63.21 -7.53 -65.42 63.21 -6.62 0.365 0x0000FF
-67.42 63.57 -8.51 -66.33 63.21 -7.53 0.365 0x0000FF
-68.34 63.93 -9.57 -67.42 63.57 -8.51 0.365 0x0000FF
-69.06 64.48 -10.02 -68.34 63.93 -9.57 0.365 0x0000FF
-70.53 65.56 -11.54 -69.06 64.48 -10.02 0.365 0x0000FF
-71.8 66.48 -12.6 -70.53 65.56 -11.54 0.365 0x0000FF
-73.44 67.58 -14.12 -71.8 66.48 -12.6 0.365 0x0000FF
-74.72 68.31 -14.5 -73.44 67.58 -14.12 0.365 0x0000FF
-76.91 70.86 -15.1 -74.72 68.31 -14.5 0.365 0x0000FF
-77.81 72.68 -15.79 -76.91 70.86 -15.1 0.365 0x0000FF
-79.83 74.14 -17.3 -77.81 72.68 -15.79 0.365 0x0000FF
-81.47 76.31 -18.21 -79.83 74.14 -17.3 0.365 0x0000FF
-82.75 78.69 -18.73 -81.47 76.31 -18.21 0.365 0x0000FF
-83.66 79.42 -19.8 -82.75 78.69 -18.73 0.365 0x0000FF
-87.49 80.88 -21.39 -83.66 79.42 -19.8 0.365 0x0000FF
-91.87 80.88 -22.76 -87.49 80.88 -21.39 0.365 0x0000FF
-95.16 81.79 -24.27 -91.87 80.88 -22.76 0.365 0x0000FF
-98.44 83.61 -24.95 -95.16 81.79 -24.27 0.365 0x0000FF
-100.08 84.89 -25.41 -98.44 83.61 -24.95 0.365 0x0000FF
-103.0 87.07 -26.54 -100.08 84.89 -25.41 0.365 0x0000FF
-104.64 87.62 -27.98 -103.0 87.07 -26.54 0.365 0x0000FF
-112.85 92.18 -29.42 -104.64 87.62 -27.98 0.365 0x0000FF
-117.96 95.82 -31.32 -112.85 92.18 -29.42 0.365 0x0000FF
-118.69 96.55 -32.83 -117.96 95.82 -31.32 0.365 0x0000FF
-119.24 96.91 -34.65 -118.69 96.55 -32.83 0.365 0x0000FF
-124.9 101.29 -35.18 -119.24 96.91 -34.65 0.365 0x0000FF
-30.93 33.32 -1.55 -37.06 25.3 -14.43 1.275 0x0000FF
-28.74 37.88 -1.47 -30.93 33.32 -1.55 1.095 0x0000FF
-26.01 41.52 -1.47 -28.74 37.88 -1.47 1.095 0x0000FF
-25.28 42.43 -1.47 -26.01 41.52 -1.47 1.095 0x0000FF
-22.57 43.43 -17.82 -25.28 42.43 -1.47 0.455 0x0000FF
-20.75 44.34 -17.91 -22.57 43.43 -17.82 0.455 0x0000FF
-19.11 44.89 -18.21 -20.75 44.34 -17.91 0.455 0x0000FF
-16.92 45.25 -18.73 -19.11 44.89 -18.21 0.455 0x0000FF
-16.0 45.07 -18.97 -16.92 45.25 -18.73 0.455 0x0000FF
-13.45 45.07 -19.27 -16.0 45.07 -18.97 0.455 0x0000FF
-12.54 44.7 -19.57 -13.45 45.07 -19.27 0.455 0x0000FF
-11.62 43.79 -19.95 -12.54 44.7 -19.57 0.455 0x0000FF
-10.89 42.52 -20.18 -11.62 43.79 -19.95 0.455 0x0000FF
-10.17 41.06 -20.86 -10.89 42.52 -20.18 0.455 0x0000FF
-9.98 40.33 -21.09 -10.17 41.06 -20.86 0.455 0x0000FF
-9.44 39.42 -21.16 -9.98 40.33 -21.09 0.455 0x0000FF
-9.25 38.69 -22.07 -9.44 39.42 -21.16 0.455 0x0000FF
-9.07 37.78 -22.91 -9.25 38.69 -22.07 0.455 0x0000FF
-8.71 37.22 -23.29 -9.07 37.78 -22.91 0.455 0x0000FF
-7.98 36.51 -23.97 -8.71 37.22 -23.29 0.455 0x0000FF
-7.61 36.14 -24.95 -7.98 36.51 -23.97 0.455 0x0000FF
-6.88 35.59 -25.63 -7.61 36.14 -24.95 0.455 0x0000FF
-6.52 35.22 -26.24 -6.88 35.59 -25.63 0.455 0x0000FF
-2.68 35.22 -26.47 -6.52 35.22 -26.24 0.365 0x0000FF
-0.86 35.04 -26.01 -2.68 35.22 -26.47 0.365 0x0000FF
-0.13 35.22 -25.41 -0.86 35.04 -26.01 0.365 0x0000FF
0.6 35.4 -24.42 -0.13 35.22 -25.41 0.365 0x0000FF
0.78 35.4 -25.26 0.6 35.4 -24.42 0.365 0x0000FF
1.51 35.22 -27.15 0.78 35.4 -25.26 0.365 0x0000FF
2.06 35.22 -28.13 1.51 35.22 -27.15 0.365 0x0000FF
2.42 35.04 -28.44 2.06 35.22 -28.13 0.365 0x0000FF
3.7 35.04 -29.65 2.42 35.04 -28.44 0.365 0x0000FF
4.07 35.04 -31.09 3.7 35.04 -29.65 0.365 0x0000FF
4.61 35.22 -32.83 4.07 35.04 -31.09 0.365 0x0000FF
5.53 35.04 -34.27 4.61 35.22 -32.83 0.365 0x0000FF
6.44 35.04 -36.01 5.53 35.04 -34.27 0.365 0x0000FF
7.17 34.86 -36.61 6.44 35.04 -36.01 0.365 0x0000FF
7.53 34.68 -37.22 7.17 34.86 -36.61 0.365 0x0000FF
8.81 34.5 -38.81 7.53 34.68 -37.22 0.365 0x0000FF
9.36 34.32 -39.11 8.81 34.5 -38.81 0.365 0x0000FF
9.9 34.14 -40.25 9.36 34.32 -39.11 0.365 0x0000FF
10.63 33.95 -41.77 9.9 34.14 -40.25 0.365 0x0000FF
11.36 33.95 -43.28 10.63 33.95 -41.77 0.365 0x0000FF
12.28 33.95 -44.65 11.36 33.95 -43.28 0.365 0x0000FF
13.55 33.77 -44.95 12.28 33.95 -44.65 0.365 0x0000FF
14.65 33.77 -46.31 13.55 33.77 -44.95 0.365 0x0000FF
15.74 33.95 -47.3 14.65 33.77 -46.31 0.365 0x0000FF
16.29 34.14 -47.68 15.74 33.95 -47.3 0.365 0x0000FF
-4.13 32.13 -27.68 -6.52 35.22 -26.24 0.365 0x0000FF
-3.23 29.58 -28.51 -4.13 32.13 -27.68 0.365 0x0000FF
-3.23 28.12 -28.89 -3.23 29.58 -28.51 0.365 0x0000FF
-2.68 26.85 -29.12 -3.23 28.12 -28.89 0.365 0x0000FF
-1.95 25.39 -29.72 -2.68 26.85 -29.12 0.365 0x0000FF
-1.41 24.12 -30.1 -1.95 25.39 -29.72 0.365 0x0000FF
-0.31 22.66 -30.18 -1.41 24.12 -30.1 0.365 0x0000FF
0.42 21.57 -30.71 -0.31 22.66 -30.18 0.365 0x0000FF
0.96 20.84 -31.09 0.42 21.57 -30.71 0.365 0x0000FF
1.51 20.29 -31.39 0.96 20.84 -31.09 0.365 0x0000FF
2.24 19.38 -32.15 1.51 20.29 -31.39 0.365 0x0000FF
2.79 18.29 -32.68 2.24 19.38 -32.15 0.365 0x0000FF
2.97 17.55 -33.81 2.79 18.29 -32.68 0.365 0x0000FF
3.34 16.64 -34.65 2.97 17.55 -33.81 0.365 0x0000FF
3.7 15.37 -35.47 3.34 16.64 -34.65 0.365 0x0000FF
4.07 14.64 -35.71 3.7 15.37 -35.47 0.365 0x0000FF
4.25 13.55 -36.54 4.07 14.64 -35.71 0.365 0x0000FF
4.8 11.73 -37.83 4.25 13.55 -36.54 0.365 0x0000FF
4.8 10.82 -38.06 4.8 11.73 -37.83 0.365 0x0000FF
4.8 9.36 -38.74 4.8 10.82 -38.06 0.365 0x0000FF
4.8 7.17 -39.5 4.8 9.36 -38.74 0.365 0x0000FF
-25.64 45.71 -6.24 -25.28 42.43 -1.47 0.73 0x0000FF
-25.64 48.63 -6.24 -25.64 45.71 -6.24 0.73 0x0000FF
-24.18 54.1 -6.24 -25.64 48.63 -6.24 0.64 0x0000FF
-24.0 59.02 -6.24 -24.18 54.1 -6.24 0.64 0x0000FF
-24.55 63.39 -6.24 -24.0 59.02 -6.24 0.64 0x0000FF
-25.28 66.12 -6.32 -24.55 63.39 -6.24 0.64 0x0000FF
-25.46 68.84 -6.47 -25.28 66.12 -6.32 0.64 0x0000FF
-26.19 76.69 -6.54 -25.46 68.84 -6.47 0.64 0x0000FF
-26.19 83.43 -6.62 -26.19 76.69 -6.54 0.64 0x0000FF
-27.1 88.35 -6.62 -26.19 83.43 -6.62 0.64 0x0000FF
-27.65 97.82 -6.62 -27.1 88.35 -6.62 0.545 0x0000FF
-28.2 102.56 -6.7 -27.65 97.82 -6.62 0.545 0x0000FF
-28.56 106.93 -6.77 -28.2 102.56 -6.7 0.545 0x0000FF
-29.11 112.4 -6.77 -28.56 106.93 -6.77 0.545 0x0000FF
-28.74 116.41 -6.77 -29.11 112.4 -6.77 0.545 0x0000FF
-28.56 121.33 -6.85 -28.74 116.41 -6.77 0.455 0x0000FF
-25.46 129.88 -6.85 -28.56 121.33 -6.85 0.455 0x0000FF
-23.63 135.36 -7.08 -25.46 129.88 -6.85 0.365 0x0000FF
-23.63 137.18 -7.38 -23.63 135.36 -7.08 0.455 0x0000FF
-23.09 139.37 -7.98 -23.63 137.18 -7.38 0.455 0x0000FF
-23.09 141.72 -8.06 -23.09 139.37 -7.98 0.455 0x0000FF
-23.27 144.1 -9.19 -23.09 141.72 -8.06 0.365 0x0000FF
-22.72 148.47 -9.5 -23.27 144.1 -9.19 0.365 0x0000FF
-22.18 151.57 -10.18 -22.72 148.47 -9.5 0.365 0x0000FF
-21.26 155.4 -11.01 -22.18 151.57 -10.18 0.365 0x0000FF
-21.08 158.13 -11.47 -21.26 155.4 -11.01 0.365 0x0000FF
-21.63 164.14 -12.38 -21.08 158.13 -11.47 0.365 0x0000FF
-21.45 166.51 -12.98 -21.63 164.14 -12.38 0.365 0x0000FF
-20.72 171.25 -13.59 -21.45 166.51 -12.98 0.365 0x0000FF
-20.17 175.8 -14.27 -20.72 171.25 -13.59 0.365 0x0000FF
-19.98 187.28 -15.33 -20.17 175.8 -14.27 0.275 0x0000FF
-19.98 190.02 -15.79 -19.98 187.28 -15.33 0.275 0x0000FF
-21.45 195.12 -16.09 -19.98 190.02 -15.79 0.275 0x0000FF
-21.45 198.94 -16.85 -21.45 195.12 -16.09 0.275 0x0000FF
-21.45 199.67 -17.07 -21.45 198.94 -16.85 0.275 0x0000FF
-20.7 212.08 -17.98 -21.45 199.67 -17.07 0.275 0x0000FF
-21.07 214.82 -18.21 -20.7 212.08 -17.98 0.275 0x0000FF
-21.07 217.0 -18.51 -21.07 214.82 -18.21 0.275 0x0000FF
-21.07 219.74 -17.98 -21.07 217.0 -18.51 0.275 0x0000FF
-21.07 224.84 -18.73 -21.07 219.74 -17.98 0.275 0x0000FF
-21.25 227.02 -20.03 -21.07 224.84 -18.73 0.275 0x0000FF
-21.43 228.12 -20.94 -21.25 227.02 -20.03 0.275 0x0000FF
-20.88 230.49 -22.23 -21.43 228.12 -20.94 0.275 0x0000FF
-19.79 232.49 -23.44 -20.88 230.49 -22.23 0.275 0x0000FF
-18.69 234.86 -23.74 -19.79 232.49 -23.44 0.275 0x0000FF
-17.6 237.04 -25.1 -18.69 234.86 -23.74 0.275 0x0000FF
-15.96 239.41 -26.09 -17.6 237.04 -25.1 0.275 0x0000FF
-14.32 241.96 -27.22 -15.96 239.41 -26.09 0.275 0x0000FF
-5.74 262.92 -32.15 -14.32 241.96 -27.22 0.275 0x0000FF
-2.09 278.58 -33.13 -5.74 262.92 -32.15 0.275 0x0000FF
0.46 289.33 -34.57 -2.09 278.58 -33.13 0.275 0x0000FF
-0.08 293.16 -35.4 0.46 289.33 -34.57 0.275 0x0000FF
-30.23 27.76 -5.11 -37.06 25.3 -14.43 0.82 0x0000FF
-28.59 29.58 -4.5 -30.23 27.76 -5.11 0.82 0x0000FF
-27.86 30.86 -3.89 -28.59 29.58 -4.5 0.82 0x0000FF
-27.32 31.22 -3.29 -27.86 30.86 -3.89 0.82 0x0000FF
-26.95 31.59 -2.23 -27.32 31.22 -3.29 0.82 0x0000FF
-25.86 32.5 -1.39 -26.95 31.59 -2.23 0.82 0x0000FF
-25.13 33.04 -0.94 -25.86 32.5 -1.39 0.82 0x0000FF
-22.75 34.14 0.12 -25.13 33.04 -0.94 0.73 0x0000FF
-21.84 34.32 0.42 -22.75 34.14 0.12 0.73 0x0000FF
-19.11 35.4 0.8 -21.84 34.32 0.42 0.73 0x0000FF
-13.81 38.15 1.48 -19.11 35.4 0.8 0.64 0x0000FF
-10.17 39.79 1.79 -13.81 38.15 1.48 0.64 0x0000FF
-4.51 42.52 2.17 -10.17 39.79 1.79 0.64 0x0000FF
-1.95 43.98 2.47 -4.51 42.52 2.17 0.64 0x0000FF
6.26 47.8 2.85 -1.95 43.98 2.47 0.64 0x0000FF
20.12 54.18 4.13 6.26 47.8 2.85 0.64 0x0000FF
24.87 57.28 4.36 20.12 54.18 4.13 0.64 0x0000FF
29.97 63.29 5.2 24.87 57.28 4.36 0.545 0x0000FF
33.26 67.3 5.5 29.97 63.29 5.2 0.545 0x0000FF
36.18 69.84 6.03 33.26 67.3 5.5 0.545 0x0000FF
38.18 72.22 6.64 36.18 69.84 6.03 0.545 0x0000FF
40.19 74.77 7.09 38.18 72.22 6.64 0.545 0x0000FF
42.56 78.23 8.61 40.19 74.77 7.09 0.545 0x0000FF
43.48 81.14 11.94 42.56 78.23 8.61 0.455 0x0000FF
43.84 82.6 12.85 43.48 81.14 11.94 0.455 0x0000FF
45.12 84.24 13.38 43.84 82.6 12.85 0.455 0x0000FF
48.04 86.61 14.82 45.12 84.24 13.38 0.365 0x0000FF
50.04 87.52 15.2 48.04 86.61 14.82 0.365 0x0000FF
52.96 88.43 15.73 50.04 87.52 15.2 0.365 0x0000FF
-29.51 23.93 -17.38 -37.06 25.3 -14.43 0.91 0x0000FF
-28.78 23.75 -17.53 -29.51 23.93 -17.38 0.91 0x0000FF
-27.32 23.75 -17.91 -28.78 23.75 -17.53 0.91 0x0000FF
-26.77 23.75 -18.59 -27.32 23.75 -17.91 0.91 0x0000FF
-26.04 23.75 -19.2 -26.77 23.75 -18.59 0.91 0x0000FF
-25.31 23.57 -19.64 -26.04 23.75 -19.2 0.91 0x0000FF
-24.21 23.39 -20.48 -25.31 23.57 -19.64 0.91 0x0000FF
-23.3 23.39 -21.62 -24.21 23.39 -20.48 0.91 0x0000FF
-21.84 23.39 -22.45 -23.3 23.39 -21.62 0.91 0x0000FF
-20.38 23.02 -22.91 -21.84 23.39 -22.45 0.91 0x0000FF
-19.47 22.84 -23.29 -20.38 23.02 -22.91 0.91 0x0000FF
-17.46 21.2 -24.04 -19.47 22.84 -23.29 0.82 0x0000FF
-16.55 20.29 -24.95 -17.46 21.2 -24.04 0.82 0x0000FF
-15.46 18.82 -25.79 -16.55 20.29 -24.95 0.82 0x0000FF
-14.73 18.1 -26.62 -15.46 18.82 -25.79 0.82 0x0000FF
-12.72 17.01 -27.53 -14.73 18.1 -26.62 0.73 0x0000FF
-11.99 16.64 -28.13 -12.72 17.01 -27.53 0.73 0x0000FF
-10.17 15.55 -29.42 -11.99 16.64 -28.13 0.73 0x0000FF
-8.16 15.01 -31.69 -10.17 15.55 -29.42 0.73 0x0000FF
-2.5 12.46 -31.62 -8.16 15.01 -31.69 0.545 0x0000FF
-1.41 12.82 -31.24 -2.5 12.46 -31.62 0.545 0x0000FF
0.23 13.0 -30.78 -1.41 12.82 -31.24 0.545 0x0000FF
1.14 12.82 -30.48 0.23 13.0 -30.78 0.545 0x0000FF
2.42 12.82 -30.41 1.14 12.82 -30.48 0.545 0x0000FF
3.15 12.64 -31.39 2.42 12.82 -30.41 0.545 0x0000FF
3.52 12.46 -32.53 3.15 12.64 -31.39 0.545 0x0000FF
3.88 12.46 -33.74 3.52 12.46 -32.53 0.545 0x0000FF
6.26 13.0 -37.38 3.88 12.46 -33.74 0.545 0x0000FF
6.62 13.73 -38.36 6.26 13.0 -37.38 0.545 0x0000FF
7.72 14.1 -39.72 6.62 13.73 -38.36 0.545 0x0000FF
8.63 14.46 -40.78 7.72 14.1 -39.72 0.545 0x0000FF
9.36 15.55 -42.45 8.63 14.46 -40.78 0.545 0x0000FF
10.09 16.82 -44.04 9.36 15.55 -42.45 0.545 0x0000FF
11.55 18.82 -44.8 10.09 16.82 -44.04 0.545 0x0000FF
13.92 20.47 -45.71 11.55 18.82 -44.8 0.545 0x0000FF
15.74 21.57 -47.22 13.92 20.47 -45.71 0.545 0x0000FF
17.39 21.93 -48.28 15.74 21.57 -47.22 0.545 0x0000FF
18.66 22.66 -49.87 17.39 21.93 -48.28 0.545 0x0000FF
23.77 25.03 -51.77 18.66 22.66 -49.87 0.545 0x0000FF
26.51 25.76 -52.6 23.77 25.03 -51.77 0.545 0x0000FF
29.06 26.85 -54.04 26.51 25.76 -52.6 0.455 0x0000FF
32.35 27.58 -55.86 29.06 26.85 -54.04 0.365 0x0000FF
34.54 28.67 -56.84 32.35 27.58 -55.86 0.365 0x0000FF
-6.52 13.0 -32.45 -8.16 15.01 -31.69 0.64 0x0000FF
-5.6 12.27 -32.45 -6.52 13.0 -32.45 0.545 0x0000FF
-4.69 12.27 -31.62 -5.6 12.27 -32.45 0.545 0x0000FF
-3.05 11.36 -30.78 -4.69 12.27 -31.62 0.545 0x0000FF
-1.77 11.18 -31.69 -3.05 11.36 -30.78 0.545 0x0000FF
0.42 11.91 -32.83 -1.77 11.18 -31.69 0.545 0x0000FF
0.78 12.46 -33.59 0.42 11.91 -32.83 0.545 0x0000FF
5.34 12.27 -34.35 0.78 12.46 -33.59 0.545 0x0000FF
7.17 14.46 -35.18 5.34 12.27 -34.35 0.545 0x0000FF
12.64 18.64 -35.94 7.17 14.46 -35.18 0.455 0x0000FF
-39.04 10.75 -6.54 -37.06 25.3 -14.43 2.83 0x0000FF
-39.22 8.75 -6.01 -39.04 10.75 -6.54 2.83 0x0000FF
-39.4 5.28 -5.48 -39.22 8.75 -6.01 2.37 0x0000FF
-39.22 0.0 -4.2 -39.4 5.28 -5.48 2.19 0x0000FF
-39.4 -2.0 -3.59 -39.22 0.0 -4.2 2.19 0x0000FF
-39.96 -4.55 -3.82 -39.4 -2.0 -3.59 2.19 0x0000FF
-40.86 -7.47 -4.65 -39.96 -4.55 -3.82 2.19 0x0000FF
-44.7 -15.85 -5.33 -40.86 -7.47 -4.65 1.735 0x0000FF
-46.16 -21.68 -5.33 -44.7 -15.85 -5.33 1.735 0x0000FF
-47.62 -24.96 -6.24 -46.16 -21.68 -5.33 1.46 0x0000FF
-49.26 -27.88 -5.86 -47.62 -24.96 -6.24 1.46 0x0000FF
-50.17 -30.79 -5.79 -49.26 -27.88 -5.86 1.46 0x0000FF
-51.09 -32.25 -6.7 -50.17 -30.79 -5.79 1.46 0x0000FF
-52.18 -36.44 -7.23 -51.09 -32.25 -6.7 1.46 0x0000FF
-52.68 -39.13 -2.23 -52.18 -36.44 -7.23 1.37 0x0000FF
-53.59 -42.05 -1.85 -52.68 -39.13 -2.23 1.37 0x0000FF
-54.32 -46.6 -1.47 -53.59 -42.05 -1.85 1.37 0x0000FF
-54.69 -48.61 -0.11 -54.32 -46.6 -1.47 1.37 0x0000FF
-56.33 -54.8 0.5 -54.69 -48.61 -0.11 1.37 0x0000FF
-59.17 -64.01 -4.26 -56.33 -54.8 0.5 1.37 0x0000FF
-61.72 -69.11 -4.2 -59.17 -64.01 -4.26 1.275 0x0000FF
-63.73 -73.67 -4.05 -61.72 -69.11 -4.2 1.275 0x0000FF
-67.73 -81.87 -3.36 -63.73 -73.67 -4.05 1.275 0x0000FF
-68.47 -84.78 -3.51 -67.73 -81.87 -3.36 1.275 0x0000FF
-70.66 -89.7 -4.5 -68.47 -84.78 -3.51 1.275 0x0000FF
-73.58 -97.17 -5.18 -70.66 -89.7 -4.5 1.275 0x0000FF
-75.4 -102.64 -5.56 -73.58 -97.17 -5.18 1.275 0x0000FF
-80.88 -118.67 -6.62 -75.4 -102.64 -5.56 1.275 0x0000FF
-82.52 -128.13 -7.08 -80.88 -118.67 -6.62 1.275 0x0000FF
-84.53 -133.97 -7.08 -82.52 -128.13 -7.08 1.275 0x0000FF
-85.07 -136.34 -5.64 -84.53 -133.97 -7.08 1.275 0x0000FF
-85.62 -137.97 -4.05 -85.07 -136.34 -5.64 1.275 0x0000FF
-88.35 -139.06 -3.67 -85.62 -137.97 -4.05 0.64 0x0000FF
-90.72 -140.88 -3.21 -88.35 -139.06 -3.67 0.64 0x0000FF
-93.82 -142.52 -2.76 -90.72 -140.88 -3.21 0.64 0x0000FF
-96.74 -144.34 -1.77 -93.82 -142.52 -2.76 0.64 0x0000FF
-100.03 -147.44 -0.86 -96.74 -144.34 -1.77 0.64 0x0000FF
-108.97 -154.55 1.41 -100.03 -147.44 -0.86 0.64 0x0000FF
-114.44 -157.28 2.09 -108.97 -154.55 1.41 0.64 0x0000FF
-118.82 -160.19 2.39 -114.44 -157.28 2.09 0.64 0x0000FF
-128.49 -167.85 4.13 -118.82 -160.19 2.39 0.64 0x0000FF
-131.04 -171.13 4.82 -128.49 -167.85 4.13 0.64 0x0000FF
-135.79 -178.23 5.65 -131.04 -171.13 4.82 0.545 0x0000FF
-140.35 -183.7 6.56 -135.79 -178.23 5.65 0.545 0x0000FF
-142.9 -191.17 7.85 -140.35 -183.7 6.56 0.455 0x0000FF
-146.55 -193.36 8.76 -142.9 -191.17 7.85 0.455 0x0000FF
-149.11 -194.81 10.03 -146.55 -193.36 8.76 0.455 0x0000FF
-151.66 -195.54 12.01 -149.11 -194.81 10.03 0.455 0x0000FF
-154.22 -196.09 12.54 -151.66 -195.54 12.01 0.455 0x0000FF
-157.32 -196.45 14.51 -154.22 -196.09 12.54 0.455 0x0000FF
-161.15 -196.45 16.86 -157.32 -196.45 14.51 0.455 0x0000FF
-162.43 -196.45 19.44 -161.15 -196.45 16.86 0.455 0x0000FF
-164.25 -197.18 20.65 -162.43 -196.45 19.44 0.455 0x0000FF
-166.62 -197.91 22.77 -164.25 -197.18 20.65 0.455 0x0000FF
-168.45 -199.19 23.91 -166.62 -197.91 22.77 0.455 0x0000FF
-168.99 -200.46 25.57 -168.45 -199.19 23.91 0.455 0x0000FF
-169.54 -204.29 26.79 -168.99 -200.46 25.57 0.365 0x0000FF
-169.18 -206.47 26.86 -169.54 -204.29 26.79 0.365 0x0000FF
-89.82 -155.11 -3.44 -85.62 -137.97 -4.05 1.275 0x0000FF
-90.62 -158.02 -5.26 -89.82 -155.11 -3.44 1.275 0x0000FF
-91.53 -162.03 -5.26 -90.62 -158.02 -5.26 1.275 0x0000FF
-93.54 -168.77 -5.48 -91.53 -162.03 -5.26 1.275 0x0000FF
-95.0 -178.43 -5.56 -93.54 -168.77 -5.48 1.185 0x0000FF
-96.28 -183.35 -5.71 -95.0 -178.43 -5.56 1.185 0x0000FF
-98.65 -190.64 -6.24 -96.28 -183.35 -5.71 1.095 0x0000FF
-100.11 -195.55 -6.39 -98.65 -190.64 -6.24 1.095 0x0000FF
-101.02 -199.56 -5.56 -100.11 -195.55 -6.39 1.095 0x0000FF
-105.76 -212.13 -4.88 -101.02 -199.56 -5.56 1.095 0x0000FF
-107.22 -218.15 -4.65 -105.76 -212.13 -4.88 1.005 0x0000FF
-108.5 -223.61 -4.2 -107.22 -218.15 -4.65 1.005 0x0000FF
-109.96 -235.64 -3.59 -108.5 -223.61 -4.2 1.005 0x0000FF
-111.24 -243.84 -3.14 -109.96 -235.64 -3.59 1.005 0x0000FF
-112.33 -247.85 -3.06 -111.24 -243.84 -3.14 1.005 0x0000FF
-114.8 -255.22 -2.61 -112.33 -247.85 -3.06 1.005 0x0000FF
-116.26 -263.24 -2.38 -114.8 -255.22 -2.61 1.005 0x0000FF
-117.53 -271.44 -1.85 -116.26 -263.24 -2.38 1.005 0x0000FF
-119.72 -282.37 -1.24 -117.53 -271.44 -1.85 1.005 0x0000FF
-120.27 -286.56 -1.47 -119.72 -282.37 -1.24 1.005 0x0000FF
-120.09 -289.66 -2.52 -120.27 -286.56 -1.47 1.005 0x0000FF
-121.0 -293.3 -2.76 -120.09 -289.66 -2.52 1.005 0x0000FF
-123.01 -298.58 -2.91 -121.0 -293.3 -2.76 1.005 0x0000FF
-123.37 -302.41 -2.52 -123.01 -298.58 -2.91 0.73 0x0000FF
-123.37 -303.69 -1.39 -123.37 -302.41 -2.52 0.73 0x0000FF
-123.74 -304.42 -1.85 -123.37 -303.69 -1.39 0.73 0x0000FF
-123.92 -306.24 -2.15 -123.74 -304.42 -1.85 0.73 0x0000FF
-124.83 -308.97 -3.21 -123.92 -306.24 -2.15 0.73 0x0000FF
-127.02 -312.98 -5.03 -124.83 -308.97 -3.21 0.73 0x0000FF
-128.47 -316.08 -5.86 -127.02 -312.98 -5.03 0.73 0x0000FF
-131.58 -321.0 -8.06 -128.47 -316.08 -5.86 0.73 0x0000FF
-134.87 -325.19 -9.35 -131.58 -321.0 -8.06 0.73 0x0000FF
-137.97 -328.29 -11.09 -134.87 -325.19 -9.35 0.73 0x0000FF
-140.16 -331.75 -12.23 -137.97 -328.29 -11.09 0.73 0x0000FF
-142.71 -334.66 -12.91 -140.16 -331.75 -12.23 0.73 0x0000FF
-146.0 -339.03 -14.35 -142.71 -334.66 -12.91 0.73 0x0000FF
-151.25 -347.07 -15.79 -146.0 -339.03 -14.35 0.64 0x0000FF
-153.62 -349.26 -16.85 -151.25 -347.07 -15.79 0.64 0x0000FF
-156.0 -351.81 -17.53 -153.62 -349.26 -16.85 0.64 0x0000FF
-158.55 -356.91 -19.64 -156.0 -351.81 -17.53 0.64 0x0000FF
-162.02 -361.28 -20.94 -158.55 -356.91 -19.64 0.64 0x0000FF
-164.94 -364.74 -21.69 -162.02 -361.28 -20.94 0.64 0x0000FF
-168.4 -368.02 -22.91 -164.94 -364.74 -21.69 0.545 0x0000FF
-171.69 -371.12 -24.57 -168.4 -368.02 -22.91 0.545 0x0000FF
-175.34 -374.04 -25.26 -171.69 -371.12 -24.57 0.545 0x0000FF
-177.89 -376.59 -27.07 -175.34 -374.04 -25.26 0.545 0x0000FF
-180.26 -379.32 -29.42 -177.89 -376.59 -27.07 0.545 0x0000FF
-181.54 -382.78 -31.47 -180.26 -379.32 -29.42 0.545 0x0000FF
-185.79 -384.5 -31.54 -181.54 -382.78 -31.47 0.455 0x0000FF
-188.52 -384.32 -31.39 -185.79 -384.5 -31.54 0.455 0x0000FF
-191.08 -385.05 -33.28 -188.52 -384.32 -31.39 0.455 0x0000FF
-194.36 -385.05 -35.4 -191.08 -385.05 -33.28 0.455 0x0000FF
-199.29 -385.59 -38.36 -194.36 -385.05 -35.4 0.455 0x0000FF
-200.56 -386.14 -39.34 -199.29 -385.59 -38.36 0.365 0x0000FF
-181.72 -386.97 -31.85 -181.54 -382.78 -31.47 0.455 0x0000FF
-182.27 -391.89 -33.59 -181.72 -386.97 -31.85 0.455 0x0000FF
-182.09 -396.45 -34.79 -182.27 -391.89 -33.59 0.455 0x0000FF
-181.54 -399.73 -35.78 -182.09 -396.45 -34.79 0.455 0x0000FF
-178.8 -404.83 -37.07 -181.54 -399.73 -35.78 0.455 0x0000FF
-176.98 -409.38 -38.36 -178.8 -404.83 -37.07 0.455 0x0000FF
-175.15 -417.76 -40.56 -176.98 -409.38 -38.36 0.455 0x0000FF
-175.15 -423.05 -41.31 -175.15 -417.76 -40.56 0.455 0x0000FF
-173.88 -431.79 -42.53 -175.15 -423.05 -41.31 0.455 0x0000FF
-124.29 -302.95 -2.98 -123.01 -298.58 -2.91 0.91 0x0000FF
-124.83 -307.14 -2.98 -124.29 -302.95 -2.98 0.64 0x0000FF
-125.75 -310.61 -2.98 -124.83 -307.14 -2.98 0.64 0x0000FF
-126.66 -314.44 -2.98 -125.75 -310.61 -2.98 0.545 0x0000FF
-126.84 -318.63 -3.14 -126.66 -314.44 -2.98 0.545 0x0000FF
-126.84 -321.54 -3.14 -126.84 -318.63 -3.14 0.545 0x0000FF
-126.29 -323.55 -3.36 -126.84 -321.54 -3.14 0.545 0x0000FF
-58.44 -66.2 -3.97 -59.17 -64.01 -4.26 0.73 0x0000FF
-57.52 -68.56 -3.21 -58.44 -66.2 -3.97 0.73 0x0000FF
-57.16 -70.39 -2.98 -57.52 -68.56 -3.21 0.73 0x0000FF
-55.52 -74.76 -2.15 -57.16 -70.39 -2.98 0.73 0x0000FF
-54.06 -76.76 -1.24 -55.52 -74.76 -2.15 0.73 0x0000FF
-50.96 -79.31 -0.33 -54.06 -76.76 -1.24 0.73 0x0000FF
-46.03 -82.59 0.12 -50.96 -79.31 -0.33 0.73 0x0000FF
-41.47 -86.24 1.18 -46.03 -82.59 0.12 0.73 0x0000FF
-40.56 -86.97 2.54 -41.47 -86.24 1.18 0.73 0x0000FF
-37.64 -88.97 3.08 -40.56 -86.97 2.54 0.73 0x0000FF
-35.27 -90.61 3.38 -37.64 -88.97 3.08 0.73 0x0000FF
-33.26 -92.98 4.21 -35.27 -90.61 3.38 0.73 0x0000FF
-30.34 -96.26 4.67 -33.26 -92.98 4.21 0.73 0x0000FF
-27.97 -101.54 5.88 -30.34 -96.26 4.67 0.73 0x0000FF
-26.14 -104.28 7.54 -27.97 -101.54 5.88 0.73 0x0000FF
-23.59 -108.65 8.15 -26.14 -104.28 7.54 0.73 0x0000FF
-20.49 -113.2 8.91 -23.59 -108.65 8.15 0.73 0x0000FF
-17.57 -121.04 9.97 -20.49 -113.2 8.91 0.64 0x0000FF
-14.83 -127.42 10.73 -17.57 -121.04 9.97 0.64 0x0000FF
-12.46 -131.97 11.33 -14.83 -127.42 10.73 0.64 0x0000FF
-8.26 -137.97 11.94 -12.46 -131.97 11.33 0.64 0x0000FF
-4.25 -143.09 12.17 -8.26 -137.97 11.94 0.64 0x0000FF
-2.24 -147.82 12.77 -4.25 -143.09 12.17 0.455 0x0000FF
-55.83 -38.81 -6.32 -52.18 -36.44 -7.23 0.365 0x0000FF
-58.38 -39.17 -6.24 -55.83 -38.81 -6.32 0.365 0x0000FF
-59.48 -37.35 -6.32 -58.38 -39.17 -6.24 0.365 0x0000FF
-64.41 -34.44 -5.79 -59.48 -37.35 -6.32 0.365 0x0000FF
-68.78 -32.97 -5.03 -64.41 -34.44 -5.79 0.365 0x0000FF
-75.9 -29.7 -3.82 -68.78 -32.97 -5.03 0.365 0x0000FF
-81.92 -27.15 -3.74 -75.9 -29.7 -3.82 0.365 0x0000FF
-91.41 -23.14 -2.98 -81.92 -27.15 -3.74 0.365 0x0000FF
-96.15 -18.39 -2.38 -91.41 -23.14 -2.98 0.365 0x0000FF
-101.08 -12.03 -1.92 -96.15 -18.39 -2.38 0.365 0x0000FF
-116.59 -2.37 -0.94 -101.08 -12.03 -1.92 0.365 0x0000FF
-124.43 1.09 0.35 -116.59 -2.37 -0.94 0.365 0x0000FF
-135.75 8.02 1.03 -124.43 1.09 0.35 0.365 0x0000FF
-158.0 29.15 2.77 -135.75 8.02 1.03 0.365 0x0000FF
-165.62 32.11 3.3 -158.0 29.15 2.77 0.365 0x0000FF
-66.95 -41.72 -5.64 -58.38 -39.17 -6.24 0.365 0x0000FF
-70.97 -42.82 -5.03 -66.95 -41.72 -5.64 0.365 0x0000FF
-75.72 -43.91 -4.2 -70.97 -42.82 -5.03 0.365 0x0000FF
-79.73 -45.91 -3.44 -75.72 -43.91 -4.2 0.365 0x0000FF
-83.75 -48.1 -2.45 -79.73 -45.91 -3.44 0.365 0x0000FF
-90.31 -51.56 -1.62 -83.75 -48.1 -2.45 0.365 0x0000FF
-96.7 -53.75 -0.94 -90.31 -51.56 -1.62 0.365 0x0000FF
-103.09 -54.48 -0.41 -96.7 -53.75 -0.94 0.365 0x0000FF
-108.92 -52.84 0.2 -103.09 -54.48 -0.41 0.365 0x0000FF
-115.49 -46.46 1.86 -108.92 -52.84 0.2 0.365 0x0000FF
-125.35 -41.72 2.62 -115.49 -46.46 1.86 0.365 0x0000FF
-130.27 -41.72 3.15 -125.35 -41.72 2.62 0.365 0x0000FF
-134.65 -41.72 5.88 -130.27 -41.72 3.15 0.365 0x0000FF
-137.93 -40.63 6.94 -134.65 -41.72 5.88 0.365 0x0000FF
-140.31 -40.81 8.76 -137.93 -40.63 6.94 0.365 0x0000FF
-144.13 -41.36 11.03 -140.31 -40.81 8.76 0.365 0x0000FF
-148.15 -41.18 12.77 -144.13 -41.36 11.03 0.365 0x0000FF
-45.43 -23.69 -5.41 -46.16 -21.68 -5.33 0.91 0x0000FF
-43.79 -26.05 -5.41 -45.43 -23.69 -5.41 0.455 0x0000FF
-42.33 -26.97 -5.41 -43.79 -26.05 -5.41 0.455 0x0000FF
-38.32 -28.42 -5.33 -42.33 -26.97 -5.41 0.455 0x0000FF
-36.13 -28.79 -4.65 -38.32 -28.42 -5.33 0.455 0x0000FF
-31.2 -28.79 -3.97 -36.13 -28.79 -4.65 0.455 0x0000FF
-27.0 -28.79 -3.44 -31.2 -28.79 -3.97 0.365 0x0000FF
-18.25 -29.15 -6.62 -27.0 -28.79 -3.44 0.365 0x0000FF
-15.14 -29.52 -6.17 -18.25 -29.15 -6.62 0.365 0x0000FF
-11.86 -29.7 -6.17 -15.14 -29.52 -6.17 0.365 0x0000FF
-8.39 -30.06 -6.01 -11.86 -29.7 -6.17 0.365 0x0000FF
-4.74 -30.61 -5.41 -8.39 -30.06 -6.01 0.365 0x0000FF
0.55 -31.34 -4.65 -4.74 -30.61 -5.41 0.365 0x0000FF
3.47 -31.16 -5.18 0.55 -31.34 -4.65 0.365 0x0000FF
5.47 -31.34 -6.01 3.47 -31.16 -5.18 0.365 0x0000FF
6.75 -31.52 -7.45 5.47 -31.34 -6.01 0.365 0x0000FF
9.31 -31.16 -8.14 6.75 -31.52 -7.45 0.365 0x0000FF
11.49 -30.43 -9.19 9.31 -31.16 -8.14 0.365 0x0000FF
15.51 -30.06 -10.94 11.49 -30.43 -9.19 0.365 0x0000FF
17.88 -29.88 -11.24 15.51 -30.06 -10.94 0.365 0x0000FF
20.62 -29.52 -12.07 17.88 -29.88 -11.24 0.365 0x0000FF
22.99 -29.52 -12.45 20.62 -29.52 -12.07 0.365 0x0000FF
25.54 -29.7 -13.06 22.99 -29.52 -12.45 0.365 0x0000FF
26.82 -29.88 -14.73 25.54 -29.7 -13.06 0.365 0x0000FF
27.37 -29.88 -15.26 26.82 -29.88 -14.73 0.365 0x0000FF
31.38 -30.61 -16.7 27.37 -29.88 -15.26 0.365 0x0000FF
31.75 -30.61 -17.07 31.38 -30.61 -16.7 0.365 0x0000FF
32.65 -30.79 -17.82 31.75 -30.61 -17.07 0.365 0x0000FF
35.76 -32.07 -18.73 32.65 -30.79 -17.82 0.365 0x0000FF
37.77 -32.79 -19.2 35.76 -32.07 -18.73 0.365 0x0000FF
41.05 -34.61 -19.88 37.77 -32.79 -19.2 0.365 0x0000FF
45.25 -36.61 -20.94 41.05 -34.61 -19.88 0.365 0x0000FF
47.8 -38.08 -21.69 45.25 -36.61 -20.94 0.365 0x0000FF
52.18 -40.27 -22.3 47.8 -38.08 -21.69 0.365 0x0000FF
53.82 -40.99 -22.83 52.18 -40.27 -22.3 0.365 0x0000FF
57.11 -43.0 -24.04 53.82 -40.99 -22.83 0.365 0x0000FF
58.57 -44.09 -24.72 57.11 -43.0 -24.04 0.365 0x0000FF
60.76 -45.55 -26.09 58.57 -44.09 -24.72 0.365 0x0000FF
64.22 -47.92 -26.69 60.76 -45.55 -26.09 0.365 0x0000FF
68.23 -49.19 -27.53 64.22 -47.92 -26.69 0.365 0x0000FF
69.7 -49.92 -28.74 68.23 -49.19 -27.53 0.365 0x0000FF
72.43 -50.83 -29.19 69.7 -49.92 -28.74 0.365 0x0000FF
74.62 -51.38 -29.35 72.43 -50.83 -29.19 0.365 0x0000FF
77.18 -51.02 -30.03 74.62 -51.38 -29.35 0.365 0x0000FF
