-38.24 22.09 112.84 -32.79 24.31 111.33 1.37 0x0000FF
-40.43 22.45 113.52 -38.24 22.09 112.84 1.275 0x0000FF
-41.53 22.27 114.05 -40.43 22.45 113.52 1.275 0x0000FF
-43.9 23.55 114.58 -41.53 22.27 114.05 1.275 0x0000FF
-44.63 23.91 114.58 -43.9 23.55 114.58 1.275 0x0000FF
-46.82 26.82 112.23 -44.63 23.91 114.58 0.73 0x0000FF
-46.82 27.37 111.85 -46.82 26.82 112.23 0.73 0x0000FF
-46.82 28.28 111.02 -46.82 27.37 111.85 0.73 0x0000FF
-47.0 28.46 109.96 -46.82 28.28 111.02 0.73 0x0000FF
-49.55 30.29 110.79 -47.0 28.46 109.96 0.545 0x0000FF
-50.1 31.93 111.17 -49.55 30.29 110.79 0.545 0x0000FF
-51.38 33.75 111.32 -50.1 31.93 111.17 0.545 0x0000FF
-52.84 36.29 111.63 -51.38 33.75 111.32 0.545 0x0000FF
-53.75 42.76 119.28 -52.84 36.29 111.63 0.455 0x0000FF
-55.57 47.49 119.28 -53.75 42.76 119.28 0.365 0x0000FF
-58.86 50.77 119.35 -55.57 47.49 119.28 0.365 0x0000FF
-62.69 57.51 119.35 -58.86 50.77 119.35 0.365 0x0000FF
-63.05 63.71 119.43 -62.69 57.51 119.35 0.365 0x0000FF
-63.42 69.18 119.43 -63.05 63.71 119.43 0.365 0x0000FF
-66.88 75.01 119.05 -63.42 69.18 119.43 0.365 0x0000FF
-68.53 77.01 118.97 -66.88 75.01 119.05 0.365 0x0000FF
-71.26 80.47 119.28 -68.53 77.01 118.97 0.365 0x0000FF
-74.0 83.93 119.43 -71.26 80.47 119.28 0.365 0x0000FF
-75.45 85.76 119.73 -74.0 83.93 119.43 0.365 0x0000FF
-76.55 87.03 119.96 -75.45 85.76 119.73 0.365 0x0000FF
-77.09 88.49 120.26 -76.55 87.03 119.96 0.365 0x0000FF
-77.65 89.95 120.49 -77.09 88.49 120.26 0.365 0x0000FF
-78.2 92.68 120.87 -77.65 89.95 120.49 0.365 0x0000FF
-78.2 95.59 121.17 -78.2 92.68 120.87 0.365 0x0000FF
-78.56 97.6 121.32 -78.2 95.59 121.17 0.365 0x0000FF
-78.56 99.42 120.03 -78.56 97.6 121.32 0.275 0x0000FF
-57.04 41.95 111.93 -52.84 36.29 111.63 0.455 0x0000FF
-58.5 44.5 112.08 -57.04 41.95 111.93 0.455 0x0000FF
-60.5 46.5 112.38 -58.5 44.5 112.08 0.455 0x0000FF
-63.79 49.05 112.84 -60.5 46.5 112.38 0.455 0x0000FF
-64.88 49.78 112.46 -63.79 49.05 112.84 0.455 0x0000FF
-69.44 50.51 111.55 -64.88 49.78 112.46 0.455 0x0000FF
-76.38 52.7 111.63 -69.44 50.51 111.55 0.455 0x0000FF
-81.48 54.34 111.47 -76.38 52.7 111.63 0.455 0x0000FF
-87.69 54.7 110.72 -81.48 54.34 111.47 0.455 0x0000FF
-96.26 55.25 109.66 -87.69 54.7 110.72 0.455 0x0000FF
-99.55 55.98 109.2 -96.26 55.25 109.66 0.455 0x0000FF
-102.83 57.25 108.97 -99.55 55.98 109.2 0.365 0x0000FF
-109.22 57.8 109.05 -102.83 57.25 108.97 0.365 0x0000FF
-116.52 59.07 109.43 -109.22 57.8 109.05 0.365 0x0000FF
-126.91 61.44 109.5 -116.52 59.07 109.43 0.365 0x0000FF
-135.31 63.26 109.66 -126.91 61.44 109.5 0.365 0x0000FF
-141.69 63.26 109.88 -135.31 63.26 109.66 0.365 0x0000FF
-153.37 62.54 110.19 -141.69 63.26 109.88 0.365 0x0000FF
-157.57 62.54 109.66 -153.37 62.54 110.19 0.365 0x0000FF
-163.04 63.81 108.9 -157.57 62.54 109.66 0.365 0x0000FF
-166.14 64.26 115.79 -163.04 63.81 108.9 0.365 0x0000FF
-170.7 64.62 114.2 -166.14 64.26 115.79 0.365 0x0000FF
-179.46 66.08 112.91 -170.7 64.62 114.2 0.365 0x0000FF
-184.57 67.34 112.99 -179.46 66.08 112.91 0.365 0x0000FF
-187.85 68.98 113.97 -184.57 67.34 112.99 0.365 0x0000FF
-189.49 70.09 114.58 -187.85 68.98 113.97 0.365 0x0000FF
-191.13 73.0 114.81 -189.49 70.09 114.58 0.275 0x0000FF
-190.77 74.64 114.88 -191.13 73.0 114.81 0.275 0x0000FF
-190.77 76.09 113.44 -190.77 74.64 114.88 0.275 0x0000FF
-191.68 77.92 111.78 -190.77 76.09 113.44 0.275 0x0000FF
-192.41 79.2 110.64 -191.68 77.92 111.78 0.275 0x0000FF
-193.14 80.29 109.13 -192.41 79.2 110.64 0.275 0x0000FF
-192.96 81.38 108.06 -193.14 80.29 109.13 0.275 0x0000FF
-192.23 82.11 106.93 -192.96 81.38 108.06 0.275 0x0000FF
-103.93 59.44 108.37 -99.55 55.98 109.2 0.365 0x0000FF
-108.49 60.17 108.22 -103.93 59.44 108.37 0.365 0x0000FF
-110.86 60.71 108.22 -108.49 60.17 108.22 0.365 0x0000FF
-47.73 30.1 108.06 -47.0 28.46 109.96 0.64 0x0000FF
-48.46 30.47 108.44 -47.73 30.1 108.06 0.64 0x0000FF
-48.46 30.47 108.29 -48.46 30.47 108.44 0.64 0x0000FF
-48.46 32.47 104.88 -48.46 30.47 108.29 0.64 0x0000FF
-48.1 33.75 101.63 -48.46 32.47 104.88 0.455 0x0000FF
-47.0 34.84 100.94 -48.1 33.75 101.63 0.455 0x0000FF
-46.82 35.39 99.13 -47.0 34.84 100.94 0.455 0x0000FF
-46.09 36.47 97.76 -46.82 35.39 99.13 0.455 0x0000FF
-45.54 37.03 95.94 -46.09 36.47 97.76 0.455 0x0000FF
-44.81 37.94 94.13 -45.54 37.03 95.94 0.455 0x0000FF
-44.45 38.85 93.52 -44.81 37.94 94.13 0.455 0x0000FF
-43.53 40.13 92.31 -44.45 38.85 93.52 0.455 0x0000FF
-43.17 41.58 90.11 -43.53 40.13 92.31 0.455 0x0000FF
-43.72 42.86 88.22 -43.17 41.58 90.11 0.455 0x0000FF
-43.9 43.95 87.46 -43.72 42.86 88.22 0.455 0x0000FF
-43.9 45.59 86.7 -43.9 43.95 87.46 0.455 0x0000FF
-43.35 47.6 84.89 -43.9 45.59 86.7 0.455 0x0000FF
-43.53 48.87 84.2 -43.35 47.6 84.89 0.455 0x0000FF
-44.26 49.96 82.92 -43.53 48.87 84.2 0.455 0x0000FF
-44.45 50.88 81.78 -44.26 49.96 82.92 0.455 0x0000FF
-44.08 52.7 80.11 -44.45 50.88 81.78 0.455 0x0000FF
-43.53 55.25 78.98 -44.08 52.7 80.11 0.455 0x0000FF
-43.17 56.52 77.61 -43.53 55.25 78.98 0.455 0x0000FF
-41.53 59.44 76.25 -43.17 56.52 77.61 0.365 0x0000FF
-40.43 60.9 74.81 -41.53 59.44 76.25 0.365 0x0000FF
-38.97 62.54 73.3 -40.43 60.9 74.81 0.365 0x0000FF
-37.33 64.54 72.69 -38.97 62.54 73.3 0.365 0x0000FF
-36.78 66.36 70.19 -37.33 64.54 72.69 0.365 0x0000FF
-36.24 68.37 68.37 -36.78 66.36 70.19 0.365 0x0000FF
-36.24 70.19 67.08 -36.24 68.37 68.37 0.365 0x0000FF
-47.0 24.64 114.66 -44.63 23.91 114.58 0.73 0x0000FF
-48.09 24.72 114.66 -47.0 24.64 114.66 0.73 0x0000FF
-48.46 23.44 114.66 -48.09 24.72 114.66 0.73 0x0000FF
-49.73 22.53 115.11 -48.46 23.44 114.66 0.73 0x0000FF
-50.64 21.99 114.5 -49.73 22.53 115.11 0.73 0x0000FF
-51.74 21.26 113.22 -50.64 21.99 114.5 0.73 0x0000FF
-53.56 19.62 112.08 -51.74 21.26 113.22 0.73 0x0000FF
-55.02 18.52 111.09 -53.56 19.62 112.08 0.73 0x0000FF
-54.84 16.52 111.25 -55.02 18.52 111.09 0.455 0x0000FF
-54.29 15.43 111.7 -54.84 16.52 111.25 0.455 0x0000FF
-54.48 13.24 112.16 -54.29 15.43 111.7 0.455 0x0000FF
-54.84 11.78 112.46 -54.48 13.24 112.16 0.455 0x0000FF
-55.57 10.14 111.63 -54.84 11.78 112.46 0.455 0x0000FF
-56.12 8.68 111.09 -55.57 10.14 111.63 0.455 0x0000FF
-56.67 7.05 109.96 -56.12 8.68 111.09 0.455 0x0000FF
-57.58 5.22 108.9 -56.67 7.05 109.96 0.455 0x0000FF
-59.4 3.04 108.22 -57.58 5.22 108.9 0.455 0x0000FF
-61.41 1.4 107.23 -59.4 3.04 108.22 0.455 0x0000FF
-64.88 -1.52 105.41 -61.41 1.4 107.23 0.455 0x0000FF
-68.34 -3.34 105.11 -64.88 -1.52 105.41 0.455 0x0000FF
-70.34 -5.53 104.35 -68.34 -3.34 105.11 0.455 0x0000FF
-72.54 -6.62 103.67 -70.34 -5.53 104.35 0.455 0x0000FF
-75.09 -7.9 102.38 -72.54 -6.62 103.67 0.455 0x0000FF
-76.55 -9.17 102.0 -75.09 -7.9 102.38 0.455 0x0000FF
-78.73 -10.45 101.02 -76.55 -9.17 102.0 0.455 0x0000FF
-82.57 -12.45 100.26 -78.73 -10.45 101.02 0.455 0x0000FF
-86.41 -13.91 99.35 -82.57 -12.45 100.26 0.455 0x0000FF
-91.88 -16.09 98.22 -86.41 -13.91 99.35 0.455 0x0000FF
-93.34 -17.01 97.16 -91.88 -16.09 98.22 0.455 0x0000FF
-96.08 -18.1 96.02 -93.34 -17.01 97.16 0.455 0x0000FF
-97.17 -18.82 94.66 -96.08 -18.1 96.02 0.455 0x0000FF
-99.36 -19.55 93.6 -97.17 -18.82 94.66 0.455 0x0000FF
-100.65 -20.26 83.22 -99.36 -19.55 93.6 0.365 0x0000FF
-101.38 -20.44 81.55 -100.65 -20.26 83.22 0.365 0x0000FF
-102.66 -20.8 79.95 -101.38 -20.44 81.55 0.365 0x0000FF
-103.39 -21.17 79.43 -102.66 -20.8 79.95 0.365 0x0000FF
-104.3 -21.53 77.45 -103.39 -21.17 79.43 0.365 0x0000FF
-105.4 -22.62 76.4 -104.3 -21.53 77.45 0.365 0x0000FF
-106.86 -24.81 75.11 -105.4 -22.62 76.4 0.365 0x0000FF
-108.13 -27.0 73.59 -106.86 -24.81 75.11 0.365 0x0000FF
-109.59 -29.18 72.31 -108.13 -27.0 73.59 0.365 0x0000FF
-110.87 -31.55 71.02 -109.59 -29.18 72.31 0.365 0x0000FF
-114.7 -34.65 69.43 -110.87 -31.55 71.02 0.365 0x0000FF
-117.99 -36.11 67.84 -114.7 -34.65 69.43 0.275 0x0000FF
-119.99 -36.47 66.93 -117.99 -36.11 67.84 0.275 0x0000FF
-122.91 -36.84 66.09 -119.99 -36.47 66.93 0.275 0x0000FF
-59.04 17.61 110.56 -55.02 18.52 111.09 0.545 0x0000FF
-62.5 17.98 110.34 -59.04 17.61 110.56 0.545 0x0000FF
-66.34 17.98 110.11 -62.5 17.98 110.34 0.545 0x0000FF
-69.44 17.79 109.73 -66.34 17.98 110.11 0.545 0x0000FF
-72.9 16.88 109.28 -69.44 17.79 109.73 0.545 0x0000FF
-77.47 14.88 108.75 -72.9 16.88 109.28 0.545 0x0000FF
-82.57 12.88 108.37 -77.47 14.88 108.75 0.545 0x0000FF
-89.14 10.51 107.61 -82.57 12.88 108.37 0.455 0x0000FF
-90.24 8.68 107.38 -89.14 10.51 107.61 0.455 0x0000FF
-90.42 6.32 107.08 -90.24 8.68 107.38 0.455 0x0000FF
-89.69 3.58 106.55 -90.42 6.32 107.08 0.455 0x0000FF
-90.05 1.21 106.32 -89.69 3.58 106.55 0.455 0x0000FF
-90.05 -2.06 106.1 -90.05 1.21 106.32 0.455 0x0000FF
-50.28 25.91 115.11 -48.09 24.72 114.66 0.73 0x0000FF
-56.67 25.91 115.34 -50.28 25.91 115.11 0.64 0x0000FF
-61.41 24.09 115.64 -56.67 25.91 115.34 0.64 0x0000FF
-63.6 22.09 116.09 -61.41 24.09 115.64 0.64 0x0000FF
-65.06 20.81 116.62 -63.6 22.09 116.09 0.64 0x0000FF
-66.7 18.07 117.38 -65.06 20.81 116.62 0.64 0x0000FF
-67.98 14.62 117.91 -66.7 18.07 117.38 0.64 0x0000FF
-69.62 10.97 118.29 -67.98 14.62 117.91 0.64 0x0000FF
-70.34 8.97 118.9 -69.62 10.97 118.29 0.64 0x0000FF
-71.81 6.24 119.5 -70.34 8.97 118.9 0.64 0x0000FF
-73.64 3.69 120.11 -71.81 6.24 119.5 0.545 0x0000FF
-75.28 2.59 120.72 -73.64 3.69 120.11 0.545 0x0000FF
-76.73 2.23 121.4 -75.28 2.59 120.72 0.365 0x0000FF
-77.29 2.41 122.38 -76.73 2.23 121.4 0.365 0x0000FF
-78.38 2.77 123.14 -77.29 2.41 122.38 0.365 0x0000FF
-79.48 2.96 123.82 -78.38 2.77 123.14 0.365 0x0000FF
-81.3 3.14 126.85 -79.48 2.96 123.82 0.365 0x0000FF
-77.29 -0.69 122.76 -75.28 2.59 120.72 0.455 0x0000FF
-79.29 -2.69 123.29 -77.29 -0.69 122.76 0.455 0x0000FF
-80.39 -3.6 123.75 -79.29 -2.69 123.29 0.455 0x0000FF
-83.31 -5.61 124.28 -80.39 -3.6 123.75 0.365 0x0000FF
-85.13 -6.88 124.81 -83.31 -5.61 124.28 0.365 0x0000FF
-86.96 -7.98 126.17 -85.13 -6.88 124.81 0.365 0x0000FF
-88.05 -8.69 127.0 -86.96 -7.98 126.17 0.365 0x0000FF
-90.06 -10.34 127.61 -88.05 -8.69 127.0 0.365 0x0000FF
-94.26 -11.98 128.44 -90.06 -10.34 127.61 0.275 0x0000FF
-97.54 -12.89 128.97 -94.26 -11.98 128.44 0.275 0x0000FF
-102.47 -15.99 130.87 -97.54 -12.89 128.97 0.275 0x0000FF
-35.7 32.4 121.32 -32.79 24.31 111.33 1.37 0x0000FF
-36.79 34.95 121.32 -35.7 32.4 121.32 1.37 0x0000FF
-38.25 37.86 121.32 -36.79 34.95 121.32 1.37 0x0000FF
-40.88 40.67 120.49 -38.25 37.86 121.32 0.82 0x0000FF
-43.8 43.4 120.56 -40.88 40.67 120.49 0.82 0x0000FF
-46.53 45.77 120.64 -43.8 43.4 120.56 0.82 0x0000FF
-47.45 46.5 120.64 -46.53 45.77 120.64 0.82 0x0000FF
-49.7 49.23 120.03 -47.45 46.5 120.64 0.365 0x0000FF
-50.61 51.24 120.03 -49.7 49.23 120.03 0.365 0x0000FF
-52.44 55.06 120.03 -50.61 51.24 120.03 0.365 0x0000FF
-57.18 57.62 120.03 -52.44 55.06 120.03 0.365 0x0000FF
-59.19 61.44 120.03 -57.18 57.62 120.03 0.365 0x0000FF
-59.55 65.09 120.03 -59.19 61.44 120.03 0.365 0x0000FF
-58.09 70.19 120.03 -59.55 65.09 120.03 0.365 0x0000FF
-56.63 72.37 119.12 -58.09 70.19 120.03 0.365 0x0000FF
-56.63 72.56 117.99 -56.63 72.37 119.12 0.365 0x0000FF
-54.38 77.84 118.29 -56.63 72.56 117.99 0.365 0x0000FF
-53.47 80.22 117.99 -54.38 77.84 118.29 0.365 0x0000FF
-52.01 83.14 117.31 -53.47 80.22 117.99 0.365 0x0000FF
-49.64 88.24 116.93 -52.01 83.14 117.31 0.365 0x0000FF
-48.18 94.8 116.17 -49.64 88.24 116.93 0.365 0x0000FF
-48.54 99.54 115.49 -48.18 94.8 116.17 0.365 0x0000FF
-48.54 103.91 114.81 -48.54 99.54 115.49 0.365 0x0000FF
-47.81 107.37 114.28 -48.54 103.91 114.81 0.365 0x0000FF
-47.08 110.29 113.22 -47.81 107.37 114.28 0.365 0x0000FF
-46.72 114.66 112.08 -47.08 110.29 113.22 0.365 0x0000FF
-46.54 115.57 111.47 -46.72 114.66 112.08 0.365 0x0000FF
-45.99 117.03 110.41 -46.54 115.57 111.47 0.365 0x0000FF
-45.26 118.67 109.28 -45.99 117.03 110.41 0.365 0x0000FF
-44.16 121.22 107.53 -45.26 118.67 109.28 0.365 0x0000FF
-44.16 123.4 107.08 -44.16 121.22 107.53 0.365 0x0000FF
-44.35 128.32 105.87 -44.16 123.4 107.08 0.365 0x0000FF
-44.53 135.06 104.73 -44.35 128.32 105.87 0.365 0x0000FF
-45.99 139.44 103.44 -44.53 135.06 104.73 0.365 0x0000FF
-49.64 147.63 102.61 -45.99 139.44 103.44 0.365 0x0000FF
-50.0 154.56 101.63 -49.64 147.63 102.61 0.365 0x0000FF
-56.45 78.56 117.69 -56.63 72.56 117.99 0.365 0x0000FF
-56.63 81.3 117.23 -56.45 78.56 117.69 0.365 0x0000FF
-56.45 89.14 116.85 -56.63 81.3 117.23 0.365 0x0000FF
-55.72 95.33 116.62 -56.45 89.14 116.85 0.365 0x0000FF
-56.09 96.97 116.47 -55.72 95.33 116.62 0.365 0x0000FF
-55.11 101.36 115.79 -56.09 96.97 116.47 0.365 0x0000FF
-55.29 104.82 116.4 -55.11 101.36 115.79 0.365 0x0000FF
-56.39 110.1 117.31 -55.29 104.82 116.4 0.365 0x0000FF
-56.75 114.66 117.99 -56.39 110.1 117.31 0.365 0x0000FF
-57.12 117.94 118.59 -56.75 114.66 117.99 0.365 0x0000FF
-57.12 121.58 119.28 -57.12 117.94 118.59 0.365 0x0000FF
-57.48 124.5 119.81 -57.12 121.58 119.28 0.365 0x0000FF
-57.85 126.5 120.49 -57.48 124.5 119.81 0.365 0x0000FF
-57.85 128.69 120.79 -57.85 126.5 120.49 0.365 0x0000FF
-49.64 46.86 120.72 -47.45 46.5 120.64 0.73 0x0000FF
-52.74 46.68 121.02 -49.64 46.86 120.72 0.73 0x0000FF
-55.66 45.77 121.25 -52.74 46.68 121.02 0.73 0x0000FF
-59.67 42.31 121.32 -55.66 45.77 121.25 0.64 0x0000FF
-63.5 39.57 121.55 -59.67 42.31 121.32 0.64 0x0000FF
-67.88 38.11 121.7 -63.5 39.57 121.55 0.64 0x0000FF
-73.72 36.47 121.93 -67.88 38.11 121.7 0.64 0x0000FF
-83.75 34.47 122.76 -73.72 36.47 121.93 0.64 0x0000FF
-87.04 33.01 122.91 -83.75 34.47 122.76 0.64 0x0000FF
-91.05 30.65 123.44 -87.04 33.01 122.91 0.545 0x0000FF
-95.43 28.64 123.75 -91.05 30.65 123.44 0.545 0x0000FF
-98.35 26.82 124.43 -95.43 28.64 123.75 0.545 0x0000FF
-101.27 25.18 125.11 -98.35 26.82 124.43 0.545 0x0000FF
-104.01 23.9 125.79 -101.27 25.18 125.11 0.545 0x0000FF
-108.2 22.26 126.85 -104.01 23.9 125.79 0.545 0x0000FF
-110.76 21.35 127.99 -108.2 22.26 126.85 0.545 0x0000FF
-114.22 20.62 129.43 -110.76 21.35 127.99 0.545 0x0000FF
-116.23 20.26 130.71 -114.22 20.62 129.43 0.545 0x0000FF
-120.61 18.98 131.02 -116.23 20.26 130.71 0.545 0x0000FF
-125.24 19.89 130.94 -120.61 18.98 131.02 0.365 0x0000FF
-128.52 20.45 130.63 -125.24 19.89 130.94 0.365 0x0000FF
-130.16 20.81 130.18 -128.52 20.45 130.63 0.365 0x0000FF
-130.88 21.9 131.4 -130.16 20.81 130.18 0.365 0x0000FF
-131.8 24.09 132.15 -130.88 21.9 131.4 0.365 0x0000FF
-133.08 25.91 132.91 -131.8 24.09 132.15 0.365 0x0000FF
-133.81 27.01 133.44 -133.08 25.91 132.91 0.365 0x0000FF
-136.18 28.28 135.18 -133.81 27.01 133.44 0.365 0x0000FF
-137.63 29.01 136.4 -136.18 28.28 135.18 0.365 0x0000FF
-140.19 29.74 136.93 -137.63 29.01 136.4 0.365 0x0000FF
-141.66 30.1 137.22 -140.19 29.74 136.93 0.365 0x0000FF
-144.03 30.83 138.29 -141.66 30.1 137.22 0.365 0x0000FF
-145.85 31.93 139.19 -144.03 30.83 138.29 0.365 0x0000FF
-147.5 33.2 140.03 -145.85 31.93 139.19 0.365 0x0000FF
-148.96 33.93 140.56 -147.5 33.2 140.03 0.365 0x0000FF
-149.87 34.65 140.94 -148.96 33.93 140.56 0.365 0x0000FF
-151.51 35.93 141.85 -149.87 34.65 140.94 0.365 0x0000FF
-152.6 37.03 144.05 -151.51 35.93 141.85 0.365 0x0000FF
-153.15 37.39 144.58 -152.6 37.03 144.05 0.365 0x0000FF
-153.69 37.76 145.79 -153.15 37.39 144.58 0.365 0x0000FF
-155.34 39.21 146.55 -153.69 37.76 145.79 0.365 0x0000FF
-156.44 40.31 147.76 -155.34 39.21 146.55 0.365 0x0000FF
-157.35 41.04 149.12 -156.44 40.31 147.76 0.365 0x0000FF
-158.63 42.13 150.63 -157.35 41.04 149.12 0.365 0x0000FF
-160.08 42.86 152.15 -158.63 42.13 150.63 0.365 0x0000FF
-161.54 42.68 152.38 -160.08 42.86 152.15 0.365 0x0000FF
-163.19 41.76 153.06 -161.54 42.68 152.38 0.365 0x0000FF
-165.38 39.76 153.66 -163.19 41.76 153.06 0.275 0x0000FF
-124.44 16.62 131.69 -120.61 18.98 131.02 0.545 0x0000FF
-127.54 15.71 132.38 -124.44 16.62 131.69 0.545 0x0000FF
-130.28 14.98 133.29 -127.54 15.71 132.38 0.545 0x0000FF
-131.74 14.43 134.65 -130.28 14.98 133.29 0.545 0x0000FF
-134.11 13.7 135.79 -131.74 14.43 134.65 0.545 0x0000FF
-141.59 11.88 137.22 -134.11 13.7 135.79 0.545 0x0000FF
-150.35 8.96 137.83 -141.59 11.88 137.22 0.365 0x0000FF
-153.09 7.87 138.97 -150.35 8.96 137.83 0.365 0x0000FF
-156.91 6.41 139.35 -153.09 7.87 138.97 0.365 0x0000FF
-159.47 5.32 141.02 -156.91 6.41 139.35 0.365 0x0000FF
-164.22 3.68 142.08 -159.47 5.32 141.02 0.365 0x0000FF
-166.59 2.77 142.61 -164.22 3.68 142.08 0.365 0x0000FF
-173.4 0.95 142.99 -166.59 2.77 142.61 0.365 0x0000FF
-178.88 -0.32 144.27 -173.4 0.95 142.99 0.365 0x0000FF
-181.25 -1.6 142.76 -178.88 -0.32 144.27 0.365 0x0000FF
-186.36 -2.69 141.55 -181.25 -1.6 142.76 0.365 0x0000FF
-191.83 -3.97 140.63 -186.36 -2.69 141.55 0.365 0x0000FF
-200.95 -6.7 139.88 -191.83 -3.97 140.63 0.365 0x0000FF
-206.79 -9.43 139.12 -200.95 -6.7 139.88 0.365 0x0000FF
-212.81 -13.08 138.21 -206.79 -9.43 139.12 0.365 0x0000FF
-215.37 -14.72 139.19 -212.81 -13.08 138.21 0.365 0x0000FF
-219.38 -15.81 140.79 -215.37 -14.72 139.19 0.365 0x0000FF
-223.21 -16.72 141.24 -219.38 -15.81 140.79 0.365 0x0000FF
-225.22 -17.27 142.46 -223.21 -16.72 141.24 0.365 0x0000FF
-227.23 -18.0 143.13 -225.22 -17.27 142.46 0.365 0x0000FF
-229.6 -19.09 143.97 -227.23 -18.0 143.13 0.365 0x0000FF
-231.97 -20.37 144.72 -229.6 -19.09 143.97 0.365 0x0000FF
-232.7 -20.91 145.33 -231.97 -20.37 144.72 0.365 0x0000FF
-234.34 -22.01 147.61 -232.7 -20.91 145.33 0.365 0x0000FF
-235.44 -22.73 148.36 -234.34 -22.01 147.61 0.365 0x0000FF
-236.35 -23.28 149.12 -235.44 -22.73 148.36 0.365 0x0000FF
-237.99 -24.01 149.65 -236.35 -23.28 149.12 0.365 0x0000FF
-239.09 -24.37 150.71 -237.99 -24.01 149.65 0.365 0x0000FF
-240.73 -24.92 152.44 -239.09 -24.37 150.71 0.365 0x0000FF
-242.37 -25.47 153.36 -240.73 -24.92 152.44 0.365 0x0000FF
-246.93 -26.01 154.35 -242.37 -25.47 153.36 0.275 0x0000FF
-38.61 41.14 121.62 -38.25 37.86 121.32 0.73 0x0000FF
-38.79 45.34 121.85 -38.61 41.14 121.62 0.545 0x0000FF
-38.97 50.07 122.08 -38.79 45.34 121.85 0.545 0x0000FF
-38.79 51.89 122.53 -38.97 50.07 122.08 0.545 0x0000FF
-38.97 55.54 122.91 -38.79 51.89 122.53 0.545 0x0000FF
-39.17 59.73 123.21 -38.97 55.54 122.91 0.545 0x0000FF
-39.53 63.92 123.44 -39.17 59.73 123.21 0.545 0x0000FF
-40.26 66.47 123.67 -39.53 63.92 123.44 0.545 0x0000FF
-42.48 71.62 124.28 -40.26 66.47 123.67 0.545 0x0000FF
-42.48 76.36 124.73 -42.48 71.62 124.28 0.545 0x0000FF
-41.75 79.09 125.03 -42.48 76.36 124.73 0.545 0x0000FF
-41.57 84.92 125.64 -41.75 79.09 125.03 0.455 0x0000FF
-41.57 88.93 125.79 -41.57 84.92 125.64 0.455 0x0000FF
-41.93 93.49 126.17 -41.57 88.93 125.79 0.455 0x0000FF
-42.48 97.86 126.55 -41.93 93.49 126.17 0.455 0x0000FF
-42.66 101.14 127.15 -42.48 97.86 126.55 0.455 0x0000FF
-42.66 105.51 127.61 -42.66 101.14 127.15 0.455 0x0000FF
-43.03 110.98 128.13 -42.66 105.51 127.61 0.455 0x0000FF
-45.58 124.1 128.82 -43.03 110.98 128.13 0.365 0x0000FF
-46.49 126.28 128.97 -45.58 124.1 128.82 0.365 0x0000FF
-48.32 129.74 129.19 -46.49 126.28 128.97 0.365 0x0000FF
-49.59 132.84 129.5 -48.32 129.74 129.19 0.365 0x0000FF
-49.78 136.12 130.03 -49.59 132.84 129.5 0.365 0x0000FF
-49.05 145.59 130.79 -49.78 136.12 130.03 0.365 0x0000FF
-50.51 151.24 131.16 -49.05 145.59 130.79 0.365 0x0000FF
-51.97 155.07 131.47 -50.51 151.24 131.16 0.365 0x0000FF
-53.24 158.9 131.93 -51.97 155.07 131.47 0.365 0x0000FF
-53.24 159.99 132.15 -53.24 158.9 131.93 0.365 0x0000FF
-52.42 164.68 140.94 -53.24 159.99 132.15 0.365 0x0000FF
-51.69 167.23 142.08 -52.42 164.68 140.94 0.365 0x0000FF
-50.96 169.23 142.3 -51.69 167.23 142.08 0.365 0x0000FF
-50.6 171.78 142.68 -50.96 169.23 142.3 0.365 0x0000FF
-50.78 175.06 143.29 -50.6 171.78 142.68 0.365 0x0000FF
-50.42 179.25 143.66 -50.78 175.06 143.29 0.365 0x0000FF
-51.33 187.63 144.12 -50.42 179.25 143.66 0.365 0x0000FF
-55.16 195.47 144.96 -51.33 187.63 144.12 0.365 0x0000FF
-59.54 207.86 145.41 -55.16 195.47 144.96 0.365 0x0000FF
-61.18 213.14 143.59 -59.54 207.86 145.41 0.365 0x0000FF
-64.28 220.79 142.99 -61.18 213.14 143.59 0.365 0x0000FF
-68.84 226.62 141.55 -64.28 220.79 142.99 0.365 0x0000FF
-73.77 230.08 139.12 -68.84 226.62 141.55 0.365 0x0000FF
-38.14 27.75 124.81 -32.79 24.31 111.33 0.82 0x0000FF
-39.79 29.02 126.47 -38.14 27.75 124.81 0.82 0x0000FF
-40.88 29.94 126.93 -39.79 29.02 126.47 0.82 0x0000FF
-41.79 31.21 127.76 -40.88 29.94 126.93 0.82 0x0000FF
-42.52 32.49 129.12 -41.79 31.21 127.76 0.82 0x0000FF
-43.43 33.21 130.71 -42.52 32.49 129.12 0.82 0x0000FF
-44.16 34.13 131.77 -43.43 33.21 130.71 0.82 0x0000FF
-44.71 34.67 132.53 -44.16 34.13 131.77 0.82 0x0000FF
-45.26 35.22 134.5 -44.71 34.67 132.53 0.82 0x0000FF
-46.72 36.13 136.47 -45.26 35.22 134.5 0.82 0x0000FF
-48.0 37.04 136.55 -46.72 36.13 136.47 0.82 0x0000FF
-48.63 41.86 142.15 -48.0 37.04 136.55 0.455 0x0000FF
-47.35 44.41 142.46 -48.63 41.86 142.15 0.455 0x0000FF
-46.44 45.32 143.29 -47.35 44.41 142.46 0.455 0x0000FF
-45.53 46.05 143.97 -46.44 45.32 143.29 0.455 0x0000FF
-45.16 47.14 145.56 -45.53 46.05 143.97 0.455 0x0000FF
-45.16 47.87 145.86 -45.16 47.14 145.56 0.455 0x0000FF
-45.34 49.14 146.32 -45.16 47.87 145.86 0.455 0x0000FF
-46.8 51.51 147.15 -45.34 49.14 146.32 0.365 0x0000FF
-48.26 52.97 147.3 -46.8 51.51 147.15 0.365 0x0000FF
-49.54 54.43 147.91 -48.26 52.97 147.3 0.365 0x0000FF
-51.0 55.34 148.29 -49.54 54.43 147.91 0.365 0x0000FF
-51.91 56.43 149.12 -51.0 55.34 148.29 0.365 0x0000FF
-52.64 57.16 149.88 -51.91 56.43 149.12 0.365 0x0000FF
-52.82 57.71 150.86 -52.64 57.16 149.88 0.365 0x0000FF
-53.19 58.98 150.86 -52.82 57.71 150.86 0.365 0x0000FF
-53.92 61.35 151.47 -53.19 58.98 150.86 0.365 0x0000FF
-55.01 62.81 153.29 -53.92 61.35 151.47 0.365 0x0000FF
-55.93 63.54 153.51 -55.01 62.81 153.29 0.365 0x0000FF
-56.47 64.45 154.35 -55.93 63.54 153.51 0.365 0x0000FF
-56.66 66.45 154.88 -56.47 64.45 154.35 0.365 0x0000FF
-56.66 68.45 155.86 -56.66 66.45 154.88 0.365 0x0000FF
-56.84 69.55 157.22 -56.66 68.45 155.86 0.365 0x0000FF
-57.57 70.64 157.53 -56.84 69.55 157.22 0.365 0x0000FF
-58.12 71.37 158.66 -57.57 70.64 157.53 0.365 0x0000FF
-58.66 73.56 159.12 -58.12 71.37 158.66 0.365 0x0000FF
-50.91 37.22 137.61 -48.0 37.04 136.55 0.73 0x0000FF
-53.47 37.95 137.99 -50.91 37.22 137.61 0.73 0x0000FF
-57.67 39.77 139.05 -53.47 37.95 137.99 0.64 0x0000FF
-59.67 40.5 139.8 -57.67 39.77 139.05 0.64 0x0000FF
-64.72 42.34 140.03 -59.67 40.5 139.8 0.365 0x0000FF
-66.18 44.34 140.71 -64.72 42.34 140.03 0.365 0x0000FF
-66.91 46.16 140.71 -66.18 44.34 140.71 0.365 0x0000FF
-71.66 48.35 140.71 -66.91 46.16 140.71 0.365 0x0000FF
-74.58 50.17 140.71 -71.66 48.35 140.71 0.365 0x0000FF
-78.59 53.81 141.02 -74.58 50.17 140.71 0.365 0x0000FF
-81.33 58.73 141.16 -78.59 53.81 141.02 0.365 0x0000FF
-85.89 69.84 141.55 -81.33 58.73 141.16 0.365 0x0000FF
-88.44 73.48 142.0 -85.89 69.84 141.55 0.365 0x0000FF
-89.72 75.86 142.38 -88.44 73.48 142.0 0.365 0x0000FF
-95.19 86.25 142.68 -89.72 75.86 142.38 0.365 0x0000FF
-97.93 91.35 142.99 -95.19 86.25 142.68 0.365 0x0000FF
-98.84 92.62 143.29 -97.93 91.35 142.99 0.365 0x0000FF
-99.94 94.08 143.66 -98.84 92.62 143.29 0.365 0x0000FF
-100.48 94.99 144.35 -99.94 94.08 143.66 0.365 0x0000FF
-101.76 96.45 144.8 -100.48 94.99 144.35 0.365 0x0000FF
-103.04 97.54 145.18 -101.76 96.45 144.8 0.365 0x0000FF
-105.05 98.82 145.41 -103.04 97.54 145.18 0.365 0x0000FF
-107.74 99.25 154.12 -105.05 98.82 145.41 0.365 0x0000FF
-110.84 99.25 154.65 -107.74 99.25 154.12 0.365 0x0000FF
-117.6 100.34 155.86 -110.84 99.25 154.65 0.365 0x0000FF
-124.16 102.53 156.77 -117.6 100.34 155.86 0.365 0x0000FF
-128.72 103.44 156.91 -124.16 102.53 156.77 0.365 0x0000FF
-140.94 103.99 157.53 -128.72 103.44 156.91 0.365 0x0000FF
-146.79 103.8 158.66 -140.94 103.99 157.53 0.365 0x0000FF
-151.9 103.62 159.35 -146.79 103.8 158.66 0.365 0x0000FF
-154.27 103.99 159.88 -151.9 103.62 159.35 0.365 0x0000FF
-156.09 105.26 160.79 -154.27 103.99 159.88 0.365 0x0000FF
-70.56 43.43 140.41 -64.72 42.34 140.03 0.365 0x0000FF
-75.31 43.06 140.49 -70.56 43.43 140.41 0.365 0x0000FF
-80.41 41.61 140.86 -75.31 43.06 140.49 0.365 0x0000FF
-84.43 39.06 141.55 -80.41 41.61 140.86 0.365 0x0000FF
-86.62 37.22 141.85 -84.43 39.06 141.55 0.365 0x0000FF
-89.54 35.96 142.0 -86.62 37.22 141.85 0.365 0x0000FF
-91.73 34.68 142.38 -89.54 35.96 142.0 0.365 0x0000FF
-92.82 33.59 142.91 -91.73 34.68 142.38 0.365 0x0000FF
-94.1 32.13 143.36 -92.82 33.59 142.91 0.365 0x0000FF
-94.83 31.04 144.12 -94.1 32.13 143.36 0.365 0x0000FF
-95.74 30.13 144.88 -94.83 31.04 144.12 0.365 0x0000FF
-96.29 29.03 145.71 -95.74 30.13 144.88 0.365 0x0000FF
-97.38 27.94 146.32 -96.29 29.03 145.71 0.365 0x0000FF
-97.75 27.21 147.08 -97.38 27.94 146.32 0.365 0x0000FF
-98.84 25.94 147.76 -97.75 27.21 147.08 0.365 0x0000FF
-99.57 24.48 148.21 -98.84 25.94 147.76 0.365 0x0000FF
-65.88 37.22 140.03 -59.67 40.5 139.8 0.545 0x0000FF
-69.34 34.85 140.41 -65.88 37.22 140.03 0.545 0x0000FF
-73.36 31.39 140.71 -69.34 34.85 140.41 0.545 0x0000FF
-78.09 26.29 141.24 -73.36 31.39 140.71 0.455 0x0000FF
-81.56 23.74 141.62 -78.09 26.29 141.24 0.455 0x0000FF
-85.4 20.28 142.46 -81.56 23.74 141.62 0.455 0x0000FF
-88.14 17.18 142.76 -85.4 20.28 142.46 0.455 0x0000FF
-91.42 13.54 142.08 -88.14 17.18 142.76 0.455 0x0000FF
-94.7 10.08 141.55 -91.42 13.54 142.08 0.455 0x0000FF
-96.16 6.98 141.47 -94.7 10.08 141.55 0.455 0x0000FF
-96.89 2.97 141.16 -96.16 6.98 141.47 0.455 0x0000FF
-97.93 0.98 144.88 -96.89 2.97 141.16 0.365 0x0000FF
-98.66 0.07 145.71 -97.93 0.98 144.88 0.365 0x0000FF
-102.31 -1.03 146.02 -98.66 0.07 145.71 0.365 0x0000FF
-104.86 -1.39 147.15 -102.31 -1.03 146.02 0.365 0x0000FF
-106.32 -1.76 148.21 -104.86 -1.39 147.15 0.365 0x0000FF
-110.88 -4.3 148.97 -106.32 -1.76 148.21 0.365 0x0000FF
-116.91 -9.23 149.88 -110.88 -4.3 148.97 0.365 0x0000FF
-123.66 -15.97 150.47 -116.91 -9.23 149.88 0.365 0x0000FF
-130.94 -22.16 150.63 -123.66 -15.97 150.47 0.365 0x0000FF
-135.33 -26.54 150.18 -130.94 -22.16 150.63 0.365 0x0000FF
-143.91 -32.18 148.97 -135.33 -26.54 150.18 0.365 0x0000FF
-152.3 -37.65 147.99 -143.91 -32.18 148.97 0.365 0x0000FF
-163.8 -47.31 147.08 -152.3 -37.65 147.99 0.365 0x0000FF
-170.73 -52.23 146.62 -163.8 -47.31 147.08 0.365 0x0000FF
-28.56 32.02 120.11 -32.79 24.31 111.33 0.73 0x0000FF
-23.27 35.47 120.11 -28.56 32.02 120.11 0.73 0x0000FF
-19.44 39.11 119.65 -23.27 35.47 120.11 0.73 0x0000FF
-17.25 41.31 119.35 -19.44 39.11 119.65 0.73 0x0000FF
-14.51 44.04 118.82 -17.25 41.31 119.35 0.73 0x0000FF
-11.41 46.78 117.99 -14.51 44.04 118.82 0.73 0x0000FF
-6.66 50.42 118.14 -11.41 46.78 117.99 0.64 0x0000FF
-2.65 52.79 117.99 -6.66 50.42 118.14 0.64 0x0000FF
-0.46 54.43 117.53 -2.65 52.79 117.99 0.64 0x0000FF
1.55 55.7 117.53 -0.46 54.43 117.53 0.64 0x0000FF
6.46 58.14 110.41 1.55 55.7 117.53 0.365 0x0000FF
10.66 59.42 110.41 6.46 58.14 110.41 0.365 0x0000FF
13.03 60.15 109.88 10.66 59.42 110.41 0.365 0x0000FF
17.41 60.69 109.66 13.03 60.15 109.88 0.365 0x0000FF
24.71 61.24 109.05 17.41 60.69 109.66 0.365 0x0000FF
28.9 62.15 109.58 24.71 61.24 109.05 0.365 0x0000FF
34.74 63.25 110.03 28.9 62.15 109.58 0.365 0x0000FF
37.29 64.52 110.72 34.74 63.25 110.03 0.365 0x0000FF
42.4 66.7 111.63 37.29 64.52 110.72 0.365 0x0000FF
49.16 69.08 112.53 42.4 66.7 111.63 0.365 0x0000FF
54.45 71.26 112.84 49.16 69.08 112.53 0.365 0x0000FF
60.1 76.18 113.44 54.45 71.26 112.84 0.365 0x0000FF
70.68 83.29 113.97 60.1 76.18 113.44 0.365 0x0000FF
73.97 84.02 113.59 70.68 83.29 113.97 0.365 0x0000FF
78.34 84.38 112.84 73.97 84.02 113.59 0.365 0x0000FF
82.36 84.38 111.63 78.34 84.38 112.84 0.365 0x0000FF
84.92 83.83 110.72 82.36 84.38 111.63 0.365 0x0000FF
87.65 83.47 109.66 84.92 83.83 110.72 0.365 0x0000FF
92.03 81.83 108.44 87.65 83.47 109.66 0.275 0x0000FF
93.67 80.37 107.91 92.03 81.83 108.44 0.275 0x0000FF
94.95 79.09 107.16 93.67 80.37 107.91 0.275 0x0000FF
98.96 76.55 105.57 94.95 79.09 107.16 0.275 0x0000FF
105.35 73.27 104.43 98.96 76.55 105.57 0.275 0x0000FF
115.2 69.62 103.37 105.35 73.27 104.43 0.275 0x0000FF
119.95 68.17 102.61 115.2 69.62 103.37 0.275 0x0000FF
125.24 66.34 100.72 119.95 68.17 102.61 0.275 0x0000FF
131.81 65.43 99.2 125.24 66.34 100.72 0.275 0x0000FF
136.72 64.7 98.14 131.81 65.43 99.2 0.275 0x0000FF
141.47 63.25 96.1 136.72 64.7 98.14 0.275 0x0000FF
147.86 59.78 94.88 141.47 63.25 96.1 0.275 0x0000FF
151.33 57.96 93.37 147.86 59.78 94.88 0.275 0x0000FF
3.19 59.53 117.23 1.55 55.7 117.53 0.64 0x0000FF
3.92 64.45 117.08 3.19 59.53 117.23 0.64 0x0000FF
2.63 69.26 112.46 3.92 64.45 117.08 0.365 0x0000FF
2.45 72.17 112.38 2.63 69.26 112.46 0.365 0x0000FF
2.25 78.0 112.76 2.45 72.17 112.38 0.365 0x0000FF
2.08 81.47 111.63 2.25 78.0 112.76 0.365 0x0000FF
2.08 84.93 111.47 2.08 81.47 111.63 0.365 0x0000FF
2.08 88.02 112.31 2.08 84.93 111.47 0.365 0x0000FF
2.45 91.12 113.37 2.08 88.02 112.31 0.365 0x0000FF
2.63 94.4 114.5 2.45 91.12 113.37 0.365 0x0000FF
2.81 98.05 115.72 2.63 94.4 114.5 0.365 0x0000FF
2.81 102.6 117.91 2.81 98.05 115.72 0.365 0x0000FF
2.99 105.7 118.52 2.81 102.6 117.91 0.365 0x0000FF
3.72 114.08 118.59 2.99 105.7 118.52 0.365 0x0000FF
4.26 128.29 119.43 3.72 114.08 118.59 0.365 0x0000FF
6.64 144.51 119.88 4.26 128.29 119.43 0.365 0x0000FF
7.19 149.61 120.56 6.64 144.51 119.88 0.365 0x0000FF
6.83 153.97 120.34 7.19 149.61 120.56 0.365 0x0000FF
6.83 158.16 119.73 6.83 153.97 120.34 0.365 0x0000FF
5.91 163.27 118.97 6.83 158.16 119.73 0.365 0x0000FF
5.37 166.19 118.37 5.91 163.27 118.97 0.365 0x0000FF
4.63 168.74 117.15 5.37 166.19 118.37 0.365 0x0000FF
4.45 172.38 116.32 4.63 168.74 117.15 0.365 0x0000FF
5.37 178.03 115.03 4.45 172.38 116.32 0.365 0x0000FF
10.47 182.4 114.43 5.37 178.03 115.03 0.365 0x0000FF
12.3 184.04 113.44 10.47 182.4 114.43 0.365 0x0000FF
13.21 186.05 112.0 12.3 184.04 113.44 0.365 0x0000FF
13.39 190.97 110.49 13.21 186.05 112.0 0.365 0x0000FF
11.75 194.79 109.88 13.39 190.97 110.49 0.365 0x0000FF
11.2 196.25 108.06 11.75 194.79 109.88 0.365 0x0000FF
10.84 196.8 107.0 11.2 196.25 108.06 0.365 0x0000FF
9.19 197.16 105.57 10.84 196.8 107.0 0.365 0x0000FF
6.66 69.19 117.08 3.92 64.45 117.08 0.545 0x0000FF
9.76 77.02 117.08 6.66 69.19 117.08 0.545 0x0000FF
10.85 80.84 117.08 9.76 77.02 117.08 0.545 0x0000FF
13.77 85.04 115.26 10.85 80.84 117.08 0.545 0x0000FF
16.87 94.88 114.81 13.77 85.04 115.26 0.455 0x0000FF
18.14 100.16 113.9 16.87 94.88 114.81 0.455 0x0000FF
21.25 103.08 112.99 18.14 100.16 113.9 0.455 0x0000FF
22.16 104.71 112.23 21.25 103.08 112.99 0.455 0x0000FF
22.71 105.63 112.0 22.16 104.71 112.23 0.455 0x0000FF
24.17 106.54 111.63 22.71 105.63 112.0 0.455 0x0000FF
25.44 110.44 106.55 24.17 106.54 111.63 0.455 0x0000FF
25.8 115.9 105.57 25.44 110.44 106.55 0.455 0x0000FF
23.98 123.92 104.43 25.8 115.9 105.57 0.455 0x0000FF
22.88 131.21 104.13 23.98 123.92 104.43 0.455 0x0000FF
25.07 138.49 104.35 22.88 131.21 104.13 0.455 0x0000FF
27.26 142.68 104.88 25.07 138.49 104.35 0.455 0x0000FF
29.09 147.06 105.26 27.26 142.68 104.88 0.275 0x0000FF
-7.21 54.61 116.85 -11.41 46.78 117.99 0.545 0x0000FF
-6.48 58.44 116.47 -7.21 54.61 116.85 0.545 0x0000FF
-4.66 62.44 116.55 -6.48 58.44 116.47 0.455 0x0000FF
-3.56 65.72 117.23 -4.66 62.44 116.55 0.455 0x0000FF
-2.27 68.64 118.06 -3.56 65.72 117.23 0.455 0x0000FF
-1.92 72.65 118.52 -2.27 68.64 118.06 0.365 0x0000FF
-3.01 75.93 118.75 -1.92 72.65 118.52 0.365 0x0000FF
-26.75 28.45 108.75 -32.79 24.31 111.33 0.545 0x0000FF
-24.74 28.63 108.75 -26.75 28.45 108.75 0.545 0x0000FF
-22.37 28.99 108.75 -24.74 28.63 108.75 0.545 0x0000FF
-18.54 29.54 109.13 -22.37 28.99 108.75 0.545 0x0000FF
-15.25 30.09 106.85 -18.54 29.54 109.13 0.545 0x0000FF
-12.88 30.27 105.11 -15.25 30.09 106.85 0.545 0x0000FF
-11.05 30.81 103.22 -12.88 30.27 105.11 0.545 0x0000FF
-9.41 31.0 101.85 -11.05 30.81 103.22 0.545 0x0000FF
-7.59 28.99 102.0 -9.41 31.0 101.85 0.365 0x0000FF
-7.22 26.44 102.0 -7.59 28.99 102.0 0.365 0x0000FF
-6.49 23.34 102.0 -7.22 26.44 102.0 0.365 0x0000FF
-5.58 20.43 102.0 -6.49 23.34 102.0 0.365 0x0000FF
-4.84 18.23 101.55 -5.58 20.43 102.0 0.365 0x0000FF
-4.3 16.6 101.1 -4.84 18.23 101.55 0.365 0x0000FF
-2.84 14.78 100.57 -4.3 16.6 101.1 0.365 0x0000FF
0.81 10.57 98.97 -2.84 14.78 100.57 0.365 0x0000FF
1.73 9.84 98.37 0.81 10.57 98.97 0.365 0x0000FF
4.83 7.84 98.14 1.73 9.84 98.37 0.365 0x0000FF
8.66 5.83 98.14 4.83 7.84 98.14 0.365 0x0000FF
11.76 4.19 97.69 8.66 5.83 98.14 0.365 0x0000FF
16.87 1.28 96.63 11.76 4.19 97.69 0.365 0x0000FF
22.34 -2.54 96.1 16.87 1.28 96.63 0.365 0x0000FF
29.64 -11.11 94.2 22.34 -2.54 96.1 0.365 0x0000FF
34.75 -14.94 93.67 29.64 -11.11 94.2 0.365 0x0000FF
2.46 5.29 96.4 1.73 9.84 98.37 0.365 0x0000FF
3.0 3.65 95.49 2.46 5.29 96.4 0.365 0x0000FF
3.73 1.46 94.81 3.0 3.65 95.49 0.365 0x0000FF
5.92 -3.46 92.99 3.73 1.46 94.81 0.275 0x0000FF
7.2 -6.19 91.78 5.92 -3.46 92.99 0.275 0x0000FF
8.11 -9.47 90.57 7.2 -6.19 91.78 0.275 0x0000FF
9.39 -13.3 89.05 8.11 -9.47 90.57 0.275 0x0000FF
9.94 -14.94 87.99 9.39 -13.3 89.05 0.275 0x0000FF
11.03 -17.85 85.72 9.94 -14.94 87.99 0.275 0x0000FF
11.76 -19.67 84.96 11.03 -17.85 85.72 0.275 0x0000FF
13.04 -22.77 83.29 11.76 -19.67 84.96 0.275 0x0000FF
16.69 -34.61 81.48 13.04 -22.77 83.29 0.275 0x0000FF
21.43 -40.63 79.89 16.69 -34.61 81.48 0.275 0x0000FF
-7.41 33.0 101.17 -9.41 31.0 101.85 0.455 0x0000FF
-7.04 33.18 100.11 -7.41 33.0 101.17 0.455 0x0000FF
-5.58 33.54 99.35 -7.04 33.18 100.11 0.455 0x0000FF
-4.67 33.9 97.46 -5.58 33.54 99.35 0.455 0x0000FF
-3.39 34.46 95.87 -4.67 33.9 97.46 0.455 0x0000FF
-1.93 36.1 93.52 -3.39 34.46 95.87 0.455 0x0000FF
-0.84 37.56 91.55 -1.93 36.1 93.52 0.455 0x0000FF
1.17 41.93 89.88 -0.84 37.56 91.55 0.455 0x0000FF
2.08 45.21 88.29 1.17 41.93 89.88 0.455 0x0000FF
2.25 47.03 86.02 2.08 45.21 88.29 0.455 0x0000FF
2.81 50.31 84.43 2.25 47.03 86.02 0.455 0x0000FF
3.36 54.32 83.82 2.81 50.31 84.43 0.455 0x0000FF
6.64 60.51 81.4 3.36 54.32 83.82 0.455 0x0000FF
8.65 62.88 80.48 6.64 60.51 81.4 0.455 0x0000FF
10.66 66.16 78.83 8.65 62.88 80.48 0.365 0x0000FF
10.29 69.8 78.52 10.66 66.16 78.83 0.365 0x0000FF
9.38 71.98 77.61 10.29 69.8 78.52 0.365 0x0000FF
9.38 75.45 77.39 9.38 71.98 77.61 0.275 0x0000FF
11.02 79.09 76.93 9.38 75.45 77.39 0.275 0x0000FF
11.75 80.73 75.34 11.02 79.09 76.93 0.275 0x0000FF
14.12 87.48 73.83 11.75 80.73 75.34 0.275 0x0000FF
16.68 89.85 71.7 14.12 87.48 73.83 0.275 0x0000FF
18.69 91.12 69.95 16.68 89.85 71.7 0.275 0x0000FF
-35.11 12.3 117.76 -32.79 24.31 111.33 2.19 0x0000FF
-35.49 10.11 117.53 -35.11 12.3 117.76 2.19 0x0000FF
-36.77 6.83 116.93 -35.49 10.11 117.53 2.19 0x0000FF
-37.31 3.19 116.93 -36.77 6.83 116.93 2.19 0x0000FF
-37.13 1.79 114.58 -37.31 3.19 116.93 1.55 0x0000FF
-38.04 -3.68 114.58 -37.13 1.79 114.58 1.55 0x0000FF
-38.04 -6.96 115.41 -38.04 -3.68 114.58 1.37 0x0000FF
-38.04 -10.97 115.87 -38.04 -6.96 115.41 1.37 0x0000FF
-38.04 -13.15 116.17 -38.04 -10.97 115.87 1.37 0x0000FF
-37.86 -15.7 116.02 -38.04 -13.15 116.17 1.37 0x0000FF
-37.68 -17.71 114.73 -37.86 -15.7 116.02 1.37 0x0000FF
-36.95 -20.44 113.82 -37.68 -17.71 114.73 1.37 0x0000FF
-36.22 -24.27 113.06 -36.95 -20.44 113.82 1.37 0x0000FF
-36.57 -26.14 113.52 -36.22 -24.27 113.06 1.095 0x0000FF
-36.75 -29.97 113.97 -36.57 -26.14 113.52 1.095 0x0000FF
-36.57 -32.7 114.43 -36.75 -29.97 113.97 1.095 0x0000FF
-36.2 -34.15 114.81 -36.57 -32.7 114.43 1.095 0x0000FF
-36.2 -37.44 115.03 -36.2 -34.15 114.81 1.095 0x0000FF
-35.84 -41.08 115.41 -36.2 -37.44 115.03 1.095 0x0000FF
-35.29 -43.09 114.81 -35.84 -41.08 115.41 1.095 0x0000FF
-34.74 -46.0 114.28 -35.29 -43.09 114.81 1.095 0x0000FF
-34.38 -48.37 113.59 -34.74 -46.0 114.28 1.095 0x0000FF
-33.83 -50.01 112.84 -34.38 -48.37 113.59 1.095 0x0000FF
-32.72 -53.47 111.32 -33.83 -50.01 112.84 1.095 0x0000FF
-32.0 -56.39 110.41 -32.72 -53.47 111.32 1.095 0x0000FF
-32.36 -61.12 108.97 -32.0 -56.39 110.41 1.095 0x0000FF
-32.92 -68.05 109.05 -32.36 -61.12 108.97 1.095 0x0000FF
-33.28 -71.69 109.35 -32.92 -68.05 109.05 1.095 0x0000FF
-33.28 -75.7 110.11 -33.28 -71.69 109.35 1.095 0x0000FF
-32.92 -84.63 111.09 -33.28 -75.7 110.11 1.095 0x0000FF
-33.1 -89.36 111.55 -32.92 -84.63 111.09 1.095 0x0000FF
-33.1 -92.83 112.08 -33.1 -89.36 111.55 1.095 0x0000FF
-33.46 -95.01 112.31 -33.1 -92.83 112.08 1.095 0x0000FF
-32.61 -112.51 113.06 -33.46 -95.01 112.31 1.095 0x0000FF
-33.88 -119.43 113.37 -32.61 -112.51 113.06 1.095 0x0000FF
-35.15 -126.9 114.12 -33.88 -119.43 113.37 1.095 0x0000FF
-35.89 -130.72 113.97 -35.15 -126.9 114.12 1.005 0x0000FF
-36.25 -133.28 112.69 -35.89 -130.72 113.97 1.005 0x0000FF
-36.61 -143.66 112.0 -36.25 -133.28 112.69 0.91 0x0000FF
-37.17 -148.77 111.4 -36.61 -143.66 112.0 0.91 0x0000FF
-38.63 -157.15 110.72 -37.17 -148.77 111.4 0.91 0x0000FF
-39.72 -162.07 111.25 -38.63 -157.15 110.72 0.91 0x0000FF
-41.36 -175.01 111.32 -39.72 -162.07 111.25 0.91 0x0000FF
-43.55 -188.85 111.32 -41.36 -175.01 111.32 0.91 0x0000FF
-43.14 -198.15 109.28 -43.55 -188.85 111.32 0.91 0x0000FF
-43.87 -208.53 108.75 -43.14 -198.15 109.28 0.91 0x0000FF
-45.33 -218.55 107.76 -43.87 -208.53 108.75 0.73 0x0000FF
-45.33 -223.47 106.63 -45.33 -218.55 107.76 0.73 0x0000FF
-45.88 -225.84 107.38 -45.33 -223.47 106.63 0.64 0x0000FF
-46.97 -230.03 108.22 -45.88 -225.84 107.38 0.64 0x0000FF
-47.34 -232.77 109.28 -46.97 -230.03 108.22 0.64 0x0000FF
-48.07 -235.5 109.66 -47.34 -232.77 109.28 0.64 0x0000FF
-48.61 -239.51 110.34 -48.07 -235.5 109.66 0.545 0x0000FF
-50.26 -252.99 110.87 -48.61 -239.51 110.34 0.545 0x0000FF
-53.18 -270.85 111.09 -50.26 -252.99 110.87 0.545 0x0000FF
-56.1 -279.77 111.09 -53.18 -270.85 111.09 0.545 0x0000FF
-56.83 -280.68 111.09 -56.1 -279.77 111.09 0.545 0x0000FF
-60.52 -297.11 111.25 -56.83 -280.68 111.09 0.455 0x0000FF
-35.49 -25.18 113.06 -36.22 -24.27 113.06 0.82 0x0000FF
-31.48 -25.18 113.29 -35.49 -25.18 113.06 0.73 0x0000FF
-28.19 -24.45 113.59 -31.48 -25.18 113.29 0.64 0x0000FF
-26.55 -24.08 112.38 -28.19 -24.45 113.59 0.64 0x0000FF
-23.45 -23.72 110.49 -26.55 -24.08 112.38 0.64 0x0000FF
-16.51 -22.99 110.19 -23.45 -23.72 110.49 0.64 0x0000FF
-11.41 -22.08 109.81 -16.51 -22.99 110.19 0.64 0x0000FF
-5.01 -19.17 109.5 -11.41 -22.08 109.81 0.64 0x0000FF
10.11 -10.97 110.11 -5.01 -19.17 109.5 0.64 0x0000FF
14.89 -7.01 110.19 10.11 -10.97 110.11 0.275 0x0000FF
18.17 -6.28 110.34 14.89 -7.01 110.19 0.275 0x0000FF
20.18 -5.73 109.96 18.17 -6.28 110.34 0.275 0x0000FF
22.55 -4.63 109.05 20.18 -5.73 109.96 0.275 0x0000FF
24.19 -3.73 107.53 22.55 -4.63 109.05 0.275 0x0000FF
27.84 -2.64 105.94 24.19 -3.73 107.53 0.275 0x0000FF
34.4 -0.63 104.66 27.84 -2.64 105.94 0.275 0x0000FF
37.86 0.28 103.14 34.4 -0.63 104.66 0.275 0x0000FF
41.89 2.27 101.85 37.86 0.28 103.14 0.275 0x0000FF
48.46 5.74 100.19 41.89 2.27 101.85 0.275 0x0000FF
17.23 -9.51 110.34 10.11 -10.97 110.11 0.545 0x0000FF
21.25 -8.77 110.64 17.23 -9.51 110.34 0.545 0x0000FF
26.18 -6.96 111.4 21.25 -8.77 110.64 0.365 0x0000FF
36.58 -2.95 111.4 26.18 -6.96 111.4 0.365 0x0000FF
40.96 -1.31 111.85 36.58 -2.95 111.4 0.365 0x0000FF
42.98 -0.09 111.55 40.96 -1.31 111.85 0.365 0x0000FF
44.63 0.64 110.34 42.98 -0.09 111.55 0.365 0x0000FF
47.36 1.74 108.82 44.63 0.64 110.34 0.365 0x0000FF
51.56 3.01 107.38 47.36 1.74 108.82 0.365 0x0000FF
58.49 5.2 106.63 51.56 3.01 107.38 0.365 0x0000FF
66.88 5.56 105.94 58.49 5.2 106.63 0.275 0x0000FF
-36.95 -5.86 114.58 -38.04 -3.68 114.58 0.73 0x0000FF
-36.04 -6.96 113.59 -36.95 -5.86 114.58 0.73 0x0000FF
-35.67 -7.14 112.61 -36.04 -6.96 113.59 0.64 0x0000FF
-34.94 -7.87 110.56 -35.67 -7.14 112.61 0.64 0x0000FF
-34.58 -8.77 109.5 -34.94 -7.87 110.56 0.64 0x0000FF
-34.58 -10.42 108.22 -34.58 -8.77 109.5 0.64 0x0000FF
-34.21 -13.15 106.63 -34.58 -10.42 108.22 0.455 0x0000FF
-33.85 -14.61 105.03 -34.21 -13.15 106.63 0.455 0x0000FF
-32.75 -16.61 103.52 -33.85 -14.61 105.03 0.455 0x0000FF
-32.02 -19.71 101.85 -32.75 -16.61 103.52 0.455 0x0000FF
-32.02 -22.08 100.57 -32.02 -19.71 101.85 0.365 0x0000FF
-31.66 -23.54 99.66 -32.02 -22.08 100.57 0.365 0x0000FF
-38.4 2.09 116.85 -37.31 3.19 116.93 0.64 0x0000FF
-40.22 1.36 117.08 -38.4 2.09 116.85 0.64 0x0000FF
-41.33 0.45 117.46 -40.22 1.36 117.08 0.64 0x0000FF
-43.7 -0.64 117.61 -41.33 0.45 117.46 0.64 0x0000FF
-45.52 -1.73 117.99 -43.7 -0.64 117.61 0.64 0x0000FF
-46.44 -2.64 118.52 -45.52 -1.73 117.99 0.64 0x0000FF
-48.08 -3.92 119.12 -46.44 -2.64 118.52 0.545 0x0000FF
-49.72 -4.28 119.58 -48.08 -3.92 119.12 0.545 0x0000FF
-51.36 -3.92 120.26 -49.72 -4.28 119.58 0.545 0x0000FF
-53.0 -3.74 121.09 -51.36 -3.92 120.26 0.545 0x0000FF
-54.46 -3.92 121.55 -53.0 -3.74 121.09 0.545 0x0000FF
-55.56 -4.28 122.0 -54.46 -3.92 121.55 0.545 0x0000FF
-57.57 -4.65 122.23 -55.56 -4.28 122.0 0.545 0x0000FF
-59.03 -4.83 123.37 -57.57 -4.65 122.23 0.545 0x0000FF
-60.48 -4.83 123.29 -59.03 -4.83 123.37 0.545 0x0000FF
-61.4 -4.65 124.58 -60.48 -4.83 123.29 0.545 0x0000FF
-62.31 -4.65 125.34 -61.4 -4.65 124.58 0.545 0x0000FF
-66.51 -4.47 126.47 -62.31 -4.65 125.34 0.545 0x0000FF
-69.79 -5.2 127.91 -66.51 -4.47 126.47 0.545 0x0000FF
-78.37 -7.56 129.35 -69.79 -5.2 127.91 0.545 0x0000FF
-86.94 -10.66 129.43 -78.37 -7.56 129.35 0.365 0x0000FF
-93.87 -15.16 130.56 -86.94 -10.66 129.43 0.365 0x0000FF
-96.25 -18.25 130.94 -93.87 -15.16 130.56 0.365 0x0000FF
-100.08 -22.63 131.62 -96.25 -18.25 130.94 0.365 0x0000FF
-107.74 -28.46 134.05 -100.08 -22.63 131.62 0.365 0x0000FF
-113.58 -29.37 134.72 -107.74 -28.46 134.05 0.365 0x0000FF
-121.24 -29.73 137.3 -113.58 -29.37 134.72 0.365 0x0000FF
-127.45 -29.55 140.41 -121.24 -29.73 137.3 0.365 0x0000FF
-134.38 -28.46 142.08 -127.45 -29.55 140.41 0.365 0x0000FF
-135.84 -27.36 143.66 -134.38 -28.46 142.08 0.365 0x0000FF
