-20.97 -21.41 -3.06 -29.91 -20.05 -4.4 1.275 0x0000FF
-19.32 -22.5 -3.44 -20.97 -21.41 -3.06 1.275 0x0000FF
-18.97 -22.87 -3.59 -19.32 -22.5 -3.44 1.275 0x0000FF
-18.23 -23.59 -4.42 -18.97 -22.87 -3.59 1.275 0x0000FF
-16.96 -24.14 -1.77 -18.23 -23.59 -4.42 1.275 0x0000FF
-15.68 -25.6 0.35 -16.96 -24.14 -1.77 1.185 0x0000FF
-14.04 -27.31 3.23 -15.68 -25.6 0.35 0.82 0x0000FF
-13.49 -29.68 3.23 -14.04 -27.31 3.23 0.82 0x0000FF
-12.94 -30.08 5.65 -13.49 -29.68 3.23 0.455 0x0000FF
-11.3 -29.71 5.42 -12.94 -30.08 5.65 0.455 0x0000FF
-10.94 -28.98 5.12 -11.3 -29.71 5.42 0.455 0x0000FF
-10.39 -28.26 4.88 -10.94 -28.98 5.12 0.365 0x0000FF
-9.48 -27.89 4.88 -10.39 -28.26 4.88 0.365 0x0000FF
-13.68 -31.32 2.7 -13.49 -29.68 3.23 0.545 0x0000FF
-13.86 -32.22 2.39 -13.68 -31.32 2.7 0.545 0x0000FF
-14.41 -32.59 2.7 -13.86 -32.22 2.39 0.545 0x0000FF
-14.59 -32.96 3.83 -14.41 -32.59 2.7 0.545 0x0000FF
-15.14 -33.32 4.44 -14.59 -32.96 3.83 0.545 0x0000FF
-15.5 -33.69 5.95 -15.14 -33.32 4.44 0.545 0x0000FF
-17.51 -35.14 6.56 -15.5 -33.69 5.95 0.455 0x0000FF
-18.23 -36.04 7.24 -17.51 -35.14 6.56 0.455 0x0000FF
-18.6 -37.15 7.24 -18.23 -36.04 7.24 0.365 0x0000FF
-18.23 -37.36 5.58 -18.6 -37.15 7.24 0.365 0x0000FF
-18.6 -38.46 5.27 -18.23 -37.36 5.58 0.365 0x0000FF
-18.96 -39.72 4.82 -18.6 -38.46 5.27 0.365 0x0000FF
-19.32 -40.64 4.21 -18.96 -39.72 4.82 0.365 0x0000FF
-20.05 -42.28 3.45 -19.32 -40.64 4.21 0.275 0x0000FF
-20.42 -42.83 2.85 -20.05 -42.28 3.45 0.275 0x0000FF
-20.97 -43.74 2.85 -20.42 -42.83 2.85 0.275 0x0000FF
-20.43 -38.42 8.3 -18.6 -37.15 7.24 0.365 0x0000FF
-22.07 -39.88 8.68 -20.43 -38.42 8.3 0.365 0x0000FF
-23.53 -40.61 9.21 -22.07 -39.88 8.68 0.365 0x0000FF
-24.99 -41.7 9.28 -23.53 -40.61 9.21 0.365 0x0000FF
-27.72 -42.8 9.89 -24.99 -41.7 9.28 0.365 0x0000FF
-30.1 -43.89 10.35 -27.72 -42.8 9.89 0.365 0x0000FF
-32.47 -44.98 10.8 -30.1 -43.89 10.35 0.365 0x0000FF
-33.56 -45.71 11.33 -32.47 -44.98 10.8 0.365 0x0000FF
-35.02 -46.8 11.86 -33.56 -45.71 11.33 0.365 0x0000FF
-38.31 -49.54 12.7 -35.02 -46.8 11.86 0.365 0x0000FF
-40.68 -52.45 12.7 -38.31 -49.54 12.7 0.365 0x0000FF
-44.33 -56.83 13.53 -40.68 -52.45 12.7 0.365 0x0000FF
-47.06 -60.47 13.6 -44.33 -56.83 13.53 0.365 0x0000FF
-48.89 -63.02 14.36 -47.06 -60.47 13.6 0.365 0x0000FF
-51.81 -66.12 15.12 -48.89 -63.02 14.36 0.365 0x0000FF
-54.0 -69.03 15.95 -51.81 -66.12 15.12 0.365 0x0000FF
-56.01 -71.95 16.26 -54.0 -69.03 15.95 0.365 0x0000FF
-57.83 -74.5 16.79 -56.01 -71.95 16.26 0.365 0x0000FF
-58.38 -75.95 17.32 -57.83 -74.5 16.79 0.365 0x0000FF
-59.11 -77.41 18.07 -58.38 -75.95 17.32 0.365 0x0000FF
-59.84 -79.42 18.6 -59.11 -77.41 18.07 0.365 0x0000FF
-60.93 -81.79 19.13 -59.84 -79.42 18.6 0.365 0x0000FF
-61.84 -83.79 20.12 -60.93 -81.79 19.13 0.365 0x0000FF
-63.3 -87.07 20.5 -61.84 -83.79 20.12 0.365 0x0000FF
-64.22 -89.44 21.1 -63.3 -87.07 20.5 0.365 0x0000FF
-65.13 -91.08 21.71 -64.22 -89.44 21.1 0.365 0x0000FF
-65.86 -92.54 22.09 -65.13 -91.08 21.71 0.365 0x0000FF
-68.02 -100.83 22.62 -65.86 -92.54 22.09 0.365 0x0000FF
-70.39 -109.21 22.92 -68.02 -100.83 22.62 0.365 0x0000FF
-74.04 -119.05 23.45 -70.39 -109.21 22.92 0.365 0x0000FF
-77.51 -124.34 23.98 -74.04 -119.05 23.45 0.365 0x0000FF
-81.89 -129.97 24.36 -77.51 -124.34 23.98 0.365 0x0000FF
-88.27 -137.82 24.82 -81.89 -129.97 24.36 0.365 0x0000FF
-92.1 -145.84 25.27 -88.27 -137.82 24.82 0.365 0x0000FF
-97.58 -154.22 25.95 -92.1 -145.84 25.27 0.365 0x0000FF
-106.33 -166.61 26.86 -97.58 -154.22 25.95 0.365 0x0000FF
-114.54 -172.07 27.01 -106.33 -166.61 26.86 0.365 0x0000FF
-117.1 -172.62 26.63 -114.54 -172.07 27.01 0.365 0x0000FF
-121.11 -174.44 26.48 -117.1 -172.62 26.63 0.365 0x0000FF
-123.0 -176.21 23.68 -121.11 -174.44 26.48 0.365 0x0000FF
-123.73 -176.94 23.15 -123.0 -176.21 23.68 0.365 0x0000FF
-124.64 -177.85 23.07 -123.73 -176.94 23.15 0.365 0x0000FF
-125.19 -178.4 22.69 -124.64 -177.85 23.07 0.365 0x0000FF
-125.55 -178.94 22.39 -125.19 -178.4 22.69 0.365 0x0000FF
-126.46 -180.4 22.09 -125.55 -178.94 22.39 0.365 0x0000FF
-126.83 -181.49 21.86 -126.46 -180.4 22.09 0.365 0x0000FF
-127.56 -182.59 21.1 -126.83 -181.49 21.86 0.365 0x0000FF
-128.47 -184.96 20.42 -127.56 -182.59 21.1 0.365 0x0000FF
-129.02 -186.05 19.89 -128.47 -184.96 20.42 0.365 0x0000FF
-129.93 -187.87 19.44 -129.02 -186.05 19.89 0.365 0x0000FF
-131.03 -189.88 18.91 -129.93 -187.87 19.44 0.365 0x0000FF
-132.49 -192.24 18.14 -131.03 -189.88 18.91 0.365 0x0000FF
-135.4 -196.07 17.62 -132.49 -192.24 18.14 0.365 0x0000FF
-138.32 -200.44 17.09 -135.4 -196.07 17.62 0.365 0x0000FF
-139.24 -202.81 16.86 -138.32 -200.44 17.09 0.365 0x0000FF
-140.69 -205.36 16.48 -139.24 -202.81 16.86 0.365 0x0000FF
-143.25 -207.73 16.03 -140.69 -205.36 16.48 0.365 0x0000FF
-145.62 -209.92 15.88 -143.25 -207.73 16.03 0.365 0x0000FF
-148.91 -217.21 15.57 -145.62 -209.92 15.88 0.365 0x0000FF
-151.63 -224.68 15.2 -148.91 -217.21 15.57 0.365 0x0000FF
-151.63 -227.41 14.59 -151.63 -224.68 15.2 0.365 0x0000FF
-14.22 -26.14 0.42 -15.68 -25.6 0.35 0.91 0x0000FF
-13.13 -26.51 1.26 -14.22 -26.14 0.42 0.82 0x0000FF
-10.58 -26.87 1.64 -13.13 -26.51 1.26 0.64 0x0000FF
-8.75 -27.24 2.09 -10.58 -26.87 1.64 0.545 0x0000FF
-6.01 -27.6 2.39 -8.75 -27.24 2.09 0.545 0x0000FF
-2.18 -27.78 2.47 -6.01 -27.6 2.39 0.545 0x0000FF
-0.54 -27.24 1.79 -2.18 -27.78 2.47 0.455 0x0000FF
0.56 -27.13 3.38 -0.54 -27.24 1.79 0.455 0x0000FF
2.02 -27.67 3.38 0.56 -27.13 3.38 0.455 0x0000FF
2.74 -28.77 3.15 2.02 -27.67 3.38 0.455 0x0000FF
5.66 -29.31 3.15 2.74 -28.77 3.15 0.455 0x0000FF
8.03 -28.95 3.15 5.66 -29.31 3.15 0.455 0x0000FF
9.5 -29.13 3.45 8.03 -28.95 3.15 0.365 0x0000FF
11.69 -29.86 3.3 9.5 -29.13 3.45 0.365 0x0000FF
12.96 -30.22 2.92 11.69 -29.86 3.3 0.365 0x0000FF
14.79 -30.95 2.54 12.96 -30.22 2.92 0.365 0x0000FF
17.89 -32.22 2.09 14.79 -30.95 2.54 0.365 0x0000FF
23.18 -33.86 1.26 17.89 -32.22 2.09 0.365 0x0000FF
26.46 -34.22 1.03 23.18 -33.86 1.26 0.365 0x0000FF
28.84 -34.78 0.27 26.46 -34.22 1.03 0.365 0x0000FF
31.03 -35.33 -0.11 28.84 -34.78 0.27 0.365 0x0000FF
31.94 -35.51 -0.48 31.03 -35.33 -0.11 0.365 0x0000FF
33.76 -35.69 -0.79 31.94 -35.51 -0.48 0.365 0x0000FF
35.04 -35.51 -2.29 33.76 -35.69 -0.79 0.365 0x0000FF
35.4 -35.51 -2.91 35.04 -35.51 -2.29 0.365 0x0000FF
36.13 -35.33 -4.05 35.4 -35.51 -2.91 0.365 0x0000FF
37.96 -34.96 -4.58 36.13 -35.33 -4.05 0.365 0x0000FF
39.04 -35.51 -4.12 37.96 -34.96 -4.58 0.365 0x0000FF
40.33 -36.04 -4.42 39.04 -35.51 -4.12 0.365 0x0000FF
41.24 -36.24 -5.03 40.33 -36.04 -4.42 0.365 0x0000FF
43.25 -36.78 -5.56 41.24 -36.24 -5.03 0.365 0x0000FF
44.16 -37.33 -6.24 43.25 -36.78 -5.56 0.365 0x0000FF
45.44 -37.88 -6.92 44.16 -37.33 -6.24 0.365 0x0000FF
47.63 -38.61 -5.64 45.44 -37.88 -6.92 0.275 0x0000FF
48.54 -38.79 -5.79 47.63 -38.61 -5.64 0.275 0x0000FF
49.27 -39.15 -6.24 48.54 -38.79 -5.79 0.275 0x0000FF
49.82 -39.33 -6.47 49.27 -39.15 -6.24 0.275 0x0000FF
50.55 -39.7 -6.47 49.82 -39.33 -6.47 0.275 0x0000FF
40.51 -33.32 -4.88 37.96 -34.96 -4.58 0.275 0x0000FF
43.43 -32.59 -5.41 40.51 -33.32 -4.88 0.275 0x0000FF
46.17 -32.77 -5.86 43.43 -32.59 -5.41 0.275 0x0000FF
51.64 -33.14 -6.92 46.17 -32.77 -5.86 0.275 0x0000FF
53.1 -33.5 -7.38 51.64 -33.14 -6.92 0.275 0x0000FF
54.2 -34.22 -7.68 53.1 -33.5 -7.38 0.275 0x0000FF
56.02 -35.33 -8.67 54.2 -34.22 -7.68 0.275 0x0000FF
58.21 -36.42 -9.73 56.02 -35.33 -8.67 0.275 0x0000FF
60.76 -37.15 -10.86 58.21 -36.42 -9.73 0.275 0x0000FF
63.14 -38.42 -11.54 60.76 -37.15 -10.86 0.275 0x0000FF
66.06 -39.15 -12.3 63.14 -38.42 -11.54 0.275 0x0000FF
68.61 -39.52 -12.83 66.06 -39.15 -12.3 0.275 0x0000FF
70.62 -39.52 -13.06 68.61 -39.52 -12.83 0.275 0x0000FF
72.81 -39.33 -13.82 70.62 -39.52 -13.06 0.275 0x0000FF
74.08 -39.52 -14.95 72.81 -39.33 -13.82 0.275 0x0000FF
75.73 -39.88 -16.01 74.08 -39.52 -14.95 0.275 0x0000FF
78.45 -40.43 -17.14 75.73 -39.88 -16.01 0.275 0x0000FF
80.83 -41.34 -18.44 78.45 -40.43 -17.14 0.275 0x0000FF
81.93 -42.07 -18.59 80.83 -41.34 -18.44 0.275 0x0000FF
82.66 -42.61 -19.12 81.93 -42.07 -18.59 0.275 0x0000FF
83.21 -43.52 -19.8 82.66 -42.61 -19.12 0.275 0x0000FF
83.94 -45.35 -20.18 83.21 -43.52 -19.8 0.275 0x0000FF
84.85 -45.53 -18.89 83.94 -45.35 -20.18 0.275 0x0000FF
85.76 -45.53 -19.95 84.85 -45.53 -18.89 0.275 0x0000FF
86.13 -45.53 -20.71 85.76 -45.53 -19.95 0.275 0x0000FF
87.4 -45.89 -21.01 86.13 -45.53 -20.71 0.275 0x0000FF
88.5 -46.26 -21.85 87.4 -45.89 -21.01 0.275 0x0000FF
89.23 -46.26 -23.29 88.5 -46.26 -21.85 0.275 0x0000FF
90.14 -46.26 -23.97 89.23 -46.26 -23.29 0.275 0x0000FF
91.6 -46.08 -24.72 90.14 -46.26 -23.97 0.275 0x0000FF
93.61 -45.53 -25.63 91.6 -46.08 -24.72 0.275 0x0000FF
101.27 -46.62 -27.07 93.61 -45.53 -25.63 0.275 0x0000FF
103.64 -46.99 -27.53 101.27 -46.62 -27.07 0.275 0x0000FF
104.92 -47.35 -27.98 103.64 -46.99 -27.53 0.275 0x0000FF
107.47 -48.81 -28.36 104.92 -47.35 -27.98 0.275 0x0000FF
109.48 -50.99 -28.82 107.47 -48.81 -28.36 0.275 0x0000FF
110.94 -52.09 -29.42 109.48 -50.99 -28.82 0.275 0x0000FF
111.85 -52.63 -30.18 110.94 -52.09 -29.42 0.275 0x0000FF
113.68 -53.73 -31.24 111.85 -52.63 -30.18 0.275 0x0000FF
115.68 -54.64 -32.0 113.68 -53.73 -31.24 0.275 0x0000FF
116.96 -55.19 -33.51 115.68 -54.64 -32.0 0.275 0x0000FF
118.24 -55.91 -34.42 116.96 -55.19 -33.51 0.275 0x0000FF
120.43 -56.28 -35.18 118.24 -55.91 -34.42 0.275 0x0000FF
85.03 -47.72 -19.2 83.94 -45.35 -20.18 0.275 0x0000FF
85.94 -49.17 -19.5 85.03 -47.72 -19.2 0.275 0x0000FF
86.49 -49.54 -19.95 85.94 -49.17 -19.5 0.275 0x0000FF
87.22 -50.27 -20.63 86.49 -49.54 -19.95 0.275 0x0000FF
87.95 -50.63 -21.09 87.22 -50.27 -20.63 0.275 0x0000FF
89.96 -51.18 -22.0 87.95 -50.63 -21.09 0.275 0x0000FF
91.6 -51.54 -22.91 89.96 -51.18 -22.0 0.275 0x0000FF
93.42 -52.45 -23.44 91.6 -51.54 -22.91 0.275 0x0000FF
95.25 -53.73 -24.12 93.42 -52.45 -23.44 0.275 0x0000FF
97.99 -54.46 -24.57 95.25 -53.73 -24.12 0.275 0x0000FF
100.36 -56.28 -25.26 97.99 -54.46 -24.57 0.275 0x0000FF
100.9 -56.83 -25.94 100.36 -56.28 -25.26 0.275 0x0000FF
102.91 -58.65 -27.22 100.9 -56.83 -25.94 0.275 0x0000FF
104.19 -59.56 -28.36 102.91 -58.65 -27.22 0.275 0x0000FF
106.01 -60.47 -29.27 104.19 -59.56 -28.36 0.275 0x0000FF
107.66 -61.38 -29.65 106.01 -60.47 -29.27 0.275 0x0000FF
109.11 -62.11 -30.33 107.66 -61.38 -29.65 0.275 0x0000FF
110.03 -62.66 -31.32 109.11 -62.11 -30.33 0.275 0x0000FF
110.57 -63.02 -32.29 110.03 -62.66 -31.32 0.275 0x0000FF
110.94 -63.38 -33.65 110.57 -63.02 -32.29 0.275 0x0000FF
112.58 -63.93 -34.72 110.94 -63.38 -33.65 0.275 0x0000FF
112.95 -64.11 -35.56 112.58 -63.93 -34.72 0.275 0x0000FF
114.04 -64.48 -36.54 112.95 -64.11 -35.56 0.275 0x0000FF
11.87 -26.58 2.85 8.03 -28.95 3.15 0.365 0x0000FF
14.97 -25.49 2.85 11.87 -26.58 2.85 0.365 0x0000FF
17.71 -25.49 2.85 14.97 -25.49 2.85 0.365 0x0000FF
19.71 -25.67 2.85 17.71 -25.49 2.85 0.365 0x0000FF
23.73 -25.12 2.85 19.71 -25.67 2.85 0.365 0x0000FF
26.46 -24.94 2.85 23.73 -25.12 2.85 0.365 0x0000FF
27.92 -24.58 2.54 26.46 -24.94 2.85 0.365 0x0000FF
30.3 -24.21 2.09 27.92 -24.58 2.54 0.365 0x0000FF
32.47 -23.66 1.79 30.3 -24.21 2.09 0.365 0x0000FF
34.86 -22.75 1.48 32.47 -23.66 1.79 0.365 0x0000FF
39.97 -21.48 0.95 34.86 -22.75 1.48 0.365 0x0000FF
42.34 -21.11 0.8 39.97 -21.48 0.95 0.365 0x0000FF
45.62 -20.75 0.42 42.34 -21.11 0.8 0.365 0x0000FF
48.36 -21.11 -0.18 45.62 -20.75 0.42 0.365 0x0000FF
50.37 -21.48 -0.94 48.36 -21.11 -0.18 0.365 0x0000FF
52.37 -22.03 -1.7 50.37 -21.48 -0.94 0.365 0x0000FF
55.11 -22.94 -2.45 52.37 -22.03 -1.7 0.365 0x0000FF
57.3 -23.48 -2.68 55.11 -22.94 -2.45 0.365 0x0000FF
59.49 -23.12 -2.91 57.3 -23.48 -2.68 0.365 0x0000FF
61.31 -22.75 -3.21 59.49 -23.12 -2.91 0.365 0x0000FF
64.78 -22.21 -3.82 61.31 -22.75 -3.21 0.275 0x0000FF
66.59 -21.66 -4.12 64.78 -22.21 -3.82 0.275 0x0000FF
69.7 -20.93 -4.58 66.59 -21.66 -4.12 0.275 0x0000FF
71.7 -20.39 -5.41 69.7 -20.93 -4.58 0.275 0x0000FF
75.0 -19.47 -5.86 71.7 -20.39 -5.41 0.275 0x0000FF
77.55 -18.75 -6.39 75.0 -19.47 -5.86 0.275 0x0000FF
82.66 -16.38 -6.92 77.55 -18.75 -6.39 0.18 0x0000FF
87.59 -16.55 -7.08 82.66 -16.38 -6.92 0.18 0x0000FF
93.06 -16.55 -7.53 87.59 -16.55 -7.08 0.18 0x0000FF
99.08 -17.47 -8.36 93.06 -16.55 -7.53 0.18 0x0000FF
102.18 -18.93 -8.51 99.08 -17.47 -8.36 0.18 0x0000FF
106.56 -20.2 -8.89 102.18 -18.93 -8.51 0.18 0x0000FF
111.49 -21.66 -9.11 106.56 -20.2 -8.89 0.18 0x0000FF
114.04 -22.21 -9.42 111.49 -21.66 -9.11 0.09 0x0000FF
2.74 -24.87 1.41 -0.54 -27.24 1.79 0.365 0x0000FF
4.38 -24.14 0.8 2.74 -24.87 1.41 0.365 0x0000FF
6.76 -21.77 0.65 4.38 -24.14 0.8 0.365 0x0000FF
8.22 -20.68 0.12 6.76 -21.77 0.65 0.365 0x0000FF
8.94 -20.3 -0.41 8.22 -20.68 0.12 0.365 0x0000FF
12.96 -20.13 -1.32 8.94 -20.3 -0.41 0.365 0x0000FF
15.52 -19.95 -2.15 12.96 -20.13 -1.32 0.365 0x0000FF
19.35 -18.86 -3.36 15.52 -19.95 -2.15 0.365 0x0000FF
19.71 -18.48 -3.89 19.35 -18.86 -3.36 0.365 0x0000FF
19.89 -18.13 -4.58 19.71 -18.48 -3.89 0.365 0x0000FF
21.36 -17.64 -4.05 19.89 -18.13 -4.58 0.455 0x0000FF
22.27 -16.73 -4.8 21.36 -17.64 -4.05 0.455 0x0000FF
23.54 -16.38 -5.11 22.27 -16.73 -4.8 0.455 0x0000FF
26.46 -15.83 -6.01 23.54 -16.38 -5.11 0.455 0x0000FF
29.02 -14.92 -6.54 26.46 -15.83 -6.01 0.455 0x0000FF
31.03 -13.28 -7.23 29.02 -14.92 -6.54 0.455 0x0000FF
31.94 -11.64 -7.91 31.03 -13.28 -7.23 0.455 0x0000FF
32.47 -11.28 -8.89 31.94 -11.64 -7.91 0.455 0x0000FF
33.4 -10.0 -9.35 32.47 -11.28 -8.89 0.455 0x0000FF
35.59 -7.63 -10.18 33.4 -10.0 -9.35 0.455 0x0000FF
38.32 -5.08 -10.56 35.59 -7.63 -10.18 0.455 0x0000FF
42.34 -2.89 -11.09 38.32 -5.08 -10.56 0.455 0x0000FF
43.8 -1.8 -11.17 42.34 -2.89 -11.09 0.455 0x0000FF
46.35 -0.71 -11.85 43.8 -1.8 -11.17 0.455 0x0000FF
47.81 -0.71 -12.15 46.35 -0.71 -11.85 0.455 0x0000FF
49.27 -0.34 -12.98 47.81 -0.71 -12.15 0.455 0x0000FF
50.73 -0.16 -13.74 49.27 -0.34 -12.98 0.455 0x0000FF
52.19 -0.16 -14.65 50.73 -0.16 -13.74 0.455 0x0000FF
55.66 -0.53 -15.48 52.19 -0.16 -14.65 0.455 0x0000FF
58.03 -0.16 -16.77 55.66 -0.53 -15.48 0.365 0x0000FF
60.4 -0.16 -16.92 58.03 -0.16 -16.77 0.365 0x0000FF
64.78 0.39 -17.98 60.4 -0.16 -16.92 0.275 0x0000FF
66.42 0.39 -18.44 64.78 0.39 -17.98 0.275 0x0000FF
68.61 -0.16 -19.12 66.42 0.39 -18.44 0.275 0x0000FF
71.89 -1.8 -19.5 68.61 -0.16 -19.12 0.275 0x0000FF
75.54 -3.99 -19.88 71.89 -1.8 -19.5 0.275 0x0000FF
79.19 -5.99 -20.63 75.54 -3.99 -19.88 0.275 0x0000FF
81.2 -8.0 -21.01 79.19 -5.99 -20.63 0.275 0x0000FF
84.48 -11.64 -21.54 81.2 -8.0 -21.01 0.275 0x0000FF
86.13 -14.19 -22.07 84.48 -11.64 -21.54 0.275 0x0000FF
87.59 -16.92 -22.45 86.13 -14.19 -22.07 0.275 0x0000FF
89.41 -20.2 -22.45 87.59 -16.92 -22.45 0.275 0x0000FF
91.05 -22.03 -22.76 89.41 -20.2 -22.45 0.275 0x0000FF
92.51 -23.66 -23.21 91.05 -22.03 -22.76 0.275 0x0000FF
93.97 -24.39 -23.59 92.51 -23.66 -23.21 0.275 0x0000FF
95.61 -24.94 -24.27 93.97 -24.39 -23.59 0.275 0x0000FF
96.89 -25.12 -25.33 95.61 -24.94 -24.27 0.275 0x0000FF
22.81 -14.48 -5.33 19.89 -18.13 -4.58 0.275 0x0000FF
26.65 -10.66 -5.86 22.81 -14.48 -5.33 0.275 0x0000FF
29.2 -8.28 -6.17 26.65 -10.66 -5.86 0.275 0x0000FF
31.21 -6.47 -6.77 29.2 -8.28 -6.17 0.275 0x0000FF
33.58 -4.46 -7.23 31.21 -6.47 -6.77 0.275 0x0000FF
36.68 -3.73 -7.91 33.58 -4.46 -7.23 0.275 0x0000FF
38.5 -2.46 -8.06 36.68 -3.73 -7.91 0.275 0x0000FF
42.7 0.39 -9.11 38.5 -2.46 -8.06 0.275 0x0000FF
46.53 1.66 -8.59 42.7 0.39 -9.11 0.275 0x0000FF
-25.53 -28.98 -12.07 -29.91 -20.05 -4.4 1.46 0x0000FF
-24.62 -29.35 -12.68 -25.53 -28.98 -12.07 1.46 0x0000FF
-23.53 -30.44 -12.98 -24.62 -29.35 -12.68 1.46 0x0000FF
-23.34 -30.81 -13.67 -23.53 -30.44 -12.98 1.46 0x0000FF
-22.8 -31.53 -14.57 -23.34 -30.81 -13.67 1.46 0x0000FF
-21.88 -32.08 -14.88 -22.8 -31.53 -14.57 1.46 0x0000FF
-21.43 -32.03 -13.36 -21.88 -32.08 -14.88 0.82 0x0000FF
-20.7 -32.39 -14.8 -21.43 -32.03 -13.36 0.82 0x0000FF
-19.98 -33.11 -15.48 -20.7 -32.39 -14.8 0.82 0x0000FF
-19.14 -33.43 -16.62 -19.98 -33.11 -15.48 0.365 0x0000FF
-17.51 -33.07 -16.09 -19.14 -33.43 -16.62 0.365 0x0000FF
-16.6 -32.7 -16.09 -17.51 -33.07 -16.09 0.275 0x0000FF
-16.05 -32.7 -17.07 -16.6 -32.7 -16.09 0.275 0x0000FF
-15.32 -32.7 -18.44 -16.05 -32.7 -17.07 0.275 0x0000FF
-14.78 -32.52 -18.89 -15.32 -32.7 -18.44 0.275 0x0000FF
-13.86 -31.97 -20.1 -14.78 -32.52 -18.89 0.18 0x0000FF
-13.13 -31.61 -22.0 -13.86 -31.97 -20.1 0.18 0x0000FF
-11.13 -30.88 -23.89 -13.13 -31.61 -22.0 0.18 0x0000FF
-8.94 -30.52 -24.42 -11.13 -30.88 -23.89 0.18 0x0000FF
-6.02 -29.97 -24.88 -8.94 -30.52 -24.42 0.18 0x0000FF
-2.19 -29.6 -25.1 -6.02 -29.97 -24.88 0.09 0x0000FF
3.65 -30.15 -25.33 -2.19 -29.6 -25.1 0.09 0x0000FF
7.12 -30.52 -25.48 3.65 -30.15 -25.33 0.09 0x0000FF
12.96 -31.43 -25.48 7.12 -30.52 -25.48 0.09 0x0000FF
-18.14 -35.67 -15.86 -19.98 -33.11 -15.48 0.64 0x0000FF
-17.05 -38.77 -16.23 -18.14 -35.67 -15.86 0.545 0x0000FF
-15.78 -42.42 -16.77 -17.05 -38.77 -16.23 0.545 0x0000FF
-15.41 -44.78 -17.07 -15.78 -42.42 -16.77 0.545 0x0000FF
-15.05 -47.15 -17.76 -15.41 -44.78 -17.07 0.545 0x0000FF
-13.22 -51.16 -17.98 -15.05 -47.15 -17.76 0.545 0x0000FF
-13.5 -52.74 -16.39 -13.22 -51.16 -17.98 0.455 0x0000FF
-12.77 -55.48 -16.39 -13.5 -52.74 -16.39 0.455 0x0000FF
-12.04 -56.75 -16.7 -12.77 -55.48 -16.39 0.455 0x0000FF
-11.31 -57.12 -16.47 -12.04 -56.75 -16.7 0.455 0x0000FF
-10.76 -57.48 -15.94 -11.31 -57.12 -16.47 0.455 0x0000FF
-10.21 -58.03 -15.63 -10.76 -57.48 -15.94 0.455 0x0000FF
-8.39 -58.94 -14.57 -10.21 -58.03 -15.63 0.365 0x0000FF
-6.93 -59.3 -13.97 -8.39 -58.94 -14.57 0.365 0x0000FF
-5.47 -59.49 -13.21 -6.93 -59.3 -13.97 0.365 0x0000FF
-4.01 -59.67 -12.98 -5.47 -59.49 -13.21 0.365 0x0000FF
-3.1 -60.03 -12.76 -4.01 -59.67 -12.98 0.365 0x0000FF
-1.27 -60.21 -11.7 -3.1 -60.03 -12.76 0.275 0x0000FF
0.0 -61.49 -11.39 -1.27 -60.21 -11.7 0.275 0x0000FF
0.73 -62.04 -10.26 0.0 -61.49 -11.39 0.275 0x0000FF
4.2 -63.31 -9.42 0.73 -62.04 -10.26 0.275 0x0000FF
8.02 -64.59 -8.82 4.2 -63.31 -9.42 0.275 0x0000FF
10.77 -65.5 -8.51 8.02 -64.59 -8.82 0.275 0x0000FF
12.41 -66.04 -8.14 10.77 -65.5 -8.51 0.275 0x0000FF
15.15 -66.04 -7.08 12.41 -66.04 -8.14 0.275 0x0000FF
17.34 -66.04 -6.62 15.15 -66.04 -7.08 0.275 0x0000FF
19.89 -66.04 -5.79 17.34 -66.04 -6.62 0.275 0x0000FF
22.44 -66.41 -5.33 19.89 -66.04 -5.79 0.275 0x0000FF
26.09 -67.31 -4.88 22.44 -66.41 -5.33 0.275 0x0000FF
31.93 -69.87 -4.2 26.09 -67.31 -4.88 0.275 0x0000FF
35.22 -72.06 -3.21 31.93 -69.87 -4.2 0.275 0x0000FF
37.77 -74.61 -2.68 35.22 -72.06 -3.21 0.275 0x0000FF
39.78 -76.25 -2.08 37.77 -74.61 -2.68 0.275 0x0000FF
40.14 -76.98 -0.94 39.78 -76.25 -2.08 0.275 0x0000FF
40.86 -77.52 0.05 40.14 -76.98 -0.94 0.275 0x0000FF
43.24 -78.98 1.11 40.86 -77.52 0.05 0.275 0x0000FF
51.45 -79.53 1.94 43.24 -78.98 1.11 0.275 0x0000FF
56.02 -79.53 2.17 51.45 -79.53 1.94 0.275 0x0000FF
58.75 -80.06 3.53 56.02 -79.53 2.17 0.275 0x0000FF
60.94 -80.44 4.29 58.75 -80.06 3.53 0.275 0x0000FF
62.58 -80.98 5.04 60.94 -80.44 4.29 0.275 0x0000FF
65.5 -82.08 5.65 62.58 -80.98 5.04 0.275 0x0000FF
66.59 -82.81 6.18 65.5 -82.08 5.65 0.275 0x0000FF
69.52 -85.36 7.54 66.59 -82.81 6.18 0.275 0x0000FF
70.98 -87.18 8.0 69.52 -85.36 7.54 0.275 0x0000FF
72.25 -92.46 9.44 70.98 -87.18 8.0 0.275 0x0000FF
72.25 -96.11 9.74 72.25 -92.46 9.44 0.275 0x0000FF
72.62 -98.48 10.8 72.25 -96.11 9.74 0.275 0x0000FF
72.98 -100.84 11.86 72.62 -98.48 10.8 0.275 0x0000FF
72.98 -103.58 12.17 72.98 -100.84 11.86 0.275 0x0000FF
73.17 -104.85 12.85 72.98 -103.58 12.17 0.275 0x0000FF
73.53 -105.4 13.6 73.17 -104.85 12.85 0.275 0x0000FF
73.9 -105.95 13.68 73.53 -105.4 13.6 0.275 0x0000FF
74.81 -106.31 14.74 73.9 -105.95 13.68 0.275 0x0000FF
75.72 -106.49 15.95 74.81 -106.31 14.74 0.275 0x0000FF
76.45 -106.31 16.79 75.72 -106.49 15.95 0.275 0x0000FF
78.09 -105.58 17.54 76.45 -106.31 16.79 0.275 0x0000FF
-9.76 -54.26 -17.98 -13.22 -51.16 -17.98 0.455 0x0000FF
-5.93 -58.63 -18.05 -9.76 -54.26 -17.98 0.455 0x0000FF
-1.36 -64.28 -18.29 -5.93 -58.63 -18.05 0.455 0x0000FF
-0.09 -68.47 -18.73 -1.36 -64.28 -18.29 0.455 0x0000FF
5.2 -76.12 -19.64 -0.09 -68.47 -18.73 0.455 0x0000FF
7.76 -81.22 -19.8 5.2 -76.12 -19.64 0.455 0x0000FF
10.31 -87.42 -20.26 7.76 -81.22 -19.8 0.455 0x0000FF
13.78 -93.07 -20.79 10.31 -87.42 -20.26 0.455 0x0000FF
17.05 -96.16 -21.09 13.78 -93.07 -20.79 0.455 0x0000FF
20.35 -99.26 -21.69 17.05 -96.16 -21.09 0.455 0x0000FF
21.26 -100.54 -22.76 20.35 -99.26 -21.69 0.455 0x0000FF
22.54 -102.54 -23.59 21.26 -100.54 -22.76 0.455 0x0000FF
24.91 -107.1 -24.8 22.54 -102.54 -23.59 0.455 0x0000FF
26.0 -108.92 -25.56 24.91 -107.1 -24.8 0.455 0x0000FF
26.92 -110.74 -26.01 26.0 -108.92 -25.56 0.455 0x0000FF
28.28 -113.96 -25.56 26.92 -110.74 -26.01 0.365 0x0000FF
29.38 -115.6 -25.56 28.28 -113.96 -25.56 0.365 0x0000FF
30.84 -118.52 -26.16 29.38 -115.6 -25.56 0.275 0x0000FF
31.02 -118.88 -26.92 30.84 -118.52 -26.16 0.275 0x0000FF
31.38 -119.79 -28.29 31.02 -118.88 -26.92 0.275 0x0000FF
32.29 -120.52 -29.12 31.38 -119.79 -28.29 0.275 0x0000FF
33.39 -121.25 -29.27 32.29 -120.52 -29.12 0.275 0x0000FF
35.4 -121.98 -29.35 33.39 -121.25 -29.27 0.275 0x0000FF
27.65 -113.84 -27.68 26.92 -110.74 -26.01 0.365 0x0000FF
28.37 -118.57 -28.29 27.65 -113.84 -27.68 0.365 0x0000FF
28.37 -123.49 -28.29 28.37 -118.57 -28.29 0.365 0x0000FF
27.41 -130.62 -28.44 28.37 -123.49 -28.29 0.365 0x0000FF
27.05 -136.63 -28.59 27.41 -130.62 -28.44 0.365 0x0000FF
29.05 -142.28 -28.89 27.05 -136.63 -28.59 0.365 0x0000FF
29.42 -148.3 -28.89 29.05 -142.28 -28.89 0.365 0x0000FF
28.69 -153.94 -29.27 29.42 -148.3 -28.89 0.365 0x0000FF
32.15 -161.78 -29.27 28.69 -153.94 -29.27 0.365 0x0000FF
33.97 -166.15 -29.27 32.15 -161.78 -29.27 0.365 0x0000FF
35.61 -173.99 -29.27 33.97 -166.15 -29.27 0.365 0x0000FF
32.88 -186.74 -29.27 35.61 -173.99 -29.27 0.365 0x0000FF
33.97 -197.85 -29.27 32.88 -186.74 -29.27 0.365 0x0000FF
34.34 -206.42 -29.27 33.97 -197.85 -29.27 0.365 0x0000FF
32.15 -213.52 -29.27 34.34 -206.42 -29.27 0.365 0x0000FF
33.43 -219.34 -29.65 32.15 -213.52 -29.27 0.365 0x0000FF
34.89 -224.25 -29.65 33.43 -219.34 -29.65 0.365 0x0000FF
38.54 -230.27 -29.88 34.89 -224.25 -29.65 0.365 0x0000FF
42.37 -236.1 -30.33 38.54 -230.27 -29.88 0.365 0x0000FF
44.19 -242.11 -30.33 42.37 -236.1 -30.33 0.365 0x0000FF
44.56 -245.03 -30.1 44.19 -242.11 -30.33 0.365 0x0000FF
44.38 -249.22 -29.72 44.56 -245.03 -30.1 0.365 0x0000FF
-21.88 -32.99 -15.18 -21.88 -32.08 -14.88 0.73 0x0000FF
-21.88 -33.36 -15.33 -21.88 -32.99 -15.18 0.73 0x0000FF
-22.07 -33.72 -16.23 -21.88 -33.36 -15.33 0.73 0x0000FF
-22.61 -34.27 -16.77 -22.07 -33.72 -16.23 0.73 0x0000FF
-22.8 -34.63 -19.2 -22.61 -34.27 -16.77 0.73 0x0000FF
-22.98 -35.18 -20.41 -22.8 -34.63 -19.2 0.73 0x0000FF
-23.71 -36.27 -23.66 -22.98 -35.18 -20.41 0.73 0x0000FF
-25.72 -39.19 -24.72 -23.71 -36.27 -23.66 0.64 0x0000FF
-26.26 -40.83 -25.26 -25.72 -39.19 -24.72 0.64 0x0000FF
-27.17 -42.47 -26.54 -26.26 -40.83 -25.26 0.64 0x0000FF
-30.28 -45.2 -27.22 -27.17 -42.47 -26.54 0.64 0x0000FF
-31.37 -47.93 -27.07 -30.28 -45.2 -27.22 0.365 0x0000FF
-32.1 -49.75 -26.54 -31.37 -47.93 -27.07 0.365 0x0000FF
-32.47 -52.12 -26.01 -32.1 -49.75 -26.54 0.365 0x0000FF
-32.83 -53.58 -26.24 -32.47 -52.12 -26.01 0.365 0x0000FF
-33.56 -55.4 -27.0 -32.83 -53.58 -26.24 0.365 0x0000FF
-34.11 -57.77 -27.68 -33.56 -55.4 -27.0 0.365 0x0000FF
-34.65 -60.14 -28.21 -34.11 -57.77 -27.68 0.365 0x0000FF
-35.02 -62.33 -29.42 -34.65 -60.14 -28.21 0.365 0x0000FF
-35.2 -64.88 -30.86 -35.02 -62.33 -29.42 0.365 0x0000FF
-35.2 -68.34 -32.15 -35.2 -64.88 -30.86 0.365 0x0000FF
-35.02 -72.89 -33.13 -35.2 -68.34 -32.15 0.365 0x0000FF
-35.39 -76.9 -34.27 -35.02 -72.89 -33.13 0.365 0x0000FF
-37.76 -82.37 -35.25 -35.39 -76.9 -34.27 0.365 0x0000FF
-40.31 -87.65 -36.09 -37.76 -82.37 -35.25 0.365 0x0000FF
-41.95 -94.03 -37.29 -40.31 -87.65 -36.09 0.365 0x0000FF
-42.32 -96.76 -37.68 -41.95 -94.03 -37.29 0.365 0x0000FF
-42.68 -99.31 -38.74 -42.32 -96.76 -37.68 0.365 0x0000FF
-43.23 -106.05 -39.42 -42.68 -99.31 -38.74 0.365 0x0000FF
-43.6 -109.33 -40.33 -43.23 -106.05 -39.42 0.365 0x0000FF
-43.6 -114.44 -41.69 -43.6 -109.33 -40.33 0.365 0x0000FF
-43.23 -116.62 -43.74 -43.6 -114.44 -41.69 0.365 0x0000FF
-42.87 -117.17 -44.42 -43.23 -116.62 -43.74 0.365 0x0000FF
-42.5 -118.99 -46.39 -42.87 -117.17 -44.42 0.365 0x0000FF
-41.59 -125.55 -48.66 -42.5 -118.99 -46.39 0.365 0x0000FF
-41.59 -130.1 -49.27 -41.59 -125.55 -48.66 0.365 0x0000FF
-41.58 -133.13 -50.63 -41.59 -130.1 -49.27 0.365 0x0000FF
-41.58 -134.22 -51.09 -41.58 -133.13 -50.63 0.365 0x0000FF
-41.21 -135.86 -51.69 -41.58 -134.22 -51.09 0.365 0x0000FF
-40.47 -137.87 -53.36 -41.21 -135.86 -51.69 0.365 0x0000FF
-39.93 -139.51 -55.1 -40.47 -137.87 -53.36 0.365 0x0000FF
-39.2 -141.33 -56.54 -39.93 -139.51 -55.1 0.365 0x0000FF
-38.11 -142.97 -58.13 -39.2 -141.33 -56.54 0.365 0x0000FF
-37.38 -144.61 -60.71 -38.11 -142.97 -58.13 0.365 0x0000FF
-36.1 -146.25 -61.69 -37.38 -144.61 -60.71 0.365 0x0000FF
-35.01 -147.88 -63.28 -36.1 -146.25 -61.69 0.365 0x0000FF
-34.64 -148.62 -65.18 -35.01 -147.88 -63.28 0.365 0x0000FF
-32.47 -47.02 -27.53 -30.28 -45.2 -27.22 0.545 0x0000FF
-34.65 -47.93 -27.75 -32.47 -47.02 -27.53 0.545 0x0000FF
-39.95 -49.94 -28.51 -34.65 -47.93 -27.75 0.455 0x0000FF
-44.33 -51.39 -28.51 -39.95 -49.94 -28.51 0.455 0x0000FF
-50.16 -53.03 -27.07 -44.33 -51.39 -28.51 0.455 0x0000FF
-56.55 -54.49 -26.47 -50.16 -53.03 -27.07 0.455 0x0000FF
-63.85 -56.31 -25.86 -56.55 -54.49 -26.47 0.365 0x0000FF
-80.45 -66.52 -25.71 -63.85 -56.31 -25.86 0.275 0x0000FF
-89.57 -73.08 -25.1 -80.45 -66.52 -25.71 0.275 0x0000FF
-97.78 -86.01 -24.95 -89.57 -73.08 -25.1 0.275 0x0000FF
-102.89 -95.85 -24.57 -97.78 -86.01 -24.95 0.275 0x0000FF
-106.18 -102.05 -24.12 -102.89 -95.85 -24.57 0.275 0x0000FF
-107.45 -103.69 -25.86 -106.18 -102.05 -24.12 0.275 0x0000FF
-112.02 -107.51 -26.47 -107.45 -103.69 -25.86 0.275 0x0000FF
-117.12 -111.34 -27.15 -112.02 -107.51 -26.47 0.275 0x0000FF
-124.79 -118.26 -27.38 -117.12 -111.34 -27.15 0.275 0x0000FF
-34.85 -29.42 -9.57 -29.91 -20.05 -4.4 1.64 0x0000FF
-35.94 -30.52 -8.97 -34.85 -29.42 -9.57 1.64 0x0000FF
-37.04 -31.61 -9.88 -35.94 -30.52 -8.97 1.64 0x0000FF
-38.31 -32.34 -10.56 -37.04 -31.61 -9.88 1.64 0x0000FF
-39.04 -33.07 -11.62 -38.31 -32.34 -10.56 1.64 0x0000FF
-41.23 -35.07 -12.68 -39.04 -33.07 -11.62 1.64 0x0000FF
-42.14 -36.08 -12.91 -41.23 -35.07 -12.68 1.185 0x0000FF
-42.87 -36.26 -13.82 -42.14 -36.08 -12.91 1.185 0x0000FF
-43.78 -36.99 -14.27 -42.87 -36.26 -13.82 1.185 0x0000FF
-43.96 -37.35 -14.5 -43.78 -36.99 -14.27 1.185 0x0000FF
-45.56 -39.74 -13.14 -43.96 -37.35 -14.5 1.095 0x0000FF
-46.47 -41.01 -14.04 -45.56 -39.74 -13.14 1.095 0x0000FF
-47.2 -41.74 -14.5 -46.47 -41.01 -14.04 1.095 0x0000FF
-50.12 -43.93 -15.18 -47.2 -41.74 -14.5 1.095 0x0000FF
-50.49 -45.2 -16.23 -50.12 -43.93 -15.18 1.095 0x0000FF
-51.95 -46.3 -16.62 -50.49 -45.2 -16.23 1.095 0x0000FF
-54.5 -50.31 -14.65 -51.95 -46.3 -16.62 0.545 0x0000FF
-55.78 -51.4 -14.42 -54.5 -50.31 -14.65 0.545 0x0000FF
-60.52 -53.95 -14.04 -55.78 -51.4 -14.42 0.545 0x0000FF
-63.07 -57.05 -13.82 -60.52 -53.95 -14.04 0.545 0x0000FF
-68.37 -64.52 -13.51 -63.07 -57.05 -13.82 0.545 0x0000FF
-71.09 -69.44 -13.74 -68.37 -64.52 -13.51 0.545 0x0000FF
-72.73 -71.44 -13.74 -71.09 -69.44 -13.74 0.545 0x0000FF
-74.89 -74.86 -14.8 -72.73 -71.44 -13.74 0.275 0x0000FF
-75.25 -76.68 -14.5 -74.89 -74.86 -14.8 0.275 0x0000FF
-76.17 -78.31 -14.12 -75.25 -76.68 -14.5 0.275 0x0000FF
-76.53 -78.87 -13.44 -76.17 -78.31 -14.12 0.275 0x0000FF
-77.08 -80.33 -14.42 -76.53 -78.87 -13.44 0.275 0x0000FF
-77.81 -81.06 -17.0 -77.08 -80.33 -14.42 0.275 0x0000FF
-78.54 -81.23 -18.36 -77.81 -81.06 -17.0 0.275 0x0000FF
-81.45 -82.33 -19.42 -78.54 -81.23 -18.36 0.275 0x0000FF
-85.11 -83.24 -20.79 -81.45 -82.33 -19.42 0.275 0x0000FF
-87.48 -84.7 -20.86 -85.11 -83.24 -20.79 0.275 0x0000FF
-76.39 -74.9 -13.82 -72.73 -71.44 -13.74 0.455 0x0000FF
-79.68 -78.73 -13.89 -76.39 -74.9 -13.82 0.365 0x0000FF
-81.31 -82.19 -14.42 -79.68 -78.73 -13.89 0.365 0x0000FF
-82.6 -85.47 -14.42 -81.31 -82.19 -14.42 0.365 0x0000FF
-84.24 -88.39 -14.57 -82.6 -85.47 -14.42 0.365 0x0000FF
-88.62 -92.21 -15.03 -84.24 -88.39 -14.57 0.365 0x0000FF
-90.63 -92.94 -15.48 -88.62 -92.21 -15.03 0.365 0x0000FF
-91.72 -93.49 -16.09 -90.63 -92.94 -15.48 0.365 0x0000FF
-92.63 -94.03 -17.14 -91.72 -93.49 -16.09 0.365 0x0000FF
-95.55 -95.67 -18.21 -92.63 -94.03 -17.14 0.365 0x0000FF
-97.01 -97.31 -18.44 -95.55 -95.67 -18.21 0.365 0x0000FF
-98.29 -98.77 -19.5 -97.01 -97.31 -18.44 0.365 0x0000FF
-98.65 -100.05 -20.26 -98.29 -98.77 -19.5 0.365 0x0000FF
-99.57 -102.41 -21.16 -98.65 -100.05 -20.26 0.365 0x0000FF
-103.03 -104.97 -21.69 -99.57 -102.41 -21.16 0.365 0x0000FF
-106.13 -106.24 -22.07 -103.03 -104.97 -21.69 0.365 0x0000FF
-108.69 -107.33 -22.38 -106.13 -106.24 -22.07 0.365 0x0000FF
-112.15 -110.98 -22.83 -108.69 -107.33 -22.38 0.365 0x0000FF
-115.99 -112.25 -23.36 -112.15 -110.98 -22.83 0.365 0x0000FF
-122.19 -114.08 -24.65 -115.99 -112.25 -23.36 0.365 0x0000FF
-123.47 -114.26 -25.48 -122.19 -114.08 -24.65 0.365 0x0000FF
-125.84 -114.44 -27.07 -123.47 -114.26 -25.48 0.365 0x0000FF
-129.12 -115.17 -28.21 -125.84 -114.44 -27.07 0.365 0x0000FF
-135.51 -118.08 -28.97 -129.12 -115.17 -28.21 0.365 0x0000FF
-145.36 -123.0 -29.72 -135.51 -118.08 -28.97 0.365 0x0000FF
-150.1 -126.83 -30.41 -145.36 -123.0 -29.72 0.365 0x0000FF
-160.46 -136.99 -31.54 -150.1 -126.83 -30.41 0.365 0x0000FF
-165.2 -139.54 -31.92 -160.46 -136.99 -31.54 0.365 0x0000FF
-170.49 -144.63 -33.36 -165.2 -139.54 -31.92 0.275 0x0000FF
-172.5 -146.46 -33.74 -170.49 -144.63 -33.36 0.275 0x0000FF
-175.06 -149.02 -34.72 -172.5 -146.46 -33.74 0.275 0x0000FF
-177.43 -151.38 -36.01 -175.06 -149.02 -34.72 0.275 0x0000FF
-181.26 -153.21 -37.45 -177.43 -151.38 -36.01 0.275 0x0000FF
-183.45 -154.66 -37.75 -181.26 -153.21 -37.45 0.275 0x0000FF
-185.27 -156.49 -38.89 -183.45 -154.66 -37.75 0.275 0x0000FF
-188.01 -159.04 -39.5 -185.27 -156.49 -38.89 0.275 0x0000FF
-189.65 -161.04 -40.03 -188.01 -159.04 -39.5 0.275 0x0000FF
-53.77 -47.03 -16.09 -51.95 -46.3 -16.62 0.82 0x0000FF
-54.5 -47.39 -15.79 -53.77 -47.03 -16.09 0.82 0x0000FF
-56.87 -47.75 -14.88 -54.5 -47.39 -15.79 0.82 0x0000FF
-58.88 -48.12 -14.27 -56.87 -47.75 -14.88 0.82 0x0000FF
-59.61 -47.94 -15.48 -58.88 -48.12 -14.27 0.82 0x0000FF
-60.16 -47.75 -17.38 -59.61 -47.94 -15.48 0.82 0x0000FF
-61.07 -47.39 -18.82 -60.16 -47.75 -17.38 0.82 0x0000FF
-62.71 -47.21 -19.95 -61.07 -47.39 -18.82 0.73 0x0000FF
-63.26 -47.39 -21.16 -62.71 -47.21 -19.95 0.73 0x0000FF
-63.62 -47.94 -22.53 -63.26 -47.39 -21.16 0.73 0x0000FF
-64.9 -50.85 -24.95 -63.62 -47.94 -22.53 0.64 0x0000FF
-66.54 -52.86 -25.48 -64.9 -50.85 -24.95 0.64 0x0000FF
-67.81 -54.68 -26.09 -66.54 -52.86 -25.48 0.545 0x0000FF
-69.64 -57.23 -26.16 -67.81 -54.68 -26.09 0.545 0x0000FF
-70.37 -59.42 -26.69 -69.64 -57.23 -26.16 0.545 0x0000FF
-70.56 -61.42 -27.38 -70.37 -59.42 -26.69 0.545 0x0000FF
-71.09 -64.7 -28.36 -70.56 -61.42 -27.38 0.545 0x0000FF
-72.73 -67.98 -29.04 -71.09 -64.7 -28.36 0.455 0x0000FF
-72.73 -69.8 -29.42 -72.73 -67.98 -29.04 0.455 0x0000FF
-72.93 -74.36 -30.25 -72.73 -69.8 -29.42 0.365 0x0000FF
-73.66 -76.36 -30.41 -72.93 -74.36 -30.25 0.365 0x0000FF
-72.93 -80.55 -30.63 -73.66 -76.36 -30.41 0.365 0x0000FF
-45.97 -37.35 -14.65 -43.96 -37.35 -14.5 0.545 0x0000FF
-47.98 -37.9 -14.04 -45.97 -37.35 -14.65 0.455 0x0000FF
-49.8 -38.08 -13.97 -47.98 -37.9 -14.04 0.455 0x0000FF
-51.26 -38.26 -14.73 -49.8 -38.08 -13.97 0.455 0x0000FF
-52.9 -38.45 -15.63 -51.26 -38.26 -14.73 0.365 0x0000FF
-55.09 -38.63 -16.77 -52.9 -38.45 -15.63 0.365 0x0000FF
-57.1 -38.45 -17.76 -55.09 -38.63 -16.77 0.365 0x0000FF
-59.47 -37.53 -18.66 -57.1 -38.45 -17.76 0.365 0x0000FF
-61.84 -34.97 -19.5 -59.47 -37.53 -18.66 0.365 0x0000FF
-66.22 -31.52 -20.41 -61.84 -34.97 -19.5 0.365 0x0000FF
-72.79 -30.06 -20.94 -66.22 -31.52 -20.41 0.365 0x0000FF
-79.72 -29.34 -21.16 -72.79 -30.06 -20.94 0.365 0x0000FF
-99.43 -31.16 -21.69 -79.72 -29.34 -21.16 0.365 0x0000FF
-108.37 -28.97 -22.15 -99.43 -31.16 -21.69 0.365 0x0000FF
-116.94 -27.33 -22.83 -108.37 -28.97 -22.15 0.365 0x0000FF
-125.7 -24.78 -23.06 -116.94 -27.33 -22.83 0.365 0x0000FF
-135.37 -25.33 -23.74 -125.7 -24.78 -23.06 0.365 0x0000FF
-140.66 -24.42 -24.04 -135.37 -25.33 -23.74 0.365 0x0000FF
-160.37 -24.42 -24.57 -140.66 -24.42 -24.04 0.365 0x0000FF
-166.21 -24.78 -24.72 -160.37 -24.42 -24.57 0.365 0x0000FF
-172.05 -23.32 -25.1 -166.21 -24.78 -24.72 0.365 0x0000FF
-174.09 -22.25 -25.56 -172.05 -23.32 -25.1 0.275 0x0000FF
-175.91 -20.43 -25.56 -174.09 -22.25 -25.56 0.275 0x0000FF
-178.29 -18.23 -25.56 -175.91 -20.43 -25.56 0.275 0x0000FF
-180.84 -16.42 -25.41 -178.29 -18.23 -25.56 0.275 0x0000FF
-185.95 -15.87 -25.26 -180.84 -16.42 -25.41 0.275 0x0000FF
-190.87 -16.23 -25.1 -185.95 -15.87 -25.26 0.275 0x0000FF
-197.26 -16.6 -25.1 -190.87 -16.23 -25.1 0.275 0x0000FF
-201.46 -15.69 -25.1 -197.26 -16.6 -25.1 0.275 0x0000FF
-42.14 -38.17 -11.32 -41.23 -35.07 -12.68 0.73 0x0000FF
-41.78 -41.08 -10.94 -42.14 -38.17 -11.32 0.545 0x0000FF
-41.6 -44.18 -10.48 -41.78 -41.08 -10.94 0.545 0x0000FF
-41.41 -49.65 -10.18 -41.6 -44.18 -10.48 0.545 0x0000FF
-42.69 -55.66 -9.88 -41.41 -49.65 -10.18 0.545 0x0000FF
-44.33 -61.31 -8.82 -42.69 -55.66 -9.88 0.545 0x0000FF
-45.43 -67.14 -8.44 -44.33 -61.31 -8.82 0.545 0x0000FF
-45.79 -71.87 -7.98 -45.43 -67.14 -8.44 0.455 0x0000FF
-45.24 -73.06 -9.94 -45.79 -71.87 -7.98 0.365 0x0000FF
-44.88 -74.7 -9.94 -45.24 -73.06 -9.94 0.365 0x0000FF
-45.24 -75.61 -9.73 -44.88 -74.7 -9.94 0.365 0x0000FF
-45.42 -76.16 -9.35 -45.24 -75.61 -9.73 0.365 0x0000FF
-45.79 -76.7 -9.03 -45.42 -76.16 -9.35 0.365 0x0000FF
-46.15 -77.44 -10.48 -45.79 -76.7 -9.03 0.365 0x0000FF
-46.7 -78.53 -11.47 -46.15 -77.44 -10.48 0.365 0x0000FF
-47.07 -79.44 -12.76 -46.7 -78.53 -11.47 0.365 0x0000FF
-47.98 -82.72 -13.67 -47.07 -79.44 -12.76 0.365 0x0000FF
-48.34 -86.36 -13.89 -47.98 -82.72 -13.67 0.365 0x0000FF
-47.98 -89.28 -13.89 -48.34 -86.36 -13.89 0.275 0x0000FF
-48.16 -92.19 -13.97 -47.98 -89.28 -13.89 0.275 0x0000FF
-47.44 -73.7 -7.61 -45.79 -71.87 -7.98 0.365 0x0000FF
-50.72 -76.25 -7.3 -47.44 -73.7 -7.61 0.365 0x0000FF
-52.36 -78.06 -7.15 -50.72 -76.25 -7.3 0.365 0x0000FF
-53.64 -79.7 -6.32 -52.36 -78.06 -7.15 0.365 0x0000FF
-55.83 -82.62 -5.26 -53.64 -79.7 -6.32 0.365 0x0000FF
-58.56 -86.27 -4.2 -55.83 -82.62 -5.26 0.365 0x0000FF
-60.02 -87.91 -3.59 -58.56 -86.27 -4.2 0.365 0x0000FF
-61.48 -89.37 -2.68 -60.02 -87.91 -3.59 0.365 0x0000FF
-64.77 -92.46 -1.77 -61.48 -89.37 -2.68 0.365 0x0000FF
-67.51 -93.74 -0.64 -64.77 -92.46 -1.77 0.365 0x0000FF
-70.97 -94.47 -0.41 -67.51 -93.74 -0.64 0.365 0x0000FF
-74.8 -94.1 0.12 -70.97 -94.47 -0.41 0.365 0x0000FF
-78.45 -94.83 1.33 -74.8 -94.1 0.12 0.365 0x0000FF
-81.37 -95.56 1.64 -78.45 -94.83 1.33 0.365 0x0000FF
-85.93 -97.75 2.47 -81.37 -95.56 1.64 0.365 0x0000FF
-88.85 -101.57 3.38 -85.93 -97.75 2.47 0.275 0x0000FF
-90.13 -103.58 4.29 -88.85 -101.57 3.38 0.275 0x0000FF
-91.77 -105.58 5.35 -90.13 -103.58 4.29 0.275 0x0000FF
-93.41 -107.77 6.41 -91.77 -105.58 5.35 0.275 0x0000FF
-95.24 -109.95 6.48 -93.41 -107.77 6.41 0.275 0x0000FF
-97.79 -113.42 7.92 -95.24 -109.95 6.48 0.275 0x0000FF
-99.43 -114.69 8.38 -97.79 -113.42 7.92 0.275 0x0000FF
-37.04 -23.8 3.98 -29.91 -20.05 -4.4 1.095 0x0000FF
-37.78 -24.35 4.59 -37.04 -23.8 3.98 1.095 0x0000FF
-38.51 -24.89 5.12 -37.78 -24.35 4.59 1.095 0x0000FF
-39.79 -25.44 5.35 -38.51 -24.89 5.12 1.095 0x0000FF
-40.7 -25.99 6.03 -39.79 -25.44 5.35 1.095 0x0000FF
-41.62 -26.35 5.42 -40.7 -25.99 6.03 0.455 0x0000FF
-42.35 -26.71 5.04 -41.62 -26.35 5.42 0.455 0x0000FF
-43.44 -27.63 4.82 -42.35 -26.71 5.04 0.455 0x0000FF
-44.72 -29.45 4.51 -43.44 -27.63 4.82 0.455 0x0000FF
-45.99 -31.82 4.51 -44.72 -29.45 4.51 0.455 0x0000FF
-46.91 -34.9 5.35 -45.99 -31.82 4.51 0.455 0x0000FF
-48.18 -36.92 5.88 -46.91 -34.9 5.35 0.455 0x0000FF
-50.74 -38.92 6.64 -48.18 -36.92 5.88 0.365 0x0000FF
-53.29 -41.84 6.79 -50.74 -38.92 6.64 0.365 0x0000FF
-54.75 -45.3 7.01 -53.29 -41.84 6.79 0.365 0x0000FF
-55.25 -46.66 9.89 -54.75 -45.3 7.01 0.365 0x0000FF
-55.61 -49.21 9.51 -55.25 -46.66 9.89 0.365 0x0000FF
-56.89 -54.86 8.98 -55.61 -49.21 9.51 0.365 0x0000FF
-59.26 -61.6 8.68 -56.89 -54.86 8.98 0.365 0x0000FF
-61.63 -67.06 7.85 -59.26 -61.6 8.68 0.365 0x0000FF
-62.55 -69.43 8.83 -61.63 -67.06 7.85 0.275 0x0000FF
-64.55 -72.89 9.44 -62.55 -69.43 8.83 0.275 0x0000FF
-66.38 -76.9 10.27 -64.55 -72.89 9.44 0.275 0x0000FF
-69.84 -82.0 10.73 -66.38 -76.9 10.27 0.275 0x0000FF
-71.48 -85.47 11.64 -69.84 -82.0 10.73 0.275 0x0000FF
-73.48 -89.11 11.71 -71.48 -85.47 11.64 0.275 0x0000FF
-75.5 -91.48 12.24 -73.48 -89.11 11.71 0.275 0x0000FF
-78.23 -97.31 12.09 -75.5 -91.48 12.24 0.18 0x0000FF
-79.51 -101.5 11.71 -78.23 -97.31 12.09 0.18 0x0000FF
-81.16 -106.6 11.33 -79.51 -101.5 11.71 0.18 0x0000FF
-83.53 -113.34 11.41 -81.16 -106.6 11.33 0.18 0x0000FF
-85.72 -116.8 12.32 -83.53 -113.34 11.41 0.18 0x0000FF
-88.82 -122.63 14.13 -85.72 -116.8 12.32 0.18 0x0000FF
-90.1 -125.0 13.76 -88.82 -122.63 14.13 0.18 0x0000FF
-90.64 -126.64 14.21 -90.1 -125.0 13.76 0.18 0x0000FF
-92.1 -129.19 14.74 -90.64 -126.64 14.21 0.18 0x0000FF
-79.51 -93.12 12.92 -75.5 -91.48 12.24 0.275 0x0000FF
-81.34 -93.3 13.23 -79.51 -93.12 12.92 0.275 0x0000FF
-82.98 -94.03 13.76 -81.34 -93.3 13.23 0.275 0x0000FF
-85.72 -94.76 14.51 -82.98 -94.03 13.76 0.275 0x0000FF
-89.37 -96.03 15.12 -85.72 -94.76 14.51 0.18 0x0000FF
-91.56 -97.13 15.8 -89.37 -96.03 15.12 0.18 0x0000FF
-57.49 -49.31 7.62 -54.75 -45.3 7.01 0.365 0x0000FF
-59.86 -50.58 7.85 -57.49 -49.31 7.62 0.365 0x0000FF
-62.78 -51.86 7.17 -59.86 -50.58 7.85 0.365 0x0000FF
-64.42 -52.04 6.56 -62.78 -51.86 7.17 0.365 0x0000FF
-68.25 -53.68 6.03 -64.42 -52.04 6.56 0.365 0x0000FF
-70.26 -56.23 5.58 -68.25 -53.68 6.03 0.365 0x0000FF
-73.18 -57.32 4.88 -70.26 -56.23 5.58 0.365 0x0000FF
-76.83 -58.42 4.59 -73.18 -57.32 4.88 0.365 0x0000FF
-82.48 -60.24 4.29 -76.83 -58.42 4.59 0.365 0x0000FF
-87.96 -61.88 3.53 -82.48 -60.24 4.29 0.365 0x0000FF
-90.51 -62.79 3.15 -87.96 -61.88 3.53 0.365 0x0000FF
-93.43 -64.43 2.0 -90.51 -62.79 3.15 0.365 0x0000FF
-97.81 -66.25 0.8 -93.43 -64.43 2.0 0.365 0x0000FF
-103.1 -68.98 -0.41 -97.81 -66.25 0.8 0.365 0x0000FF
-107.12 -71.9 -1.17 -103.1 -68.98 -0.41 0.365 0x0000FF
-112.41 -75.18 -2.15 -107.12 -71.9 -1.17 0.275 0x0000FF
-117.7 -76.45 -2.52 -112.41 -75.18 -2.15 0.275 0x0000FF
-122.81 -78.64 -3.29 -117.7 -76.45 -2.52 0.275 0x0000FF
-128.1 -81.37 -4.12 -122.81 -78.64 -3.29 0.275 0x0000FF
-134.47 -84.29 -4.95 -128.1 -81.37 -4.12 0.275 0x0000FF
-141.6 -85.93 -5.79 -134.47 -84.29 -4.95 0.275 0x0000FF
-147.26 -86.29 -7.0 -141.6 -85.93 -5.79 0.275 0x0000FF
-156.74 -86.11 -7.68 -147.26 -86.29 -7.0 0.275 0x0000FF
-162.94 -87.93 -7.91 -156.74 -86.11 -7.68 0.275 0x0000FF
-165.63 -90.02 -8.28 -162.94 -87.93 -7.91 0.275 0x0000FF
-166.91 -90.57 -8.89 -165.63 -90.02 -8.28 0.275 0x0000FF
-168.73 -90.75 -10.48 -166.91 -90.57 -8.89 0.275 0x0000FF
-172.38 -90.02 -11.62 -168.73 -90.75 -10.48 0.275 0x0000FF
-176.58 -89.11 -13.06 -172.38 -90.02 -11.62 0.275 0x0000FF
-180.41 -89.47 -13.82 -176.58 -89.11 -13.06 0.275 0x0000FF
-182.42 -89.84 -14.8 -180.41 -89.47 -13.82 0.275 0x0000FF
-184.42 -90.38 -16.17 -182.42 -89.84 -14.8 0.275 0x0000FF
-187.53 -90.57 -17.68 -184.42 -90.38 -16.17 0.275 0x0000FF
-188.62 -90.57 -19.5 -187.53 -90.57 -17.68 0.275 0x0000FF
-189.71 -90.2 -19.95 -188.62 -90.57 -19.5 0.275 0x0000FF
-43.8 -28.35 6.79 -40.7 -25.99 6.03 0.82 0x0000FF
-46.72 -30.91 7.32 -43.8 -28.35 6.79 0.73 0x0000FF
-48.0 -31.82 7.77 -46.72 -30.91 7.32 0.64 0x0000FF
-49.83 -33.27 7.17 -48.0 -31.82 7.77 0.64 0x0000FF
-51.1 -34.54 6.03 -49.83 -33.27 7.17 0.64 0x0000FF
-51.65 -34.9 6.33 -51.1 -34.54 6.03 0.64 0x0000FF
-51.83 -35.28 7.47 -51.65 -34.9 6.33 0.64 0x0000FF
-52.56 -36.01 8.52 -51.83 -35.28 7.47 0.64 0x0000FF
-53.29 -37.1 9.74 -52.56 -36.01 8.52 0.64 0x0000FF
-54.39 -38.56 10.73 -53.29 -37.1 9.74 0.64 0x0000FF
-55.12 -39.65 12.09 -54.39 -38.56 10.73 0.64 0x0000FF
-57.12 -41.47 13.3 -55.12 -39.65 12.09 0.64 0x0000FF
-58.58 -42.02 13.53 -57.12 -41.47 13.3 0.545 0x0000FF
-60.23 -45.12 14.74 -58.58 -42.02 13.53 0.365 0x0000FF
-61.5 -46.39 15.42 -60.23 -45.12 14.74 0.365 0x0000FF
-62.05 -47.3 16.26 -61.5 -46.39 15.42 0.365 0x0000FF
-63.14 -48.94 17.01 -62.05 -47.3 16.26 0.365 0x0000FF
-64.79 -50.76 17.77 -63.14 -48.94 17.01 0.365 0x0000FF
-66.61 -53.5 18.3 -64.79 -50.76 17.77 0.365 0x0000FF
-68.8 -57.14 18.82 -66.61 -53.5 18.3 0.365 0x0000FF
-70.44 -60.06 19.59 -68.8 -57.14 18.82 0.365 0x0000FF
-71.72 -62.97 20.5 -70.44 -60.06 19.59 0.365 0x0000FF
-72.81 -65.89 21.18 -71.72 -62.97 20.5 0.365 0x0000FF
-73.0 -68.06 22.01 -72.81 -65.89 21.18 0.365 0x0000FF
-73.0 -69.7 22.69 -73.0 -68.06 22.01 0.365 0x0000FF
-71.54 -72.45 22.92 -73.0 -69.7 22.69 0.365 0x0000FF
-70.81 -73.54 23.3 -71.54 -72.45 22.92 0.365 0x0000FF
-70.26 -75.0 23.76 -70.81 -73.54 23.3 0.365 0x0000FF
-70.26 -76.27 24.21 -70.26 -75.0 23.76 0.365 0x0000FF
-69.9 -78.09 24.97 -70.26 -76.27 24.21 0.365 0x0000FF
-69.17 -80.65 26.18 -69.9 -78.09 24.97 0.365 0x0000FF
-69.17 -81.37 26.79 -69.17 -80.65 26.18 0.365 0x0000FF
-68.8 -82.83 27.24 -69.17 -81.37 26.79 0.365 0x0000FF
-68.8 -83.74 27.85 -68.8 -82.83 27.24 0.365 0x0000FF
-68.98 -85.02 28.45 -68.8 -83.74 27.85 0.365 0x0000FF
-69.17 -86.66 28.98 -68.98 -85.02 28.45 0.365 0x0000FF
-69.34 -87.39 29.66 -69.17 -86.66 28.98 0.365 0x0000FF
-69.53 -88.12 30.65 -69.34 -87.39 29.66 0.365 0x0000FF
-69.53 -89.21 31.25 -69.53 -88.12 30.65 0.365 0x0000FF
-69.53 -89.57 32.01 -69.53 -89.21 31.25 0.365 0x0000FF
-69.7 -90.3 33.38 -69.53 -89.57 32.01 0.365 0x0000FF
-70.26 -91.03 34.44 -69.7 -90.3 33.38 0.365 0x0000FF
-70.63 -91.76 34.81 -70.26 -91.03 34.44 0.365 0x0000FF
-70.81 -93.4 35.65 -70.63 -91.76 34.81 0.365 0x0000FF
-70.98 -94.49 36.94 -70.81 -93.4 35.65 0.365 0x0000FF
-71.17 -95.59 38.45 -70.98 -94.49 36.94 0.365 0x0000FF
-71.36 -96.86 39.06 -71.17 -95.59 38.45 0.365 0x0000FF
-71.54 -98.5 39.97 -71.36 -96.86 39.06 0.365 0x0000FF
-71.54 -99.96 40.79 -71.54 -98.5 39.97 0.365 0x0000FF
-71.36 -101.05 42.01 -71.54 -99.96 40.79 0.365 0x0000FF
-74.09 -70.81 22.85 -73.0 -69.7 22.69 0.275 0x0000FF
-75.19 -71.34 23.68 -74.09 -70.81 22.85 0.275 0x0000FF
-76.28 -71.72 24.82 -75.19 -71.34 23.68 0.275 0x0000FF
-77.38 -71.72 25.5 -76.28 -71.72 24.82 0.275 0x0000FF
-78.84 -71.54 25.8 -77.38 -71.72 25.5 0.275 0x0000FF
-79.93 -70.26 26.56 -78.84 -71.54 25.8 0.275 0x0000FF
-81.2 -66.98 27.24 -79.93 -70.26 26.56 0.275 0x0000FF
-80.66 -62.97 27.62 -81.2 -66.98 27.24 0.275 0x0000FF
-78.11 -60.42 28.22 -80.66 -62.97 27.62 0.275 0x0000FF
-74.64 -59.69 28.75 -78.11 -60.42 28.22 0.275 0x0000FF
-73.0 -58.78 29.21 -74.64 -59.69 28.75 0.275 0x0000FF
-62.96 -45.12 14.29 -58.58 -42.02 13.53 0.455 0x0000FF
-64.79 -45.85 14.82 -62.96 -45.12 14.29 0.455 0x0000FF
-65.52 -46.03 15.35 -64.79 -45.85 14.82 0.455 0x0000FF
-70.44 -46.76 16.41 -65.52 -46.03 15.35 0.365 0x0000FF
-72.45 -46.94 17.01 -70.44 -46.76 16.41 0.365 0x0000FF
-73.18 -47.3 18.53 -72.45 -46.94 17.01 0.365 0x0000FF
-74.45 -47.49 19.82 -73.18 -47.3 18.53 0.365 0x0000FF
-76.09 -47.3 22.09 -74.45 -47.49 19.82 0.365 0x0000FF
-77.73 -45.85 22.24 -76.09 -47.3 22.09 0.365 0x0000FF
-79.02 -44.93 23.0 -77.73 -45.85 22.24 0.365 0x0000FF
-79.56 -44.39 24.13 -79.02 -44.93 23.0 0.365 0x0000FF
-81.2 -42.75 24.44 -79.56 -44.39 24.13 0.365 0x0000FF
-82.85 -41.65 25.27 -81.2 -42.75 24.44 0.365 0x0000FF
-84.86 -40.38 26.1 -82.85 -41.65 25.27 0.365 0x0000FF
-87.23 -38.92 27.09 -84.86 -40.38 26.1 0.365 0x0000FF
-89.78 -37.65 27.54 -87.23 -38.92 27.09 0.365 0x0000FF
-93.8 -36.92 28.07 -89.78 -37.65 27.54 0.365 0x0000FF
-95.62 -36.74 28.98 -93.8 -36.92 28.07 0.365 0x0000FF
-99.09 -37.1 30.35 -95.62 -36.74 28.98 0.365 0x0000FF
-102.55 -36.54 31.1 -99.09 -37.1 30.35 0.365 0x0000FF
-103.47 -36.36 31.78 -102.55 -36.54 31.1 0.365 0x0000FF
-104.93 -36.19 32.47 -103.47 -36.36 31.78 0.365 0x0000FF
-106.75 -35.82 33.38 -104.93 -36.19 32.47 0.365 0x0000FF
-108.58 -34.54 34.59 -106.75 -35.82 33.38 0.365 0x0000FF
-110.04 -33.64 35.11 -108.58 -34.54 34.59 0.365 0x0000FF
-111.49 -32.72 36.25 -110.04 -33.64 35.11 0.365 0x0000FF
-112.95 -31.82 37.09 -111.49 -32.72 36.25 0.365 0x0000FF
-114.78 -30.91 38.53 -112.95 -31.82 37.09 0.365 0x0000FF
-116.6 -30.18 40.04 -114.78 -30.91 38.53 0.365 0x0000FF
-118.61 -29.45 41.4 -116.6 -30.18 40.04 0.275 0x0000FF
-25.18 -7.29 -0.56 -29.91 -20.05 -4.4 1.735 0x0000FF
-25.18 -6.56 -1.02 -25.18 -7.29 -0.56 1.735 0x0000FF
-24.45 -5.09 -1.09 -25.18 -6.56 -1.02 1.735 0x0000FF
-23.54 -3.1 -2.0 -24.45 -5.09 -1.09 1.735 0x0000FF
-23.17 -2.0 -3.36 -23.54 -3.1 -2.0 1.735 0x0000FF
-21.53 0.91 -2.98 -23.17 -2.0 -3.36 1.735 0x0000FF
-20.98 2.0 -1.32 -21.53 0.91 -2.98 1.55 0x0000FF
-20.43 3.46 -2.38 -20.98 2.0 -1.32 1.55 0x0000FF
-19.89 5.09 -3.36 -20.43 3.46 -2.38 1.55 0x0000FF
-18.98 7.29 -4.12 -19.89 5.09 -3.36 1.55 0x0000FF
-18.05 10.39 -4.42 -18.98 7.29 -4.12 1.55 0x0000FF
-17.52 13.85 -4.8 -18.05 10.39 -4.42 1.55 0x0000FF
-16.23 18.39 -5.64 -17.52 13.85 -4.8 1.46 0x0000FF
-15.51 22.77 -6.01 -16.23 18.39 -5.64 1.46 0x0000FF
-14.05 27.69 -6.39 -15.51 22.77 -6.01 1.46 0x0000FF
-11.31 35.15 -7.08 -14.05 27.69 -6.39 1.46 0x0000FF
-8.58 41.91 -7.08 -11.31 35.15 -7.08 1.46 0x0000FF
-7.3 44.09 -6.7 -8.58 41.91 -7.08 1.46 0x0000FF
-6.39 47.37 -6.39 -7.3 44.09 -6.7 1.46 0x0000FF
-4.16 51.33 -7.3 -6.39 47.37 -6.39 1.185 0x0000FF
-1.97 55.34 -7.53 -4.16 51.33 -7.3 1.185 0x0000FF
-0.51 57.7 -7.45 -1.97 55.34 -7.53 1.095 0x0000FF
1.12 61.35 -6.62 -0.51 57.7 -7.45 1.095 0x0000FF
1.86 64.08 -5.79 1.12 61.35 -6.62 1.095 0x0000FF
2.96 66.81 -5.03 1.86 64.08 -5.79 1.095 0x0000FF
4.23 69.91 -4.65 2.96 66.81 -5.03 1.095 0x0000FF
6.24 74.47 -3.97 4.23 69.91 -4.65 1.095 0x0000FF
7.7 79.02 -3.67 6.24 74.47 -3.97 1.095 0x0000FF
8.78 82.85 -3.44 7.7 79.02 -3.67 1.095 0x0000FF
12.08 89.41 -2.76 8.78 82.85 -3.44 1.095 0x0000FF
14.82 95.42 -2.29 12.08 89.41 -2.76 1.095 0x0000FF
17.0 99.06 -2.0 14.82 95.42 -2.29 1.095 0x0000FF
17.37 99.79 -1.62 17.0 99.06 -2.0 1.095 0x0000FF
18.64 102.34 -0.79 17.37 99.79 -1.62 1.095 0x0000FF
20.84 106.35 -0.18 18.64 102.34 -0.79 1.095 0x0000FF
22.11 108.72 0.42 20.84 106.35 -0.18 1.095 0x0000FF
23.21 109.81 3.83 22.11 108.72 0.42 1.095 0x0000FF
24.29 113.12 5.73 23.21 109.81 3.83 1.005 0x0000FF
25.75 116.22 5.58 24.29 113.12 5.73 1.005 0x0000FF
28.3 123.15 5.35 25.75 116.22 5.58 1.005 0x0000FF
29.22 128.07 5.2 28.3 123.15 5.35 1.005 0x0000FF
29.58 129.52 4.59 29.22 128.07 5.2 1.005 0x0000FF
29.95 130.07 4.59 29.58 129.52 4.59 1.005 0x0000FF
31.41 132.62 5.58 29.95 130.07 4.59 1.005 0x0000FF
33.04 138.44 5.95 31.41 132.62 5.58 0.82 0x0000FF
34.69 147.38 5.95 33.04 138.44 5.95 0.82 0x0000FF
35.97 152.84 5.73 34.69 147.38 5.95 0.82 0x0000FF
36.7 155.21 5.12 35.97 152.84 5.73 0.82 0x0000FF
37.61 157.58 5.27 36.7 155.21 5.12 0.82 0x0000FF
37.79 158.13 5.04 37.61 157.58 5.27 0.82 0x0000FF
38.52 159.4 5.65 37.79 158.13 5.04 0.82 0x0000FF
40.35 163.59 5.95 38.52 159.4 5.65 0.82 0x0000FF
41.81 169.97 5.95 40.35 163.59 5.95 0.82 0x0000FF
43.81 177.08 6.26 41.81 169.97 5.95 0.82 0x0000FF
46.73 188.37 7.09 43.81 177.08 6.26 0.82 0x0000FF
47.83 199.49 7.62 46.73 188.37 7.09 0.82 0x0000FF
48.56 206.96 7.92 47.83 199.49 7.62 0.82 0x0000FF
48.92 211.51 8.23 48.56 206.96 7.92 0.82 0x0000FF
48.92 212.79 8.52 48.92 211.51 8.23 0.82 0x0000FF
50.28 224.83 8.83 48.92 212.79 8.52 0.82 0x0000FF
51.2 235.03 9.36 50.28 224.83 8.83 0.82 0x0000FF
52.47 246.7 9.74 51.2 235.03 9.36 0.82 0x0000FF
53.2 254.53 10.27 52.47 246.7 9.74 0.82 0x0000FF
53.57 263.64 10.5 53.2 254.53 10.27 0.82 0x0000FF
54.11 270.75 10.73 53.57 263.64 10.5 0.82 0x0000FF
55.21 278.02 10.95 54.11 270.75 10.73 0.82 0x0000FF
55.76 284.41 11.48 55.21 278.02 10.95 0.82 0x0000FF
57.71 289.04 11.48 55.76 284.41 11.48 0.73 0x0000FF
60.26 296.33 11.48 57.71 289.04 11.48 0.73 0x0000FF
62.09 301.25 11.26 60.26 296.33 11.48 0.73 0x0000FF
63.55 306.52 11.1 62.09 301.25 11.26 0.73 0x0000FF
66.09 314.18 10.73 63.55 306.52 11.1 0.73 0x0000FF
68.65 325.83 10.42 66.09 314.18 10.73 0.64 0x0000FF
69.38 331.49 10.35 68.65 325.83 10.42 0.64 0x0000FF
69.75 339.33 9.82 69.38 331.49 10.35 0.545 0x0000FF
68.65 344.06 9.82 69.75 339.33 9.82 0.455 0x0000FF
68.47 345.7 9.59 68.65 344.06 9.82 0.455 0x0000FF
68.47 347.52 9.28 68.47 345.7 9.59 0.455 0x0000FF
68.47 349.35 8.76 68.47 347.52 9.28 0.455 0x0000FF
68.65 351.9 8.3 68.47 349.35 8.76 0.455 0x0000FF
69.2 355.18 7.32 68.65 351.9 8.3 0.455 0x0000FF
69.38 357.36 6.79 69.2 355.18 7.32 0.455 0x0000FF
69.93 360.46 5.58 69.38 357.36 6.79 0.455 0x0000FF
70.48 362.65 4.82 69.93 360.46 5.58 0.455 0x0000FF
71.56 365.2 3.68 70.48 362.65 4.82 0.455 0x0000FF
72.12 367.57 3.38 71.56 365.2 3.68 0.455 0x0000FF
72.67 369.75 2.31 72.12 367.57 3.38 0.455 0x0000FF
73.03 372.12 1.26 72.67 369.75 2.31 0.455 0x0000FF
73.22 375.04 0.35 73.03 372.12 1.26 0.455 0x0000FF
73.58 376.68 -0.71 73.22 375.04 0.35 0.455 0x0000FF
73.58 377.41 -1.77 73.58 376.68 -0.71 0.455 0x0000FF
76.41 382.35 -2.08 73.58 377.41 -1.77 0.455 0x0000FF
76.41 384.72 -2.83 76.41 382.35 -2.08 0.455 0x0000FF
76.77 386.36 -3.44 76.41 384.72 -2.83 0.455 0x0000FF
77.5 388.73 -3.89 76.77 386.36 -3.44 0.455 0x0000FF
78.23 390.74 -4.8 77.5 388.73 -3.89 0.455 0x0000FF
79.51 393.47 -6.39 78.23 390.74 -4.8 0.455 0x0000FF
80.23 395.29 -3.67 79.51 393.47 -6.39 0.455 0x0000FF
80.59 396.38 -4.12 80.23 395.29 -3.67 0.455 0x0000FF
81.15 398.02 -5.56 80.59 396.38 -4.12 0.455 0x0000FF
81.7 399.3 -6.54 81.15 398.02 -5.56 0.455 0x0000FF
82.43 401.3 -7.53 81.7 399.3 -6.54 0.455 0x0000FF
82.79 402.03 -8.06 82.43 401.3 -7.53 0.455 0x0000FF
83.52 403.31 -9.03 82.79 402.03 -8.06 0.455 0x0000FF
84.25 406.95 -9.8 83.52 403.31 -9.03 0.365 0x0000FF
84.38 409.08 -18.73 84.25 406.95 -9.8 0.455 0x0000FF
84.01 412.72 -18.73 84.38 409.08 -18.73 0.455 0x0000FF
83.1 418.37 -18.82 84.01 412.72 -18.73 0.455 0x0000FF
83.1 419.64 -19.27 83.1 418.37 -18.82 0.455 0x0000FF
83.47 421.47 -19.57 83.1 419.64 -19.27 0.455 0x0000FF
83.83 424.02 -19.64 83.47 421.47 -19.57 0.455 0x0000FF
83.83 426.57 -20.1 83.83 424.02 -19.64 0.455 0x0000FF
84.01 428.57 -20.56 83.83 426.57 -20.1 0.455 0x0000FF
84.92 432.22 -21.24 84.01 428.57 -20.56 0.455 0x0000FF
86.2 435.86 -21.47 84.92 432.22 -21.24 0.455 0x0000FF
88.57 439.5 -22.45 86.2 435.86 -21.47 0.365 0x0000FF
91.49 441.87 -23.06 88.57 439.5 -22.45 0.365 0x0000FF
93.68 443.51 -23.74 91.49 441.87 -23.06 0.365 0x0000FF
94.41 444.24 -23.97 93.68 443.51 -23.74 0.365 0x0000FF
95.33 447.49 -24.42 94.41 444.24 -23.97 0.275 0x0000FF
96.06 448.94 -25.1 95.33 447.49 -24.42 0.275 0x0000FF
96.42 449.67 -24.57 96.06 448.94 -25.1 0.275 0x0000FF
96.79 450.22 -23.74 96.42 449.67 -24.57 0.275 0x0000FF
97.15 450.77 -21.92 96.79 450.22 -23.74 0.275 0x0000FF
97.88 452.4 -21.39 97.15 450.77 -21.92 0.275 0x0000FF
98.07 454.04 -21.01 97.88 452.4 -21.39 0.275 0x0000FF
98.8 456.23 -20.56 98.07 454.04 -21.01 0.275 0x0000FF
99.16 457.87 -19.95 98.8 456.23 -20.56 0.275 0x0000FF
99.71 459.15 -19.2 99.16 457.87 -19.95 0.275 0x0000FF
101.53 461.15 -18.29 99.71 459.15 -19.2 0.275 0x0000FF
103.54 462.43 -17.91 101.53 461.15 -18.29 0.275 0x0000FF
107.01 463.7 -17.76 103.54 462.43 -17.91 0.275 0x0000FF
54.66 286.41 11.64 55.76 284.41 11.48 0.82 0x0000FF
53.38 291.14 12.09 54.66 286.41 11.64 0.82 0x0000FF
51.2 294.8 12.39 53.38 291.14 12.09 0.73 0x0000FF
49.01 299.72 12.77 51.2 294.8 12.39 0.73 0x0000FF
47.55 304.08 13.15 49.01 299.72 12.77 0.64 0x0000FF
44.47 311.74 13.68 47.55 304.08 13.15 0.64 0x0000FF
42.46 315.93 13.83 44.47 311.74 13.68 0.64 0x0000FF
42.64 319.76 14.44 42.46 315.93 13.83 0.64 0x0000FF
41.91 324.49 14.82 42.64 319.76 14.44 0.64 0x0000FF
40.82 328.32 15.5 41.91 324.49 14.82 0.64 0x0000FF
40.09 332.15 16.48 40.82 328.32 15.5 0.64 0x0000FF
39.18 336.88 17.01 40.09 332.15 16.48 0.64 0x0000FF
38.27 340.71 17.47 39.18 336.88 17.01 0.64 0x0000FF
37.54 344.54 18.23 38.27 340.71 17.47 0.64 0x0000FF
36.08 347.45 18.98 37.54 344.54 18.23 0.64 0x0000FF
35.71 350.37 19.73 36.08 347.45 18.98 0.64 0x0000FF
34.97 352.92 20.27 35.71 350.37 19.73 0.64 0x0000FF
33.7 355.47 21.18 34.97 352.92 20.27 0.64 0x0000FF
32.97 357.47 21.63 33.7 355.47 21.18 0.64 0x0000FF
29.51 360.39 23.3 32.97 357.47 21.63 0.64 0x0000FF
27.32 362.39 24.13 29.51 360.39 23.3 0.545 0x0000FF
26.59 364.21 24.59 27.32 362.39 24.13 0.545 0x0000FF
26.22 365.12 25.19 26.59 364.21 24.59 0.545 0x0000FF
24.76 369.5 26.18 26.22 365.12 25.19 0.455 0x0000FF
24.22 372.96 26.79 24.76 369.5 26.18 0.455 0x0000FF
22.21 378.06 27.85 24.22 372.96 26.79 0.365 0x0000FF
20.57 379.88 28.38 22.21 378.06 27.85 0.365 0x0000FF
18.93 381.16 28.75 20.57 379.88 28.38 0.365 0x0000FF
18.2 384.44 29.66 18.93 381.16 28.75 0.275 0x0000FF
16.92 387.9 30.5 18.2 384.44 29.66 0.275 0x0000FF
15.28 390.63 30.65 16.92 387.9 30.5 0.275 0x0000FF
12.72 393.37 31.48 15.28 390.63 30.65 0.275 0x0000FF
11.81 394.46 32.15 12.72 393.37 31.48 0.275 0x0000FF
10.05 395.17 32.92 11.81 394.46 32.15 0.275 0x0000FF
6.4 398.45 33.07 10.05 395.17 32.92 0.275 0x0000FF
4.03 401.37 33.9 6.4 398.45 33.07 0.275 0x0000FF
2.38 405.19 34.74 4.03 401.37 33.9 0.275 0x0000FF
-0.17 407.38 34.44 2.38 405.19 34.74 0.275 0x0000FF
-3.09 410.11 34.28 -0.17 407.38 34.44 0.275 0x0000FF
-6.37 413.21 33.6 -3.09 410.11 34.28 0.275 0x0000FF
-7.47 414.12 34.36 -6.37 413.21 33.6 0.275 0x0000FF
-9.48 415.58 35.04 -7.47 414.12 34.36 0.275 0x0000FF
-14.77 419.4 35.19 -9.48 415.58 35.04 0.275 0x0000FF
-22.98 427.42 35.88 -14.77 419.4 35.19 0.275 0x0000FF
-28.63 434.16 36.1 -22.98 427.42 35.88 0.275 0x0000FF
-31.19 439.81 36.25 -28.63 434.16 36.1 0.275 0x0000FF
-32.1 450.92 36.78 -31.19 439.81 36.25 0.275 0x0000FF
-33.01 457.3 37.01 -32.1 450.92 36.78 0.275 0x0000FF
-35.93 462.77 37.54 -33.01 457.3 37.01 0.275 0x0000FF
-38.29 466.77 37.84 -35.93 462.77 37.54 0.275 0x0000FF
-38.85 472.97 38.15 -38.29 466.77 37.84 0.275 0x0000FF
32.14 132.62 5.65 31.41 132.62 5.58 0.545 0x0000FF
33.78 133.53 5.65 32.14 132.62 5.65 0.545 0x0000FF
35.97 134.81 5.65 33.78 133.53 5.65 0.455 0x0000FF
37.43 137.18 5.65 35.97 134.81 5.65 0.455 0x0000FF
39.25 143.72 5.65 37.43 137.18 5.65 0.365 0x0000FF
39.25 146.83 5.65 39.25 143.72 5.65 0.365 0x0000FF
41.26 155.4 5.42 39.25 146.83 5.65 0.275 0x0000FF
41.62 156.31 5.2 41.26 155.4 5.42 0.275 0x0000FF
42.54 160.13 4.74 41.62 156.31 5.2 0.275 0x0000FF
42.9 160.5 3.98 42.54 160.13 4.74 0.275 0x0000FF
24.67 110.36 3.83 23.21 109.81 3.83 0.82 0x0000FF
26.31 109.08 3.76 24.67 110.36 3.83 0.64 0x0000FF
29.41 106.9 3.83 26.31 109.08 3.76 0.64 0x0000FF
33.06 105.08 3.83 29.41 106.9 3.83 0.545 0x0000FF
38.72 103.62 2.77 33.06 105.08 3.83 0.545 0x0000FF
44.92 102.89 2.47 38.72 103.62 2.77 0.455 0x0000FF
48.93 102.89 1.64 44.92 102.89 2.47 0.365 0x0000FF
52.95 102.53 1.48 48.93 102.89 1.64 0.365 0x0000FF
55.68 102.71 0.73 52.95 102.53 1.48 0.365 0x0000FF
56.78 102.89 -0.18 55.68 102.71 0.73 0.365 0x0000FF
59.52 103.8 -0.56 56.78 102.89 -0.18 0.365 0x0000FF
61.34 105.44 -1.02 59.52 103.8 -0.56 0.365 0x0000FF
62.62 106.9 -1.7 61.34 105.44 -1.02 0.365 0x0000FF
64.81 109.45 -2.45 62.62 106.9 -1.7 0.365 0x0000FF
71.56 113.09 -3.51 64.81 109.45 -2.45 0.365 0x0000FF
74.11 114.0 -4.34 71.56 113.09 -3.51 0.365 0x0000FF
76.84 115.83 -4.8 74.11 114.0 -4.34 0.365 0x0000FF
79.22 117.1 -5.71 76.84 115.83 -4.8 0.275 0x0000FF
81.22 117.32 -6.85 79.22 117.1 -5.71 0.275 0x0000FF
83.04 118.41 -7.38 81.22 117.32 -6.85 0.275 0x0000FF
84.14 119.32 -8.06 83.04 118.41 -7.38 0.275 0x0000FF
85.23 120.41 -8.59 84.14 119.32 -8.06 0.275 0x0000FF
87.24 123.69 -8.97 85.23 120.41 -8.59 0.275 0x0000FF
87.6 127.88 -9.19 87.24 123.69 -8.97 0.18 0x0000FF
-6.75 48.28 -6.17 -6.39 47.37 -6.39 0.91 0x0000FF
-7.3 50.29 -5.64 -6.75 48.28 -6.17 0.82 0x0000FF
-8.39 51.38 -5.56 -7.3 50.29 -5.64 0.545 0x0000FF
-9.31 52.29 -5.03 -8.39 51.38 -5.56 0.455 0x0000FF
-10.22 53.2 -4.65 -9.31 52.29 -5.03 0.455 0x0000FF
-10.76 53.57 -4.12 -10.22 53.2 -4.65 0.455 0x0000FF
-12.04 54.66 -3.36 -10.76 53.57 -4.12 0.455 0x0000FF
-12.95 55.39 -2.83 -12.04 54.66 -3.36 0.455 0x0000FF
-14.96 56.12 -2.15 -12.95 55.39 -2.83 0.365 0x0000FF
-16.05 56.85 -0.71 -14.96 56.12 -2.15 0.365 0x0000FF
-17.52 59.21 -0.03 -16.05 56.85 -0.71 0.275 0x0000FF
-18.05 60.13 0.65 -17.52 59.21 -0.03 0.275 0x0000FF
-18.79 61.22 1.26 -18.05 60.13 0.65 0.275 0x0000FF
-19.89 62.31 2.24 -18.79 61.22 1.26 0.275 0x0000FF
-21.16 63.59 2.92 -19.89 62.31 2.24 0.275 0x0000FF
-23.54 65.05 3.08 -21.16 63.59 2.92 0.275 0x0000FF
-25.73 67.05 3.61 -23.54 65.05 3.08 0.275 0x0000FF
-28.28 69.95 3.61 -25.73 67.05 3.61 0.275 0x0000FF
-29.74 71.59 3.98 -28.28 69.95 3.61 0.275 0x0000FF
-32.11 74.7 3.45 -29.74 71.59 3.98 0.275 0x0000FF
-32.84 76.16 2.39 -32.11 74.7 3.45 0.275 0x0000FF
-36.13 79.8 1.33 -32.84 76.16 2.39 0.275 0x0000FF
-37.95 85.45 1.03 -36.13 79.8 1.33 0.275 0x0000FF
-40.32 90.37 -0.03 -37.95 85.45 1.03 0.275 0x0000FF
-44.15 97.84 -1.39 -40.32 90.37 -0.03 0.275 0x0000FF
-46.89 107.13 -2.08 -44.15 97.84 -1.39 0.275 0x0000FF
-48.9 115.33 -2.98 -46.89 107.13 -2.08 0.275 0x0000FF
-48.35 120.43 -3.29 -48.9 115.33 -2.98 0.275 0x0000FF
-46.53 126.08 -4.05 -48.35 120.43 -3.29 0.275 0x0000FF
-45.61 127.72 -3.82 -46.53 126.08 -4.05 0.275 0x0000FF
-45.07 129.54 -2.68 -45.61 127.72 -3.82 0.275 0x0000FF
-44.88 131.55 -1.32 -45.07 129.54 -2.68 0.275 0x0000FF
-43.75 136.96 -0.79 -44.88 131.55 -1.32 0.275 0x0000FF
-43.2 138.97 0.27 -43.75 136.96 -0.79 0.275 0x0000FF
-44.66 143.69 0.42 -43.2 138.97 0.27 0.275 0x0000FF
-49.41 147.71 0.88 -44.66 143.69 0.42 0.275 0x0000FF
-52.15 150.44 2.54 -49.41 147.71 0.88 0.275 0x0000FF
-53.24 152.63 3.15 -52.15 150.44 2.54 0.275 0x0000FF
-54.52 156.27 3.38 -53.24 152.63 3.15 0.275 0x0000FF
-55.43 158.82 3.91 -54.52 156.27 3.38 0.275 0x0000FF
-55.79 161.74 4.13 -55.43 158.82 3.91 0.275 0x0000FF
-55.61 163.02 4.13 -55.79 161.74 4.13 0.275 0x0000FF
-55.98 164.84 3.3 -55.61 163.02 4.13 0.275 0x0000FF
-57.62 165.75 2.31 -55.98 164.84 3.3 0.275 0x0000FF
-62.36 166.11 0.5 -57.62 165.75 2.31 0.275 0x0000FF
-20.43 1.28 -2.98 -21.53 0.91 -2.98 0.73 0x0000FF
-19.7 1.64 -2.83 -20.43 1.28 -2.98 0.73 0x0000FF
-19.34 2.0 -2.45 -19.7 1.64 -2.83 0.73 0x0000FF
-18.79 2.0 -2.23 -19.34 2.0 -2.45 0.73 0x0000FF
-18.25 2.0 -1.7 -18.79 2.0 -2.23 0.73 0x0000FF
-17.7 2.0 -1.24 -18.25 2.0 -1.7 0.73 0x0000FF
-16.79 2.19 -2.98 -17.7 2.0 -1.24 0.64 0x0000FF
-16.23 2.19 -4.12 -16.79 2.19 -2.98 0.64 0x0000FF
-15.33 2.0 -5.11 -16.23 2.19 -4.12 0.64 0x0000FF
-14.05 1.82 -6.54 -15.33 2.0 -5.11 0.545 0x0000FF
-13.5 1.46 -7.08 -14.05 1.82 -6.54 0.545 0x0000FF
-12.59 0.91 -7.61 -13.5 1.46 -7.08 0.545 0x0000FF
-11.31 -0.36 -8.36 -12.59 0.91 -7.61 0.455 0x0000FF
-10.95 -0.91 -9.11 -11.31 -0.36 -8.36 0.455 0x0000FF
-10.22 -2.37 -9.8 -10.95 -0.91 -9.11 0.455 0x0000FF
-10.02 -3.83 -10.64 -10.22 -2.37 -9.8 0.455 0x0000FF
-9.85 -4.74 -11.32 -10.02 -3.83 -10.64 0.455 0x0000FF
-8.76 -6.56 -11.77 -9.85 -4.74 -11.32 0.455 0x0000FF
-7.85 -8.56 -12.23 -8.76 -6.56 -11.77 0.365 0x0000FF
-7.66 -9.84 -12.38 -7.85 -8.56 -12.23 0.365 0x0000FF
-8.39 -11.3 -12.68 -7.66 -9.84 -12.38 0.365 0x0000FF
-10.22 -13.3 -13.14 -8.39 -11.3 -12.68 0.365 0x0000FF
-11.49 -15.3 -13.74 -10.22 -13.3 -13.14 0.365 0x0000FF
-11.86 -16.22 -14.42 -11.49 -15.3 -13.74 0.365 0x0000FF
-12.59 -17.3 -16.17 -11.86 -16.22 -14.42 0.365 0x0000FF
-13.14 -18.39 -15.18 -12.59 -17.3 -16.17 0.365 0x0000FF
-13.68 -19.13 -15.48 -13.14 -18.39 -15.18 0.365 0x0000FF
-13.68 -20.41 -16.32 -13.68 -19.13 -15.48 0.365 0x0000FF
-13.32 -21.68 -17.38 -13.68 -20.41 -16.32 0.365 0x0000FF
-12.22 -23.87 -18.36 -13.32 -21.68 -17.38 0.365 0x0000FF
-10.22 -25.33 -19.12 -12.22 -23.87 -18.36 0.275 0x0000FF
-7.12 -25.87 -19.95 -10.22 -25.33 -19.12 0.275 0x0000FF
-2.74 -26.78 -20.56 -7.12 -25.87 -19.95 0.18 0x0000FF
