130.9 -15.09 64.2 133.05 -25.4 47.17 0.735 0x0000FF
129.56 -14.97 64.2 130.9 -15.09 64.2 0.735 0x0000FF
129.19 -14.97 64.2 129.56 -14.97 64.2 0.735 0x0000FF
128.33 -15.09 64.28 129.19 -14.97 64.2 0.735 0x0000FF
127.96 -15.09 64.36 128.33 -15.09 64.28 0.735 0x0000FF
127.59 -15.09 64.43 127.96 -15.09 64.36 0.735 0x0000FF
126.73 -14.97 64.58 127.59 -15.09 64.43 0.735 0x0000FF
126.0 -14.97 64.73 126.73 -14.97 64.58 0.735 0x0000FF
125.38 -14.72 65.04 126.0 -14.97 64.73 0.735 0x0000FF
124.4 -14.11 65.04 125.38 -14.72 65.04 0.735 0x0000FF
124.03 -13.98 65.04 124.4 -14.11 65.04 0.735 0x0000FF
123.3 -13.62 65.11 124.03 -13.98 65.04 0.735 0x0000FF
122.44 -13.13 65.19 123.3 -13.62 65.11 0.615 0x0000FF
121.83 -13.0 65.19 122.44 -13.13 65.19 0.615 0x0000FF
121.7 -13.0 65.19 121.83 -13.0 65.19 0.49 0x0000FF
121.7 -11.9 65.19 121.7 -13.0 65.19 0.49 0x0000FF
121.7 -11.53 65.34 121.7 -11.9 65.19 0.49 0x0000FF
121.7 -11.16 65.48 121.7 -11.53 65.34 0.49 0x0000FF
121.7 -10.92 65.8 121.7 -11.16 65.48 0.49 0x0000FF
121.58 -10.18 65.27 121.7 -10.92 65.8 0.49 0x0000FF
121.46 -9.81 65.11 121.58 -10.18 65.27 0.49 0x0000FF
121.34 -9.44 65.04 121.46 -9.81 65.11 0.49 0x0000FF
121.09 -9.07 64.95 121.34 -9.44 65.04 0.49 0x0000FF
120.72 -8.58 64.95 121.09 -9.07 64.95 0.49 0x0000FF
120.6 -7.97 64.58 120.72 -8.58 64.95 0.49 0x0000FF
120.11 -7.11 64.36 120.6 -7.97 64.58 0.49 0x0000FF
119.62 -6.62 64.28 120.11 -7.11 64.36 0.49 0x0000FF
119.25 -6.25 64.28 119.62 -6.62 64.28 0.49 0x0000FF
118.88 -5.76 64.28 119.25 -6.25 64.28 0.49 0x0000FF
118.39 -5.01 64.36 118.88 -5.76 64.28 0.49 0x0000FF
118.02 -4.53 64.73 118.39 -5.01 64.36 0.49 0x0000FF
117.17 -3.55 65.42 118.02 -4.53 64.73 0.305 0x0000FF
116.8 -3.31 65.48 117.17 -3.55 65.42 0.305 0x0000FF
116.43 -2.81 65.64 116.8 -3.31 65.48 0.305 0x0000FF
116.06 -2.45 65.87 116.43 -2.81 65.64 0.305 0x0000FF
115.69 -1.83 66.02 116.06 -2.45 65.87 0.305 0x0000FF
115.45 -1.34 66.33 115.69 -1.83 66.02 0.305 0x0000FF
115.08 -0.85 66.33 115.45 -1.34 66.33 0.305 0x0000FF
114.83 -0.48 66.48 115.08 -0.85 66.33 0.305 0x0000FF
114.59 0.01 66.48 114.83 -0.48 66.48 0.305 0x0000FF
114.1 0.75 66.7 114.59 0.01 66.48 0.305 0x0000FF
113.73 1.24 66.93 114.1 0.75 66.7 0.305 0x0000FF
113.36 1.6 67.08 113.73 1.24 66.93 0.305 0x0000FF
112.75 2.22 67.16 113.36 1.6 67.08 0.305 0x0000FF
112.38 2.83 67.31 112.75 2.22 67.16 0.305 0x0000FF
111.89 3.57 67.31 112.38 2.83 67.31 0.305 0x0000FF
111.28 4.55 67.31 111.89 3.57 67.31 0.305 0x0000FF
110.54 5.53 67.31 111.28 4.55 67.31 0.305 0x0000FF
109.93 7.01 67.39 110.54 5.53 67.31 0.305 0x0000FF
109.07 9.34 67.39 109.93 7.01 67.39 0.305 0x0000FF
108.46 9.94 67.45 109.07 9.34 67.39 0.305 0x0000FF
107.23 10.69 67.54 108.46 9.94 67.45 0.305 0x0000FF
106.13 11.55 67.69 107.23 10.69 67.54 0.305 0x0000FF
105.14 13.14 67.77 106.13 11.55 67.69 0.305 0x0000FF
103.18 14.37 68.14 105.14 13.14 67.77 0.305 0x0000FF
102.32 14.86 68.22 103.18 14.37 68.14 0.305 0x0000FF
101.71 15.35 68.22 102.32 14.86 68.22 0.305 0x0000FF
98.27 18.18 68.67 101.71 15.35 68.22 0.305 0x0000FF
95.94 19.53 68.75 98.27 18.18 68.67 0.305 0x0000FF
92.39 22.47 68.83 95.94 19.53 68.75 0.305 0x0000FF
89.07 24.07 69.28 92.39 22.47 68.83 0.305 0x0000FF
87.36 25.29 69.66 89.07 24.07 69.28 0.305 0x0000FF
86.5 25.66 69.73 87.36 25.29 69.66 0.305 0x0000FF
85.88 26.52 70.87 86.5 25.66 69.73 0.305 0x0000FF
85.03 26.89 71.4 85.88 26.52 70.87 0.305 0x0000FF
84.04 27.5 71.63 85.03 26.89 71.4 0.305 0x0000FF
82.2 28.36 71.93 84.04 27.5 71.63 0.305 0x0000FF
80.86 28.61 72.54 82.2 28.36 71.93 0.305 0x0000FF
79.75 29.22 72.61 80.86 28.61 72.54 0.305 0x0000FF
77.79 29.84 72.77 79.75 29.22 72.61 0.305 0x0000FF
77.3 30.45 73.45 77.79 29.84 72.77 0.305 0x0000FF
75.58 33.03 70.87 77.3 30.45 73.45 0.305 0x0000FF
75.09 35.47 70.8 75.58 33.03 70.87 0.305 0x0000FF
74.34 37.2 70.72 75.09 35.47 70.8 0.305 0x0000FF
71.04 40.27 70.42 74.34 37.2 70.72 0.305 0x0000FF
69.45 42.36 70.27 71.04 40.27 70.42 0.305 0x0000FF
69.2 43.22 70.42 69.45 42.36 70.27 0.305 0x0000FF
69.08 43.95 71.33 69.2 43.22 70.42 0.305 0x0000FF
69.08 44.44 71.48 69.08 43.95 71.33 0.305 0x0000FF
68.59 46.04 71.63 69.08 44.44 71.48 0.305 0x0000FF
67.61 46.9 71.93 68.59 46.04 71.63 0.305 0x0000FF
66.63 49.35 72.39 67.61 46.9 71.93 0.305 0x0000FF
66.01 51.07 72.54 66.63 49.35 72.39 0.305 0x0000FF
120.17 -12.1 65.19 121.7 -13.0 65.19 0.305 0x0000FF
118.33 -11.24 65.19 120.17 -12.1 65.19 0.305 0x0000FF
116.74 -10.26 64.28 118.33 -11.24 65.19 0.305 0x0000FF
116.12 -9.52 63.68 116.74 -10.26 64.28 0.305 0x0000FF
115.76 -8.78 63.52 116.12 -9.52 63.68 0.305 0x0000FF
115.39 -7.56 63.52 115.76 -8.78 63.52 0.305 0x0000FF
114.9 -6.7 63.22 115.39 -7.56 63.52 0.305 0x0000FF
113.91 -5.47 63.15 114.9 -6.7 63.22 0.305 0x0000FF
112.81 -4.49 63.22 113.91 -5.47 63.15 0.305 0x0000FF
111.58 -3.88 63.22 112.81 -4.49 63.22 0.305 0x0000FF
110.85 -3.51 63.22 111.58 -3.88 63.22 0.305 0x0000FF
110.36 -3.51 63.07 110.85 -3.51 63.22 0.305 0x0000FF
109.25 -3.26 62.77 110.36 -3.51 63.07 0.305 0x0000FF
108.64 -3.14 62.69 109.25 -3.26 62.77 0.305 0x0000FF
105.08 -0.56 62.61 108.64 -3.14 62.69 0.305 0x0000FF
104.1 0.66 62.46 105.08 -0.56 62.61 0.305 0x0000FF
102.38 2.5 62.46 104.1 0.66 62.46 0.305 0x0000FF
100.67 3.36 62.31 102.38 2.5 62.46 0.305 0x0000FF
98.58 4.09 62.54 100.67 3.36 62.31 0.305 0x0000FF
98.09 4.34 63.52 98.58 4.09 62.54 0.305 0x0000FF
95.88 4.59 63.68 98.09 4.34 63.52 0.305 0x0000FF
94.66 4.59 63.75 95.88 4.59 63.68 0.305 0x0000FF
91.96 6.31 64.28 94.66 4.59 63.75 0.305 0x0000FF
89.99 7.05 64.66 91.96 6.31 64.28 0.305 0x0000FF
87.54 7.17 64.73 89.99 7.05 64.66 0.305 0x0000FF
85.58 7.91 64.73 87.54 7.17 64.73 0.305 0x0000FF
83.86 8.64 64.73 85.58 7.91 64.73 0.305 0x0000FF
79.81 10.61 64.73 83.86 8.64 64.73 0.305 0x0000FF
77.97 11.47 65.11 79.81 10.61 64.73 0.185 0x0000FF
143.47 -29.9 59.58 133.05 -25.4 47.17 0.735 0x0000FF
145.32 -29.41 59.58 143.47 -29.9 59.58 0.735 0x0000FF
146.91 -29.04 59.74 145.32 -29.41 59.58 0.735 0x0000FF
147.16 -28.55 59.74 146.91 -29.04 59.74 0.735 0x0000FF
147.65 -28.67 59.96 147.16 -28.55 59.74 0.735 0x0000FF
149.24 -28.55 60.12 147.65 -28.67 59.96 0.675 0x0000FF
150.59 -28.43 60.27 149.24 -28.55 60.12 0.675 0x0000FF
151.82 -28.43 60.34 150.59 -28.43 60.27 0.55 0x0000FF
152.68 -28.55 60.49 151.82 -28.43 60.34 0.55 0x0000FF
154.03 -28.67 60.49 152.68 -28.55 60.49 0.49 0x0000FF
155.87 -28.8 60.57 154.03 -28.67 60.49 0.49 0x0000FF
156.97 -29.78 60.34 155.87 -28.8 60.57 0.43 0x0000FF
159.79 -31.62 60.12 156.97 -29.78 60.34 0.43 0x0000FF
163.47 -34.07 59.74 159.79 -31.62 60.12 0.43 0x0000FF
165.07 -34.93 59.51 163.47 -34.07 59.74 0.43 0x0000FF
167.03 -35.18 59.28 165.07 -34.93 59.51 0.305 0x0000FF
169.85 -35.42 59.13 167.03 -35.18 59.28 0.305 0x0000FF
171.32 -35.67 59.05 169.85 -35.42 59.13 0.305 0x0000FF
172.43 -36.28 59.05 171.32 -35.67 59.05 0.305 0x0000FF
173.16 -36.65 59.51 172.43 -36.28 59.05 0.305 0x0000FF
175.37 -37.14 59.74 173.16 -36.65 59.51 0.305 0x0000FF
177.09 -37.63 59.81 175.37 -37.14 59.74 0.305 0x0000FF
178.44 -38.0 59.81 177.09 -37.63 59.81 0.305 0x0000FF
180.16 -39.11 59.89 178.44 -38.0 59.81 0.305 0x0000FF
182.12 -41.44 59.89 180.16 -39.11 59.89 0.305 0x0000FF
184.08 -44.26 60.19 182.12 -41.44 59.89 0.305 0x0000FF
184.94 -45.24 60.27 184.08 -44.26 60.19 0.305 0x0000FF
186.04 -46.23 60.27 184.94 -45.24 60.27 0.305 0x0000FF
187.15 -47.21 60.34 186.04 -46.23 60.27 0.245 0x0000FF
188.74 -47.58 60.42 187.15 -47.21 60.34 0.245 0x0000FF
156.24 -28.3 60.49 155.87 -28.8 60.57 0.49 0x0000FF
157.71 -27.81 60.49 156.24 -28.3 60.49 0.49 0x0000FF
158.57 -27.32 61.1 157.71 -27.81 60.49 0.49 0x0000FF
160.16 -26.83 61.1 158.57 -27.32 61.1 0.49 0x0000FF
162.97 -25.85 61.55 160.16 -26.83 61.1 0.37 0x0000FF
164.09 -25.48 61.71 162.97 -25.85 61.55 0.37 0x0000FF
164.82 -25.11 62.46 164.09 -25.48 61.71 0.37 0x0000FF
165.44 -24.99 62.84 164.82 -25.11 62.46 0.37 0x0000FF
166.54 -24.5 64.36 165.44 -24.99 62.84 0.37 0x0000FF
166.66 -24.5 63.15 166.54 -24.5 64.36 0.37 0x0000FF
167.64 -24.13 62.24 166.66 -24.5 63.15 0.37 0x0000FF
168.01 -24.13 62.84 167.64 -24.13 62.24 0.37 0x0000FF
168.26 -24.01 63.37 168.01 -24.13 62.84 0.37 0x0000FF
168.75 -23.76 63.9 168.26 -24.01 63.37 0.37 0x0000FF
168.87 -23.76 64.51 168.75 -23.76 63.9 0.37 0x0000FF
169.24 -23.52 63.07 168.87 -23.76 64.51 0.37 0x0000FF
170.22 -22.78 62.46 169.24 -23.52 63.07 0.37 0x0000FF
170.71 -22.41 62.39 170.22 -22.78 62.46 0.37 0x0000FF
171.32 -22.04 61.63 170.71 -22.41 62.39 0.37 0x0000FF
172.43 -21.19 61.25 171.32 -22.04 61.63 0.37 0x0000FF
174.27 -20.07 61.18 172.43 -21.19 61.25 0.37 0x0000FF
175.86 -18.98 60.65 174.27 -20.07 61.18 0.37 0x0000FF
177.21 -17.87 60.19 175.86 -18.98 60.65 0.37 0x0000FF
178.56 -16.77 60.12 177.21 -17.87 60.19 0.305 0x0000FF
179.79 -16.14 60.04 178.56 -16.77 60.12 0.305 0x0000FF
180.65 -15.66 60.04 179.79 -16.14 60.04 0.125 0x0000FF
182.12 -14.56 59.96 180.65 -15.66 60.04 0.125 0x0000FF
147.65 -28.92 60.19 147.16 -28.55 59.74 0.55 0x0000FF
148.26 -29.29 63.68 147.65 -28.92 60.19 0.55 0x0000FF
148.26 -29.29 62.69 148.26 -29.29 63.68 0.55 0x0000FF
148.26 -29.29 62.46 148.26 -29.29 62.69 0.55 0x0000FF
148.38 -29.29 62.16 148.26 -29.29 62.46 0.55 0x0000FF
148.38 -29.29 61.55 148.38 -29.29 62.16 0.55 0x0000FF
148.38 -29.29 61.18 148.38 -29.29 61.55 0.55 0x0000FF
148.51 -29.65 60.42 148.38 -29.29 61.18 0.55 0x0000FF
148.63 -29.78 60.27 148.51 -29.65 60.42 0.55 0x0000FF
148.63 -29.78 60.04 148.63 -29.78 60.27 0.55 0x0000FF
148.63 -29.78 59.36 148.63 -29.78 60.04 0.55 0x0000FF
148.63 -29.78 58.75 148.63 -29.78 59.36 0.55 0x0000FF
148.75 -30.02 58.22 148.63 -29.78 58.75 0.55 0x0000FF
149.0 -30.39 58.07 148.75 -30.02 58.22 0.55 0x0000FF
149.24 -30.51 57.99 149.0 -30.39 58.07 0.55 0x0000FF
149.49 -30.76 57.84 149.24 -30.51 57.99 0.55 0x0000FF
149.61 -30.88 57.39 149.49 -30.76 57.84 0.55 0x0000FF
149.86 -31.01 57.01 149.61 -30.88 57.39 0.55 0x0000FF
150.1 -31.37 56.93 149.86 -31.01 57.01 0.55 0x0000FF
150.59 -31.86 56.71 150.1 -31.37 56.93 0.43 0x0000FF
150.59 -31.86 56.25 150.59 -31.86 56.71 0.43 0x0000FF
150.72 -32.11 56.02 150.59 -31.86 56.25 0.43 0x0000FF
151.08 -32.47 55.87 150.72 -32.11 56.02 0.43 0x0000FF
151.21 -32.6 55.65 151.08 -32.47 55.87 0.43 0x0000FF
151.33 -32.85 55.12 151.21 -32.6 55.65 0.43 0x0000FF
151.57 -32.97 54.74 151.33 -32.85 55.12 0.43 0x0000FF
152.07 -33.34 54.66 151.57 -32.97 54.74 0.305 0x0000FF
152.31 -33.46 54.59 152.07 -33.34 54.66 0.305 0x0000FF
152.8 -33.83 54.43 152.31 -33.46 54.59 0.305 0x0000FF
153.16 -34.07 54.28 152.8 -33.83 54.43 0.305 0x0000FF
153.16 -34.32 54.21 153.16 -34.07 54.28 0.305 0x0000FF
153.54 -34.56 53.9 153.16 -34.32 54.21 0.305 0x0000FF
153.78 -34.93 53.75 153.54 -34.56 53.9 0.305 0x0000FF
154.03 -35.29 53.75 153.78 -34.93 53.75 0.305 0x0000FF
154.52 -35.9 53.75 154.03 -35.29 53.75 0.305 0x0000FF
154.76 -36.4 53.6 154.52 -35.9 53.75 0.305 0x0000FF
155.01 -36.9 53.6 154.76 -36.4 53.6 0.305 0x0000FF
155.62 -38.0 53.45 155.01 -36.9 53.6 0.245 0x0000FF
155.87 -38.36 53.37 155.62 -38.0 53.45 0.245 0x0000FF
156.24 -38.74 53.15 155.87 -38.36 53.37 0.245 0x0000FF
156.6 -39.11 52.99 156.24 -38.74 53.15 0.245 0x0000FF
157.22 -39.6 52.99 156.6 -39.11 52.99 0.245 0x0000FF
157.59 -39.97 52.99 157.22 -39.6 52.99 0.245 0x0000FF
158.19 -40.33 52.92 157.59 -39.97 52.99 0.245 0x0000FF
158.44 -40.82 52.77 158.19 -40.33 52.92 0.245 0x0000FF
158.93 -41.81 52.69 158.44 -40.82 52.77 0.245 0x0000FF
138.82 -31.5 67.01 133.05 -25.4 47.17 0.92 0x0000FF
138.94 -31.99 67.01 138.82 -31.5 67.01 0.92 0x0000FF
138.94 -32.47 67.01 138.94 -31.99 67.01 0.92 0x0000FF
139.06 -32.85 67.01 138.94 -32.47 67.01 0.92 0x0000FF
139.19 -33.21 67.01 139.06 -32.85 67.01 0.92 0x0000FF
139.19 -33.58 67.01 139.19 -33.21 67.01 0.92 0x0000FF
139.31 -34.07 67.23 139.19 -33.58 67.01 0.92 0x0000FF
139.43 -34.44 67.31 139.31 -34.07 67.23 0.92 0x0000FF
139.68 -35.18 67.39 139.43 -34.44 67.31 0.92 0x0000FF
139.91 -35.9 67.45 139.68 -35.18 67.39 0.92 0x0000FF
140.04 -36.15 67.54 139.91 -35.9 67.45 0.92 0x0000FF
140.16 -36.9 67.54 140.04 -36.15 67.54 0.92 0x0000FF
140.41 -37.27 67.61 140.16 -36.9 67.54 0.92 0x0000FF
140.66 -37.76 67.69 140.41 -37.27 67.61 0.92 0x0000FF
141.15 -38.11 67.69 140.66 -37.76 67.69 0.92 0x0000FF
141.38 -38.61 67.69 141.15 -38.11 67.69 0.92 0x0000FF
140.53 -39.6 67.77 141.38 -38.61 67.69 0.55 0x0000FF
139.91 -40.09 67.77 140.53 -39.6 67.77 0.55 0x0000FF
139.43 -40.58 67.98 139.91 -40.09 67.77 0.55 0x0000FF
139.31 -40.82 68.22 139.43 -40.58 67.98 0.55 0x0000FF
139.19 -41.07 68.45 139.31 -40.82 68.22 0.55 0x0000FF
138.94 -41.68 68.75 139.19 -41.07 68.45 0.55 0x0000FF
138.69 -42.3 68.9 138.94 -41.68 68.75 0.55 0x0000FF
136.72 -43.89 68.9 138.69 -42.3 68.9 0.37 0x0000FF
136.12 -44.63 68.9 136.72 -43.89 68.9 0.37 0x0000FF
135.87 -44.88 69.05 136.12 -44.63 68.9 0.37 0x0000FF
135.13 -45.49 69.05 135.87 -44.88 69.05 0.37 0x0000FF
134.65 -45.73 69.13 135.13 -45.49 69.05 0.37 0x0000FF
133.66 -45.73 69.2 134.65 -45.73 69.13 0.37 0x0000FF
133.3 -45.98 69.58 133.66 -45.73 69.2 0.37 0x0000FF
133.16 -46.1 69.58 133.3 -45.98 69.58 0.37 0x0000FF
133.05 -46.1 70.56 133.16 -46.1 69.58 0.37 0x0000FF
132.68 -46.1 70.8 133.05 -46.1 70.56 0.37 0x0000FF
132.19 -46.1 70.95 132.68 -46.1 70.8 0.37 0x0000FF
131.46 -45.98 71.25 132.19 -46.1 70.95 0.37 0x0000FF
130.97 -46.1 71.48 131.46 -45.98 71.25 0.37 0x0000FF
130.47 -46.1 71.86 130.97 -46.1 71.48 0.37 0x0000FF
129.97 -46.1 72.31 130.47 -46.1 71.86 0.37 0x0000FF
129.86 -45.98 72.84 129.97 -46.1 72.31 0.37 0x0000FF
129.13 -45.86 73.83 129.86 -45.98 72.84 0.37 0x0000FF
128.76 -45.73 74.73 129.13 -45.86 73.83 0.37 0x0000FF
127.9 -45.98 75.27 128.76 -45.73 74.73 0.37 0x0000FF
127.78 -45.98 76.09 127.9 -45.98 75.27 0.37 0x0000FF
127.16 -45.98 76.78 127.78 -45.98 76.09 0.37 0x0000FF
126.92 -46.23 77.31 127.16 -45.98 76.78 0.37 0x0000FF
126.43 -46.35 77.61 126.92 -46.23 77.31 0.37 0x0000FF
126.3 -46.47 78.22 126.43 -46.35 77.61 0.37 0x0000FF
126.18 -46.47 78.98 126.3 -46.47 78.22 0.37 0x0000FF
125.81 -46.72 79.2 126.18 -46.47 78.98 0.37 0x0000FF
125.69 -46.84 79.73 125.81 -46.72 79.2 0.37 0x0000FF
125.32 -46.96 80.04 125.69 -46.84 79.73 0.37 0x0000FF
125.2 -47.21 80.56 125.32 -46.96 80.04 0.37 0x0000FF
125.2 -47.45 80.56 125.2 -47.21 80.56 0.37 0x0000FF
125.08 -47.7 80.95 125.2 -47.45 80.56 0.37 0x0000FF
124.96 -47.94 81.78 125.08 -47.7 80.95 0.37 0x0000FF
124.96 -48.19 81.93 124.96 -47.94 81.78 0.37 0x0000FF
124.83 -48.56 82.08 124.96 -48.19 81.93 0.37 0x0000FF
124.83 -48.8 82.46 124.83 -48.56 82.08 0.37 0x0000FF
124.71 -49.05 82.69 124.83 -48.8 82.46 0.37 0x0000FF
124.46 -49.29 82.84 124.71 -49.05 82.69 0.37 0x0000FF
124.46 -49.54 83.37 124.46 -49.29 82.84 0.37 0x0000FF
124.34 -50.03 84.05 124.46 -49.54 83.37 0.37 0x0000FF
124.22 -50.52 84.13 124.34 -50.03 84.05 0.37 0x0000FF
124.22 -50.89 84.28 124.22 -50.52 84.13 0.37 0x0000FF
124.22 -51.63 84.73 124.22 -50.89 84.28 0.37 0x0000FF
124.34 -51.87 84.81 124.22 -51.63 84.73 0.37 0x0000FF
124.46 -51.87 85.87 124.34 -51.87 84.81 0.37 0x0000FF
124.71 -51.99 86.4 124.46 -51.87 85.87 0.37 0x0000FF
124.71 -52.24 86.93 124.71 -51.99 86.4 0.37 0x0000FF
124.83 -52.61 87.23 124.71 -52.24 86.93 0.37 0x0000FF
125.32 -53.22 87.54 124.83 -52.61 87.23 0.37 0x0000FF
125.32 -53.35 88.22 125.32 -53.22 87.54 0.37 0x0000FF
142.74 -38.97 67.54 141.38 -38.61 67.69 0.43 0x0000FF
143.11 -39.35 67.45 142.74 -38.97 67.54 0.43 0x0000FF
143.47 -39.72 67.08 143.11 -39.35 67.45 0.43 0x0000FF
143.72 -40.09 66.93 143.47 -39.72 67.08 0.43 0x0000FF
143.97 -40.58 66.78 143.72 -40.09 66.93 0.43 0x0000FF
144.34 -40.95 66.63 143.97 -40.58 66.78 0.43 0x0000FF
144.83 -41.44 66.48 144.34 -40.95 66.63 0.43 0x0000FF
145.19 -42.05 66.48 144.83 -41.44 66.48 0.43 0x0000FF
145.32 -42.42 66.48 145.19 -42.05 66.48 0.43 0x0000FF
145.56 -43.03 66.48 145.32 -42.42 66.48 0.43 0x0000FF
145.81 -43.89 66.18 145.56 -43.03 66.48 0.43 0x0000FF
145.81 -44.51 66.09 145.81 -43.89 66.18 0.43 0x0000FF
145.81 -45.12 66.02 145.81 -44.51 66.09 0.43 0x0000FF
145.81 -45.61 65.95 145.81 -45.12 66.02 0.43 0x0000FF
145.81 -46.35 65.95 145.81 -45.61 65.95 0.43 0x0000FF
145.69 -46.72 65.87 145.81 -46.35 65.95 0.43 0x0000FF
145.44 -47.08 65.87 145.69 -46.72 65.87 0.43 0x0000FF
145.32 -47.58 66.48 145.44 -47.08 65.87 0.43 0x0000FF
145.19 -48.07 66.93 145.32 -47.58 66.48 0.43 0x0000FF
144.94 -48.68 67.08 145.19 -48.07 66.93 0.43 0x0000FF
144.71 -49.17 67.23 144.94 -48.68 67.08 0.43 0x0000FF
144.46 -50.15 67.23 144.71 -49.17 67.23 0.43 0x0000FF
144.21 -51.14 67.39 144.46 -50.15 67.23 0.43 0x0000FF
143.97 -52.12 67.39 144.21 -51.14 67.39 0.43 0x0000FF
143.85 -52.98 67.45 143.97 -52.12 67.39 0.43 0x0000FF
143.85 -53.22 67.45 143.85 -52.98 67.45 0.43 0x0000FF
143.72 -53.47 67.69 143.85 -53.22 67.45 0.43 0x0000FF
143.72 -53.71 67.92 143.72 -53.47 67.69 0.43 0x0000FF
143.47 -53.96 68.06 143.72 -53.71 67.92 0.43 0x0000FF
143.47 -54.33 68.22 143.47 -53.96 68.06 0.43 0x0000FF
143.36 -54.57 68.3 143.47 -54.33 68.22 0.43 0x0000FF
143.36 -54.82 68.45 143.36 -54.57 68.3 0.43 0x0000FF
143.22 -55.06 68.52 143.36 -54.82 68.45 0.43 0x0000FF
143.22 -55.68 68.59 143.22 -55.06 68.52 0.43 0x0000FF
142.99 -56.29 68.75 143.22 -55.68 68.59 0.43 0x0000FF
142.87 -56.78 68.9 142.99 -56.29 68.75 0.43 0x0000FF
142.74 -57.27 68.9 142.87 -56.78 68.9 0.43 0x0000FF
142.74 -57.64 68.98 142.74 -57.27 68.9 0.43 0x0000FF
142.74 -58.13 68.98 142.74 -57.64 68.98 0.43 0x0000FF
142.87 -59.36 69.05 142.74 -58.13 68.98 0.43 0x0000FF
142.99 -59.85 69.13 142.87 -59.36 69.05 0.43 0x0000FF
143.11 -60.1 69.2 142.99 -59.85 69.13 0.43 0x0000FF
143.22 -60.34 69.36 143.11 -60.1 69.2 0.43 0x0000FF
143.72 -61.57 70.04 143.22 -60.34 69.36 0.43 0x0000FF
143.72 -61.81 70.19 143.72 -61.57 70.04 0.43 0x0000FF
143.97 -62.31 70.34 143.72 -61.81 70.19 0.43 0x0000FF
144.09 -62.8 70.72 143.97 -62.31 70.34 0.43 0x0000FF
144.09 -62.92 71.25 144.09 -62.8 70.72 0.43 0x0000FF
143.97 -63.16 71.48 144.09 -62.92 71.25 0.43 0x0000FF
143.97 -63.29 71.78 143.97 -63.16 71.48 0.43 0x0000FF
143.97 -63.41 72.39 143.97 -63.29 71.78 0.43 0x0000FF
143.97 -63.78 72.92 143.97 -63.41 72.39 0.43 0x0000FF
143.97 -64.02 73.14 143.97 -63.78 72.92 0.43 0x0000FF
143.97 -64.52 73.52 143.97 -64.02 73.14 0.43 0x0000FF
143.85 -65.01 73.52 143.97 -64.52 73.52 0.43 0x0000FF
143.72 -65.5 73.52 143.85 -65.01 73.52 0.43 0x0000FF
143.6 -66.36 73.52 143.72 -65.5 73.52 0.43 0x0000FF
143.6 -66.84 73.67 143.6 -66.36 73.52 0.43 0x0000FF
143.6 -67.45 74.28 143.6 -66.84 73.67 0.43 0x0000FF
143.47 -68.06 74.58 143.6 -67.45 74.28 0.43 0x0000FF
143.47 -68.69 74.66 143.47 -68.06 74.58 0.43 0x0000FF
143.47 -69.3 74.89 143.47 -68.69 74.66 0.43 0x0000FF
143.6 -69.79 74.95 143.47 -69.3 74.89 0.43 0x0000FF
143.47 -70.41 75.04 143.6 -69.79 74.95 0.43 0x0000FF
143.22 -71.27 75.04 143.47 -70.41 75.04 0.43 0x0000FF
143.11 -71.63 75.11 143.22 -71.27 75.04 0.43 0x0000FF
142.99 -72.0 75.11 143.11 -71.63 75.11 0.43 0x0000FF
142.74 -72.37 75.11 142.99 -72.0 75.11 0.43 0x0000FF
141.69 -73.48 75.95 142.74 -72.37 75.11 0.305 0x0000FF
141.57 -73.84 76.02 141.69 -73.48 75.95 0.305 0x0000FF
141.33 -74.2 76.09 141.57 -73.84 76.02 0.305 0x0000FF
141.08 -74.45 76.33 141.33 -74.2 76.09 0.305 0x0000FF
140.71 -74.7 76.48 141.08 -74.45 76.33 0.305 0x0000FF
140.47 -74.95 76.7 140.71 -74.7 76.48 0.305 0x0000FF
139.97 -75.06 76.78 140.47 -74.95 76.7 0.305 0x0000FF
139.49 -75.56 76.93 139.97 -75.06 76.78 0.305 0x0000FF
139.0 -75.93 77.01 139.49 -75.56 76.93 0.305 0x0000FF
138.38 -76.18 77.16 139.0 -75.93 77.01 0.305 0x0000FF
138.01 -76.3 77.31 138.38 -76.18 77.16 0.305 0x0000FF
137.65 -76.42 77.61 138.01 -76.3 77.31 0.305 0x0000FF
137.16 -76.54 78.14 137.65 -76.42 77.61 0.305 0x0000FF
136.66 -76.54 78.14 137.16 -76.54 78.14 0.305 0x0000FF
136.3 -76.67 78.22 136.66 -76.54 78.14 0.305 0x0000FF
135.93 -76.79 78.75 136.3 -76.67 78.22 0.305 0x0000FF
135.68 -76.79 79.05 135.93 -76.79 78.75 0.305 0x0000FF
135.68 -76.79 79.58 135.68 -76.79 79.05 0.305 0x0000FF
135.68 -76.91 80.34 135.68 -76.79 79.58 0.305 0x0000FF
135.68 -76.91 81.02 135.68 -76.91 80.34 0.305 0x0000FF
135.56 -77.03 81.4 135.68 -76.91 81.02 0.305 0x0000FF
135.44 -77.03 82.76 135.56 -77.03 81.4 0.305 0x0000FF
134.69 -77.28 83.07 135.44 -77.03 82.76 0.305 0x0000FF
134.21 -77.4 83.22 134.69 -77.28 83.07 0.305 0x0000FF
133.11 -77.65 83.52 134.21 -77.4 83.22 0.305 0x0000FF
132.74 -77.89 84.36 133.11 -77.65 83.52 0.305 0x0000FF
131.88 -78.14 85.42 132.74 -77.89 84.36 0.305 0x0000FF
131.38 -78.38 85.57 131.88 -78.14 85.42 0.305 0x0000FF
130.65 -79.12 85.87 131.38 -78.38 85.57 0.305 0x0000FF
130.16 -79.61 85.87 130.65 -79.12 85.87 0.305 0x0000FF
129.79 -80.23 85.87 130.16 -79.61 85.87 0.305 0x0000FF
129.66 -80.59 86.4 129.79 -80.23 85.87 0.305 0x0000FF
129.55 -80.84 86.7 129.66 -80.59 86.4 0.305 0x0000FF
129.18 -81.2 87.08 129.55 -80.84 86.7 0.305 0x0000FF
129.06 -81.7 87.39 129.18 -81.2 87.08 0.305 0x0000FF
128.69 -82.44 87.61 129.06 -81.7 87.39 0.305 0x0000FF
128.44 -83.05 87.69 128.69 -82.44 87.61 0.305 0x0000FF
128.19 -83.54 87.69 128.44 -83.05 87.69 0.305 0x0000FF
127.71 -84.03 87.69 128.19 -83.54 87.69 0.305 0x0000FF
127.34 -84.52 87.99 127.71 -84.03 87.69 0.305 0x0000FF
127.22 -84.77 88.29 127.34 -84.52 87.99 0.305 0x0000FF
126.97 -85.01 88.6 127.22 -84.77 88.29 0.305 0x0000FF
126.48 -85.5 88.98 126.97 -85.01 88.6 0.305 0x0000FF
125.87 -85.75 89.05 126.48 -85.5 88.98 0.305 0x0000FF
125.5 -86.0 89.28 125.87 -85.75 89.05 0.305 0x0000FF
124.89 -86.36 89.51 125.5 -86.0 89.28 0.305 0x0000FF
123.05 -23.03 40.42 133.05 -25.4 47.17 1.535 0x0000FF
122.56 -22.78 40.42 123.05 -23.03 40.42 1.535 0x0000FF
121.82 -22.41 40.42 122.56 -22.78 40.42 1.535 0x0000FF
120.35 -21.92 40.42 121.82 -22.41 40.42 1.225 0x0000FF
119.98 -21.8 40.57 120.35 -21.92 40.42 1.225 0x0000FF
118.02 -21.31 41.48 119.98 -21.8 40.57 0.98 0x0000FF
115.69 -20.57 42.24 118.02 -21.31 41.48 0.98 0x0000FF
112.87 -20.2 42.24 115.69 -20.57 42.24 0.98 0x0000FF
109.92 -19.34 42.77 112.87 -20.2 42.24 0.98 0x0000FF
107.71 -19.1 43.22 109.92 -19.34 42.77 0.98 0x0000FF
104.89 -18.98 43.53 107.71 -19.1 43.22 0.98 0x0000FF
104.52 -18.98 43.83 104.89 -18.98 43.53 0.98 0x0000FF
104.16 -18.98 44.06 104.52 -18.98 43.83 0.98 0x0000FF
102.93 -18.85 44.28 104.16 -18.98 44.06 0.98 0x0000FF
102.32 -18.85 44.66 102.93 -18.85 44.28 0.98 0x0000FF
100.72 -19.1 44.97 102.32 -18.85 44.66 0.98 0x0000FF
99.99 -19.1 45.27 100.72 -19.1 44.97 0.98 0x0000FF
99.62 -19.1 45.72 99.99 -19.1 45.27 0.98 0x0000FF
99.0 -19.1 45.87 99.62 -19.1 45.72 0.98 0x0000FF
98.51 -19.1 45.95 99.0 -19.1 45.87 0.98 0x0000FF
98.15 -19.1 46.03 98.51 -19.1 45.95 0.98 0x0000FF
97.41 -19.1 46.93 98.15 -19.1 46.03 0.98 0x0000FF
96.18 -19.34 47.39 97.41 -19.1 46.93 0.795 0x0000FF
94.83 -19.47 47.77 96.18 -19.34 47.39 0.795 0x0000FF
94.59 -19.59 48.3 94.83 -19.47 47.77 0.795 0x0000FF
94.22 -19.59 48.68 94.59 -19.59 48.3 0.795 0x0000FF
93.85 -19.71 49.43 94.22 -19.59 48.68 0.795 0x0000FF
92.99 -19.96 49.89 93.85 -19.71 49.43 0.795 0x0000FF
92.26 -20.2 50.19 92.99 -19.96 49.89 0.795 0x0000FF
91.64 -20.45 50.57 92.26 -20.2 50.19 0.795 0x0000FF
90.91 -20.82 50.95 91.64 -20.45 50.57 0.795 0x0000FF
90.17 -21.31 50.95 90.91 -20.82 50.95 0.795 0x0000FF
89.07 -22.29 51.03 90.17 -21.31 50.95 0.675 0x0000FF
88.33 -22.78 51.33 89.07 -22.29 51.03 0.675 0x0000FF
87.96 -22.9 52.09 88.33 -22.78 51.33 0.675 0x0000FF
87.47 -22.9 52.46 87.96 -22.9 52.09 0.675 0x0000FF
87.11 -22.9 52.77 87.47 -22.9 52.46 0.675 0x0000FF
86.98 -22.9 53.45 87.11 -22.9 52.77 0.675 0x0000FF
86.74 -22.9 53.98 86.98 -22.9 53.45 0.675 0x0000FF
86.12 -22.9 54.51 86.74 -22.9 53.98 0.675 0x0000FF
85.63 -22.66 54.89 86.12 -22.9 54.51 0.675 0x0000FF
85.39 -22.29 55.19 85.63 -22.66 54.89 0.675 0x0000FF
85.14 -22.04 55.87 85.39 -22.29 55.19 0.675 0x0000FF
85.02 -21.8 56.25 85.14 -22.04 55.87 0.675 0x0000FF
84.9 -21.55 56.63 85.02 -21.8 56.25 0.675 0x0000FF
84.77 -21.06 56.71 84.9 -21.55 56.63 0.675 0x0000FF
84.53 -20.94 57.24 84.77 -21.06 56.71 0.55 0x0000FF
84.53 -20.94 57.62 84.53 -20.94 57.24 0.55 0x0000FF
84.41 -20.69 58.22 84.53 -20.94 57.62 0.55 0x0000FF
84.28 -20.32 58.6 84.41 -20.69 58.22 0.55 0x0000FF
84.16 -19.96 58.83 84.28 -20.32 58.6 0.55 0x0000FF
84.04 -19.82 59.66 84.16 -19.96 58.83 0.55 0x0000FF
83.55 -19.47 60.34 84.04 -19.82 59.66 0.55 0x0000FF
82.93 -19.1 60.65 83.55 -19.47 60.34 0.55 0x0000FF
82.44 -18.85 60.65 82.93 -19.1 60.65 0.55 0x0000FF
82.08 -18.73 61.18 82.44 -18.85 60.65 0.55 0x0000FF
81.95 -18.61 62.08 82.08 -18.73 61.18 0.55 0x0000FF
81.45 -18.48 62.16 81.95 -18.61 62.08 0.55 0x0000FF
80.97 -18.36 62.77 81.45 -18.48 62.16 0.55 0x0000FF
80.97 -18.36 64.66 80.97 -18.36 62.77 0.55 0x0000FF
80.11 -18.12 64.81 80.97 -18.36 64.66 0.55 0x0000FF
79.25 -17.98 64.89 80.11 -18.12 64.81 0.55 0x0000FF
78.15 -17.98 64.89 79.25 -17.98 64.89 0.55 0x0000FF
77.41 -18.12 64.89 78.15 -17.98 64.89 0.55 0x0000FF
77.05 -18.12 65.19 77.41 -18.12 64.89 0.55 0x0000FF
76.19 -18.48 66.02 77.05 -18.12 65.19 0.55 0x0000FF
75.81 -18.48 66.18 76.19 -18.48 66.02 0.55 0x0000FF
74.95 -18.61 66.48 75.81 -18.48 66.18 0.55 0x0000FF
74.09 -18.73 66.63 74.95 -18.61 66.48 0.55 0x0000FF
73.48 -18.61 67.45 74.09 -18.73 66.63 0.37 0x0000FF
72.63 -18.48 67.98 73.48 -18.61 67.45 0.37 0x0000FF
72.51 -18.36 68.14 72.63 -18.48 67.98 0.37 0x0000FF
72.26 -17.75 68.52 72.51 -18.36 68.14 0.37 0x0000FF
72.26 -17.38 68.52 72.26 -17.75 68.52 0.37 0x0000FF
72.26 -17.01 68.59 72.26 -17.38 68.52 0.37 0x0000FF
135.49 -13.02 42.62 133.05 -25.4 47.17 4.295 0x0000FF
135.49 -13.15 42.62 135.49 -13.02 42.62 4.295 0x0000FF
135.72 -13.02 42.62 135.49 -13.15 42.62 4.295 0x0000FF
135.72 -12.65 42.62 135.72 -13.02 42.62 4.295 0x0000FF
136.22 -11.55 42.77 135.72 -12.65 42.62 4.11 0x0000FF
136.22 -11.18 43.07 136.22 -11.55 42.77 4.11 0x0000FF
136.22 -10.81 43.15 136.22 -11.18 43.07 4.11 0x0000FF
136.22 -10.44 43.22 136.22 -10.81 43.15 4.11 0x0000FF
136.22 -10.08 43.53 136.22 -10.44 43.22 4.11 0x0000FF
136.35 -9.46 43.75 136.22 -10.08 43.53 4.11 0x0000FF
136.35 -9.09 43.83 136.35 -9.46 43.75 4.11 0x0000FF
136.84 -8.11 44.06 136.35 -9.09 43.83 3.74 0x0000FF
136.96 -7.87 44.21 136.84 -8.11 44.06 3.74 0x0000FF
136.96 -7.38 44.28 136.96 -7.87 44.21 3.555 0x0000FF
136.96 -6.15 44.36 136.96 -7.38 44.28 3.31 0x0000FF
137.21 -5.53 44.59 136.96 -6.15 44.36 3.25 0x0000FF
137.33 -5.04 44.66 137.21 -5.53 44.59 3.25 0x0000FF
137.21 -4.43 45.12 137.33 -5.04 44.66 3.13 0x0000FF
137.21 -3.69 45.34 137.21 -4.43 45.12 3.13 0x0000FF
137.21 -3.57 45.95 137.21 -3.69 45.34 3.13 0x0000FF
137.33 -2.47 46.25 137.21 -3.57 45.95 2.515 0x0000FF
137.08 -2.1 46.33 137.33 -2.47 46.25 2.515 0x0000FF
136.96 -1.61 46.48 137.08 -2.1 46.33 2.515 0x0000FF
136.96 -1.48 46.56 136.96 -1.61 46.48 2.515 0x0000FF
136.96 -1.24 46.78 136.96 -1.48 46.56 2.33 0x0000FF
136.96 -1.12 46.93 136.96 -1.24 46.78 2.33 0x0000FF
137.08 -0.87 47.01 136.96 -1.12 46.93 2.33 0x0000FF
137.21 -0.75 47.09 137.08 -0.87 47.01 2.33 0x0000FF
137.33 -0.26 47.16 137.21 -0.75 47.09 2.33 0x0000FF
136.72 0.23 47.09 137.33 -0.26 47.16 0.49 0x0000FF
136.59 0.23 46.93 136.72 0.23 47.09 0.49 0x0000FF
136.35 0.36 46.63 136.59 0.23 46.93 0.49 0x0000FF
136.35 0.48 46.25 136.35 0.36 46.63 0.49 0x0000FF
136.1 0.6 45.95 136.35 0.48 46.25 0.49 0x0000FF
135.86 0.85 45.8 136.1 0.6 45.95 0.49 0x0000FF
135.72 1.09 45.27 135.86 0.85 45.8 0.49 0x0000FF
135.37 1.34 45.12 135.72 1.09 45.27 0.49 0x0000FF
135.37 1.34 44.97 135.37 1.34 45.12 0.49 0x0000FF
135.37 1.34 44.36 135.37 1.34 44.97 0.49 0x0000FF
135.12 1.46 44.06 135.37 1.34 44.36 0.49 0x0000FF
134.26 1.71 43.9 135.12 1.46 44.06 0.49 0x0000FF
134.13 1.71 43.53 134.26 1.71 43.9 0.49 0x0000FF
134.02 1.71 43.15 134.13 1.71 43.53 0.49 0x0000FF
134.02 1.71 42.77 134.02 1.71 43.15 0.49 0x0000FF
134.02 1.71 42.24 134.02 1.71 42.77 0.49 0x0000FF
133.53 1.58 42.01 134.02 1.71 42.24 0.49 0x0000FF
133.28 1.58 41.78 133.53 1.58 42.01 0.49 0x0000FF
132.55 1.58 41.63 133.28 1.58 41.78 0.37 0x0000FF
132.55 1.58 41.25 132.55 1.58 41.63 0.37 0x0000FF
132.3 1.58 41.03 132.55 1.58 41.25 0.37 0x0000FF
131.56 1.58 40.42 132.3 1.58 41.03 0.37 0x0000FF
131.44 1.58 40.19 131.56 1.58 40.42 0.37 0x0000FF
131.07 1.58 39.44 131.44 1.58 40.19 0.37 0x0000FF
130.58 1.46 39.21 131.07 1.58 39.44 0.37 0x0000FF
130.21 1.58 39.21 130.58 1.46 39.21 0.37 0x0000FF
129.47 1.71 38.9 130.21 1.58 39.21 0.37 0x0000FF
129.11 1.83 38.83 129.47 1.71 38.9 0.37 0x0000FF
128.62 2.2 38.6 129.11 1.83 38.83 0.37 0x0000FF
128.01 2.57 38.36 128.62 2.2 38.6 0.37 0x0000FF
127.64 2.69 37.84 128.01 2.57 38.36 0.37 0x0000FF
127.27 2.93 37.09 127.64 2.69 37.84 0.37 0x0000FF
126.66 3.3 36.71 127.27 2.93 37.09 0.37 0x0000FF
126.17 3.67 36.18 126.66 3.3 36.71 0.37 0x0000FF
125.55 3.79 35.88 126.17 3.67 36.18 0.37 0x0000FF
125.19 3.92 35.65 125.55 3.79 35.88 0.37 0x0000FF
124.69 4.04 35.65 125.19 3.92 35.65 0.37 0x0000FF
124.08 4.16 35.04 124.69 4.04 35.65 0.37 0x0000FF
123.59 4.29 34.59 124.08 4.16 35.04 0.37 0x0000FF
123.1 4.41 33.97 123.59 4.29 34.59 0.37 0x0000FF
122.73 4.65 33.83 123.1 4.41 33.97 0.37 0x0000FF
122.36 4.9 33.68 122.73 4.65 33.83 0.37 0x0000FF
121.75 5.14 33.53 122.36 4.9 33.68 0.37 0x0000FF
121.38 5.27 33.15 121.75 5.14 33.53 0.37 0x0000FF
121.01 5.39 32.85 121.38 5.27 33.15 0.37 0x0000FF
120.65 5.76 32.61 121.01 5.39 32.85 0.37 0x0000FF
120.4 6.13 32.31 120.65 5.76 32.61 0.37 0x0000FF
120.03 6.25 32.31 120.4 6.13 32.31 0.37 0x0000FF
119.17 6.99 32.01 120.03 6.25 32.31 0.37 0x0000FF
118.68 7.35 31.71 119.17 6.99 32.01 0.37 0x0000FF
118.44 7.48 31.41 118.68 7.35 31.71 0.37 0x0000FF
118.07 7.72 31.33 118.44 7.48 31.41 0.37 0x0000FF
117.46 8.34 31.25 118.07 7.72 31.33 0.37 0x0000FF
117.33 8.46 31.25 117.46 8.34 31.25 0.37 0x0000FF
137.57 0.85 46.86 137.33 -0.26 47.16 1.9 0x0000FF
137.57 1.22 46.86 137.57 0.85 46.86 1.9 0x0000FF
137.57 1.34 46.86 137.57 1.22 46.86 1.9 0x0000FF
137.69 1.46 46.78 137.57 1.34 46.86 1.78 0x0000FF
137.69 1.58 46.93 137.69 1.46 46.78 1.78 0x0000FF
137.82 1.71 47.24 137.69 1.58 46.93 1.78 0x0000FF
137.94 2.81 47.39 137.82 1.71 47.24 1.78 0x0000FF
138.43 3.3 47.54 137.94 2.81 47.39 1.78 0x0000FF
138.56 3.67 47.84 138.43 3.3 47.54 1.78 0x0000FF
138.8 4.16 48.0 138.56 3.67 47.84 1.78 0x0000FF
138.91 4.53 48.0 138.8 4.16 48.0 1.78 0x0000FF
139.16 5.14 48.45 138.91 4.53 48.0 1.78 0x0000FF
140.03 6.25 48.53 139.16 5.14 48.45 1.655 0x0000FF
140.15 6.86 48.68 140.03 6.25 48.53 1.655 0x0000FF
140.27 7.6 48.75 140.15 6.86 48.68 1.655 0x0000FF
140.4 8.09 48.75 140.27 7.6 48.75 1.655 0x0000FF
140.63 8.34 48.83 140.4 8.09 48.75 1.655 0x0000FF
140.88 8.83 49.13 140.63 8.34 48.83 1.655 0x0000FF
141.13 9.44 49.36 140.88 8.83 49.13 1.655 0x0000FF
141.25 10.05 49.43 141.13 9.44 49.36 1.655 0x0000FF
141.5 10.42 49.51 141.25 10.05 49.43 1.655 0x0000FF
141.62 11.04 49.51 141.5 10.42 49.51 1.655 0x0000FF
141.62 11.65 49.59 141.62 11.04 49.51 1.655 0x0000FF
141.62 12.02 49.66 141.62 11.65 49.59 1.655 0x0000FF
141.75 12.51 49.74 141.62 12.02 49.66 1.655 0x0000FF
141.87 13.12 49.81 141.75 12.51 49.74 1.655 0x0000FF
141.99 13.74 49.89 141.87 13.12 49.81 1.655 0x0000FF
141.99 14.1 49.89 141.99 13.74 49.89 1.655 0x0000FF
142.24 14.72 49.96 141.99 14.1 49.89 1.655 0x0000FF
142.24 15.33 50.04 142.24 14.72 49.96 1.655 0x0000FF
142.24 15.82 50.12 142.24 15.33 50.04 1.655 0x0000FF
142.24 16.19 50.19 142.24 15.82 50.12 1.655 0x0000FF
142.24 16.55 50.27 142.24 16.19 50.19 1.655 0x0000FF
142.36 18.39 50.65 142.24 16.55 50.27 1.535 0x0000FF
142.36 18.77 50.72 142.36 18.39 50.65 1.535 0x0000FF
142.47 19.38 50.8 142.36 18.77 50.72 1.535 0x0000FF
142.47 20.12 50.87 142.47 19.38 50.8 1.535 0x0000FF
142.6 20.73 50.87 142.47 20.12 50.87 1.535 0x0000FF
142.72 21.35 50.95 142.6 20.73 50.87 1.535 0x0000FF
142.72 21.72 50.95 142.72 21.35 50.95 1.535 0x0000FF
142.85 22.33 51.03 142.72 21.72 50.95 1.535 0x0000FF
142.85 22.7 50.95 142.85 22.33 51.03 1.535 0x0000FF
142.97 23.07 50.8 142.85 22.7 50.95 1.535 0x0000FF
142.97 23.31 50.8 142.97 23.07 50.8 1.535 0x0000FF
142.85 23.68 51.03 142.97 23.31 50.8 1.535 0x0000FF
142.85 23.8 51.1 142.85 23.68 51.03 1.78 0x0000FF
142.85 24.17 51.1 142.85 23.8 51.1 1.78 0x0000FF
142.85 24.54 51.1 142.85 24.17 51.1 1.78 0x0000FF
142.85 25.15 51.18 142.85 24.54 51.1 1.78 0x0000FF
142.85 25.77 51.25 142.85 25.15 51.18 1.84 0x0000FF
142.85 26.13 51.25 142.85 25.77 51.25 1.84 0x0000FF
142.72 26.5 51.25 142.85 26.13 51.25 1.84 0x0000FF
142.6 26.63 51.33 142.72 26.5 51.25 1.84 0x0000FF
142.24 27.36 52.99 142.6 26.63 51.33 0.49 0x0000FF
141.75 27.48 52.99 142.24 27.36 52.99 0.49 0x0000FF
141.38 27.48 53.07 141.75 27.48 52.99 0.49 0x0000FF
140.76 27.73 53.07 141.38 27.48 53.07 0.49 0x0000FF
140.52 27.85 53.07 140.76 27.73 53.07 0.49 0x0000FF
139.54 28.1 53.52 140.52 27.85 53.07 0.49 0x0000FF
139.05 28.47 53.9 139.54 28.1 53.52 0.49 0x0000FF
138.56 28.83 53.98 139.05 28.47 53.9 0.49 0x0000FF
137.82 29.08 54.13 138.56 28.83 53.98 0.49 0x0000FF
137.44 28.71 54.81 137.82 29.08 54.13 0.49 0x0000FF
137.44 28.71 54.13 137.44 28.71 54.81 0.49 0x0000FF
137.33 28.59 53.83 137.44 28.71 54.13 0.49 0x0000FF
136.96 28.59 53.68 137.33 28.59 53.83 0.49 0x0000FF
136.35 28.59 52.62 136.96 28.59 53.68 0.43 0x0000FF
136.22 28.59 52.16 136.35 28.59 52.62 0.43 0x0000FF
135.24 28.71 52.01 136.22 28.59 52.16 0.43 0x0000FF
134.88 28.71 51.93 135.24 28.71 52.01 0.43 0x0000FF
134.02 28.71 51.71 134.88 28.71 51.93 0.43 0x0000FF
133.04 28.83 51.25 134.02 28.71 51.71 0.43 0x0000FF
132.66 28.83 51.18 133.04 28.83 51.25 0.43 0x0000FF
132.18 28.83 51.18 132.66 28.83 51.18 0.43 0x0000FF
131.69 28.83 51.1 132.18 28.83 51.18 0.43 0x0000FF
130.94 29.08 50.87 131.69 28.83 51.1 0.43 0x0000FF
130.34 29.33 50.72 130.94 29.08 50.87 0.43 0x0000FF
129.36 29.69 50.49 130.34 29.33 50.72 0.43 0x0000FF
128.25 29.94 50.49 129.36 29.69 50.49 0.43 0x0000FF
127.64 29.94 50.42 128.25 29.94 50.49 0.43 0x0000FF
127.15 30.06 50.42 127.64 29.94 50.42 0.43 0x0000FF
126.29 30.06 50.34 127.15 30.06 50.42 0.43 0x0000FF
125.19 30.06 50.19 126.29 30.06 50.34 0.43 0x0000FF
124.2 30.18 50.04 125.19 30.06 50.19 0.43 0x0000FF
123.71 30.31 49.89 124.2 30.18 50.04 0.43 0x0000FF
123.22 30.31 49.74 123.71 30.31 49.89 0.43 0x0000FF
122.85 30.43 49.59 123.22 30.31 49.74 0.43 0x0000FF
122.12 30.68 49.43 122.85 30.43 49.59 0.43 0x0000FF
121.63 30.8 49.36 122.12 30.68 49.43 0.43 0x0000FF
120.89 31.17 48.83 121.63 30.8 49.36 0.43 0x0000FF
120.65 31.53 48.6 120.89 31.17 48.83 0.43 0x0000FF
120.28 31.78 48.45 120.65 31.53 48.6 0.43 0x0000FF
119.91 32.15 48.45 120.28 31.78 48.45 0.43 0x0000FF
119.42 32.52 48.22 119.91 32.15 48.45 0.43 0x0000FF
119.42 32.64 47.92 119.42 32.52 48.22 0.43 0x0000FF
119.3 32.64 47.62 119.42 32.64 47.92 0.43 0x0000FF
118.56 33.13 47.54 119.3 32.64 47.62 0.43 0x0000FF
117.95 33.5 47.46 118.56 33.13 47.54 0.43 0x0000FF
117.21 34.11 47.24 117.95 33.5 47.46 0.43 0x0000FF
115.74 34.72 47.16 117.21 34.11 47.24 0.43 0x0000FF
114.02 35.46 47.01 115.74 34.72 47.16 0.43 0x0000FF
112.3 36.2 46.93 114.02 35.46 47.01 0.43 0x0000FF
111.69 36.44 46.86 112.3 36.2 46.93 0.43 0x0000FF
110.83 36.69 46.78 111.69 36.44 46.86 0.43 0x0000FF
108.99 37.06 46.4 110.83 36.69 46.78 0.43 0x0000FF
108.01 37.06 46.33 108.99 37.06 46.4 0.43 0x0000FF
107.4 37.06 46.25 108.01 37.06 46.33 0.43 0x0000FF
106.42 36.94 46.18 107.4 37.06 46.25 0.43 0x0000FF
106.29 36.94 46.1 106.42 36.94 46.18 0.305 0x0000FF
142.6 26.75 53.22 142.6 26.63 51.33 1.655 0x0000FF
142.85 27.12 53.3 142.6 26.75 53.22 1.78 0x0000FF
142.97 27.24 53.45 142.85 27.12 53.3 1.78 0x0000FF
142.97 27.24 53.75 142.97 27.24 53.45 1.78 0x0000FF
143.09 27.24 53.98 142.97 27.24 53.75 1.78 0x0000FF
143.22 27.36 54.28 143.09 27.24 53.98 1.78 0x0000FF
143.34 27.36 54.59 143.22 27.36 54.28 1.78 0x0000FF
143.46 27.73 54.66 143.34 27.36 54.59 1.78 0x0000FF
143.46 27.85 54.66 143.46 27.73 54.66 1.78 0x0000FF
143.59 28.71 54.74 143.46 27.85 54.66 1.78 0x0000FF
143.59 28.96 54.74 143.59 28.71 54.74 1.78 0x0000FF
143.83 30.43 52.31 143.59 28.96 54.74 1.78 0x0000FF
143.83 30.43 52.62 143.83 30.43 52.31 1.78 0x0000FF
143.83 30.92 52.99 143.83 30.43 52.62 1.78 0x0000FF
143.83 31.53 53.15 143.83 30.92 52.99 1.78 0x0000FF
143.83 32.89 53.22 143.83 31.53 53.15 1.78 0x0000FF
143.71 33.38 53.22 143.83 32.89 53.22 1.78 0x0000FF
143.71 34.24 53.22 143.71 33.38 53.22 1.78 0x0000FF
143.59 35.34 53.3 143.71 34.24 53.22 1.78 0x0000FF
143.46 35.71 53.3 143.59 35.34 53.3 1.595 0x0000FF
143.46 36.08 53.3 143.46 35.71 53.3 1.595 0x0000FF
143.59 36.57 53.45 143.46 36.08 53.3 1.595 0x0000FF
143.34 38.29 53.68 143.59 36.57 53.45 1.47 0x0000FF
143.22 39.39 53.9 143.34 38.29 53.68 1.47 0x0000FF
143.09 39.88 53.98 143.22 39.39 53.9 1.47 0x0000FF
143.09 40.61 54.13 143.09 39.88 53.98 1.47 0x0000FF
143.09 41.6 54.43 143.09 40.61 54.13 1.35 0x0000FF
142.85 42.21 54.51 143.09 41.6 54.43 1.35 0x0000FF
142.85 43.07 54.66 142.85 42.21 54.51 1.105 0x0000FF
142.72 43.93 54.74 142.85 43.07 54.66 1.105 0x0000FF
142.36 45.16 54.81 142.72 43.93 54.74 1.105 0x0000FF
142.47 45.9 54.74 142.36 45.16 54.81 1.105 0x0000FF
141.99 47.12 54.66 142.47 45.9 54.74 1.105 0x0000FF
141.5 47.86 54.43 141.99 47.12 54.66 1.105 0x0000FF
141.38 48.11 53.98 141.5 47.86 54.43 1.105 0x0000FF
141.25 48.6 53.52 141.38 48.11 53.98 1.105 0x0000FF
141.25 48.97 53.45 141.25 48.6 53.52 1.105 0x0000FF
141.25 49.09 54.43 141.25 48.97 53.45 1.105 0x0000FF
141.25 49.46 54.51 141.25 49.09 54.43 1.105 0x0000FF
141.25 50.07 54.81 141.25 49.46 54.51 1.105 0x0000FF
141.25 50.93 55.04 141.25 50.07 54.81 1.105 0x0000FF
141.13 51.05 55.87 141.25 50.93 55.04 1.105 0x0000FF
141.13 51.54 55.87 141.13 51.05 55.87 1.105 0x0000FF
140.88 52.77 56.55 141.13 51.54 55.87 1.105 0x0000FF
140.88 53.14 56.86 140.88 52.77 56.55 1.105 0x0000FF
140.88 53.87 57.24 140.88 53.14 56.86 1.105 0x0000FF
141.13 54.86 57.62 140.88 53.87 57.24 1.105 0x0000FF
141.13 55.1 57.99 141.13 54.86 57.62 1.105 0x0000FF
141.38 55.96 58.45 141.13 55.1 57.99 1.105 0x0000FF
141.75 57.07 58.75 141.38 55.96 58.45 1.105 0x0000FF
141.75 59.15 58.98 141.75 57.07 58.75 1.045 0x0000FF
141.75 59.64 59.05 141.75 59.15 58.98 1.045 0x0000FF
141.5 60.01 59.13 141.75 59.64 59.05 1.045 0x0000FF
141.25 60.63 59.28 141.5 60.01 59.13 1.045 0x0000FF
141.25 60.75 59.28 141.25 60.63 59.28 1.045 0x0000FF
140.87 63.35 59.74 141.25 60.75 59.28 1.045 0x0000FF
140.5 63.84 59.74 140.87 63.35 59.74 1.045 0x0000FF
140.13 64.58 59.81 140.5 63.84 59.74 1.045 0x0000FF
139.77 65.81 59.89 140.13 64.58 59.81 1.045 0x0000FF
139.4 67.16 59.89 139.77 65.81 59.89 1.045 0x0000FF
139.28 67.77 60.04 139.4 67.16 59.89 1.045 0x0000FF
139.03 68.75 60.27 139.28 67.77 60.04 1.045 0x0000FF
138.79 69.73 60.42 139.03 68.75 60.27 1.045 0x0000FF
138.79 70.59 60.57 138.79 69.73 60.42 1.045 0x0000FF
138.79 71.58 60.57 138.79 70.59 60.57 1.045 0x0000FF
138.79 72.31 60.72 138.79 71.58 60.57 1.045 0x0000FF
138.79 73.17 60.72 138.79 72.31 60.72 1.045 0x0000FF
138.66 74.03 60.72 138.79 73.17 60.72 1.045 0x0000FF
138.66 74.89 60.72 138.66 74.03 60.72 1.045 0x0000FF
138.91 75.63 60.8 138.66 74.89 60.72 1.045 0x0000FF
139.28 76.36 60.8 138.91 75.63 60.8 1.045 0x0000FF
139.52 76.61 60.95 139.28 76.36 60.8 1.045 0x0000FF
139.88 77.34 61.33 139.52 76.61 60.95 1.045 0x0000FF
140.5 79.06 61.4 139.88 77.34 61.33 1.045 0x0000FF
141.24 81.03 61.4 140.5 79.06 61.4 1.045 0x0000FF
142.59 84.71 61.48 141.24 81.03 61.4 1.045 0x0000FF
143.19 87.04 61.71 142.59 84.71 61.48 1.045 0x0000FF
143.94 89.01 61.78 143.19 87.04 61.71 1.045 0x0000FF
145.66 93.92 62.08 143.94 89.01 61.78 0.98 0x0000FF
146.38 95.14 62.16 145.66 93.92 62.08 0.98 0x0000FF
147.62 97.11 62.46 146.38 95.14 62.16 0.98 0x0000FF
148.72 98.95 62.84 147.62 97.11 62.46 0.86 0x0000FF
150.44 102.63 63.22 148.72 98.95 62.84 0.86 0x0000FF
151.79 106.31 63.3 150.44 102.63 63.22 0.86 0x0000FF
152.4 110.0 63.45 151.79 106.31 63.3 0.86 0x0000FF
153.26 112.94 63.68 152.4 110.0 63.45 0.86 0x0000FF
153.51 116.26 63.98 153.26 112.94 63.68 0.86 0x0000FF
153.75 118.83 64.28 153.51 116.26 63.98 0.86 0x0000FF
153.38 121.04 64.58 153.75 118.83 64.28 0.86 0x0000FF
153.38 122.15 64.73 153.38 121.04 64.58 0.86 0x0000FF
154.15 125.13 65.34 153.38 122.15 64.73 0.86 0x0000FF
154.02 125.75 65.48 154.15 125.13 65.34 0.86 0x0000FF
154.38 127.1 65.8 154.02 125.75 65.48 0.86 0x0000FF
154.52 127.59 65.95 154.38 127.1 65.8 0.86 0x0000FF
154.63 128.19 66.25 154.52 127.59 65.95 0.86 0x0000FF
154.76 129.43 66.33 154.63 128.19 66.25 0.86 0x0000FF
154.88 130.54 66.4 154.76 129.43 66.33 0.86 0x0000FF
154.88 131.4 66.48 154.88 130.54 66.4 0.86 0x0000FF
155.25 133.6 66.55 154.88 131.4 66.48 0.86 0x0000FF
155.86 136.66 66.78 155.25 133.6 66.55 0.86 0x0000FF
156.36 139.37 67.16 155.86 136.66 66.78 0.92 0x0000FF
156.11 141.83 67.31 156.36 139.37 67.16 0.92 0x0000FF
156.6 146.0 67.45 156.11 141.83 67.31 0.92 0x0000FF
157.09 149.56 67.61 156.6 146.0 67.45 0.98 0x0000FF
157.21 153.49 67.92 157.09 149.56 67.61 0.98 0x0000FF
157.09 158.28 68.22 157.21 153.49 67.92 0.98 0x0000FF
155.5 164.41 68.67 157.09 158.28 68.22 0.98 0x0000FF
154.38 168.46 69.05 155.5 164.41 68.67 0.98 0x0000FF
151.69 174.23 69.51 154.38 168.46 69.05 0.98 0x0000FF
151.57 178.78 69.73 151.69 174.23 69.51 0.98 0x0000FF
151.19 181.23 69.89 151.57 178.78 69.73 0.98 0x0000FF
150.84 182.58 69.89 151.19 181.23 69.89 0.98 0x0000FF
150.84 182.95 69.95 150.84 182.58 69.89 0.98 0x0000FF
151.15 197.6 70.42 150.84 182.95 69.95 0.98 0x0000FF
151.63 203.01 70.72 151.15 197.6 70.42 0.98 0x0000FF
152.99 210.0 71.02 151.63 203.01 70.72 0.98 0x0000FF
155.69 222.15 71.09 152.99 210.0 71.02 0.98 0x0000FF
156.43 229.4 71.17 155.69 222.15 71.09 0.98 0x0000FF
157.65 236.52 71.33 156.43 229.4 71.17 0.98 0x0000FF
158.13 240.93 71.4 157.65 236.52 71.33 0.98 0x0000FF
158.88 243.27 71.55 158.13 240.93 71.4 0.98 0x0000FF
159.37 244.37 71.63 158.88 243.27 71.55 0.98 0x0000FF
160.75 248.84 71.93 159.37 244.37 71.63 0.92 0x0000FF
160.13 253.75 72.01 160.75 248.84 71.93 0.92 0x0000FF
159.77 255.59 72.01 160.13 253.75 72.01 0.92 0x0000FF
159.4 257.43 72.08 159.77 255.59 72.01 0.92 0x0000FF
158.91 259.14 72.16 159.4 257.43 72.08 0.92 0x0000FF
158.41 261.24 72.31 158.91 259.14 72.16 0.92 0x0000FF
158.41 263.2 72.31 158.41 261.24 72.31 0.92 0x0000FF
158.66 264.92 72.39 158.41 263.2 72.31 0.92 0x0000FF
158.78 281.24 72.45 158.66 264.92 72.39 0.92 0x0000FF
158.91 285.42 72.45 158.78 281.24 72.45 0.795 0x0000FF
160.38 295.12 72.54 158.91 285.42 72.45 0.795 0x0000FF
160.62 298.8 72.54 160.38 295.12 72.54 0.795 0x0000FF
159.77 302.6 72.61 160.62 298.8 72.54 0.795 0x0000FF
158.41 305.3 72.61 159.77 302.6 72.61 0.795 0x0000FF
158.16 305.67 72.61 158.41 305.3 72.61 0.795 0x0000FF
158.21 344.26 73.14 158.16 305.67 72.61 0.795 0x0000FF
159.43 346.35 73.3 158.21 344.26 73.14 0.675 0x0000FF
160.05 347.21 73.75 159.43 346.35 73.3 0.49 0x0000FF
160.29 347.45 73.98 160.05 347.21 73.75 0.49 0x0000FF
160.66 347.95 74.2 160.29 347.45 73.98 0.49 0x0000FF
160.91 348.31 74.36 160.66 347.95 74.2 0.49 0x0000FF
161.27 348.68 74.43 160.91 348.31 74.36 0.49 0x0000FF
161.63 349.3 74.81 161.27 348.68 74.43 0.49 0x0000FF
161.88 349.79 74.95 161.63 349.3 74.81 0.49 0x0000FF
162.01 350.28 74.95 161.88 349.79 74.95 0.49 0x0000FF
162.13 350.65 75.04 162.01 350.28 74.95 0.49 0x0000FF
162.13 351.01 75.27 162.13 350.65 75.04 0.49 0x0000FF
162.13 351.01 76.09 162.13 351.01 75.27 0.49 0x0000FF
162.13 351.01 76.4 162.13 351.01 76.09 0.49 0x0000FF
162.75 351.38 76.48 162.13 351.01 76.4 0.49 0x0000FF
163.11 351.51 76.55 162.75 351.38 76.48 0.49 0x0000FF
163.72 352.0 76.63 163.11 351.51 76.55 0.49 0x0000FF
164.34 352.24 76.7 163.72 352.0 76.63 0.49 0x0000FF
164.95 352.73 76.78 164.34 352.24 76.7 0.49 0x0000FF
165.32 352.98 76.78 164.95 352.73 76.78 0.49 0x0000FF
165.57 353.22 76.78 165.32 352.98 76.78 0.49 0x0000FF
165.94 353.47 77.23 165.57 353.22 76.78 0.49 0x0000FF
166.18 353.84 77.31 165.94 353.47 77.23 0.49 0x0000FF
166.43 354.33 77.45 166.18 353.84 77.31 0.49 0x0000FF
166.55 354.82 77.61 166.43 354.33 77.45 0.49 0x0000FF
167.16 357.52 77.98 166.55 354.82 77.61 0.49 0x0000FF
167.04 358.13 78.06 167.16 357.52 77.98 0.49 0x0000FF
167.04 358.87 78.14 167.04 358.13 78.06 0.49 0x0000FF
167.04 359.48 78.22 167.04 358.87 78.14 0.49 0x0000FF
167.16 359.97 78.3 167.04 359.48 78.22 0.49 0x0000FF
167.28 360.34 78.59 167.16 359.97 78.3 0.49 0x0000FF
167.53 360.83 78.98 167.28 360.34 78.59 0.49 0x0000FF
167.78 361.2 79.13 167.53 360.83 78.98 0.49 0x0000FF
168.51 361.57 79.43 167.78 361.2 79.13 0.49 0x0000FF
169.0 361.82 79.73 168.51 361.57 79.43 0.49 0x0000FF
169.0 361.82 80.04 169.0 361.82 79.73 0.49 0x0000FF
169.37 361.94 80.19 169.0 361.82 80.04 0.49 0x0000FF
169.37 361.94 80.42 169.37 361.94 80.19 0.49 0x0000FF
169.86 362.06 80.72 169.37 361.94 80.42 0.49 0x0000FF
169.98 362.31 81.02 169.86 362.06 80.72 0.49 0x0000FF
170.47 362.8 81.09 169.98 362.31 81.02 0.49 0x0000FF
170.72 363.04 81.17 170.47 362.8 81.09 0.49 0x0000FF
170.96 363.53 81.17 170.72 363.04 81.17 0.49 0x0000FF
170.96 364.03 81.7 170.96 363.53 81.17 0.49 0x0000FF
171.21 364.64 81.86 170.96 364.03 81.7 0.49 0x0000FF
171.21 365.01 81.86 171.21 364.64 81.86 0.49 0x0000FF
171.33 365.38 82.16 171.21 365.01 81.86 0.49 0x0000FF
171.46 365.87 82.61 171.33 365.38 82.16 0.49 0x0000FF
171.58 366.36 82.69 171.46 365.87 82.61 0.49 0x0000FF
171.95 366.6 82.69 171.58 366.36 82.69 0.49 0x0000FF
172.19 367.09 82.69 171.95 366.6 82.69 0.49 0x0000FF
172.85 369.35 82.84 172.19 367.09 82.69 0.49 0x0000FF
173.58 370.21 82.99 172.85 369.35 82.84 0.49 0x0000FF
174.07 370.7 82.99 173.58 370.21 82.99 0.49 0x0000FF
174.69 371.56 82.99 174.07 370.7 82.99 0.49 0x0000FF
175.18 372.42 83.07 174.69 371.56 82.99 0.49 0x0000FF
175.55 373.16 83.07 175.18 372.42 83.07 0.49 0x0000FF
175.91 374.02 83.14 175.55 373.16 83.07 0.49 0x0000FF
176.16 374.63 83.22 175.91 374.02 83.14 0.49 0x0000FF
176.65 376.1 83.45 176.16 374.63 83.22 0.49 0x0000FF
176.9 376.72 83.37 176.65 376.1 83.45 0.49 0x0000FF
177.02 377.45 83.14 176.9 376.72 83.37 0.49 0x0000FF
177.14 377.7 82.92 177.02 377.45 83.14 0.49 0x0000FF
177.26 378.19 82.54 177.14 377.7 82.92 0.49 0x0000FF
177.39 378.56 82.39 177.26 378.19 82.54 0.49 0x0000FF
177.51 379.05 82.23 177.39 378.56 82.39 0.49 0x0000FF
177.63 379.54 81.93 177.51 379.05 82.23 0.49 0x0000FF
178.0 380.15 81.78 177.63 379.54 81.93 0.49 0x0000FF
178.24 381.5 81.78 178.0 380.15 81.78 0.43 0x0000FF
178.74 382.36 81.63 178.24 381.5 81.78 0.43 0x0000FF
179.35 382.98 81.48 178.74 382.36 81.63 0.43 0x0000FF
179.47 383.35 81.4 179.35 382.98 81.48 0.43 0x0000FF
179.96 383.96 81.25 179.47 383.35 81.4 0.43 0x0000FF
180.33 384.57 81.17 179.96 383.96 81.25 0.43 0x0000FF
180.82 385.06 81.09 180.33 384.57 81.17 0.43 0x0000FF
181.43 385.92 80.95 180.82 385.06 81.09 0.43 0x0000FF
182.17 386.78 80.95 181.43 385.92 80.95 0.43 0x0000FF
184.99 390.59 80.79 182.17 386.78 80.95 0.43 0x0000FF
185.24 391.32 80.72 184.99 390.59 80.79 0.43 0x0000FF
185.6 392.43 80.56 185.24 391.32 80.72 0.43 0x0000FF
186.22 393.29 80.42 185.6 392.43 80.56 0.43 0x0000FF
187.2 394.27 80.34 186.22 393.29 80.42 0.43 0x0000FF
187.81 394.76 80.19 187.2 394.27 80.34 0.43 0x0000FF
188.06 395.38 80.19 187.81 394.76 80.19 0.43 0x0000FF
188.3 395.99 80.11 188.06 395.38 80.19 0.43 0x0000FF
188.79 396.73 80.04 188.3 395.99 80.11 0.43 0x0000FF
189.04 397.09 80.04 188.79 396.73 80.04 0.43 0x0000FF
189.9 398.44 79.51 189.04 397.09 80.04 0.43 0x0000FF
190.51 399.43 79.51 189.9 398.44 79.51 0.43 0x0000FF
191.13 400.41 79.51 190.51 399.43 79.51 0.43 0x0000FF
191.62 401.14 79.43 191.13 400.41 79.51 0.43 0x0000FF
192.11 401.76 79.13 191.62 401.14 79.43 0.43 0x0000FF
193.09 402.37 79.13 192.11 401.76 79.13 0.43 0x0000FF
193.95 402.74 78.98 193.09 402.37 79.13 0.37 0x0000FF
157.76 345.54 72.98 158.21 344.26 73.14 0.615 0x0000FF
157.63 346.03 73.22 157.76 345.54 72.98 0.615 0x0000FF
157.51 346.52 73.37 157.63 346.03 73.22 0.615 0x0000FF
157.51 347.26 73.59 157.51 346.52 73.37 0.615 0x0000FF
157.27 347.75 73.67 157.51 347.26 73.59 0.615 0x0000FF
157.02 348.24 73.75 157.27 347.75 73.67 0.615 0x0000FF
156.53 349.59 73.9 157.02 348.24 73.75 0.615 0x0000FF
156.04 350.2 73.98 156.53 349.59 73.9 0.615 0x0000FF
155.55 350.94 74.05 156.04 350.2 73.98 0.615 0x0000FF
154.44 352.17 74.05 155.55 350.94 74.05 0.615 0x0000FF
153.96 353.03 74.2 154.44 352.17 74.05 0.615 0x0000FF
153.47 354.01 74.36 153.96 353.03 74.2 0.615 0x0000FF
153.34 354.5 74.43 153.47 354.01 74.36 0.615 0x0000FF
153.1 354.99 74.51 153.34 354.5 74.43 0.615 0x0000FF
152.85 355.48 74.58 153.1 354.99 74.51 0.615 0x0000FF
152.61 355.97 73.98 152.85 355.48 74.58 0.615 0x0000FF
152.36 356.34 73.83 152.61 355.97 73.98 0.615 0x0000FF
152.12 356.71 73.67 152.36 356.34 73.83 0.615 0x0000FF
151.87 357.32 73.52 152.12 356.71 73.67 0.615 0x0000FF
151.63 358.06 73.52 151.87 357.32 73.52 0.615 0x0000FF
151.5 358.67 73.52 151.63 358.06 73.52 0.615 0x0000FF
150.15 361.37 73.45 151.5 358.67 73.52 0.615 0x0000FF
150.03 362.23 73.37 150.15 361.37 73.45 0.615 0x0000FF
149.54 364.07 73.37 150.03 362.23 73.37 0.615 0x0000FF
149.29 365.18 73.3 149.54 364.07 73.37 0.615 0x0000FF
149.16 365.79 73.22 149.29 365.18 73.3 0.615 0x0000FF
149.05 366.28 73.14 149.16 365.79 73.22 0.615 0x0000FF
149.05 366.41 72.92 149.05 366.28 73.14 0.615 0x0000FF
148.93 367.14 72.45 149.05 366.41 72.92 0.615 0x0000FF
148.68 367.63 72.16 148.93 367.14 72.45 0.615 0x0000FF
148.56 368.25 72.08 148.68 367.63 72.16 0.615 0x0000FF
148.31 368.86 72.08 148.56 368.25 72.08 0.615 0x0000FF
148.19 369.35 71.86 148.31 368.86 72.08 0.615 0x0000FF
148.07 370.21 71.63 148.19 369.35 71.86 0.615 0x0000FF
147.94 370.7 71.4 148.07 370.21 71.63 0.615 0x0000FF
147.94 371.07 71.4 147.94 370.7 71.4 0.615 0x0000FF
147.82 371.69 71.09 147.94 371.07 71.4 0.615 0x0000FF
147.82 372.91 70.95 147.82 371.69 71.09 0.615 0x0000FF
147.69 374.14 70.95 147.82 372.91 70.95 0.615 0x0000FF
147.69 375.0 70.72 147.69 374.14 70.95 0.615 0x0000FF
147.69 375.37 70.48 147.69 375.0 70.72 0.615 0x0000FF
147.69 377.7 70.42 147.69 375.37 70.48 0.615 0x0000FF
147.69 378.68 70.27 147.69 377.7 70.42 0.615 0x0000FF
147.82 380.65 70.11 147.69 378.68 70.27 0.615 0x0000FF
147.69 382.12 71.02 147.82 380.65 70.11 0.615 0x0000FF
147.69 382.36 71.33 147.69 382.12 71.02 0.615 0x0000FF
147.69 382.49 70.27 147.69 382.36 71.33 0.615 0x0000FF
147.69 382.86 69.95 147.69 382.49 70.27 0.615 0x0000FF
147.82 383.47 69.28 147.69 382.86 69.95 0.615 0x0000FF
147.94 383.84 69.2 147.82 383.47 69.28 0.615 0x0000FF
148.44 384.45 68.83 147.94 383.84 69.2 0.615 0x0000FF
148.56 384.82 68.75 148.44 384.45 68.83 0.615 0x0000FF
148.93 385.06 68.3 148.56 384.82 68.75 0.615 0x0000FF
149.54 386.17 68.14 148.93 385.06 68.3 0.615 0x0000FF
149.79 387.03 67.98 149.54 386.17 68.14 0.615 0x0000FF
149.91 387.52 67.98 149.79 387.03 67.98 0.615 0x0000FF
149.91 387.89 67.77 149.91 387.52 67.98 0.615 0x0000FF
150.03 388.38 67.31 149.91 387.89 67.77 0.615 0x0000FF
149.91 389.36 67.16 150.03 388.38 67.31 0.615 0x0000FF
149.79 389.85 66.78 149.91 389.36 67.16 0.615 0x0000FF
149.54 391.57 66.33 149.79 389.85 66.78 0.615 0x0000FF
149.29 392.06 66.09 149.54 391.57 66.33 0.615 0x0000FF
148.93 392.8 65.95 149.29 392.06 66.09 0.615 0x0000FF
148.56 393.04 65.8 148.93 392.8 65.95 0.615 0x0000FF
146.22 397.71 65.64 148.56 393.04 65.8 0.43 0x0000FF
145.97 398.44 65.64 146.22 397.71 65.64 0.43 0x0000FF
145.61 399.18 65.48 145.97 398.44 65.64 0.43 0x0000FF
145.37 399.43 66.93 145.61 399.18 65.48 0.43 0x0000FF
145.25 400.16 67.01 145.37 399.43 66.93 0.43 0x0000FF
144.88 400.9 67.39 145.25 400.16 67.01 0.43 0x0000FF
144.88 401.27 68.06 144.88 400.9 67.39 0.43 0x0000FF
144.76 401.76 68.75 144.88 401.27 68.06 0.43 0x0000FF
144.76 402.25 68.9 144.76 401.76 68.75 0.43 0x0000FF
144.63 402.99 69.13 144.76 402.25 68.9 0.43 0x0000FF
144.63 403.35 69.36 144.63 402.99 69.13 0.43 0x0000FF
144.63 403.97 69.51 144.63 403.35 69.36 0.43 0x0000FF
144.63 404.83 69.81 144.63 403.97 69.51 0.43 0x0000FF
144.51 405.2 70.19 144.63 404.83 69.81 0.43 0x0000FF
144.38 406.05 70.56 144.51 405.2 70.19 0.43 0x0000FF
144.38 406.91 70.64 144.38 406.05 70.56 0.43 0x0000FF
144.27 407.9 70.8 144.38 406.91 70.64 0.43 0x0000FF
144.02 408.75 70.95 144.27 407.9 70.8 0.43 0x0000FF
143.77 409.49 71.02 144.02 408.75 70.95 0.43 0x0000FF
143.41 410.35 71.09 143.77 409.49 71.02 0.43 0x0000FF
142.91 411.09 71.09 143.41 410.35 71.09 0.43 0x0000FF
142.18 412.19 71.17 142.91 411.09 71.09 0.43 0x0000FF
141.44 413.3 71.4 142.18 412.19 71.17 0.43 0x0000FF
140.83 413.79 71.48 141.44 413.3 71.4 0.43 0x0000FF
139.97 414.28 71.55 140.83 413.79 71.48 0.43 0x0000FF
139.24 414.89 71.63 139.97 414.28 71.55 0.43 0x0000FF
138.5 415.51 71.7 139.24 414.89 71.63 0.43 0x0000FF
138.13 415.75 71.78 138.5 415.51 71.7 0.43 0x0000FF
137.52 416.12 71.86 138.13 415.75 71.78 0.43 0x0000FF
136.78 416.37 72.01 137.52 416.12 71.86 0.43 0x0000FF
135.91 416.61 72.23 136.78 416.37 72.01 0.43 0x0000FF
135.68 416.73 72.54 135.91 416.61 72.23 0.43 0x0000FF
135.43 416.86 73.3 135.68 416.73 72.54 0.43 0x0000FF
134.57 418.21 74.2 135.43 416.86 73.3 0.43 0x0000FF
134.08 418.82 74.51 134.57 418.21 74.2 0.43 0x0000FF
133.96 419.43 74.73 134.08 418.82 74.51 0.43 0x0000FF
133.72 419.8 74.89 133.96 419.43 74.73 0.43 0x0000FF
132.97 421.27 75.8 133.72 419.8 74.89 0.43 0x0000FF
132.37 421.52 76.17 132.97 421.27 75.8 0.43 0x0000FF
131.63 422.01 76.33 132.37 421.52 76.17 0.37 0x0000FF
131.02 422.63 76.7 131.63 422.01 76.33 0.37 0x0000FF
130.65 423.12 77.01 131.02 422.63 76.7 0.37 0x0000FF
130.28 423.61 77.31 130.65 423.12 77.01 0.37 0x0000FF
129.79 423.98 77.84 130.28 423.61 77.31 0.37 0x0000FF
129.41 424.47 78.14 129.79 423.98 77.84 0.37 0x0000FF
129.18 424.96 78.22 129.41 424.47 78.14 0.37 0x0000FF
128.81 425.33 78.37 129.18 424.96 78.22 0.37 0x0000FF
128.32 425.94 78.37 128.81 425.33 78.37 0.37 0x0000FF
127.46 426.55 78.45 128.32 425.94 78.37 0.37 0x0000FF
126.85 426.68 78.52 127.46 426.55 78.45 0.37 0x0000FF
125.5 426.68 78.52 126.85 426.68 78.52 0.245 0x0000FF
125.25 427.04 78.52 125.5 426.68 78.52 0.245 0x0000FF
124.88 427.54 78.67 125.25 427.04 78.52 0.245 0x0000FF
124.64 428.03 78.75 124.88 427.54 78.67 0.245 0x0000FF
124.39 428.52 78.75 124.64 428.03 78.75 0.245 0x0000FF
123.24 429.73 79.51 124.39 428.52 78.75 0.245 0x0000FF
