43.67 34.89 9.21 50.69 40.67 2.04 0.86 0x0000FF
42.93 35.14 9.21 43.67 34.89 9.21 0.86 0x0000FF
42.57 35.02 9.44 42.93 35.14 9.21 0.86 0x0000FF
42.32 35.02 10.03 42.57 35.02 9.44 0.86 0x0000FF
41.95 34.65 10.88 42.32 35.02 10.03 0.86 0x0000FF
41.71 34.53 10.95 41.95 34.65 10.88 0.86 0x0000FF
41.34 34.4 11.18 41.71 34.53 10.95 0.86 0x0000FF
41.22 34.4 11.79 41.34 34.4 11.18 0.86 0x0000FF
40.97 34.28 12.47 41.22 34.4 11.79 0.86 0x0000FF
40.6 34.15 13.15 40.97 34.28 12.47 0.86 0x0000FF
40.47 34.04 13.6 40.6 34.15 13.15 0.86 0x0000FF
40.24 33.9 14.29 40.47 34.04 13.6 0.86 0x0000FF
39.99 33.79 14.67 40.24 33.9 14.29 0.86 0x0000FF
39.61 33.79 14.89 39.99 33.79 14.67 0.86 0x0000FF
39.25 33.79 15.04 39.61 33.79 14.89 0.86 0x0000FF
38.76 33.9 15.2 39.25 33.79 15.04 0.86 0x0000FF
38.27 34.04 15.42 38.76 33.9 15.2 0.86 0x0000FF
37.65 34.28 15.65 38.27 34.04 15.42 0.86 0x0000FF
37.54 34.28 16.86 37.65 34.28 15.65 0.86 0x0000FF
37.4 34.4 17.7 37.54 34.28 16.86 0.86 0x0000FF
37.29 34.4 18.14 37.4 34.4 17.7 0.86 0x0000FF
37.04 34.4 18.14 37.29 34.4 18.14 0.86 0x0000FF
35.94 34.65 20.42 37.04 34.4 18.14 0.795 0x0000FF
35.45 34.53 20.88 35.94 34.65 20.42 0.795 0x0000FF
35.33 34.53 20.42 35.45 34.53 20.88 0.795 0x0000FF
34.96 34.53 19.05 35.33 34.53 20.42 0.795 0x0000FF
34.59 34.4 18.82 34.96 34.53 19.05 0.795 0x0000FF
34.59 34.4 18.45 34.59 34.4 18.82 0.795 0x0000FF
34.47 34.4 18.14 34.59 34.4 18.45 0.795 0x0000FF
33.97 34.28 17.54 34.47 34.4 18.14 0.795 0x0000FF
33.49 34.28 17.32 33.97 34.28 17.54 0.795 0x0000FF
33.24 34.15 16.86 33.49 34.28 17.32 0.795 0x0000FF
31.04 33.04 16.86 33.24 34.15 16.86 0.795 0x0000FF
30.05 32.69 17.01 31.04 33.04 16.86 0.795 0x0000FF
29.32 32.44 17.23 30.05 32.69 17.01 0.795 0x0000FF
29.07 32.19 17.39 29.32 32.44 17.23 0.795 0x0000FF
29.2 29.37 18.82 29.07 32.19 17.39 0.49 0x0000FF
29.07 28.51 19.51 29.2 29.37 18.82 0.37 0x0000FF
28.95 28.27 19.73 29.07 28.51 19.51 0.37 0x0000FF
28.34 27.65 19.89 28.95 28.27 19.73 0.37 0x0000FF
28.58 27.16 20.12 28.34 27.65 19.89 0.37 0x0000FF
28.83 26.67 20.35 28.58 27.16 20.12 0.37 0x0000FF
28.83 26.3 20.73 28.83 26.67 20.35 0.37 0x0000FF
28.58 24.71 22.62 28.83 26.3 20.73 0.37 0x0000FF
28.58 24.22 23.07 28.58 24.71 22.62 0.37 0x0000FF
28.34 23.6 23.3 28.58 24.22 23.07 0.37 0x0000FF
28.34 23.11 23.76 28.34 23.6 23.3 0.37 0x0000FF
27.85 20.41 24.82 28.34 23.11 23.76 0.37 0x0000FF
27.85 19.18 24.89 27.85 20.41 24.82 0.37 0x0000FF
27.97 18.2 24.97 27.85 19.18 24.89 0.37 0x0000FF
27.97 17.59 25.04 27.97 18.2 24.97 0.37 0x0000FF
28.09 16.85 25.19 27.97 17.59 25.04 0.37 0x0000FF
28.09 16.61 25.5 28.09 16.85 25.19 0.37 0x0000FF
28.34 16.36 25.57 28.09 16.61 25.5 0.37 0x0000FF
28.09 15.26 25.65 28.34 16.36 25.57 0.37 0x0000FF
28.09 14.89 25.65 28.09 15.26 25.65 0.37 0x0000FF
28.09 14.52 26.18 28.09 14.89 25.65 0.37 0x0000FF
28.09 14.03 26.79 28.09 14.52 26.18 0.37 0x0000FF
28.09 13.05 26.79 28.09 14.03 26.79 0.37 0x0000FF
27.97 12.31 26.79 28.09 13.05 26.79 0.37 0x0000FF
27.85 11.57 26.79 27.97 12.31 26.79 0.37 0x0000FF
27.85 10.84 26.86 27.85 11.57 26.79 0.37 0x0000FF
27.72 10.22 27.32 27.85 10.84 26.86 0.37 0x0000FF
27.6 9.61 27.54 27.72 10.22 27.32 0.37 0x0000FF
27.6 9.0 27.62 27.6 9.61 27.54 0.37 0x0000FF
27.6 8.26 27.77 27.6 9.0 27.62 0.37 0x0000FF
27.6 7.77 28.0 27.6 8.26 27.77 0.37 0x0000FF
27.48 7.28 28.15 27.6 7.77 28.0 0.37 0x0000FF
27.36 7.03 28.15 27.48 7.28 28.15 0.37 0x0000FF
27.36 6.79 28.75 27.36 7.03 28.15 0.37 0x0000FF
27.11 6.54 29.06 27.36 6.79 28.75 0.37 0x0000FF
27.11 6.05 29.21 27.11 6.54 29.06 0.37 0x0000FF
26.99 5.56 29.36 27.11 6.05 29.21 0.37 0x0000FF
26.86 5.07 29.44 26.99 5.56 29.36 0.37 0x0000FF
26.86 4.45 29.51 26.86 5.07 29.44 0.37 0x0000FF
26.74 3.96 29.74 26.86 4.45 29.51 0.37 0x0000FF
26.74 3.59 29.97 26.74 3.96 29.74 0.37 0x0000FF
26.74 2.74 30.04 26.74 3.59 29.97 0.37 0x0000FF
26.86 0.77 30.72 26.74 2.74 30.04 0.37 0x0000FF
26.86 0.03 30.8 26.86 0.77 30.72 0.37 0x0000FF
26.99 -1.07 30.95 26.86 0.03 30.8 0.37 0x0000FF
26.99 -2.29 31.03 26.99 -1.07 30.95 0.37 0x0000FF
26.99 -2.91 31.25 26.99 -2.29 31.03 0.37 0x0000FF
26.86 -4.01 31.33 26.99 -2.91 31.25 0.37 0x0000FF
26.5 -5.12 31.48 26.86 -4.01 31.33 0.37 0x0000FF
26.25 -5.86 31.56 26.5 -5.12 31.48 0.37 0x0000FF
26.25 -6.35 31.63 26.25 -5.86 31.56 0.37 0x0000FF
26.25 -8.31 32.39 26.25 -6.35 31.63 0.37 0x0000FF
26.25 -8.8 32.39 26.25 -8.31 32.39 0.37 0x0000FF
25.76 -9.42 32.47 26.25 -8.8 32.39 0.37 0x0000FF
25.39 -10.28 32.61 25.76 -9.42 32.47 0.37 0x0000FF
24.81 -12.27 33.83 25.39 -10.28 32.61 0.37 0x0000FF
24.19 -12.88 34.06 24.81 -12.27 33.83 0.37 0x0000FF
23.95 -13.13 34.28 24.19 -12.88 34.06 0.37 0x0000FF
22.84 -13.87 34.89 23.95 -13.13 34.28 0.37 0x0000FF
22.48 -14.36 34.97 22.84 -13.87 34.89 0.37 0x0000FF
22.11 -14.85 35.04 22.48 -14.36 34.97 0.37 0x0000FF
22.11 -15.59 35.19 22.11 -14.85 35.04 0.37 0x0000FF
22.23 -16.07 35.19 22.11 -15.59 35.19 0.37 0x0000FF
22.23 -17.3 35.5 22.23 -16.07 35.19 0.37 0x0000FF
22.11 -17.92 35.57 22.23 -17.3 35.5 0.37 0x0000FF
21.99 -18.16 35.72 22.11 -17.92 35.57 0.37 0x0000FF
21.49 -18.78 36.33 21.99 -18.16 35.72 0.37 0x0000FF
21.25 -19.14 36.56 21.49 -18.78 36.33 0.37 0x0000FF
20.76 -19.76 36.78 21.25 -19.14 36.56 0.37 0x0000FF
20.27 -20.13 37.09 20.76 -19.76 36.78 0.37 0x0000FF
19.89 -20.37 37.77 20.27 -20.13 37.09 0.37 0x0000FF
19.64 -20.74 38.29 19.89 -20.37 37.77 0.37 0x0000FF
19.04 -21.48 38.22 19.64 -20.74 38.29 0.37 0x0000FF
18.67 -21.85 38.29 19.04 -21.48 38.22 0.37 0x0000FF
18.3 -22.34 39.06 18.67 -21.85 38.29 0.37 0x0000FF
18.18 -22.58 39.44 18.3 -22.34 39.06 0.37 0x0000FF
17.69 -23.44 40.04 18.18 -22.58 39.44 0.37 0x0000FF
17.8 -23.93 40.27 17.69 -23.44 40.04 0.37 0x0000FF
17.8 -25.41 40.65 17.8 -23.93 40.27 0.37 0x0000FF
17.8 -26.39 40.79 17.8 -25.41 40.65 0.37 0x0000FF
17.2 -27.37 40.79 17.8 -26.39 40.79 0.37 0x0000FF
16.71 -28.23 40.79 17.2 -27.37 40.79 0.37 0x0000FF
15.73 -29.7 40.79 16.71 -28.23 40.79 0.37 0x0000FF
15.12 -30.56 41.18 15.73 -29.7 40.79 0.37 0x0000FF
14.62 -31.42 41.48 15.12 -30.56 41.18 0.37 0x0000FF
9.1 -38.65 43.22 14.62 -31.42 41.48 0.37 0x0000FF
7.51 -42.71 43.53 9.1 -38.65 43.22 0.37 0x0000FF
6.65 -48.97 44.36 7.51 -42.71 43.53 0.37 0x0000FF
6.41 -51.18 45.04 6.65 -48.97 44.36 0.37 0x0000FF
5.92 -54.5 45.57 6.41 -51.18 45.04 0.37 0x0000FF
4.93 -59.65 47.62 5.92 -54.5 45.57 0.37 0x0000FF
4.08 -63.95 48.0 4.93 -59.65 47.62 0.37 0x0000FF
2.97 -67.38 48.3 4.08 -63.95 48.0 0.37 0x0000FF
2.97 -69.47 49.06 2.97 -67.38 48.3 0.37 0x0000FF
3.34 -70.7 49.36 2.97 -69.47 49.06 0.37 0x0000FF
3.82 -71.86 49.21 3.34 -70.7 49.36 0.37 0x0000FF
4.44 -73.08 48.75 3.82 -71.86 49.21 0.37 0x0000FF
4.68 -73.58 47.77 4.44 -73.08 48.75 0.37 0x0000FF
5.3 -74.93 47.01 4.68 -73.58 47.77 0.37 0x0000FF
5.66 -75.29 46.4 5.3 -74.93 47.01 0.37 0x0000FF
6.4 -76.4 46.4 5.66 -75.29 46.4 0.37 0x0000FF
28.34 31.7 18.82 29.07 32.19 17.39 0.55 0x0000FF
28.1 31.21 19.29 28.34 31.7 18.82 0.55 0x0000FF
26.99 30.96 19.89 28.1 31.21 19.29 0.55 0x0000FF
24.66 30.47 20.12 26.99 30.96 19.89 0.55 0x0000FF
22.82 30.22 20.42 24.66 30.47 20.12 0.55 0x0000FF
20.61 29.73 21.18 22.82 30.22 20.42 0.55 0x0000FF
19.63 29.61 21.63 20.61 29.73 21.18 0.55 0x0000FF
19.02 29.49 22.01 19.63 29.61 21.63 0.55 0x0000FF
18.28 29.12 23.98 19.02 29.49 22.01 0.55 0x0000FF
17.3 29.12 24.44 18.28 29.12 23.98 0.55 0x0000FF
16.57 28.87 25.04 17.3 29.12 24.44 0.55 0x0000FF
16.57 28.87 25.35 16.57 28.87 25.04 0.55 0x0000FF
15.83 28.38 24.74 16.57 28.87 25.35 0.55 0x0000FF
15.58 28.38 23.91 15.83 28.38 24.74 0.55 0x0000FF
15.09 28.14 23.3 15.58 28.38 23.91 0.55 0x0000FF
15.09 28.14 22.39 15.09 28.14 23.3 0.55 0x0000FF
14.85 28.14 21.79 15.09 28.14 22.39 0.55 0x0000FF
14.36 28.14 21.48 14.85 28.14 21.79 0.55 0x0000FF
13.99 28.87 21.26 14.36 28.14 21.48 0.37 0x0000FF
13.62 29.24 20.65 13.99 28.87 21.26 0.37 0x0000FF
13.13 29.24 22.09 13.62 29.24 20.65 0.37 0x0000FF
12.52 29.61 23.07 13.13 29.24 22.09 0.245 0x0000FF
12.27 29.61 23.6 12.52 29.61 23.07 0.245 0x0000FF
12.03 29.49 22.85 12.27 29.61 23.6 0.245 0x0000FF
11.9 29.49 22.24 12.03 29.49 22.85 0.245 0x0000FF
11.9 29.49 21.94 11.9 29.49 22.24 0.245 0x0000FF
11.78 29.49 21.33 11.9 29.49 21.94 0.245 0x0000FF
11.54 29.73 20.88 11.78 29.49 21.33 0.245 0x0000FF
11.29 30.1 20.65 11.54 29.73 20.88 0.245 0x0000FF
11.17 30.47 20.5 11.29 30.1 20.65 0.245 0x0000FF
11.05 30.96 20.04 11.17 30.47 20.5 0.245 0x0000FF
10.92 31.33 19.89 11.05 30.96 20.04 0.245 0x0000FF
10.8 31.94 19.73 10.92 31.33 19.89 0.245 0x0000FF
10.56 32.56 19.59 10.8 31.94 19.73 0.245 0x0000FF
10.06 33.29 19.44 10.56 32.56 19.59 0.245 0x0000FF
9.57 33.42 19.36 10.06 33.29 19.44 0.245 0x0000FF
13.74 27.89 21.71 14.36 28.14 21.48 0.43 0x0000FF
13.01 27.28 21.71 13.74 27.89 21.71 0.43 0x0000FF
12.89 27.16 21.48 13.01 27.28 21.71 0.43 0x0000FF
12.52 26.91 21.41 12.89 27.16 21.48 0.43 0x0000FF
11.78 26.42 21.41 12.52 26.91 21.41 0.43 0x0000FF
11.41 26.05 21.41 11.78 26.42 21.41 0.43 0x0000FF
10.92 25.56 21.33 11.41 26.05 21.41 0.43 0x0000FF
10.56 25.44 20.95 10.92 25.56 21.33 0.43 0x0000FF
10.06 25.31 21.18 10.56 25.44 20.95 0.43 0x0000FF
9.57 25.19 21.86 10.06 25.31 21.18 0.43 0x0000FF
8.96 25.07 22.01 9.57 25.19 21.86 0.43 0x0000FF
8.35 25.19 22.01 8.96 25.07 22.01 0.43 0x0000FF
7.61 25.19 22.01 8.35 25.19 22.01 0.43 0x0000FF
7.0 25.31 22.47 7.61 25.19 22.01 0.43 0x0000FF
6.14 25.44 22.69 7.0 25.31 22.47 0.43 0x0000FF
5.28 25.56 23.22 6.14 25.44 22.69 0.43 0x0000FF
4.67 25.56 23.38 5.28 25.56 23.22 0.43 0x0000FF
3.93 25.56 23.6 4.67 25.56 23.38 0.43 0x0000FF
3.07 25.31 23.6 3.93 25.56 23.6 0.43 0x0000FF
1.6 24.7 24.36 3.07 25.31 23.6 0.305 0x0000FF
0.99 24.46 24.51 1.6 24.7 24.36 0.305 0x0000FF
0.25 24.09 24.59 0.99 24.46 24.51 0.305 0x0000FF
-1.59 23.35 24.59 0.25 24.09 24.59 0.305 0x0000FF
-2.82 22.86 24.74 -1.59 23.35 24.59 0.305 0x0000FF
-3.8 22.37 24.89 -2.82 22.86 24.74 0.305 0x0000FF
-6.99 20.28 24.82 -3.8 22.37 24.89 0.305 0x0000FF
-10.67 18.32 24.89 -6.99 20.28 24.82 0.305 0x0000FF
-14.71 16.72 24.97 -10.67 18.32 24.89 0.305 0x0000FF
-20.6 14.14 25.19 -14.71 16.72 24.97 0.305 0x0000FF
-25.26 12.43 25.5 -20.6 14.14 25.19 0.305 0x0000FF
-27.35 11.32 25.57 -25.26 12.43 25.5 0.305 0x0000FF
-28.33 8.38 25.57 -27.35 11.32 25.57 0.305 0x0000FF
-33.36 1.26 26.25 -28.33 8.38 25.57 0.305 0x0000FF
-35.57 -0.59 26.25 -33.36 1.26 26.25 0.305 0x0000FF
-37.65 -2.54 26.48 -35.57 -0.59 26.25 0.305 0x0000FF
-38.27 -4.13 25.88 -37.65 -2.54 26.48 0.305 0x0000FF
-39.61 -5.13 24.97 -38.27 -4.13 25.88 0.305 0x0000FF
-46.24 -10.77 24.66 -39.61 -5.13 24.97 0.305 0x0000FF
-48.33 -15.07 24.13 -46.24 -10.77 24.66 0.305 0x0000FF
-50.53 -17.89 23.53 -48.33 -15.07 24.13 0.305 0x0000FF
-52.37 -18.87 23.3 -50.53 -17.89 23.53 0.305 0x0000FF
44.17 31.33 1.26 50.69 40.67 2.04 1.35 0x0000FF
43.8 31.08 0.35 44.17 31.33 1.26 1.35 0x0000FF
43.68 30.84 0.05 43.8 31.08 0.35 1.35 0x0000FF
43.43 30.72 -0.64 43.68 30.84 0.05 1.35 0x0000FF
43.19 30.72 -1.24 43.43 30.72 -0.64 1.35 0x0000FF
42.33 30.72 -1.47 43.19 30.72 -1.24 1.35 0x0000FF
41.96 30.47 -1.55 42.33 30.72 -1.47 1.35 0x0000FF
41.59 30.1 -2.23 41.96 30.47 -1.55 1.35 0x0000FF
41.22 29.86 -2.23 41.59 30.1 -2.23 1.35 0x0000FF
40.49 29.49 -2.23 41.22 29.86 -2.23 1.35 0x0000FF
40.11 29.12 -2.29 40.49 29.49 -2.23 1.35 0x0000FF
39.63 28.75 -2.45 40.11 29.12 -2.29 1.35 0x0000FF
39.26 28.63 -2.45 39.63 28.75 -2.45 1.35 0x0000FF
39.14 28.51 -2.45 39.26 28.63 -2.45 1.35 0x0000FF
38.03 28.87 0.2 39.14 28.51 -2.45 0.675 0x0000FF
37.29 29.24 -0.48 38.03 28.87 0.2 0.675 0x0000FF
36.81 29.49 -1.32 37.29 29.24 -0.48 0.675 0x0000FF
36.19 29.98 -2.29 36.81 29.49 -1.32 0.675 0x0000FF
32.76 29.49 -2.38 36.19 29.98 -2.29 0.615 0x0000FF
32.39 29.37 -2.52 32.76 29.49 -2.38 0.615 0x0000FF
29.94 29.49 -2.76 32.39 29.37 -2.52 0.49 0x0000FF
28.22 29.24 -2.76 29.94 29.49 -2.76 0.49 0x0000FF
24.54 29.12 -3.06 28.22 29.24 -2.76 0.49 0x0000FF
21.35 29.12 -3.06 24.54 29.12 -3.06 0.49 0x0000FF
19.14 29.61 -3.06 21.35 29.12 -3.06 0.49 0x0000FF
16.8 29.12 -3.21 19.14 29.61 -3.06 0.49 0x0000FF
15.71 28.51 -2.76 16.8 29.12 -3.21 0.49 0x0000FF
13.13 27.52 -2.52 15.71 28.51 -2.76 0.49 0x0000FF
10.56 26.42 -2.15 13.13 27.52 -2.52 0.49 0x0000FF
9.08 25.44 -1.92 10.56 26.42 -2.15 0.49 0x0000FF
7.61 24.7 -1.92 9.08 25.44 -1.92 0.49 0x0000FF
6.75 24.58 -1.62 7.61 24.7 -1.92 0.49 0x0000FF
5.4 24.33 -1.39 6.75 24.58 -1.62 0.49 0x0000FF
3.32 24.82 -1.39 5.4 24.33 -1.39 0.49 0x0000FF
1.23 25.81 -2.52 3.32 24.82 -1.39 0.49 0x0000FF
-1.71 26.91 -2.45 1.23 25.81 -2.52 0.49 0x0000FF
-5.01 27.03 -2.45 -1.71 26.91 -2.45 0.49 0x0000FF
-11.16 25.93 -2.76 -5.01 27.03 -2.45 0.49 0x0000FF
-15.7 25.56 -2.83 -11.16 25.93 -2.76 0.43 0x0000FF
-17.54 25.19 -3.06 -15.7 25.56 -2.83 0.43 0x0000FF
-19.73 24.58 -3.21 -17.54 25.19 -3.06 0.43 0x0000FF
-22.81 23.47 -3.59 -19.73 24.58 -3.21 0.43 0x0000FF
-25.14 22.49 -3.89 -22.81 23.47 -3.59 0.43 0x0000FF
-26.86 21.39 -3.97 -25.14 22.49 -3.89 0.43 0x0000FF
-30.42 20.04 -3.97 -26.86 21.39 -3.97 0.43 0x0000FF
-32.75 19.42 -4.05 -30.42 20.04 -3.97 0.43 0x0000FF
-35.45 19.05 -4.42 -32.75 19.42 -4.05 0.43 0x0000FF
-36.54 19.18 -4.8 -35.45 19.05 -4.42 0.43 0x0000FF
-39.49 19.55 -6.85 -36.54 19.18 -4.8 0.43 0x0000FF
-40.84 19.05 -7.68 -39.49 19.55 -6.85 0.305 0x0000FF
-43.42 18.93 -8.21 -40.84 19.05 -7.68 0.305 0x0000FF
-46.98 18.93 -8.74 -43.42 18.93 -8.21 0.305 0x0000FF
-50.53 17.95 -8.74 -46.98 18.93 -8.74 0.305 0x0000FF
-53.11 17.46 -9.57 -50.53 17.95 -8.74 0.305 0x0000FF
-53.6 17.21 -9.65 -53.11 17.46 -9.57 0.305 0x0000FF
-56.18 16.85 -11.47 -53.6 17.21 -9.65 0.305 0x0000FF
-59.45 16.53 -13.29 -56.18 16.85 -11.47 0.305 0x0000FF
-61.16 15.06 -13.44 -59.45 16.53 -13.29 0.305 0x0000FF
38.96 27.55 -1.85 39.14 28.51 -2.45 0.86 0x0000FF
38.71 27.06 -1.77 38.96 27.55 -1.85 0.86 0x0000FF
38.22 26.32 -1.62 38.71 27.06 -1.77 0.675 0x0000FF
38.1 26.07 -1.55 38.22 26.32 -1.62 0.675 0x0000FF
37.85 25.71 -1.39 38.1 26.07 -1.55 0.675 0x0000FF
37.61 25.34 -1.32 37.85 25.71 -1.39 0.675 0x0000FF
37.72 25.09 -1.32 37.61 25.34 -1.32 0.675 0x0000FF
37.36 24.72 -1.24 37.72 25.09 -1.32 0.675 0x0000FF
36.99 23.86 -1.32 37.36 24.72 -1.24 0.675 0x0000FF
36.5 22.27 -1.32 36.99 23.86 -1.32 0.49 0x0000FF
36.26 20.92 -1.32 36.5 22.27 -1.32 0.49 0x0000FF
35.52 19.8 -1.32 36.26 20.92 -1.32 0.49 0x0000FF
34.65 19.2 -0.79 35.52 19.8 -1.32 0.49 0x0000FF
32.21 15.52 -0.41 34.65 19.2 -0.79 0.49 0x0000FF
30.61 13.68 -0.33 32.21 15.52 -0.41 0.49 0x0000FF
29.51 12.33 0.27 30.61 13.68 -0.33 0.49 0x0000FF
27.3 10.24 0.8 29.51 12.33 0.27 0.49 0x0000FF
24.24 6.8 1.03 27.3 10.24 0.8 0.49 0x0000FF
22.27 4.84 -0.41 24.24 6.8 1.03 0.49 0x0000FF
19.21 1.77 0.35 22.27 4.84 -0.41 0.49 0x0000FF
16.26 -1.91 1.94 19.21 1.77 0.35 0.49 0x0000FF
15.16 -3.88 4.51 16.26 -1.91 1.94 0.49 0x0000FF
13.93 -6.21 0.42 15.16 -3.88 4.51 0.49 0x0000FF
13.32 -7.07 0.42 13.93 -6.21 0.42 0.49 0x0000FF
13.2 -7.31 -0.33 13.32 -7.07 0.42 0.49 0x0000FF
12.46 -8.42 -0.64 13.2 -7.31 -0.33 0.305 0x0000FF
12.09 -8.91 -0.71 12.46 -8.42 -0.64 0.305 0x0000FF
11.85 -9.77 -0.94 12.09 -8.91 -0.71 0.305 0x0000FF
11.6 -10.38 -1.09 11.85 -9.77 -0.94 0.305 0x0000FF
10.86 -12.1 -1.09 11.6 -10.38 -1.09 0.305 0x0000FF
7.68 -16.89 -1.17 10.86 -12.1 -1.09 0.185 0x0000FF
38.1 24.48 -5.26 37.72 25.09 -1.32 0.43 0x0000FF
38.22 24.36 -6.09 38.1 24.48 -5.26 0.43 0x0000FF
38.34 24.11 -6.17 38.22 24.36 -6.09 0.43 0x0000FF
38.34 23.86 -6.32 38.34 24.11 -6.17 0.43 0x0000FF
38.34 23.74 -7.0 38.34 23.86 -6.32 0.43 0x0000FF
38.47 23.5 -7.38 38.34 23.74 -7.0 0.43 0x0000FF
38.59 23.13 -7.61 38.47 23.5 -7.38 0.43 0x0000FF
38.59 22.64 -7.98 38.59 23.13 -7.61 0.43 0x0000FF
38.71 22.15 -7.98 38.59 22.64 -7.98 0.43 0x0000FF
38.83 21.78 -8.21 38.71 22.15 -7.98 0.43 0x0000FF
39.08 21.41 -8.82 38.83 21.78 -8.21 0.43 0x0000FF
39.08 21.16 -9.35 39.08 21.41 -8.82 0.43 0x0000FF
39.2 20.8 -9.73 39.08 21.16 -9.35 0.43 0x0000FF
39.32 20.43 -9.94 39.2 20.8 -9.73 0.43 0x0000FF
39.45 20.05 -10.41 39.32 20.43 -9.94 0.43 0x0000FF
39.69 19.57 -10.79 39.45 20.05 -10.41 0.43 0x0000FF
39.81 19.2 -10.79 39.69 19.57 -10.79 0.43 0x0000FF
40.06 18.59 -11.32 39.81 19.2 -10.79 0.43 0x0000FF
40.43 18.1 -11.62 40.06 18.59 -11.32 0.43 0x0000FF
40.79 17.48 -12.07 40.43 18.1 -11.62 0.43 0x0000FF
40.92 16.98 -12.3 40.79 17.48 -12.07 0.43 0x0000FF
41.41 15.52 -12.76 40.92 16.98 -12.3 0.43 0x0000FF
41.78 14.66 -12.76 41.41 15.52 -12.76 0.43 0x0000FF
42.15 14.05 -12.83 41.78 14.66 -12.76 0.43 0x0000FF
42.64 13.55 -13.29 42.15 14.05 -12.83 0.43 0x0000FF
42.88 12.94 -13.89 42.64 13.55 -13.29 0.43 0x0000FF
43.62 12.2 -14.2 42.88 12.94 -13.89 0.43 0x0000FF
44.11 11.59 -14.35 43.62 12.2 -14.2 0.43 0x0000FF
44.6 11.1 -14.65 44.11 11.59 -14.35 0.43 0x0000FF
44.72 10.85 -14.88 44.6 11.1 -14.65 0.43 0x0000FF
44.97 10.49 -15.1 44.72 10.85 -14.88 0.43 0x0000FF
45.46 10.24 -15.56 44.97 10.49 -15.1 0.43 0x0000FF
43.13 32.21 7.39 50.69 40.67 2.04 0.615 0x0000FF
42.02 31.35 7.39 43.13 32.21 7.39 0.615 0x0000FF
41.53 30.86 7.39 42.02 31.35 7.39 0.615 0x0000FF
40.54 30.49 7.39 41.53 30.86 7.39 0.615 0x0000FF
40.06 30.25 7.39 40.54 30.49 7.39 0.615 0x0000FF
39.32 30.0 7.39 40.06 30.25 7.39 0.615 0x0000FF
37.61 29.39 7.32 39.32 30.0 7.39 0.615 0x0000FF
36.99 29.27 7.01 37.61 29.39 7.32 0.615 0x0000FF
36.75 29.02 6.94 36.99 29.27 7.01 0.615 0x0000FF
36.01 28.9 6.79 36.75 29.02 6.94 0.615 0x0000FF
35.52 28.77 6.86 36.01 28.9 6.79 0.615 0x0000FF
34.65 28.41 7.92 35.52 28.77 6.86 0.615 0x0000FF
33.79 28.16 8.23 34.65 28.41 7.92 0.615 0x0000FF
33.44 28.04 8.38 33.79 28.16 8.23 0.615 0x0000FF
32.58 27.79 8.52 33.44 28.04 8.38 0.615 0x0000FF
31.47 27.42 8.52 32.58 27.79 8.52 0.615 0x0000FF
30.49 26.81 8.52 31.47 27.42 8.52 0.615 0x0000FF
29.14 25.95 9.21 30.49 26.81 8.52 0.615 0x0000FF
27.79 24.97 9.28 29.14 25.95 9.21 0.615 0x0000FF
25.95 23.86 9.28 27.79 24.97 9.28 0.615 0x0000FF
22.27 21.41 9.36 25.95 23.86 9.28 0.615 0x0000FF
20.3 19.2 9.59 22.27 21.41 9.36 0.615 0x0000FF
19.21 17.6 10.03 20.3 19.2 9.59 0.615 0x0000FF
18.72 16.62 10.57 19.21 17.6 10.03 0.615 0x0000FF
18.47 15.52 11.03 18.72 16.62 10.57 0.615 0x0000FF
18.1 14.41 11.41 18.47 15.52 11.03 0.615 0x0000FF
17.86 12.33 11.79 18.1 14.41 11.41 0.615 0x0000FF
16.26 10.36 12.62 17.86 12.33 11.79 0.615 0x0000FF
15.89 9.01 12.92 16.26 10.36 12.62 0.615 0x0000FF
15.65 7.42 13.23 15.89 9.01 12.92 0.615 0x0000FF
14.79 5.82 13.76 15.65 7.42 13.23 0.49 0x0000FF
14.54 3.37 14.21 14.79 5.82 13.76 0.49 0x0000FF
14.3 1.77 14.21 14.54 3.37 14.21 0.37 0x0000FF
53.31 31.11 1.64 50.69 40.67 2.04 2.27 0x0000FF
53.43 30.86 1.64 53.31 31.11 1.64 2.27 0x0000FF
53.55 30.49 1.64 53.43 30.86 1.64 2.27 0x0000FF
53.8 30.0 1.64 53.55 30.49 1.64 2.27 0x0000FF
53.19 27.67 1.64 53.8 30.0 1.64 0.795 0x0000FF
53.06 27.55 1.86 53.19 27.67 1.64 0.795 0x0000FF
53.06 27.18 2.0 53.06 27.55 1.86 0.795 0x0000FF
53.06 27.06 2.09 53.06 27.18 2.0 0.795 0x0000FF
53.06 26.93 2.7 53.06 27.06 2.09 0.795 0x0000FF
53.19 26.81 2.39 53.06 26.93 2.7 0.795 0x0000FF
53.19 26.57 1.64 53.19 26.81 2.39 0.795 0x0000FF
53.31 26.2 1.48 53.19 26.57 1.64 0.795 0x0000FF
53.31 25.71 1.03 53.31 26.2 1.48 0.795 0x0000FF
53.31 25.09 0.8 53.31 25.71 1.03 0.795 0x0000FF
53.43 24.48 0.8 53.31 25.09 0.8 0.795 0x0000FF
53.55 23.62 0.8 53.43 24.48 0.8 0.795 0x0000FF
53.43 22.39 0.73 53.55 23.62 0.8 0.675 0x0000FF
52.94 20.3 0.57 53.43 22.39 0.73 0.615 0x0000FF
53.06 19.69 0.57 52.94 20.3 0.57 0.615 0x0000FF
52.94 18.34 0.57 53.06 19.69 0.57 0.43 0x0000FF
52.69 17.85 0.57 52.94 18.34 0.57 0.43 0x0000FF
52.57 17.23 0.5 52.69 17.85 0.57 0.43 0x0000FF
51.84 15.64 0.5 52.57 17.23 0.5 0.185 0x0000FF
51.84 14.78 0.5 51.84 15.64 0.5 0.185 0x0000FF
51.84 13.31 0.5 51.84 14.78 0.5 0.185 0x0000FF
51.71 11.96 0.5 51.84 13.31 0.5 0.185 0x0000FF
54.78 28.65 1.79 53.8 30.0 1.64 1.47 0x0000FF
54.9 28.04 1.79 54.78 28.65 1.79 1.47 0x0000FF
55.64 27.3 1.71 54.9 28.04 1.79 1.35 0x0000FF
55.88 27.06 1.64 55.64 27.3 1.71 1.35 0x0000FF
56.01 26.81 1.56 55.88 27.06 1.64 1.35 0x0000FF
56.25 26.57 1.56 56.01 26.81 1.56 1.35 0x0000FF
56.38 26.32 1.48 56.25 26.57 1.56 1.35 0x0000FF
56.5 26.07 1.48 56.38 26.32 1.48 1.35 0x0000FF
56.87 25.71 1.41 56.5 26.07 1.48 1.35 0x0000FF
57.48 24.97 1.26 56.87 25.71 1.41 1.35 0x0000FF
57.72 24.6 1.11 57.48 24.97 1.26 1.35 0x0000FF
58.34 23.74 0.8 57.72 24.6 1.11 1.35 0x0000FF
58.46 23.5 0.65 58.34 23.74 0.8 1.35 0x0000FF
58.83 23.25 0.5 58.46 23.5 0.65 1.35 0x0000FF
59.2 22.76 0.35 58.83 23.25 0.5 1.35 0x0000FF
59.32 22.39 0.35 59.2 22.76 0.35 1.35 0x0000FF
59.44 21.9 0.35 59.32 22.39 0.35 1.35 0x0000FF
59.56 21.66 0.27 59.44 21.9 0.35 1.35 0x0000FF
59.69 21.16 0.12 59.56 21.66 0.27 1.35 0x0000FF
59.81 20.67 0.12 59.69 21.16 0.12 1.35 0x0000FF
59.81 20.55 0.12 59.81 20.67 0.12 1.35 0x0000FF
59.44 19.07 1.71 59.81 20.55 0.12 0.675 0x0000FF
59.2 18.59 1.79 59.44 19.07 1.71 0.675 0x0000FF
58.95 18.34 1.86 59.2 18.59 1.79 0.675 0x0000FF
58.83 18.1 2.0 58.95 18.34 1.86 0.675 0x0000FF
58.46 17.6 2.31 58.83 18.1 2.0 0.675 0x0000FF
58.34 17.36 2.39 58.46 17.6 2.31 0.675 0x0000FF
57.97 16.98 2.62 58.34 17.36 2.39 0.675 0x0000FF
57.97 16.75 2.92 57.97 16.98 2.62 0.675 0x0000FF
57.6 16.5 3.15 57.97 16.75 2.92 0.675 0x0000FF
57.11 15.52 3.68 57.6 16.5 3.15 0.55 0x0000FF
57.23 15.03 3.76 57.11 15.52 3.68 0.55 0x0000FF
57.36 14.66 3.76 57.23 15.03 3.76 0.55 0x0000FF
57.23 14.05 3.83 57.36 14.66 3.76 0.55 0x0000FF
56.13 13.55 3.83 57.23 14.05 3.83 0.37 0x0000FF
55.88 13.31 3.83 56.13 13.55 3.83 0.37 0x0000FF
55.64 12.82 3.83 55.88 13.31 3.83 0.185 0x0000FF
55.39 12.45 3.83 55.64 12.82 3.83 0.185 0x0000FF
55.27 11.96 3.83 55.39 12.45 3.83 0.185 0x0000FF
55.15 11.71 3.83 55.27 11.96 3.83 0.185 0x0000FF
55.27 10.85 3.83 55.15 11.71 3.83 0.185 0x0000FF
55.39 10.24 3.83 55.27 10.85 3.83 0.185 0x0000FF
60.3 19.94 -0.18 59.81 20.55 0.12 0.92 0x0000FF
60.55 19.69 -0.18 60.3 19.94 -0.18 0.92 0x0000FF
60.91 19.45 -0.41 60.55 19.69 -0.18 0.92 0x0000FF
61.04 19.2 -0.71 60.91 19.45 -0.41 0.92 0x0000FF
61.16 18.95 -0.79 61.04 19.2 -0.71 0.92 0x0000FF
61.28 18.71 -0.94 61.16 18.95 -0.79 0.92 0x0000FF
61.28 18.46 -1.02 61.28 18.71 -0.94 0.92 0x0000FF
61.53 18.1 -1.09 61.28 18.46 -1.02 0.92 0x0000FF
61.65 17.6 -1.32 61.53 18.1 -1.09 0.92 0x0000FF
61.77 16.5 0.42 61.65 17.6 -1.32 0.615 0x0000FF
61.4 15.64 0.8 61.77 16.5 0.42 0.49 0x0000FF
61.28 14.9 1.03 61.4 15.64 0.8 0.49 0x0000FF
60.79 14.41 1.18 61.28 14.9 1.03 0.49 0x0000FF
60.67 13.8 1.41 60.79 14.41 1.18 0.49 0x0000FF
60.55 12.94 1.48 60.67 13.8 1.41 0.49 0x0000FF
60.67 12.2 1.56 60.55 12.94 1.48 0.49 0x0000FF
61.16 10.49 1.64 60.67 12.2 1.56 0.49 0x0000FF
61.9 9.01 1.71 61.16 10.49 1.64 0.49 0x0000FF
62.02 7.42 1.71 61.9 9.01 1.71 0.49 0x0000FF
61.53 5.21 1.71 62.02 7.42 1.71 0.49 0x0000FF
59.93 1.65 1.94 61.53 5.21 1.71 0.43 0x0000FF
59.69 1.03 2.17 59.93 1.65 1.94 0.43 0x0000FF
58.83 -0.32 2.39 59.69 1.03 2.17 0.43 0x0000FF
58.22 -1.91 2.54 58.83 -0.32 2.39 0.43 0x0000FF
57.85 -3.26 2.54 58.22 -1.91 2.54 0.43 0x0000FF
57.48 -4.37 2.7 57.85 -3.26 2.54 0.43 0x0000FF
56.99 -5.59 2.77 57.48 -4.37 2.7 0.43 0x0000FF
56.87 -6.45 2.92 56.99 -5.59 2.77 0.43 0x0000FF
56.87 -7.07 3.23 56.87 -6.45 2.92 0.43 0x0000FF
56.62 -7.68 3.45 56.87 -7.07 3.23 0.43 0x0000FF
56.25 -8.53 3.76 56.62 -7.68 3.45 0.43 0x0000FF
54.78 -12.96 4.05 56.25 -8.53 3.76 0.43 0x0000FF
54.66 -16.27 4.13 54.78 -12.96 4.05 0.43 0x0000FF
54.9 -19.46 4.13 54.66 -16.27 4.13 0.43 0x0000FF
55.39 -21.67 4.13 54.9 -19.46 4.13 0.43 0x0000FF
55.03 -24.37 4.97 55.39 -21.67 4.13 0.43 0x0000FF
54.54 -25.85 5.04 55.03 -24.37 4.97 0.43 0x0000FF
54.17 -27.57 5.12 54.54 -25.85 5.04 0.43 0x0000FF
53.92 -28.43 5.2 54.17 -27.57 5.12 0.43 0x0000FF
53.68 -29.16 5.35 53.92 -28.43 5.2 0.43 0x0000FF
53.43 -29.78 5.42 53.68 -29.16 5.35 0.43 0x0000FF
53.06 -30.76 5.58 53.43 -29.78 5.42 0.43 0x0000FF
53.06 -31.62 5.65 53.06 -30.76 5.58 0.43 0x0000FF
53.06 -32.11 5.65 53.06 -31.62 5.65 0.43 0x0000FF
52.23 -34.94 6.86 53.06 -32.11 5.65 0.43 0x0000FF
51.98 -37.28 7.24 52.23 -34.94 6.86 0.43 0x0000FF
51.98 -39.24 7.7 51.98 -37.28 7.24 0.43 0x0000FF
51.98 -39.72 8.0 51.98 -39.24 7.7 0.43 0x0000FF
51.98 -40.71 8.23 51.98 -39.72 8.0 0.43 0x0000FF
51.62 -42.06 8.52 51.98 -40.71 8.23 0.43 0x0000FF
51.25 -43.29 8.68 51.62 -42.06 8.52 0.43 0x0000FF
50.76 -44.76 8.68 51.25 -43.29 8.68 0.43 0x0000FF
50.39 -45.75 9.59 50.76 -44.76 8.68 0.43 0x0000FF
49.9 -47.1 10.35 50.39 -45.75 9.59 0.43 0x0000FF
49.65 -47.83 10.57 49.9 -47.1 10.35 0.43 0x0000FF
49.53 -48.2 10.73 49.65 -47.83 10.57 0.43 0x0000FF
49.41 -48.81 10.95 49.53 -48.2 10.73 0.43 0x0000FF
49.29 -49.67 12.39 49.41 -48.81 10.95 0.43 0x0000FF
49.04 -50.29 12.85 49.29 -49.67 12.39 0.43 0x0000FF
48.92 -50.9 12.92 49.04 -50.29 12.85 0.43 0x0000FF
48.67 -52.5 13.15 48.92 -50.9 12.92 0.43 0x0000FF
48.43 -53.97 13.3 48.67 -52.5 13.15 0.43 0x0000FF
48.3 -55.69 13.45 48.43 -53.97 13.3 0.43 0x0000FF
48.06 -57.04 13.53 48.3 -55.69 13.45 0.43 0x0000FF
47.81 -58.27 13.91 48.06 -57.04 13.53 0.43 0x0000FF
47.57 -59.49 14.44 47.81 -58.27 13.91 0.43 0x0000FF
47.45 -60.72 14.89 47.57 -59.49 14.44 0.43 0x0000FF
47.45 -61.46 15.12 47.45 -60.72 14.89 0.43 0x0000FF
47.45 -62.81 15.57 47.45 -61.46 15.12 0.43 0x0000FF
47.57 -63.79 15.73 47.45 -62.81 15.57 0.43 0x0000FF
47.81 -64.77 15.95 47.57 -63.79 15.73 0.43 0x0000FF
48.06 -65.63 16.03 47.81 -64.77 15.95 0.43 0x0000FF
48.06 -66.48 16.26 48.06 -65.63 16.03 0.43 0x0000FF
47.94 -67.59 16.32 48.06 -66.48 16.26 0.43 0x0000FF
47.69 -71.15 17.85 47.94 -67.59 16.32 0.43 0x0000FF
46.83 -74.84 18.38 47.69 -71.15 17.85 0.43 0x0000FF
46.95 -79.13 18.68 46.83 -74.84 18.38 0.43 0x0000FF
46.71 -82.94 18.98 46.95 -79.13 18.68 0.43 0x0000FF
45.85 -85.64 19.51 46.71 -82.94 18.98 0.43 0x0000FF
45.73 -87.97 19.51 45.85 -85.64 19.51 0.43 0x0000FF
45.73 -89.81 19.51 45.73 -87.97 19.51 0.43 0x0000FF
46.1 -91.16 19.59 45.73 -89.81 19.51 0.43 0x0000FF
46.34 -91.78 19.59 46.1 -91.16 19.59 0.43 0x0000FF
46.47 -94.41 21.56 46.34 -91.78 19.59 0.43 0x0000FF
46.34 -96.37 21.79 46.47 -94.41 21.56 0.43 0x0000FF
45.24 -97.35 22.92 46.34 -96.37 21.79 0.43 0x0000FF
44.5 -98.46 23.3 45.24 -97.35 22.92 0.43 0x0000FF
43.77 -100.67 24.82 44.5 -98.46 23.3 0.43 0x0000FF
43.03 -103.12 24.97 43.77 -100.67 24.82 0.43 0x0000FF
42.91 -105.58 25.42 43.03 -103.12 24.97 0.43 0x0000FF
43.52 -108.03 25.88 42.91 -105.58 25.42 0.43 0x0000FF
44.63 -111.22 25.95 43.52 -108.03 25.88 0.43 0x0000FF
44.99 -112.57 27.01 44.63 -111.22 25.95 0.43 0x0000FF
44.99 -116.26 27.24 44.99 -112.57 27.01 0.43 0x0000FF
43.64 -120.06 27.54 44.99 -116.26 27.24 0.43 0x0000FF
41.68 -125.09 30.5 43.64 -120.06 27.54 0.43 0x0000FF
39.6 -129.76 31.1 41.68 -125.09 30.5 0.43 0x0000FF
38.61 -134.3 31.63 39.6 -129.76 31.1 0.43 0x0000FF
37.02 -138.6 32.24 38.61 -134.3 31.63 0.43 0x0000FF
36.77 -140.44 34.06 37.02 -138.6 32.24 0.43 0x0000FF
36.4 -141.54 34.06 36.77 -140.44 34.06 0.43 0x0000FF
62.34 17.22 -2.29 61.65 17.6 -1.32 0.43 0x0000FF
62.71 16.97 -2.38 62.34 17.22 -2.29 0.43 0x0000FF
63.07 16.73 -2.52 62.71 16.97 -2.38 0.43 0x0000FF
63.32 16.48 -2.52 63.07 16.73 -2.52 0.43 0x0000FF
63.56 15.5 -1.92 63.32 16.48 -2.52 0.43 0x0000FF
63.81 14.89 -1.62 63.56 15.5 -1.92 0.43 0x0000FF
64.55 14.03 -1.39 63.81 14.89 -1.62 0.245 0x0000FF
65.4 13.17 -1.32 64.55 14.03 -1.39 0.245 0x0000FF
66.02 12.56 -1.17 65.4 13.17 -1.32 0.245 0x0000FF
66.39 12.06 -1.09 66.02 12.56 -1.17 0.245 0x0000FF
59.64 35.26 -2.23 50.69 40.67 2.04 1.045 0x0000FF
60.13 34.65 -2.23 59.64 35.26 -2.23 1.045 0x0000FF
60.74 34.53 -2.23 60.13 34.65 -2.23 1.045 0x0000FF
61.97 33.67 -2.23 60.74 34.53 -2.23 1.045 0x0000FF
62.34 33.29 -2.23 61.97 33.67 -2.23 1.045 0x0000FF
63.32 32.32 -2.52 62.34 33.29 -2.23 1.045 0x0000FF
64.18 31.58 -2.52 63.32 32.32 -2.52 1.045 0x0000FF
65.89 29.62 -2.52 64.18 31.58 -2.52 1.045 0x0000FF
66.14 29.13 -2.52 65.89 29.62 -2.52 1.045 0x0000FF
68.34 25.2 -2.83 66.14 29.13 -2.52 0.795 0x0000FF
68.59 24.22 -2.38 68.34 25.2 -2.83 0.795 0x0000FF
68.72 23.6 -2.08 68.59 24.22 -2.38 0.795 0x0000FF
68.95 22.25 -1.92 68.72 23.6 -2.08 0.795 0x0000FF
69.56 11.7 -1.85 68.95 22.25 -1.92 0.55 0x0000FF
69.56 10.84 -1.55 69.56 11.7 -1.85 0.55 0x0000FF
69.45 9.86 -1.32 69.56 10.84 -1.55 0.55 0x0000FF
69.2 8.63 -1.17 69.45 9.86 -1.32 0.55 0x0000FF
69.08 7.65 -1.17 69.2 8.63 -1.17 0.55 0x0000FF
68.84 5.68 -1.17 69.08 7.65 -1.17 0.55 0x0000FF
68.59 4.21 -1.09 68.84 5.68 -1.17 0.55 0x0000FF
68.4 2.59 -1.09 68.59 4.21 -1.09 0.55 0x0000FF
68.23 1.88 -0.86 68.4 2.59 -1.09 0.43 0x0000FF
66.51 -1.56 -0.56 68.23 1.88 -0.86 0.43 0x0000FF
65.53 -5.86 -0.56 66.51 -1.56 -0.56 0.245 0x0000FF
64.3 -11.99 -0.41 65.53 -5.86 -0.56 0.245 0x0000FF
63.44 -22.55 -0.41 64.3 -11.99 -0.41 0.125 0x0000FF
62.71 -25.0 -1.17 63.44 -22.55 -0.41 0.125 0x0000FF
62.95 -26.23 -1.47 62.71 -25.0 -1.17 0.125 0x0000FF
63.2 -27.95 -1.47 62.95 -26.23 -1.47 0.125 0x0000FF
63.32 -28.32 -1.02 63.2 -27.95 -1.47 0.125 0x0000FF
63.32 -28.69 -0.41 63.32 -28.32 -1.02 0.125 0x0000FF
63.2 -29.18 -0.18 63.32 -28.69 -0.41 0.125 0x0000FF
63.2 -30.9 -0.18 63.2 -29.18 -0.18 0.125 0x0000FF
63.56 -31.88 -0.03 63.2 -30.9 -0.18 0.125 0x0000FF
63.93 -33.11 0.12 63.56 -31.88 -0.03 0.125 0x0000FF
64.55 -34.58 0.35 63.93 -33.11 0.12 0.125 0x0000FF
64.67 -35.81 0.42 64.55 -34.58 0.35 0.125 0x0000FF
64.67 -36.54 0.5 64.67 -35.81 0.42 0.125 0x0000FF
64.55 -37.65 0.65 64.67 -36.54 0.5 0.125 0x0000FF
64.3 -39.11 0.65 64.55 -37.65 0.65 0.125 0x0000FF
64.3 -40.96 1.18 64.3 -39.11 0.65 0.125 0x0000FF
64.3 -41.7 1.33 64.3 -40.96 1.18 0.125 0x0000FF
63.81 -43.29 1.41 64.3 -41.7 1.33 0.125 0x0000FF
64.05 -44.03 1.48 63.81 -43.29 1.41 0.125 0x0000FF
63.64 -45.52 1.48 64.05 -44.03 1.48 0.37 0x0000FF
63.27 -49.08 1.86 63.64 -45.52 1.48 0.37 0x0000FF
64.26 -56.07 1.11 63.27 -49.08 1.86 0.37 0x0000FF
63.64 -58.04 1.03 64.26 -56.07 1.11 0.37 0x0000FF
62.54 -61.6 0.88 63.64 -58.04 1.03 0.37 0x0000FF
60.58 -64.54 0.27 62.54 -61.6 0.88 0.37 0x0000FF
59.47 -66.14 0.12 60.58 -64.54 0.27 0.37 0x0000FF
58.98 -68.84 0.12 59.47 -66.14 0.12 0.37 0x0000FF
58.98 -71.54 0.12 58.98 -68.84 0.12 0.37 0x0000FF
58.74 -73.98 0.12 58.98 -71.54 0.12 0.37 0x0000FF
58.74 -75.22 -0.33 58.74 -73.98 0.12 0.37 0x0000FF
58.61 -76.94 -0.41 58.74 -75.22 -0.33 0.37 0x0000FF
60.09 -82.22 -0.41 58.61 -76.94 -0.41 0.37 0x0000FF
60.58 -89.34 -0.41 60.09 -82.22 -0.41 0.37 0x0000FF
61.43 -91.92 -0.41 60.58 -89.34 -0.41 0.37 0x0000FF
62.29 -93.27 -0.64 61.43 -91.92 -0.41 0.37 0x0000FF
62.17 -96.83 -0.71 62.29 -93.27 -0.64 0.305 0x0000FF
60.82 -99.28 -0.71 62.17 -96.83 -0.71 0.305 0x0000FF
60.33 -101.0 -0.71 60.82 -99.28 -0.71 0.245 0x0000FF
60.33 -102.1 -0.71 60.33 -101.0 -0.71 0.245 0x0000FF
60.33 -103.33 -0.86 60.33 -102.1 -0.71 0.245 0x0000FF
59.81 -106.38 -0.86 60.33 -103.33 -0.86 0.245 0x0000FF
58.7 -108.34 -0.94 59.81 -106.38 -0.86 0.245 0x0000FF
57.35 -111.65 -1.02 58.7 -108.34 -0.94 0.245 0x0000FF
56.86 -115.34 -1.17 57.35 -111.65 -1.02 0.245 0x0000FF
57.84 -117.3 -1.32 56.86 -115.34 -1.17 0.245 0x0000FF
60.17 -118.53 -1.62 57.84 -117.3 -1.32 0.245 0x0000FF
61.03 -118.41 -1.62 60.17 -118.53 -1.62 0.245 0x0000FF
68.89 2.22 -1.02 68.4 2.59 -1.09 0.43 0x0000FF
69.13 1.73 -1.7 68.89 2.22 -1.02 0.43 0x0000FF
69.38 1.61 -1.92 69.13 1.73 -1.7 0.43 0x0000FF
70.11 1.36 -2.29 69.38 1.61 -1.92 0.43 0x0000FF
71.34 0.63 -3.06 70.11 1.36 -2.29 0.43 0x0000FF
71.83 -0.35 -4.05 71.34 0.63 -3.06 0.305 0x0000FF
72.94 -0.97 -5.18 71.83 -0.35 -4.05 0.305 0x0000FF
73.67 -1.21 -5.41 72.94 -0.97 -5.18 0.305 0x0000FF
75.76 -1.95 -5.56 73.67 -1.21 -5.41 0.245 0x0000FF
77.34 -2.44 -5.56 75.76 -1.95 -5.56 0.245 0x0000FF
60.3 37.21 1.41 50.69 40.67 2.04 1.655 0x0000FF
62.88 36.72 1.18 60.3 37.21 1.41 1.655 0x0000FF
63.37 36.47 0.88 62.88 36.72 1.18 1.655 0x0000FF
64.23 36.35 0.57 63.37 36.47 0.88 1.655 0x0000FF
65.58 36.1 0.42 64.23 36.35 0.57 1.655 0x0000FF
66.31 35.97 0.2 65.58 36.1 0.42 1.655 0x0000FF
67.05 35.86 0.05 66.31 35.97 0.2 1.655 0x0000FF
67.91 35.72 0.05 67.05 35.86 0.05 1.655 0x0000FF
68.15 35.72 -0.26 67.91 35.72 0.05 1.655 0x0000FF
69.26 35.61 -0.33 68.15 35.72 -0.26 1.655 0x0000FF
69.5 35.36 0.42 69.26 35.61 -0.33 1.655 0x0000FF
69.87 35.24 1.48 69.5 35.36 0.42 1.655 0x0000FF
70.23 35.24 1.79 69.87 35.24 1.48 1.655 0x0000FF
70.48 35.0 2.17 70.23 35.24 1.79 1.655 0x0000FF
70.84 34.86 2.39 70.48 35.0 2.17 1.655 0x0000FF
71.09 34.75 2.39 70.84 34.86 2.39 1.655 0x0000FF
71.34 34.63 3.0 71.09 34.75 2.39 1.655 0x0000FF
71.59 34.51 3.08 71.34 34.63 3.0 1.655 0x0000FF
71.83 34.38 3.45 71.59 34.51 3.08 1.655 0x0000FF
72.31 34.38 3.68 71.83 34.38 3.45 1.655 0x0000FF
72.69 34.26 3.68 72.31 34.38 3.68 1.655 0x0000FF
72.94 34.14 3.98 72.69 34.26 3.68 1.655 0x0000FF
73.3 34.02 4.05 72.94 34.14 3.98 1.655 0x0000FF
73.79 33.89 4.67 73.3 34.02 4.05 1.655 0x0000FF
74.16 33.77 4.74 73.79 33.89 4.67 1.655 0x0000FF
74.41 33.52 4.74 74.16 33.77 4.74 1.655 0x0000FF
75.76 31.68 5.73 74.41 33.52 4.74 0.43 0x0000FF
75.88 30.7 5.73 75.76 31.68 5.73 0.43 0x0000FF
75.76 29.84 5.58 75.88 30.7 5.73 0.43 0x0000FF
75.51 29.11 5.58 75.76 29.84 5.58 0.43 0x0000FF
75.14 28.12 5.58 75.51 29.11 5.58 0.43 0x0000FF
74.78 26.28 5.42 75.14 28.12 5.58 0.305 0x0000FF
74.9 24.44 5.42 74.78 26.28 5.42 0.305 0x0000FF
75.64 22.11 5.42 74.9 24.44 5.42 0.305 0x0000FF
76.25 20.27 5.27 75.64 22.11 5.42 0.305 0x0000FF
76.73 18.18 5.12 76.25 20.27 5.27 0.305 0x0000FF
77.72 15.73 5.12 76.73 18.18 5.12 0.305 0x0000FF
79.19 13.76 6.18 77.72 15.73 5.12 0.305 0x0000FF
81.4 9.34 6.56 79.19 13.76 6.18 0.305 0x0000FF
83.73 6.27 7.17 81.4 9.34 6.56 0.305 0x0000FF
86.43 5.17 7.17 83.73 6.27 7.17 0.245 0x0000FF
87.9 3.21 7.24 86.43 5.17 7.17 0.245 0x0000FF
96.49 -1.09 7.24 87.9 3.21 7.24 0.245 0x0000FF
76.0 33.4 3.83 74.41 33.52 4.74 1.535 0x0000FF
78.58 32.9 3.61 76.0 33.4 3.83 1.535 0x0000FF
80.3 32.67 3.45 78.58 32.9 3.61 1.535 0x0000FF
82.38 32.04 3.15 80.3 32.67 3.45 1.535 0x0000FF
83.36 31.68 4.29 82.38 32.04 3.15 1.535 0x0000FF
83.61 31.56 3.76 83.36 31.68 4.29 1.535 0x0000FF
83.98 31.56 2.92 83.61 31.56 3.76 1.41 0x0000FF
84.22 31.32 2.54 83.98 31.56 2.92 1.41 0x0000FF
84.96 31.07 2.09 84.22 31.32 2.54 1.41 0x0000FF
86.68 30.58 1.33 84.96 31.07 2.09 1.41 0x0000FF
87.29 30.58 0.8 86.68 30.58 1.33 1.41 0x0000FF
88.15 30.46 0.73 87.29 30.58 0.8 1.41 0x0000FF
89.01 30.21 0.65 88.15 30.46 0.73 1.41 0x0000FF
90.48 29.84 0.35 89.01 30.21 0.65 1.41 0x0000FF
92.07 29.11 0.12 90.48 29.84 0.35 1.41 0x0000FF
92.81 28.74 -0.11 92.07 29.11 0.12 1.41 0x0000FF
94.28 27.88 -1.32 92.81 28.74 -0.11 1.35 0x0000FF
95.02 27.63 -1.62 94.28 27.88 -1.32 1.35 0x0000FF
95.51 27.51 -1.85 95.02 27.63 -1.62 1.35 0x0000FF
96.12 27.02 -1.92 95.51 27.51 -1.85 1.35 0x0000FF
96.73 26.77 -2.08 96.12 27.02 -1.92 1.35 0x0000FF
97.35 26.53 -2.52 96.73 26.77 -2.08 1.35 0x0000FF
98.08 26.28 -2.76 97.35 26.53 -2.52 1.35 0x0000FF
99.06 25.91 -3.06 98.08 26.28 -2.76 1.35 0x0000FF
100.66 25.55 -3.29 99.06 25.91 -3.06 1.35 0x0000FF
101.76 25.42 -3.67 100.66 25.55 -3.29 1.35 0x0000FF
101.89 25.3 -4.73 101.76 25.42 -3.67 1.35 0x0000FF
102.99 24.93 -5.03 101.89 25.3 -4.73 1.35 0x0000FF
103.85 24.69 -5.33 102.99 24.93 -5.03 1.35 0x0000FF
104.46 24.44 -5.64 103.85 24.69 -5.33 1.35 0x0000FF
105.08 24.32 -5.79 104.46 24.44 -5.64 1.35 0x0000FF
105.81 24.07 -5.94 105.08 24.32 -5.79 1.35 0x0000FF
106.79 23.95 -6.09 105.81 24.07 -5.94 1.35 0x0000FF
107.53 24.07 -6.24 106.79 23.95 -6.09 1.35 0x0000FF
108.63 24.07 -9.35 107.53 24.07 -6.24 1.35 0x0000FF
109.0 24.07 -10.02 108.63 24.07 -9.35 1.35 0x0000FF
109.86 23.95 -12.6 109.0 24.07 -10.02 1.35 0x0000FF
110.84 24.32 -13.06 109.86 23.95 -12.6 1.35 0x0000FF
111.45 24.56 -13.36 110.84 24.32 -13.06 1.35 0x0000FF
112.31 24.56 -13.97 111.45 24.56 -13.36 1.35 0x0000FF
115.26 25.55 -11.01 112.31 24.56 -13.97 1.35 0x0000FF
116.61 28.37 -10.94 115.26 25.55 -11.01 0.37 0x0000FF
119.43 31.07 -10.94 116.61 28.37 -10.94 0.37 0x0000FF
124.83 36.72 -10.11 119.43 31.07 -10.94 0.37 0x0000FF
125.44 38.19 -9.73 124.83 36.72 -10.11 0.37 0x0000FF
125.44 39.17 -9.65 125.44 38.19 -9.73 0.37 0x0000FF
125.44 39.54 -9.5 125.44 39.17 -9.65 0.37 0x0000FF
125.32 40.03 -9.42 125.44 39.54 -9.5 0.37 0x0000FF
124.95 40.52 -10.02 125.32 40.03 -9.42 0.37 0x0000FF
124.7 40.89 -10.33 124.95 40.52 -10.02 0.37 0x0000FF
124.33 41.26 -10.48 124.7 40.89 -10.33 0.37 0x0000FF
123.72 41.75 -10.64 124.33 41.26 -10.48 0.37 0x0000FF
122.99 41.99 -10.71 123.72 41.75 -10.64 0.37 0x0000FF
122.37 42.24 -10.94 122.99 41.99 -10.71 0.37 0x0000FF
121.15 42.61 -11.17 122.37 42.24 -10.94 0.37 0x0000FF
120.41 42.85 -11.24 121.15 42.61 -11.17 0.37 0x0000FF
119.55 42.98 -11.24 120.41 42.85 -11.24 0.37 0x0000FF
118.69 43.22 -11.17 119.55 42.98 -11.24 0.37 0x0000FF
118.08 43.47 -11.24 118.69 43.22 -11.17 0.37 0x0000FF
117.34 43.84 -11.32 118.08 43.47 -11.24 0.37 0x0000FF
116.73 44.08 -11.32 117.34 43.84 -11.32 0.37 0x0000FF
116.24 44.33 -10.79 116.73 44.08 -11.32 0.37 0x0000FF
115.63 44.57 -10.26 116.24 44.33 -10.79 0.37 0x0000FF
115.5 44.69 -11.09 115.63 44.57 -10.26 0.37 0x0000FF
114.77 45.43 -11.47 115.5 44.69 -11.09 0.37 0x0000FF
114.28 45.92 -11.54 114.77 45.43 -11.47 0.37 0x0000FF
114.15 46.29 -11.85 114.28 45.92 -11.54 0.37 0x0000FF
113.91 46.66 -11.92 114.15 46.29 -11.85 0.37 0x0000FF
113.91 47.15 -12.38 113.91 46.66 -11.92 0.37 0x0000FF
113.91 47.52 -12.45 113.91 47.15 -12.38 0.37 0x0000FF
113.91 48.13 -12.6 113.91 47.52 -12.45 0.37 0x0000FF
113.91 49.36 -12.6 113.91 48.13 -12.6 0.37 0x0000FF
114.89 50.71 -13.29 113.91 49.36 -12.6 0.37 0x0000FF
115.01 51.08 -13.36 114.89 50.71 -13.29 0.37 0x0000FF
115.13 51.57 -13.51 115.01 51.08 -13.36 0.37 0x0000FF
115.75 52.55 -13.67 115.13 51.57 -13.51 0.37 0x0000FF
115.99 52.92 -13.74 115.75 52.55 -13.67 0.37 0x0000FF
116.12 53.41 -13.74 115.99 52.92 -13.74 0.37 0x0000FF
116.24 53.9 -14.04 116.12 53.41 -13.74 0.37 0x0000FF
116.36 54.39 -14.27 116.24 53.9 -14.04 0.37 0x0000FF
116.48 54.76 -14.27 116.36 54.39 -14.27 0.37 0x0000FF
116.61 55.5 -14.27 116.48 54.76 -14.27 0.37 0x0000FF
116.61 55.86 -14.35 116.61 55.5 -14.27 0.37 0x0000FF
116.36 56.72 -14.35 116.61 55.86 -14.35 0.37 0x0000FF
116.24 57.71 -14.35 116.36 56.72 -14.35 0.37 0x0000FF
115.99 58.56 -14.42 116.24 57.71 -14.35 0.37 0x0000FF
115.38 59.18 -14.42 115.99 58.56 -14.42 0.37 0x0000FF
114.52 60.28 -14.42 115.38 59.18 -14.42 0.37 0x0000FF
114.03 60.65 -14.35 114.52 60.28 -14.42 0.37 0x0000FF
112.19 61.39 -14.35 114.03 60.65 -14.35 0.245 0x0000FF
117.34 26.53 -10.11 115.26 25.55 -11.01 0.86 0x0000FF
118.57 27.02 -10.11 117.34 26.53 -10.11 0.86 0x0000FF
119.8 28.61 -9.65 118.57 27.02 -10.11 0.735 0x0000FF
120.04 28.98 -9.57 119.8 28.61 -9.65 0.735 0x0000FF
120.78 29.35 -9.57 120.04 28.98 -9.57 0.735 0x0000FF
121.76 30.09 -9.5 120.78 29.35 -9.57 0.735 0x0000FF
122.37 30.58 -9.42 121.76 30.09 -9.5 0.735 0x0000FF
123.11 31.07 -9.42 122.37 30.58 -9.42 0.735 0x0000FF
123.6 31.44 -9.35 123.11 31.07 -9.42 0.735 0x0000FF
124.33 32.04 -9.27 123.6 31.44 -9.35 0.55 0x0000FF
124.83 32.42 -9.27 124.33 32.04 -9.27 0.55 0x0000FF
125.19 32.67 -9.19 124.83 32.42 -9.27 0.55 0x0000FF
125.44 33.03 -9.11 125.19 32.67 -9.19 0.55 0x0000FF
126.3 33.52 -9.03 125.44 33.03 -9.11 0.55 0x0000FF
126.67 33.77 -8.97 126.3 33.52 -9.03 0.55 0x0000FF
127.16 34.14 -8.97 126.67 33.77 -8.97 0.55 0x0000FF
127.65 34.51 -8.89 127.16 34.14 -8.97 0.55 0x0000FF
127.89 34.63 -8.89 127.65 34.51 -8.89 0.55 0x0000FF
128.38 34.86 -8.82 127.89 34.63 -8.89 0.55 0x0000FF
129.24 34.75 -10.56 128.38 34.86 -8.82 0.37 0x0000FF
129.72 34.75 -10.86 129.24 34.75 -10.56 0.37 0x0000FF
129.72 34.75 -11.24 129.72 34.75 -10.86 0.37 0x0000FF
129.86 34.75 -11.62 129.72 34.75 -11.24 0.37 0x0000FF
130.47 35.11 -11.77 129.86 34.75 -11.62 0.305 0x0000FF
130.96 35.49 -12.15 130.47 35.11 -11.77 0.305 0x0000FF
131.33 35.61 -12.38 130.96 35.49 -12.15 0.305 0x0000FF
131.94 35.97 -12.53 131.33 35.61 -12.38 0.305 0x0000FF
132.55 36.35 -12.68 131.94 35.97 -12.53 0.305 0x0000FF
133.54 37.08 -12.83 132.55 36.35 -12.68 0.305 0x0000FF
133.78 37.21 -12.98 133.54 37.08 -12.83 0.305 0x0000FF
134.52 37.33 -13.44 133.78 37.21 -12.98 0.305 0x0000FF
135.25 37.33 -13.59 134.52 37.33 -13.44 0.305 0x0000FF
136.36 37.08 -13.82 135.25 37.33 -13.59 0.305 0x0000FF
137.58 36.59 -14.04 136.36 37.08 -13.82 0.305 0x0000FF
138.07 36.35 -13.89 137.58 36.59 -14.04 0.305 0x0000FF
138.69 36.22 -14.42 138.07 36.35 -13.89 0.305 0x0000FF
139.41 36.1 -14.73 138.69 36.22 -14.42 0.305 0x0000FF
140.4 35.97 -14.88 139.41 36.1 -14.73 0.305 0x0000FF
140.65 35.97 -15.03 140.4 35.97 -14.88 0.305 0x0000FF
141.75 35.72 -15.18 140.65 35.97 -15.03 0.245 0x0000FF
142.37 35.49 -15.48 141.75 35.72 -15.18 0.245 0x0000FF
143.22 35.36 -15.71 142.37 35.49 -15.48 0.245 0x0000FF
143.35 35.36 -16.01 143.22 35.36 -15.71 0.245 0x0000FF
143.84 35.24 -16.09 143.35 35.36 -16.01 0.245 0x0000FF
129.0 35.86 -8.67 128.38 34.86 -8.82 0.245 0x0000FF
129.72 36.84 -8.67 129.0 35.86 -8.67 0.245 0x0000FF
130.96 38.07 -8.67 129.72 36.84 -8.67 0.245 0x0000FF
131.16 38.53 -8.67 130.96 38.07 -8.67 0.245 0x0000FF
131.69 38.68 -8.74 131.16 38.53 -8.67 0.245 0x0000FF
132.55 39.54 -8.82 131.69 38.68 -8.74 0.245 0x0000FF
133.66 40.28 -8.89 132.55 39.54 -8.82 0.245 0x0000FF
135.5 41.99 -8.89 133.66 40.28 -8.89 0.245 0x0000FF
137.83 43.96 -8.97 135.5 41.99 -8.89 0.245 0x0000FF
138.93 45.31 -9.19 137.83 43.96 -8.97 0.245 0x0000FF
140.4 47.52 -9.35 138.93 45.31 -9.19 0.245 0x0000FF
141.51 48.38 -9.57 140.4 47.52 -9.35 0.245 0x0000FF
142.37 48.75 -9.73 141.51 48.38 -9.57 0.245 0x0000FF
143.84 49.11 -9.88 142.37 48.75 -9.73 0.245 0x0000FF
145.19 50.1 -10.86 143.84 49.11 -9.88 0.245 0x0000FF
145.8 50.34 -10.94 145.19 50.1 -10.86 0.245 0x0000FF
146.05 50.46 -10.94 145.8 50.34 -10.94 0.245 0x0000FF
152.44 54.88 -10.64 146.05 50.46 -10.94 0.245 0x0000FF
155.27 57.33 -10.33 152.44 54.88 -10.64 0.245 0x0000FF
156.62 58.69 -10.18 155.27 57.33 -10.33 0.245 0x0000FF
158.09 59.67 -9.94 156.62 58.69 -10.18 0.245 0x0000FF
159.81 60.4 -9.8 158.09 59.67 -9.94 0.245 0x0000FF
161.4 61.26 -8.89 159.81 60.4 -9.8 0.245 0x0000FF
161.88 61.39 -8.28 161.4 61.26 -8.89 0.245 0x0000FF
162.26 61.39 -7.98 161.88 61.39 -8.28 0.245 0x0000FF
163.72 61.75 -7.68 162.26 61.39 -7.98 0.245 0x0000FF
165.21 62.12 -7.15 163.72 61.75 -7.68 0.245 0x0000FF
166.06 62.37 -6.7 165.21 62.12 -7.15 0.245 0x0000FF
167.05 62.86 -6.62 166.06 62.37 -6.7 0.245 0x0000FF
168.03 63.35 -6.47 167.05 62.86 -6.62 0.245 0x0000FF
170.48 65.06 -4.26 168.03 63.35 -6.47 0.245 0x0000FF
171.71 66.3 -3.44 170.48 65.06 -4.26 0.245 0x0000FF
172.81 67.77 -3.06 171.71 66.3 -3.44 0.245 0x0000FF
176.0 72.92 -1.47 172.81 67.77 -3.06 0.245 0x0000FF
177.72 74.4 -1.02 176.0 72.92 -1.47 0.245 0x0000FF
180.17 76.23 -0.26 177.72 74.4 -1.02 0.245 0x0000FF
181.15 78.81 0.05 180.17 76.23 -0.26 0.245 0x0000FF
182.62 80.78 0.27 181.15 78.81 0.05 0.245 0x0000FF
130.91 39.02 -9.11 131.16 38.53 -8.67 0.37 0x0000FF
130.41 39.39 -9.19 130.91 39.02 -9.11 0.37 0x0000FF
130.05 39.88 -9.73 130.41 39.39 -9.19 0.37 0x0000FF
130.05 40.36 -9.57 130.05 39.88 -9.73 0.37 0x0000FF
129.93 40.98 -9.27 130.05 40.36 -9.57 0.37 0x0000FF
130.05 41.72 -8.59 129.93 40.98 -9.27 0.37 0x0000FF
130.3 42.46 -8.51 130.05 41.72 -8.59 0.37 0x0000FF
130.41 42.95 -8.44 130.3 42.46 -8.51 0.37 0x0000FF
130.54 43.19 -8.21 130.41 42.95 -8.44 0.37 0x0000FF
130.66 43.56 -8.06 130.54 43.19 -8.21 0.37 0x0000FF
130.91 44.54 -8.06 130.66 43.56 -8.06 0.37 0x0000FF
131.28 46.02 -8.06 130.91 44.54 -8.06 0.37 0x0000FF
131.52 47.24 -7.83 131.28 46.02 -8.06 0.37 0x0000FF
131.52 48.35 -7.68 131.52 47.24 -7.83 0.37 0x0000FF
131.52 49.09 -7.45 131.52 48.35 -7.68 0.37 0x0000FF
131.52 50.68 -7.3 131.52 49.09 -7.45 0.37 0x0000FF
131.52 52.15 -7.23 131.52 50.68 -7.3 0.37 0x0000FF
131.88 53.38 -7.15 131.52 52.15 -7.23 0.37 0x0000FF
132.26 54.36 -7.15 131.88 53.38 -7.15 0.37 0x0000FF
132.26 55.35 -7.0 132.26 54.36 -7.15 0.37 0x0000FF
131.88 56.2 -6.85 132.26 55.35 -7.0 0.37 0x0000FF
130.91 57.92 -6.77 131.88 56.2 -6.85 0.37 0x0000FF
130.3 58.78 -6.7 130.91 57.92 -6.77 0.37 0x0000FF
129.81 59.64 -6.47 130.3 58.78 -6.7 0.37 0x0000FF
129.56 60.5 -6.39 129.81 59.64 -6.47 0.37 0x0000FF
129.32 61.36 -6.32 129.56 60.5 -6.39 0.37 0x0000FF
128.69 63.08 -6.09 129.32 61.36 -6.32 0.37 0x0000FF
127.72 67.37 -5.48 128.69 63.08 -6.09 0.37 0x0000FF
127.6 68.73 -5.48 127.72 67.37 -5.48 0.37 0x0000FF
127.35 69.09 -5.48 127.6 68.73 -5.48 0.37 0x0000FF
126.98 70.08 -5.33 127.35 69.09 -5.48 0.37 0x0000FF
126.74 70.81 -5.18 126.98 70.08 -5.33 0.37 0x0000FF
126.74 71.43 -5.18 126.74 70.81 -5.18 0.37 0x0000FF
126.74 71.92 -5.26 126.74 71.43 -5.18 0.37 0x0000FF
126.74 72.28 -5.79 126.74 71.92 -5.26 0.37 0x0000FF
126.74 72.65 -6.17 126.74 72.28 -5.79 0.37 0x0000FF
126.62 73.14 -5.94 126.74 72.65 -6.17 0.37 0x0000FF
126.37 74.0 -5.26 126.62 73.14 -5.94 0.37 0x0000FF
126.37 74.13 -4.8 126.37 74.0 -5.26 0.37 0x0000FF
126.62 75.11 -1.62 126.37 74.13 -4.8 0.245 0x0000FF
126.49 75.72 -1.47 126.62 75.11 -1.62 0.245 0x0000FF
125.88 75.97 -1.32 126.49 75.72 -1.47 0.245 0x0000FF
55.08 48.98 0.12 50.69 40.67 2.04 2.945 0x0000FF
55.2 49.22 0.57 55.08 48.98 0.12 2.945 0x0000FF
55.57 50.45 0.88 55.2 49.22 0.57 2.7 0x0000FF
55.94 51.55 1.33 55.57 50.45 0.88 2.575 0x0000FF
56.18 52.9 1.56 55.94 51.55 1.33 2.33 0x0000FF
56.18 53.27 1.64 56.18 52.9 1.56 2.33 0x0000FF
56.43 54.99 2.0 56.18 53.27 1.64 2.145 0x0000FF
56.55 56.1 2.31 56.43 54.99 2.0 2.025 0x0000FF
57.04 59.04 2.77 56.55 56.1 2.31 2.025 0x0000FF
56.92 61.13 3.23 57.04 59.04 2.77 2.025 0x0000FF
56.92 64.2 4.13 56.92 61.13 3.23 2.025 0x0000FF
56.67 65.92 4.44 56.92 64.2 4.13 2.025 0x0000FF
56.8 68.37 4.59 56.67 65.92 4.44 2.025 0x0000FF
56.06 72.05 3.91 56.8 68.37 4.59 2.025 0x0000FF
55.69 73.89 3.61 56.06 72.05 3.91 2.025 0x0000FF
56.06 76.34 3.38 55.69 73.89 3.61 2.025 0x0000FF
56.43 77.94 3.38 56.06 76.34 3.38 2.025 0x0000FF
56.43 79.79 3.38 56.43 77.94 3.38 2.025 0x0000FF
56.43 80.28 3.38 56.43 79.79 3.38 2.025 0x0000FF
58.02 80.77 3.38 56.43 80.28 3.38 0.55 0x0000FF
58.76 81.26 3.91 58.02 80.77 3.38 0.43 0x0000FF
58.88 81.26 3.98 58.76 81.26 3.91 0.43 0x0000FF
59.13 81.5 3.61 58.88 81.26 3.98 0.43 0x0000FF
59.49 81.63 3.38 59.13 81.5 3.61 0.43 0x0000FF
59.74 81.75 3.23 59.49 81.63 3.38 0.43 0x0000FF
59.99 82.0 3.0 59.74 81.75 3.23 0.43 0x0000FF
60.35 82.24 2.77 59.99 82.0 3.0 0.43 0x0000FF
60.6 82.49 2.54 60.35 82.24 2.77 0.43 0x0000FF
60.84 82.61 2.09 60.6 82.49 2.54 0.43 0x0000FF
61.46 82.85 1.48 60.84 82.61 2.09 0.43 0x0000FF
61.83 82.98 1.33 61.46 82.85 1.48 0.43 0x0000FF
62.19 83.22 1.18 61.83 82.98 1.33 0.43 0x0000FF
63.05 83.71 1.48 62.19 83.22 1.18 0.43 0x0000FF
63.3 83.96 1.86 63.05 83.71 1.48 0.43 0x0000FF
63.67 84.45 2.09 63.3 83.96 1.86 0.43 0x0000FF
64.03 84.94 2.47 63.67 84.45 2.09 0.43 0x0000FF
64.16 85.06 2.77 64.03 84.94 2.47 0.43 0x0000FF
64.28 85.06 3.15 64.16 85.06 2.77 0.43 0x0000FF
64.65 85.19 3.53 64.28 85.06 3.15 0.43 0x0000FF
64.89 85.43 3.83 64.65 85.19 3.53 0.43 0x0000FF
65.14 85.55 4.05 64.89 85.43 3.83 0.43 0x0000FF
65.38 85.8 4.21 65.14 85.55 4.05 0.43 0x0000FF
66.23 86.41 4.36 65.38 85.8 4.21 0.43 0x0000FF
66.86 87.15 4.44 66.23 86.41 4.36 0.43 0x0000FF
67.22 88.38 4.44 66.86 87.15 4.44 0.43 0x0000FF
67.34 88.75 4.67 67.22 88.38 4.44 0.43 0x0000FF
69.68 91.08 4.05 67.34 88.75 4.67 0.43 0x0000FF
70.29 91.45 4.44 69.68 91.08 4.05 0.43 0x0000FF
70.78 91.69 4.74 70.29 91.45 4.44 0.43 0x0000FF
71.76 92.55 4.82 70.78 91.69 4.74 0.43 0x0000FF
73.23 93.66 5.12 71.76 92.55 4.82 0.305 0x0000FF
73.72 94.27 5.65 73.23 93.66 5.12 0.305 0x0000FF
74.09 94.76 5.88 73.72 94.27 5.65 0.305 0x0000FF
74.95 95.37 5.95 74.09 94.76 5.88 0.305 0x0000FF
75.44 95.62 6.11 74.95 95.37 5.95 0.305 0x0000FF
77.28 96.72 6.18 75.44 95.62 6.11 0.305 0x0000FF
55.94 81.01 3.08 56.43 80.28 3.38 2.025 0x0000FF
55.57 81.38 3.08 55.94 81.01 3.08 2.025 0x0000FF
55.45 81.87 3.23 55.57 81.38 3.08 2.025 0x0000FF
55.45 82.61 3.68 55.45 81.87 3.23 2.025 0x0000FF
55.32 83.35 3.68 55.45 82.61 3.68 2.025 0x0000FF
54.96 84.57 3.68 55.32 83.35 3.68 2.025 0x0000FF
54.83 85.31 3.68 54.96 84.57 3.68 2.025 0x0000FF
54.83 86.17 3.53 54.83 85.31 3.68 2.025 0x0000FF
54.71 86.66 3.15 54.83 86.17 3.53 2.025 0x0000FF
54.59 87.4 3.0 54.71 86.66 3.15 2.025 0x0000FF
54.59 88.13 3.0 54.59 87.4 3.0 2.025 0x0000FF
54.59 88.87 3.08 54.59 88.13 3.0 2.025 0x0000FF
54.83 90.22 3.0 54.59 88.87 3.08 2.025 0x0000FF
54.22 92.8 2.92 54.83 90.22 3.0 2.025 0x0000FF
54.22 94.27 2.92 54.22 92.8 2.92 1.9 0x0000FF
54.22 95.01 2.92 54.22 94.27 2.92 1.9 0x0000FF
54.22 95.87 2.92 54.22 95.01 2.92 1.9 0x0000FF
53.85 97.58 2.92 54.22 95.87 2.92 1.9 0x0000FF
53.73 98.57 2.92 53.85 97.58 2.92 1.9 0x0000FF
53.85 99.18 2.92 53.73 98.57 2.92 1.9 0x0000FF
53.97 99.79 2.92 53.85 99.18 2.92 1.9 0x0000FF
54.18 105.49 2.92 53.97 99.79 2.92 1.9 0x0000FF
54.06 110.52 2.92 54.18 105.49 2.92 1.9 0x0000FF
54.67 116.54 2.7 54.06 110.52 2.92 1.9 0x0000FF
54.3 124.39 2.7 54.67 116.54 2.7 1.9 0x0000FF
53.69 136.66 2.47 54.3 124.39 2.7 1.9 0x0000FF
52.58 140.72 2.62 53.69 136.66 2.47 1.9 0x0000FF
51.36 143.54 3.53 52.58 140.72 2.62 1.655 0x0000FF
50.74 146.72 4.13 51.36 143.54 3.53 1.655 0x0000FF
49.52 150.54 4.59 50.74 146.72 4.13 1.655 0x0000FF
47.31 155.44 4.88 49.52 150.54 4.59 1.655 0x0000FF
46.82 158.27 5.04 47.31 155.44 4.88 1.655 0x0000FF
46.45 159.87 5.2 46.82 158.27 5.04 1.655 0x0000FF
45.96 160.47 5.04 46.45 159.87 5.2 1.655 0x0000FF
45.44 165.03 5.88 45.96 160.47 5.04 1.47 0x0000FF
45.2 170.79 6.18 45.44 165.03 5.88 1.47 0x0000FF
45.2 178.4 6.33 45.2 170.79 6.18 1.47 0x0000FF
44.71 185.65 5.8 45.2 178.4 6.33 1.47 0x0000FF
42.87 193.01 6.26 44.71 185.65 5.8 1.47 0x0000FF
42.5 198.17 6.48 42.87 193.01 6.26 1.47 0x0000FF
42.5 203.94 6.64 42.5 198.17 6.48 1.47 0x0000FF
42.38 205.65 6.11 42.5 203.94 6.64 1.47 0x0000FF
41.64 209.95 5.88 42.38 205.65 6.11 1.35 0x0000FF
41.89 214.62 3.45 41.64 209.95 5.88 1.35 0x0000FF
42.01 217.68 3.45 41.89 214.62 3.45 1.35 0x0000FF
42.01 220.02 2.92 42.01 217.68 3.45 1.35 0x0000FF
41.64 221.37 2.62 42.01 220.02 2.92 1.35 0x0000FF
42.65 226.11 3.15 41.64 221.37 2.62 1.225 0x0000FF
43.01 229.67 3.15 42.65 226.11 3.15 1.225 0x0000FF
43.14 230.78 3.61 43.01 229.67 3.15 1.225 0x0000FF
43.38 231.76 3.83 43.14 230.78 3.61 1.225 0x0000FF
43.38 232.99 4.05 43.38 231.76 3.83 1.225 0x0000FF
43.14 234.58 4.21 43.38 232.99 4.05 1.225 0x0000FF
42.89 242.44 4.29 43.14 234.58 4.21 1.225 0x0000FF
42.52 244.4 3.76 42.89 242.44 4.29 1.225 0x0000FF
42.03 246.61 3.38 42.52 244.4 3.76 1.225 0x0000FF
41.17 255.08 3.3 42.03 246.61 3.38 1.105 0x0000FF
41.17 256.18 3.23 41.17 255.08 3.3 1.105 0x0000FF
41.17 256.68 3.0 41.17 256.18 3.23 1.105 0x0000FF
41.05 257.29 3.0 41.17 256.68 3.0 1.105 0x0000FF
39.83 263.55 2.31 41.05 257.29 3.0 1.105 0x0000FF
39.21 266.0 -0.11 39.83 263.55 2.31 1.105 0x0000FF
38.22 269.32 -2.38 39.21 266.0 -0.11 0.92 0x0000FF
37.86 271.77 -2.91 38.22 269.32 -2.38 0.735 0x0000FF
37.25 272.88 -3.74 37.86 271.77 -2.91 0.675 0x0000FF
