15.39 -24.64 -8.59 24.87 -22.89 -10.68 0.86 0x0000FF
15.15 -24.76 -8.74 15.39 -24.64 -8.59 0.86 0x0000FF
14.9 -24.76 -8.89 15.15 -24.76 -8.74 0.86 0x0000FF
14.04 -24.88 -9.19 14.9 -24.76 -8.89 0.86 0x0000FF
13.55 -24.88 -9.19 14.04 -24.88 -9.19 0.86 0x0000FF
13.18 -24.88 -9.35 13.55 -24.88 -9.19 0.86 0x0000FF
12.08 -24.88 -9.42 13.18 -24.88 -9.35 0.86 0x0000FF
11.22 -25.13 -9.42 12.08 -24.88 -9.42 0.86 0x0000FF
10.73 -25.13 -9.5 11.22 -25.13 -9.42 0.86 0x0000FF
10.24 -25.25 -9.73 10.73 -25.13 -9.5 0.86 0x0000FF
9.26 -25.38 -9.94 10.24 -25.25 -9.73 0.86 0x0000FF
8.65 -25.25 -10.18 9.26 -25.38 -9.94 0.86 0x0000FF
7.79 -25.13 -10.41 8.65 -25.25 -10.18 0.86 0x0000FF
6.81 -24.88 -10.48 7.79 -25.13 -10.41 0.86 0x0000FF
5.7 -24.76 -10.48 6.81 -24.88 -10.48 0.86 0x0000FF
5.09 -24.76 -10.79 5.7 -24.76 -10.48 0.86 0x0000FF
4.97 -24.76 -11.01 5.09 -24.76 -10.79 0.86 0x0000FF
4.72 -24.76 -11.32 4.97 -24.76 -11.01 0.86 0x0000FF
3.98 -24.52 -11.47 4.72 -24.76 -11.32 0.86 0x0000FF
3.74 -24.39 -11.62 3.98 -24.52 -11.47 0.86 0x0000FF
3.0 -24.39 -11.77 3.74 -24.39 -11.62 0.86 0x0000FF
2.5 -24.27 -11.77 3.0 -24.39 -11.77 0.86 0x0000FF
1.9 -24.27 -11.77 2.5 -24.27 -11.77 0.86 0x0000FF
1.53 -24.27 -11.77 1.9 -24.27 -11.77 0.86 0x0000FF
1.15 -24.27 -12.38 1.53 -24.27 -11.77 0.86 0x0000FF
0.18 -24.27 -12.68 1.15 -24.27 -12.38 0.86 0x0000FF
-0.31 -24.27 -12.83 0.18 -24.27 -12.68 0.86 0x0000FF
-0.8 -24.27 -12.98 -0.31 -24.27 -12.83 0.86 0x0000FF
-2.15 -24.27 -12.98 -0.8 -24.27 -12.98 0.86 0x0000FF
-2.52 -24.27 -13.51 -2.15 -24.27 -12.98 0.86 0x0000FF
-3.38 -24.39 -13.59 -2.52 -24.27 -13.51 0.86 0x0000FF
-4.48 -24.52 -13.67 -3.38 -24.39 -13.59 0.86 0x0000FF
-5.58 -24.64 -13.74 -4.48 -24.52 -13.67 0.86 0x0000FF
-5.95 -24.76 -13.82 -5.58 -24.64 -13.74 0.86 0x0000FF
-6.81 -24.88 -13.82 -5.95 -24.76 -13.82 0.86 0x0000FF
-7.79 -25.25 -13.97 -6.81 -24.88 -13.82 0.86 0x0000FF
-9.14 -25.62 -14.04 -7.79 -25.25 -13.97 0.86 0x0000FF
-9.75 -25.74 -14.12 -9.14 -25.62 -14.04 0.86 0x0000FF
-10.11 -25.99 -14.2 -9.75 -25.74 -14.12 0.86 0x0000FF
-11.47 -26.48 -13.89 -10.11 -25.99 -14.2 0.86 0x0000FF
-12.53 -27.2 -13.21 -11.47 -26.48 -13.89 0.615 0x0000FF
-13.39 -27.69 -13.06 -12.53 -27.2 -13.21 0.615 0x0000FF
-14.99 -28.42 -12.83 -13.39 -27.69 -13.06 0.615 0x0000FF
-17.32 -30.14 -12.68 -14.99 -28.42 -12.83 0.615 0x0000FF
-19.39 -31.98 -12.45 -17.32 -30.14 -12.68 0.615 0x0000FF
-22.1 -33.58 -12.3 -19.39 -31.98 -12.45 0.615 0x0000FF
-24.68 -34.93 -12.15 -22.1 -33.58 -12.3 0.615 0x0000FF
-27.25 -35.67 -12.0 -24.68 -34.93 -12.15 0.615 0x0000FF
-27.99 -36.15 -11.62 -27.25 -35.67 -12.0 0.43 0x0000FF
-28.48 -36.28 -11.62 -27.99 -36.15 -11.62 0.43 0x0000FF
-28.97 -36.65 -11.62 -28.48 -36.28 -11.62 0.43 0x0000FF
-29.46 -37.02 -11.85 -28.97 -36.65 -11.62 0.43 0x0000FF
-29.95 -37.26 -11.85 -29.46 -37.02 -11.85 0.43 0x0000FF
-31.18 -37.88 -11.85 -29.95 -37.26 -11.85 0.43 0x0000FF
-32.4 -38.61 -12.0 -31.18 -37.88 -11.85 0.43 0x0000FF
-33.51 -39.22 -12.07 -32.4 -38.61 -12.0 0.43 0x0000FF
-36.09 -41.68 -12.07 -33.51 -39.22 -12.07 0.43 0x0000FF
-38.42 -43.28 -12.23 -36.09 -41.68 -12.07 0.43 0x0000FF
-41.12 -45.36 -12.53 -38.42 -43.28 -12.23 0.43 0x0000FF
-43.32 -46.84 -11.77 -41.12 -45.36 -12.53 0.43 0x0000FF
-44.8 -47.82 -12.91 -43.32 -46.84 -11.77 0.43 0x0000FF
-45.94 -49.21 -12.6 -44.8 -47.82 -12.91 0.305 0x0000FF
-46.67 -50.32 -13.44 -45.94 -49.21 -12.6 0.305 0x0000FF
-48.39 -52.16 -13.89 -46.67 -50.32 -13.44 0.305 0x0000FF
-50.23 -53.88 -14.57 -48.39 -52.16 -13.89 0.305 0x0000FF
-51.21 -55.35 -15.03 -50.23 -53.88 -14.57 0.305 0x0000FF
-53.54 -58.3 -15.94 -51.21 -55.35 -15.03 0.305 0x0000FF
-54.52 -60.02 -16.23 -53.54 -58.3 -15.94 0.305 0x0000FF
-56.48 -65.78 -17.98 -54.52 -60.02 -16.23 0.305 0x0000FF
-58.2 -69.47 -18.59 -56.48 -65.78 -17.98 0.305 0x0000FF
-66.91 -83.09 -19.35 -58.2 -69.47 -18.59 0.305 0x0000FF
-70.34 -88.86 -19.64 -66.91 -83.09 -19.35 0.305 0x0000FF
-74.64 -93.4 -20.56 -70.34 -88.86 -19.64 0.305 0x0000FF
-75.62 -95.12 -19.95 -74.64 -93.4 -20.56 0.305 0x0000FF
-77.09 -96.35 -19.27 -75.62 -95.12 -19.95 0.305 0x0000FF
-78.44 -98.44 -18.36 -77.09 -96.35 -19.27 0.305 0x0000FF
-82.37 -103.96 -18.29 -78.44 -98.44 -18.36 0.305 0x0000FF
-84.94 -109.97 -18.13 -82.37 -103.96 -18.29 0.305 0x0000FF
-87.4 -114.88 -18.13 -84.94 -109.97 -18.13 0.305 0x0000FF
-88.26 -118.81 -18.97 -87.4 -114.88 -18.13 0.305 0x0000FF
-88.62 -121.51 -19.88 -88.26 -118.81 -18.97 0.305 0x0000FF
-88.5 -122.74 -20.1 -88.62 -121.51 -19.88 0.305 0x0000FF
-88.62 -123.48 -20.32 -88.5 -122.74 -20.1 0.305 0x0000FF
-90.51 -125.13 -21.09 -88.62 -123.48 -20.32 0.245 0x0000FF
-90.87 -126.35 -21.24 -90.51 -125.13 -21.09 0.185 0x0000FF
-90.75 -127.83 -21.47 -90.87 -126.35 -21.24 0.185 0x0000FF
-92.84 -130.77 -21.54 -90.75 -127.83 -21.47 0.185 0x0000FF
-46.64 -47.45 -11.54 -44.8 -47.82 -12.91 0.37 0x0000FF
-48.72 -48.06 -11.24 -46.64 -47.45 -11.54 0.305 0x0000FF
-50.07 -49.29 -11.01 -48.72 -48.06 -11.24 0.305 0x0000FF
-52.77 -51.5 -10.48 -50.07 -49.29 -11.01 0.305 0x0000FF
-55.84 -53.1 -10.41 -52.77 -51.5 -10.48 0.305 0x0000FF
-59.15 -54.2 -10.02 -55.84 -53.1 -10.41 0.305 0x0000FF
-63.93 -54.82 -9.8 -59.15 -54.2 -10.02 0.305 0x0000FF
-67.0 -55.8 -9.35 -63.93 -54.82 -9.8 0.305 0x0000FF
-69.33 -58.62 -9.19 -67.0 -55.8 -9.35 0.305 0x0000FF
-70.68 -60.58 -9.19 -69.33 -58.62 -9.19 0.305 0x0000FF
-73.38 -61.81 -9.11 -70.68 -60.58 -9.19 0.305 0x0000FF
-74.73 -62.92 -9.11 -73.38 -61.81 -9.11 0.305 0x0000FF
-75.45 -63.41 -9.03 -74.73 -62.92 -9.11 0.305 0x0000FF
-77.83 -65.66 -8.28 -75.45 -63.41 -9.03 0.305 0x0000FF
-78.93 -67.38 -7.15 -77.83 -65.66 -8.28 0.305 0x0000FF
-80.9 -68.98 -6.85 -78.93 -67.38 -7.15 0.305 0x0000FF
-82.74 -70.33 -6.32 -80.9 -68.98 -6.85 0.305 0x0000FF
-84.58 -71.55 -5.94 -82.74 -70.33 -6.32 0.305 0x0000FF
-86.78 -72.66 -5.71 -84.58 -71.55 -5.94 0.305 0x0000FF
-89.61 -74.5 -5.64 -86.78 -72.66 -5.71 0.305 0x0000FF
-30.93 -34.44 -11.92 -27.25 -35.67 -12.0 0.43 0x0000FF
-34.74 -33.58 -11.7 -30.93 -34.44 -11.92 0.43 0x0000FF
-36.58 -33.33 -12.23 -34.74 -33.58 -11.7 0.37 0x0000FF
-39.77 -32.11 -12.76 -36.58 -33.33 -12.23 0.37 0x0000FF
-42.34 -31.13 -13.14 -39.77 -32.11 -12.76 0.37 0x0000FF
-46.27 -29.78 -13.51 -42.34 -31.13 -13.14 0.37 0x0000FF
-49.46 -27.2 -13.89 -46.27 -29.78 -13.51 0.37 0x0000FF
-51.42 -25.97 -13.51 -49.46 -27.2 -13.89 0.37 0x0000FF
-52.77 -25.36 -12.45 -51.42 -25.97 -13.51 0.37 0x0000FF
-54.73 -23.88 -11.77 -52.77 -25.36 -12.45 0.37 0x0000FF
-57.55 -22.29 -11.09 -54.73 -23.88 -11.77 0.37 0x0000FF
-60.01 -19.59 -10.71 -57.55 -22.29 -11.09 0.37 0x0000FF
-60.5 -17.62 -10.26 -60.01 -19.59 -10.71 0.37 0x0000FF
-61.48 -16.27 -10.18 -60.5 -17.62 -10.26 0.37 0x0000FF
-65.4 -15.41 -10.11 -61.48 -16.27 -10.18 0.37 0x0000FF
-69.58 -11.61 -9.65 -65.4 -15.41 -10.11 0.37 0x0000FF
-70.56 -10.5 -9.5 -69.58 -11.61 -9.65 0.37 0x0000FF
-71.78 -9.15 -9.42 -70.56 -10.5 -9.5 0.37 0x0000FF
-72.76 -7.56 -9.19 -71.78 -9.15 -9.42 0.37 0x0000FF
-74.84 -6.21 -8.89 -72.76 -7.56 -9.19 0.37 0x0000FF
-76.31 -5.96 -8.59 -74.84 -6.21 -8.89 0.37 0x0000FF
-77.79 -4.98 -8.44 -76.31 -5.96 -8.59 0.37 0x0000FF
-79.39 -4.61 -7.83 -77.79 -4.98 -8.44 0.37 0x0000FF
-80.98 -3.51 -8.21 -79.39 -4.61 -7.83 0.305 0x0000FF
-83.31 -2.4 -9.19 -80.98 -3.51 -8.21 0.305 0x0000FF
-85.77 -0.56 -9.35 -83.31 -2.4 -9.19 0.305 0x0000FF
-87.36 -0.44 -10.02 -85.77 -0.56 -9.35 0.305 0x0000FF
-88.96 -0.56 -10.18 -87.36 -0.44 -10.02 0.305 0x0000FF
-90.06 -0.81 -10.48 -88.96 -0.56 -10.18 0.305 0x0000FF
-90.92 -0.81 -11.09 -90.06 -0.81 -10.48 0.305 0x0000FF
-91.04 -0.81 -11.47 -90.92 -0.81 -11.09 0.305 0x0000FF
-93.5 -1.05 -11.85 -91.04 -0.81 -11.47 0.305 0x0000FF
-94.6 -1.18 -11.92 -93.5 -1.05 -11.85 0.305 0x0000FF
-97.18 -1.54 -12.15 -94.6 -1.18 -11.92 0.305 0x0000FF
-101.59 -1.79 -12.83 -97.18 -1.54 -12.15 0.305 0x0000FF
-102.57 -1.67 -13.06 -101.59 -1.79 -12.83 0.305 0x0000FF
-103.19 -1.3 -13.29 -102.57 -1.67 -13.06 0.305 0x0000FF
-104.66 -0.81 -14.35 -103.19 -1.3 -13.29 0.305 0x0000FF
-104.78 -0.68 -15.03 -104.66 -0.81 -14.35 0.305 0x0000FF
-105.39 -0.32 -15.33 -104.78 -0.68 -15.03 0.305 0x0000FF
-105.76 -0.19 -15.48 -105.39 -0.32 -15.33 0.305 0x0000FF
-106.13 0.42 -16.09 -105.76 -0.19 -15.48 0.305 0x0000FF
-106.38 0.79 -16.54 -106.13 0.42 -16.09 0.305 0x0000FF
-108.71 1.4 -16.77 -106.38 0.79 -16.54 0.305 0x0000FF
-109.32 1.28 -17.82 -108.71 1.4 -16.77 0.305 0x0000FF
-109.57 1.4 -18.29 -109.32 1.28 -17.82 0.305 0x0000FF
-109.69 1.4 -19.64 -109.57 1.4 -18.29 0.305 0x0000FF
-109.69 1.4 -20.94 -109.69 1.4 -19.64 0.305 0x0000FF
-110.42 4.23 -21.62 -109.69 1.4 -20.94 0.305 0x0000FF
-110.67 5.33 -22.15 -110.42 4.23 -21.62 0.305 0x0000FF
-110.18 6.44 -22.3 -110.67 5.33 -22.15 0.305 0x0000FF
-110.06 7.79 -22.98 -110.18 6.44 -22.3 0.305 0x0000FF
-111.04 9.5 -23.36 -110.06 7.79 -22.98 0.305 0x0000FF
-112.88 11.22 -23.59 -111.04 9.5 -23.36 0.305 0x0000FF
-114.72 12.08 -23.66 -112.88 11.22 -23.59 0.305 0x0000FF
-116.31 12.45 -23.74 -114.72 12.08 -23.66 0.305 0x0000FF
-117.66 12.57 -24.12 -116.31 12.45 -23.74 0.305 0x0000FF
-118.28 12.7 -24.95 -117.66 12.57 -24.12 0.305 0x0000FF
-118.89 12.82 -25.26 -118.28 12.7 -24.95 0.305 0x0000FF
-120.12 12.82 -25.56 -118.89 12.82 -25.26 0.305 0x0000FF
-120.12 12.82 -27.45 -120.12 12.82 -25.56 0.305 0x0000FF
-120.61 13.19 -28.06 -120.12 12.82 -27.45 0.305 0x0000FF
-121.22 13.43 -31.01 -120.61 13.19 -28.06 0.305 0x0000FF
-121.46 13.55 -31.69 -121.22 13.43 -31.01 0.305 0x0000FF
-122.08 13.8 -32.29 -121.46 13.55 -31.69 0.305 0x0000FF
-124.16 15.03 -32.45 -122.08 13.8 -32.29 0.305 0x0000FF
-124.78 14.29 -32.45 -124.16 15.03 -32.45 0.305 0x0000FF
-12.94 -26.48 -13.59 -11.47 -26.48 -13.89 0.43 0x0000FF
-15.15 -25.62 -13.44 -12.94 -26.48 -13.59 0.43 0x0000FF
-17.61 -25.13 -13.21 -15.15 -25.62 -13.44 0.43 0x0000FF
-19.07 -24.39 -12.76 -17.61 -25.13 -13.21 0.43 0x0000FF
-20.43 -23.17 -12.68 -19.07 -24.39 -12.76 0.43 0x0000FF
-23.49 -21.94 -12.07 -20.43 -23.17 -12.68 0.43 0x0000FF
-25.09 -21.82 -11.77 -23.49 -21.94 -12.07 0.43 0x0000FF
-28.65 -21.32 -11.77 -25.09 -21.82 -11.77 0.43 0x0000FF
-30.49 -19.97 -11.47 -28.65 -21.32 -11.77 0.43 0x0000FF
-31.59 -18.01 -11.24 -30.49 -19.97 -11.47 0.43 0x0000FF
-33.18 -17.27 -10.94 -31.59 -18.01 -11.24 0.43 0x0000FF
-35.64 -16.17 -10.41 -33.18 -17.27 -10.94 0.43 0x0000FF
-36.74 -15.43 -10.11 -35.64 -16.17 -10.41 0.43 0x0000FF
-39.44 -13.71 -9.57 -36.74 -15.43 -10.11 0.43 0x0000FF
-41.04 -13.71 -9.42 -39.44 -13.71 -9.57 0.43 0x0000FF
-44.1 -13.1 -9.35 -41.04 -13.71 -9.42 0.43 0x0000FF
-48.76 -11.14 -8.89 -44.1 -13.1 -9.35 0.43 0x0000FF
-51.58 -9.05 -8.74 -48.76 -11.14 -8.89 0.43 0x0000FF
-52.93 -7.09 -8.67 -51.58 -9.05 -8.74 0.37 0x0000FF
-53.55 -5.61 -8.67 -52.93 -7.09 -8.67 0.37 0x0000FF
-54.65 -5.0 -8.59 -53.55 -5.61 -8.67 0.305 0x0000FF
-56.61 -4.01 -8.51 -54.65 -5.0 -8.59 0.305 0x0000FF
-58.82 -2.91 -8.51 -56.61 -4.01 -8.51 0.305 0x0000FF
-61.97 -1.3 -8.21 -58.82 -2.91 -8.51 0.305 0x0000FF
-69.2 0.3 -8.82 -61.97 -1.3 -8.21 0.305 0x0000FF
-77.92 2.02 -9.42 -69.2 0.3 -8.82 0.305 0x0000FF
-79.14 2.38 -8.74 -77.92 2.02 -9.42 0.305 0x0000FF
-79.39 2.5 -7.98 -79.14 2.38 -8.74 0.305 0x0000FF
-82.33 3.12 -7.15 -79.39 2.5 -7.98 0.305 0x0000FF
-86.63 3.0 -6.39 -82.33 3.12 -7.15 0.305 0x0000FF
-92.27 5.21 -6.17 -86.63 3.0 -6.39 0.305 0x0000FF
-96.32 8.52 -4.95 -92.27 5.21 -6.17 0.305 0x0000FF
-104.29 12.45 -4.2 -96.32 8.52 -4.95 0.305 0x0000FF
-110.3 13.8 -3.59 -104.29 12.45 -4.2 0.305 0x0000FF
-117.42 16.5 -2.68 -110.3 13.8 -3.59 0.305 0x0000FF
-119.99 18.22 -2.68 -117.42 16.5 -2.68 0.245 0x0000FF
-122.57 19.45 -2.61 -119.99 18.22 -2.68 0.245 0x0000FF
-125.64 19.8 -2.52 -122.57 19.45 -2.61 0.185 0x0000FF
-128.58 20.3 -2.45 -125.64 19.8 -2.52 0.185 0x0000FF
-130.91 20.05 -2.23 -128.58 20.3 -2.45 0.185 0x0000FF
-134.71 19.57 -1.92 -130.91 20.05 -2.23 0.185 0x0000FF
-136.43 19.32 -1.77 -134.71 19.57 -1.92 0.185 0x0000FF
-137.41 18.82 -1.47 -136.43 19.32 -1.77 0.185 0x0000FF
-138.27 18.46 -1.47 -137.41 18.82 -1.47 0.185 0x0000FF
26.24 -32.9 -8.89 24.87 -22.89 -10.68 0.735 0x0000FF
26.36 -33.52 -8.89 26.24 -32.9 -8.89 0.735 0x0000FF
26.24 -34.61 -8.67 26.36 -33.52 -8.89 0.615 0x0000FF
26.49 -35.24 -8.44 26.24 -34.61 -8.67 0.615 0x0000FF
26.49 -35.85 -8.67 26.49 -35.24 -8.44 0.615 0x0000FF
26.36 -37.32 -9.11 26.49 -35.85 -8.67 0.49 0x0000FF
26.36 -38.06 -9.35 26.36 -37.32 -9.11 0.49 0x0000FF
26.36 -38.29 -9.57 26.36 -38.06 -9.35 0.49 0x0000FF
26.24 -38.79 -9.73 26.36 -38.29 -9.57 0.49 0x0000FF
26.12 -40.27 -9.94 26.24 -38.79 -9.73 0.49 0x0000FF
25.75 -41.37 -10.11 26.12 -40.27 -9.94 0.49 0x0000FF
25.51 -42.36 -10.33 25.75 -41.37 -10.11 0.49 0x0000FF
25.51 -42.97 -10.48 25.51 -42.36 -10.33 0.49 0x0000FF
25.51 -43.34 -10.71 25.51 -42.97 -10.48 0.49 0x0000FF
24.77 -45.3 -11.09 25.51 -43.34 -10.71 0.43 0x0000FF
24.77 -45.92 -11.39 24.77 -45.3 -11.09 0.43 0x0000FF
24.65 -46.28 -11.92 24.77 -45.92 -11.39 0.43 0x0000FF
24.4 -48.49 -14.57 24.65 -46.28 -11.92 0.43 0x0000FF
23.79 -49.6 -16.23 24.4 -48.49 -14.57 0.43 0x0000FF
23.17 -52.54 -16.7 23.79 -49.6 -16.23 0.43 0x0000FF
23.05 -53.77 -18.05 23.17 -52.54 -16.7 0.43 0x0000FF
23.3 -56.1 -18.59 23.05 -53.77 -18.05 0.43 0x0000FF
22.81 -58.07 -19.04 23.3 -56.1 -18.59 0.43 0x0000FF
21.21 -64.94 -19.2 22.81 -58.07 -19.04 0.37 0x0000FF
21.21 -66.66 -19.27 21.21 -64.94 -19.2 0.37 0x0000FF
18.64 -70.45 -19.35 21.21 -66.66 -19.27 0.37 0x0000FF
17.53 -73.04 -19.35 18.64 -70.45 -19.35 0.37 0x0000FF
15.69 -78.2 -19.57 17.53 -73.04 -19.35 0.37 0x0000FF
12.87 -82.98 -19.57 15.69 -78.2 -19.57 0.37 0x0000FF
11.4 -85.07 -19.57 12.87 -82.98 -19.57 0.37 0x0000FF
11.64 -85.81 -19.57 11.4 -85.07 -19.57 0.37 0x0000FF
10.0 -90.92 -19.2 11.64 -85.81 -19.57 0.37 0x0000FF
7.43 -94.36 -18.66 10.0 -90.92 -19.2 0.37 0x0000FF
6.2 -95.83 -18.51 7.43 -94.36 -18.66 0.37 0x0000FF
5.95 -98.16 -17.82 6.2 -95.83 -18.51 0.37 0x0000FF
4.24 -104.42 -16.85 5.95 -98.16 -17.82 0.37 0x0000FF
0.68 -108.97 -15.79 4.24 -104.42 -16.85 0.37 0x0000FF
0.19 -116.21 -15.03 0.68 -108.97 -15.79 0.37 0x0000FF
-1.41 -123.7 -13.82 0.19 -116.21 -15.03 0.37 0x0000FF
-1.9 -126.52 -14.2 -1.41 -123.7 -13.82 0.37 0x0000FF
-3.0 -127.75 -14.27 -1.9 -126.52 -14.2 0.305 0x0000FF
31.35 -29.79 -13.74 24.87 -22.89 -10.68 2.145 0x0000FF
31.72 -30.28 -13.74 31.35 -29.79 -13.74 2.145 0x0000FF
32.7 -31.02 -13.74 31.72 -30.28 -13.74 2.145 0x0000FF
33.31 -31.39 -13.74 32.7 -31.02 -13.74 2.145 0x0000FF
33.31 -31.76 -13.74 33.31 -31.39 -13.74 2.145 0x0000FF
33.56 -32.0 -13.74 33.31 -31.76 -13.74 2.145 0x0000FF
34.9 -31.39 -13.74 33.56 -32.0 -13.74 0.55 0x0000FF
35.76 -31.76 -13.89 34.9 -31.39 -13.74 0.55 0x0000FF
37.47 -32.0 -14.73 35.76 -31.76 -13.89 0.55 0x0000FF
38.58 -32.49 -15.1 37.47 -32.0 -14.73 0.55 0x0000FF
39.93 -32.61 -16.17 38.58 -32.49 -15.1 0.55 0x0000FF
41.9 -33.35 -18.73 39.93 -32.61 -16.17 0.55 0x0000FF
42.63 -33.35 -20.41 41.9 -33.35 -18.73 0.55 0x0000FF
44.6 -32.49 -20.71 42.63 -33.35 -20.41 0.55 0x0000FF
46.56 -32.13 -21.24 44.6 -32.49 -20.71 0.55 0x0000FF
49.87 -30.78 -21.32 46.56 -32.13 -21.24 0.55 0x0000FF
53.43 -29.06 -21.62 49.87 -30.78 -21.32 0.55 0x0000FF
56.49 -27.95 -22.3 53.43 -29.06 -21.62 0.55 0x0000FF
57.72 -28.08 -21.62 56.49 -27.95 -22.3 0.55 0x0000FF
59.32 -27.83 -21.01 57.72 -28.08 -21.62 0.55 0x0000FF
62.38 -26.36 -21.01 59.32 -27.83 -21.01 0.37 0x0000FF
64.09 -25.74 -20.26 62.38 -26.36 -21.01 0.37 0x0000FF
66.43 -25.13 -19.42 64.09 -25.74 -20.26 0.37 0x0000FF
69.25 -24.64 -19.2 66.43 -25.13 -19.42 0.37 0x0000FF
70.97 -23.9 -18.97 69.25 -24.64 -19.2 0.37 0x0000FF
72.56 -23.29 -18.73 70.97 -23.9 -18.97 0.37 0x0000FF
76.28 -22.64 -17.76 72.56 -23.29 -18.73 0.37 0x0000FF
76.65 -22.52 -17.6 76.28 -22.64 -17.76 0.37 0x0000FF
77.39 -22.52 -17.45 76.65 -22.52 -17.6 0.37 0x0000FF
78.0 -22.64 -17.38 77.39 -22.52 -17.45 0.37 0x0000FF
78.48 -22.89 -17.23 78.0 -22.64 -17.38 0.37 0x0000FF
79.34 -23.26 -17.07 78.48 -22.89 -17.23 0.37 0x0000FF
80.2 -23.5 -16.85 79.34 -23.26 -17.07 0.37 0x0000FF
80.7 -23.75 -16.7 80.2 -23.5 -16.85 0.37 0x0000FF
81.43 -24.12 -16.39 80.7 -23.75 -16.7 0.37 0x0000FF
82.66 -24.48 -16.23 81.43 -24.12 -16.39 0.37 0x0000FF
83.64 -24.36 -16.01 82.66 -24.48 -16.23 0.37 0x0000FF
85.24 -23.63 -15.94 83.64 -24.36 -16.01 0.37 0x0000FF
85.97 -23.26 -15.79 85.24 -23.63 -15.94 0.37 0x0000FF
86.46 -23.01 -15.63 85.97 -23.26 -15.79 0.37 0x0000FF
87.2 -22.77 -15.33 86.46 -23.01 -15.63 0.37 0x0000FF
87.57 -22.52 -15.1 87.2 -22.77 -15.33 0.37 0x0000FF
88.06 -22.52 -14.8 87.57 -22.52 -15.1 0.37 0x0000FF
89.78 -22.4 -14.65 88.06 -22.52 -14.8 0.37 0x0000FF
90.51 -22.4 -14.35 89.78 -22.4 -14.65 0.37 0x0000FF
91.74 -22.64 -14.27 90.51 -22.4 -14.35 0.37 0x0000FF
92.35 -22.77 -14.35 91.74 -22.64 -14.27 0.37 0x0000FF
92.96 -22.89 -14.27 92.35 -22.77 -14.35 0.37 0x0000FF
93.46 -23.01 -14.27 92.96 -22.89 -14.27 0.37 0x0000FF
62.26 -29.43 -20.94 59.32 -27.83 -21.01 0.37 0x0000FF
64.7 -31.27 -21.39 62.26 -29.43 -20.94 0.37 0x0000FF
67.53 -33.35 -21.62 64.7 -31.27 -21.39 0.37 0x0000FF
70.23 -36.04 -21.09 67.53 -33.35 -21.62 0.37 0x0000FF
75.14 -39.11 -20.86 70.23 -36.04 -21.09 0.37 0x0000FF
80.05 -41.82 -20.56 75.14 -39.11 -20.86 0.37 0x0000FF
82.01 -44.52 -20.71 80.05 -41.82 -20.56 0.37 0x0000FF
82.38 -46.12 -21.39 82.01 -44.52 -20.71 0.37 0x0000FF
82.75 -48.82 -22.15 82.38 -46.12 -21.39 0.37 0x0000FF
84.22 -51.4 -22.91 82.75 -48.82 -22.15 0.37 0x0000FF
85.81 -52.13 -23.29 84.22 -51.4 -22.91 0.37 0x0000FF
88.76 -54.96 -24.04 85.81 -52.13 -23.29 0.37 0x0000FF
90.47 -56.8 -24.42 88.76 -54.96 -24.04 0.37 0x0000FF
93.54 -59.13 -24.8 90.47 -56.8 -24.42 0.37 0x0000FF
95.26 -61.46 -25.03 93.54 -59.13 -24.8 0.37 0x0000FF
96.85 -61.83 -25.18 95.26 -61.46 -25.03 0.37 0x0000FF
33.92 -32.99 -13.74 33.56 -32.0 -13.74 1.715 0x0000FF
34.17 -33.47 -14.2 33.92 -32.99 -13.74 1.715 0x0000FF
34.29 -33.47 -14.65 34.17 -33.47 -14.2 1.715 0x0000FF
34.4 -33.72 -14.57 34.29 -33.47 -14.65 1.715 0x0000FF
34.78 -34.21 -13.74 34.4 -33.72 -14.57 1.715 0x0000FF
35.06 -35.29 -13.74 34.78 -34.21 -13.74 1.715 0x0000FF
34.82 -36.15 -14.8 35.06 -35.29 -13.74 0.86 0x0000FF
34.82 -36.39 -15.1 34.82 -36.15 -14.8 0.86 0x0000FF
34.94 -36.76 -16.23 34.82 -36.39 -15.1 0.86 0x0000FF
34.94 -37.86 -16.54 34.94 -36.76 -16.23 0.86 0x0000FF
35.06 -39.34 -16.54 34.94 -37.86 -16.54 0.735 0x0000FF
34.82 -40.44 -17.23 35.06 -39.34 -16.54 0.675 0x0000FF
34.57 -41.06 -17.07 34.82 -40.44 -17.23 0.675 0x0000FF
34.45 -42.04 -16.77 34.57 -41.06 -17.07 0.675 0x0000FF
33.59 -44.98 -16.77 34.45 -42.04 -16.77 0.55 0x0000FF
33.22 -45.97 -16.85 33.59 -44.98 -16.77 0.55 0x0000FF
32.97 -46.58 -16.92 33.22 -45.97 -16.85 0.55 0x0000FF
32.24 -49.28 -17.3 32.97 -46.58 -16.92 0.49 0x0000FF
31.63 -50.75 -16.77 32.24 -49.28 -17.3 0.49 0x0000FF
31.02 -51.61 -15.86 31.63 -50.75 -16.77 0.37 0x0000FF
30.4 -52.35 -15.63 31.02 -51.61 -15.86 0.37 0x0000FF
29.79 -54.43 -15.18 30.4 -52.35 -15.63 0.305 0x0000FF
29.79 -54.68 -14.73 29.79 -54.43 -15.18 0.305 0x0000FF
29.18 -55.29 -14.35 29.79 -54.68 -14.73 0.305 0x0000FF
27.46 -56.52 -14.27 29.18 -55.29 -14.35 0.305 0x0000FF
26.48 -57.75 -19.04 27.46 -56.52 -14.27 0.245 0x0000FF
35.76 -35.56 -12.23 35.06 -35.29 -13.74 1.535 0x0000FF
36.25 -36.04 -11.85 35.76 -35.56 -12.23 1.41 0x0000FF
36.74 -37.04 -11.77 36.25 -36.04 -11.85 1.225 0x0000FF
37.36 -38.02 -11.7 36.74 -37.04 -11.77 0.92 0x0000FF
37.85 -38.39 -11.7 37.36 -38.02 -11.7 0.735 0x0000FF
38.58 -38.63 -11.47 37.85 -38.39 -11.7 0.735 0x0000FF
40.18 -39.0 -11.17 38.58 -38.63 -11.47 0.735 0x0000FF
43.49 -39.36 -10.48 40.18 -39.0 -11.17 0.675 0x0000FF
45.94 -39.36 -10.26 43.49 -39.36 -10.48 0.49 0x0000FF
48.52 -38.88 -10.11 45.94 -39.36 -10.26 0.49 0x0000FF
50.36 -37.4 -10.02 48.52 -38.88 -10.11 0.49 0x0000FF
51.46 -35.81 -9.94 50.36 -37.4 -10.02 0.49 0x0000FF
55.39 -33.72 -9.5 51.46 -35.81 -9.94 0.49 0x0000FF
59.07 -32.49 -8.89 55.39 -33.72 -9.5 0.49 0x0000FF
62.51 -32.0 -8.51 59.07 -32.49 -8.89 0.49 0x0000FF
64.47 -31.76 -7.98 62.51 -32.0 -8.51 0.49 0x0000FF
67.17 -31.51 -7.08 64.47 -31.76 -7.98 0.49 0x0000FF
69.98 -30.9 -6.62 67.17 -31.51 -7.08 0.49 0x0000FF
72.81 -30.65 -6.39 69.98 -30.9 -6.62 0.49 0x0000FF
74.4 -29.92 -4.5 72.81 -30.65 -6.39 0.49 0x0000FF
75.14 -29.55 -3.29 74.4 -29.92 -4.5 0.49 0x0000FF
76.37 -28.81 -1.32 75.14 -29.55 -3.29 0.49 0x0000FF
78.08 -26.97 -0.64 76.37 -28.81 -1.32 0.49 0x0000FF
79.56 -26.23 -0.03 78.08 -26.97 -0.64 0.37 0x0000FF
17.52 -23.01 -21.16 24.87 -22.89 -10.68 0.735 0x0000FF
14.95 -23.01 -20.79 17.52 -23.01 -21.16 0.735 0x0000FF
14.09 -23.01 -21.09 14.95 -23.01 -20.79 0.735 0x0000FF
13.47 -23.01 -21.62 14.09 -23.01 -21.09 0.735 0x0000FF
11.14 -23.01 -21.85 13.47 -23.01 -21.62 0.735 0x0000FF
9.18 -23.38 -22.68 11.14 -23.01 -21.85 0.675 0x0000FF
6.11 -24.36 -23.89 9.18 -23.38 -22.68 0.615 0x0000FF
2.31 -25.59 -25.94 6.11 -24.36 -23.89 0.55 0x0000FF
-0.39 -25.96 -27.38 2.31 -25.59 -25.94 0.55 0x0000FF
-3.09 -26.45 -28.29 -0.39 -25.96 -27.38 0.49 0x0000FF
-5.17 -26.45 -29.12 -3.09 -26.45 -28.29 0.49 0x0000FF
-6.52 -26.82 -29.72 -5.17 -26.45 -29.12 0.49 0x0000FF
-8.97 -27.92 -31.09 -6.52 -26.82 -29.72 0.49 0x0000FF
-10.45 -29.03 -32.15 -8.97 -27.92 -31.09 0.49 0x0000FF
-12.65 -29.52 -32.83 -10.45 -29.03 -32.15 0.49 0x0000FF
-14.98 -30.4 -33.89 -12.65 -29.52 -32.83 0.49 0x0000FF
-17.05 -30.77 -35.71 -14.98 -30.4 -33.89 0.49 0x0000FF
-17.19 -30.77 -36.54 -17.05 -30.77 -35.71 0.49 0x0000FF
-17.55 -31.02 -36.92 -17.19 -30.77 -36.54 0.49 0x0000FF
-17.92 -31.14 -37.07 -17.55 -31.02 -36.92 0.49 0x0000FF
-18.41 -31.26 -37.15 -17.92 -31.14 -37.07 0.49 0x0000FF
-19.27 -31.38 -37.38 -18.41 -31.26 -37.15 0.49 0x0000FF
-19.89 -31.38 -37.45 -19.27 -31.38 -37.38 0.49 0x0000FF
-20.25 -31.63 -37.45 -19.89 -31.38 -37.45 0.49 0x0000FF
-20.74 -31.88 -37.83 -20.25 -31.63 -37.45 0.49 0x0000FF
-21.24 -32.24 -38.13 -20.74 -31.88 -37.83 0.49 0x0000FF
-21.6 -32.49 -38.36 -21.24 -32.24 -38.13 0.49 0x0000FF
-21.85 -32.74 -38.51 -21.6 -32.49 -38.36 0.49 0x0000FF
-22.22 -32.97 -38.89 -21.85 -32.74 -38.51 0.49 0x0000FF
-22.71 -33.35 -38.89 -22.22 -32.97 -38.89 0.49 0x0000FF
-23.08 -33.84 -38.89 -22.71 -33.35 -38.89 0.49 0x0000FF
-23.32 -34.09 -38.89 -23.08 -33.84 -38.89 0.49 0x0000FF
-23.69 -34.45 -39.11 -23.32 -34.09 -38.89 0.49 0x0000FF
-24.42 -34.94 -39.42 -23.69 -34.45 -39.11 0.49 0x0000FF
-24.79 -35.19 -39.5 -24.42 -34.94 -39.42 0.49 0x0000FF
-25.9 -35.79 -39.65 -24.79 -35.19 -39.5 0.49 0x0000FF
-26.39 -36.04 -39.79 -25.9 -35.79 -39.65 0.49 0x0000FF
-26.63 -36.17 -40.18 -26.39 -36.04 -39.79 0.49 0x0000FF
-27.25 -36.42 -40.33 -26.63 -36.17 -40.18 0.49 0x0000FF
-27.74 -36.65 -40.33 -27.25 -36.42 -40.33 0.49 0x0000FF
-28.1 -36.79 -40.47 -27.74 -36.65 -40.33 0.49 0x0000FF
-28.35 -37.03 -40.63 -28.1 -36.79 -40.47 0.49 0x0000FF
-28.84 -37.15 -40.94 -28.35 -37.03 -40.63 0.49 0x0000FF
-29.21 -37.4 -41.16 -28.84 -37.15 -40.94 0.49 0x0000FF
-29.58 -37.77 -41.31 -29.21 -37.4 -41.16 0.49 0x0000FF
-30.31 -38.75 -42.83 -29.58 -37.77 -41.31 0.49 0x0000FF
-30.93 -38.75 -43.13 -30.31 -38.75 -42.83 0.49 0x0000FF
-31.42 -38.75 -43.36 -30.93 -38.75 -43.13 0.49 0x0000FF
-32.64 -38.75 -43.51 -31.42 -38.75 -43.36 0.49 0x0000FF
-33.01 -38.75 -43.66 -32.64 -38.75 -43.51 0.49 0x0000FF
-33.61 -38.75 -44.04 -33.01 -38.75 -43.66 0.49 0x0000FF
-34.47 -38.63 -44.34 -33.61 -38.75 -44.04 0.49 0x0000FF
-35.1 -38.5 -44.42 -34.47 -38.63 -44.34 0.49 0x0000FF
-36.57 -38.5 -45.86 -35.1 -38.5 -44.42 0.49 0x0000FF
-36.69 -38.38 -46.54 -36.57 -38.5 -45.86 0.49 0x0000FF
-37.06 -38.26 -47.07 -36.69 -38.38 -46.54 0.49 0x0000FF
-37.43 -38.14 -47.75 -37.06 -38.26 -47.07 0.49 0x0000FF
-37.79 -38.01 -47.75 -37.43 -38.14 -47.75 0.49 0x0000FF
-38.9 -36.9 -47.75 -37.79 -38.01 -47.75 0.43 0x0000FF
-39.27 -36.54 -47.75 -38.9 -36.9 -47.75 0.43 0x0000FF
-40.0 -35.79 -47.83 -39.27 -36.54 -47.75 0.43 0x0000FF
-40.49 -34.45 -47.9 -40.0 -35.79 -47.83 0.43 0x0000FF
-41.11 -33.22 -47.98 -40.49 -34.45 -47.9 0.43 0x0000FF
26.13 -14.73 -0.03 24.87 -22.89 -10.68 3.19 0x0000FF
26.37 -14.36 -0.03 26.13 -14.73 -0.03 3.19 0x0000FF
26.37 -12.64 -0.03 26.37 -14.36 -0.03 2.82 0x0000FF
26.25 -12.4 0.12 26.37 -12.64 -0.03 2.82 0x0000FF
25.76 -10.07 0.2 26.25 -12.4 0.12 2.27 0x0000FF
25.88 -9.44 0.2 25.76 -10.07 0.2 2.27 0x0000FF
25.64 -8.59 0.27 25.88 -9.44 0.2 2.27 0x0000FF
25.52 -8.1 0.35 25.64 -8.59 0.27 2.27 0x0000FF
25.52 -7.12 0.42 25.52 -8.1 0.35 2.27 0x0000FF
25.52 -6.75 0.42 25.52 -7.12 0.42 2.27 0x0000FF
25.52 -6.26 0.5 25.52 -6.75 0.42 2.27 0x0000FF
25.64 -5.52 0.5 25.52 -6.26 0.5 2.27 0x0000FF
25.76 -4.66 0.5 25.64 -5.52 0.5 2.27 0x0000FF
26.01 -3.07 0.5 25.76 -4.66 0.5 1.965 0x0000FF
25.64 -2.45 0.57 26.01 -3.07 0.5 1.965 0x0000FF
25.88 -1.84 0.57 25.64 -2.45 0.57 1.965 0x0000FF
26.01 -1.47 0.65 25.88 -1.84 0.57 1.965 0x0000FF
25.88 -0.86 0.8 26.01 -1.47 0.65 1.965 0x0000FF
25.88 -0.37 0.88 25.88 -0.86 0.8 1.965 0x0000FF
25.76 -0.49 0.35 25.88 -0.37 0.88 1.535 0x0000FF
26.13 -0.61 -2.29 25.76 -0.49 0.35 1.535 0x0000FF
26.13 -0.61 -2.52 26.13 -0.61 -2.29 1.535 0x0000FF
26.13 -0.49 -2.83 26.13 -0.61 -2.52 1.535 0x0000FF
26.13 -0.49 -3.14 26.13 -0.49 -2.83 1.535 0x0000FF
26.13 -0.37 -3.51 26.13 -0.49 -3.14 1.535 0x0000FF
26.13 -0.12 -4.73 26.13 -0.37 -3.51 1.535 0x0000FF
26.25 0.0 -5.26 26.13 -0.12 -4.73 1.535 0x0000FF
26.25 0.0 -6.01 26.25 0.0 -5.26 1.535 0x0000FF
26.13 0.25 -6.85 26.25 0.0 -6.01 1.535 0x0000FF
26.13 0.61 -6.85 26.13 0.25 -6.85 1.535 0x0000FF
26.13 0.61 -7.91 26.13 0.61 -6.85 1.535 0x0000FF
26.01 1.1 -8.14 26.13 0.61 -7.91 1.535 0x0000FF
25.88 1.47 -8.21 26.01 1.1 -8.14 1.535 0x0000FF
25.76 2.09 -8.51 25.88 1.47 -8.21 1.535 0x0000FF
25.76 2.45 -8.59 25.76 2.09 -8.51 1.535 0x0000FF
25.76 3.68 -8.67 25.76 2.45 -8.59 1.655 0x0000FF
26.13 4.17 -8.67 25.76 3.68 -8.67 1.655 0x0000FF
26.01 4.54 -8.74 26.13 4.17 -8.67 1.655 0x0000FF
26.01 4.91 -9.03 26.01 4.54 -8.74 1.655 0x0000FF
26.13 5.28 -9.42 26.01 4.91 -9.03 1.655 0x0000FF
26.25 5.77 -9.73 26.13 5.28 -9.42 1.655 0x0000FF
26.37 6.14 -9.8 26.25 5.77 -9.73 1.655 0x0000FF
26.37 6.51 -9.94 26.37 6.14 -9.8 1.655 0x0000FF
26.37 7.0 -9.94 26.37 6.51 -9.94 1.655 0x0000FF
26.62 7.49 -9.94 26.37 7.0 -9.94 1.655 0x0000FF
26.62 8.1 -10.02 26.62 7.49 -9.94 1.655 0x0000FF
26.62 8.59 -10.18 26.62 8.1 -10.02 1.655 0x0000FF
26.62 9.21 -10.33 26.62 8.59 -10.18 1.655 0x0000FF
26.74 9.69 -10.33 26.62 9.21 -10.33 1.655 0x0000FF
26.74 10.07 -10.33 26.74 9.69 -10.33 1.655 0x0000FF
26.86 10.56 -10.41 26.74 10.07 -10.33 1.655 0x0000FF
26.86 10.8 -10.48 26.86 10.56 -10.41 1.655 0x0000FF
27.11 11.29 -10.64 26.86 10.8 -10.48 1.655 0x0000FF
26.99 12.15 -10.33 27.11 11.29 -10.64 1.41 0x0000FF
27.11 12.77 -10.33 26.99 12.15 -10.33 1.41 0x0000FF
27.48 13.13 -10.33 27.11 12.77 -10.33 1.41 0x0000FF
27.6 13.5 -10.33 27.48 13.13 -10.33 1.41 0x0000FF
27.6 13.99 -10.33 27.6 13.5 -10.33 1.41 0x0000FF
27.48 14.85 -10.56 27.6 13.99 -10.33 1.41 0x0000FF
26.99 16.2 -10.18 27.48 14.85 -10.56 1.41 0x0000FF
26.99 17.18 -9.88 26.99 16.2 -10.18 1.41 0x0000FF
27.11 18.41 -9.27 26.99 17.18 -9.88 1.41 0x0000FF
27.11 20.13 -8.36 27.11 18.41 -9.27 1.41 0x0000FF
26.74 20.99 -8.06 27.11 20.13 -8.36 1.41 0x0000FF
26.74 21.85 -7.61 26.74 20.99 -8.06 1.41 0x0000FF
26.62 22.22 -7.23 26.74 21.85 -7.61 1.41 0x0000FF
26.62 22.95 -6.92 26.62 22.22 -7.23 1.41 0x0000FF
26.62 23.57 -6.85 26.62 22.95 -6.92 1.41 0x0000FF
26.62 24.67 -6.77 26.62 23.57 -6.85 1.41 0x0000FF
26.62 25.78 -6.62 26.62 24.67 -6.77 1.41 0x0000FF
26.5 26.51 -6.39 26.62 25.78 -6.62 1.41 0x0000FF
27.35 27.67 -7.23 26.5 26.51 -6.39 1.225 0x0000FF
27.47 28.4 -7.3 27.35 27.67 -7.23 1.225 0x0000FF
28.09 29.38 -7.45 27.47 28.4 -7.3 1.225 0x0000FF
28.45 30.61 -7.53 28.09 29.38 -7.45 1.225 0x0000FF
28.7 32.09 -7.76 28.45 30.61 -7.53 1.225 0x0000FF
28.82 32.45 -7.83 28.7 32.09 -7.76 1.225 0x0000FF
28.95 33.56 -7.91 28.82 32.45 -7.83 0.615 0x0000FF
28.95 34.54 -7.45 28.95 33.56 -7.91 0.615 0x0000FF
29.19 35.89 -7.38 28.95 34.54 -7.45 0.615 0x0000FF
29.07 39.33 -7.3 29.19 35.89 -7.38 0.615 0x0000FF
29.31 41.91 -7.3 29.07 39.33 -7.3 0.735 0x0000FF
29.19 43.62 -7.45 29.31 41.91 -7.3 0.735 0x0000FF
29.19 44.24 -7.76 29.19 43.62 -7.45 0.735 0x0000FF
29.07 44.97 -7.45 29.19 44.24 -7.76 0.735 0x0000FF
29.07 45.59 -6.92 29.07 44.97 -7.45 0.735 0x0000FF
29.07 46.08 -6.54 29.07 45.59 -6.92 0.735 0x0000FF
29.07 47.06 -6.32 29.07 46.08 -6.54 0.735 0x0000FF
28.45 49.15 -5.86 29.07 47.06 -6.32 0.735 0x0000FF
28.58 50.37 -5.64 28.45 49.15 -5.86 0.735 0x0000FF
28.45 51.6 -5.33 28.58 50.37 -5.64 0.735 0x0000FF
28.21 54.79 -5.18 28.45 51.6 -5.33 0.735 0x0000FF
27.72 58.48 -5.03 28.21 54.79 -5.18 0.735 0x0000FF
26.86 61.05 -4.5 27.72 58.48 -5.03 0.735 0x0000FF
24.65 68.05 -3.82 26.86 61.05 -4.5 0.735 0x0000FF
24.65 70.75 -3.51 24.65 68.05 -3.82 0.735 0x0000FF
24.65 74.56 -3.29 24.65 70.75 -3.51 0.735 0x0000FF
23.55 78.73 -2.98 24.65 74.56 -3.29 0.735 0x0000FF
22.32 83.76 -2.98 23.55 78.73 -2.98 0.735 0x0000FF
21.95 87.69 -2.76 22.32 83.76 -2.98 0.735 0x0000FF
22.08 92.72 -2.38 21.95 87.69 -2.76 0.735 0x0000FF
22.44 97.26 -2.29 22.08 92.72 -2.38 0.735 0x0000FF
23.43 101.19 -2.29 22.44 97.26 -2.29 0.735 0x0000FF
24.53 105.0 -2.83 23.43 101.19 -2.29 0.735 0x0000FF
25.27 107.94 -2.91 24.53 105.0 -2.83 0.735 0x0000FF
25.27 109.66 -2.98 25.27 107.94 -2.91 0.735 0x0000FF
25.63 111.01 -3.06 25.27 109.66 -2.98 0.735 0x0000FF
27.59 128.38 -3.29 25.63 111.01 -3.06 0.735 0x0000FF
27.59 132.32 -3.29 27.59 128.38 -3.29 0.615 0x0000FF
27.71 134.53 -3.29 27.59 132.32 -3.29 0.615 0x0000FF
29.43 137.47 -3.29 27.71 134.53 -3.29 0.615 0x0000FF
31.02 140.91 -3.51 29.43 137.47 -3.29 0.615 0x0000FF
32.61 146.8 -3.51 31.02 140.91 -3.51 0.615 0x0000FF
33.84 153.55 -3.59 32.61 146.8 -3.51 0.615 0x0000FF
34.33 156.13 -3.59 33.84 153.55 -3.59 0.55 0x0000FF
34.21 160.66 -3.59 34.33 156.13 -3.59 0.55 0x0000FF
34.58 164.11 -3.67 34.21 160.66 -3.59 0.55 0x0000FF
34.82 167.3 -3.74 34.58 164.11 -3.67 0.55 0x0000FF
34.95 169.63 -3.82 34.82 167.3 -3.74 0.55 0x0000FF
34.95 171.72 -3.82 34.95 169.63 -3.82 0.55 0x0000FF
35.19 172.46 -3.82 34.95 171.72 -3.82 0.55 0x0000FF
38.81 193.11 -3.97 35.19 172.46 -3.82 0.55 0x0000FF
38.57 197.4 -3.97 38.81 193.11 -3.97 0.55 0x0000FF
37.46 206.36 -3.97 38.57 197.4 -3.97 0.55 0x0000FF
36.72 210.17 -3.59 37.46 206.36 -3.97 0.55 0x0000FF
36.61 213.11 -3.36 36.72 210.17 -3.59 0.55 0x0000FF
36.61 215.32 -2.98 36.61 213.11 -3.36 0.55 0x0000FF
36.11 218.64 -2.76 36.61 215.32 -2.98 0.55 0x0000FF
35.01 223.79 -2.29 36.11 218.64 -2.76 0.55 0x0000FF
34.27 226.98 -2.15 35.01 223.79 -2.29 0.55 0x0000FF
33.54 229.07 -1.47 34.27 226.98 -2.15 0.55 0x0000FF
33.42 230.79 -1.32 33.54 229.07 -1.47 0.49 0x0000FF
33.29 232.38 -1.09 33.42 230.79 -1.32 0.49 0x0000FF
33.29 233.61 -1.02 33.29 232.38 -1.09 0.49 0x0000FF
32.36 237.88 0.05 33.29 233.61 -1.02 0.49 0x0000FF
32.11 239.23 0.27 32.36 237.88 0.05 0.49 0x0000FF
32.11 240.7 0.65 32.11 239.23 0.27 0.49 0x0000FF
31.75 243.28 0.95 32.11 240.7 0.65 0.49 0x0000FF
31.99 246.47 1.11 31.75 243.28 0.95 0.49 0x0000FF
31.63 248.93 1.18 31.99 246.47 1.11 0.49 0x0000FF
30.89 250.52 1.26 31.63 248.93 1.18 0.49 0x0000FF
31.5 252.98 1.41 30.89 250.52 1.26 0.49 0x0000FF
32.11 255.19 1.64 31.5 252.98 1.41 0.49 0x0000FF
32.24 257.27 1.86 32.11 255.19 1.64 0.49 0x0000FF
31.87 259.48 1.94 32.24 257.27 1.86 0.49 0x0000FF
30.42 32.7 -7.53 28.82 32.45 -7.83 0.615 0x0000FF
31.03 33.19 -7.38 30.42 32.7 -7.53 0.615 0x0000FF
31.4 33.44 -6.7 31.03 33.19 -7.38 0.615 0x0000FF
31.77 33.93 -6.39 31.4 33.44 -6.7 0.615 0x0000FF
32.38 34.42 -5.86 31.77 33.93 -6.39 0.615 0x0000FF
32.86 35.15 -5.71 32.38 34.42 -5.86 0.615 0x0000FF
33.72 35.77 -4.95 32.86 35.15 -5.71 0.43 0x0000FF
34.71 36.26 -4.5 33.72 35.77 -4.95 0.43 0x0000FF
35.69 37.24 -4.12 34.71 36.26 -4.5 0.43 0x0000FF
36.79 38.1 -3.82 35.69 37.24 -4.12 0.43 0x0000FF
38.51 39.45 -3.59 36.79 38.1 -3.82 0.305 0x0000FF
39.86 40.31 -3.59 38.51 39.45 -3.59 0.305 0x0000FF
40.97 41.29 -2.98 39.86 40.31 -3.59 0.305 0x0000FF
42.81 42.52 -2.52 40.97 41.29 -2.98 0.305 0x0000FF
43.42 43.01 -3.29 42.81 42.52 -2.52 0.305 0x0000FF
43.91 43.38 -3.82 43.42 43.01 -3.29 0.305 0x0000FF
44.65 44.24 -4.5 43.91 43.38 -3.82 0.305 0x0000FF
45.14 44.61 -4.8 44.65 44.24 -4.5 0.305 0x0000FF
46.49 46.32 -4.95 45.14 44.61 -4.8 0.305 0x0000FF
47.47 47.8 -5.33 46.49 46.32 -4.95 0.305 0x0000FF
47.96 48.17 -6.01 47.47 47.8 -5.33 0.305 0x0000FF
48.2 48.29 -6.47 47.96 48.17 -6.01 0.305 0x0000FF
50.78 48.9 -6.47 48.2 48.29 -6.47 0.305 0x0000FF
25.27 27.37 -6.39 26.5 26.51 -6.39 0.55 0x0000FF
24.66 27.62 -6.01 25.27 27.37 -6.39 0.55 0x0000FF
23.8 28.48 -5.56 24.66 27.62 -6.01 0.49 0x0000FF
23.68 29.21 -4.95 23.8 28.48 -5.56 0.49 0x0000FF
23.55 29.7 -5.56 23.68 29.21 -4.95 0.49 0x0000FF
23.55 30.44 -5.94 23.55 29.7 -5.56 0.49 0x0000FF
23.55 30.81 -6.09 23.55 30.44 -5.94 0.49 0x0000FF
23.55 31.55 -6.32 23.55 30.81 -6.09 0.49 0x0000FF
23.06 33.26 -6.85 23.55 31.55 -6.32 0.49 0x0000FF
22.69 34.11 -7.15 23.06 33.26 -6.85 0.49 0x0000FF
22.45 35.6 -7.45 22.69 34.11 -7.15 0.49 0x0000FF
21.84 37.44 -7.76 22.45 35.6 -7.45 0.49 0x0000FF
20.23 40.02 -7.91 21.84 37.44 -7.76 0.49 0x0000FF
18.77 42.1 -8.21 20.23 40.02 -7.91 0.49 0x0000FF
18.64 44.43 -9.27 18.77 42.1 -8.21 0.49 0x0000FF
17.79 46.15 -9.35 18.64 44.43 -9.27 0.49 0x0000FF
16.68 47.63 -9.35 17.79 46.15 -9.35 0.37 0x0000FF
16.44 48.73 -9.42 16.68 47.63 -9.35 0.37 0x0000FF
16.32 49.34 -9.5 16.44 48.73 -9.42 0.37 0x0000FF
16.44 49.84 -9.5 16.32 49.34 -9.5 0.37 0x0000FF
15.82 54.06 -10.18 16.44 49.84 -9.5 0.37 0x0000FF
14.59 55.04 -10.33 15.82 54.06 -10.18 0.37 0x0000FF
13.98 56.02 -10.79 14.59 55.04 -10.33 0.37 0x0000FF
13.12 57.99 -10.94 13.98 56.02 -10.79 0.37 0x0000FF
12.51 58.97 -11.62 13.12 57.99 -10.94 0.37 0x0000FF
11.77 60.07 -11.92 12.51 58.97 -11.62 0.37 0x0000FF
10.55 62.04 -12.0 11.77 60.07 -11.92 0.37 0x0000FF
9.19 63.88 -12.53 10.55 62.04 -12.0 0.37 0x0000FF
7.36 65.34 -12.91 9.19 63.88 -12.53 0.37 0x0000FF
5.27 66.81 -13.06 7.36 65.34 -12.91 0.37 0x0000FF
3.68 68.17 -13.21 5.27 66.81 -13.06 0.37 0x0000FF
1.71 69.52 -13.51 3.68 68.17 -13.21 0.37 0x0000FF
0.61 70.26 -13.82 1.71 69.52 -13.51 0.37 0x0000FF
-0.62 71.0 -14.04 0.61 70.26 -13.82 0.37 0x0000FF
-2.34 71.61 -14.2 -0.62 71.0 -14.04 0.37 0x0000FF
-5.03 72.09 -14.42 -2.34 71.61 -14.2 0.245 0x0000FF
28.83 14.36 -10.02 27.6 13.99 -10.33 0.675 0x0000FF
28.95 14.73 -10.02 28.83 14.36 -10.02 0.675 0x0000FF
29.2 14.98 -10.33 28.95 14.73 -10.02 0.675 0x0000FF
29.44 15.1 -10.33 29.2 14.98 -10.33 0.675 0x0000FF
29.56 15.22 -10.64 29.44 15.1 -10.33 0.675 0x0000FF
29.81 15.34 -10.79 29.56 15.22 -10.64 0.675 0x0000FF
30.05 15.59 -11.09 29.81 15.34 -10.79 0.675 0x0000FF
30.3 15.83 -11.24 30.05 15.59 -11.09 0.675 0x0000FF
30.67 16.82 -11.47 30.3 15.83 -11.24 0.675 0x0000FF
30.67 16.82 -11.77 30.67 16.82 -11.47 0.675 0x0000FF
30.91 17.05 -12.07 30.67 16.82 -11.77 0.675 0x0000FF
31.4 17.43 -12.15 30.91 17.05 -12.07 0.675 0x0000FF
31.77 17.92 -12.23 31.4 17.43 -12.15 0.675 0x0000FF
32.02 18.66 -12.23 31.77 17.92 -12.23 0.675 0x0000FF
32.02 18.89 -12.53 32.02 18.66 -12.23 0.675 0x0000FF
32.14 20.38 -12.76 32.02 18.89 -12.53 0.55 0x0000FF
32.51 20.74 -12.76 32.14 20.38 -12.76 0.55 0x0000FF
32.88 20.99 -13.21 32.51 20.74 -12.76 0.55 0x0000FF
33.24 21.36 -13.36 32.88 20.99 -13.21 0.55 0x0000FF
33.49 21.73 -13.36 33.24 21.36 -13.36 0.55 0x0000FF
33.72 21.85 -13.59 33.49 21.73 -13.36 0.55 0x0000FF
33.86 22.34 -13.74 33.72 21.85 -13.59 0.55 0x0000FF
34.47 23.44 -13.82 33.86 22.34 -13.74 0.55 0x0000FF
34.84 23.94 -13.82 34.47 23.44 -13.82 0.43 0x0000FF
35.08 24.55 -13.89 34.84 23.94 -13.82 0.43 0x0000FF
36.43 28.35 -14.73 35.08 24.55 -13.89 0.43 0x0000FF
37.29 28.85 -14.8 36.43 28.35 -14.73 0.43 0x0000FF
38.15 29.34 -14.95 37.29 28.85 -14.8 0.43 0x0000FF
38.4 29.46 -15.03 38.15 29.34 -14.95 0.43 0x0000FF
39.13 29.95 -15.63 38.4 29.46 -15.03 0.43 0x0000FF
40.47 30.93 -15.86 39.13 29.95 -15.63 0.43 0x0000FF
41.34 31.91 -15.86 40.47 30.93 -15.86 0.43 0x0000FF
42.2 33.02 -15.86 41.34 31.91 -15.86 0.43 0x0000FF
42.69 34.49 -15.86 42.2 33.02 -15.86 0.43 0x0000FF
42.93 35.84 -15.94 42.69 34.49 -15.86 0.43 0x0000FF
43.3 36.82 -16.23 42.93 35.84 -15.94 0.43 0x0000FF
43.43 37.81 -16.39 43.3 36.82 -16.23 0.43 0x0000FF
48.82 43.58 -16.62 43.43 37.81 -16.39 0.43 0x0000FF
50.79 45.05 -16.77 48.82 43.58 -16.62 0.43 0x0000FF
52.5 45.91 -16.92 50.79 45.05 -16.77 0.43 0x0000FF
53.48 46.4 -16.92 52.5 45.91 -16.92 0.43 0x0000FF
54.34 46.64 -17.0 53.48 46.4 -16.92 0.43 0x0000FF
54.83 46.89 -17.07 54.34 46.64 -17.0 0.43 0x0000FF
56.43 47.26 -17.14 54.83 46.89 -17.07 0.43 0x0000FF
58.39 47.38 -17.14 56.43 47.26 -17.14 0.43 0x0000FF
59.37 47.26 -17.14 58.39 47.38 -17.14 0.43 0x0000FF
59.99 47.13 -17.3 59.37 47.26 -17.14 0.43 0x0000FF
60.97 46.77 -17.38 59.99 47.13 -17.3 0.43 0x0000FF
62.56 45.29 -17.53 60.97 46.77 -17.38 0.37 0x0000FF
62.68 42.84 -17.38 62.56 45.29 -17.53 0.37 0x0000FF
63.05 41.61 -17.3 62.68 42.84 -17.38 0.37 0x0000FF
63.18 40.75 -17.07 63.05 41.61 -17.3 0.37 0x0000FF
63.05 39.52 -17.0 63.18 40.75 -17.07 0.37 0x0000FF
63.05 39.03 -16.92 63.05 39.52 -17.0 0.37 0x0000FF
63.42 37.81 -16.7 63.05 39.03 -16.92 0.37 0x0000FF
63.54 36.09 -16.39 63.42 37.81 -16.7 0.37 0x0000FF
63.54 35.84 -16.32 63.54 36.09 -16.39 0.37 0x0000FF
63.67 35.11 -16.17 63.54 35.84 -16.32 0.37 0x0000FF
63.79 34.25 -16.17 63.67 35.11 -16.17 0.37 0x0000FF
63.67 31.55 -16.09 63.79 34.25 -16.17 0.37 0x0000FF
64.4 28.48 -16.09 63.67 31.55 -16.09 0.37 0x0000FF
66.12 24.06 -16.09 64.4 28.48 -16.09 0.37 0x0000FF
66.98 21.73 -16.01 66.12 24.06 -16.09 0.37 0x0000FF
68.2 19.27 -15.94 66.98 21.73 -16.01 0.37 0x0000FF
68.81 17.68 -15.86 68.2 19.27 -15.94 0.37 0x0000FF
69.19 16.57 -15.79 68.81 17.68 -15.86 0.305 0x0000FF
69.55 15.34 -15.71 69.19 16.57 -15.79 0.305 0x0000FF
28.34 11.66 -10.94 27.11 11.29 -10.64 0.615 0x0000FF
28.58 11.91 -11.09 28.34 11.66 -10.94 0.615 0x0000FF
28.95 12.03 -11.47 28.58 11.91 -11.09 0.615 0x0000FF
29.07 12.03 -11.85 28.95 12.03 -11.47 0.615 0x0000FF
29.81 11.78 -11.92 29.07 12.03 -11.85 0.615 0x0000FF
30.67 11.66 -12.23 29.81 11.78 -11.92 0.55 0x0000FF
31.04 11.42 -12.3 30.67 11.66 -12.23 0.55 0x0000FF
31.28 11.17 -12.45 31.04 11.42 -12.3 0.55 0x0000FF
31.53 10.92 -12.6 31.28 11.17 -12.45 0.55 0x0000FF
31.77 10.68 -12.68 31.53 10.92 -12.6 0.55 0x0000FF
32.14 10.43 -12.76 31.77 10.68 -12.68 0.55 0x0000FF
32.75 10.19 -12.76 32.14 10.43 -12.76 0.55 0x0000FF
33.24 9.94 -12.98 32.75 10.19 -12.76 0.55 0x0000FF
33.61 9.57 -12.98 33.24 9.94 -12.98 0.55 0x0000FF
33.86 9.44 -13.06 33.61 9.57 -12.98 0.55 0x0000FF
34.22 9.21 -13.14 33.86 9.44 -13.06 0.55 0x0000FF
34.72 8.84 -13.21 34.22 9.21 -13.14 0.55 0x0000FF
34.96 8.84 -13.44 34.72 8.84 -13.21 0.55 0x0000FF
35.21 8.72 -13.74 34.96 8.84 -13.44 0.55 0x0000FF
36.06 8.59 -13.89 35.21 8.72 -13.74 0.55 0x0000FF
36.56 8.59 -14.04 36.06 8.59 -13.89 0.55 0x0000FF
37.4 8.59 -14.2 36.56 8.59 -14.04 0.55 0x0000FF
37.9 8.59 -14.2 37.4 8.59 -14.2 0.55 0x0000FF
38.27 8.59 -14.2 37.9 8.59 -14.2 0.55 0x0000FF
38.64 8.47 -14.27 38.27 8.59 -14.2 0.55 0x0000FF
39.01 8.47 -14.5 38.64 8.47 -14.27 0.55 0x0000FF
39.38 8.47 -14.57 39.01 8.47 -14.5 0.55 0x0000FF
39.61 8.59 -14.73 39.38 8.47 -14.57 0.55 0x0000FF
40.11 8.59 -14.8 39.61 8.59 -14.73 0.55 0x0000FF
40.6 8.59 -15.03 40.11 8.59 -14.8 0.55 0x0000FF
41.09 8.59 -15.1 40.6 8.59 -15.03 0.55 0x0000FF
41.46 8.59 -15.1 41.09 8.59 -15.1 0.55 0x0000FF
42.69 8.1 -15.1 41.46 8.59 -15.1 0.49 0x0000FF
42.93 7.98 -15.18 42.69 8.1 -15.1 0.49 0x0000FF
43.3 7.73 -15.18 42.93 7.98 -15.18 0.49 0x0000FF
43.67 7.49 -15.26 43.3 7.73 -15.18 0.49 0x0000FF
43.67 7.49 -15.41 43.67 7.49 -15.26 0.49 0x0000FF
43.67 7.49 -15.94 43.67 7.49 -15.41 0.49 0x0000FF
44.16 7.36 -16.17 43.67 7.49 -15.94 0.49 0x0000FF
44.41 7.36 -16.32 44.16 7.36 -16.17 0.49 0x0000FF
44.65 7.36 -16.47 44.41 7.36 -16.32 0.49 0x0000FF
45.02 7.24 -16.54 44.65 7.36 -16.47 0.49 0x0000FF
45.27 7.24 -16.62 45.02 7.24 -16.54 0.49 0x0000FF
45.76 7.0 -17.23 45.27 7.24 -16.62 0.49 0x0000FF
46.12 6.75 -17.53 45.76 7.0 -17.23 0.49 0x0000FF
46.86 6.38 -17.76 46.12 6.75 -17.53 0.49 0x0000FF
47.6 6.01 -17.98 46.86 6.38 -17.76 0.49 0x0000FF
48.45 5.77 -18.05 47.6 6.01 -17.98 0.49 0x0000FF
49.07 5.52 -18.05 48.45 5.77 -18.05 0.49 0x0000FF
50.66 5.03 -18.13 49.07 5.52 -18.05 0.49 0x0000FF
51.77 4.54 -18.13 50.66 5.03 -18.13 0.49 0x0000FF
52.38 4.42 -18.13 51.77 4.54 -18.13 0.49 0x0000FF
53.61 4.17 -18.21 52.38 4.42 -18.13 0.49 0x0000FF
53.97 4.05 -18.44 53.61 4.17 -18.21 0.49 0x0000FF
54.83 3.93 -18.73 53.97 4.05 -18.44 0.49 0x0000FF
55.57 3.81 -18.73 54.83 3.93 -18.73 0.49 0x0000FF
55.94 3.56 -18.73 55.57 3.81 -18.73 0.49 0x0000FF
56.43 3.31 -18.73 55.94 3.56 -18.73 0.49 0x0000FF
57.04 2.95 -18.73 56.43 3.31 -18.73 0.49 0x0000FF
57.41 2.82 -18.97 57.04 2.95 -18.73 0.49 0x0000FF
57.65 2.58 -18.97 57.41 2.82 -18.97 0.49 0x0000FF
58.15 2.33 -19.12 57.65 2.58 -18.97 0.49 0x0000FF
58.39 2.09 -19.35 58.15 2.33 -19.12 0.49 0x0000FF
58.76 1.72 -19.35 58.39 2.09 -19.35 0.49 0x0000FF
59.37 1.1 -19.57 58.76 1.72 -19.35 0.49 0x0000FF
59.99 0.86 -19.64 59.37 1.1 -19.57 0.49 0x0000FF
60.35 0.49 -19.73 59.99 0.86 -19.64 0.49 0x0000FF
60.84 0.25 -19.73 60.35 0.49 -19.73 0.49 0x0000FF
61.46 -0.12 -19.8 60.84 0.25 -19.73 0.49 0x0000FF
61.58 -0.25 -20.03 61.46 -0.12 -19.8 0.49 0x0000FF
61.83 -0.49 -21.16 61.58 -0.25 -20.03 0.49 0x0000FF
62.32 -0.74 -21.62 61.83 -0.49 -21.16 0.49 0x0000FF
63.3 -0.98 -21.85 62.32 -0.74 -21.62 0.49 0x0000FF
63.79 -1.1 -21.92 63.3 -0.98 -21.85 0.49 0x0000FF
64.4 -1.47 -21.92 63.79 -1.1 -21.92 0.49 0x0000FF
64.65 -1.6 -22.0 64.4 -1.47 -21.92 0.49 0x0000FF
64.89 -1.84 -22.23 64.65 -1.6 -22.0 0.49 0x0000FF
65.14 -1.96 -22.3 64.89 -1.84 -22.23 0.49 0x0000FF
65.51 -2.09 -22.76 65.14 -1.96 -22.3 0.49 0x0000FF
65.87 -2.21 -23.06 65.51 -2.09 -22.76 0.49 0x0000FF
66.36 -2.21 -23.13 65.87 -2.21 -23.06 0.49 0x0000FF
66.73 -2.33 -23.59 66.36 -2.21 -23.13 0.49 0x0000FF
67.22 -2.7 -23.89 66.73 -2.33 -23.59 0.49 0x0000FF
67.7 -3.07 -23.97 67.22 -2.7 -23.89 0.49 0x0000FF
67.95 -3.31 -24.04 67.7 -3.07 -23.97 0.49 0x0000FF
68.08 -3.56 -24.04 67.95 -3.31 -24.04 0.49 0x0000FF
68.2 -3.81 -24.72 68.08 -3.56 -24.04 0.49 0x0000FF
68.33 -3.81 -25.03 68.2 -3.81 -24.72 0.49 0x0000FF
68.56 -4.17 -25.33 68.33 -3.81 -25.03 0.49 0x0000FF
68.94 -4.54 -25.48 68.56 -4.17 -25.33 0.49 0x0000FF
69.19 -4.91 -25.48 68.94 -4.54 -25.48 0.49 0x0000FF
69.43 -5.16 -25.63 69.19 -4.91 -25.48 0.49 0x0000FF
69.55 -5.52 -25.71 69.43 -5.16 -25.63 0.49 0x0000FF
69.68 -5.65 -26.01 69.55 -5.52 -25.71 0.49 0x0000FF
69.92 -5.89 -26.32 69.68 -5.65 -26.01 0.49 0x0000FF
70.29 -6.14 -26.69 69.92 -5.89 -26.32 0.49 0x0000FF
70.41 -6.14 -27.45 70.29 -6.14 -26.69 0.49 0x0000FF
70.41 -6.14 -28.36 70.41 -6.14 -27.45 0.49 0x0000FF
70.41 -6.14 -29.27 70.41 -6.14 -28.36 0.49 0x0000FF
70.78 -6.14 -29.35 70.41 -6.14 -29.27 0.49 0x0000FF
71.27 -6.14 -29.65 70.78 -6.14 -29.35 0.49 0x0000FF
71.52 -6.14 -31.01 71.27 -6.14 -29.65 0.49 0x0000FF
72.01 -6.14 -31.47 71.52 -6.14 -31.01 0.49 0x0000FF
72.38 -6.14 -31.62 72.01 -6.14 -31.47 0.49 0x0000FF
72.62 -6.01 -31.77 72.38 -6.14 -31.62 0.49 0x0000FF
72.98 -5.77 -31.77 72.62 -6.01 -31.77 0.49 0x0000FF
73.59 -5.77 -32.07 72.98 -5.77 -31.77 0.49 0x0000FF
74.09 -5.65 -32.6 73.59 -5.77 -32.07 0.49 0x0000FF
75.06 -5.77 -32.9 74.09 -5.65 -32.6 0.49 0x0000FF
76.18 -5.89 -33.36 75.06 -5.77 -32.9 0.49 0x0000FF
76.79 -6.14 -33.51 76.18 -5.89 -33.36 0.49 0x0000FF
77.4 -6.26 -33.97 76.79 -6.14 -33.51 0.49 0x0000FF
78.39 -6.51 -34.19 77.4 -6.26 -33.97 0.49 0x0000FF
78.75 -6.63 -34.19 78.39 -6.51 -34.19 0.49 0x0000FF
79.61 -6.38 -34.57 78.75 -6.63 -34.19 0.49 0x0000FF
80.59 -6.14 -35.25 79.61 -6.38 -34.57 0.49 0x0000FF
81.08 -5.89 -35.47 80.59 -6.14 -35.25 0.49 0x0000FF
81.81 -5.52 -35.94 81.08 -5.89 -35.47 0.49 0x0000FF
82.43 -4.91 -36.24 81.81 -5.52 -35.94 0.49 0x0000FF
83.05 -4.3 -36.47 82.43 -4.91 -36.24 0.49 0x0000FF
83.66 -3.93 -36.84 83.05 -4.3 -36.47 0.49 0x0000FF
84.27 -3.19 -37.0 83.66 -3.93 -36.84 0.49 0x0000FF
84.64 -2.82 -37.0 84.27 -3.19 -37.0 0.49 0x0000FF
85.62 -2.21 -37.29 84.64 -2.82 -37.0 0.49 0x0000FF
86.24 -1.84 -37.75 85.62 -2.21 -37.29 0.49 0x0000FF
86.48 -1.6 -38.06 86.24 -1.84 -37.75 0.49 0x0000FF
86.73 -1.35 -38.13 86.48 -1.6 -38.06 0.49 0x0000FF
87.83 -0.74 -38.28 86.73 -1.35 -38.13 0.305 0x0000FF
88.2 -0.74 -38.44 87.83 -0.74 -38.28 0.305 0x0000FF
89.18 -0.49 -38.59 88.2 -0.74 -38.44 0.305 0x0000FF
89.79 -0.37 -38.65 89.18 -0.49 -38.59 0.305 0x0000FF
90.53 -0.37 -38.74 89.79 -0.37 -38.65 0.305 0x0000FF
91.27 -0.37 -38.81 90.53 -0.37 -38.74 0.305 0x0000FF
91.51 -0.25 -38.89 91.27 -0.37 -38.81 0.305 0x0000FF
91.76 -0.25 -38.89 91.51 -0.25 -38.89 0.305 0x0000FF
92.0 -0.25 -39.65 91.76 -0.25 -38.89 0.305 0x0000FF
92.37 -0.25 -40.25 92.0 -0.25 -39.65 0.305 0x0000FF
93.23 0.12 -40.47 92.37 -0.25 -40.25 0.305 0x0000FF
93.6 0.37 -40.78 93.23 0.12 -40.47 0.305 0x0000FF
94.33 0.86 -41.01 93.6 0.37 -40.78 0.305 0x0000FF
94.7 1.23 -41.01 94.33 0.86 -41.01 0.305 0x0000FF
96.05 2.09 -41.31 94.7 1.23 -41.01 0.185 0x0000FF
96.42 2.95 -41.69 96.05 2.09 -41.31 0.185 0x0000FF
96.66 3.19 -41.92 96.42 2.95 -41.69 0.185 0x0000FF
97.4 3.81 -42.22 96.66 3.19 -41.92 0.185 0x0000FF
97.77 4.05 -42.83 97.4 3.81 -42.22 0.185 0x0000FF
97.89 4.17 -43.74 97.77 4.05 -42.83 0.185 0x0000FF
98.38 4.3 -44.12 97.89 4.17 -43.74 0.185 0x0000FF
99.24 4.3 -44.57 98.38 4.3 -44.12 0.185 0x0000FF
99.85 4.54 -44.8 99.24 4.3 -44.57 0.185 0x0000FF
100.47 4.66 -44.95 99.85 4.54 -44.8 0.185 0x0000FF
101.45 4.66 -45.03 100.47 4.66 -44.95 0.185 0x0000FF
101.94 4.91 -45.25 101.45 4.66 -45.03 0.185 0x0000FF
102.18 4.91 -45.71 101.94 4.91 -45.25 0.185 0x0000FF
102.55 5.03 -46.01 102.18 4.91 -45.71 0.185 0x0000FF
103.17 5.03 -46.16 102.55 5.03 -46.01 0.185 0x0000FF
103.66 4.91 -46.54 103.17 5.03 -46.16 0.185 0x0000FF
104.15 4.79 -46.77 103.66 4.91 -46.54 0.185 0x0000FF
104.64 4.79 -46.84 104.15 4.79 -46.77 0.185 0x0000FF
105.86 4.54 -46.84 104.64 4.79 -46.84 0.185 0x0000FF
106.35 4.17 -46.84 105.86 4.54 -46.84 0.185 0x0000FF
28.34 -0.37 1.03 25.88 -0.37 0.88 0.735 0x0000FF
29.69 -0.86 1.11 28.34 -0.37 1.03 0.49 0x0000FF
30.54 -1.23 1.18 29.69 -0.86 1.11 0.49 0x0000FF
31.4 -1.47 1.26 30.54 -1.23 1.18 0.49 0x0000FF
31.77 -1.6 1.26 31.4 -1.47 1.26 0.49 0x0000FF
32.63 -1.84 1.41 31.77 -1.6 1.26 0.49 0x0000FF
33.0 -2.09 1.48 32.63 -1.84 1.41 0.49 0x0000FF
33.24 -2.21 1.48 33.0 -2.09 1.48 0.49 0x0000FF
33.49 -2.45 0.95 33.24 -2.21 1.48 0.49 0x0000FF
34.1 -2.45 0.5 33.49 -2.45 0.95 0.49 0x0000FF
35.21 -2.82 0.27 34.1 -2.45 0.5 0.49 0x0000FF
36.43 -3.44 0.2 35.21 -2.82 0.27 0.49 0x0000FF
36.79 -3.68 0.2 36.43 -3.44 0.2 0.49 0x0000FF
38.15 -4.05 -0.11 36.79 -3.68 0.2 0.49 0x0000FF
39.25 -4.05 -0.33 38.15 -4.05 -0.11 0.49 0x0000FF
40.11 -3.93 -0.56 39.25 -4.05 -0.33 0.49 0x0000FF
40.97 -3.81 -0.71 40.11 -3.93 -0.56 0.49 0x0000FF
42.57 -3.56 -0.79 40.97 -3.81 -0.71 0.49 0x0000FF
44.04 -4.3 -0.79 42.57 -3.56 -0.79 0.49 0x0000FF
45.02 -4.66 -0.86 44.04 -4.3 -0.79 0.49 0x0000FF
45.88 -5.03 -1.09 45.02 -4.66 -0.86 0.49 0x0000FF
46.86 -5.4 -1.39 45.88 -5.03 -1.09 0.49 0x0000FF
48.7 -5.89 -1.47 46.86 -5.4 -1.39 0.49 0x0000FF
49.68 -5.89 -1.47 48.7 -5.89 -1.47 0.49 0x0000FF
51.77 -6.14 -1.47 49.68 -5.89 -1.47 0.49 0x0000FF
53.97 -6.51 -1.47 51.77 -6.14 -1.47 0.49 0x0000FF
55.69 -7.61 -1.47 53.97 -6.51 -1.47 0.49 0x0000FF
56.8 -8.59 -1.47 55.69 -7.61 -1.47 0.49 0x0000FF
57.65 -9.08 -1.62 56.8 -8.59 -1.47 0.49 0x0000FF
59.0 -9.94 -1.7 57.65 -9.08 -1.62 0.49 0x0000FF
61.95 -10.92 -1.7 59.0 -9.94 -1.7 0.49 0x0000FF
63.91 -12.03 -1.85 61.95 -10.92 -1.7 0.49 0x0000FF
64.65 -12.4 -1.92 63.91 -12.03 -1.85 0.49 0x0000FF
64.65 -12.4 -1.39 64.65 -12.4 -1.92 0.49 0x0000FF
64.65 -12.52 -1.24 64.65 -12.4 -1.39 0.49 0x0000FF
64.65 -12.52 -1.85 64.65 -12.52 -1.24 0.49 0x0000FF
64.65 -12.52 -2.08 64.65 -12.52 -1.85 0.49 0x0000FF
64.77 -12.52 -2.15 64.65 -12.52 -2.08 0.49 0x0000FF
64.89 -12.64 -2.23 64.77 -12.52 -2.15 0.49 0x0000FF
64.89 -12.64 -2.45 64.89 -12.64 -2.23 0.49 0x0000FF
64.89 -12.64 -2.76 64.89 -12.64 -2.45 0.49 0x0000FF
64.89 -12.64 -3.06 64.89 -12.64 -2.76 0.49 0x0000FF
64.89 -12.64 -3.21 64.89 -12.64 -3.06 0.49 0x0000FF
65.14 -12.89 -3.29 64.89 -12.64 -3.21 0.49 0x0000FF
65.26 -12.89 -3.51 65.14 -12.89 -3.29 0.49 0x0000FF
65.26 -12.89 -3.67 65.26 -12.89 -3.51 0.49 0x0000FF
65.38 -13.01 -3.82 65.26 -12.89 -3.67 0.49 0x0000FF
65.51 -13.01 -3.97 65.38 -13.01 -3.82 0.49 0x0000FF
66.86 -14.36 -3.89 65.51 -13.01 -3.97 0.37 0x0000FF
67.34 -15.34 -4.05 66.86 -14.36 -3.89 0.245 0x0000FF
67.34 -15.59 -4.2 67.34 -15.34 -4.05 0.245 0x0000FF
67.34 -15.83 -4.2 67.34 -15.59 -4.2 0.245 0x0000FF
67.47 -16.2 -3.74 67.34 -15.83 -4.2 0.245 0x0000FF
67.59 -16.45 -3.14 67.47 -16.2 -3.74 0.245 0x0000FF
67.7 -16.69 -2.98 67.59 -16.45 -3.14 0.245 0x0000FF
67.7 -17.05 -2.91 67.7 -16.69 -2.98 0.245 0x0000FF
67.84 -17.68 -2.91 67.7 -17.05 -2.91 0.245 0x0000FF
67.95 -18.04 -2.45 67.84 -17.68 -2.91 0.245 0x0000FF
68.08 -18.78 -2.29 67.95 -18.04 -2.45 0.245 0x0000FF
68.2 -19.14 -2.29 68.08 -18.78 -2.29 0.245 0x0000FF
68.7 -19.64 -1.55 68.2 -19.14 -2.29 0.305 0x0000FF
69.19 -19.76 -1.55 68.7 -19.64 -1.55 0.305 0x0000FF
69.19 -20.25 -1.55 69.19 -19.76 -1.55 0.305 0x0000FF
69.55 -21.24 -1.55 69.19 -20.25 -1.55 0.245 0x0000FF
69.8 -21.48 -1.55 69.55 -21.24 -1.55 0.245 0x0000FF
69.8 -21.73 -1.55 69.8 -21.48 -1.55 0.245 0x0000FF
69.8 -22.22 -1.62 69.8 -21.73 -1.55 0.245 0x0000FF
69.68 -22.59 -1.77 69.8 -22.22 -1.62 0.245 0x0000FF
69.68 -22.83 -1.85 69.68 -22.59 -1.77 0.245 0x0000FF
69.92 -23.2 -2.0 69.68 -22.83 -1.85 0.245 0x0000FF
70.29 -23.69 -2.23 69.92 -23.2 -2.0 0.245 0x0000FF
70.66 -23.81 -2.38 70.29 -23.69 -2.23 0.245 0x0000FF
71.03 -24.06 -2.38 70.66 -23.81 -2.38 0.245 0x0000FF
71.27 -24.3 -2.52 71.03 -24.06 -2.38 0.245 0x0000FF
72.38 -24.79 -2.52 71.27 -24.3 -2.52 0.245 0x0000FF
72.5 -25.04 -2.61 72.38 -24.79 -2.52 0.245 0x0000FF
72.87 -25.65 -2.61 72.5 -25.04 -2.61 0.245 0x0000FF
66.61 -13.26 -14.8 65.51 -13.01 -3.97 0.43 0x0000FF
66.98 -13.5 -14.95 66.61 -13.26 -14.8 0.43 0x0000FF
67.22 -13.75 -15.18 66.98 -13.5 -14.95 0.43 0x0000FF
67.47 -13.87 -15.26 67.22 -13.75 -15.18 0.43 0x0000FF
67.7 -14.12 -15.41 67.47 -13.87 -15.26 0.43 0x0000FF
67.95 -14.24 -15.41 67.7 -14.12 -15.41 0.43 0x0000FF
68.33 -14.24 -15.41 67.95 -14.24 -15.41 0.43 0x0000FF
68.56 -14.48 -15.56 68.33 -14.24 -15.41 0.43 0x0000FF
68.7 -14.61 -15.71 68.56 -14.48 -15.56 0.43 0x0000FF
69.31 -14.73 -15.86 68.7 -14.61 -15.71 0.43 0x0000FF
69.55 -14.73 -16.09 69.31 -14.73 -15.86 0.43 0x0000FF
69.68 -14.73 -16.47 69.55 -14.73 -16.09 0.43 0x0000FF
69.92 -14.61 -16.62 69.68 -14.73 -16.47 0.43 0x0000FF
70.04 -14.61 -16.85 69.92 -14.61 -16.62 0.43 0x0000FF
70.29 -14.73 -17.07 70.04 -14.61 -16.85 0.43 0x0000FF
70.54 -14.73 -17.14 70.29 -14.73 -17.07 0.43 0x0000FF
70.9 -14.85 -17.3 70.54 -14.73 -17.14 0.43 0x0000FF
71.27 -15.1 -17.3 70.9 -14.85 -17.3 0.43 0x0000FF
71.64 -15.22 -17.38 71.27 -15.1 -17.3 0.43 0x0000FF
72.13 -15.34 -17.45 71.64 -15.22 -17.38 0.43 0x0000FF
72.38 -15.47 -17.45 72.13 -15.34 -17.45 0.43 0x0000FF
72.87 -15.83 -17.53 72.38 -15.47 -17.45 0.43 0x0000FF
73.11 -15.96 -17.91 72.87 -15.83 -17.53 0.43 0x0000FF
73.23 -15.96 -18.21 73.11 -15.96 -17.91 0.43 0x0000FF
73.72 -16.2 -18.36 73.23 -15.96 -18.21 0.43 0x0000FF
73.97 -16.2 -19.04 73.72 -16.2 -18.36 0.43 0x0000FF
74.45 -16.2 -19.12 73.97 -16.2 -19.04 0.43 0x0000FF
75.06 -16.45 -19.2 74.45 -16.2 -19.12 0.43 0x0000FF
75.56 -16.69 -19.42 75.06 -16.45 -19.2 0.43 0x0000FF
75.93 -17.05 -19.64 75.56 -16.69 -19.42 0.43 0x0000FF
76.06 -17.18 -19.73 75.93 -17.05 -19.64 0.43 0x0000FF
76.3 -17.68 -19.8 76.06 -17.18 -19.73 0.43 0x0000FF
77.04 -18.41 -19.88 76.3 -17.68 -19.8 0.305 0x0000FF
77.04 -18.66 -20.1 77.04 -18.41 -19.88 0.305 0x0000FF
77.04 -18.89 -20.18 77.04 -18.66 -20.1 0.305 0x0000FF
76.79 -19.27 -20.32 77.04 -18.89 -20.18 0.305 0x0000FF
76.67 -19.64 -20.41 76.79 -19.27 -20.32 0.305 0x0000FF
76.42 -20.25 -20.41 76.67 -19.64 -20.41 0.185 0x0000FF
