26.3 15.73 -5.26 17.76 14.12 -7.82 0.91 0x0000FF
29.58 18.1 -5.71 26.3 15.73 -5.26 1.185 0x0000FF
30.31 18.82 -5.94 29.58 18.1 -5.71 1.185 0x0000FF
32.14 21.38 -2.98 30.31 18.82 -5.94 0.82 0x0000FF
33.04 23.02 -2.15 32.14 21.38 -2.98 0.82 0x0000FF
34.14 26.84 -1.32 33.04 23.02 -2.15 0.82 0x0000FF
35.06 29.94 -0.26 34.14 26.84 -1.32 0.82 0x0000FF
35.42 31.4 0.57 35.06 29.94 -0.26 0.82 0x0000FF
35.24 34.86 0.73 35.42 31.4 0.57 0.365 0x0000FF
34.51 36.68 -0.11 35.24 34.86 0.73 0.365 0x0000FF
34.14 37.4 0.05 34.51 36.68 -0.11 0.365 0x0000FF
33.04 38.69 2.92 34.14 37.4 0.05 0.365 0x0000FF
31.04 40.15 4.67 33.04 38.69 2.92 0.365 0x0000FF
28.67 42.51 6.18 31.04 40.15 4.67 0.365 0x0000FF
27.76 45.06 7.85 28.67 42.51 6.18 0.365 0x0000FF
27.03 47.62 8.52 27.76 45.06 7.85 0.365 0x0000FF
26.12 49.26 10.65 27.03 47.62 8.52 0.365 0x0000FF
24.84 50.53 12.01 26.12 49.26 10.65 0.365 0x0000FF
23.2 54.17 16.03 24.84 50.53 12.01 0.365 0x0000FF
22.65 55.45 19.82 23.2 54.17 16.03 0.365 0x0000FF
21.37 56.54 22.16 22.65 55.45 19.82 0.365 0x0000FF
20.64 58.0 23.83 21.37 56.54 22.16 0.365 0x0000FF
19.91 59.28 25.8 20.64 58.0 23.83 0.365 0x0000FF
17.36 62.56 28.15 19.91 59.28 25.8 0.365 0x0000FF
11.88 68.56 30.12 17.36 62.56 28.15 0.365 0x0000FF
7.51 74.22 32.39 11.88 68.56 30.12 0.365 0x0000FF
4.4 80.59 34.59 7.51 74.22 32.39 0.365 0x0000FF
3.13 86.06 35.5 4.4 80.59 34.59 0.365 0x0000FF
-1.62 90.25 38.68 3.13 86.06 35.5 0.365 0x0000FF
-5.63 93.17 39.74 -1.62 90.25 38.68 0.365 0x0000FF
-10.64 96.35 41.94 -5.63 93.17 39.74 0.365 0x0000FF
-15.2 101.63 43.9 -10.64 96.35 41.94 0.365 0x0000FF
-18.12 104.18 45.42 -15.2 101.63 43.9 0.365 0x0000FF
-20.49 107.28 48.15 -18.12 104.18 45.42 0.365 0x0000FF
-22.86 109.46 50.27 -20.49 107.28 48.15 0.365 0x0000FF
-23.59 110.37 51.93 -22.86 109.46 50.27 0.365 0x0000FF
-32.72 119.12 54.66 -23.59 110.37 51.93 0.275 0x0000FF
37.43 34.31 1.18 35.42 31.4 0.57 0.73 0x0000FF
39.61 37.96 1.86 37.43 34.31 1.18 0.73 0x0000FF
39.97 41.24 2.7 39.61 37.96 1.86 0.64 0x0000FF
40.35 45.06 3.83 39.97 41.24 2.7 0.545 0x0000FF
41.81 49.62 4.21 40.35 45.06 3.83 0.545 0x0000FF
43.08 52.53 5.04 41.81 49.62 4.21 0.455 0x0000FF
44.18 54.9 5.35 43.08 52.53 5.04 0.455 0x0000FF
45.46 56.73 6.11 44.18 54.9 5.35 0.365 0x0000FF
32.32 18.28 -5.26 30.31 18.82 -5.94 0.91 0x0000FF
33.78 18.28 -4.2 32.32 18.28 -5.26 0.91 0x0000FF
35.97 17.55 -3.59 33.78 18.28 -4.2 0.91 0x0000FF
40.71 16.09 -1.92 35.97 17.55 -3.59 0.91 0x0000FF
44.91 14.82 -0.94 40.71 16.09 -1.92 0.82 0x0000FF
47.46 13.36 -0.18 44.91 14.82 -0.94 0.64 0x0000FF
49.65 12.09 0.27 47.46 13.36 -0.18 0.64 0x0000FF
52.02 10.81 1.48 49.65 12.09 0.27 0.64 0x0000FF
57.13 6.98 3.3 52.02 10.81 1.48 0.545 0x0000FF
60.42 3.34 3.45 57.13 6.98 3.3 0.545 0x0000FF
62.06 0.97 4.21 60.42 3.34 3.45 0.545 0x0000FF
63.7 -1.03 4.59 62.06 0.97 4.21 0.545 0x0000FF
65.7 -1.76 5.27 63.7 -1.03 4.59 0.545 0x0000FF
66.44 -1.94 6.11 65.7 -1.76 5.27 0.545 0x0000FF
69.54 -1.94 7.47 66.44 -1.94 6.11 0.545 0x0000FF
71.91 -2.13 8.44 69.54 -1.94 7.47 0.545 0x0000FF
76.47 -2.85 10.42 71.91 -2.13 8.44 0.455 0x0000FF
78.84 -3.04 11.1 76.47 -2.85 10.42 0.455 0x0000FF
81.95 -3.76 13.0 78.84 -3.04 11.1 0.365 0x0000FF
83.41 -4.3 13.45 81.95 -3.76 13.0 0.365 0x0000FF
87.24 -4.68 13.91 83.41 -4.3 13.45 0.365 0x0000FF
92.53 -3.95 15.35 87.24 -4.68 13.91 0.365 0x0000FF
95.45 -2.13 16.03 92.53 -3.95 15.35 0.275 0x0000FF
12.9 24.92 -4.5 17.76 14.12 -7.82 2.1 0x0000FF
10.71 28.38 -5.11 12.9 24.92 -4.5 2.1 0x0000FF
10.53 29.11 -5.18 10.71 28.38 -5.11 2.1 0x0000FF
11.36 31.6 -6.24 10.53 29.11 -5.18 0.91 0x0000FF
12.09 34.15 -5.11 11.36 31.6 -6.24 0.91 0x0000FF
11.9 36.88 -4.12 12.09 34.15 -5.11 0.91 0x0000FF
12.45 39.44 -3.06 11.9 36.88 -4.12 0.82 0x0000FF
12.63 39.97 -1.55 12.45 39.44 -3.06 0.82 0x0000FF
13.18 42.53 -2.52 12.63 39.97 -1.55 0.82 0x0000FF
14.48 49.52 -1.7 13.18 42.53 -2.52 0.455 0x0000FF
15.94 54.26 -0.79 14.48 49.52 -1.7 0.455 0x0000FF
17.57 61.0 0.27 15.94 54.26 -0.79 0.455 0x0000FF
18.67 66.47 1.64 17.57 61.0 0.27 0.455 0x0000FF
20.3 70.29 2.24 18.67 66.47 1.64 0.455 0x0000FF
22.14 73.94 3.15 20.3 70.29 2.24 0.455 0x0000FF
25.06 79.95 4.44 22.14 73.94 3.15 0.365 0x0000FF
25.42 81.41 5.12 25.06 79.95 4.44 0.365 0x0000FF
27.79 83.77 5.58 25.42 81.41 5.12 0.365 0x0000FF
29.98 86.87 5.95 27.79 83.77 5.58 0.365 0x0000FF
35.09 91.06 6.33 29.98 86.87 5.95 0.365 0x0000FF
15.01 45.27 -1.55 13.18 42.53 -2.52 0.73 0x0000FF
15.92 47.09 -0.79 15.01 45.27 -1.55 0.73 0x0000FF
17.55 50.55 0.88 15.92 47.09 -0.79 0.73 0x0000FF
18.66 53.46 2.0 17.55 50.55 0.88 0.73 0x0000FF
20.12 56.74 3.15 18.66 53.46 2.0 0.73 0x0000FF
21.57 60.21 4.29 20.12 56.74 3.15 0.73 0x0000FF
24.31 66.58 5.42 21.57 60.21 4.29 0.73 0x0000FF
24.49 72.05 6.64 24.31 66.58 5.42 0.64 0x0000FF
25.41 79.16 7.09 24.49 72.05 6.64 0.64 0x0000FF
29.24 90.09 7.62 25.41 79.16 7.09 0.64 0x0000FF
32.7 101.57 8.15 29.24 90.09 7.62 0.64 0x0000FF
31.06 109.22 9.14 32.7 101.57 8.15 0.64 0x0000FF
26.14 122.88 10.19 31.06 109.22 9.14 0.64 0x0000FF
26.33 140.26 11.18 26.14 122.88 10.19 0.64 0x0000FF
25.42 146.44 11.48 26.33 140.26 11.18 0.64 0x0000FF
23.6 150.82 10.88 25.42 146.44 11.48 0.545 0x0000FF
22.14 153.74 10.88 23.6 150.82 10.88 0.545 0x0000FF
19.95 157.38 9.51 22.14 153.74 10.88 0.545 0x0000FF
17.76 158.84 8.3 19.95 157.38 9.51 0.545 0x0000FF
15.02 160.12 7.32 17.76 158.84 8.3 0.545 0x0000FF
13.56 160.66 6.26 15.02 160.12 7.32 0.545 0x0000FF
6.45 164.49 5.35 13.56 160.66 6.26 0.455 0x0000FF
5.35 165.76 5.27 6.45 164.49 5.35 0.455 0x0000FF
2.43 168.13 5.12 5.35 165.76 5.27 0.455 0x0000FF
28.33 76.23 6.26 24.31 66.58 5.42 0.73 0x0000FF
29.79 85.9 6.86 28.33 76.23 6.26 0.64 0x0000FF
29.42 91.0 7.54 29.79 85.9 6.86 0.64 0x0000FF
29.42 97.19 8.07 29.42 91.0 7.54 0.64 0x0000FF
7.06 30.02 -5.18 10.53 29.11 -5.18 1.64 0x0000FF
6.43 31.42 -2.76 7.06 30.02 -5.18 0.455 0x0000FF
6.25 32.15 -4.26 6.43 31.42 -2.76 0.455 0x0000FF
5.52 33.97 -8.14 6.25 32.15 -4.26 0.455 0x0000FF
4.24 35.79 -9.27 5.52 33.97 -8.14 0.455 0x0000FF
-0.32 39.25 -10.48 4.24 35.79 -9.27 0.455 0x0000FF
-3.6 41.44 -11.54 -0.32 39.25 -10.48 0.455 0x0000FF
-6.89 45.08 -12.91 -3.6 41.44 -11.54 0.455 0x0000FF
-8.35 48.0 -13.74 -6.89 45.08 -12.91 0.455 0x0000FF
-10.72 53.28 -14.8 -8.35 48.0 -13.74 0.455 0x0000FF
-14.0 61.66 -16.85 -10.72 53.28 -14.8 0.455 0x0000FF
-18.55 69.86 -17.76 -14.0 61.66 -16.85 0.455 0x0000FF
-24.04 74.59 -18.97 -18.55 69.86 -17.76 0.365 0x0000FF
-28.96 81.7 -19.88 -24.04 74.59 -18.97 0.365 0x0000FF
5.23 30.21 -2.83 7.06 30.02 -5.18 1.095 0x0000FF
3.41 30.75 -0.86 5.23 30.21 -2.83 1.095 0x0000FF
2.31 31.12 -0.03 3.41 30.75 -0.86 1.095 0x0000FF
0.23 29.96 4.29 2.31 31.12 -0.03 0.455 0x0000FF
-3.06 30.14 4.88 0.23 29.96 4.29 0.455 0x0000FF
-7.07 30.51 5.73 -3.06 30.14 4.88 0.455 0x0000FF
-9.44 31.24 7.01 -7.07 30.51 5.73 0.455 0x0000FF
-12.18 31.78 7.85 -9.44 31.24 7.01 0.455 0x0000FF
-15.28 31.24 8.15 -12.18 31.78 7.85 0.455 0x0000FF
-15.46 31.24 6.26 -15.28 31.24 8.15 0.455 0x0000FF
-15.1 31.6 9.59 -15.46 31.24 6.26 0.455 0x0000FF
-15.83 31.78 10.73 -15.1 31.6 9.59 0.455 0x0000FF
-16.55 31.78 12.77 -15.83 31.78 10.73 0.455 0x0000FF
-18.02 31.42 14.44 -16.55 31.78 12.77 0.455 0x0000FF
-19.84 30.14 16.32 -18.02 31.42 14.44 0.455 0x0000FF
-21.85 28.5 18.3 -19.84 30.14 16.32 0.455 0x0000FF
-25.32 25.95 20.27 -21.85 28.5 18.3 0.455 0x0000FF
-26.96 24.86 22.47 -25.32 25.95 20.27 0.455 0x0000FF
-28.42 23.77 22.54 -26.96 24.86 22.47 0.455 0x0000FF
-31.34 22.13 25.04 -28.42 23.77 22.54 0.455 0x0000FF
-32.61 21.4 26.56 -31.34 22.13 25.04 0.455 0x0000FF
-35.17 19.94 28.0 -32.61 21.4 26.56 0.455 0x0000FF
-36.81 18.66 29.59 -35.17 19.94 28.0 0.455 0x0000FF
-39.18 16.48 31.71 -36.81 18.66 29.59 0.365 0x0000FF
-40.28 15.57 33.45 -39.18 16.48 31.71 0.365 0x0000FF
-43.01 13.75 35.5 -40.28 15.57 33.45 0.365 0x0000FF
-44.66 11.74 38.45 -43.01 13.75 35.5 0.365 0x0000FF
-46.12 8.83 39.89 -44.66 11.74 38.45 0.365 0x0000FF
1.04 32.39 0.42 2.31 31.12 -0.03 0.64 0x0000FF
-2.25 32.76 1.64 1.04 32.39 0.42 0.64 0x0000FF
-5.71 33.29 2.54 -2.25 32.76 1.64 0.64 0x0000FF
-8.08 34.21 3.91 -5.71 33.29 2.54 0.64 0x0000FF
-13.01 35.85 5.2 -8.08 34.21 3.91 0.545 0x0000FF
-14.11 36.95 6.41 -13.01 35.85 5.2 0.545 0x0000FF
-15.2 38.22 7.77 -14.11 36.95 6.41 0.545 0x0000FF
-15.93 39.13 9.06 -15.2 38.22 7.77 0.545 0x0000FF
-17.57 40.4 10.11 -15.93 39.13 9.06 0.545 0x0000FF
-18.05 42.35 11.41 -17.57 40.4 10.11 0.545 0x0000FF
-18.6 44.17 11.03 -18.05 42.35 11.41 0.545 0x0000FF
-19.51 46.54 14.67 -18.6 44.17 11.03 0.545 0x0000FF
-21.52 48.91 16.26 -19.51 46.54 14.67 0.545 0x0000FF
-23.89 49.82 18.0 -21.52 48.91 16.26 0.545 0x0000FF
-26.81 50.91 19.97 -23.89 49.82 18.0 0.545 0x0000FF
-32.1 51.27 21.63 -26.81 50.91 19.97 0.545 0x0000FF
-35.02 50.91 22.92 -32.1 51.27 21.63 0.545 0x0000FF
-39.4 49.64 24.66 -35.02 50.91 22.92 0.545 0x0000FF
-42.13 48.0 27.01 -39.4 49.64 24.66 0.545 0x0000FF
-43.41 47.08 32.61 -42.13 48.0 27.01 0.545 0x0000FF
-44.32 46.54 34.21 -43.41 47.08 32.61 0.545 0x0000FF
-48.15 45.26 37.24 -44.32 46.54 34.21 0.545 0x0000FF
-51.44 43.99 40.04 -48.15 45.26 37.24 0.545 0x0000FF
-55.63 42.16 43.0 -51.44 43.99 40.04 0.545 0x0000FF
-57.46 41.8 45.72 -55.63 42.16 43.0 0.545 0x0000FF
-60.01 41.62 48.0 -57.46 41.8 45.72 0.545 0x0000FF
-61.66 41.62 51.71 -60.01 41.62 48.0 0.545 0x0000FF
-65.48 41.8 54.28 -61.66 41.62 51.71 0.545 0x0000FF
-68.04 42.53 56.48 -65.48 41.8 54.28 0.455 0x0000FF
-70.78 42.89 57.62 -68.04 42.53 56.48 0.275 0x0000FF
-73.52 43.08 57.77 -70.78 42.89 57.62 0.275 0x0000FF
-20.49 40.4 11.33 -17.57 40.4 10.11 0.455 0x0000FF
-23.59 40.59 12.47 -20.49 40.4 11.33 0.455 0x0000FF
-25.78 40.22 13.76 -23.59 40.59 12.47 0.455 0x0000FF
-32.17 39.5 15.2 -25.78 40.22 13.76 0.455 0x0000FF
-37.28 38.4 16.18 -32.17 39.5 15.2 0.455 0x0000FF
-41.84 37.86 17.54 -37.28 38.4 16.18 0.455 0x0000FF
-42.02 34.94 18.82 -41.84 37.86 17.54 0.365 0x0000FF
-43.48 33.49 19.44 -42.02 34.94 18.82 0.365 0x0000FF
-44.21 32.39 21.26 -43.48 33.49 19.44 0.365 0x0000FF
-46.22 31.12 22.77 -44.21 32.39 21.26 0.365 0x0000FF
-48.41 30.02 23.76 -46.22 31.12 22.77 0.365 0x0000FF
-50.78 29.3 26.41 -48.41 30.02 23.76 0.365 0x0000FF
-54.97 28.93 28.45 -50.78 29.3 26.41 0.365 0x0000FF
-70.12 28.02 30.5 -54.97 28.93 28.45 0.365 0x0000FF
-81.98 29.48 32.61 -70.12 28.02 30.5 0.365 0x0000FF
-94.02 29.84 33.22 -81.98 29.48 32.61 0.365 0x0000FF
-105.7 30.94 36.1 -94.02 29.84 33.22 0.365 0x0000FF
-108.55 27.77 38.07 -105.7 30.94 36.1 0.275 0x0000FF
-110.55 26.86 39.65 -108.55 27.77 38.07 0.275 0x0000FF
-112.56 26.13 42.24 -110.55 26.86 39.65 0.275 0x0000FF
-115.66 25.22 45.04 -112.56 26.13 42.24 0.275 0x0000FF
-118.95 25.4 47.46 -115.66 25.22 45.04 0.275 0x0000FF
-124.24 26.5 49.06 -118.95 25.4 47.46 0.275 0x0000FF
-126.79 25.04 51.78 -124.24 26.5 49.06 0.275 0x0000FF
-128.97 22.49 53.07 -126.79 25.04 51.78 0.275 0x0000FF
-134.09 14.29 54.28 -128.97 22.49 53.07 0.275 0x0000FF
-141.02 10.83 56.1 -134.09 14.29 54.28 0.275 0x0000FF
-144.12 9.36 57.62 -141.02 10.83 56.1 0.275 0x0000FF
-147.59 7.73 58.6 -144.12 9.36 57.62 0.275 0x0000FF
-147.59 7.36 58.6 -147.59 7.73 58.6 0.275 0x0000FF
-149.6 5.0 60.42 -147.59 7.36 58.6 0.275 0x0000FF
-156.71 -3.57 62.69 -149.6 5.0 60.42 0.275 0x0000FF
-163.46 -7.03 64.43 -156.71 -3.57 62.69 0.275 0x0000FF
-109.71 32.21 39.06 -105.7 30.94 36.1 0.365 0x0000FF
-118.47 40.04 40.57 -109.71 32.21 39.06 0.365 0x0000FF
-127.59 51.34 39.74 -118.47 40.04 40.57 0.365 0x0000FF
-132.52 53.71 37.24 -127.59 51.34 39.74 0.365 0x0000FF
-149.6 63.3 36.18 -132.52 53.71 37.24 0.365 0x0000FF
-158.36 64.03 34.13 -149.6 63.3 36.18 0.365 0x0000FF
-159.27 63.66 32.01 -158.36 64.03 34.13 0.365 0x0000FF
-162.72 62.57 29.51 -159.27 63.66 32.01 0.365 0x0000FF
-168.57 59.47 28.6 -162.72 62.57 29.51 0.275 0x0000FF
-187.91 50.18 28.45 -168.57 59.47 28.6 0.275 0x0000FF
-46.03 39.68 18.0 -41.84 37.86 17.54 0.365 0x0000FF
-51.33 41.87 18.38 -46.03 39.68 18.0 0.365 0x0000FF
-57.71 44.96 19.36 -51.33 41.87 18.38 0.365 0x0000FF
-65.56 45.51 20.5 -57.71 44.96 19.36 0.365 0x0000FF
9.36 20.17 -4.8 17.76 14.12 -7.82 1.185 0x0000FF
6.09 21.45 -4.05 9.36 20.17 -4.8 1.185 0x0000FF
1.15 23.45 -3.67 6.09 21.45 -4.05 1.185 0x0000FF
-0.66 22.9 -3.74 1.15 23.45 -3.67 0.545 0x0000FF
-1.94 22.17 -3.44 -0.66 22.9 -3.74 0.545 0x0000FF
-5.41 19.62 -2.08 -1.94 22.17 -3.44 0.545 0x0000FF
-6.13 18.89 -0.64 -5.41 19.62 -2.08 0.545 0x0000FF
-10.88 16.71 1.26 -6.13 18.89 -0.64 0.545 0x0000FF
-14.71 15.25 3.08 -10.88 16.71 1.26 0.545 0x0000FF
-17.8 13.43 4.97 -14.71 15.25 3.08 0.545 0x0000FF
-22.92 12.34 6.71 -17.8 13.43 4.97 0.545 0x0000FF
-26.39 11.97 8.44 -22.92 12.34 6.71 0.545 0x0000FF
-32.22 12.88 10.8 -26.39 11.97 8.44 0.545 0x0000FF
-35.86 13.06 11.94 -32.22 12.88 10.8 0.545 0x0000FF
-44.45 14.34 14.06 -35.86 13.06 11.94 0.545 0x0000FF
-51.75 14.16 11.41 -44.45 14.34 14.06 0.455 0x0000FF
-55.4 15.25 10.5 -51.75 14.16 11.41 0.455 0x0000FF
-63.24 16.16 11.64 -55.4 15.25 10.5 0.455 0x0000FF
-65.25 15.8 13.15 -63.24 16.16 11.64 0.455 0x0000FF
-66.7 15.25 14.51 -65.25 15.8 13.15 0.455 0x0000FF
-69.98 13.43 17.39 -66.7 15.25 14.51 0.455 0x0000FF
-72.37 11.97 19.59 -69.98 13.43 17.39 0.455 0x0000FF
-74.55 10.88 20.95 -72.37 11.97 19.59 0.455 0x0000FF
-81.67 9.06 24.82 -74.55 10.88 20.95 0.365 0x0000FF
-87.51 9.78 29.51 -81.67 9.06 24.82 0.365 0x0000FF
-1.39 25.82 -3.21 1.15 23.45 -3.67 0.91 0x0000FF
-3.95 26.73 -2.61 -1.39 25.82 -3.21 0.91 0x0000FF
-8.14 29.28 -2.15 -3.95 26.73 -2.61 0.82 0x0000FF
-15.26 30.74 -1.39 -8.14 29.28 -2.15 0.82 0x0000FF
-30.77 30.92 -1.02 -15.26 30.74 -1.39 0.82 0x0000FF
-39.15 32.38 -0.79 -30.77 30.92 -1.02 0.73 0x0000FF
-43.36 32.74 0.5 -39.15 32.38 -0.79 0.64 0x0000FF
-43.72 32.74 -0.64 -43.36 32.74 0.5 0.64 0x0000FF
-45.54 33.11 -2.08 -43.72 32.74 -0.64 0.64 0x0000FF
-47.73 34.02 -4.5 -45.54 33.11 -2.08 0.64 0x0000FF
-51.57 34.2 -6.85 -47.73 34.02 -4.5 0.64 0x0000FF
-57.95 33.65 -8.51 -51.57 34.2 -6.85 0.64 0x0000FF
-60.51 33.29 -9.57 -57.95 33.65 -8.51 0.64 0x0000FF
-67.8 31.83 -10.11 -60.51 33.29 -9.57 0.455 0x0000FF
-73.09 32.2 -11.17 -67.8 31.83 -10.11 0.455 0x0000FF
-76.2 32.56 -10.33 -73.09 32.2 -11.17 0.455 0x0000FF
-78.39 32.74 -8.97 -76.2 32.56 -10.33 0.455 0x0000FF
-84.41 32.01 -7.3 -78.39 32.74 -8.97 0.455 0x0000FF
-88.79 32.56 -6.62 -84.41 32.01 -7.3 0.455 0x0000FF
-94.81 37.11 -7.0 -88.79 32.56 -6.62 0.455 0x0000FF
-97.91 42.22 -7.83 -94.81 37.11 -7.0 0.455 0x0000FF
-100.65 46.41 -8.67 -97.91 42.22 -7.83 0.455 0x0000FF
-104.11 50.23 -9.57 -100.65 46.41 -8.67 0.365 0x0000FF
-105.57 51.69 -11.24 -104.11 50.23 -9.57 0.365 0x0000FF
-107.21 53.15 -12.68 -105.57 51.69 -11.24 0.365 0x0000FF
-108.13 53.51 -13.29 -107.21 53.15 -12.68 0.365 0x0000FF
-65.25 35.47 -10.26 -60.51 33.29 -9.57 0.545 0x0000FF
-67.62 37.47 -11.01 -65.25 35.47 -10.26 0.545 0x0000FF
-70.54 41.49 -12.15 -67.62 37.47 -11.01 0.455 0x0000FF
-72.55 43.31 -13.36 -70.54 41.49 -12.15 0.455 0x0000FF
-74.37 45.13 -15.03 -72.55 43.31 -13.36 0.455 0x0000FF
-76.73 47.14 -16.32 -74.37 45.13 -15.03 0.455 0x0000FF
-77.47 48.05 -17.23 -76.73 47.14 -16.32 0.455 0x0000FF
-40.98 35.84 0.2 -39.15 32.38 -0.79 0.64 0x0000FF
12.29 13.98 -8.51 17.76 14.12 -7.82 1.095 0x0000FF
11.93 13.06 -7.08 12.29 13.98 -8.51 1.095 0x0000FF
11.75 12.7 -6.39 11.93 13.06 -7.08 1.095 0x0000FF
11.02 12.15 -4.12 11.75 12.7 -6.39 1.095 0x0000FF
10.65 11.79 -3.06 11.02 12.15 -4.12 1.095 0x0000FF
10.29 11.43 -1.62 10.65 11.79 -3.06 1.095 0x0000FF
8.83 10.7 0.95 10.29 11.43 -1.62 1.095 0x0000FF
8.64 10.7 2.92 8.83 10.7 0.95 1.095 0x0000FF
7.91 10.7 5.58 8.64 10.7 2.92 1.095 0x0000FF
7.18 10.88 6.41 7.91 10.7 5.58 1.095 0x0000FF
6.09 11.61 7.62 7.18 10.88 6.41 1.095 0x0000FF
4.08 11.61 8.3 6.09 11.61 7.62 1.095 0x0000FF
2.62 11.79 9.28 4.08 11.61 8.3 1.005 0x0000FF
0.43 12.41 10.19 2.62 11.79 9.28 0.455 0x0000FF
-1.39 12.41 9.21 0.43 12.41 10.19 0.455 0x0000FF
-2.85 12.95 7.47 -1.39 12.41 9.21 0.455 0x0000FF
-4.68 12.59 9.97 -2.85 12.95 7.47 0.455 0x0000FF
-5.59 12.95 11.94 -4.68 12.59 9.97 0.455 0x0000FF
-6.68 14.05 13.38 -5.59 12.95 11.94 0.455 0x0000FF
-8.51 14.59 17.85 -6.68 14.05 13.38 0.455 0x0000FF
-9.6 15.32 19.29 -8.51 14.59 17.85 0.455 0x0000FF
-10.7 16.05 21.94 -9.6 15.32 19.29 0.455 0x0000FF
-11.79 17.32 22.69 -10.7 16.05 21.94 0.455 0x0000FF
-13.25 19.51 24.44 -11.79 17.32 22.69 0.455 0x0000FF
-15.26 22.97 25.04 -13.25 19.51 24.44 0.455 0x0000FF
-16.17 24.43 28.3 -15.26 22.97 25.04 0.455 0x0000FF
-18.36 26.07 30.35 -16.17 24.43 28.3 0.455 0x0000FF
-20.55 29.53 32.24 -18.36 26.07 30.35 0.455 0x0000FF
-22.19 30.44 34.13 -20.55 29.53 32.24 0.455 0x0000FF
-24.02 31.17 35.65 -22.19 30.44 34.13 0.455 0x0000FF
-26.93 32.99 38.36 -24.02 31.17 35.65 0.455 0x0000FF
-29.85 35.0 40.11 -26.93 32.99 38.36 0.455 0x0000FF
-31.5 35.9 43.15 -29.85 35.0 40.11 0.455 0x0000FF
-35.69 39.19 44.97 -31.5 35.9 43.15 0.455 0x0000FF
-40.61 41.92 47.01 -35.69 39.19 44.97 0.455 0x0000FF
-43.17 42.65 48.45 -40.61 41.92 47.01 0.455 0x0000FF
-45.55 43.38 51.63 -43.17 42.65 48.45 0.455 0x0000FF
-48.28 45.02 53.9 -45.55 43.38 51.63 0.455 0x0000FF
-49.01 45.75 56.71 -48.28 45.02 53.9 0.455 0x0000FF
-49.92 46.66 59.89 -49.01 45.75 56.71 0.455 0x0000FF
-53.57 47.75 60.27 -49.92 46.66 59.89 0.365 0x0000FF
-54.12 48.3 62.54 -53.57 47.75 60.27 0.365 0x0000FF
-55.58 49.76 63.9 -54.12 48.3 62.54 0.275 0x0000FF
-56.67 51.58 65.04 -55.58 49.76 63.9 0.275 0x0000FF
-1.94 10.15 9.28 2.62 11.79 9.28 0.545 0x0000FF
-5.22 8.86 9.67 -1.94 10.15 9.28 0.545 0x0000FF
-7.78 7.6 10.42 -5.22 8.86 9.67 0.545 0x0000FF
-10.15 6.69 11.1 -7.78 7.6 10.42 0.545 0x0000FF
-15.44 6.51 11.79 -10.15 6.69 11.1 0.545 0x0000FF
-19.82 6.51 12.62 -15.44 6.51 11.79 0.545 0x0000FF
-24.75 5.78 14.44 -19.82 6.51 12.62 0.545 0x0000FF
-26.39 5.41 15.95 -24.75 5.78 14.44 0.545 0x0000FF
-33.5 2.5 17.54 -26.39 5.41 15.95 0.545 0x0000FF
-42.44 -0.6 18.6 -33.5 2.5 17.54 0.545 0x0000FF
-50.65 -3.33 19.82 -42.44 -0.6 18.6 0.455 0x0000FF
-54.85 -3.88 21.71 -50.65 -3.33 19.82 0.455 0x0000FF
-59.23 -5.16 22.54 -54.85 -3.88 21.71 0.455 0x0000FF
-61.05 -5.52 25.04 -59.23 -5.16 22.54 0.455 0x0000FF
-62.88 -6.98 31.48 -61.05 -5.52 25.04 0.455 0x0000FF
-69.45 -8.43 34.97 -62.88 -6.98 31.48 0.455 0x0000FF
-75.47 -9.71 35.79 -69.45 -8.43 34.97 0.455 0x0000FF
-80.94 -10.44 37.69 -75.47 -9.71 35.79 0.455 0x0000FF
-88.79 -12.08 37.84 -80.94 -10.44 37.69 0.365 0x0000FF
-114.15 -25.2 47.16 -88.79 -12.08 37.84 0.365 0x0000FF
-125.46 -24.4 51.4 -114.15 -25.2 47.16 0.275 0x0000FF
-135.49 -24.22 52.16 -125.46 -24.4 51.4 0.275 0x0000FF
-142.06 -23.67 53.52 -135.49 -24.22 52.16 0.18 0x0000FF
-150.63 -24.03 54.06 -142.06 -23.67 53.52 0.18 0x0000FF
-160.49 -24.76 54.96 -150.63 -24.03 54.06 0.18 0x0000FF
-167.79 -24.03 55.95 -160.49 -24.76 54.96 0.18 0x0000FF
-173.81 -23.67 57.09 -167.79 -24.03 55.95 0.18 0x0000FF
2.08 10.33 8.83 4.08 11.61 8.3 0.64 0x0000FF
-0.11 8.15 9.89 2.08 10.33 8.83 0.64 0x0000FF
-1.21 6.32 9.89 -0.11 8.15 9.89 0.545 0x0000FF
-3.76 1.22 9.14 -1.21 6.32 9.89 0.545 0x0000FF
-5.04 -3.15 10.11 -3.76 1.22 9.14 0.545 0x0000FF
-7.23 -7.71 12.24 -5.04 -3.15 10.11 0.455 0x0000FF
-9.77 -10.62 13.76 -7.23 -7.71 12.24 0.455 0x0000FF
-11.79 -12.63 14.29 -9.77 -10.62 13.76 0.455 0x0000FF
-17.63 -15.9 15.73 -11.79 -12.63 14.29 0.365 0x0000FF
-19.27 -17.36 16.03 -17.63 -15.9 15.73 0.365 0x0000FF
-21.64 -20.1 17.32 -19.27 -17.36 16.03 0.365 0x0000FF
-24.75 -22.65 17.54 -21.64 -20.1 17.32 0.365 0x0000FF
-26.02 -24.83 18.07 -24.75 -22.65 17.54 0.365 0x0000FF
18.25 3.1 -3.89 17.76 14.12 -7.82 2.465 0x0000FF
18.61 1.28 -3.89 18.25 3.1 -3.89 2.465 0x0000FF
18.61 0.0 -3.89 18.61 1.28 -3.89 2.465 0x0000FF
19.16 -2.37 -4.88 18.61 0.0 -3.89 2.1 0x0000FF
19.89 -4.55 -4.42 19.16 -2.37 -4.88 2.1 0x0000FF
20.62 -6.74 -4.26 19.89 -4.55 -4.42 2.1 0x0000FF
20.8 -8.75 -3.51 20.62 -6.74 -4.26 2.1 0x0000FF
20.98 -9.11 -5.11 20.8 -8.75 -3.51 2.1 0x0000FF
21.71 -10.57 -5.48 20.98 -9.11 -5.11 2.1 0x0000FF
22.08 -11.3 -5.71 21.71 -10.57 -5.48 2.1 0x0000FF
22.55 -14.07 -5.86 22.08 -11.3 -5.71 1.64 0x0000FF
22.0 -18.8 -5.26 22.55 -14.07 -5.86 1.64 0x0000FF
22.0 -21.91 -5.03 22.0 -18.8 -5.26 1.64 0x0000FF
22.0 -27.55 -4.88 22.0 -21.91 -5.03 1.64 0x0000FF
22.19 -29.92 -4.65 22.0 -27.55 -4.88 1.64 0x0000FF
22.16 -33.67 -2.0 22.19 -29.92 -4.65 1.64 0x0000FF
21.79 -37.68 -0.56 22.16 -33.67 -2.0 1.64 0x0000FF
21.98 -43.15 -1.17 21.79 -37.68 -0.56 1.64 0x0000FF
21.61 -45.15 -2.45 21.98 -43.15 -1.17 1.64 0x0000FF
21.79 -48.07 -3.06 21.61 -45.15 -2.45 1.64 0x0000FF
22.16 -48.98 -4.05 21.79 -48.07 -3.06 1.46 0x0000FF
22.34 -52.07 -3.14 22.16 -48.98 -4.05 1.46 0x0000FF
22.71 -55.35 -1.7 22.34 -52.07 -3.14 1.46 0x0000FF
23.62 -59.91 -1.02 22.71 -55.35 -1.7 1.46 0x0000FF
23.62 -60.46 -0.26 23.62 -59.91 -1.02 1.46 0x0000FF
24.35 -63.19 0.27 23.62 -60.46 -0.26 1.46 0x0000FF
25.08 -65.37 0.95 24.35 -63.19 0.27 1.46 0x0000FF
25.44 -66.47 -0.33 25.08 -65.37 0.95 1.46 0x0000FF
25.44 -67.01 -1.24 25.44 -66.47 -0.33 1.46 0x0000FF
25.44 -69.2 -2.23 25.44 -67.01 -1.24 1.095 0x0000FF
26.35 -73.94 -1.09 25.44 -69.2 -2.23 1.095 0x0000FF
26.54 -75.94 -0.41 26.35 -73.94 -1.09 1.095 0x0000FF
27.08 -77.95 0.88 26.54 -75.94 -0.41 1.095 0x0000FF
27.81 -80.68 2.24 27.08 -77.95 0.88 1.095 0x0000FF
28.73 -83.96 3.23 27.81 -80.68 2.24 1.095 0x0000FF
30.0 -89.42 4.13 28.73 -83.96 3.23 1.095 0x0000FF
31.28 -97.62 5.8 30.0 -89.42 4.13 1.095 0x0000FF
32.19 -104.73 6.33 31.28 -97.62 5.8 1.095 0x0000FF
34.09 -113.88 7.2 32.19 -104.73 6.33 1.095 0x0000FF
34.27 -115.34 7.3 34.09 -113.88 7.2 1.095 0x0000FF
34.27 -115.34 7.82 34.27 -115.34 7.3 1.095 0x0000FF
34.45 -117.71 7.32 34.27 -115.34 7.82 1.37 0x0000FF
34.45 -119.89 8.61 34.45 -117.71 7.32 1.37 0x0000FF
34.45 -121.71 9.97 34.45 -119.89 8.61 1.37 0x0000FF
34.45 -125.36 10.73 34.45 -121.71 9.97 1.37 0x0000FF
34.45 -127.73 11.71 34.45 -125.36 10.73 1.37 0x0000FF
33.18 -134.29 11.62 34.45 -127.73 11.71 1.185 0x0000FF
33.18 -135.01 12.73 33.18 -134.29 11.62 1.185 0x0000FF
32.63 -137.93 13.8 33.18 -135.01 12.73 1.095 0x0000FF
32.08 -141.03 14.82 32.63 -137.93 13.8 1.095 0x0000FF
32.08 -142.47 17.09 32.08 -141.03 14.82 1.095 0x0000FF
32.08 -144.49 17.44 32.08 -142.47 17.09 1.095 0x0000FF
32.08 -146.49 18.79 32.08 -144.49 17.44 1.095 0x0000FF
33.54 -154.51 18.63 32.08 -146.49 18.79 1.095 0x0000FF
33.54 -155.6 19.63 33.54 -154.51 18.63 1.095 0x0000FF
34.09 -158.15 19.94 33.54 -155.6 19.63 0.91 0x0000FF
34.27 -168.72 21.59 34.09 -158.15 19.94 0.91 0x0000FF
33.36 -179.84 22.15 34.27 -168.72 21.59 0.91 0x0000FF
33.36 -189.13 23.47 33.36 -179.84 22.15 0.82 0x0000FF
34.63 -199.33 24.86 33.36 -189.13 23.47 0.82 0x0000FF
34.82 -206.07 25.57 34.63 -199.33 24.86 0.73 0x0000FF
34.63 -210.45 25.19 34.82 -206.07 25.57 0.73 0x0000FF
34.75 -226.83 28.15 34.63 -210.45 25.19 0.73 0x0000FF
34.93 -231.56 29.36 34.75 -226.83 28.15 0.73 0x0000FF
34.57 -236.66 28.83 34.93 -231.56 29.36 0.73 0x0000FF
34.57 -239.4 26.25 34.57 -236.66 28.83 0.73 0x0000FF
34.57 -242.31 24.21 34.57 -239.4 26.25 0.73 0x0000FF
34.93 -247.96 21.1 34.57 -242.31 24.21 0.73 0x0000FF
34.93 -251.24 17.85 34.93 -247.96 21.1 0.73 0x0000FF
34.39 -256.52 13.23 34.93 -251.24 17.85 0.73 0x0000FF
34.57 -261.26 14.44 34.39 -256.52 13.23 0.73 0x0000FF
35.85 -270.55 15.95 34.57 -261.26 14.44 0.73 0x0000FF
36.76 -280.39 16.86 35.85 -270.55 15.95 0.64 0x0000FF
37.67 -288.41 17.23 36.76 -280.39 16.86 0.64 0x0000FF
38.58 -296.43 18.38 37.67 -288.41 17.23 0.64 0x0000FF
38.77 -302.07 18.91 38.58 -296.43 18.38 0.64 0x0000FF
38.79 -304.89 19.82 38.77 -302.07 18.91 0.64 0x0000FF
38.25 -310.52 18.82 38.79 -304.89 19.82 0.64 0x0000FF
38.61 -318.19 18.6 38.25 -310.52 18.82 0.64 0x0000FF
36.79 -325.66 17.54 38.61 -318.19 18.6 0.64 0x0000FF
35.88 -329.85 17.32 36.79 -325.66 17.54 0.64 0x0000FF
34.06 -341.33 15.8 35.88 -329.85 17.32 0.64 0x0000FF
33.51 -345.33 15.73 34.06 -341.33 15.8 0.64 0x0000FF
32.6 -349.34 17.16 33.51 -345.33 15.73 0.64 0x0000FF
31.68 -354.26 15.04 32.6 -349.34 17.16 0.64 0x0000FF
31.14 -358.09 13.0 31.68 -354.26 15.04 0.64 0x0000FF
29.68 -366.83 11.79 31.14 -358.09 13.0 0.64 0x0000FF
30.95 -371.93 11.1 29.68 -366.83 11.79 0.64 0x0000FF
30.59 -378.86 9.97 30.95 -371.93 11.1 0.64 0x0000FF
30.59 -382.32 9.51 30.59 -378.86 9.97 0.545 0x0000FF
34.6 -387.97 12.85 30.59 -382.32 9.51 0.455 0x0000FF
35.52 -391.25 14.36 34.6 -387.97 12.85 0.365 0x0000FF
36.06 -394.16 14.51 35.52 -391.25 14.36 0.365 0x0000FF
39.11 -402.09 15.2 36.06 -394.16 14.51 0.275 0x0000FF
33.56 -315.79 19.89 38.77 -302.07 18.91 0.64 0x0000FF
29.73 -329.82 20.19 33.56 -315.79 19.89 0.64 0x0000FF
26.45 -341.12 21.33 29.73 -329.82 20.19 0.545 0x0000FF
23.89 -348.95 22.09 26.45 -341.12 21.33 0.545 0x0000FF
23.34 -350.96 23.15 23.89 -348.95 22.09 0.545 0x0000FF
21.52 -355.33 24.44 23.34 -350.96 23.15 0.545 0x0000FF
19.14 -360.8 25.88 21.52 -355.33 24.44 0.545 0x0000FF
17.14 -365.35 27.77 19.14 -360.8 25.88 0.545 0x0000FF
16.23 -367.54 28.38 17.14 -365.35 27.77 0.545 0x0000FF
16.54 -372.86 28.75 16.23 -367.54 28.38 0.365 0x0000FF
17.64 -377.41 28.22 16.54 -372.86 28.75 0.365 0x0000FF
18.73 -381.97 27.09 17.64 -377.41 28.22 0.365 0x0000FF
19.1 -385.61 25.88 18.73 -381.97 27.09 0.365 0x0000FF
19.82 -388.89 25.5 19.1 -385.61 25.88 0.365 0x0000FF
20.01 -392.72 26.94 19.82 -388.89 25.5 0.365 0x0000FF
21.1 -398.0 29.06 20.01 -392.72 26.94 0.365 0x0000FF
22.2 -401.46 30.27 21.1 -398.0 29.06 0.365 0x0000FF
22.75 -404.74 32.15 22.2 -401.46 30.27 0.365 0x0000FF
22.93 -406.2 33.97 22.75 -404.74 32.15 0.365 0x0000FF
23.84 -411.12 34.97 22.93 -406.2 33.97 0.365 0x0000FF
24.75 -414.03 35.72 23.84 -411.12 34.97 0.365 0x0000FF
6.56 -377.19 29.82 16.23 -367.54 28.38 0.545 0x0000FF
3.82 -383.02 30.27 6.56 -377.19 29.82 0.455 0x0000FF
0.9 -388.13 31.33 3.82 -383.02 30.27 0.455 0x0000FF
0.35 -390.13 32.01 0.9 -388.13 31.33 0.455 0x0000FF
-0.01 -393.41 34.06 0.35 -390.13 32.01 0.455 0x0000FF
1.03 -403.47 35.11 -0.01 -393.41 34.06 0.455 0x0000FF
1.95 -406.93 35.57 1.03 -403.47 35.11 0.455 0x0000FF
3.04 -411.67 37.84 1.95 -406.93 35.57 0.455 0x0000FF
3.59 -414.58 38.9 3.04 -411.67 37.84 0.455 0x0000FF
4.13 -417.13 40.11 3.59 -414.58 38.9 0.455 0x0000FF
4.68 -421.69 41.56 4.13 -417.13 40.11 0.455 0x0000FF
4.5 -429.7 43.3 4.68 -421.69 41.56 0.455 0x0000FF
3.77 -439.72 43.3 4.5 -429.7 43.3 0.455 0x0000FF
3.04 -449.75 44.21 3.77 -439.72 43.3 0.455 0x0000FF
-1.34 -461.04 45.34 3.04 -449.75 44.21 0.365 0x0000FF
30.99 -157.97 16.86 33.54 -155.6 19.63 0.82 0x0000FF
20.39 -162.16 17.92 30.99 -157.97 16.86 0.73 0x0000FF
16.75 -164.17 18.3 20.39 -162.16 17.92 0.73 0x0000FF
12.01 -166.35 18.91 16.75 -164.17 18.3 0.73 0x0000FF
6.9 -169.45 19.36 12.01 -166.35 18.91 0.64 0x0000FF
3.8 -171.45 20.04 6.9 -169.45 19.36 0.64 0x0000FF
1.43 -173.09 20.57 3.8 -171.45 20.04 0.64 0x0000FF
-0.76 -175.28 21.1 1.43 -173.09 20.57 0.64 0x0000FF
-2.04 -177.83 21.56 -0.76 -175.28 21.1 0.64 0x0000FF
-3.32 -180.75 22.39 -2.04 -177.83 21.56 0.64 0x0000FF
-5.32 -183.84 21.1 -3.32 -180.75 22.39 0.545 0x0000FF
-6.42 -185.85 20.42 -5.32 -183.84 21.1 0.545 0x0000FF
-7.33 -187.12 18.82 -6.42 -185.85 20.42 0.545 0x0000FF
-8.78 -188.58 17.7 -7.33 -187.12 18.82 0.545 0x0000FF
-10.98 -192.77 16.79 -8.78 -188.58 17.7 0.365 0x0000FF
-11.89 -194.78 16.26 -10.98 -192.77 16.79 0.365 0x0000FF
-12.99 -197.33 15.8 -11.89 -194.78 16.26 0.365 0x0000FF
-14.26 -201.15 15.27 -12.99 -197.33 15.8 0.365 0x0000FF
35.0 -116.07 7.54 34.27 -115.34 7.82 0.73 0x0000FF
35.72 -117.34 6.26 35.0 -116.07 7.54 0.73 0x0000FF
35.72 -117.34 5.04 35.72 -117.34 6.26 0.73 0x0000FF
35.72 -117.34 2.7 35.72 -117.34 5.04 0.73 0x0000FF
35.72 -117.34 1.41 35.72 -117.34 2.7 0.73 0x0000FF
37.74 -119.35 1.64 35.72 -117.34 1.41 0.64 0x0000FF
37.74 -119.35 4.21 37.74 -119.35 1.64 0.64 0x0000FF
38.83 -120.07 6.79 37.74 -119.35 4.21 0.64 0x0000FF
39.74 -120.07 7.62 38.83 -120.07 6.79 0.64 0x0000FF
40.65 -120.07 9.97 39.74 -120.07 7.62 0.64 0x0000FF
42.12 -119.89 11.41 40.65 -120.07 9.97 0.64 0x0000FF
43.21 -119.16 12.62 42.12 -119.89 11.41 0.64 0x0000FF
43.76 -118.8 12.92 43.21 -119.16 12.62 0.64 0x0000FF
46.13 -117.71 14.51 43.76 -118.8 12.92 0.455 0x0000FF
46.68 -117.52 15.95 46.13 -117.71 14.51 0.455 0x0000FF
47.04 -117.34 17.77 46.68 -117.52 15.95 0.455 0x0000FF
48.32 -116.98 18.98 47.04 -117.34 17.77 0.455 0x0000FF
49.23 -116.43 20.95 48.32 -116.98 18.98 0.455 0x0000FF
49.6 -116.43 22.39 49.23 -116.43 20.95 0.455 0x0000FF
50.51 -116.25 24.06 49.6 -116.43 22.39 0.455 0x0000FF
51.24 -116.07 26.03 50.51 -116.25 24.06 0.455 0x0000FF
51.97 -116.07 26.79 51.24 -116.07 26.03 0.455 0x0000FF
53.43 -116.07 27.62 51.97 -116.07 26.79 0.455 0x0000FF
54.34 -115.88 29.06 53.43 -116.07 27.62 0.455 0x0000FF
59.45 -115.88 30.72 54.34 -115.88 29.06 0.365 0x0000FF
62.55 -116.07 31.18 59.45 -115.88 30.72 0.365 0x0000FF
64.56 -115.52 32.31 62.55 -116.07 31.18 0.365 0x0000FF
66.93 -114.24 33.07 64.56 -115.52 32.31 0.365 0x0000FF
69.3 -113.52 34.59 66.93 -114.24 33.07 0.18 0x0000FF
70.4 -113.15 34.59 69.3 -113.52 34.59 0.18 0x0000FF
72.22 -112.42 34.97 70.4 -113.15 34.59 0.18 0x0000FF
27.81 -68.47 -2.68 25.44 -67.01 -1.24 0.73 0x0000FF
30.55 -69.38 -4.12 27.81 -68.47 -2.68 0.73 0x0000FF
33.83 -70.11 -6.24 30.55 -69.38 -4.12 0.64 0x0000FF
36.57 -70.66 -6.77 33.83 -70.11 -6.24 0.545 0x0000FF
38.4 -71.39 -8.44 36.57 -70.66 -6.77 0.545 0x0000FF
40.95 -72.12 -9.8 38.4 -71.39 -8.44 0.545 0x0000FF
41.13 -72.12 -11.39 40.95 -72.12 -9.8 0.545 0x0000FF
42.77 -72.48 -13.36 41.13 -72.12 -11.39 0.545 0x0000FF
46.61 -72.48 -15.79 42.77 -72.48 -13.36 0.365 0x0000FF
49.71 -71.39 -17.45 46.61 -72.48 -15.79 0.365 0x0000FF
50.8 -70.66 -18.89 49.71 -71.39 -17.45 0.365 0x0000FF
54.27 -71.39 -19.2 50.8 -70.66 -18.89 0.275 0x0000FF
56.46 -74.84 -20.48 54.27 -71.39 -19.2 0.275 0x0000FF
18.51 -50.98 -3.44 21.79 -48.07 -3.06 0.64 0x0000FF
17.41 -52.07 -4.34 18.51 -50.98 -3.44 0.64 0x0000FF
15.59 -54.08 -5.18 17.41 -52.07 -4.34 0.545 0x0000FF
12.67 -56.45 -7.68 15.59 -54.08 -5.18 0.545 0x0000FF
10.85 -58.09 -9.35 12.67 -56.45 -7.68 0.545 0x0000FF
8.11 -59.73 -11.01 10.85 -58.09 -9.35 0.545 0x0000FF
3.0 -61.91 -11.77 8.11 -59.73 -11.01 0.455 0x0000FF
-1.2 -63.19 -12.91 3.0 -61.91 -11.77 0.455 0x0000FF
-6.67 -66.29 -13.44 -1.2 -63.19 -12.91 0.365 0x0000FF
-9.94 -70.48 -13.97 -6.67 -66.29 -13.44 0.365 0x0000FF
-12.51 -76.84 -14.73 -9.94 -70.48 -13.97 0.365 0x0000FF
-12.33 -84.14 -14.95 -12.51 -76.84 -14.73 0.365 0x0000FF
-17.07 -93.43 -15.26 -12.33 -84.14 -14.95 0.365 0x0000FF
24.45 -12.03 -5.94 22.08 -11.3 -5.71 0.82 0x0000FF
25.91 -12.57 -5.71 24.45 -12.03 -5.94 0.82 0x0000FF
32.47 -12.75 -4.8 25.91 -12.57 -5.71 0.82 0x0000FF
37.59 -10.19 -6.01 32.47 -12.75 -4.8 0.82 0x0000FF
39.4 -6.92 -6.77 37.59 -10.19 -6.01 0.82 0x0000FF
42.8 -5.14 -6.24 39.4 -6.92 -6.77 0.455 0x0000FF
45.91 -3.87 -6.62 42.8 -5.14 -6.24 0.455 0x0000FF
51.01 -3.14 -7.38 45.91 -3.87 -6.62 0.455 0x0000FF
57.58 0.5 -8.28 51.01 -3.14 -7.38 0.455 0x0000FF
61.78 3.24 -9.03 57.58 0.5 -8.28 0.365 0x0000FF
62.33 3.6 -9.57 61.78 3.24 -9.03 0.365 0x0000FF
64.52 4.69 -10.71 62.33 3.6 -9.57 0.365 0x0000FF
67.44 6.33 -11.17 64.52 4.69 -10.71 0.275 0x0000FF
70.54 7.79 -11.7 67.44 6.33 -11.17 0.275 0x0000FF
41.42 -4.19 -6.92 39.4 -6.92 -6.77 0.64 0x0000FF
43.42 -2.0 -7.45 41.42 -4.19 -6.92 0.64 0x0000FF
46.89 4.55 -7.91 43.42 -2.0 -7.45 0.64 0x0000FF
48.9 7.47 -6.62 46.89 4.55 -7.91 0.64 0x0000FF
51.27 9.66 -5.41 48.9 7.47 -6.62 0.64 0x0000FF
59.48 14.21 -4.58 51.27 9.66 -5.41 0.64 0x0000FF
64.59 19.3 -3.51 59.48 14.21 -4.58 0.545 0x0000FF
68.42 26.78 -2.52 64.59 19.3 -3.51 0.545 0x0000FF
69.88 30.97 -0.56 68.42 26.78 -2.52 0.545 0x0000FF
71.52 36.08 0.12 69.88 30.97 -0.56 0.545 0x0000FF
81.01 49.56 1.11 71.52 36.08 0.12 0.545 0x0000FF
86.48 56.48 1.48 81.01 49.56 1.11 0.455 0x0000FF
89.04 58.85 2.24 86.48 56.48 1.48 0.365 0x0000FF
95.53 63.73 3.3 89.04 58.85 2.24 0.275 0x0000FF
18.25 -0.55 -3.89 18.61 0.0 -3.89 0.82 0x0000FF
16.79 -1.64 -3.29 18.25 -0.55 -3.89 0.82 0x0000FF
13.32 -3.46 -2.38 16.79 -1.64 -3.29 0.82 0x0000FF
12.04 -4.55 -1.92 13.32 -3.46 -2.38 0.82 0x0000FF
9.85 -6.56 -1.7 12.04 -4.55 -1.92 0.82 0x0000FF
8.76 -6.92 -1.62 9.85 -6.56 -1.7 0.82 0x0000FF
8.39 -7.11 -3.36 8.76 -6.92 -1.62 0.82 0x0000FF
6.57 -8.56 -4.42 8.39 -7.11 -3.36 0.82 0x0000FF
3.47 -8.75 -4.95 6.57 -8.56 -4.42 0.82 0x0000FF
2.19 -8.38 -5.94 3.47 -8.75 -4.95 0.64 0x0000FF
0.73 -7.29 -6.7 2.19 -8.38 -5.94 0.64 0x0000FF
-0.18 -7.11 -7.98 0.73 -7.29 -6.7 0.64 0x0000FF
-1.28 -6.38 -8.97 -0.18 -7.11 -7.98 0.455 0x0000FF
-3.1 -5.47 -9.88 -1.28 -6.38 -8.97 0.455 0x0000FF
-4.55 -4.92 -11.01 -3.1 -5.47 -9.88 0.18 0x0000FF
-6.93 -4.37 -12.3 -4.55 -4.92 -11.01 0.18 0x0000FF
-7.48 -3.83 -14.27 -6.93 -4.37 -12.3 0.18 0x0000FF
-9.11 -2.0 -15.63 -7.48 -3.83 -14.27 0.18 0x0000FF
-12.04 0.36 -16.7 -9.11 -2.0 -15.63 0.18 0x0000FF
1.28 -9.28 -5.94 3.47 -8.75 -4.95 0.545 0x0000FF
-0.36 -9.66 -5.79 1.28 -9.28 -5.94 0.545 0x0000FF
-2.19 -10.93 -3.67 -0.36 -9.66 -5.79 0.455 0x0000FF
-3.47 -11.48 -2.61 -2.19 -10.93 -3.67 0.455 0x0000FF
-4.38 -11.48 -1.32 -3.47 -11.48 -2.61 0.455 0x0000FF
-9.11 -11.84 0.65 -4.38 -11.48 -1.32 0.365 0x0000FF
-11.86 -10.57 2.09 -9.11 -11.84 0.65 0.275 0x0000FF
-14.6 -8.75 1.26 -11.86 -10.57 2.09 0.275 0x0000FF
-16.42 -6.92 0.65 -14.6 -8.75 1.26 0.275 0x0000FF
-18.05 -4.92 -0.03 -16.42 -6.92 0.65 0.275 0x0000FF
-18.98 -2.19 -1.47 -18.05 -4.92 -0.03 0.275 0x0000FF
-19.52 -1.09 -1.55 -18.98 -2.19 -1.47 0.275 0x0000FF
-20.07 1.09 1.56 -19.52 -1.09 -1.55 0.275 0x0000FF
-10.02 -14.39 1.18 -9.11 -11.84 0.65 0.275 0x0000FF
-10.76 -16.76 1.71 -10.02 -14.39 1.18 0.275 0x0000FF
-10.76 -19.13 2.39 -10.76 -16.76 1.71 0.275 0x0000FF
-10.22 -21.86 3.23 -10.76 -19.13 2.39 0.275 0x0000FF
-9.85 -23.69 3.91 -10.22 -21.86 3.23 0.275 0x0000FF
-9.31 -26.78 4.29 -9.85 -23.69 3.91 0.275 0x0000FF
-8.76 -29.7 6.33 -9.31 -26.78 4.29 0.275 0x0000FF
-8.94 -31.16 7.62 -8.76 -29.7 6.33 0.275 0x0000FF
-9.31 -33.52 8.68 -8.94 -31.16 7.62 0.275 0x0000FF
-10.02 -35.35 9.51 -9.31 -33.52 8.68 0.275 0x0000FF
-10.58 -36.79 12.09 -10.02 -35.35 9.51 0.275 0x0000FF
-11.13 -37.72 14.13 -10.58 -36.79 12.09 0.275 0x0000FF
-11.68 -38.44 15.35 -11.13 -37.72 14.13 0.275 0x0000FF
-13.5 -39.54 18.6 -11.68 -38.44 15.35 0.275 0x0000FF
