-19.54 -30.58 2.47 -25.91 -20.54 14.33 1.595 0x0000FF
-19.42 -30.82 2.47 -19.54 -30.58 2.47 1.595 0x0000FF
-19.17 -31.32 2.47 -19.42 -30.82 2.47 1.595 0x0000FF
-18.93 -31.93 2.47 -19.17 -31.32 2.47 1.595 0x0000FF
-18.3 -32.79 2.47 -18.93 -31.93 2.47 1.595 0x0000FF
-17.94 -33.4 2.47 -18.3 -32.79 2.47 1.595 0x0000FF
-17.45 -34.14 2.47 -17.94 -33.4 2.47 1.595 0x0000FF
-16.96 -35.11 2.47 -17.45 -34.14 2.47 1.595 0x0000FF
-16.72 -35.49 2.47 -16.96 -35.11 2.47 1.595 0x0000FF
-17.54 -36.74 3.0 -16.72 -35.49 2.47 0.98 0x0000FF
-17.41 -37.47 3.0 -17.54 -36.74 3.0 0.98 0x0000FF
-17.78 -38.7 3.08 -17.41 -37.47 3.0 0.98 0x0000FF
-17.66 -40.04 3.15 -17.78 -38.7 3.08 0.98 0x0000FF
-17.54 -42.51 3.15 -17.66 -40.04 3.15 0.98 0x0000FF
-17.41 -43.73 3.23 -17.54 -42.51 3.15 0.98 0x0000FF
-17.29 -44.23 3.68 -17.41 -43.73 3.23 0.98 0x0000FF
-17.29 -44.72 3.83 -17.29 -44.23 3.68 0.98 0x0000FF
-17.29 -45.58 3.83 -17.29 -44.72 3.83 0.98 0x0000FF
-17.29 -46.07 3.83 -17.29 -45.58 3.83 0.98 0x0000FF
-18.03 -46.68 2.92 -17.29 -46.07 3.83 0.43 0x0000FF
-18.52 -47.91 2.92 -18.03 -46.68 2.92 0.43 0x0000FF
-18.76 -48.77 3.0 -18.52 -47.91 2.92 0.43 0x0000FF
-19.13 -49.87 3.15 -18.76 -48.77 3.0 0.43 0x0000FF
-19.5 -51.1 3.38 -19.13 -49.87 3.15 0.43 0x0000FF
-19.62 -51.96 3.53 -19.5 -51.1 3.38 0.43 0x0000FF
-19.62 -52.57 3.61 -19.62 -51.96 3.53 0.43 0x0000FF
-19.73 -53.43 3.61 -19.62 -52.57 3.61 0.43 0x0000FF
-19.87 -55.03 3.61 -19.73 -53.43 3.61 0.43 0x0000FF
-19.87 -55.76 3.23 -19.87 -55.03 3.61 0.43 0x0000FF
-19.98 -56.75 2.92 -19.87 -55.76 3.23 0.43 0x0000FF
-19.73 -57.61 2.92 -19.98 -56.75 2.92 0.43 0x0000FF
-19.5 -58.83 2.92 -19.73 -57.61 2.92 0.43 0x0000FF
-19.13 -60.31 2.92 -19.5 -58.83 2.92 0.43 0x0000FF
-19.13 -61.78 2.92 -19.13 -60.31 2.92 0.43 0x0000FF
-19.13 -63.13 2.92 -19.13 -61.78 2.92 0.43 0x0000FF
-20.97 -67.67 2.85 -19.13 -63.13 2.92 0.43 0x0000FF
-20.97 -69.39 2.7 -20.97 -67.67 2.85 0.43 0x0000FF
-20.85 -71.23 2.54 -20.97 -69.39 2.7 0.43 0x0000FF
-20.72 -72.58 2.47 -20.85 -71.23 2.54 0.43 0x0000FF
-20.72 -73.06 2.39 -20.72 -72.58 2.47 0.43 0x0000FF
-20.72 -73.69 2.39 -20.72 -73.06 2.39 0.43 0x0000FF
-20.85 -74.42 2.39 -20.72 -73.69 2.39 0.43 0x0000FF
-20.97 -75.4 2.7 -20.85 -74.42 2.39 0.43 0x0000FF
-21.22 -76.02 2.85 -20.97 -75.4 2.7 0.43 0x0000FF
-21.46 -77.12 2.92 -21.22 -76.02 2.85 0.43 0x0000FF
-20.48 -78.95 2.09 -21.46 -77.12 2.92 0.43 0x0000FF
-20.72 -81.54 2.24 -20.48 -78.95 2.09 0.43 0x0000FF
-19.87 -85.22 2.31 -20.72 -81.54 2.24 0.43 0x0000FF
-18.64 -87.8 2.31 -19.87 -85.22 2.31 0.43 0x0000FF
-18.39 -88.41 2.0 -18.64 -87.8 2.31 0.43 0x0000FF
-18.64 -88.91 1.94 -18.39 -88.41 2.0 0.43 0x0000FF
-19.01 -89.03 1.94 -18.64 -88.91 1.94 0.43 0x0000FF
-19.5 -89.15 1.86 -19.01 -89.03 1.94 0.43 0x0000FF
-20.11 -89.03 1.79 -19.5 -89.15 1.86 0.43 0x0000FF
-20.85 -89.03 1.79 -20.11 -89.03 1.79 0.43 0x0000FF
-21.22 -89.03 2.09 -20.85 -89.03 1.79 0.43 0x0000FF
-21.71 -89.27 2.31 -21.22 -89.03 2.09 0.43 0x0000FF
-22.2 -89.15 2.39 -21.71 -89.27 2.31 0.43 0x0000FF
-23.18 -89.27 2.39 -22.2 -89.15 2.39 0.43 0x0000FF
-23.91 -89.4 2.39 -23.18 -89.27 2.39 0.43 0x0000FF
-24.4 -89.89 2.47 -23.91 -89.4 2.39 0.43 0x0000FF
-25.02 -90.5 2.47 -24.4 -89.89 2.47 0.43 0x0000FF
-25.26 -91.36 2.54 -25.02 -90.5 2.47 0.43 0x0000FF
-25.39 -91.97 2.54 -25.26 -91.36 2.54 0.43 0x0000FF
-25.51 -92.34 2.62 -25.39 -91.97 2.54 0.43 0x0000FF
-25.63 -92.71 2.92 -25.51 -92.34 2.62 0.43 0x0000FF
-25.75 -93.08 2.92 -25.63 -92.71 2.92 0.43 0x0000FF
-25.75 -93.32 2.92 -25.75 -93.08 2.92 0.43 0x0000FF
-25.75 -93.82 2.7 -25.75 -93.32 2.92 0.43 0x0000FF
-25.75 -94.43 2.39 -25.75 -93.82 2.7 0.43 0x0000FF
-26.0 -94.67 2.17 -25.75 -94.43 2.39 0.43 0x0000FF
-26.0 -94.92 2.0 -26.0 -94.67 2.17 0.43 0x0000FF
-26.12 -95.41 1.86 -26.0 -94.92 2.0 0.43 0x0000FF
-26.24 -96.03 1.79 -26.12 -95.41 1.86 0.43 0x0000FF
-26.37 -96.39 1.71 -26.24 -96.03 1.79 0.43 0x0000FF
-26.37 -97.25 1.64 -26.37 -96.39 1.71 0.43 0x0000FF
-26.61 -98.6 1.64 -26.37 -97.25 1.64 0.43 0x0000FF
-26.61 -99.46 1.64 -26.61 -98.6 1.64 0.43 0x0000FF
-26.86 -101.67 1.64 -26.61 -99.46 1.64 0.43 0x0000FF
-27.1 -102.41 1.56 -26.86 -101.67 1.64 0.43 0x0000FF
-27.19 -107.71 1.18 -27.1 -102.41 1.56 0.43 0x0000FF
-27.93 -108.57 1.11 -27.19 -107.71 1.18 0.43 0x0000FF
-28.05 -109.18 0.95 -27.93 -108.57 1.11 0.43 0x0000FF
-28.05 -109.92 0.73 -28.05 -109.18 0.95 0.43 0x0000FF
-28.05 -109.92 1.18 -28.05 -109.92 0.73 0.43 0x0000FF
-28.17 -110.16 1.41 -28.05 -109.92 1.18 0.43 0x0000FF
-28.17 -110.9 1.48 -28.17 -110.16 1.41 0.43 0x0000FF
-28.05 -111.15 2.17 -28.17 -110.9 1.48 0.43 0x0000FF
-28.05 -111.51 2.47 -28.05 -111.15 2.17 0.43 0x0000FF
-28.05 -112.0 3.3 -28.05 -111.51 2.47 0.43 0x0000FF
-28.05 -112.25 3.61 -28.05 -112.0 3.3 0.43 0x0000FF
-28.05 -112.74 3.91 -28.05 -112.25 3.61 0.43 0x0000FF
-28.05 -113.6 4.21 -28.05 -112.74 3.91 0.43 0x0000FF
-27.8 -115.56 4.51 -28.05 -113.6 4.21 0.43 0x0000FF
-27.68 -117.77 4.59 -27.8 -115.56 4.51 0.43 0x0000FF
-27.31 -119.86 4.59 -27.68 -117.77 4.59 0.43 0x0000FF
-26.7 -122.07 4.59 -27.31 -119.86 4.59 0.43 0x0000FF
-26.21 -124.28 4.97 -26.7 -122.07 4.59 0.43 0x0000FF
-25.35 -126.24 5.12 -26.21 -124.28 4.97 0.43 0x0000FF
-24.98 -127.96 5.2 -25.35 -126.24 5.12 0.43 0x0000FF
-24.25 -130.91 5.27 -24.98 -127.96 5.2 0.43 0x0000FF
-23.63 -134.71 5.35 -24.25 -130.91 5.27 0.43 0x0000FF
-23.63 -139.25 5.35 -23.63 -134.71 5.35 0.43 0x0000FF
-23.75 -141.34 5.35 -23.63 -139.25 5.35 0.43 0x0000FF
-23.88 -143.06 5.5 -23.75 -141.34 5.35 0.43 0x0000FF
-23.88 -144.41 5.65 -23.88 -143.06 5.5 0.43 0x0000FF
-16.55 -47.91 4.59 -17.29 -46.07 3.83 0.675 0x0000FF
-16.55 -49.87 4.74 -16.55 -47.91 4.59 0.615 0x0000FF
-16.55 -51.59 5.58 -16.55 -49.87 4.74 0.615 0x0000FF
-16.68 -52.57 5.8 -16.55 -51.59 5.58 0.615 0x0000FF
-16.43 -53.92 6.56 -16.68 -52.57 5.8 0.55 0x0000FF
-16.3 -54.29 6.94 -16.43 -53.92 6.56 0.55 0x0000FF
-16.19 -54.9 7.17 -16.3 -54.29 6.94 0.55 0x0000FF
-15.94 -55.27 7.47 -16.19 -54.9 7.17 0.55 0x0000FF
-15.69 -56.01 7.47 -15.94 -55.27 7.47 0.55 0x0000FF
-15.45 -56.38 7.62 -15.69 -56.01 7.47 0.55 0x0000FF
-15.33 -56.75 7.85 -15.45 -56.38 7.62 0.55 0x0000FF
-15.2 -57.36 8.38 -15.33 -56.75 7.85 0.55 0x0000FF
-15.08 -57.73 8.52 -15.2 -57.36 8.38 0.55 0x0000FF
-15.08 -58.1 8.52 -15.08 -57.73 8.52 0.55 0x0000FF
-15.08 -58.46 9.44 -15.08 -58.1 8.52 0.55 0x0000FF
-15.08 -58.71 9.74 -15.08 -58.46 9.44 0.55 0x0000FF
-15.08 -59.2 9.97 -15.08 -58.71 9.74 0.55 0x0000FF
-15.08 -59.94 10.27 -15.08 -59.2 9.97 0.55 0x0000FF
-15.2 -60.43 10.8 -15.08 -59.94 10.27 0.55 0x0000FF
-15.2 -61.66 10.88 -15.2 -60.43 10.8 0.55 0x0000FF
-15.2 -62.27 10.88 -15.2 -61.66 10.88 0.55 0x0000FF
-15.45 -63.25 11.03 -15.2 -62.27 10.88 0.43 0x0000FF
-15.82 -64.48 11.18 -15.45 -63.25 11.03 0.37 0x0000FF
-16.19 -64.84 11.41 -15.82 -64.48 11.18 0.37 0x0000FF
-17.04 -66.31 11.56 -16.19 -64.84 11.41 0.245 0x0000FF
-14.51 -35.72 2.47 -16.72 -35.49 2.47 0.98 0x0000FF
-14.26 -35.97 2.47 -14.51 -35.72 2.47 0.98 0x0000FF
-13.04 -36.72 2.47 -14.26 -35.97 2.47 0.795 0x0000FF
-11.44 -38.56 2.47 -13.04 -36.72 2.47 0.675 0x0000FF
-10.58 -39.65 2.54 -11.44 -38.56 2.47 0.49 0x0000FF
-9.19 -40.18 3.76 -10.58 -39.65 2.54 0.305 0x0000FF
-8.58 -39.93 3.91 -9.19 -40.18 3.76 0.305 0x0000FF
-6.99 -39.07 4.67 -8.58 -39.93 3.91 0.245 0x0000FF
-6.25 -38.7 4.97 -6.99 -39.07 4.67 0.245 0x0000FF
-4.65 -38.58 5.95 -6.25 -38.7 4.97 0.245 0x0000FF
-3.67 -38.46 6.86 -4.65 -38.58 5.95 0.245 0x0000FF
-1.96 -37.97 7.17 -3.67 -38.46 6.86 0.245 0x0000FF
-0.97 -37.35 7.85 -1.96 -37.97 7.17 0.245 0x0000FF
1.48 -37.6 9.36 -0.97 -37.35 7.85 0.245 0x0000FF
3.32 -37.6 9.67 1.48 -37.6 9.36 0.245 0x0000FF
4.91 -37.72 10.57 3.32 -37.6 9.67 0.245 0x0000FF
-8.94 -40.9 4.29 -10.58 -39.65 2.54 0.245 0x0000FF
-7.84 -42.14 4.29 -8.94 -40.9 4.29 0.245 0x0000FF
-6.62 -43.12 4.74 -7.84 -42.14 4.29 0.245 0x0000FF
-5.39 -43.73 5.2 -6.62 -43.12 4.74 0.245 0x0000FF
-4.16 -44.84 5.42 -5.39 -43.73 5.2 0.245 0x0000FF
-3.31 -45.82 5.88 -4.16 -44.84 5.42 0.245 0x0000FF
-1.83 -47.05 6.18 -3.31 -45.82 5.88 0.245 0x0000FF
-0.73 -47.79 7.01 -1.83 -47.05 6.18 0.245 0x0000FF
1.6 -49.63 7.47 -0.73 -47.79 7.01 0.245 0x0000FF
3.69 -51.22 7.85 1.6 -49.63 7.47 0.245 0x0000FF
6.14 -53.8 8.44 3.69 -51.22 7.85 0.245 0x0000FF
11.29 -58.46 8.38 6.14 -53.8 8.44 0.245 0x0000FF
14.48 -59.45 8.61 11.29 -58.46 8.38 0.245 0x0000FF
17.79 -62.02 9.36 14.48 -59.45 8.61 0.245 0x0000FF
21.6 -63.62 9.44 17.79 -62.02 9.36 0.245 0x0000FF
25.4 -64.84 9.51 21.6 -63.62 9.44 0.245 0x0000FF
31.04 -65.7 10.19 25.4 -64.84 9.51 0.245 0x0000FF
33.25 -65.83 10.57 31.04 -65.7 10.19 0.245 0x0000FF
36.19 -66.69 10.8 33.25 -65.83 10.57 0.245 0x0000FF
39.75 -66.81 11.1 36.19 -66.69 10.8 0.245 0x0000FF
42.7 -66.56 11.26 39.75 -66.81 11.1 0.245 0x0000FF
44.17 -65.95 11.79 42.7 -66.56 11.26 0.245 0x0000FF
45.52 -64.72 11.94 44.17 -65.95 11.79 0.245 0x0000FF
46.74 -62.76 12.09 45.52 -64.72 11.94 0.245 0x0000FF
-25.95 -30.36 4.29 -25.91 -20.54 14.33 0.615 0x0000FF
-26.2 -31.22 4.21 -25.95 -30.36 4.29 0.615 0x0000FF
-26.2 -31.95 4.21 -26.2 -31.22 4.21 0.615 0x0000FF
-26.45 -33.67 4.13 -26.2 -31.95 4.21 0.615 0x0000FF
-27.06 -36.25 3.91 -26.45 -33.67 4.13 0.55 0x0000FF
-28.53 -42.39 3.68 -27.06 -36.25 3.91 0.55 0x0000FF
-30.13 -48.03 3.45 -28.53 -42.39 3.68 0.55 0x0000FF
-30.98 -53.43 3.68 -30.13 -48.03 3.45 0.55 0x0000FF
-34.42 -60.43 3.76 -30.98 -53.43 3.68 0.49 0x0000FF
-35.77 -64.73 3.98 -34.42 -60.43 3.76 0.49 0x0000FF
-35.89 -67.92 4.13 -35.77 -64.73 3.98 0.49 0x0000FF
-36.14 -68.9 3.68 -35.89 -67.92 4.13 0.49 0x0000FF
-37.11 -70.13 3.45 -36.14 -68.9 3.68 0.49 0x0000FF
-38.47 -74.55 3.23 -37.11 -70.13 3.45 0.49 0x0000FF
-40.06 -77.98 2.62 -38.47 -74.55 3.23 0.43 0x0000FF
-41.53 -79.33 2.09 -40.06 -77.98 2.62 0.43 0x0000FF
-43.62 -82.03 1.79 -41.53 -79.33 2.09 0.43 0x0000FF
-44.36 -83.38 1.18 -43.62 -82.03 1.79 0.43 0x0000FF
-46.32 -85.96 0.65 -44.36 -83.38 1.18 0.43 0x0000FF
-49.51 -89.03 0.12 -46.32 -85.96 0.65 0.43 0x0000FF
-50.37 -90.75 -0.03 -49.51 -89.03 0.12 0.43 0x0000FF
-51.35 -91.98 -0.11 -50.37 -90.75 -0.03 0.43 0x0000FF
-59.69 -109.08 -0.48 -51.35 -91.98 -0.11 0.43 0x0000FF
-62.88 -115.47 -1.09 -59.69 -109.08 -0.48 0.43 0x0000FF
-63.98 -122.83 0.12 -62.88 -115.47 -1.09 0.43 0x0000FF
-64.47 -128.11 0.42 -63.98 -122.83 0.12 0.43 0x0000FF
-65.7 -138.16 0.57 -64.47 -128.11 0.42 0.43 0x0000FF
-65.81 -141.0 0.65 -65.7 -138.16 0.57 0.37 0x0000FF
-65.33 -144.56 0.73 -65.81 -141.0 0.65 0.37 0x0000FF
-64.72 -146.88 0.88 -65.33 -144.56 0.73 0.37 0x0000FF
-64.84 -149.71 1.03 -64.72 -146.88 0.88 0.37 0x0000FF
-65.09 -151.55 1.03 -64.84 -149.71 1.03 0.37 0x0000FF
-69.11 -172.25 1.03 -65.09 -151.55 1.03 0.37 0x0000FF
-63.98 -137.81 0.73 -65.7 -138.16 0.57 0.37 0x0000FF
-62.27 -139.16 0.8 -63.98 -137.81 0.73 0.37 0x0000FF
-57.6 -138.41 0.8 -62.27 -139.16 0.8 0.37 0x0000FF
-31.62 -27.37 6.03 -25.91 -20.54 14.33 1.165 0x0000FF
-32.11 -27.86 6.03 -31.62 -27.37 6.03 1.165 0x0000FF
-33.7 -28.35 6.03 -32.11 -27.86 6.03 1.165 0x0000FF
-34.32 -28.84 6.03 -33.7 -28.35 6.03 1.165 0x0000FF
-34.44 -29.08 6.03 -34.32 -28.84 6.03 1.165 0x0000FF
-35.04 -29.45 6.03 -34.44 -29.08 6.03 1.165 0x0000FF
-36.15 -29.7 6.03 -35.04 -29.45 6.03 1.165 0x0000FF
-36.65 -30.31 6.03 -36.15 -29.7 6.03 1.165 0x0000FF
-37.14 -30.43 6.03 -36.65 -30.31 6.03 1.165 0x0000FF
-38.0 -30.07 6.03 -37.14 -30.43 6.03 0.55 0x0000FF
-38.61 -30.31 6.79 -38.0 -30.07 6.03 0.55 0x0000FF
-39.84 -30.68 6.86 -38.61 -30.31 6.79 0.55 0x0000FF
-41.19 -30.93 7.01 -39.84 -30.68 6.86 0.55 0x0000FF
-42.41 -30.8 7.24 -41.19 -30.93 7.01 0.55 0x0000FF
-45.11 -30.68 7.62 -42.41 -30.8 7.24 0.55 0x0000FF
-47.69 -30.93 8.0 -45.11 -30.68 7.62 0.55 0x0000FF
-49.9 -31.78 8.15 -47.69 -30.93 8.0 0.55 0x0000FF
-51.98 -32.15 8.52 -49.9 -31.78 8.15 0.55 0x0000FF
-53.33 -32.15 9.21 -51.98 -32.15 8.52 0.55 0x0000FF
-55.91 -31.66 10.27 -53.33 -32.15 9.21 0.55 0x0000FF
-57.01 -31.17 11.1 -55.91 -31.66 10.27 0.55 0x0000FF
-58.97 -30.43 11.41 -57.01 -31.17 11.1 0.49 0x0000FF
-60.32 -30.07 11.79 -58.97 -30.43 11.41 0.37 0x0000FF
-61.06 -29.21 11.86 -60.32 -30.07 11.79 0.37 0x0000FF
-61.55 -28.72 12.17 -61.06 -29.21 11.86 0.37 0x0000FF
-37.26 -31.91 6.86 -37.14 -30.43 6.03 0.92 0x0000FF
-37.88 -32.52 7.62 -37.26 -31.91 6.86 0.795 0x0000FF
-38.36 -33.38 8.15 -37.88 -32.52 7.62 0.735 0x0000FF
-38.72 -33.99 8.61 -38.36 -33.38 8.15 0.735 0x0000FF
-39.59 -34.72 9.36 -38.72 -33.99 8.61 0.675 0x0000FF
-39.96 -35.1 9.67 -39.59 -34.72 9.36 0.675 0x0000FF
-41.56 -36.08 10.73 -39.96 -35.1 9.67 0.675 0x0000FF
-42.17 -36.33 11.18 -41.56 -36.08 10.73 0.675 0x0000FF
-42.78 -36.45 11.48 -42.17 -36.33 11.18 0.675 0x0000FF
-43.89 -36.69 11.64 -42.78 -36.45 11.48 0.675 0x0000FF
-44.87 -36.69 12.17 -43.89 -36.69 11.64 0.675 0x0000FF
-45.97 -36.82 12.62 -44.87 -36.69 12.17 0.675 0x0000FF
-46.46 -36.94 13.15 -45.97 -36.82 12.62 0.675 0x0000FF
-48.06 -37.31 12.01 -46.46 -36.94 13.15 0.675 0x0000FF
-49.16 -37.79 11.86 -48.06 -37.31 12.01 0.675 0x0000FF
-50.76 -38.17 11.48 -49.16 -37.79 11.86 0.615 0x0000FF
-51.25 -38.4 11.41 -50.76 -38.17 11.48 0.615 0x0000FF
-51.74 -38.54 11.33 -51.25 -38.4 11.41 0.615 0x0000FF
-52.23 -38.65 11.26 -51.74 -38.54 11.33 0.615 0x0000FF
-33.34 -23.07 -3.59 -25.91 -20.54 14.33 1.655 0x0000FF
-33.58 -23.07 -3.59 -33.34 -23.07 -3.59 1.655 0x0000FF
-34.07 -23.19 -3.51 -33.58 -23.07 -3.59 1.655 0x0000FF
-35.54 -23.19 -3.36 -34.07 -23.19 -3.51 1.655 0x0000FF
-36.53 -23.31 -3.36 -35.54 -23.19 -3.36 1.655 0x0000FF
-37.14 -23.44 -3.36 -36.53 -23.31 -3.36 1.655 0x0000FF
-38.49 -23.56 -3.36 -37.14 -23.44 -3.36 1.655 0x0000FF
-39.1 -23.56 -3.36 -38.49 -23.56 -3.36 1.655 0x0000FF
-40.21 -23.81 -3.36 -39.1 -23.56 -3.36 1.655 0x0000FF
-41.31 -23.81 -3.36 -40.21 -23.81 -3.36 1.655 0x0000FF
-41.92 -23.93 -3.36 -41.31 -23.81 -3.36 1.655 0x0000FF
-42.54 -23.93 -3.36 -41.92 -23.93 -3.36 1.655 0x0000FF
-43.4 -23.93 -3.36 -42.54 -23.93 -3.36 1.655 0x0000FF
-43.27 -24.17 -3.44 -43.4 -23.93 -3.36 0.98 0x0000FF
-43.64 -24.42 -3.36 -43.27 -24.17 -3.44 0.98 0x0000FF
-43.89 -24.67 -3.21 -43.64 -24.42 -3.36 0.98 0x0000FF
-44.13 -24.79 -3.21 -43.89 -24.67 -3.21 1.105 0x0000FF
-44.25 -24.91 -3.21 -44.13 -24.79 -3.21 1.105 0x0000FF
-45.11 -25.16 -3.14 -44.25 -24.91 -3.21 1.105 0x0000FF
-45.24 -25.16 -3.14 -45.11 -25.16 -3.14 1.105 0x0000FF
-45.85 -25.4 -3.14 -45.24 -25.16 -3.14 1.105 0x0000FF
-46.37 -25.52 -2.68 -45.85 -25.4 -3.14 0.735 0x0000FF
-46.74 -25.52 -2.68 -46.37 -25.52 -2.68 0.735 0x0000FF
-47.23 -25.64 -2.68 -46.74 -25.52 -2.68 0.735 0x0000FF
-47.97 -25.4 -2.68 -47.23 -25.64 -2.68 0.735 0x0000FF
-48.71 -25.4 -2.68 -47.97 -25.4 -2.68 0.735 0x0000FF
-48.78 -25.8 -2.45 -48.71 -25.4 -2.68 0.55 0x0000FF
-49.27 -26.17 -3.29 -48.78 -25.8 -2.45 0.55 0x0000FF
-49.88 -26.29 -3.74 -49.27 -26.17 -3.29 0.55 0x0000FF
-51.23 -26.05 -4.05 -49.88 -26.29 -3.74 0.55 0x0000FF
-52.46 -26.05 -4.12 -51.23 -26.05 -4.05 0.55 0x0000FF
-55.4 -25.8 -4.12 -52.46 -26.05 -4.12 0.49 0x0000FF
-56.63 -25.68 -4.42 -55.4 -25.8 -4.12 0.49 0x0000FF
-57.85 -25.68 -4.58 -56.63 -25.68 -4.42 0.49 0x0000FF
-58.96 -25.8 -4.8 -57.85 -25.68 -4.58 0.49 0x0000FF
-59.57 -25.8 -4.88 -58.96 -25.8 -4.8 0.49 0x0000FF
-60.68 -25.68 -5.03 -59.57 -25.8 -4.88 0.49 0x0000FF
-61.41 -25.68 -5.33 -60.68 -25.68 -5.03 0.49 0x0000FF
-62.76 -25.8 -5.48 -61.41 -25.68 -5.33 0.49 0x0000FF
-63.99 -26.29 -5.86 -62.76 -25.8 -5.48 0.49 0x0000FF
-64.97 -26.54 -6.01 -63.99 -26.29 -5.86 0.49 0x0000FF
-65.83 -26.91 -6.17 -64.97 -26.54 -6.01 0.49 0x0000FF
-66.56 -27.15 -6.39 -65.83 -26.91 -6.17 0.49 0x0000FF
-67.3 -27.28 -6.39 -66.56 -27.15 -6.39 0.49 0x0000FF
-67.79 -27.28 -6.62 -67.3 -27.28 -6.39 0.49 0x0000FF
-69.02 -27.15 -6.92 -67.79 -27.28 -6.62 0.49 0x0000FF
-70.12 -26.91 -7.08 -69.02 -27.15 -6.92 0.49 0x0000FF
-71.22 -26.78 -7.15 -70.12 -26.91 -7.08 0.49 0x0000FF
-72.2 -26.54 -7.3 -71.22 -26.78 -7.15 0.49 0x0000FF
-73.43 -26.78 -7.61 -72.2 -26.54 -7.3 0.49 0x0000FF
-75.64 -27.64 -8.36 -73.43 -26.78 -7.61 0.43 0x0000FF
-77.48 -28.38 -8.44 -75.64 -27.64 -8.36 0.43 0x0000FF
-78.58 -28.63 -8.51 -77.48 -28.38 -8.44 0.43 0x0000FF
-79.31 -28.75 -8.51 -78.58 -28.63 -8.51 0.43 0x0000FF
-80.67 -28.87 -8.59 -79.31 -28.75 -8.51 0.43 0x0000FF
-81.53 -28.99 -8.82 -80.67 -28.87 -8.59 0.43 0x0000FF
-82.76 -29.24 -8.82 -81.53 -28.99 -8.82 0.43 0x0000FF
-83.61 -29.36 -8.82 -82.76 -29.24 -8.82 0.43 0x0000FF
-84.47 -29.61 -8.82 -83.61 -29.36 -8.82 0.43 0x0000FF
-85.45 -29.85 -8.97 -84.47 -29.61 -8.82 0.43 0x0000FF
-85.95 -30.1 -9.11 -85.45 -29.85 -8.97 0.43 0x0000FF
-86.31 -30.22 -9.19 -85.95 -30.1 -9.11 0.43 0x0000FF
-86.93 -30.34 -9.5 -86.31 -30.22 -9.19 0.43 0x0000FF
-88.4 -31.2 -10.11 -86.93 -30.34 -9.5 0.43 0x0000FF
-89.13 -31.69 -10.26 -88.4 -31.2 -10.11 0.43 0x0000FF
-89.75 -32.06 -10.33 -89.13 -31.69 -10.26 0.43 0x0000FF
-90.36 -32.31 -10.33 -89.75 -32.06 -10.33 0.43 0x0000FF
-91.22 -32.54 -10.48 -90.36 -32.31 -10.33 0.43 0x0000FF
-93.8 -33.29 -10.56 -91.22 -32.54 -10.48 0.305 0x0000FF
-96.99 -34.03 -10.79 -93.8 -33.29 -10.56 0.305 0x0000FF
-98.58 -34.27 -11.17 -96.99 -34.03 -10.79 0.305 0x0000FF
-101.52 -34.76 -11.7 -98.58 -34.27 -11.17 0.305 0x0000FF
-103.12 -35.13 -12.23 -101.52 -34.76 -11.7 0.305 0x0000FF
-105.69 -35.99 -12.38 -103.12 -35.13 -12.23 0.305 0x0000FF
-107.66 -36.72 -12.83 -105.69 -35.99 -12.38 0.305 0x0000FF
-110.11 -37.83 -13.06 -107.66 -36.72 -12.83 0.305 0x0000FF
-112.32 -38.94 -13.36 -110.11 -37.83 -13.06 0.305 0x0000FF
-92.2 -30.71 -10.79 -91.22 -32.54 -10.48 0.37 0x0000FF
-93.55 -27.77 -10.26 -92.2 -30.71 -10.79 0.305 0x0000FF
-94.16 -26.78 -9.94 -93.55 -27.77 -10.26 0.305 0x0000FF
-94.78 -26.05 -9.65 -94.16 -26.78 -9.94 0.305 0x0000FF
-95.51 -25.56 -9.5 -94.78 -26.05 -9.65 0.305 0x0000FF
-95.88 -25.07 -9.19 -95.51 -25.56 -9.5 0.305 0x0000FF
-96.49 -24.45 -8.74 -95.88 -25.07 -9.19 0.305 0x0000FF
-96.74 -24.08 -8.44 -96.49 -24.45 -8.74 0.305 0x0000FF
-96.86 -23.59 -8.21 -96.74 -24.08 -8.44 0.305 0x0000FF
-96.99 -22.98 -7.91 -96.86 -23.59 -8.21 0.305 0x0000FF
-97.23 -22.12 -7.68 -96.99 -22.98 -7.91 0.305 0x0000FF
-97.48 -21.38 -7.53 -97.23 -22.12 -7.68 0.305 0x0000FF
-97.84 -21.02 -7.15 -97.48 -21.38 -7.53 0.305 0x0000FF
-49.81 -24.17 -2.29 -48.71 -25.4 -2.68 0.49 0x0000FF
-50.55 -23.43 -1.85 -49.81 -24.17 -2.29 0.49 0x0000FF
-50.55 -23.31 -1.85 -50.55 -23.43 -1.85 0.49 0x0000FF
-51.04 -22.94 -2.83 -50.55 -23.31 -1.85 0.49 0x0000FF
-51.4 -22.57 -2.98 -51.04 -22.94 -2.83 0.49 0x0000FF
-51.89 -21.84 -2.98 -51.4 -22.57 -2.98 0.49 0x0000FF
-52.02 -21.35 -3.29 -51.89 -21.84 -2.98 0.49 0x0000FF
-52.39 -20.49 -3.59 -52.02 -21.35 -3.29 0.49 0x0000FF
-52.75 -19.87 -3.74 -52.39 -20.49 -3.59 0.49 0x0000FF
-53.24 -19.01 -3.89 -52.75 -19.87 -3.74 0.49 0x0000FF
-54.1 -18.28 -3.97 -53.24 -19.01 -3.89 0.49 0x0000FF
-54.72 -17.91 -4.12 -54.1 -18.28 -3.97 0.49 0x0000FF
-56.8 -17.3 -4.73 -54.72 -17.91 -4.12 0.49 0x0000FF
-57.29 -16.93 -4.95 -56.8 -17.3 -4.73 0.49 0x0000FF
-57.91 -16.19 -5.64 -57.29 -16.93 -4.95 0.49 0x0000FF
-59.13 -14.23 -5.79 -57.91 -16.19 -5.64 0.49 0x0000FF
-59.87 -12.75 -5.86 -59.13 -14.23 -5.79 0.49 0x0000FF
-61.22 -11.16 -6.17 -59.87 -12.75 -5.86 0.49 0x0000FF
-62.2 -9.19 -6.77 -61.22 -11.16 -6.17 0.49 0x0000FF
-63.79 -7.35 -7.45 -62.2 -9.19 -6.77 0.49 0x0000FF
-64.65 -3.3 -7.45 -63.79 -7.35 -7.45 0.49 0x0000FF
-65.02 -2.57 -7.76 -64.65 -3.3 -7.45 0.49 0x0000FF
-65.34 3.21 -8.14 -65.02 -2.57 -7.76 0.49 0x0000FF
-67.92 10.95 -8.36 -65.34 3.21 -8.14 0.49 0x0000FF
-69.02 13.52 -8.06 -67.92 10.95 -8.36 0.49 0x0000FF
-69.39 14.87 -7.08 -69.02 13.52 -8.06 0.49 0x0000FF
-70.37 18.3 -5.94 -69.39 14.87 -7.08 0.49 0x0000FF
-70.98 20.03 -5.33 -70.37 18.3 -5.94 0.49 0x0000FF
-71.11 22.85 -4.8 -70.98 20.03 -5.33 0.49 0x0000FF
-71.23 27.15 -3.74 -71.11 22.85 -4.8 0.49 0x0000FF
-71.11 36.35 -2.76 -71.23 27.15 -3.74 0.49 0x0000FF
-69.02 41.88 -2.0 -71.11 36.35 -2.76 0.49 0x0000FF
-70.13 46.54 -1.92 -69.02 41.88 -2.0 0.43 0x0000FF
-71.59 50.59 -1.85 -70.13 46.54 -1.92 0.43 0x0000FF
-72.83 53.66 -1.62 -71.59 50.59 -1.85 0.43 0x0000FF
-72.7 57.1 -1.47 -72.83 53.66 -1.62 0.43 0x0000FF
-72.34 57.96 -1.47 -72.7 57.1 -1.47 0.43 0x0000FF
-72.94 63.43 0.27 -72.34 57.96 -1.47 0.37 0x0000FF
-45.85 -26.14 -5.71 -45.85 -25.4 -3.14 0.795 0x0000FF
-46.22 -26.26 -5.86 -45.85 -26.14 -5.71 0.795 0x0000FF
-46.46 -26.63 -5.94 -46.22 -26.26 -5.86 0.795 0x0000FF
-46.58 -27.0 -5.94 -46.46 -26.63 -5.94 0.795 0x0000FF
-46.71 -27.24 -5.94 -46.58 -27.0 -5.94 0.795 0x0000FF
-47.44 -27.73 -6.47 -46.71 -27.24 -5.94 0.245 0x0000FF
-47.81 -27.86 -6.24 -47.44 -27.73 -6.47 0.245 0x0000FF
-48.18 -28.1 -6.09 -47.81 -27.86 -6.24 0.245 0x0000FF
-48.55 -28.22 -5.79 -48.18 -28.1 -6.09 0.245 0x0000FF
-48.79 -28.59 -5.64 -48.55 -28.22 -5.79 0.245 0x0000FF
-49.16 -28.96 -5.64 -48.79 -28.59 -5.64 0.245 0x0000FF
-49.28 -29.33 -5.56 -49.16 -28.96 -5.64 0.245 0x0000FF
-49.65 -29.58 -5.41 -49.28 -29.33 -5.56 0.245 0x0000FF
-50.02 -29.94 -5.41 -49.65 -29.58 -5.41 0.245 0x0000FF
-50.26 -30.19 -5.26 -50.02 -29.94 -5.41 0.245 0x0000FF
-50.88 -30.56 -5.26 -50.26 -30.19 -5.26 0.245 0x0000FF
-51.61 -30.8 -5.26 -50.88 -30.56 -5.26 0.245 0x0000FF
-52.23 -31.17 -5.03 -51.61 -30.8 -5.26 0.245 0x0000FF
-53.09 -31.42 -4.8 -52.23 -31.17 -5.03 0.245 0x0000FF
-54.44 -32.03 -4.5 -53.09 -31.42 -4.8 0.245 0x0000FF
-54.93 -32.52 -4.42 -54.44 -32.03 -4.5 0.245 0x0000FF
-55.42 -33.5 -4.26 -54.93 -32.52 -4.42 0.245 0x0000FF
-56.15 -34.24 -4.2 -55.42 -33.5 -4.26 0.245 0x0000FF
-56.4 -34.47 -4.12 -56.15 -34.24 -4.2 0.245 0x0000FF
-57.13 -34.97 -4.05 -56.4 -34.47 -4.12 0.245 0x0000FF
-57.99 -35.34 -4.05 -57.13 -34.97 -4.05 0.245 0x0000FF
-59.22 -35.84 -3.89 -57.99 -35.34 -4.05 0.245 0x0000FF
-60.08 -36.08 -3.74 -59.22 -35.84 -3.89 0.245 0x0000FF
-60.94 -36.57 -3.44 -60.08 -36.08 -3.74 0.245 0x0000FF
-61.92 -36.82 -3.36 -60.94 -36.57 -3.44 0.245 0x0000FF
-62.78 -37.54 -3.29 -61.92 -36.82 -3.36 0.245 0x0000FF
-63.76 -38.65 -3.21 -62.78 -37.54 -3.29 0.245 0x0000FF
-64.37 -39.39 -2.98 -63.76 -38.65 -3.21 0.245 0x0000FF
-64.98 -40.13 -2.98 -64.37 -39.39 -2.98 0.245 0x0000FF
-65.48 -40.75 -2.83 -64.98 -40.13 -2.98 0.245 0x0000FF
-65.72 -41.11 -2.68 -65.48 -40.75 -2.83 0.245 0x0000FF
-66.7 -41.73 -2.52 -65.72 -41.11 -2.68 0.245 0x0000FF
-66.7 -41.73 -1.92 -66.7 -41.73 -2.52 0.245 0x0000FF
-67.06 -42.1 -1.55 -66.7 -41.73 -1.92 0.245 0x0000FF
-67.81 -42.34 -1.24 -67.06 -42.1 -1.55 0.245 0x0000FF
-68.42 -42.34 -0.86 -67.81 -42.34 -1.24 0.245 0x0000FF
-69.16 -42.46 -0.79 -68.42 -42.34 -0.86 0.245 0x0000FF
-71.12 -44.18 -0.94 -69.16 -42.46 -0.79 0.245 0x0000FF
-71.61 -44.92 -0.64 -71.12 -44.18 -0.94 0.245 0x0000FF
-72.34 -46.02 -0.41 -71.61 -44.92 -0.64 0.245 0x0000FF
-73.69 -47.13 -0.03 -72.34 -46.02 -0.41 0.245 0x0000FF
-74.68 -47.62 0.05 -73.69 -47.13 -0.03 0.245 0x0000FF
-75.9 -48.11 0.2 -74.68 -47.62 0.05 0.245 0x0000FF
-77.13 -48.72 0.42 -75.9 -48.11 0.2 0.245 0x0000FF
-78.59 -49.34 0.95 -77.13 -48.72 0.42 0.245 0x0000FF
-79.83 -50.07 1.03 -78.59 -49.34 0.95 0.245 0x0000FF
-80.44 -50.44 1.03 -79.83 -50.07 1.03 0.245 0x0000FF
-80.93 -50.56 1.11 -80.44 -50.44 1.03 0.245 0x0000FF
-82.28 -51.55 2.0 -80.93 -50.56 1.11 0.245 0x0000FF
-83.51 -52.28 2.39 -82.28 -51.55 2.0 0.245 0x0000FF
-84.24 -52.77 2.54 -83.51 -52.28 2.39 0.245 0x0000FF
-85.72 -53.63 3.0 -84.24 -52.77 2.54 0.245 0x0000FF
-86.45 -53.88 3.23 -85.72 -53.63 3.0 0.245 0x0000FF
-87.56 -54.25 3.61 -86.45 -53.88 3.23 0.245 0x0000FF
-88.66 -54.86 3.76 -87.56 -54.25 3.61 0.245 0x0000FF
-91.11 -55.84 3.91 -88.66 -54.86 3.76 0.245 0x0000FF
-92.34 -56.21 3.91 -91.11 -55.84 3.91 0.245 0x0000FF
-93.44 -56.58 4.05 -92.34 -56.21 3.91 0.245 0x0000FF
-94.67 -56.58 4.29 -93.44 -56.58 4.05 0.245 0x0000FF
-95.65 -56.95 4.44 -94.67 -56.58 4.29 0.245 0x0000FF
-97.74 -58.42 4.51 -95.65 -56.95 4.44 0.245 0x0000FF
-99.46 -61.49 5.12 -97.74 -58.42 4.51 0.245 0x0000FF
-103.26 -63.21 5.2 -99.46 -61.49 5.12 0.245 0x0000FF
-105.59 -64.8 5.2 -103.26 -63.21 5.2 0.245 0x0000FF
-108.04 -65.54 5.42 -105.59 -64.8 5.2 0.245 0x0000FF
-110.01 -65.42 5.73 -108.04 -65.54 5.42 0.245 0x0000FF
-111.97 -65.42 5.8 -110.01 -65.42 5.73 0.245 0x0000FF
-114.58 -65.17 6.71 -111.97 -65.42 5.8 0.245 0x0000FF
-116.17 -65.41 7.39 -114.58 -65.17 6.71 0.245 0x0000FF
-119.61 -65.78 8.07 -116.17 -65.41 7.39 0.245 0x0000FF
-121.69 -66.15 8.61 -119.61 -65.78 8.07 0.245 0x0000FF
-122.8 -66.76 9.06 -121.69 -66.15 8.61 0.245 0x0000FF
-124.02 -67.5 9.44 -122.8 -66.76 9.06 0.245 0x0000FF
-124.52 -67.87 9.74 -124.02 -67.5 9.44 0.245 0x0000FF
-127.46 -68.11 11.26 -124.52 -67.87 9.74 0.245 0x0000FF
-128.56 -69.34 11.86 -127.46 -68.11 11.26 0.245 0x0000FF
-46.34 -28.35 -5.94 -46.71 -27.24 -5.94 0.37 0x0000FF
-47.2 -29.21 -5.94 -46.34 -28.35 -5.94 0.305 0x0000FF
-47.57 -29.82 -5.94 -47.2 -29.21 -5.94 0.305 0x0000FF
-47.81 -30.19 -6.09 -47.57 -29.82 -5.94 0.305 0x0000FF
-47.93 -30.43 -6.17 -47.81 -30.19 -6.09 0.305 0x0000FF
-48.06 -30.8 -6.17 -47.93 -30.43 -6.17 0.305 0x0000FF
-48.42 -31.17 -6.24 -48.06 -30.8 -6.17 0.305 0x0000FF
-48.67 -31.54 -6.47 -48.42 -31.17 -6.24 0.305 0x0000FF
-48.79 -31.78 -6.47 -48.67 -31.54 -6.47 0.305 0x0000FF
-48.92 -32.03 -6.47 -48.79 -31.78 -6.47 0.305 0x0000FF
-49.41 -32.64 -6.54 -48.92 -32.03 -6.47 0.305 0x0000FF
-50.39 -34.47 -6.62 -49.41 -32.64 -6.54 0.245 0x0000FF
-50.51 -34.85 -6.7 -50.39 -34.47 -6.62 0.245 0x0000FF
-50.76 -35.22 -6.85 -50.51 -34.85 -6.7 0.245 0x0000FF
-51.0 -35.59 -7.08 -50.76 -35.22 -6.85 0.245 0x0000FF
-51.37 -36.08 -7.23 -51.0 -35.59 -7.08 0.245 0x0000FF
-51.49 -36.45 -7.38 -51.37 -36.08 -7.23 0.245 0x0000FF
-51.61 -36.69 -7.53 -51.49 -36.45 -7.38 0.245 0x0000FF
-51.98 -37.06 -7.53 -51.61 -36.69 -7.53 0.245 0x0000FF
-52.23 -37.31 -7.68 -51.98 -37.06 -7.53 0.245 0x0000FF
-52.35 -37.43 -7.98 -52.23 -37.31 -7.68 0.245 0x0000FF
-52.72 -37.54 -8.28 -52.35 -37.43 -7.98 0.245 0x0000FF
-52.96 -37.79 -8.44 -52.72 -37.54 -8.28 0.245 0x0000FF
-53.45 -38.04 -8.82 -52.96 -37.79 -8.44 0.245 0x0000FF
-53.82 -38.29 -8.97 -53.45 -38.04 -8.82 0.245 0x0000FF
-54.07 -38.54 -9.11 -53.82 -38.29 -8.97 0.245 0x0000FF
-54.31 -38.78 -9.27 -54.07 -38.54 -9.11 0.245 0x0000FF
-54.44 -38.78 -9.8 -54.31 -38.78 -9.27 0.245 0x0000FF
-54.56 -39.03 -10.11 -54.44 -38.78 -9.8 0.245 0x0000FF
-54.93 -39.39 -10.33 -54.56 -39.03 -10.11 0.245 0x0000FF
-55.66 -40.38 -10.71 -54.93 -39.39 -10.33 0.245 0x0000FF
-55.66 -40.5 -11.32 -55.66 -40.38 -10.71 0.245 0x0000FF
-55.78 -40.86 -11.47 -55.66 -40.5 -11.32 0.245 0x0000FF
-56.03 -41.11 -11.7 -55.78 -40.86 -11.47 0.245 0x0000FF
-56.64 -41.6 -11.85 -56.03 -41.11 -11.7 0.245 0x0000FF
-57.5 -42.46 -12.0 -56.64 -41.6 -11.85 0.245 0x0000FF
-57.75 -42.95 -12.15 -57.5 -42.46 -12.0 0.245 0x0000FF
-58.61 -44.3 -13.89 -57.75 -42.95 -12.15 0.245 0x0000FF
-59.1 -45.04 -14.27 -58.61 -44.3 -13.89 0.245 0x0000FF
-59.59 -45.53 -14.42 -59.1 -45.04 -14.27 0.245 0x0000FF
-59.83 -45.9 -14.5 -59.59 -45.53 -14.42 0.245 0x0000FF
-60.2 -46.39 -14.73 -59.83 -45.9 -14.5 0.245 0x0000FF
-60.32 -46.64 -14.88 -60.2 -46.39 -14.73 0.245 0x0000FF
-60.94 -47.13 -15.18 -60.32 -46.64 -14.88 0.245 0x0000FF
-61.31 -47.62 -15.48 -60.94 -47.13 -15.18 0.245 0x0000FF
-61.67 -47.86 -15.56 -61.31 -47.62 -15.48 0.245 0x0000FF
-62.04 -48.23 -15.71 -61.67 -47.86 -15.56 0.245 0x0000FF
-62.41 -49.34 -16.09 -62.04 -48.23 -15.71 0.245 0x0000FF
-62.41 -49.83 -16.17 -62.41 -49.34 -16.09 0.245 0x0000FF
-62.53 -50.2 -16.17 -62.41 -49.83 -16.17 0.245 0x0000FF
-62.78 -50.81 -16.32 -62.53 -50.2 -16.17 0.245 0x0000FF
-62.78 -51.42 -16.7 -62.78 -50.81 -16.32 0.245 0x0000FF
-62.9 -51.92 -16.92 -62.78 -51.42 -16.7 0.245 0x0000FF
-62.9 -52.28 -17.14 -62.9 -51.92 -16.92 0.245 0x0000FF
-63.15 -52.77 -17.91 -62.9 -52.28 -17.14 0.245 0x0000FF
-63.64 -53.27 -18.21 -63.15 -52.77 -17.91 0.245 0x0000FF
-44.25 -22.95 -3.06 -43.4 -23.93 -3.36 0.795 0x0000FF
-44.38 -22.95 -3.44 -44.25 -22.95 -3.06 0.795 0x0000FF
-44.62 -22.82 -4.12 -44.38 -22.95 -3.44 0.795 0x0000FF
-44.74 -22.7 -4.42 -44.62 -22.82 -4.12 0.795 0x0000FF
-44.99 -22.7 -4.95 -44.74 -22.7 -4.42 0.795 0x0000FF
-46.34 -22.21 -5.18 -44.99 -22.7 -4.95 0.675 0x0000FF
-46.46 -22.09 -5.79 -46.34 -22.21 -5.18 0.675 0x0000FF
-47.08 -21.96 -5.86 -46.46 -22.09 -5.79 0.675 0x0000FF
-47.44 -21.84 -6.01 -47.08 -21.96 -5.86 0.675 0x0000FF
-48.06 -21.35 -6.01 -47.44 -21.84 -6.01 0.675 0x0000FF
-48.79 -20.86 -6.09 -48.06 -21.35 -6.01 0.675 0x0000FF
-49.28 -20.49 -6.62 -48.79 -20.86 -6.09 0.675 0x0000FF
-50.14 -19.88 -6.77 -49.28 -20.49 -6.62 0.55 0x0000FF
-52.1 -18.28 -6.92 -50.14 -19.88 -6.77 0.37 0x0000FF
-52.72 -17.79 -6.92 -52.1 -18.28 -6.92 0.37 0x0000FF
-53.7 -16.69 -7.38 -52.72 -17.79 -6.92 0.37 0x0000FF
-54.31 -16.07 -7.53 -53.7 -16.69 -7.38 0.37 0x0000FF
-55.05 -15.58 -7.76 -54.31 -16.07 -7.53 0.37 0x0000FF
-55.91 -15.09 -7.91 -55.05 -15.58 -7.76 0.37 0x0000FF
-56.52 -14.48 -8.06 -55.91 -15.09 -7.91 0.37 0x0000FF
-57.26 -13.86 -8.21 -56.52 -14.48 -8.06 0.37 0x0000FF
-59.22 -13.25 -8.44 -57.26 -13.86 -8.21 0.37 0x0000FF
-61.06 -12.88 -8.44 -59.22 -13.25 -8.44 0.37 0x0000FF
-61.8 -12.76 -8.44 -61.06 -12.88 -8.44 0.37 0x0000FF
-62.29 -12.64 -8.51 -61.8 -12.76 -8.44 0.37 0x0000FF
-64.0 -12.39 -8.67 -62.29 -12.64 -8.51 0.37 0x0000FF
-65.48 -12.14 -8.67 -64.0 -12.39 -8.67 0.37 0x0000FF
-67.81 -11.29 -8.82 -65.48 -12.14 -8.67 0.37 0x0000FF
-68.17 -11.16 -9.11 -67.81 -11.29 -8.82 0.37 0x0000FF
-69.65 -10.06 -9.42 -68.17 -11.16 -9.11 0.305 0x0000FF
-70.26 -9.57 -9.65 -69.65 -10.06 -9.42 0.305 0x0000FF
-71.12 -9.19 -9.65 -70.26 -9.57 -9.65 0.305 0x0000FF
-71.84 -9.57 -8.67 -71.12 -9.19 -9.65 0.245 0x0000FF
-72.59 -9.69 -8.51 -71.84 -9.57 -8.67 0.245 0x0000FF
-73.33 -9.57 -8.21 -72.59 -9.69 -8.51 0.245 0x0000FF
-73.69 -9.57 -7.98 -73.33 -9.57 -8.21 0.245 0x0000FF
-74.31 -9.32 -7.61 -73.69 -9.57 -7.98 0.245 0x0000FF
-74.92 -9.08 -7.23 -74.31 -9.32 -7.61 0.245 0x0000FF
-76.52 -8.22 -7.0 -74.92 -9.08 -7.23 0.245 0x0000FF
-77.73 -7.11 -6.92 -76.52 -8.22 -7.0 0.245 0x0000FF
-78.97 -6.38 -6.92 -77.73 -7.11 -6.92 0.245 0x0000FF
-80.06 -5.76 -6.85 -78.97 -6.38 -6.92 0.245 0x0000FF
-81.67 -5.15 -5.94 -80.06 -5.76 -6.85 0.245 0x0000FF
-82.53 -4.78 -5.48 -81.67 -5.15 -5.94 0.245 0x0000FF
-83.02 -4.53 -5.41 -82.53 -4.78 -5.48 0.245 0x0000FF
-83.88 -4.17 -5.18 -83.02 -4.53 -5.41 0.245 0x0000FF
-84.24 -4.04 -5.11 -83.88 -4.17 -5.18 0.245 0x0000FF
-84.86 -3.8 -4.58 -84.24 -4.04 -5.11 0.245 0x0000FF
-85.59 -3.55 -4.42 -84.86 -3.8 -4.58 0.245 0x0000FF
-86.82 -3.31 -4.34 -85.59 -3.55 -4.42 0.245 0x0000FF
-87.8 -2.94 -4.34 -86.82 -3.31 -4.34 0.245 0x0000FF
-89.64 -2.57 -4.26 -87.8 -2.94 -4.34 0.245 0x0000FF
-91.36 -1.71 -4.12 -89.64 -2.57 -4.26 0.245 0x0000FF
-92.95 -1.1 -4.05 -91.36 -1.71 -4.12 0.245 0x0000FF
-94.55 -0.73 -3.97 -92.95 -1.1 -4.05 0.245 0x0000FF
-95.78 -0.24 -3.82 -94.55 -0.73 -3.97 0.245 0x0000FF
-97.25 -0.24 -3.82 -95.78 -0.24 -3.82 0.245 0x0000FF
-97.98 -0.24 -3.82 -97.25 -0.24 -3.82 0.245 0x0000FF
-98.96 0.13 -3.82 -97.98 -0.24 -3.82 0.245 0x0000FF
-24.29 -6.75 -0.79 -25.91 -20.54 14.33 2.575 0x0000FF
-24.29 -6.51 -0.71 -24.29 -6.75 -0.79 2.575 0x0000FF
-24.29 -6.01 -0.64 -24.29 -6.51 -0.71 2.575 0x0000FF
-24.53 -4.42 -0.48 -24.29 -6.01 -0.64 2.455 0x0000FF
-24.29 -3.44 -0.41 -24.53 -4.42 -0.48 2.27 0x0000FF
-24.29 -3.07 -0.26 -24.29 -3.44 -0.41 2.27 0x0000FF
-24.29 -2.45 -0.26 -24.29 -3.07 -0.26 2.27 0x0000FF
-24.41 -1.96 -0.18 -24.29 -2.45 -0.26 2.27 0x0000FF
-24.41 -1.35 -0.03 -24.41 -1.96 -0.18 2.27 0x0000FF
-24.17 -1.1 0.42 -24.41 -1.35 -0.03 2.27 0x0000FF
-24.17 -0.74 0.57 -24.17 -1.1 0.42 2.27 0x0000FF
-24.29 -0.37 0.65 -24.17 -0.74 0.57 2.27 0x0000FF
-24.41 0.0 0.27 -24.29 -0.37 0.65 2.27 0x0000FF
-24.41 0.12 -0.18 -24.41 0.0 0.27 2.27 0x0000FF
-24.41 0.49 -0.48 -24.41 0.12 -0.18 2.27 0x0000FF
-24.53 0.86 -0.56 -24.41 0.49 -0.48 2.27 0x0000FF
-24.17 1.72 -0.56 -24.53 0.86 -0.56 2.27 0x0000FF
-24.04 2.95 -0.86 -24.17 1.72 -0.56 1.715 0x0000FF
-23.8 2.95 -0.86 -24.04 2.95 -0.86 1.715 0x0000FF
-23.8 3.56 -0.86 -23.8 2.95 -0.86 1.715 0x0000FF
-23.68 4.05 -0.86 -23.8 3.56 -0.86 1.715 0x0000FF
-23.31 4.3 -0.86 -23.68 4.05 -0.86 1.715 0x0000FF
-23.18 4.66 -0.71 -23.31 4.3 -0.86 1.715 0x0000FF
-23.06 5.28 -0.64 -23.18 4.66 -0.71 1.715 0x0000FF
-22.94 5.89 -0.64 -23.06 5.28 -0.64 1.715 0x0000FF
-22.69 6.14 -0.79 -22.94 5.89 -0.64 1.715 0x0000FF
-22.33 6.51 -1.02 -22.69 6.14 -0.79 1.715 0x0000FF
-22.08 6.87 -1.17 -22.33 6.51 -1.02 1.715 0x0000FF
-21.71 7.73 -1.24 -22.08 6.87 -1.17 1.715 0x0000FF
-21.34 8.35 -1.39 -21.71 7.73 -1.24 1.715 0x0000FF
-21.22 8.72 -1.39 -21.34 8.35 -1.39 1.715 0x0000FF
-20.98 9.82 -1.47 -21.22 8.72 -1.39 1.715 0x0000FF
-20.85 9.94 -1.62 -20.98 9.82 -1.47 1.715 0x0000FF
-20.73 10.31 -1.92 -20.85 9.94 -1.62 1.715 0x0000FF
-20.49 10.68 -2.08 -20.73 10.31 -1.92 1.715 0x0000FF
-20.23 11.42 -2.23 -20.49 10.68 -2.08 1.715 0x0000FF
-19.87 12.03 -2.23 -20.23 11.42 -2.23 1.715 0x0000FF
-19.63 12.52 -2.29 -19.87 12.03 -2.23 1.715 0x0000FF
-19.38 13.01 -2.52 -19.63 12.52 -2.29 1.715 0x0000FF
-19.01 13.5 -2.61 -19.38 13.01 -2.52 1.715 0x0000FF
-18.89 14.85 -2.61 -19.01 13.5 -2.61 1.655 0x0000FF
-18.64 15.1 -2.91 -18.89 14.85 -2.61 1.655 0x0000FF
-18.39 15.47 -2.98 -18.64 15.1 -2.91 1.655 0x0000FF
-18.03 15.96 -2.98 -18.39 15.47 -2.98 1.655 0x0000FF
-17.66 16.69 -3.21 -18.03 15.96 -2.98 1.655 0x0000FF
-17.54 17.3 -3.29 -17.66 16.69 -3.21 1.655 0x0000FF
-16.93 19.76 -3.36 -17.54 17.3 -3.29 1.535 0x0000FF
-16.68 20.25 -3.36 -16.93 19.76 -3.36 1.535 0x0000FF
-16.55 20.74 -3.44 -16.68 20.25 -3.36 1.535 0x0000FF
-16.19 20.99 -3.44 -16.55 20.74 -3.44 1.535 0x0000FF
-15.82 21.36 -3.44 -16.19 20.99 -3.44 1.535 0x0000FF
-15.46 22.22 -4.05 -15.82 21.36 -3.44 1.225 0x0000FF
-15.33 22.71 -3.89 -15.46 22.22 -4.05 1.225 0x0000FF
-14.84 23.32 -3.82 -15.33 22.71 -3.89 1.225 0x0000FF
-14.48 23.81 -3.82 -14.84 23.32 -3.82 1.225 0x0000FF
-14.11 24.3 -3.67 -14.48 23.81 -3.82 1.225 0x0000FF
-13.86 24.43 -3.67 -14.11 24.3 -3.67 1.225 0x0000FF
-13.62 25.04 -3.67 -13.86 24.43 -3.67 1.225 0x0000FF
-13.37 25.41 -3.67 -13.62 25.04 -3.67 1.225 0x0000FF
-12.76 25.9 -3.59 -13.37 25.41 -3.67 1.165 0x0000FF
-12.64 26.39 -3.59 -12.76 25.9 -3.59 1.165 0x0000FF
-12.51 27.0 -3.51 -12.64 26.39 -3.59 1.165 0x0000FF
-12.27 27.74 -3.51 -12.51 27.0 -3.51 1.165 0x0000FF
-11.78 28.35 -3.51 -12.27 27.74 -3.51 1.165 0x0000FF
-11.41 28.97 -3.44 -11.78 28.35 -3.51 1.165 0x0000FF
-11.16 29.58 -3.44 -11.41 28.97 -3.44 1.165 0x0000FF
-11.04 30.2 -3.44 -11.16 29.58 -3.44 1.165 0x0000FF
-10.79 31.06 -3.44 -11.04 30.2 -3.44 1.165 0x0000FF
-10.67 31.67 -3.36 -10.79 31.06 -3.44 1.165 0x0000FF
-10.55 32.15 -3.36 -10.67 31.67 -3.36 1.165 0x0000FF
-10.43 32.65 -3.36 -10.55 32.15 -3.36 1.165 0x0000FF
-10.43 33.02 -3.74 -10.43 32.65 -3.36 1.165 0x0000FF
-10.43 33.39 -3.97 -10.43 33.02 -3.74 1.165 0x0000FF
-10.3 34.0 -4.12 -10.43 33.39 -3.97 1.165 0x0000FF
-10.06 34.74 -4.2 -10.3 34.0 -4.12 1.165 0x0000FF
-9.57 35.72 -4.65 -10.06 34.74 -4.2 1.165 0x0000FF
-9.44 36.09 -4.73 -9.57 35.72 -4.65 1.165 0x0000FF
-9.19 36.58 -4.8 -9.44 36.09 -4.73 1.165 0x0000FF
-9.08 36.95 -4.95 -9.19 36.58 -4.8 1.165 0x0000FF
-8.59 38.04 -5.03 -9.08 36.95 -4.95 1.045 0x0000FF
-8.22 38.29 -5.11 -8.59 38.04 -5.03 1.045 0x0000FF
-7.97 38.79 -5.26 -8.22 38.29 -5.11 1.045 0x0000FF
-7.48 39.77 -5.33 -7.97 38.79 -5.26 1.045 0x0000FF
-7.11 40.51 -5.41 -7.48 39.77 -5.33 1.045 0x0000FF
-6.38 45.05 -5.71 -7.11 40.51 -5.41 1.045 0x0000FF
-6.01 46.28 -5.71 -6.38 45.05 -5.71 1.045 0x0000FF
-5.15 48.36 -5.79 -6.01 46.28 -5.71 1.045 0x0000FF
-4.29 49.84 -5.86 -5.15 48.36 -5.79 1.045 0x0000FF
-3.93 50.82 -5.86 -4.29 49.84 -5.86 1.045 0x0000FF
-3.43 52.04 -6.01 -3.93 50.82 -5.86 1.045 0x0000FF
-2.82 53.27 -6.09 -3.43 52.04 -6.01 1.045 0x0000FF
-2.33 54.38 -6.17 -2.82 53.27 -6.09 1.045 0x0000FF
-1.72 55.85 -6.24 -2.33 54.38 -6.17 1.045 0x0000FF
-1.35 57.45 -6.24 -1.72 55.85 -6.24 1.045 0x0000FF
-0.86 58.8 -6.24 -1.35 57.45 -6.24 1.045 0x0000FF
-0.74 59.66 -6.47 -0.86 58.8 -6.24 1.045 0x0000FF
-0.37 60.88 -6.47 -0.74 59.66 -6.47 1.045 0x0000FF
-0.25 62.23 -6.47 -0.37 60.88 -6.47 1.045 0x0000FF
-0.12 62.97 -6.54 -0.25 62.23 -6.47 1.045 0x0000FF
0.0 63.71 -6.54 -0.12 62.97 -6.54 1.045 0x0000FF
0.12 64.44 -6.54 0.0 63.71 -6.54 1.045 0x0000FF
0.49 66.04 -6.54 0.12 64.44 -6.54 1.045 0x0000FF
0.37 66.04 -6.54 0.49 66.04 -6.54 1.045 0x0000FF
0.49 66.53 -6.54 0.37 66.04 -6.54 1.045 0x0000FF
5.83 82.42 -6.62 0.49 66.53 -6.54 1.045 0x0000FF
6.08 85.61 -6.85 5.83 82.42 -6.62 1.045 0x0000FF
7.3 91.26 -7.0 6.08 85.61 -6.85 1.045 0x0000FF
8.41 92.85 -7.0 7.3 91.26 -7.0 1.045 0x0000FF
8.65 94.08 -6.24 8.41 92.85 -7.0 0.86 0x0000FF
8.52 94.57 -6.32 8.65 94.08 -6.24 0.86 0x0000FF
8.52 95.31 -6.47 8.52 94.57 -6.32 0.86 0x0000FF
8.65 95.92 -6.62 8.52 95.31 -6.47 0.86 0x0000FF
8.77 96.53 -6.92 8.65 95.92 -6.62 0.86 0x0000FF
9.02 97.15 -7.45 8.77 96.53 -6.92 0.86 0x0000FF
9.27 97.88 -7.45 9.02 97.15 -7.45 0.86 0x0000FF
9.39 98.62 -7.45 9.27 97.88 -7.45 0.86 0x0000FF
9.39 99.36 -7.68 9.39 98.62 -7.45 0.86 0x0000FF
9.27 100.09 -7.83 9.39 99.36 -7.68 0.86 0x0000FF
9.14 100.71 -8.06 9.27 100.09 -7.83 0.86 0x0000FF
9.14 102.43 -8.14 9.14 100.71 -8.06 0.86 0x0000FF
9.14 102.79 -8.14 9.14 102.43 -8.14 0.86 0x0000FF
9.27 103.78 -8.59 9.14 102.79 -8.14 0.86 0x0000FF
9.39 104.51 -8.67 9.27 103.78 -8.59 0.86 0x0000FF
9.76 105.62 -8.67 9.39 104.51 -8.67 0.86 0x0000FF
10.25 109.18 -8.67 9.76 105.62 -8.67 0.735 0x0000FF
10.25 110.77 -8.74 10.25 109.18 -8.67 0.735 0x0000FF
10.49 112.37 -8.89 10.25 110.77 -8.74 0.735 0x0000FF
10.49 113.47 -9.03 10.49 112.37 -8.89 0.735 0x0000FF
11.11 117.28 -9.19 10.49 113.47 -9.03 0.735 0x0000FF
11.72 119.12 -9.27 11.11 117.28 -9.19 0.735 0x0000FF
12.58 121.33 -9.27 11.72 119.12 -9.27 0.735 0x0000FF
13.31 123.66 -9.35 12.58 121.33 -9.27 0.735 0x0000FF
13.56 125.5 -9.42 13.31 123.66 -9.35 0.735 0x0000FF
13.8 127.71 -9.5 13.56 125.5 -9.42 0.735 0x0000FF
17.55 137.26 -9.88 13.8 127.71 -9.5 0.735 0x0000FF
18.89 141.06 -10.64 17.55 137.26 -9.88 0.735 0x0000FF
20.73 144.62 -11.01 18.89 141.06 -10.64 0.735 0x0000FF
21.96 147.94 -11.77 20.73 144.62 -11.01 0.735 0x0000FF
22.82 150.63 -12.23 21.96 147.94 -11.77 0.735 0x0000FF
23.56 153.94 -12.6 22.82 150.63 -12.23 0.675 0x0000FF
23.68 155.3 -13.06 23.56 153.94 -12.6 0.675 0x0000FF
23.8 158.62 -13.29 23.68 155.3 -13.06 0.675 0x0000FF
24.41 162.05 -13.36 23.8 158.62 -13.29 0.675 0x0000FF
26.38 165.49 -13.82 24.41 162.05 -13.36 0.675 0x0000FF
27.24 167.33 -14.2 26.38 165.49 -13.82 0.675 0x0000FF
28.09 169.05 -15.1 27.24 167.33 -14.2 0.675 0x0000FF
28.22 170.03 -15.71 28.09 169.05 -15.1 0.675 0x0000FF
28.46 171.14 -16.7 28.22 170.03 -15.71 0.675 0x0000FF
29.32 173.96 -16.7 28.46 171.14 -16.7 0.675 0x0000FF
29.44 175.8 -16.7 29.32 173.96 -16.7 0.675 0x0000FF
30.17 177.31 -16.23 29.44 175.8 -16.7 0.86 0x0000FF
30.29 178.41 -16.32 30.17 177.31 -16.23 0.86 0x0000FF
30.53 180.01 -16.32 30.29 178.41 -16.32 0.86 0x0000FF
30.78 181.97 -16.23 30.53 180.01 -16.32 0.86 0x0000FF
31.27 184.06 -16.17 30.78 181.97 -16.23 0.86 0x0000FF
31.39 184.8 -15.94 31.27 184.06 -16.17 0.86 0x0000FF
32.99 188.72 -15.86 31.39 184.8 -15.94 0.86 0x0000FF
35.81 198.3 -15.56 32.99 188.72 -15.86 0.86 0x0000FF
38.63 210.33 -15.41 35.81 198.3 -15.56 0.86 0x0000FF
42.56 218.06 -15.26 38.63 210.33 -15.41 0.86 0x0000FF
45.99 227.27 -15.18 42.56 218.06 -15.26 0.86 0x0000FF
47.83 230.17 -18.82 45.99 227.27 -15.18 0.675 0x0000FF
49.18 234.34 -18.82 47.83 230.17 -18.82 0.675 0x0000FF
50.04 237.41 -18.82 49.18 234.34 -18.82 0.675 0x0000FF
50.53 239.25 -18.82 50.04 237.41 -18.82 0.675 0x0000FF
51.51 240.97 -18.73 50.53 239.25 -18.82 0.795 0x0000FF
52.49 243.3 -18.89 51.51 240.97 -18.73 0.795 0x0000FF
54.82 245.76 -19.04 52.49 243.3 -18.89 0.795 0x0000FF
56.05 247.35 -19.12 54.82 245.76 -19.04 0.795 0x0000FF
56.78 248.58 -19.2 56.05 247.35 -19.12 0.795 0x0000FF
57.27 250.3 -19.27 56.78 248.58 -19.2 0.795 0x0000FF
57.64 251.77 -19.27 57.27 250.3 -19.27 0.795 0x0000FF
57.89 253.37 -19.27 57.64 251.77 -19.27 0.795 0x0000FF
58.78 254.88 -18.66 57.89 253.37 -19.27 0.305 0x0000FF
60.01 258.2 -18.66 58.78 254.88 -18.66 0.305 0x0000FF
61.24 260.89 -18.89 60.01 258.2 -18.66 0.305 0x0000FF
62.09 263.35 -19.04 61.24 260.89 -18.89 0.305 0x0000FF
62.59 264.58 -19.88 62.09 263.35 -19.04 0.305 0x0000FF
63.08 265.69 -20.32 62.59 264.58 -19.88 0.305 0x0000FF
63.69 267.77 -20.41 63.08 265.69 -20.32 0.305 0x0000FF
64.06 268.63 -21.01 63.69 267.77 -20.41 0.305 0x0000FF
64.43 269.86 -21.24 64.06 268.63 -21.01 0.305 0x0000FF
65.53 273.17 -21.39 64.43 269.86 -21.24 0.305 0x0000FF
66.27 279.56 -21.39 65.53 273.17 -21.39 0.305 0x0000FF
67.0 283.36 -21.62 66.27 279.56 -21.39 0.305 0x0000FF
67.61 287.52 -21.62 67.0 283.36 -21.62 0.305 0x0000FF
67.86 289.62 -20.71 67.61 287.52 -21.62 0.305 0x0000FF
68.59 291.33 -20.32 67.86 289.62 -20.71 0.305 0x0000FF
69.7 295.39 -19.8 68.59 291.33 -20.32 0.305 0x0000FF
70.19 297.35 -18.82 69.7 295.39 -19.8 0.305 0x0000FF
70.8 304.23 -17.91 70.19 297.35 -18.82 0.305 0x0000FF
70.93 305.58 -17.76 70.8 304.23 -17.91 0.305 0x0000FF
71.17 306.56 -17.82 70.93 305.58 -17.76 0.305 0x0000FF
71.42 307.3 -18.51 71.17 306.56 -17.82 0.305 0x0000FF
71.54 307.67 -18.73 71.42 307.3 -18.51 0.305 0x0000FF
71.66 308.02 -19.35 71.54 307.67 -18.73 0.305 0x0000FF
72.03 308.27 -19.8 71.66 308.02 -19.35 0.305 0x0000FF
72.52 309.14 -20.03 72.03 308.27 -19.8 0.305 0x0000FF
72.77 309.51 -20.41 72.52 309.14 -20.03 0.305 0x0000FF
72.64 312.57 -20.86 72.77 309.51 -20.41 0.305 0x0000FF
72.28 315.02 -20.94 72.64 312.57 -20.86 0.305 0x0000FF
72.15 316.13 -21.01 72.28 315.02 -20.94 0.305 0x0000FF
75.67 330.24 -21.01 72.15 316.13 -21.01 0.305 0x0000FF
75.79 334.78 -21.09 75.67 330.24 -21.01 0.305 0x0000FF
78.0 345.83 -21.16 75.79 334.78 -21.09 0.305 0x0000FF
78.61 350.61 -21.85 78.0 345.83 -21.16 0.305 0x0000FF
79.59 353.07 -22.3 78.61 350.61 -21.85 0.305 0x0000FF
83.15 356.63 -22.91 79.59 353.07 -22.3 0.305 0x0000FF
85.97 367.8 -23.29 83.15 356.63 -22.91 0.305 0x0000FF
86.09 372.95 -24.04 85.97 367.8 -23.29 0.305 0x0000FF
84.87 376.39 -24.27 86.09 372.95 -24.04 0.305 0x0000FF
84.99 377.25 -24.27 84.87 376.39 -24.27 0.305 0x0000FF
84.67 396.82 -24.5 84.99 377.25 -24.27 0.305 0x0000FF
84.91 403.57 -24.8 84.67 396.82 -24.5 0.305 0x0000FF
86.87 408.85 -24.8 84.91 403.57 -24.8 0.305 0x0000FF
87.61 412.9 -24.88 86.87 408.85 -24.8 0.245 0x0000FF
88.22 418.18 -24.95 87.61 412.9 -24.88 0.245 0x0000FF
56.9 255.21 -18.97 57.89 253.37 -19.27 0.49 0x0000FF
56.66 256.19 -18.82 56.9 255.21 -18.97 0.49 0x0000FF
56.41 257.3 -18.51 56.66 256.19 -18.82 0.49 0x0000FF
56.29 257.91 -18.21 56.41 257.3 -18.51 0.49 0x0000FF
56.29 258.77 -17.6 56.29 257.91 -18.21 0.49 0x0000FF
56.29 259.14 -17.38 56.29 258.77 -17.6 0.49 0x0000FF
56.29 259.51 -17.14 56.29 259.14 -17.38 0.49 0x0000FF
56.29 260.49 -16.92 56.29 259.51 -17.14 0.49 0x0000FF
56.29 261.95 -16.47 56.29 260.49 -16.92 0.49 0x0000FF
56.29 265.27 -16.17 56.29 261.95 -16.47 0.37 0x0000FF
56.78 267.61 -15.86 56.29 265.27 -16.17 0.37 0x0000FF
57.4 270.06 -15.79 56.78 267.61 -15.86 0.37 0x0000FF
57.76 272.39 -15.63 57.4 270.06 -15.79 0.37 0x0000FF
58.01 273.5 -15.86 57.76 272.39 -15.63 0.37 0x0000FF
58.13 274.48 -16.17 58.01 273.5 -15.86 0.37 0x0000FF
58.13 275.22 -16.39 58.13 274.48 -16.17 0.37 0x0000FF
58.25 276.2 -16.77 58.13 275.22 -16.39 0.37 0x0000FF
58.38 276.94 -17.0 58.25 276.2 -16.77 0.37 0x0000FF
58.25 278.77 -17.07 58.38 276.94 -17.0 0.37 0x0000FF
58.13 280.99 -17.07 58.25 278.77 -17.07 0.37 0x0000FF
58.01 283.32 -17.14 58.13 280.99 -17.07 0.37 0x0000FF
58.13 285.41 -17.45 58.01 283.32 -17.14 0.37 0x0000FF
58.01 288.6 -17.6 58.13 285.41 -17.45 0.37 0x0000FF
57.89 290.32 -17.82 58.01 288.6 -17.6 0.37 0x0000FF
57.89 291.79 -17.91 57.89 290.32 -17.82 0.37 0x0000FF
58.13 293.38 -18.44 57.89 291.79 -17.91 0.37 0x0000FF
58.25 294.98 -18.66 58.13 293.38 -18.44 0.37 0x0000FF
58.25 297.31 -18.66 58.25 294.98 -18.66 0.37 0x0000FF
55.06 316.06 -18.89 58.25 297.31 -18.66 0.37 0x0000FF
55.43 327.48 -19.42 55.06 316.06 -18.89 0.37 0x0000FF
55.3 329.32 -18.89 55.43 327.48 -19.42 0.37 0x0000FF
55.3 330.92 -18.44 55.3 329.32 -18.89 0.37 0x0000FF
55.79 333.99 -18.13 55.3 330.92 -18.44 0.37 0x0000FF
56.65 337.42 -17.68 55.79 333.99 -18.13 0.37 0x0000FF
56.9 340.0 -17.07 56.65 337.42 -17.68 0.37 0x0000FF
57.14 342.21 -16.85 56.9 340.0 -17.07 0.37 0x0000FF
57.14 344.54 -16.85 57.14 342.21 -16.85 0.37 0x0000FF
56.65 344.79 -17.07 57.14 344.54 -16.85 0.43 0x0000FF
56.41 345.28 -17.3 56.65 344.79 -17.07 0.43 0x0000FF
56.28 345.28 -18.05 56.41 345.28 -17.3 0.43 0x0000FF
56.16 345.52 -18.51 56.28 345.28 -18.05 0.43 0x0000FF
55.92 346.01 -19.04 56.16 345.52 -18.51 0.43 0x0000FF
55.06 347.12 -19.2 55.92 346.01 -19.04 0.43 0x0000FF
53.95 348.59 -19.27 55.06 347.12 -19.2 0.43 0x0000FF
53.09 349.82 -19.27 53.95 348.59 -19.27 0.43 0x0000FF
51.87 351.54 -19.57 53.09 349.82 -19.27 0.43 0x0000FF
49.91 355.1 -19.95 51.87 351.54 -19.57 0.305 0x0000FF
49.66 356.33 -20.03 49.91 355.1 -19.95 0.305 0x0000FF
49.41 357.18 -20.1 49.66 356.33 -20.03 0.305 0x0000FF
48.56 358.78 -20.1 49.41 357.18 -20.1 0.305 0x0000FF
46.14 364.53 -21.01 48.56 358.78 -20.1 0.185 0x0000FF
43.94 366.25 -21.01 46.14 364.53 -21.01 0.185 0x0000FF
43.45 366.99 -21.24 43.94 366.25 -21.01 0.185 0x0000FF
43.2 367.35 -21.54 43.45 366.99 -21.24 0.185 0x0000FF
42.71 367.97 -21.85 43.2 367.35 -21.54 0.185 0x0000FF
42.46 368.34 -21.92 42.71 367.97 -21.85 0.185 0x0000FF
42.1 368.95 -22.38 42.46 368.34 -21.92 0.185 0x0000FF
41.73 369.56 -22.6 42.1 368.95 -22.38 0.185 0x0000FF
41.48 370.18 -22.91 41.73 369.56 -22.6 0.185 0x0000FF
41.24 370.54 -22.98 41.48 370.18 -22.91 0.185 0x0000FF
41.11 370.91 -23.13 41.24 370.54 -22.98 0.185 0x0000FF
40.99 371.28 -23.66 41.11 370.91 -23.13 0.185 0x0000FF
40.61 371.77 -23.97 40.99 371.28 -23.66 0.185 0x0000FF
40.38 372.14 -24.35 40.61 371.77 -23.97 0.185 0x0000FF
40.13 372.51 -24.65 40.38 372.14 -24.35 0.185 0x0000FF
39.76 372.75 -24.88 40.13 372.51 -24.65 0.185 0x0000FF
39.27 373.12 -25.03 39.76 372.75 -24.88 0.185 0x0000FF
39.03 373.37 -25.41 39.27 373.12 -25.03 0.185 0x0000FF
38.42 374.23 -25.56 39.03 373.37 -25.41 0.185 0x0000FF
37.92 374.96 -25.86 38.42 374.23 -25.56 0.185 0x0000FF
37.92 374.96 -26.62 37.92 374.96 -25.86 0.185 0x0000FF
37.68 375.33 -27.0 37.92 374.96 -26.62 0.185 0x0000FF
37.31 376.19 -27.15 37.68 375.33 -27.0 0.185 0x0000FF
37.19 376.68 -27.68 37.31 376.19 -27.15 0.185 0x0000FF
37.07 376.93 -28.44 37.19 376.68 -27.68 0.185 0x0000FF
36.7 377.91 -28.74 37.07 376.93 -28.44 0.185 0x0000FF
36.45 379.01 -28.74 36.7 377.91 -28.74 0.185 0x0000FF
57.76 347.61 -16.85 57.14 344.54 -16.85 0.37 0x0000FF
57.51 351.42 -16.85 57.76 347.61 -16.85 0.245 0x0000FF
57.51 354.12 -16.85 57.51 351.42 -16.85 0.245 0x0000FF
57.51 355.22 -16.85 57.51 354.12 -16.85 0.245 0x0000FF
57.88 355.96 -16.85 57.51 355.22 -16.85 0.245 0x0000FF
50.16 244.9 -18.82 50.53 239.25 -18.82 0.675 0x0000FF
49.67 247.97 -18.82 50.16 244.9 -18.82 0.55 0x0000FF
48.81 251.16 -18.59 49.67 247.97 -18.82 0.43 0x0000FF
48.32 252.39 -18.51 48.81 251.16 -18.59 0.43 0x0000FF
47.58 256.07 -18.44 48.32 252.39 -18.51 0.245 0x0000FF
47.83 257.05 -18.36 47.58 256.07 -18.44 0.245 0x0000FF
48.07 257.91 -18.29 47.83 257.05 -18.36 0.245 0x0000FF
30.04 176.33 -18.44 29.44 175.8 -16.7 0.615 0x0000FF
30.53 176.94 -18.44 30.04 176.33 -18.44 0.615 0x0000FF
31.03 177.19 -18.21 30.53 176.94 -18.44 0.615 0x0000FF
31.88 177.31 -17.98 31.03 177.19 -18.21 0.615 0x0000FF
32.74 177.31 -17.6 31.88 177.31 -17.98 0.615 0x0000FF
33.72 177.31 -17.45 32.74 177.31 -17.6 0.615 0x0000FF
33.97 177.31 -17.38 33.72 177.31 -17.45 0.615 0x0000FF
34.34 177.19 -17.68 33.97 177.31 -17.38 0.615 0x0000FF
36.18 176.7 -18.21 34.34 177.19 -17.68 0.615 0x0000FF
36.67 176.57 -18.44 36.18 176.7 -18.21 0.615 0x0000FF
37.65 176.33 -18.73 36.67 176.57 -18.44 0.615 0x0000FF
38.75 175.84 -18.82 37.65 176.33 -18.73 0.615 0x0000FF
39.49 175.59 -18.82 38.75 175.84 -18.82 0.615 0x0000FF
41.21 174.98 -19.12 39.49 175.59 -18.82 0.615 0x0000FF
41.7 174.73 -19.5 41.21 174.98 -19.12 0.615 0x0000FF
42.92 174.12 -19.73 41.7 174.73 -19.5 0.615 0x0000FF
44.15 173.87 -19.88 42.92 174.12 -19.73 0.615 0x0000FF
45.5 173.5 -19.88 44.15 173.87 -19.88 0.49 0x0000FF
46.73 172.89 -20.1 45.5 173.5 -19.88 0.49 0x0000FF
47.83 172.52 -20.26 46.73 172.89 -20.1 0.49 0x0000FF
48.2 172.4 -20.41 47.83 172.52 -20.26 0.49 0x0000FF
48.81 171.79 -20.56 48.2 172.4 -20.41 0.49 0x0000FF
49.43 171.29 -20.71 48.81 171.79 -20.56 0.49 0x0000FF
50.41 170.68 -20.79 49.43 171.29 -20.71 0.49 0x0000FF
50.78 170.19 -21.32 50.41 170.68 -20.79 0.49 0x0000FF
51.14 169.94 -21.54 50.78 170.19 -21.32 0.49 0x0000FF
51.39 169.7 -21.69 51.14 169.94 -21.54 0.49 0x0000FF
51.63 169.58 -22.0 51.39 169.7 -21.69 0.49 0x0000FF
52.25 169.45 -22.23 51.63 169.58 -22.0 0.49 0x0000FF
52.98 169.08 -22.38 52.25 169.45 -22.23 0.49 0x0000FF
53.23 168.96 -22.68 52.98 169.08 -22.38 0.49 0x0000FF
53.72 168.59 -22.98 53.23 168.96 -22.68 0.49 0x0000FF
53.84 168.35 -23.13 53.72 168.59 -22.98 0.49 0x0000FF
53.84 167.49 -23.44 53.84 168.35 -23.13 0.49 0x0000FF
53.96 166.88 -23.66 53.84 167.49 -23.44 0.49 0x0000FF
53.6 165.4 -23.66 53.96 166.88 -23.66 0.37 0x0000FF
53.6 165.16 -23.82 53.6 165.4 -23.66 0.37 0x0000FF
53.35 164.54 -23.89 53.6 165.16 -23.82 0.37 0x0000FF
53.11 163.93 -24.19 53.35 164.54 -23.89 0.37 0x0000FF
52.86 163.44 -24.5 53.11 163.93 -24.19 0.37 0x0000FF
52.62 162.94 -24.65 52.86 163.44 -24.5 0.37 0x0000FF
52.12 162.58 -24.8 52.62 162.94 -24.65 0.37 0x0000FF
10.25 92.97 -7.0 8.41 92.85 -7.0 0.43 0x0000FF
11.23 93.22 -6.92 10.25 92.97 -7.0 0.43 0x0000FF
11.47 93.34 -6.62 11.23 93.22 -6.92 0.43 0x0000FF
12.09 93.34 -6.47 11.47 93.34 -6.62 0.43 0x0000FF
13.07 93.34 -6.39 12.09 93.34 -6.47 0.43 0x0000FF
14.05 93.34 -6.09 13.07 93.34 -6.39 0.43 0x0000FF
15.4 93.22 -5.79 14.05 93.34 -6.09 0.43 0x0000FF
16.5 93.22 -5.56 15.4 93.22 -5.79 0.43 0x0000FF
18.1 93.22 -5.41 16.5 93.22 -5.56 0.43 0x0000FF
19.45 93.59 -5.33 18.1 93.22 -5.41 0.43 0x0000FF
20.67 93.83 -5.26 19.45 93.59 -5.33 0.43 0x0000FF
22.15 94.08 -5.18 20.67 93.83 -5.26 0.43 0x0000FF
23.86 94.2 -5.11 22.15 94.08 -5.18 0.43 0x0000FF
25.58 94.08 -4.95 23.86 94.2 -5.11 0.43 0x0000FF
26.81 93.83 -4.88 25.58 94.08 -4.95 0.43 0x0000FF
28.16 93.22 -4.73 26.81 93.83 -4.88 0.43 0x0000FF
30.12 92.48 -4.65 28.16 93.22 -4.73 0.43 0x0000FF
31.96 92.36 -4.2 30.12 92.48 -4.65 0.43 0x0000FF
32.45 92.36 -3.67 31.96 92.36 -4.2 0.43 0x0000FF
33.43 92.36 -3.51 32.45 92.36 -3.67 0.43 0x0000FF
34.9 92.12 -3.44 33.43 92.36 -3.51 0.43 0x0000FF
35.88 91.87 -3.29 34.9 92.12 -3.44 0.43 0x0000FF
36.99 91.75 -3.14 35.88 91.87 -3.29 0.43 0x0000FF
38.58 91.62 -3.06 36.99 91.75 -3.14 0.43 0x0000FF
39.32 91.62 -2.98 38.58 91.62 -3.06 0.43 0x0000FF
40.29 91.75 -2.83 39.32 91.62 -2.98 0.43 0x0000FF
40.9 91.75 -2.15 40.29 91.75 -2.83 0.43 0x0000FF
41.53 91.87 -1.92 40.9 91.75 -2.15 0.43 0x0000FF
42.39 92.12 -1.77 41.53 91.87 -1.92 0.43 0x0000FF
43.49 92.73 -1.7 42.39 92.12 -1.77 0.43 0x0000FF
44.23 93.71 -1.47 43.49 92.73 -1.7 0.43 0x0000FF
45.58 94.94 -1.09 44.23 93.71 -1.47 0.43 0x0000FF
46.93 96.17 -1.02 45.58 94.94 -1.09 0.43 0x0000FF
48.15 97.03 -1.09 46.93 96.17 -1.02 0.43 0x0000FF
48.52 97.27 -0.64 48.15 97.03 -1.09 0.43 0x0000FF
48.89 97.52 -0.26 48.52 97.27 -0.64 0.43 0x0000FF
49.26 97.76 -0.03 48.89 97.52 -0.26 0.43 0x0000FF
49.99 98.25 0.12 49.26 97.76 -0.03 0.43 0x0000FF
50.24 98.62 0.42 49.99 98.25 0.12 0.43 0x0000FF
51.22 99.48 0.73 50.24 98.62 0.42 0.43 0x0000FF
51.71 99.97 0.88 51.22 99.48 0.73 0.43 0x0000FF
52.2 100.34 0.88 51.71 99.97 0.88 0.43 0x0000FF
52.45 100.58 1.41 52.2 100.34 0.88 0.43 0x0000FF
52.94 101.2 1.86 52.45 100.58 1.41 0.43 0x0000FF
53.55 101.69 2.0 52.94 101.2 1.86 0.43 0x0000FF
54.04 102.06 2.54 53.55 101.69 2.0 0.43 0x0000FF
54.53 102.43 2.85 54.04 102.06 2.54 0.43 0x0000FF
55.27 102.92 2.92 54.53 102.43 2.85 0.43 0x0000FF
55.88 103.04 2.92 55.27 102.92 2.92 0.43 0x0000FF
56.62 103.65 3.38 55.88 103.04 2.92 0.43 0x0000FF
56.98 104.02 3.68 56.62 103.65 3.38 0.43 0x0000FF
57.6 104.64 4.51 56.98 104.02 3.68 0.43 0x0000FF
58.21 105.49 4.74 57.6 104.64 4.51 0.43 0x0000FF
58.95 106.23 4.74 58.21 105.49 4.74 0.43 0x0000FF
59.56 107.09 4.88 58.95 106.23 4.74 0.43 0x0000FF
59.81 107.46 5.2 59.56 107.09 4.88 0.43 0x0000FF
60.05 107.95 5.35 59.81 107.46 5.2 0.43 0x0000FF
60.42 108.32 5.35 60.05 107.95 5.35 0.43 0x0000FF
60.66 108.81 5.35 60.42 108.32 5.35 0.43 0x0000FF
61.15 109.42 5.73 60.66 108.81 5.35 0.43 0x0000FF
61.65 110.04 5.8 61.15 109.42 5.73 0.43 0x0000FF
62.14 110.28 6.03 61.65 110.04 5.8 0.43 0x0000FF
62.63 110.77 6.26 62.14 110.28 6.03 0.43 0x0000FF
64.59 110.9 6.71 62.63 110.77 6.26 0.43 0x0000FF
65.08 111.26 7.09 64.59 110.9 6.71 0.43 0x0000FF
65.33 111.88 7.17 65.08 111.26 7.09 0.43 0x0000FF
65.69 112.37 7.24 65.33 111.88 7.17 0.43 0x0000FF
65.94 113.35 7.39 65.69 112.37 7.24 0.43 0x0000FF
66.06 113.72 7.62 65.94 113.35 7.39 0.43 0x0000FF
66.18 114.09 7.92 66.06 113.72 7.62 0.43 0x0000FF
66.43 114.21 8.23 66.18 114.09 7.92 0.43 0x0000FF
66.55 114.21 8.76 66.43 114.21 8.23 0.43 0x0000FF
66.8 114.58 9.59 66.55 114.21 8.76 0.43 0x0000FF
67.17 114.82 9.89 66.8 114.58 9.59 0.43 0x0000FF
67.66 115.07 9.97 67.17 114.82 9.89 0.43 0x0000FF
68.15 115.31 10.11 67.66 115.07 9.97 0.43 0x0000FF
68.64 115.68 10.11 68.15 115.31 10.11 0.43 0x0000FF
-16.8 22.34 -3.44 -15.82 21.36 -3.44 0.615 0x0000FF
-18.28 23.44 -3.44 -16.8 22.34 -3.44 0.37 0x0000FF
-19.01 24.43 -3.36 -18.28 23.44 -3.44 0.37 0x0000FF
-19.38 25.16 -3.36 -19.01 24.43 -3.36 0.37 0x0000FF
-19.75 26.15 -3.21 -19.38 25.16 -3.36 0.37 0x0000FF
-20.12 27.0 -3.14 -19.75 26.15 -3.21 0.37 0x0000FF
-20.73 27.62 -3.06 -20.12 27.0 -3.14 0.37 0x0000FF
-21.59 28.72 -2.83 -20.73 27.62 -3.06 0.37 0x0000FF
-22.33 29.21 -2.76 -21.59 28.72 -2.83 0.37 0x0000FF
-22.82 29.7 -2.68 -22.33 29.21 -2.76 0.37 0x0000FF
-23.68 30.2 -2.52 -22.82 29.7 -2.68 0.37 0x0000FF
-24.78 30.93 -2.45 -23.68 30.2 -2.52 0.37 0x0000FF
-25.52 31.18 -2.38 -24.78 30.93 -2.45 0.37 0x0000FF
-26.5 31.55 -2.29 -25.52 31.18 -2.38 0.37 0x0000FF
-27.97 31.79 -2.23 -26.5 31.55 -2.29 0.37 0x0000FF
-28.95 31.79 -2.15 -27.97 31.79 -2.23 0.37 0x0000FF
-29.44 31.91 -2.15 -28.95 31.79 -2.15 0.37 0x0000FF
-30.05 32.04 -2.29 -29.44 31.91 -2.15 0.37 0x0000FF
-30.54 32.04 -2.76 -30.05 32.04 -2.29 0.37 0x0000FF
-30.91 31.91 -3.06 -30.54 32.04 -2.76 0.37 0x0000FF
-31.65 31.79 -3.44 -30.91 31.91 -3.06 0.37 0x0000FF
-32.38 31.67 -2.76 -31.65 31.79 -3.44 0.37 0x0000FF
-32.75 31.67 -2.61 -32.38 31.67 -2.76 0.37 0x0000FF
-33.0 31.55 -2.38 -32.75 31.67 -2.61 0.37 0x0000FF
-33.24 31.3 -2.29 -33.0 31.55 -2.38 0.37 0x0000FF
-33.61 31.18 -2.29 -33.24 31.3 -2.29 0.37 0x0000FF
-33.97 30.93 -2.15 -33.61 31.18 -2.29 0.37 0x0000FF
-34.47 30.69 -1.92 -33.97 30.93 -2.15 0.37 0x0000FF
-35.33 30.32 -1.92 -34.47 30.69 -1.92 0.37 0x0000FF
-35.82 29.95 -1.85 -35.33 30.32 -1.92 0.37 0x0000FF
-36.43 29.58 -3.44 -35.82 29.95 -1.85 0.43 0x0000FF
-37.17 29.46 -3.36 -36.43 29.58 -3.44 0.43 0x0000FF
-38.15 29.46 -3.21 -37.17 29.46 -3.36 0.43 0x0000FF
-39.75 29.46 -3.14 -38.15 29.46 -3.21 0.43 0x0000FF
-40.36 29.34 -3.29 -39.75 29.46 -3.14 0.43 0x0000FF
-40.72 29.09 -3.67 -40.36 29.34 -3.29 0.43 0x0000FF
-41.09 28.6 -4.12 -40.72 29.09 -3.67 0.43 0x0000FF
-42.2 27.74 -5.56 -41.09 28.6 -4.12 0.43 0x0000FF
-42.69 27.74 -5.79 -42.2 27.74 -5.56 0.43 0x0000FF
-43.3 28.11 -6.09 -42.69 27.74 -5.79 0.43 0x0000FF
-43.67 28.11 -6.47 -43.3 28.11 -6.09 0.43 0x0000FF
-44.77 28.23 -7.0 -43.67 28.11 -6.47 0.43 0x0000FF
-45.76 28.23 -7.0 -44.77 28.23 -7.0 0.43 0x0000FF
-47.35 28.11 -7.0 -45.76 28.23 -7.0 0.43 0x0000FF
-48.09 27.99 -7.0 -47.35 28.11 -7.0 0.43 0x0000FF
-48.82 27.74 -7.15 -48.09 27.99 -7.0 0.43 0x0000FF
-49.8 27.5 -7.45 -48.82 27.74 -7.15 0.43 0x0000FF
-51.64 27.62 -8.06 -49.8 27.5 -7.45 0.43 0x0000FF
-52.01 27.74 -8.14 -51.64 27.62 -8.06 0.43 0x0000FF
-52.5 27.74 -8.36 -52.01 27.74 -8.14 0.43 0x0000FF
-52.99 27.74 -8.67 -52.5 27.74 -8.36 0.43 0x0000FF
-53.85 27.62 -8.89 -52.99 27.74 -8.67 0.43 0x0000FF
-54.22 27.62 -9.03 -53.85 27.62 -8.89 0.43 0x0000FF
-54.83 27.62 -9.27 -54.22 27.62 -9.03 0.43 0x0000FF
-56.31 27.62 -9.5 -54.83 27.62 -9.27 0.43 0x0000FF
-56.31 27.62 -10.11 -56.31 27.62 -9.5 0.43 0x0000FF
-56.55 27.74 -10.94 -56.31 27.62 -10.11 0.43 0x0000FF
-56.92 27.86 -11.24 -56.55 27.74 -10.94 0.43 0x0000FF
-57.16 27.86 -11.54 -56.92 27.86 -11.24 0.43 0x0000FF
-57.41 27.86 -12.23 -57.16 27.86 -11.54 0.43 0x0000FF
-57.65 27.99 -13.06 -57.41 27.86 -12.23 0.43 0x0000FF
-57.78 27.99 -13.82 -57.65 27.99 -13.06 0.43 0x0000FF
-58.02 27.99 -15.1 -57.78 27.99 -13.82 0.43 0x0000FF
-58.39 28.23 -15.33 -58.02 27.99 -15.1 0.43 0x0000FF
-59.62 29.09 -15.33 -58.39 28.23 -15.33 0.43 0x0000FF
-61.95 30.56 -15.48 -59.62 29.09 -15.33 0.43 0x0000FF
-63.05 30.93 -15.56 -61.95 30.56 -15.48 0.43 0x0000FF
-64.77 30.56 -17.14 -63.05 30.93 -15.56 0.43 0x0000FF
-65.38 30.69 -17.3 -64.77 30.56 -17.14 0.43 0x0000FF
