-14.51 -40.34 -7.53 -7.89 -42.77 -13.51 1.64 0x0000FF
-16.52 -39.25 -6.32 -14.51 -40.34 -7.53 1.64 0x0000FF
-17.8 -38.7 -5.11 -16.52 -39.25 -6.32 1.64 0x0000FF
-19.44 -38.34 -3.97 -17.8 -38.7 -5.11 1.64 0x0000FF
-20.99 -37.28 -0.48 -19.44 -38.34 -3.97 1.185 0x0000FF
-22.27 -36.56 -1.92 -20.99 -37.28 -0.48 1.185 0x0000FF
-23.91 -35.46 -3.29 -22.27 -36.56 -1.92 1.185 0x0000FF
-26.72 -34.25 -2.08 -23.91 -35.46 -3.29 0.82 0x0000FF
-28.36 -34.25 -1.32 -26.72 -34.25 -2.08 0.82 0x0000FF
-32.01 -34.61 -0.64 -28.36 -34.25 -1.32 0.82 0x0000FF
-33.83 -34.97 0.05 -32.01 -34.61 -0.64 0.73 0x0000FF
-34.56 -35.34 -0.41 -33.83 -34.97 0.05 0.73 0x0000FF
-35.84 -35.89 -2.08 -34.56 -35.34 -0.41 0.73 0x0000FF
-40.95 -37.9 -3.51 -35.84 -35.89 -2.08 0.73 0x0000FF
-44.2 -39.9 -5.56 -40.95 -37.9 -3.51 0.73 0x0000FF
-47.84 -37.9 -5.56 -44.2 -39.9 -5.56 0.455 0x0000FF
-50.03 -35.53 -5.11 -47.84 -37.9 -5.56 0.455 0x0000FF
-50.76 -32.43 -4.73 -50.03 -35.53 -5.11 0.455 0x0000FF
-49.67 -27.33 -6.77 -50.76 -32.43 -4.73 0.455 0x0000FF
-48.21 -22.96 -7.76 -49.67 -27.33 -6.77 0.455 0x0000FF
-47.11 -17.68 -8.44 -48.21 -22.96 -7.76 0.455 0x0000FF
-46.75 -13.12 -5.79 -47.11 -17.68 -8.44 0.455 0x0000FF
-45.47 -10.02 -4.12 -46.75 -13.12 -5.79 0.455 0x0000FF
-45.65 -5.65 -2.76 -45.47 -10.02 -4.12 0.455 0x0000FF
-47.48 0.54 -1.92 -45.65 -5.65 -2.76 0.455 0x0000FF
-48.03 6.74 2.85 -47.48 0.54 -1.92 0.275 0x0000FF
-48.03 7.83 2.85 -48.03 6.74 2.85 0.275 0x0000FF
-49.85 8.19 2.85 -48.03 7.83 2.85 0.275 0x0000FF
-45.65 -42.45 -6.7 -44.2 -39.9 -5.56 0.545 0x0000FF
-49.3 -45.01 -7.83 -45.65 -42.45 -6.7 0.545 0x0000FF
-54.6 -47.74 -7.98 -49.3 -45.01 -7.83 0.545 0x0000FF
-59.89 -49.2 -8.51 -54.6 -47.74 -7.98 0.545 0x0000FF
-63.9 -51.93 -9.27 -59.89 -49.2 -8.51 0.545 0x0000FF
-65.91 -55.57 -9.73 -63.9 -51.93 -9.27 0.545 0x0000FF
-69.56 -61.95 -10.41 -65.91 -55.57 -9.73 0.545 0x0000FF
-79.59 -70.7 -10.86 -69.56 -61.95 -10.41 0.545 0x0000FF
-85.43 -74.16 -11.62 -79.59 -70.7 -10.86 0.545 0x0000FF
-91.63 -79.08 -12.3 -85.43 -74.16 -11.62 0.545 0x0000FF
-101.3 -85.09 -12.83 -91.63 -79.08 -12.3 0.545 0x0000FF
-105.86 -90.01 -14.04 -101.3 -85.09 -12.83 0.545 0x0000FF
-109.15 -93.29 -15.1 -105.86 -90.01 -14.04 0.545 0x0000FF
-112.8 -95.11 -17.23 -109.15 -93.29 -15.1 0.545 0x0000FF
-115.35 -95.84 -18.73 -112.8 -95.11 -17.23 0.545 0x0000FF
-119.37 -96.02 -20.32 -115.35 -95.84 -18.73 0.545 0x0000FF
-122.47 -97.11 -21.47 -119.37 -96.02 -20.32 0.545 0x0000FF
-125.93 -97.84 -21.69 -122.47 -97.11 -21.47 0.455 0x0000FF
-25.18 -32.36 -4.34 -23.91 -35.46 -3.29 0.91 0x0000FF
-24.64 -29.27 -5.11 -25.18 -32.36 -4.34 0.91 0x0000FF
-22.81 -25.99 -5.94 -24.64 -29.27 -5.11 0.91 0x0000FF
-20.07 -20.52 -6.62 -22.81 -25.99 -5.94 0.82 0x0000FF
-19.35 -18.14 -6.09 -20.07 -20.52 -6.62 0.82 0x0000FF
-18.43 -15.79 -3.97 -19.35 -18.14 -6.09 0.82 0x0000FF
-16.61 -11.59 -2.15 -18.43 -15.79 -3.97 0.73 0x0000FF
-14.6 -8.5 -0.94 -16.61 -11.59 -2.15 0.73 0x0000FF
-12.78 -3.03 -0.56 -14.6 -8.5 -0.94 0.73 0x0000FF
-12.41 -1.39 1.33 -12.78 -3.03 -0.56 0.73 0x0000FF
-10.77 3.53 2.77 -12.41 -1.39 1.33 0.73 0x0000FF
-9.49 6.99 4.05 -10.77 3.53 2.77 0.73 0x0000FF
-6.76 11.36 5.65 -9.49 6.99 4.05 0.73 0x0000FF
-6.21 13.37 6.48 -6.76 11.36 5.65 0.73 0x0000FF
-5.3 17.38 9.28 -6.21 13.37 6.48 0.73 0x0000FF
-4.38 21.2 10.19 -5.3 17.38 9.28 0.73 0x0000FF
-4.01 22.48 12.24 -4.38 21.2 10.19 0.73 0x0000FF
-3.11 25.03 14.36 -4.01 22.48 12.24 0.73 0x0000FF
-2.74 25.94 16.86 -3.11 25.03 14.36 0.73 0x0000FF
-2.38 27.58 18.68 -2.74 25.94 16.86 0.73 0x0000FF
-1.1 29.4 22.54 -2.38 27.58 18.68 0.73 0x0000FF
-0.92 30.68 24.36 -1.1 29.4 22.54 0.73 0x0000FF
-0.55 31.4 25.72 -0.92 30.68 24.36 0.73 0x0000FF
-0.01 33.59 27.92 -0.55 31.4 25.72 0.73 0x0000FF
0.54 35.96 30.19 -0.01 33.59 27.92 0.73 0x0000FF
0.91 39.06 31.71 0.54 35.96 30.19 0.73 0x0000FF
1.45 40.51 32.92 0.91 39.06 31.71 0.73 0x0000FF
2.54 46.35 34.21 1.45 40.51 32.92 0.73 0x0000FF
4.74 51.99 36.18 2.54 46.35 34.21 0.73 0x0000FF
5.21 53.75 43.37 4.74 51.99 36.18 0.64 0x0000FF
6.49 56.67 43.37 5.21 53.75 43.37 0.64 0x0000FF
7.95 57.94 43.37 6.49 56.67 43.37 0.545 0x0000FF
-20.9 -39.97 -3.36 -19.44 -38.34 -3.97 0.91 0x0000FF
-20.9 -40.89 -2.91 -20.9 -39.97 -3.36 0.91 0x0000FF
-20.9 -41.62 -1.47 -20.9 -40.89 -2.91 0.91 0x0000FF
-20.72 -42.89 -0.71 -20.9 -41.62 -1.47 0.91 0x0000FF
-20.35 -43.44 0.12 -20.72 -42.89 -0.71 0.91 0x0000FF
-20.17 -43.8 1.41 -20.35 -43.44 0.12 0.91 0x0000FF
-19.98 -44.53 2.31 -20.17 -43.8 1.41 0.91 0x0000FF
-19.62 -48.36 4.29 -19.98 -44.53 2.31 0.82 0x0000FF
-20.17 -50.55 5.65 -19.62 -48.36 4.29 0.82 0x0000FF
-21.81 -52.37 8.44 -20.17 -50.55 5.65 0.82 0x0000FF
-23.09 -53.46 10.19 -21.81 -52.37 8.44 0.82 0x0000FF
-24.55 -54.19 11.94 -23.09 -53.46 10.19 0.82 0x0000FF
-27.65 -58.56 13.07 -24.55 -54.19 11.94 0.73 0x0000FF
-28.56 -60.93 13.53 -27.65 -58.56 13.07 0.73 0x0000FF
-29.84 -63.85 15.35 -28.56 -60.93 13.53 0.545 0x0000FF
-30.02 -65.12 16.41 -29.84 -63.85 15.35 0.545 0x0000FF
-29.66 -67.48 17.85 -30.02 -65.12 16.41 0.545 0x0000FF
-29.29 -69.48 19.51 -29.66 -67.48 17.85 0.545 0x0000FF
-30.2 -73.69 21.03 -29.29 -69.48 19.51 0.545 0x0000FF
-31.66 -76.59 22.77 -30.2 -73.69 21.03 0.455 0x0000FF
-32.58 -80.79 23.3 -31.66 -76.59 22.77 0.455 0x0000FF
-32.21 -86.62 24.74 -32.58 -80.79 23.3 0.455 0x0000FF
-28.38 -98.28 26.56 -32.21 -86.62 24.74 0.455 0x0000FF
-25.82 -107.39 27.39 -28.38 -98.28 26.56 0.455 0x0000FF
-24.55 -127.62 28.3 -25.82 -107.39 27.39 0.455 0x0000FF
-14.51 -142.01 29.51 -24.55 -127.62 28.3 0.455 0x0000FF
-3.93 -150.57 30.19 -14.51 -142.01 29.51 0.455 0x0000FF
-1.38 -152.94 30.88 -3.93 -150.57 30.19 0.275 0x0000FF
1.05 -45.92 -12.3 -7.89 -42.77 -13.51 1.095 0x0000FF
3.42 -46.46 -12.68 1.05 -45.92 -12.3 1.095 0x0000FF
9.08 -47.74 -14.5 3.42 -46.46 -12.68 1.095 0x0000FF
10.72 -48.29 -15.33 9.08 -47.74 -14.5 1.095 0x0000FF
12.73 -48.83 -16.92 10.72 -48.29 -15.33 1.095 0x0000FF
13.82 -49.56 -17.91 12.73 -48.83 -16.92 1.095 0x0000FF
14.74 -50.65 -17.91 13.82 -49.56 -17.91 1.095 0x0000FF
15.71 -58.25 -19.27 14.74 -50.65 -17.91 0.455 0x0000FF
15.35 -60.07 -19.8 15.71 -58.25 -19.27 0.455 0x0000FF
16.18 -62.73 -19.8 15.35 -60.07 -19.8 0.275 0x0000FF
16.55 -65.64 -19.8 16.18 -62.73 -19.8 0.275 0x0000FF
17.64 -70.56 -19.8 16.55 -65.64 -19.8 0.275 0x0000FF
19.28 -73.84 -19.8 17.64 -70.56 -19.8 0.275 0x0000FF
22.2 -76.94 -19.8 19.28 -73.84 -19.8 0.275 0x0000FF
24.76 -79.13 -19.88 22.2 -76.94 -19.8 0.275 0x0000FF
26.76 -80.95 -19.88 24.76 -79.13 -19.88 0.275 0x0000FF
28.04 -83.13 -19.88 26.76 -80.95 -19.88 0.275 0x0000FF
30.96 -85.87 -19.88 28.04 -83.13 -19.88 0.275 0x0000FF
14.62 -64.63 -20.86 15.35 -60.07 -19.8 0.365 0x0000FF
14.62 -66.45 -21.32 14.62 -64.63 -20.86 0.365 0x0000FF
14.98 -68.81 -21.32 14.62 -66.45 -21.32 0.365 0x0000FF
15.35 -70.45 -21.47 14.98 -68.81 -21.32 0.365 0x0000FF
16.26 -71.37 -20.32 15.35 -70.45 -21.47 0.365 0x0000FF
19.73 -76.47 -19.12 16.26 -71.37 -20.32 0.275 0x0000FF
26.11 -80.84 -18.44 19.73 -76.47 -19.12 0.275 0x0000FF
32.86 -84.85 -17.82 26.11 -80.84 -18.44 0.275 0x0000FF
42.35 -92.5 -16.92 32.86 -84.85 -17.82 0.275 0x0000FF
48.01 -96.88 -15.48 42.35 -92.5 -16.92 0.275 0x0000FF
54.03 -102.16 -14.57 48.01 -96.88 -15.48 0.275 0x0000FF
60.05 -106.53 -14.57 54.03 -102.16 -14.57 0.275 0x0000FF
76.84 -116.19 -13.51 60.05 -106.53 -14.57 0.275 0x0000FF
83.77 -123.84 -12.76 76.84 -116.19 -13.51 0.275 0x0000FF
99.01 -152.37 -9.8 83.77 -123.84 -12.76 0.275 0x0000FF
22.04 -50.65 -18.59 14.74 -50.65 -17.91 0.82 0x0000FF
28.06 -50.11 -18.73 22.04 -50.65 -18.59 0.73 0x0000FF
31.34 -49.56 -19.5 28.06 -50.11 -18.73 0.73 0x0000FF
35.35 -48.83 -20.18 31.34 -49.56 -19.5 0.73 0x0000FF
39.19 -47.92 -21.16 35.35 -48.83 -20.18 0.73 0x0000FF
48.49 -45.19 -21.92 39.19 -47.92 -21.16 0.64 0x0000FF
60.35 -41.54 -22.6 48.49 -45.19 -21.92 0.64 0x0000FF
68.56 -38.63 -23.29 60.35 -41.54 -22.6 0.64 0x0000FF
78.59 -34.97 -23.74 68.56 -38.63 -23.29 0.545 0x0000FF
85.35 -33.71 -24.27 78.59 -34.97 -23.74 0.545 0x0000FF
88.45 -32.97 -24.95 85.35 -33.71 -24.27 0.545 0x0000FF
102.74 -32.2 -25.79 88.45 -32.97 -24.95 0.455 0x0000FF
110.23 -34.2 -26.16 102.74 -32.2 -25.79 0.455 0x0000FF
118.98 -35.47 -26.24 110.23 -34.2 -26.16 0.455 0x0000FF
126.1 -37.11 -26.24 118.98 -35.47 -26.24 0.365 0x0000FF
127.38 -38.21 -26.24 126.1 -37.11 -26.24 0.365 0x0000FF
1.77 -41.41 -7.0 -7.89 -42.77 -13.51 1.185 0x0000FF
8.88 -41.96 -7.0 1.77 -41.41 -7.0 1.185 0x0000FF
11.26 -39.4 -5.26 8.88 -41.96 -7.0 0.455 0x0000FF
16.18 -36.13 -4.12 11.26 -39.4 -5.26 0.455 0x0000FF
22.75 -30.84 -2.08 16.18 -36.13 -4.12 0.455 0x0000FF
29.02 -25.51 -0.94 22.75 -30.84 -2.08 0.455 0x0000FF
32.49 -23.69 -0.48 29.02 -25.51 -0.94 0.455 0x0000FF
35.4 -21.87 0.35 32.49 -23.69 -0.48 0.365 0x0000FF
37.4 -19.86 1.18 35.4 -21.87 0.35 0.365 0x0000FF
40.15 -16.95 1.64 37.4 -19.86 1.18 0.365 0x0000FF
42.52 -15.49 2.47 40.15 -16.95 1.64 0.365 0x0000FF
54.93 -6.38 4.29 42.52 -15.49 2.47 0.365 0x0000FF
59.86 -4.92 4.51 54.93 -6.38 4.29 0.365 0x0000FF
61.13 -4.38 4.59 59.86 -4.92 4.51 0.275 0x0000FF
64.97 -3.28 4.59 61.13 -4.38 4.59 0.275 0x0000FF
17.64 -46.15 -6.24 8.88 -41.96 -7.0 1.185 0x0000FF
19.82 -48.33 -5.86 17.64 -46.15 -6.24 1.095 0x0000FF
23.11 -50.52 -5.11 19.82 -48.33 -5.86 1.095 0x0000FF
26.03 -52.89 -4.5 23.11 -50.52 -5.11 1.005 0x0000FF
29.68 -55.26 -4.88 26.03 -52.89 -4.5 1.005 0x0000FF
31.51 -56.53 -4.2 29.68 -55.26 -4.88 0.91 0x0000FF
32.6 -57.63 -2.0 31.51 -56.53 -4.2 0.91 0x0000FF
33.51 -58.72 -1.92 32.6 -57.63 -2.0 0.91 0x0000FF
34.24 -62.36 -0.86 33.51 -58.72 -1.92 0.455 0x0000FF
33.7 -64.91 0.42 34.24 -62.36 -0.86 0.455 0x0000FF
32.78 -67.45 2.47 33.7 -64.91 0.42 0.455 0x0000FF
32.6 -69.09 3.23 32.78 -67.45 2.47 0.455 0x0000FF
32.24 -70.56 4.13 32.6 -69.09 3.23 0.455 0x0000FF
32.42 -71.11 5.2 32.24 -70.56 4.13 0.455 0x0000FF
32.6 -71.84 6.56 32.42 -71.11 5.2 0.455 0x0000FF
32.78 -72.93 9.06 32.6 -71.84 6.56 0.365 0x0000FF
33.7 -76.39 9.51 32.78 -72.93 9.06 0.365 0x0000FF
34.79 -76.39 9.82 33.7 -76.39 9.51 0.365 0x0000FF
37.53 -75.84 10.8 34.79 -76.39 9.82 0.365 0x0000FF
39.35 -75.12 11.94 37.53 -75.84 10.8 0.365 0x0000FF
42.64 -75.12 12.32 39.35 -75.12 11.94 0.365 0x0000FF
44.28 -74.93 13.45 42.64 -75.12 12.32 0.365 0x0000FF
48.48 -75.84 13.83 44.28 -74.93 13.45 0.365 0x0000FF
49.02 -76.2 14.59 48.48 -75.84 13.83 0.365 0x0000FF
52.12 -76.94 16.48 49.02 -76.2 14.59 0.275 0x0000FF
53.04 -76.56 17.54 52.12 -76.94 16.48 0.275 0x0000FF
54.31 -76.94 18.45 53.04 -76.56 17.54 0.275 0x0000FF
55.96 -77.84 19.89 54.31 -76.94 18.45 0.275 0x0000FF
57.05 -78.76 20.57 55.96 -77.84 19.89 0.275 0x0000FF
58.33 -80.58 22.24 57.05 -78.76 20.57 0.275 0x0000FF
58.69 -81.48 23.83 58.33 -80.58 22.24 0.275 0x0000FF
59.42 -82.59 25.57 58.69 -81.48 23.83 0.275 0x0000FF
60.52 -83.32 28.53 59.42 -82.59 25.57 0.275 0x0000FF
60.88 -83.68 29.97 60.52 -83.32 28.53 0.275 0x0000FF
61.61 -84.41 31.1 60.88 -83.68 29.97 0.275 0x0000FF
62.34 -84.77 32.15 61.61 -84.41 31.1 0.275 0x0000FF
63.98 -84.96 35.88 62.34 -84.77 32.15 0.275 0x0000FF
64.34 -84.96 38.22 63.98 -84.96 35.88 0.275 0x0000FF
68.55 -85.32 40.5 64.34 -84.96 38.22 0.275 0x0000FF
70.92 -84.41 42.09 68.55 -85.32 40.5 0.275 0x0000FF
72.01 -84.23 43.37 70.92 -84.41 42.09 0.275 0x0000FF
73.65 -83.86 45.42 72.01 -84.23 43.37 0.275 0x0000FF
74.75 -84.04 48.9 73.65 -83.86 45.42 0.275 0x0000FF
78.22 -82.95 49.89 74.75 -84.04 48.9 0.275 0x0000FF
42.09 -59.45 -0.94 33.51 -58.72 -1.92 0.91 0x0000FF
46.29 -60.72 -0.71 42.09 -59.45 -0.94 0.365 0x0000FF
51.58 -61.09 -0.03 46.29 -60.72 -0.71 0.365 0x0000FF
55.04 -60.18 0.57 51.58 -61.09 -0.03 0.365 0x0000FF
58.88 -57.26 1.86 55.04 -60.18 0.57 0.365 0x0000FF
63.62 -51.25 2.17 58.88 -57.26 1.86 0.365 0x0000FF
71.09 -45.05 3.23 63.62 -51.25 2.17 0.365 0x0000FF
77.48 -40.32 4.29 71.09 -45.05 3.23 0.365 0x0000FF
46.29 -62.73 -0.79 42.09 -59.45 -0.94 0.545 0x0000FF
48.66 -65.81 -0.33 46.29 -62.73 -0.79 0.545 0x0000FF
55.41 -71.29 0.73 48.66 -65.81 -0.33 0.545 0x0000FF
60.7 -74.75 0.65 55.41 -71.29 0.73 0.545 0x0000FF
65.08 -77.3 -1.24 60.7 -74.75 0.65 0.545 0x0000FF
71.09 -83.32 -1.7 65.08 -77.3 -1.24 0.545 0x0000FF
78.95 -88.96 -2.08 71.09 -83.32 -1.7 0.545 0x0000FF
92.63 -94.61 -2.38 78.95 -88.96 -2.08 0.455 0x0000FF
103.94 -106.82 3.23 92.63 -94.61 -2.38 0.455 0x0000FF
112.33 -108.82 3.0 103.94 -106.82 3.23 0.455 0x0000FF
124.92 -114.65 2.85 112.33 -108.82 3.0 0.275 0x0000FF
0.92 -33.15 -13.74 -7.89 -42.77 -13.51 1.275 0x0000FF
2.02 -30.07 -12.98 0.92 -33.15 -13.74 1.275 0x0000FF
3.84 -27.52 -12.68 2.02 -30.07 -12.98 1.275 0x0000FF
4.57 -26.79 -12.98 3.84 -27.52 -12.68 1.275 0x0000FF
4.94 -26.24 -14.2 4.57 -26.79 -12.98 1.275 0x0000FF
6.4 -22.6 -14.04 4.94 -26.24 -14.2 0.64 0x0000FF
7.49 -20.05 -11.77 6.4 -22.6 -14.04 0.64 0x0000FF
7.68 -19.86 -9.88 7.49 -20.05 -11.77 0.64 0x0000FF
7.86 -19.68 -11.47 7.68 -19.86 -9.88 0.64 0x0000FF
8.77 -16.39 -11.62 7.86 -19.68 -11.47 0.545 0x0000FF
8.94 -12.58 -12.68 8.77 -16.39 -11.62 0.545 0x0000FF
10.59 -2.92 -12.68 8.94 -12.58 -12.68 0.545 0x0000FF
12.05 0.0 -9.88 10.59 -2.92 -12.68 0.545 0x0000FF
12.05 2.18 -9.88 12.05 0.0 -9.88 0.545 0x0000FF
12.24 3.64 -9.88 12.05 2.18 -9.88 0.545 0x0000FF
11.87 5.09 -9.88 12.24 3.64 -9.88 0.545 0x0000FF
11.51 6.56 -9.88 11.87 5.09 -9.88 0.545 0x0000FF
10.59 7.83 -9.88 11.51 6.56 -9.88 0.545 0x0000FF
8.03 10.56 -9.88 10.59 7.83 -9.88 0.545 0x0000FF
5.49 11.84 -9.65 8.03 10.56 -9.88 0.545 0x0000FF
2.2 14.75 -9.35 5.49 11.84 -9.65 0.545 0x0000FF
-6.74 19.67 -9.27 2.2 14.75 -9.35 0.545 0x0000FF
-9.48 21.5 -9.27 -6.74 19.67 -9.27 0.545 0x0000FF
-12.03 24.23 -9.11 -9.48 21.5 -9.27 0.545 0x0000FF
-18.23 35.34 -8.74 -12.03 24.23 -9.11 0.455 0x0000FF
-20.23 40.08 -8.74 -18.23 35.34 -8.74 0.365 0x0000FF
-21.33 40.99 -8.74 -20.23 40.08 -8.74 0.365 0x0000FF
8.22 -23.14 -15.33 4.94 -26.24 -14.2 1.005 0x0000FF
11.14 -21.32 -16.62 8.22 -23.14 -15.33 0.91 0x0000FF
14.61 -19.68 -17.45 11.14 -21.32 -16.62 0.91 0x0000FF
18.26 -18.22 -18.89 14.61 -19.68 -17.45 0.91 0x0000FF
22.27 -16.22 -19.95 18.26 -18.22 -18.89 0.91 0x0000FF
23.91 -15.49 -22.0 22.27 -16.22 -19.95 0.91 0x0000FF
26.83 -15.31 -22.76 23.91 -15.49 -22.0 0.82 0x0000FF
31.03 -15.13 -24.65 26.83 -15.31 -22.76 0.82 0x0000FF
36.32 -13.85 -26.16 31.03 -15.13 -24.65 0.73 0x0000FF
-11.23 -59.94 -11.32 -7.89 -42.77 -13.51 3.01 0x0000FF
-11.59 -66.14 -10.41 -11.23 -59.94 -11.32 2.83 0x0000FF
-12.51 -71.23 -9.35 -11.59 -66.14 -10.41 2.83 0x0000FF
-12.51 -73.97 -8.21 -12.51 -71.23 -9.35 2.83 0x0000FF
-12.69 -74.88 -7.0 -12.51 -73.97 -8.21 2.83 0x0000FF
-12.69 -75.43 -6.47 -12.69 -74.88 -7.0 2.83 0x0000FF
-12.32 -76.7 -6.32 -12.69 -75.43 -6.47 2.1 0x0000FF
-12.32 -81.08 -5.71 -12.32 -76.7 -6.32 2.1 0x0000FF
-11.96 -84.17 -5.26 -12.32 -81.08 -5.71 2.1 0x0000FF
-11.96 -89.46 -4.73 -11.96 -84.17 -5.26 2.1 0x0000FF
-11.78 -91.46 -4.65 -11.96 -89.46 -4.73 2.1 0x0000FF
-11.59 -93.1 -5.03 -11.78 -91.46 -4.65 1.64 0x0000FF
-11.59 -96.56 -4.05 -11.59 -93.1 -5.03 1.64 0x0000FF
-10.86 -102.76 1.26 -11.59 -96.56 -4.05 1.55 0x0000FF
-12.69 -108.41 1.56 -10.86 -102.76 1.26 1.55 0x0000FF
-14.51 -117.88 2.17 -12.69 -108.41 1.56 1.55 0x0000FF
-17.07 -127.17 2.85 -14.51 -117.88 2.17 1.55 0x0000FF
-19.62 -135.55 3.53 -17.07 -127.17 2.85 1.55 0x0000FF
-22.36 -142.11 4.21 -19.62 -135.55 3.53 1.55 0x0000FF
-21.67 -144.69 4.44 -22.36 -142.11 4.21 1.825 0x0000FF
-22.4 -150.16 4.97 -21.67 -144.69 4.44 1.825 0x0000FF
-22.04 -154.72 5.27 -22.4 -150.16 4.97 1.825 0x0000FF
-22.04 -169.84 6.94 -22.04 -154.72 5.27 1.825 0x0000FF
-22.04 -183.51 7.47 -22.04 -169.84 6.94 1.735 0x0000FF
-22.22 -193.34 8.3 -22.04 -183.51 7.47 1.735 0x0000FF
-22.22 -199.54 9.51 -22.22 -193.34 8.3 1.735 0x0000FF
-21.49 -206.28 10.65 -22.22 -199.54 9.51 1.735 0x0000FF
-22.4 -215.21 11.64 -21.49 -206.28 10.65 1.735 0x0000FF
-22.04 -223.95 12.39 -22.4 -215.21 11.64 1.735 0x0000FF
-19.48 -237.07 13.83 -22.04 -223.95 12.39 1.64 0x0000FF
-19.12 -241.81 14.82 -19.48 -237.07 13.83 1.55 0x0000FF
-18.94 -243.27 15.5 -19.12 -241.81 14.82 1.55 0x0000FF
-19.68 -256.66 17.47 -18.94 -243.27 15.5 1.55 0x0000FF
-20.59 -262.68 18.76 -19.68 -256.66 17.47 1.55 0x0000FF
-22.05 -277.44 20.73 -20.59 -262.68 18.76 1.55 0x0000FF
-22.78 -288.0 21.48 -22.05 -277.44 20.73 1.46 0x0000FF
-25.88 -299.66 22.85 -22.78 -288.0 21.48 1.46 0x0000FF
-26.8 -308.95 23.91 -25.88 -299.66 22.85 1.46 0x0000FF
-28.26 -318.43 24.36 -26.8 -308.95 23.91 1.275 0x0000FF
-30.45 -327.54 25.57 -28.26 -318.43 24.36 1.185 0x0000FF
-31.18 -332.1 27.32 -30.45 -327.54 25.57 1.185 0x0000FF
-31.49 -353.22 28.38 -31.18 -332.1 27.32 1.185 0x0000FF
-32.04 -360.69 29.13 -31.49 -353.22 28.38 1.095 0x0000FF
-30.95 -378.73 30.04 -32.04 -360.69 29.13 1.095 0x0000FF
-27.11 -398.41 30.88 -30.95 -378.73 30.04 1.095 0x0000FF
-26.38 -408.79 31.94 -27.11 -398.41 30.88 1.095 0x0000FF
-26.38 -415.17 32.92 -26.38 -408.79 31.94 1.095 0x0000FF
-25.84 -423.92 33.38 -26.38 -415.17 32.92 1.095 0x0000FF
-25.63 -425.56 33.6 -25.84 -423.92 33.38 1.095 0x0000FF
-26.17 -427.58 33.83 -25.63 -425.56 33.6 0.82 0x0000FF
-26.9 -428.13 34.36 -26.17 -427.58 33.83 0.82 0x0000FF
-27.82 -428.85 35.34 -26.9 -428.13 34.36 0.82 0x0000FF
-28.18 -429.22 36.71 -27.82 -428.85 35.34 0.82 0x0000FF
-29.28 -430.31 37.69 -28.18 -429.22 36.71 0.82 0x0000FF
-30.01 -431.41 38.97 -29.28 -430.31 37.69 0.82 0x0000FF
-30.01 -432.86 40.42 -30.01 -431.41 38.97 0.82 0x0000FF
-29.64 -434.69 41.63 -30.01 -432.86 40.42 0.82 0x0000FF
-28.91 -437.05 42.09 -29.64 -434.69 41.63 0.82 0x0000FF
-28.36 -439.6 43.22 -28.91 -437.05 42.09 0.82 0x0000FF
-27.63 -443.98 44.51 -28.36 -439.6 43.22 0.82 0x0000FF
-25.08 -449.26 45.72 -27.63 -443.98 44.51 0.82 0x0000FF
-22.89 -453.63 46.63 -25.08 -449.26 45.72 0.82 0x0000FF
-19.97 -459.28 46.71 -22.89 -453.63 46.63 0.82 0x0000FF
-18.69 -461.47 47.69 -19.97 -459.28 46.71 0.82 0x0000FF
-17.23 -465.48 48.07 -18.69 -461.47 47.69 0.82 0x0000FF
-16.5 -467.3 48.75 -17.23 -465.48 48.07 0.82 0x0000FF
-16.32 -472.04 50.34 -16.5 -467.3 48.75 0.455 0x0000FF
-16.87 -474.04 49.89 -16.32 -472.04 50.34 0.455 0x0000FF
-18.51 -475.86 48.07 -16.87 -474.04 49.89 0.455 0x0000FF
-19.97 -477.87 48.53 -18.51 -475.86 48.07 0.455 0x0000FF
-21.25 -478.78 50.65 -19.97 -477.87 48.53 0.455 0x0000FF
-22.34 -479.51 53.22 -21.25 -478.78 50.65 0.455 0x0000FF
-23.07 -480.24 55.65 -22.34 -479.51 53.22 0.455 0x0000FF
-24.71 -480.96 58.07 -23.07 -480.24 55.65 0.455 0x0000FF
-26.54 -482.97 59.13 -24.71 -480.96 58.07 0.455 0x0000FF
-28.0 -484.43 61.55 -26.54 -482.97 59.13 0.455 0x0000FF
-28.91 -486.07 63.22 -28.0 -484.43 61.55 0.455 0x0000FF
-29.09 -489.16 65.48 -28.91 -486.07 63.22 0.455 0x0000FF
-30.55 -492.26 70.19 -29.09 -489.16 65.48 0.365 0x0000FF
-32.38 -494.26 72.23 -30.55 -492.26 70.19 0.365 0x0000FF
-33.11 -495.54 72.92 -32.38 -494.26 72.23 0.365 0x0000FF
-33.84 -497.73 74.73 -33.11 -495.54 72.92 0.365 0x0000FF
-34.2 -499.73 76.02 -33.84 -497.73 74.73 0.365 0x0000FF
-34.2 -501.37 77.92 -34.2 -499.73 76.02 0.365 0x0000FF
-35.47 -507.2 78.37 -34.2 -501.37 77.92 0.365 0x0000FF
-39.86 -510.3 79.36 -35.47 -507.2 78.37 0.365 0x0000FF
-44.05 -513.76 79.66 -39.86 -510.3 79.36 0.365 0x0000FF
-27.45 -494.45 68.14 -29.09 -489.16 65.48 0.365 0x0000FF
-27.27 -497.91 68.98 -27.45 -494.45 68.14 0.365 0x0000FF
-28.36 -503.01 70.19 -27.27 -497.91 68.98 0.365 0x0000FF
-28.55 -506.65 70.72 -28.36 -503.01 70.19 0.365 0x0000FF
-28.55 -511.94 71.55 -28.55 -506.65 70.72 0.365 0x0000FF
-28.55 -518.13 72.23 -28.55 -511.94 71.55 0.365 0x0000FF
-29.28 -522.14 72.98 -28.55 -518.13 72.23 0.365 0x0000FF
-29.28 -527.24 74.58 -29.28 -522.14 72.98 0.365 0x0000FF
-29.09 -531.62 75.64 -29.28 -527.24 74.58 0.365 0x0000FF
-28.73 -533.26 76.78 -29.09 -531.62 75.64 0.365 0x0000FF
-28.0 -536.16 78.98 -28.73 -533.26 76.78 0.365 0x0000FF
-14.13 -469.49 50.57 -16.5 -467.3 48.75 0.545 0x0000FF
-13.22 -471.31 51.4 -14.13 -469.49 50.57 0.545 0x0000FF
-10.11 -475.13 52.01 -13.22 -471.31 51.4 0.545 0x0000FF
-8.66 -476.59 52.24 -10.11 -475.13 52.01 0.545 0x0000FF
-7.56 -479.51 53.15 -8.66 -476.59 52.24 0.545 0x0000FF
-7.02 -483.33 53.83 -7.56 -479.51 53.15 0.545 0x0000FF
-7.02 -488.43 54.66 -7.02 -483.33 53.83 0.545 0x0000FF
-6.1 -491.71 55.65 -7.02 -488.43 54.66 0.545 0x0000FF
-4.63 -495.72 55.72 -6.1 -491.71 55.65 0.545 0x0000FF
-3.37 -500.28 57.24 -4.63 -495.72 55.72 0.545 0x0000FF
-1.54 -505.2 58.52 -3.37 -500.28 57.24 0.545 0x0000FF
-0.08 -510.48 59.51 -1.54 -505.2 58.52 0.545 0x0000FF
2.29 -517.59 60.27 -0.08 -510.48 59.51 0.545 0x0000FF
4.66 -526.51 61.63 2.29 -517.59 60.27 0.545 0x0000FF
6.12 -533.44 62.24 4.66 -526.51 61.63 0.545 0x0000FF
6.85 -538.36 63.15 6.12 -533.44 62.24 0.545 0x0000FF
7.22 -544.54 63.45 6.85 -538.36 63.15 0.545 0x0000FF
8.67 -550.75 64.36 7.22 -544.54 63.45 0.545 0x0000FF
11.59 -554.21 65.34 8.67 -550.75 64.36 0.545 0x0000FF
14.51 -556.39 66.7 11.59 -554.21 65.34 0.545 0x0000FF
17.07 -558.58 67.69 14.51 -556.39 66.7 0.545 0x0000FF
19.62 -559.86 69.28 17.07 -558.58 67.69 0.545 0x0000FF
21.45 -560.77 71.4 19.62 -559.86 69.28 0.455 0x0000FF
-22.17 -439.59 34.28 -25.63 -425.56 33.6 1.005 0x0000FF
-21.98 -445.62 34.74 -22.17 -439.59 34.28 0.64 0x0000FF
-21.98 -448.71 35.95 -21.98 -445.62 34.74 0.64 0x0000FF
-21.98 -448.71 35.19 -21.98 -448.71 35.95 0.64 0x0000FF
-21.61 -451.63 33.75 -21.98 -448.71 35.19 0.64 0x0000FF
-21.43 -453.09 32.15 -21.61 -451.63 33.75 0.64 0x0000FF
-21.25 -454.55 30.27 -21.43 -453.09 32.15 0.64 0x0000FF
-21.79 -458.92 28.83 -21.25 -454.55 30.27 0.64 0x0000FF
-22.34 -465.11 28.07 -21.79 -458.92 28.83 0.64 0x0000FF
-18.88 -474.77 26.41 -22.34 -465.11 28.07 0.64 0x0000FF
-15.23 -480.78 25.5 -18.88 -474.77 26.41 0.64 0x0000FF
-10.67 -487.89 24.36 -15.23 -480.78 25.5 0.64 0x0000FF
-9.57 -492.26 23.15 -10.67 -487.89 24.36 0.64 0x0000FF
-9.02 -498.82 22.01 -9.57 -492.26 23.15 0.64 0x0000FF
-8.11 -501.37 19.05 -9.02 -498.82 22.01 0.64 0x0000FF
-8.48 -503.01 18.6 -8.11 -501.37 19.05 0.455 0x0000FF
-9.21 -505.56 19.05 -8.48 -503.01 18.6 0.455 0x0000FF
-9.75 -508.29 20.65 -9.21 -505.56 19.05 0.455 0x0000FF
-11.03 -510.84 19.29 -9.75 -508.29 20.65 0.455 0x0000FF
-11.94 -513.4 17.47 -11.03 -510.84 19.29 0.455 0x0000FF
-12.49 -515.04 15.8 -11.94 -513.4 17.47 0.455 0x0000FF
-13.77 -519.95 14.06 -12.49 -515.04 15.8 0.455 0x0000FF
-14.68 -523.41 12.39 -13.77 -519.95 14.06 0.455 0x0000FF
-15.59 -526.33 10.35 -14.68 -523.41 12.39 0.455 0x0000FF
-16.69 -531.07 9.06 -15.59 -526.33 10.35 0.455 0x0000FF
-17.23 -533.79 7.32 -16.69 -531.07 9.06 0.455 0x0000FF
-18.51 -538.16 6.11 -17.23 -533.79 7.32 0.455 0x0000FF
-20.14 -541.82 4.88 -18.51 -538.16 6.11 0.455 0x0000FF
-21.25 -543.28 3.0 -20.14 -541.82 4.88 0.455 0x0000FF
-22.16 -544.91 2.54 -21.25 -543.28 3.0 0.365 0x0000FF
-22.16 -548.38 1.71 -22.16 -544.91 2.54 0.365 0x0000FF
-20.52 -553.12 1.33 -22.16 -548.38 1.71 0.365 0x0000FF
-19.97 -553.84 0.5 -20.52 -553.12 1.33 0.365 0x0000FF
-6.1 -503.56 17.7 -8.11 -501.37 19.05 0.545 0x0000FF
-5.56 -504.47 15.5 -6.1 -503.56 17.7 0.545 0x0000FF
-5.56 -505.56 13.07 -5.56 -504.47 15.5 0.545 0x0000FF
-5.56 -506.11 11.94 -5.56 -505.56 13.07 0.545 0x0000FF
-5.56 -506.84 9.97 -5.56 -506.11 11.94 0.545 0x0000FF
-5.56 -507.75 6.56 -5.56 -506.84 9.97 0.545 0x0000FF
-5.56 -508.29 5.12 -5.56 -507.75 6.56 0.545 0x0000FF
-5.37 -509.2 4.13 -5.56 -508.29 5.12 0.545 0x0000FF
-5.01 -510.48 3.0 -5.37 -509.2 4.13 0.545 0x0000FF
-4.46 -512.66 1.26 -5.01 -510.48 3.0 0.545 0x0000FF
-3.73 -515.22 -1.47 -4.46 -512.66 1.26 0.455 0x0000FF
-2.82 -517.59 -3.06 -3.73 -515.22 -1.47 0.455 0x0000FF
-2.82 -519.77 -4.88 -2.82 -517.59 -3.06 0.455 0x0000FF
-3.0 -522.32 -6.47 -2.82 -519.77 -4.88 0.455 0x0000FF
-2.64 -526.51 -7.83 -3.0 -522.32 -6.47 0.365 0x0000FF
-2.09 -527.79 -9.19 -2.64 -526.51 -7.83 0.365 0x0000FF
-1.54 -529.25 -10.71 -2.09 -527.79 -9.19 0.365 0x0000FF
-1.18 -531.62 -12.38 -1.54 -529.25 -10.71 0.365 0x0000FF
-0.81 -534.53 -14.04 -1.18 -531.62 -12.38 0.365 0x0000FF
-0.45 -538.54 -15.03 -0.81 -534.53 -14.04 0.365 0x0000FF
-0.08 -540.36 -16.77 -0.45 -538.54 -15.03 0.365 0x0000FF
0.65 -541.82 -17.23 -0.08 -540.36 -16.77 0.365 0x0000FF
1.01 -542.91 -17.76 0.65 -541.82 -17.23 0.365 0x0000FF
-20.89 -443.78 34.36 -22.17 -439.59 34.28 0.82 0x0000FF
-15.6 -451.25 35.04 -20.89 -443.78 34.36 0.73 0x0000FF
-11.22 -457.81 35.34 -15.6 -451.25 35.04 0.73 0x0000FF
-2.1 -466.92 35.95 -11.22 -457.81 35.34 0.64 0x0000FF
4.11 -473.11 35.57 -2.1 -466.92 35.95 0.64 0x0000FF
4.29 -473.48 35.11 4.11 -473.11 35.57 0.64 0x0000FF
5.57 -474.02 37.31 4.29 -473.48 35.11 0.64 0x0000FF
6.66 -474.57 38.22 5.57 -474.02 37.31 0.64 0x0000FF
8.67 -475.84 38.0 6.66 -474.57 38.22 0.64 0x0000FF
9.94 -480.42 40.5 8.67 -475.84 38.0 0.365 0x0000FF
10.86 -482.6 40.5 9.94 -480.42 40.5 0.365 0x0000FF
12.51 -489.71 40.42 10.86 -482.6 40.5 0.365 0x0000FF
10.86 -495.18 39.13 12.51 -489.71 40.42 0.365 0x0000FF
9.22 -497.0 38.83 10.86 -495.18 39.13 0.365 0x0000FF
7.03 -499.0 37.84 9.22 -497.0 38.83 0.365 0x0000FF
5.39 -501.37 37.01 7.03 -499.0 37.84 0.365 0x0000FF
4.48 -504.1 36.18 5.39 -501.37 37.01 0.365 0x0000FF
3.2 -510.12 35.04 4.48 -504.1 36.18 0.365 0x0000FF
2.65 -513.03 34.06 3.2 -510.12 35.04 0.365 0x0000FF
5.57 -519.59 34.74 2.65 -513.03 34.06 0.365 0x0000FF
9.22 -530.89 35.11 5.57 -519.59 34.74 0.365 0x0000FF
14.15 -541.64 35.79 9.22 -530.89 35.11 0.365 0x0000FF
22.72 -556.39 36.56 14.15 -541.64 35.79 0.365 0x0000FF
28.93 -565.69 36.94 22.72 -556.39 36.56 0.365 0x0000FF
31.66 -568.41 37.31 28.93 -565.69 36.94 0.365 0x0000FF
2.29 -518.67 32.09 2.65 -513.03 34.06 0.365 0x0000FF
1.38 -522.51 31.56 2.29 -518.67 32.09 0.365 0x0000FF
1.01 -526.88 30.35 1.38 -522.51 31.56 0.365 0x0000FF
1.01 -530.7 28.98 1.01 -526.88 30.35 0.365 0x0000FF
0.46 -535.62 27.69 1.01 -530.7 28.98 0.365 0x0000FF
0.28 -540.73 25.95 0.46 -535.62 27.69 0.365 0x0000FF
0.28 -545.83 23.76 0.28 -540.73 25.95 0.365 0x0000FF
1.01 -551.48 22.16 0.28 -545.83 23.76 0.365 0x0000FF
2.29 -555.66 20.95 1.01 -551.48 22.16 0.365 0x0000FF
4.11 -560.22 19.21 2.29 -555.66 20.95 0.365 0x0000FF
5.39 -563.67 17.54 4.11 -560.22 19.21 0.365 0x0000FF
7.03 -566.6 14.82 5.39 -563.67 17.54 0.365 0x0000FF
8.67 -567.33 13.0 7.03 -566.6 14.82 0.365 0x0000FF
11.05 -567.87 11.94 8.67 -567.33 13.0 0.365 0x0000FF
11.77 -479.67 37.31 8.67 -475.84 38.0 0.455 0x0000FF
12.32 -480.4 38.22 11.77 -479.67 37.31 0.455 0x0000FF
15.05 -482.59 39.74 12.32 -480.4 38.22 0.455 0x0000FF
18.52 -484.41 40.86 15.05 -482.59 39.74 0.365 0x0000FF
19.98 -485.87 43.0 18.52 -484.41 40.86 0.365 0x0000FF
22.17 -487.51 44.66 19.98 -485.87 43.0 0.365 0x0000FF
23.45 -488.96 46.48 22.17 -487.51 44.66 0.365 0x0000FF
25.27 -490.6 47.77 23.45 -488.96 46.48 0.365 0x0000FF
31.29 -493.52 48.0 25.27 -490.6 47.77 0.275 0x0000FF
39.14 -496.62 48.83 31.29 -493.52 48.0 0.275 0x0000FF
42.06 -498.62 49.43 39.14 -496.62 48.83 0.275 0x0000FF
-25.69 -144.88 5.27 -22.36 -142.11 4.21 0.82 0x0000FF
-28.97 -146.15 5.95 -25.69 -144.88 5.27 0.82 0x0000FF
-32.26 -148.34 6.86 -28.97 -146.15 5.95 0.82 0x0000FF
-33.53 -149.07 7.39 -32.26 -148.34 6.86 0.82 0x0000FF
-37.9 -150.88 4.97 -33.53 -149.07 7.39 0.82 0x0000FF
-43.57 -153.26 3.91 -37.9 -150.88 4.97 0.82 0x0000FF
-49.95 -156.18 1.71 -43.57 -153.26 3.91 0.82 0x0000FF
-56.52 -157.44 0.57 -49.95 -156.18 1.71 0.73 0x0000FF
-63.82 -159.44 -0.33 -56.52 -157.44 0.57 0.73 0x0000FF
-81.34 -168.02 -1.85 -63.82 -159.44 -0.33 0.64 0x0000FF
-83.16 -169.11 -1.85 -81.34 -168.02 -1.85 0.545 0x0000FF
-85.9 -170.75 -1.85 -83.16 -169.11 -1.85 0.545 0x0000FF
-89.91 -172.76 -1.85 -85.9 -170.75 -1.85 0.455 0x0000FF
-91.73 -174.94 -1.85 -89.91 -172.76 -1.85 0.365 0x0000FF
-94.29 -176.76 -1.85 -91.73 -174.94 -1.85 0.365 0x0000FF
-95.2 -178.22 -1.85 -94.29 -176.76 -1.85 0.365 0x0000FF
-13.6 -92.55 -5.79 -11.78 -91.46 -4.65 0.64 0x0000FF
-14.33 -94.56 -5.79 -13.6 -92.55 -5.79 0.64 0x0000FF
-15.06 -95.65 -5.33 -14.33 -94.56 -5.79 0.64 0x0000FF
-18.53 -99.11 -4.88 -15.06 -95.65 -5.33 0.545 0x0000FF
-22.91 -101.66 -8.21 -18.53 -99.11 -4.88 0.545 0x0000FF
-24.73 -102.58 -10.18 -22.91 -101.66 -8.21 0.545 0x0000FF
-26.19 -102.76 -11.92 -24.73 -102.58 -10.18 0.545 0x0000FF
-28.2 -102.94 -13.51 -26.19 -102.76 -11.92 0.545 0x0000FF
-29.47 -103.12 -14.57 -28.2 -102.94 -13.51 0.545 0x0000FF
-32.03 -103.85 -15.56 -29.47 -103.12 -14.57 0.545 0x0000FF
-35.13 -104.94 -17.0 -32.03 -103.85 -15.56 0.545 0x0000FF
-38.4 -106.04 -18.44 -35.13 -104.94 -17.0 0.545 0x0000FF
-40.6 -106.77 -20.03 -38.4 -106.04 -18.44 0.545 0x0000FF
-44.98 -108.95 -22.83 -40.6 -106.77 -20.03 0.455 0x0000FF
-50.09 -111.32 -23.82 -44.98 -108.95 -22.83 0.455 0x0000FF
-58.3 -112.23 -25.26 -50.09 -111.32 -23.82 0.455 0x0000FF
-74.91 -114.24 -25.71 -58.3 -112.23 -25.26 0.455 0x0000FF
-78.19 -115.15 -24.5 -74.91 -114.24 -25.71 0.455 0x0000FF
-86.58 -116.6 -22.38 -78.19 -115.15 -24.5 0.365 0x0000FF
-89.87 -117.52 -22.15 -86.58 -116.6 -22.38 0.365 0x0000FF
-95.16 -117.88 -20.1 -89.87 -117.52 -22.15 0.365 0x0000FF
-100.81 -115.69 -19.73 -95.16 -117.88 -20.1 0.365 0x0000FF
-106.47 -111.69 -18.97 -100.81 -115.69 -19.73 0.365 0x0000FF
-108.29 -109.86 -18.82 -106.47 -111.69 -18.97 0.365 0x0000FF
-13.97 -77.8 -5.56 -12.69 -75.43 -6.47 1.275 0x0000FF
-14.51 -78.16 -4.5 -13.97 -77.8 -5.56 1.275 0x0000FF
-15.79 -79.25 -2.83 -14.51 -78.16 -4.5 1.095 0x0000FF
-18.34 -80.53 -0.03 -15.79 -79.25 -2.83 1.095 0x0000FF
-21.63 -81.8 0.5 -18.34 -80.53 -0.03 1.095 0x0000FF
-24.73 -79.06 0.42 -21.63 -81.8 0.5 0.455 0x0000FF
-31.3 -76.34 0.57 -24.73 -79.06 0.42 0.455 0x0000FF
-50.46 -71.42 0.73 -31.3 -76.34 0.57 0.365 0x0000FF
-64.51 -67.05 1.71 -50.46 -71.42 0.73 0.365 0x0000FF
-75.27 -63.04 2.31 -64.51 -67.05 1.71 0.365 0x0000FF
-82.93 -62.86 2.47 -75.27 -63.04 2.31 0.365 0x0000FF
-96.43 -58.12 2.77 -82.93 -62.86 2.47 0.365 0x0000FF
-115.04 -52.83 3.15 -96.43 -58.12 2.77 0.365 0x0000FF
-122.53 -53.93 3.23 -115.04 -52.83 3.15 0.365 0x0000FF
-129.09 -55.2 3.15 -122.53 -53.93 3.23 0.365 0x0000FF
-132.38 -55.2 3.23 -129.09 -55.2 3.15 0.365 0x0000FF
-24.0 -84.17 1.56 -21.63 -81.8 0.5 0.91 0x0000FF
-24.91 -84.9 2.54 -24.0 -84.17 1.56 0.91 0x0000FF
-25.46 -85.45 4.67 -24.91 -84.9 2.54 0.91 0x0000FF
-26.74 -87.63 6.79 -25.46 -85.45 4.67 0.91 0x0000FF
-28.2 -86.72 7.32 -26.74 -87.63 6.79 0.545 0x0000FF
-28.74 -86.0 15.65 -28.2 -86.72 7.32 0.545 0x0000FF
-29.47 -84.54 18.3 -28.74 -86.0 15.65 0.545 0x0000FF
-30.39 -83.08 19.59 -29.47 -84.54 18.3 0.545 0x0000FF
-30.93 -82.72 21.63 -30.39 -83.08 19.59 0.545 0x0000FF
-32.39 -81.8 22.32 -30.93 -82.72 21.63 0.545 0x0000FF
-34.22 -80.53 25.8 -32.39 -81.8 22.32 0.545 0x0000FF
-35.86 -79.8 26.56 -34.22 -80.53 25.8 0.365 0x0000FF
-38.78 -79.62 27.01 -35.86 -79.8 26.56 0.365 0x0000FF
-29.84 -93.65 7.24 -26.74 -87.63 6.79 0.64 0x0000FF
-33.11 -99.3 8.52 -29.84 -93.65 7.24 0.64 0x0000FF
-38.96 -105.13 9.06 -33.11 -99.3 8.52 0.64 0x0000FF
-49.0 -107.31 9.89 -38.96 -105.13 9.06 0.64 0x0000FF
-63.05 -109.5 10.73 -49.0 -107.31 9.89 0.64 0x0000FF
-68.52 -113.33 11.41 -63.05 -109.5 10.73 0.64 0x0000FF
-76.0 -119.88 12.62 -68.52 -113.33 11.41 0.64 0x0000FF
-84.58 -122.98 13.23 -76.0 -119.88 12.62 0.64 0x0000FF
-90.23 -126.63 13.68 -84.58 -122.98 13.23 0.64 0x0000FF
-111.58 -139.93 15.73 -90.23 -126.63 13.68 0.545 0x0000FF
-116.32 -139.74 16.48 -111.58 -139.93 15.73 0.545 0x0000FF
-120.52 -139.56 17.01 -116.32 -139.74 16.48 0.545 0x0000FF
-122.53 -139.56 13.83 -120.52 -139.56 17.01 0.545 0x0000FF
-124.35 -139.38 12.39 -122.53 -139.56 13.83 0.545 0x0000FF
-126.9 -139.56 8.07 -124.35 -139.38 12.39 0.545 0x0000FF
-132.74 -140.84 6.71 -126.9 -139.56 8.07 0.455 0x0000FF
-138.94 -143.38 5.2 -132.74 -140.84 6.71 0.365 0x0000FF
