-1.75 -20.32 -30.41 -10.44 -19.51 -28.74 1.095 0x0000FF
2.44 -19.6 -30.63 -1.75 -20.32 -30.41 1.095 0x0000FF
6.82 -19.97 -30.94 2.44 -19.6 -30.63 1.095 0x0000FF
9.19 -19.23 -31.62 6.82 -19.97 -30.94 1.095 0x0000FF
12.29 -18.32 -32.15 9.19 -19.23 -31.62 1.095 0x0000FF
14.85 -17.6 -32.83 12.29 -18.32 -32.15 1.095 0x0000FF
16.13 -17.6 -32.97 14.85 -17.6 -32.83 0.91 0x0000FF
19.41 -14.68 -34.65 16.13 -17.6 -32.97 0.455 0x0000FF
19.96 -12.86 -35.63 19.41 -14.68 -34.65 0.455 0x0000FF
20.5 -9.94 -37.75 19.96 -12.86 -35.63 0.455 0x0000FF
21.78 -7.39 -39.42 20.5 -9.94 -37.75 0.455 0x0000FF
26.89 -2.47 -40.63 21.78 -7.39 -39.42 0.455 0x0000FF
35.1 1.35 -41.92 26.89 -2.47 -40.63 0.455 0x0000FF
41.85 4.8 -42.6 35.1 1.35 -41.92 0.365 0x0000FF
45.68 7.36 -42.98 41.85 4.8 -42.6 0.365 0x0000FF
20.14 -18.51 -33.06 16.13 -17.6 -32.97 0.545 0x0000FF
22.88 -18.69 -33.36 20.14 -18.51 -33.06 0.545 0x0000FF
26.71 -19.05 -33.65 22.88 -18.69 -33.36 0.545 0x0000FF
30.54 -19.97 -34.72 26.71 -19.05 -33.65 0.545 0x0000FF
32.54 -20.32 -33.59 30.54 -19.97 -34.72 0.545 0x0000FF
35.65 -21.61 -32.0 32.54 -20.32 -33.59 0.545 0x0000FF
39.84 -21.97 -30.03 35.65 -21.61 -32.0 0.455 0x0000FF
40.94 -21.97 -28.89 39.84 -21.97 -30.03 0.455 0x0000FF
44.41 -22.52 -27.6 40.94 -21.97 -28.89 0.455 0x0000FF
48.6 -22.88 -26.24 44.41 -22.52 -27.6 0.455 0x0000FF
51.7 -23.25 -24.35 48.6 -22.88 -26.24 0.455 0x0000FF
54.99 -23.61 -23.74 51.7 -23.25 -24.35 0.365 0x0000FF
56.45 -24.7 -23.36 54.99 -23.61 -23.74 0.365 0x0000FF
57.18 -25.43 -23.13 56.45 -24.7 -23.36 0.365 0x0000FF
-1.21 -25.43 -29.27 -10.44 -19.51 -28.74 0.91 0x0000FF
1.15 -25.43 -28.82 -1.21 -25.43 -29.27 0.91 0x0000FF
3.72 -25.61 -27.91 1.15 -25.43 -28.82 0.91 0x0000FF
8.64 -26.16 -26.62 3.72 -25.61 -27.91 0.91 0x0000FF
9.19 -27.25 -26.24 8.64 -26.16 -26.62 0.91 0x0000FF
10.91 -26.35 -23.13 9.19 -27.25 -26.24 0.455 0x0000FF
15.84 -27.99 -23.29 10.91 -26.35 -23.13 0.455 0x0000FF
18.94 -29.45 -23.29 15.84 -27.99 -23.29 0.455 0x0000FF
21.67 -31.27 -23.59 18.94 -29.45 -23.29 0.455 0x0000FF
26.42 -34.01 -24.04 21.67 -31.27 -23.59 0.455 0x0000FF
31.34 -36.38 -24.27 26.42 -34.01 -24.04 0.455 0x0000FF
37.54 -37.83 -24.8 31.34 -36.38 -24.27 0.455 0x0000FF
42.11 -37.83 -24.88 37.54 -37.83 -24.8 0.455 0x0000FF
45.94 -37.83 -25.26 42.11 -37.83 -24.88 0.455 0x0000FF
47.22 -39.65 -25.33 45.94 -37.83 -25.26 0.455 0x0000FF
48.49 -40.75 -25.56 47.22 -39.65 -25.33 0.455 0x0000FF
51.96 -42.21 -26.24 48.49 -40.75 -25.56 0.275 0x0000FF
54.33 -44.21 -26.39 51.96 -42.21 -26.24 0.275 0x0000FF
56.89 -46.4 -26.69 54.33 -44.21 -26.39 0.275 0x0000FF
58.71 -47.49 -26.69 56.89 -46.4 -26.69 0.275 0x0000FF
61.63 -48.04 -26.69 58.71 -47.49 -26.69 0.275 0x0000FF
63.82 -30.36 -25.86 45.94 -37.83 -25.26 0.365 0x0000FF
74.95 -25.99 -26.32 63.82 -30.36 -25.86 0.365 0x0000FF
95.57 -13.6 -27.0 74.95 -25.99 -26.32 0.365 0x0000FF
111.81 0.61 -27.38 95.57 -13.6 -27.0 0.365 0x0000FF
130.05 6.08 -27.75 111.81 0.61 -27.38 0.365 0x0000FF
145.38 9.36 -28.21 130.05 6.08 -27.75 0.365 0x0000FF
10.83 -30.17 -26.16 9.19 -27.25 -26.24 0.64 0x0000FF
11.56 -32.17 -25.56 10.83 -30.17 -26.16 0.545 0x0000FF
12.11 -33.63 -24.8 11.56 -32.17 -25.56 0.545 0x0000FF
13.75 -36.54 -23.66 12.11 -33.63 -24.8 0.545 0x0000FF
15.03 -38.0 -22.83 13.75 -36.54 -23.66 0.545 0x0000FF
15.76 -38.9 -20.1 15.03 -38.0 -22.83 0.545 0x0000FF
17.04 -42.01 -18.89 15.76 -38.9 -20.1 0.545 0x0000FF
16.67 -44.2 -12.83 17.04 -42.01 -18.89 0.545 0x0000FF
16.48 -45.66 -12.15 16.67 -44.2 -12.83 0.545 0x0000FF
16.48 -46.02 -12.23 16.48 -45.66 -12.15 0.545 0x0000FF
16.67 -46.02 -12.3 16.48 -46.02 -12.23 0.545 0x0000FF
16.86 -47.11 -10.64 16.67 -46.02 -12.3 0.545 0x0000FF
16.86 -49.12 -9.27 16.86 -47.11 -10.64 0.545 0x0000FF
16.48 -50.58 -7.83 16.86 -49.12 -9.27 0.545 0x0000FF
16.48 -52.94 -6.01 16.48 -50.58 -7.83 0.545 0x0000FF
16.3 -56.59 -5.03 16.48 -52.94 -6.01 0.545 0x0000FF
15.4 -60.6 -3.97 16.3 -56.59 -5.03 0.545 0x0000FF
15.21 -64.06 -3.21 15.4 -60.6 -3.97 0.545 0x0000FF
15.58 -66.43 -2.23 15.21 -64.06 -3.21 0.545 0x0000FF
16.3 -69.7 -0.48 15.58 -66.43 -2.23 0.545 0x0000FF
16.67 -71.16 -0.26 16.3 -69.7 -0.48 0.545 0x0000FF
17.95 -74.08 0.88 16.67 -71.16 -0.26 0.545 0x0000FF
18.5 -76.27 1.71 17.95 -74.08 0.88 0.545 0x0000FF
18.57 -77.55 6.64 18.5 -76.27 1.71 0.545 0x0000FF
18.57 -78.83 7.7 18.57 -77.55 6.64 0.545 0x0000FF
18.57 -79.73 8.98 18.57 -78.83 7.7 0.545 0x0000FF
18.57 -80.29 10.03 18.57 -79.73 8.98 0.545 0x0000FF
18.75 -80.65 11.86 18.57 -80.29 10.03 0.545 0x0000FF
18.75 -81.01 12.92 18.75 -80.65 11.86 0.545 0x0000FF
18.75 -81.38 14.21 18.75 -81.01 12.92 0.545 0x0000FF
19.12 -81.93 17.47 18.75 -81.38 14.21 0.545 0x0000FF
19.48 -83.75 18.68 19.12 -81.93 17.47 0.545 0x0000FF
20.39 -87.21 19.89 19.48 -83.75 18.68 0.545 0x0000FF
20.39 -87.57 20.35 20.39 -87.21 19.89 0.545 0x0000FF
20.94 -88.48 21.56 20.39 -87.57 20.35 0.545 0x0000FF
21.49 -89.21 22.69 20.94 -88.48 21.56 0.545 0x0000FF
22.04 -89.94 25.72 21.49 -89.21 22.69 0.545 0x0000FF
22.77 -90.67 27.47 22.04 -89.94 25.72 0.545 0x0000FF
24.05 -91.58 29.44 22.77 -90.67 27.47 0.455 0x0000FF
25.51 -92.67 32.01 24.05 -91.58 29.44 0.275 0x0000FF
19.41 -43.65 -18.29 17.04 -42.01 -18.89 0.455 0x0000FF
22.69 -44.75 -17.45 19.41 -43.65 -18.29 0.455 0x0000FF
25.25 -47.11 -15.86 22.69 -44.75 -17.45 0.365 0x0000FF
29.44 -51.49 -15.41 25.25 -47.11 -15.86 0.365 0x0000FF
31.82 -52.76 -14.04 29.44 -51.49 -15.41 0.365 0x0000FF
32.54 -53.49 -14.88 31.82 -52.76 -14.04 0.365 0x0000FF
32.72 -53.49 -15.18 32.54 -53.49 -14.88 0.365 0x0000FF
33.82 -54.77 -12.68 32.72 -53.49 -15.18 0.365 0x0000FF
34.36 -55.13 -11.54 33.82 -54.77 -12.68 0.365 0x0000FF
36.38 -56.41 -9.57 34.36 -55.13 -11.54 0.365 0x0000FF
39.29 -57.86 -8.14 36.38 -56.41 -9.57 0.365 0x0000FF
42.22 -59.14 -5.26 39.29 -57.86 -8.14 0.365 0x0000FF
43.49 -59.32 -3.51 42.22 -59.14 -5.26 0.365 0x0000FF
46.23 -60.41 0.05 43.49 -59.32 -3.51 0.365 0x0000FF
49.15 -61.14 0.27 46.23 -60.41 0.05 0.365 0x0000FF
50.97 -62.6 2.24 49.15 -61.14 0.27 0.365 0x0000FF
54.81 -63.69 7.54 50.97 -62.6 2.24 0.365 0x0000FF
57.18 -63.88 8.83 54.81 -63.69 7.54 0.365 0x0000FF
61.92 -65.88 9.89 57.18 -63.88 8.83 0.365 0x0000FF
65.02 -66.43 14.89 61.92 -65.88 9.89 0.365 0x0000FF
-15.55 -29.45 -33.06 -10.44 -19.51 -28.74 1.005 0x0000FF
-16.28 -30.91 -33.51 -15.55 -29.45 -33.06 1.005 0x0000FF
-19.2 -31.64 -34.5 -16.28 -30.91 -33.51 1.005 0x0000FF
-21.75 -32.0 -36.24 -19.2 -31.64 -34.5 1.005 0x0000FF
-22.3 -32.18 -37.97 -21.75 -32.0 -36.24 1.005 0x0000FF
-25.58 -33.64 -39.19 -22.3 -32.18 -37.97 0.91 0x0000FF
-28.87 -33.28 -40.47 -25.58 -33.64 -39.19 0.82 0x0000FF
-32.51 -33.64 -41.09 -28.87 -33.28 -40.47 0.82 0x0000FF
-37.44 -33.82 -42.3 -32.51 -33.64 -41.09 0.73 0x0000FF
-39.63 -34.92 -43.06 -37.44 -33.82 -42.3 0.73 0x0000FF
-44.92 -36.74 -41.84 -39.63 -34.92 -43.06 0.64 0x0000FF
-45.65 -37.1 -40.56 -44.92 -36.74 -41.84 0.64 0x0000FF
-48.02 -38.74 -39.04 -45.65 -37.1 -40.56 0.64 0x0000FF
-48.94 -39.11 -37.9 -48.02 -38.74 -39.04 0.64 0x0000FF
-50.94 -39.65 -37.0 -48.94 -39.11 -37.9 0.64 0x0000FF
-54.04 -40.57 -37.0 -50.94 -39.65 -37.0 0.64 0x0000FF
-57.15 -41.29 -35.47 -54.04 -40.57 -37.0 0.64 0x0000FF
-61.89 -42.39 -33.74 -57.15 -41.29 -35.47 0.545 0x0000FF
-64.08 -43.48 -32.97 -61.89 -42.39 -33.74 0.545 0x0000FF
-68.64 -45.12 -32.07 -64.08 -43.48 -32.97 0.545 0x0000FF
-71.56 -46.4 -33.51 -68.64 -45.12 -32.07 0.545 0x0000FF
-72.84 -46.94 -34.72 -71.56 -46.4 -33.51 0.545 0x0000FF
-76.84 -48.58 -35.86 -72.84 -46.94 -34.72 0.545 0x0000FF
-84.7 -52.41 -36.92 -76.84 -48.58 -35.86 0.455 0x0000FF
-85.61 -54.05 -37.15 -84.7 -52.41 -36.92 0.455 0x0000FF
-86.16 -55.69 -37.45 -85.61 -54.05 -37.15 0.455 0x0000FF
-85.79 -57.69 -37.68 -86.16 -55.69 -37.45 0.455 0x0000FF
-83.97 -61.15 -37.83 -85.79 -57.69 -37.68 0.365 0x0000FF
-83.6 -62.61 -38.06 -83.97 -61.15 -37.83 0.365 0x0000FF
-82.14 -64.06 -38.21 -83.6 -62.61 -38.06 0.365 0x0000FF
-81.05 -64.62 -38.28 -82.14 -64.06 -38.21 0.365 0x0000FF
-20.66 -22.35 -30.63 -10.44 -19.51 -28.74 0.64 0x0000FF
-24.67 -22.89 -30.03 -20.66 -22.35 -30.63 0.64 0x0000FF
-27.41 -22.89 -29.5 -24.67 -22.89 -30.03 0.64 0x0000FF
-31.78 -22.89 -28.89 -27.41 -22.89 -29.5 0.64 0x0000FF
-36.89 -22.89 -28.44 -31.78 -22.89 -28.89 0.64 0x0000FF
-42.0 -23.44 -27.6 -36.89 -22.89 -28.44 0.64 0x0000FF
-45.65 -24.17 -26.85 -42.0 -23.44 -27.6 0.64 0x0000FF
-51.12 -25.63 -26.09 -45.65 -24.17 -26.85 0.64 0x0000FF
-53.68 -26.35 -25.71 -51.12 -25.63 -26.09 0.64 0x0000FF
-57.88 -27.81 -25.03 -53.68 -26.35 -25.71 0.64 0x0000FF
-61.52 -29.82 -24.57 -57.88 -27.81 -25.03 0.64 0x0000FF
-65.9 -32.9 -24.04 -61.52 -29.82 -24.57 0.64 0x0000FF
-70.09 -36.01 -22.91 -65.9 -32.9 -24.04 0.64 0x0000FF
-75.76 -38.56 -22.38 -70.09 -36.01 -22.91 0.64 0x0000FF
-78.13 -39.29 -21.54 -75.76 -38.56 -22.38 0.545 0x0000FF
-10.34 -10.28 -26.01 -10.44 -19.51 -28.74 2.59 0x0000FF
-10.16 -6.09 -26.01 -10.34 -10.28 -26.01 2.59 0x0000FF
-10.16 -1.9 -25.94 -10.16 -6.09 -26.01 2.59 0x0000FF
-9.61 3.93 -25.56 -10.16 -1.9 -25.94 2.37 0x0000FF
-9.78 6.3 -25.1 -9.61 3.93 -25.56 2.37 0x0000FF
-9.78 10.49 -24.8 -9.78 6.3 -25.1 2.37 0x0000FF
-10.34 15.23 -25.1 -9.78 10.49 -24.8 1.735 0x0000FF
-11.07 22.7 -25.41 -10.34 15.23 -25.1 1.735 0x0000FF
-11.98 29.26 -26.01 -11.07 22.7 -25.41 1.735 0x0000FF
-12.71 34.54 -26.01 -11.98 29.26 -26.01 1.46 0x0000FF
-14.35 39.64 -26.77 -12.71 34.54 -26.01 1.46 0x0000FF
-15.81 46.57 -27.83 -14.35 39.64 -26.77 1.46 0x0000FF
-20.92 56.41 -28.74 -15.81 46.57 -27.83 1.37 0x0000FF
-22.38 61.14 -28.82 -20.92 56.41 -28.74 1.37 0x0000FF
-23.48 66.06 -27.07 -22.38 61.14 -28.82 1.37 0x0000FF
-23.84 70.25 -26.24 -23.48 66.06 -27.07 1.37 0x0000FF
-22.75 75.9 -25.33 -23.84 70.25 -26.24 1.37 0x0000FF
-21.65 81.55 -23.97 -22.75 75.9 -25.33 1.37 0x0000FF
-24.75 93.57 -22.68 -21.65 81.55 -23.97 1.37 0x0000FF
-25.48 98.49 -22.53 -24.75 93.57 -22.68 1.185 0x0000FF
-25.85 99.95 -22.07 -25.48 98.49 -22.53 1.185 0x0000FF
-28.87 118.82 -21.01 -25.85 99.95 -22.07 1.185 0x0000FF
-27.96 127.38 -20.71 -28.87 118.82 -21.01 1.275 0x0000FF
-27.59 132.85 -20.26 -27.96 127.38 -20.71 1.275 0x0000FF
-28.69 141.78 -19.8 -27.59 132.85 -20.26 1.275 0x0000FF
-32.15 153.97 -19.27 -28.69 141.78 -19.8 1.275 0x0000FF
-33.07 161.44 -18.89 -32.15 153.97 -19.27 1.275 0x0000FF
-34.89 168.01 -20.86 -33.07 161.44 -18.89 1.275 0x0000FF
-35.44 172.93 -22.53 -34.89 168.01 -20.86 1.275 0x0000FF
-36.9 176.21 -22.98 -35.44 172.93 -22.53 1.275 0x0000FF
-37.35 180.93 -23.13 -36.9 176.21 -22.98 1.37 0x0000FF
-36.43 188.95 -23.74 -37.35 180.93 -23.13 1.37 0x0000FF
-36.25 198.24 -24.12 -36.43 188.95 -23.74 1.37 0x0000FF
-36.61 204.43 -24.95 -36.25 198.24 -24.12 1.37 0x0000FF
-35.15 214.46 -25.41 -36.61 204.43 -24.95 1.37 0x0000FF
-34.25 221.2 -23.06 -35.15 214.46 -25.41 1.37 0x0000FF
-33.88 233.95 -22.07 -34.25 221.2 -23.06 1.37 0x0000FF
-34.06 255.81 -21.47 -33.88 233.95 -22.07 1.275 0x0000FF
-35.34 263.29 -20.26 -34.06 255.81 -21.47 1.275 0x0000FF
-36.79 269.66 -20.03 -35.34 263.29 -20.26 1.275 0x0000FF
-37.89 279.5 -18.66 -36.79 269.66 -20.03 1.185 0x0000FF
-38.44 281.87 -18.29 -37.89 279.5 -18.66 1.185 0x0000FF
-41.61 307.81 -17.53 -38.44 281.87 -18.29 1.185 0x0000FF
-43.62 320.92 -17.0 -41.61 307.81 -17.53 1.185 0x0000FF
-45.81 332.4 -16.47 -43.62 320.92 -17.0 1.185 0x0000FF
-45.99 337.87 -16.77 -45.81 332.4 -16.47 1.095 0x0000FF
-45.63 341.33 -17.98 -45.99 337.87 -16.77 1.095 0x0000FF
-44.9 346.98 -18.89 -45.63 341.33 -17.98 1.005 0x0000FF
-46.54 350.81 -19.88 -44.9 346.98 -18.89 1.005 0x0000FF
-47.63 354.27 -20.94 -46.54 350.81 -19.88 1.005 0x0000FF
-50.19 362.47 -21.01 -47.63 354.27 -20.94 1.005 0x0000FF
-50.73 365.75 -19.12 -50.19 362.47 -21.01 1.005 0x0000FF
-50.73 369.75 -17.68 -50.73 365.75 -19.12 1.005 0x0000FF
-50.73 372.67 -16.77 -50.73 369.75 -17.68 1.005 0x0000FF
-54.4 390.01 -15.79 -50.73 372.67 -16.77 1.005 0x0000FF
-56.04 395.48 -16.39 -54.4 390.01 -15.79 1.005 0x0000FF
-57.5 399.31 -19.04 -56.04 395.48 -16.39 1.005 0x0000FF
-58.42 401.13 -19.04 -57.5 399.31 -19.04 1.005 0x0000FF
-57.87 402.59 -19.04 -58.42 401.13 -19.04 0.82 0x0000FF
-57.32 405.5 -17.91 -57.87 402.59 -19.04 0.82 0x0000FF
-56.41 408.96 -18.73 -57.32 405.5 -17.91 0.82 0x0000FF
-56.23 410.6 -20.41 -56.41 408.96 -18.73 0.82 0x0000FF
-56.04 413.34 -21.85 -56.23 410.6 -20.41 0.82 0x0000FF
-56.96 419.9 -22.6 -56.04 413.34 -21.85 0.64 0x0000FF
-57.5 426.27 -23.59 -56.96 419.9 -22.6 0.64 0x0000FF
-57.5 432.83 -23.74 -57.5 426.27 -23.59 0.64 0x0000FF
-56.96 440.48 -24.19 -57.5 432.83 -23.74 0.64 0x0000FF
-58.96 446.68 -25.03 -56.96 440.48 -24.19 0.64 0x0000FF
-62.43 452.51 -25.41 -58.96 446.68 -25.03 0.64 0x0000FF
-65.34 455.42 -26.09 -62.43 452.51 -25.41 0.64 0x0000FF
-68.81 458.16 -27.15 -65.34 455.42 -26.09 0.545 0x0000FF
-72.28 461.62 -27.45 -68.81 458.16 -27.15 0.365 0x0000FF
-73.56 463.08 -27.45 -72.28 461.62 -27.45 0.365 0x0000FF
-64.8 404.77 -19.64 -58.42 401.13 -19.04 0.82 0x0000FF
-68.09 410.6 -20.71 -64.8 404.77 -19.64 0.73 0x0000FF
-69.91 413.88 -20.79 -68.09 410.6 -20.71 0.73 0x0000FF
-72.28 416.8 -21.09 -69.91 413.88 -20.79 0.73 0x0000FF
-77.03 428.09 -22.0 -72.28 416.8 -21.09 0.64 0x0000FF
-79.58 433.01 -22.38 -77.03 428.09 -22.0 0.64 0x0000FF
-81.77 435.93 -23.21 -79.58 433.01 -22.38 0.64 0x0000FF
-84.51 439.21 -23.44 -81.77 435.93 -23.21 0.545 0x0000FF
-39.27 178.03 -23.21 -36.9 176.21 -22.98 0.73 0x0000FF
-41.28 180.4 -23.51 -39.27 178.03 -23.21 0.64 0x0000FF
-42.56 183.5 -24.19 -41.28 180.4 -23.51 0.64 0x0000FF
-43.47 186.23 -24.88 -42.56 183.5 -24.19 0.64 0x0000FF
-45.84 190.97 -25.79 -43.47 186.23 -24.88 0.64 0x0000FF
-49.57 196.24 -26.85 -45.84 190.97 -25.79 0.64 0x0000FF
-50.48 198.6 -27.75 -49.57 196.24 -26.85 0.455 0x0000FF
-50.85 200.24 -28.74 -50.48 198.6 -27.75 0.455 0x0000FF
-51.58 203.16 -29.19 -50.85 200.24 -28.74 0.455 0x0000FF
-51.58 206.26 -30.56 -51.58 203.16 -29.19 0.455 0x0000FF
-50.85 208.99 -32.0 -51.58 206.26 -30.56 0.455 0x0000FF
-49.94 212.27 -32.97 -50.85 208.99 -32.0 0.455 0x0000FF
-49.75 216.28 -33.97 -49.94 212.27 -32.97 0.455 0x0000FF
-49.02 220.65 -35.63 -49.75 216.28 -33.97 0.365 0x0000FF
-47.38 223.02 -36.77 -49.02 220.65 -35.63 0.365 0x0000FF
-44.65 225.57 -38.06 -47.38 223.02 -36.77 0.365 0x0000FF
-42.46 227.57 -38.59 -44.65 225.57 -38.06 0.365 0x0000FF
-41.18 230.85 -39.04 -42.46 227.57 -38.59 0.365 0x0000FF
-41.18 233.95 -39.86 -41.18 230.85 -39.04 0.365 0x0000FF
-10.52 30.53 -27.38 -11.98 29.26 -26.01 0.73 0x0000FF
-9.25 32.36 -28.51 -10.52 30.53 -27.38 0.64 0x0000FF
-7.06 34.36 -30.18 -9.25 32.36 -28.51 0.64 0x0000FF
-3.22 36.72 -31.54 -7.06 34.36 -30.18 0.64 0x0000FF
2.8 39.83 -33.44 -3.22 36.72 -31.54 0.455 0x0000FF
5.72 40.74 -34.35 2.8 39.83 -33.44 0.455 0x0000FF
11.01 42.01 -35.25 5.72 40.74 -34.35 0.455 0x0000FF
14.66 42.38 -36.92 11.01 42.01 -35.25 0.455 0x0000FF
17.03 42.56 -37.9 14.66 42.38 -36.92 0.455 0x0000FF
21.04 42.92 -39.57 17.03 42.56 -37.9 0.455 0x0000FF
28.71 44.93 -40.63 21.04 42.92 -39.57 0.455 0x0000FF
35.27 48.94 -41.69 28.71 44.93 -40.63 0.455 0x0000FF
41.11 51.85 -42.9 35.27 48.94 -41.69 0.455 0x0000FF
47.5 53.67 -43.13 41.11 51.85 -42.9 0.455 0x0000FF
52.24 54.77 -43.51 47.5 53.67 -43.13 0.365 0x0000FF
-8.15 11.95 -24.72 -9.78 10.49 -24.8 1.005 0x0000FF
-5.96 13.95 -24.42 -8.15 11.95 -24.72 1.005 0x0000FF
-1.4 16.69 -24.04 -5.96 13.95 -24.42 0.82 0x0000FF
4.07 20.32 -23.44 -1.4 16.69 -24.04 0.82 0x0000FF
12.28 23.43 -23.21 4.07 20.32 -23.44 0.82 0x0000FF
19.04 26.71 -22.53 12.28 23.43 -23.21 0.82 0x0000FF
23.96 30.9 -21.77 19.04 26.71 -22.53 0.73 0x0000FF
26.15 32.36 -20.94 23.96 30.9 -21.77 0.73 0x0000FF
29.43 35.64 -20.03 26.15 32.36 -20.94 0.73 0x0000FF
33.27 37.64 -20.32 29.43 35.64 -20.03 0.545 0x0000FF
36.92 39.64 -22.0 33.27 37.64 -20.32 0.545 0x0000FF
42.75 41.47 -24.5 36.92 39.64 -22.0 0.545 0x0000FF
55.71 48.75 -25.03 42.75 41.47 -24.5 0.545 0x0000FF
65.2 52.58 -26.47 55.71 48.75 -25.03 0.455 0x0000FF
69.94 54.77 -26.77 65.2 52.58 -26.47 0.455 0x0000FF
79.97 57.86 -26.85 69.94 54.77 -26.77 0.455 0x0000FF
85.08 59.5 -26.92 79.97 57.86 -26.85 0.455 0x0000FF
92.2 63.51 -26.92 85.08 59.5 -26.92 0.365 0x0000FF
