17.26 -16.16 9.21 10.34 -12.71 17.23 0.91 0x0000FF
19.63 -15.62 7.85 17.26 -16.16 9.21 1.185 0x0000FF
21.45 -15.25 6.56 19.63 -15.62 7.85 1.185 0x0000FF
23.41 -11.3 7.77 21.45 -15.25 6.56 0.365 0x0000FF
25.6 -8.75 7.77 23.41 -11.3 7.77 0.365 0x0000FF
27.79 -7.47 8.23 25.6 -8.75 7.77 0.365 0x0000FF
29.98 -6.56 8.68 27.79 -7.47 8.23 0.365 0x0000FF
31.99 -6.01 8.76 29.98 -6.56 8.68 0.365 0x0000FF
32.54 -5.47 7.09 31.99 -6.01 8.76 0.365 0x0000FF
34.9 -3.83 5.5 32.54 -5.47 7.09 0.365 0x0000FF
36.19 -2.73 3.91 34.9 -3.83 5.5 0.365 0x0000FF
39.47 0.18 2.77 36.19 -2.73 3.91 0.365 0x0000FF
39.47 1.46 -1.09 39.47 0.18 2.77 0.365 0x0000FF
39.47 3.1 -1.77 39.47 1.46 -1.09 0.365 0x0000FF
42.02 6.19 -2.0 39.47 3.1 -1.77 0.365 0x0000FF
42.94 7.29 -1.47 42.02 6.19 -2.0 0.365 0x0000FF
43.67 7.47 -1.17 42.94 7.29 -1.47 0.365 0x0000FF
45.67 8.19 -2.83 43.67 7.47 -1.17 0.365 0x0000FF
46.59 8.38 -3.59 45.67 8.19 -2.83 0.365 0x0000FF
47.86 8.93 -6.09 46.59 8.38 -3.59 0.365 0x0000FF
48.78 9.11 -7.08 47.86 8.93 -6.09 0.365 0x0000FF
51.15 9.66 -8.36 48.78 9.11 -7.08 0.365 0x0000FF
53.52 10.57 -10.33 51.15 9.66 -8.36 0.365 0x0000FF
55.16 11.66 -12.0 53.52 10.57 -10.33 0.365 0x0000FF
56.62 12.39 -13.21 55.16 11.66 -12.0 0.365 0x0000FF
58.63 12.94 -14.27 56.62 12.39 -13.21 0.365 0x0000FF
60.09 14.21 -15.33 58.63 12.94 -14.27 0.365 0x0000FF
61.0 15.85 -16.54 60.09 14.21 -15.33 0.365 0x0000FF
61.18 18.57 -17.76 61.0 15.85 -16.54 0.365 0x0000FF
60.82 19.86 -19.35 61.18 18.57 -17.76 0.275 0x0000FF
61.0 21.5 -21.69 60.82 19.86 -19.35 0.275 0x0000FF
61.18 21.14 -21.85 61.0 21.5 -21.69 0.275 0x0000FF
39.47 12.21 -2.76 39.47 3.1 -1.77 0.365 0x0000FF
39.11 14.76 -3.44 39.47 12.21 -2.76 0.365 0x0000FF
38.19 18.04 -4.05 39.11 14.76 -3.44 0.365 0x0000FF
37.1 20.77 -5.56 38.19 18.04 -4.05 0.365 0x0000FF
36.72 22.59 -6.54 37.1 20.77 -5.56 0.365 0x0000FF
35.46 25.33 -7.91 36.72 22.59 -6.54 0.365 0x0000FF
33.45 30.61 -8.89 35.46 25.33 -7.91 0.365 0x0000FF
30.71 36.79 -10.11 33.45 30.61 -8.89 0.275 0x0000FF
29.62 42.27 -10.71 30.71 36.79 -10.11 0.275 0x0000FF
29.8 48.28 -11.47 29.62 42.27 -10.71 0.275 0x0000FF
31.26 55.21 -11.92 29.8 48.28 -11.47 0.275 0x0000FF
31.99 61.58 -12.15 31.26 55.21 -11.92 0.275 0x0000FF
32.17 65.23 -12.38 31.99 61.58 -12.15 0.275 0x0000FF
22.55 -16.53 5.42 21.45 -15.25 6.56 1.005 0x0000FF
24.74 -17.62 4.44 22.55 -16.53 5.42 1.005 0x0000FF
28.39 -18.53 2.7 24.74 -17.62 4.44 0.91 0x0000FF
30.76 -19.07 2.0 28.39 -18.53 2.7 0.91 0x0000FF
31.67 -19.44 0.88 30.76 -19.07 2.0 0.82 0x0000FF
36.42 -21.81 -0.48 31.67 -19.44 0.88 0.73 0x0000FF
44.81 -22.18 -1.32 36.42 -21.81 -0.48 0.73 0x0000FF
51.92 -22.36 -1.7 44.81 -22.18 -1.32 0.73 0x0000FF
52.24 -23.5 1.56 51.92 -22.36 -1.7 0.545 0x0000FF
54.43 -23.69 1.11 52.24 -23.5 1.56 0.545 0x0000FF
55.71 -23.69 0.8 54.43 -23.69 1.11 0.545 0x0000FF
59.72 -25.14 0.12 55.71 -23.69 0.8 0.545 0x0000FF
62.64 -26.6 -0.48 59.72 -25.14 0.12 0.545 0x0000FF
64.47 -27.69 -0.71 62.64 -26.6 -0.48 0.545 0x0000FF
65.73 -28.61 -1.32 64.47 -27.69 -0.71 0.545 0x0000FF
66.66 -29.33 -1.7 65.73 -28.61 -1.32 0.545 0x0000FF
67.75 -30.25 -2.29 66.66 -29.33 -1.7 0.545 0x0000FF
69.2 -31.16 -3.06 67.75 -30.25 -2.29 0.545 0x0000FF
69.76 -31.52 -3.89 69.2 -31.16 -3.06 0.545 0x0000FF
70.84 -31.7 -4.34 69.76 -31.52 -3.89 0.545 0x0000FF
71.22 -31.89 -4.73 70.84 -31.7 -4.34 0.545 0x0000FF
72.86 -32.43 -6.09 71.22 -31.89 -4.73 0.545 0x0000FF
74.31 -32.43 -8.28 72.86 -32.43 -6.09 0.545 0x0000FF
76.51 -32.61 -9.11 74.31 -32.43 -8.28 0.455 0x0000FF
78.33 -33.52 -10.02 76.51 -32.61 -9.11 0.455 0x0000FF
80.16 -34.61 -10.56 78.33 -33.52 -10.02 0.455 0x0000FF
82.71 -35.71 -11.47 80.16 -34.61 -10.56 0.455 0x0000FF
86.73 -36.79 -12.15 82.71 -35.71 -11.47 0.455 0x0000FF
90.19 -37.35 -13.36 86.73 -36.79 -12.15 0.365 0x0000FF
96.4 -38.81 -14.5 90.19 -37.35 -13.36 0.365 0x0000FF
99.86 -39.36 -16.32 96.4 -38.81 -14.5 0.275 0x0000FF
104.97 -38.99 -16.7 99.86 -39.36 -16.32 0.18 0x0000FF
59.95 -20.54 -1.85 51.92 -22.36 -1.7 0.64 0x0000FF
72.91 -18.89 -2.52 59.95 -20.54 -1.85 0.545 0x0000FF
81.3 -17.8 -2.98 72.91 -18.89 -2.52 0.545 0x0000FF
88.05 -16.16 -3.44 81.3 -17.8 -2.98 0.545 0x0000FF
102.6 -12.75 0.57 88.05 -16.16 -3.44 0.365 0x0000FF
111.36 -10.75 0.05 102.6 -12.75 0.57 0.365 0x0000FF
118.29 -9.11 1.33 111.36 -10.75 0.05 0.365 0x0000FF
133.43 -8.56 2.39 118.29 -9.11 1.33 0.365 0x0000FF
152.41 0.73 2.77 133.43 -8.56 2.39 0.275 0x0000FF
159.34 3.1 1.64 152.41 0.73 2.77 0.275 0x0000FF
172.3 7.65 1.11 159.34 3.1 1.64 0.275 0x0000FF
209.7 19.68 -0.03 172.3 7.65 1.11 0.275 0x0000FF
18.53 -20.05 9.06 10.34 -12.71 17.23 0.82 0x0000FF
20.36 -21.15 7.54 18.53 -20.05 9.06 0.82 0x0000FF
22.36 -21.51 7.01 20.36 -21.15 7.54 0.73 0x0000FF
24.74 -22.43 5.42 22.36 -21.51 7.01 0.73 0x0000FF
27.47 -23.52 4.36 24.74 -22.43 5.42 0.73 0x0000FF
30.39 -25.16 3.23 27.47 -23.52 4.36 0.73 0x0000FF
30.76 -25.34 2.24 30.39 -25.16 3.23 0.73 0x0000FF
31.67 -26.25 0.88 30.76 -25.34 2.24 0.73 0x0000FF
32.58 -26.8 -0.86 31.67 -26.25 0.88 0.73 0x0000FF
33.31 -27.16 -2.29 32.58 -26.8 -0.86 0.73 0x0000FF
34.95 -27.71 -3.29 33.31 -27.16 -2.29 0.73 0x0000FF
39.52 -29.17 -4.8 34.95 -27.71 -3.29 0.64 0x0000FF
42.07 -29.71 -5.64 39.52 -29.17 -4.8 0.64 0x0000FF
44.44 -30.26 -6.85 42.07 -29.71 -5.64 0.64 0x0000FF
45.54 -30.81 -7.98 44.44 -30.26 -6.85 0.64 0x0000FF
49.0 -32.45 -9.42 45.54 -30.81 -7.98 0.64 0x0000FF
50.28 -36.82 -10.02 49.0 -32.45 -9.42 0.365 0x0000FF
50.46 -39.01 -9.65 50.28 -36.82 -10.02 0.365 0x0000FF
50.1 -42.65 -8.36 50.46 -39.01 -9.65 0.365 0x0000FF
50.1 -43.92 -10.56 50.1 -42.65 -8.36 0.365 0x0000FF
49.55 -46.48 -12.23 50.1 -43.92 -10.56 0.365 0x0000FF
48.82 -48.3 -14.35 49.55 -46.48 -12.23 0.365 0x0000FF
48.09 -50.12 -16.32 48.82 -48.3 -14.35 0.365 0x0000FF
47.91 -51.4 -17.82 48.09 -50.12 -16.32 0.365 0x0000FF
47.36 -53.22 -20.32 47.91 -51.4 -17.82 0.365 0x0000FF
46.08 -55.22 -21.69 47.36 -53.22 -20.32 0.365 0x0000FF
51.92 -33.36 -10.56 49.0 -32.45 -9.42 0.545 0x0000FF
53.38 -33.9 -10.94 51.92 -33.36 -10.56 0.545 0x0000FF
55.02 -34.45 -12.07 53.38 -33.9 -10.94 0.545 0x0000FF
56.3 -35.9 -13.44 55.02 -34.45 -12.07 0.545 0x0000FF
59.4 -37.9 -14.35 56.3 -35.9 -13.44 0.545 0x0000FF
61.59 -38.64 -15.26 59.4 -37.9 -14.35 0.545 0x0000FF
65.61 -39.54 -15.56 61.59 -38.64 -15.26 0.545 0x0000FF
67.98 -40.1 -16.47 65.61 -39.54 -15.56 0.545 0x0000FF
71.81 -41.01 -17.53 67.98 -40.1 -16.47 0.545 0x0000FF
75.64 -41.92 -18.29 71.81 -41.01 -17.53 0.545 0x0000FF
78.73 -42.83 -19.27 75.64 -41.92 -18.29 0.545 0x0000FF
81.11 -43.56 -19.88 78.73 -42.83 -19.27 0.545 0x0000FF
87.14 -45.38 -20.79 81.11 -43.56 -19.88 0.455 0x0000FF
89.51 -45.75 -21.09 87.14 -45.38 -20.79 0.455 0x0000FF
94.43 -45.02 -22.23 89.51 -45.75 -21.09 0.455 0x0000FF
98.63 -43.56 -23.13 94.43 -45.02 -22.23 0.365 0x0000FF
104.29 -41.56 -23.29 98.63 -43.56 -23.13 0.365 0x0000FF
110.85 -40.46 -23.89 104.29 -41.56 -23.29 0.365 0x0000FF
113.59 -40.1 -24.42 110.85 -40.46 -23.89 0.365 0x0000FF
117.42 -39.54 -25.41 113.59 -40.1 -24.42 0.365 0x0000FF
123.99 -39.19 -26.85 117.42 -39.54 -25.41 0.365 0x0000FF
125.09 -38.46 -28.51 123.99 -39.19 -26.85 0.365 0x0000FF
127.82 -37.9 -28.89 125.09 -38.46 -28.51 0.365 0x0000FF
133.66 -37.72 -30.25 127.82 -37.9 -28.89 0.275 0x0000FF
138.94 -37.36 -31.69 133.66 -37.72 -30.25 0.275 0x0000FF
7.04 -22.97 17.23 10.34 -12.71 17.23 1.005 0x0000FF
6.86 -26.25 14.97 7.04 -22.97 17.23 1.005 0x0000FF
6.86 -27.16 14.36 6.86 -26.25 14.97 1.005 0x0000FF
6.67 -30.26 15.2 6.86 -27.16 14.36 0.455 0x0000FF
7.22 -32.26 14.21 6.67 -30.26 15.2 0.455 0x0000FF
7.22 -33.54 13.15 7.22 -32.26 14.21 0.455 0x0000FF
7.4 -35.0 9.97 7.22 -33.54 13.15 0.455 0x0000FF
7.22 -35.54 8.3 7.4 -35.0 9.97 0.455 0x0000FF
7.04 -37.18 6.18 7.22 -35.54 8.3 0.455 0x0000FF
6.67 -40.65 4.82 7.04 -37.18 6.18 0.455 0x0000FF
6.13 -43.2 2.54 6.67 -40.65 4.82 0.455 0x0000FF
5.58 -45.93 0.8 6.13 -43.2 2.54 0.455 0x0000FF
4.67 -49.76 -1.55 5.58 -45.93 0.8 0.455 0x0000FF
4.12 -53.03 -4.2 4.67 -49.76 -1.55 0.455 0x0000FF
3.57 -55.77 -5.94 4.12 -53.03 -4.2 0.365 0x0000FF
3.21 -59.23 -7.15 3.57 -55.77 -5.94 0.365 0x0000FF
2.84 -62.87 -8.74 3.21 -59.23 -7.15 0.365 0x0000FF
3.02 -68.34 -11.09 2.84 -62.87 -8.74 0.365 0x0000FF
2.11 -72.7 -12.83 3.02 -68.34 -11.09 0.365 0x0000FF
1.57 -77.27 -14.04 2.11 -72.7 -12.83 0.365 0x0000FF
2.48 -82.55 -15.71 1.57 -77.27 -14.04 0.365 0x0000FF
2.48 -87.11 -17.0 2.48 -82.55 -15.71 0.365 0x0000FF
2.29 -90.57 -19.8 2.48 -87.11 -17.0 0.365 0x0000FF
2.29 -92.57 -22.3 2.29 -90.57 -19.8 0.365 0x0000FF
2.29 -95.31 -23.66 2.29 -92.57 -22.3 0.365 0x0000FF
2.48 -99.13 -25.86 2.29 -95.31 -23.66 0.365 0x0000FF
3.39 -100.41 -28.06 2.48 -99.13 -25.86 0.365 0x0000FF
4.12 -101.14 -28.97 3.39 -100.41 -28.06 0.365 0x0000FF
6.13 -102.96 -30.56 4.12 -101.14 -28.97 0.365 0x0000FF
9.05 -105.87 -31.54 6.13 -102.96 -30.56 0.365 0x0000FF
16.25 -110.91 -33.65 9.05 -105.87 -31.54 0.365 0x0000FF
6.13 -27.89 16.63 6.86 -27.16 14.36 0.73 0x0000FF
5.21 -28.26 17.54 6.13 -27.89 16.63 0.73 0x0000FF
4.67 -28.62 18.14 5.21 -28.26 17.54 0.73 0x0000FF
3.21 -29.53 17.62 4.67 -28.62 18.14 0.73 0x0000FF
1.75 -30.26 14.97 3.21 -29.53 17.62 0.73 0x0000FF
-0.81 -31.35 13.76 1.75 -30.26 14.97 0.64 0x0000FF
-2.27 -32.08 13.15 -0.81 -31.35 13.76 0.64 0x0000FF
-5.0 -33.36 11.56 -2.27 -32.08 13.15 0.64 0x0000FF
-7.19 -34.45 11.48 -5.0 -33.36 11.56 0.64 0x0000FF
-9.02 -35.72 11.18 -7.19 -34.45 11.48 0.64 0x0000FF
-10.84 -37.36 11.18 -9.02 -35.72 11.18 0.64 0x0000FF
-13.4 -39.72 12.85 -10.84 -37.36 11.18 0.64 0x0000FF
-15.77 -42.47 14.13 -13.4 -39.72 12.85 0.64 0x0000FF
-17.41 -45.2 15.35 -15.77 -42.47 14.13 0.64 0x0000FF
-18.87 -46.84 15.42 -17.41 -45.2 15.35 0.64 0x0000FF
-20.51 -48.48 16.48 -18.87 -46.84 15.42 0.64 0x0000FF
-21.97 -49.94 17.62 -20.51 -48.48 16.48 0.64 0x0000FF
-22.88 -51.21 18.68 -21.97 -49.94 17.62 0.64 0x0000FF
-24.89 -53.58 20.04 -22.88 -51.21 18.68 0.64 0x0000FF
-25.62 -54.49 21.03 -24.89 -53.58 20.04 0.64 0x0000FF
-26.53 -55.77 21.1 -25.62 -54.49 21.03 0.64 0x0000FF
-26.9 -56.31 20.04 -26.53 -55.77 21.1 0.64 0x0000FF
-27.44 -57.77 19.29 -26.9 -56.31 20.04 0.64 0x0000FF
-27.99 -59.23 17.7 -27.44 -57.77 19.29 0.64 0x0000FF
-28.36 -59.78 16.41 -27.99 -59.23 17.7 0.545 0x0000FF
-30.36 -62.33 15.88 -28.36 -59.78 16.41 0.455 0x0000FF
-32.19 -64.51 15.04 -30.36 -62.33 15.88 0.455 0x0000FF
-34.2 -67.79 14.82 -32.19 -64.51 15.04 0.365 0x0000FF
-35.65 -70.34 14.51 -34.2 -67.79 14.82 0.365 0x0000FF
-36.57 -73.08 14.51 -35.65 -70.34 14.51 0.365 0x0000FF
2.02 -20.0 13.6 10.34 -12.71 17.23 0.64 0x0000FF
0.38 -21.27 11.56 2.02 -20.0 13.6 0.64 0x0000FF
-1.81 -22.37 9.74 0.38 -21.27 11.56 0.64 0x0000FF
-4.37 -23.64 7.85 -1.81 -22.37 9.74 0.64 0x0000FF
-8.38 -25.1 6.33 -4.37 -23.64 7.85 0.64 0x0000FF
-9.98 -28.88 5.04 -8.38 -25.1 6.33 0.365 0x0000FF
-10.9 -29.79 5.2 -9.98 -28.88 5.04 0.365 0x0000FF
-12.36 -29.97 5.8 -10.9 -29.79 5.2 0.365 0x0000FF
-13.63 -29.97 6.56 -12.36 -29.97 5.8 0.365 0x0000FF
-14.91 -29.79 6.86 -13.63 -29.97 6.56 0.365 0x0000FF
-15.46 -29.79 4.74 -14.91 -29.79 6.86 0.365 0x0000FF
-16.37 -30.34 3.3 -15.46 -29.79 4.74 0.365 0x0000FF
-17.1 -31.06 1.71 -16.37 -30.34 3.3 0.365 0x0000FF
-17.47 -31.79 0.5 -17.1 -31.06 1.71 0.365 0x0000FF
-18.92 -33.79 -1.24 -17.47 -31.79 0.5 0.365 0x0000FF
-20.02 -36.17 -2.52 -18.92 -33.79 -1.24 0.365 0x0000FF
-21.48 -39.26 -4.2 -20.02 -36.17 -2.52 0.365 0x0000FF
-24.76 -41.81 -5.64 -21.48 -39.26 -4.2 0.365 0x0000FF
-27.86 -43.27 -6.85 -24.76 -41.81 -5.64 0.365 0x0000FF
-29.14 -46.37 -16.09 -27.86 -43.27 -6.85 0.365 0x0000FF
-29.69 -46.92 -18.73 -29.14 -46.37 -16.09 0.365 0x0000FF
-31.33 -48.01 -21.85 -29.69 -46.92 -18.73 0.365 0x0000FF
-33.15 -49.28 -27.22 -31.33 -48.01 -21.85 0.275 0x0000FF
-33.7 -49.65 -29.95 -33.15 -49.28 -27.22 0.275 0x0000FF
-34.79 -50.92 -32.53 -33.7 -49.65 -29.95 0.275 0x0000FF
-35.53 -52.56 -34.88 -34.79 -50.92 -32.53 0.275 0x0000FF
-10.57 -25.64 5.65 -8.38 -25.1 6.33 0.545 0x0000FF
-14.22 -25.46 4.97 -10.57 -25.64 5.65 0.545 0x0000FF
-14.95 -25.46 2.47 -14.22 -25.46 4.97 0.545 0x0000FF
-16.96 -25.1 -0.86 -14.95 -25.46 2.47 0.545 0x0000FF
-20.2 -26.69 -1.62 -16.96 -25.1 -0.86 0.365 0x0000FF
-23.3 -26.87 -1.62 -20.2 -26.69 -1.62 0.365 0x0000FF
-24.03 -27.06 -4.12 -23.3 -26.87 -1.62 0.365 0x0000FF
-26.41 -27.06 -5.86 -24.03 -27.06 -4.12 0.365 0x0000FF
-27.86 -26.87 -7.68 -26.41 -27.06 -5.86 0.365 0x0000FF
-28.41 -27.06 -9.73 -27.86 -26.87 -7.68 0.365 0x0000FF
-29.87 -27.42 -11.32 -28.41 -27.06 -9.73 0.365 0x0000FF
-32.24 -27.6 -13.29 -29.87 -27.42 -11.32 0.365 0x0000FF
-35.53 -28.33 -15.48 -32.24 -27.6 -13.29 0.365 0x0000FF
-36.99 -29.06 -17.45 -35.53 -28.33 -15.48 0.365 0x0000FF
-40.27 -29.42 -19.27 -36.99 -29.06 -17.45 0.365 0x0000FF
-46.29 -27.78 -21.09 -40.27 -29.42 -19.27 0.365 0x0000FF
-49.94 -26.14 -24.27 -46.29 -27.78 -21.09 0.365 0x0000FF
-52.13 -25.05 -26.47 -49.94 -26.14 -24.27 0.365 0x0000FF
-53.41 -24.5 -28.74 -52.13 -25.05 -26.47 0.365 0x0000FF
-55.42 -23.59 -30.63 -53.41 -24.5 -28.74 0.365 0x0000FF
-56.87 -22.68 -32.53 -55.42 -23.59 -30.63 0.365 0x0000FF
-60.71 -20.86 -34.35 -56.87 -22.68 -32.53 0.365 0x0000FF
-64.9 -19.22 -35.33 -60.71 -20.86 -34.35 0.365 0x0000FF
-67.81 -18.67 -37.29 -64.9 -19.22 -35.33 0.365 0x0000FF
-18.23 -22.37 -1.85 -16.96 -25.1 -0.86 0.455 0x0000FF
-19.51 -20.36 -3.06 -18.23 -22.37 -1.85 0.455 0x0000FF
-20.23 -19.45 -4.73 -19.51 -20.36 -3.06 0.365 0x0000FF
-21.15 -17.98 -6.62 -20.23 -19.45 -4.73 0.365 0x0000FF
-22.98 -17.63 -11.54 -21.15 -17.98 -6.62 0.365 0x0000FF
-25.53 -16.53 -11.92 -22.98 -17.63 -11.54 0.365 0x0000FF
-30.28 -14.71 -14.12 -25.53 -16.53 -11.92 0.365 0x0000FF
-31.19 -13.8 -15.1 -30.28 -14.71 -14.12 0.365 0x0000FF
-32.06 -12.84 -16.17 -31.19 -13.8 -15.1 0.365 0x0000FF
-32.24 -11.39 -20.56 -32.06 -12.84 -16.17 0.365 0x0000FF
-32.24 -9.93 -21.62 -32.24 -11.39 -20.56 0.365 0x0000FF
-32.06 -9.38 -24.8 -32.24 -9.93 -21.62 0.365 0x0000FF
-31.88 -8.84 -26.69 -32.06 -9.38 -24.8 0.365 0x0000FF
-31.51 -8.11 -29.65 -31.88 -8.84 -26.69 0.365 0x0000FF
-30.97 -7.01 -32.15 -31.51 -8.11 -29.65 0.365 0x0000FF
-30.05 -5.56 -33.36 -30.97 -7.01 -32.15 0.365 0x0000FF
-29.87 -4.28 -36.01 -30.05 -5.56 -33.36 0.365 0x0000FF
-32.61 -1.37 -38.59 -29.87 -4.28 -36.01 0.365 0x0000FF
1.33 -18.86 20.27 10.34 -12.71 17.23 0.73 0x0000FF
0.23 -19.22 18.3 1.33 -18.86 20.27 0.73 0x0000FF
-1.77 -19.39 16.86 0.23 -19.22 18.3 0.73 0x0000FF
-14.18 -18.86 15.12 -1.77 -19.39 16.86 0.73 0x0000FF
-31.15 -23.41 14.67 -14.18 -18.86 15.12 0.73 0x0000FF
-40.27 -26.87 14.13 -31.15 -23.41 14.67 0.73 0x0000FF
-50.85 -33.79 14.67 -40.27 -26.87 14.13 0.73 0x0000FF
-54.83 -33.79 14.67 -50.85 -33.79 14.67 0.365 0x0000FF
-63.22 -36.9 15.2 -54.83 -33.79 14.67 0.365 0x0000FF
-71.62 -41.27 14.82 -63.22 -36.9 15.2 0.365 0x0000FF
-77.09 -42.36 14.82 -71.62 -41.27 14.82 0.365 0x0000FF
-80.92 -43.46 16.03 -77.09 -42.36 14.82 0.365 0x0000FF
-85.3 -43.82 16.48 -80.92 -43.46 16.03 0.365 0x0000FF
-87.85 -44.0 15.04 -85.3 -43.82 16.48 0.365 0x0000FF
-92.05 -44.37 13.38 -87.85 -44.0 15.04 0.365 0x0000FF
-96.25 -45.28 11.71 -92.05 -44.37 13.38 0.365 0x0000FF
-101.9 -46.01 9.51 -96.25 -45.28 11.71 0.365 0x0000FF
-104.09 -46.37 8.23 -101.9 -46.01 9.51 0.365 0x0000FF
-107.01 -47.1 5.35 -104.09 -46.37 8.23 0.365 0x0000FF
-116.86 -46.01 4.74 -107.01 -47.1 5.35 0.365 0x0000FF
-127.81 -42.0 2.54 -116.86 -46.01 4.74 0.365 0x0000FF
-140.58 -31.07 0.27 -127.81 -42.0 2.54 0.365 0x0000FF
-146.06 -23.42 -0.71 -140.58 -31.07 0.27 0.365 0x0000FF
-59.43 -39.81 16.48 -50.85 -33.79 14.67 0.73 0x0000FF
-68.19 -46.19 16.63 -59.43 -39.81 16.48 0.64 0x0000FF
-73.66 -51.11 17.09 -68.19 -46.19 16.63 0.64 0x0000FF
-75.67 -52.56 17.92 -73.66 -51.11 17.09 0.545 0x0000FF
-76.94 -52.93 18.0 -75.67 -52.56 17.92 0.545 0x0000FF
-80.05 -53.84 16.48 -76.94 -52.93 18.0 0.545 0x0000FF
-81.87 -54.93 15.27 -80.05 -53.84 16.48 0.545 0x0000FF
-84.61 -57.12 14.06 -81.87 -54.93 15.27 0.545 0x0000FF
-87.89 -58.58 12.7 -84.61 -57.12 14.06 0.545 0x0000FF
-94.1 -62.4 11.1 -87.89 -58.58 12.7 0.455 0x0000FF
-100.66 -66.59 9.82 -94.1 -62.4 11.1 0.455 0x0000FF
-105.04 -69.87 8.68 -100.66 -66.59 9.82 0.455 0x0000FF
-109.6 -72.06 6.18 -105.04 -69.87 8.68 0.365 0x0000FF
-114.71 -78.98 2.92 -109.6 -72.06 6.18 0.365 0x0000FF
-120.19 -83.36 1.86 -114.71 -78.98 2.92 0.365 0x0000FF
-126.02 -93.19 0.05 -120.19 -83.36 1.86 0.365 0x0000FF
-131.32 -100.85 -0.79 -126.02 -93.19 0.05 0.365 0x0000FF
-133.87 -105.04 -1.39 -131.32 -100.85 -0.79 0.365 0x0000FF
-135.29 -107.05 -1.47 -133.87 -105.04 -1.39 0.275 0x0000FF
-137.12 -107.77 -3.82 -135.29 -107.05 -1.47 0.275 0x0000FF
-138.76 -108.69 -5.26 -137.12 -107.77 -3.82 0.275 0x0000FF
-139.66 -109.41 -5.48 -138.76 -108.69 -5.26 0.275 0x0000FF
-140.4 -110.69 -7.91 -139.66 -109.41 -5.48 0.275 0x0000FF
-140.76 -111.97 -10.02 -140.4 -110.69 -7.91 0.275 0x0000FF
5.59 -6.28 30.57 10.34 -12.71 17.23 0.82 0x0000FF
2.49 -3.73 31.41 5.59 -6.28 30.57 0.82 0x0000FF
-1.15 -1.18 32.85 2.49 -3.73 31.41 0.82 0x0000FF
-2.62 -0.45 34.65 -1.15 -1.18 32.85 0.82 0x0000FF
-7.64 5.24 36.1 -2.62 -0.45 34.65 0.455 0x0000FF
-16.03 11.07 35.42 -7.64 5.24 36.1 0.455 0x0000FF
-22.42 17.44 38.15 -16.03 11.07 35.42 0.455 0x0000FF
-29.35 22.54 38.83 -22.42 17.44 38.15 0.455 0x0000FF
-33.18 28.74 40.95 -29.35 22.54 38.83 0.455 0x0000FF
-36.65 33.29 42.01 -33.18 28.74 40.95 0.455 0x0000FF
-40.47 36.39 44.74 -36.65 33.29 42.01 0.365 0x0000FF
-43.4 39.11 46.4 -40.47 36.39 44.74 0.365 0x0000FF
-45.4 42.04 48.15 -43.4 39.11 46.4 0.365 0x0000FF
-47.05 44.23 52.24 -45.4 42.04 48.15 0.365 0x0000FF
-49.42 45.5 54.43 -47.05 44.23 52.24 0.365 0x0000FF
-50.51 45.87 56.4 -49.42 45.5 54.43 0.365 0x0000FF
-56.53 47.69 58.52 -50.51 45.87 56.4 0.365 0x0000FF
-60.91 48.42 59.66 -56.53 47.69 58.52 0.365 0x0000FF
-65.84 48.6 61.4 -60.91 48.42 59.66 0.365 0x0000FF
-69.48 48.42 63.52 -65.84 48.6 61.4 0.365 0x0000FF
-75.87 48.96 67.08 -69.48 48.42 63.52 0.365 0x0000FF
-82.08 48.96 70.8 -75.87 48.96 67.08 0.365 0x0000FF
-89.19 51.51 73.45 -82.08 48.96 70.8 0.365 0x0000FF
-95.58 56.43 75.27 -89.19 51.51 73.45 0.365 0x0000FF
-5.72 0.28 35.34 -2.62 -0.45 34.65 0.73 0x0000FF
-13.2 -0.82 37.01 -5.72 0.28 35.34 0.73 0x0000FF
-23.96 -1.91 37.61 -13.2 -0.82 37.01 0.64 0x0000FF
-32.9 -4.09 38.36 -23.96 -1.91 37.61 0.64 0x0000FF
-47.86 -8.11 39.89 -32.9 -4.09 38.36 0.545 0x0000FF
-54.61 -11.2 39.97 -47.86 -8.11 39.89 0.545 0x0000FF
-61.0 -14.48 41.03 -54.61 -11.2 39.97 0.545 0x0000FF
-67.02 -17.76 41.86 -61.0 -14.48 41.03 0.545 0x0000FF
-74.68 -21.59 43.15 -67.02 -17.76 41.86 0.545 0x0000FF
-86.0 -27.97 44.81 -74.68 -21.59 43.15 0.455 0x0000FF
-91.11 -29.6 45.72 -86.0 -27.97 44.81 0.455 0x0000FF
-94.75 -30.52 46.78 -91.11 -29.6 45.72 0.455 0x0000FF
-111.72 -33.43 49.51 -94.75 -30.52 46.78 0.455 0x0000FF
-123.22 -35.07 50.65 -111.72 -33.43 49.51 0.365 0x0000FF
-126.68 -35.61 51.03 -123.22 -35.07 50.65 0.365 0x0000FF
-133.71 -37.4 53.6 -126.68 -35.61 51.03 0.365 0x0000FF
-139.19 -37.95 53.75 -133.71 -37.4 53.6 0.365 0x0000FF
-147.03 -38.67 55.49 -139.19 -37.95 53.75 0.365 0x0000FF
-155.24 -42.5 56.63 -147.03 -38.67 55.49 0.365 0x0000FF
14.74 -1.21 21.41 10.34 -12.71 17.23 2.555 0x0000FF
16.2 2.25 21.26 14.74 -1.21 21.41 2.555 0x0000FF
16.93 4.8 20.88 16.2 2.25 21.26 2.555 0x0000FF
17.12 5.89 21.18 16.93 4.8 20.88 2.555 0x0000FF
17.66 8.08 22.32 17.12 5.89 21.18 2.1 0x0000FF
18.94 11.18 22.62 17.66 8.08 22.32 2.1 0x0000FF
19.67 12.63 23.0 18.94 11.18 22.62 2.1 0x0000FF
20.22 14.64 22.85 19.67 12.63 23.0 1.735 0x0000FF
20.58 19.01 23.45 20.22 14.64 22.85 1.735 0x0000FF
20.76 19.73 24.36 20.58 19.01 23.45 1.735 0x0000FF
20.76 22.29 25.5 20.76 19.73 24.36 1.735 0x0000FF
20.76 23.75 26.41 20.76 22.29 25.5 1.64 0x0000FF
20.76 25.57 28.22 20.76 23.75 26.41 1.64 0x0000FF
20.39 27.57 29.36 20.76 25.57 28.22 1.64 0x0000FF
20.22 31.58 30.8 20.39 27.57 29.36 1.64 0x0000FF
18.39 39.04 33.0 20.22 31.58 30.8 1.64 0x0000FF
17.3 41.97 33.83 18.39 39.04 33.0 1.64 0x0000FF
16.02 44.7 34.81 17.3 41.97 33.83 1.55 0x0000FF
16.57 47.62 36.4 16.02 44.7 34.81 1.55 0x0000FF
18.03 50.9 35.57 16.57 47.62 36.4 1.55 0x0000FF
19.12 57.82 36.78 18.03 50.9 35.57 1.37 0x0000FF
19.48 63.65 37.39 19.12 57.82 36.78 1.37 0x0000FF
19.85 65.11 38.9 19.48 63.65 37.39 1.37 0x0000FF
20.76 70.94 40.19 19.85 65.11 38.9 1.37 0x0000FF
21.31 75.31 41.56 20.76 70.94 40.19 1.37 0x0000FF
21.13 79.31 42.16 21.31 75.31 41.56 1.37 0x0000FF
20.58 81.87 44.59 21.13 79.31 42.16 1.37 0x0000FF
20.58 84.78 47.24 20.58 81.87 44.59 1.37 0x0000FF
20.76 86.61 49.13 20.58 84.78 47.24 1.37 0x0000FF
19.67 89.16 50.72 20.76 86.61 49.13 1.37 0x0000FF
18.21 97.17 51.56 19.67 89.16 50.72 1.37 0x0000FF
18.76 103.37 52.54 18.21 97.17 51.56 1.37 0x0000FF
18.39 104.64 53.22 18.76 103.37 52.54 1.37 0x0000FF
16.0 113.74 54.66 18.39 104.64 53.22 1.37 0x0000FF
15.45 119.57 56.18 16.0 113.74 54.66 1.37 0x0000FF
15.45 121.39 57.62 15.45 119.57 56.18 1.37 0x0000FF
15.27 126.31 58.75 15.45 121.39 57.62 1.37 0x0000FF
15.81 128.31 60.8 15.27 126.31 58.75 1.37 0x0000FF
15.27 135.78 61.71 15.81 128.31 60.8 1.37 0x0000FF
15.63 142.71 62.84 15.27 135.78 61.71 1.275 0x0000FF
16.0 145.62 64.66 15.63 142.71 62.84 1.275 0x0000FF
15.81 150.36 65.64 16.0 145.62 64.66 1.275 0x0000FF
12.53 163.47 67.01 15.81 150.36 65.64 1.275 0x0000FF
11.07 176.23 68.14 12.53 163.47 67.01 1.275 0x0000FF
9.25 194.63 69.89 11.07 176.23 68.14 1.275 0x0000FF
8.86 199.78 69.89 9.25 194.63 69.89 1.275 0x0000FF
6.86 203.06 70.34 8.86 199.78 69.89 0.545 0x0000FF
6.13 205.79 70.95 6.86 203.06 70.34 0.545 0x0000FF
4.49 208.89 72.45 6.13 205.79 70.95 0.545 0x0000FF
2.11 212.71 73.75 4.49 208.89 72.45 0.545 0x0000FF
-0.8 221.82 74.43 2.11 212.71 73.75 0.545 0x0000FF
-7.19 230.02 75.64 -0.8 221.82 74.43 0.455 0x0000FF
-10.11 233.3 77.39 -7.19 230.02 75.64 0.455 0x0000FF
-12.48 234.76 77.16 -10.11 233.3 77.39 0.365 0x0000FF
-17.23 238.77 76.4 -12.48 234.76 77.16 0.365 0x0000FF
-21.97 242.59 75.04 -17.23 238.77 76.4 0.275 0x0000FF
7.86 208.0 70.87 8.86 199.78 69.89 1.275 0x0000FF
7.5 210.91 72.54 7.86 208.0 70.87 1.275 0x0000FF
7.5 213.65 73.59 7.5 210.91 72.54 1.275 0x0000FF
7.31 216.74 74.58 7.5 213.65 73.59 1.275 0x0000FF
7.13 219.3 75.56 7.31 216.74 74.58 1.275 0x0000FF
6.77 222.03 76.4 7.13 219.3 75.56 1.275 0x0000FF
6.04 227.13 78.3 6.77 222.03 76.4 1.185 0x0000FF
5.31 238.06 78.52 6.04 227.13 78.3 1.185 0x0000FF
5.49 242.98 76.02 5.31 238.06 78.52 1.095 0x0000FF
6.22 245.9 76.33 5.49 242.98 76.02 1.095 0x0000FF
7.5 253.91 77.31 6.22 245.9 76.33 1.005 0x0000FF
7.68 256.27 77.84 7.5 253.91 77.31 1.005 0x0000FF
8.23 258.1 76.33 7.68 256.27 77.84 1.005 0x0000FF
10.05 263.75 75.87 8.23 258.1 76.33 1.005 0x0000FF
11.69 268.31 74.13 10.05 263.75 75.87 1.005 0x0000FF
13.34 271.58 73.06 11.69 268.31 74.13 0.82 0x0000FF
14.06 273.95 72.01 13.34 271.58 73.06 0.82 0x0000FF
14.25 275.41 70.8 14.06 273.95 72.01 0.82 0x0000FF
14.43 276.32 69.95 14.25 275.41 70.8 0.82 0x0000FF
15.34 278.14 68.75 14.43 276.32 69.95 0.73 0x0000FF
17.17 278.51 65.95 15.34 278.14 68.75 0.73 0x0000FF
25.38 284.7 64.95 17.17 278.51 65.95 0.64 0x0000FF
26.11 286.33 64.58 25.38 284.7 64.95 0.64 0x0000FF
28.67 290.92 62.99 26.11 286.33 64.58 0.545 0x0000FF
29.76 293.48 61.78 28.67 290.92 62.99 0.545 0x0000FF
30.86 296.2 61.02 29.76 293.48 61.78 0.545 0x0000FF
31.41 297.67 59.74 30.86 296.2 61.02 0.545 0x0000FF
31.59 298.02 61.86 31.41 297.67 59.74 0.545 0x0000FF
31.95 299.49 63.83 31.59 298.02 61.86 0.545 0x0000FF
32.68 300.39 64.58 31.95 299.49 63.83 0.545 0x0000FF
33.96 302.22 66.18 32.68 300.39 64.58 0.545 0x0000FF
34.69 303.31 67.69 33.96 302.22 66.18 0.545 0x0000FF
36.7 305.5 69.95 34.69 303.31 67.69 0.545 0x0000FF
39.25 308.05 71.17 36.7 305.5 69.95 0.545 0x0000FF
41.62 310.24 71.33 39.25 308.05 71.17 0.545 0x0000FF
43.63 312.61 70.42 41.62 310.24 71.33 0.455 0x0000FF
45.46 314.43 68.98 43.63 312.61 70.42 0.455 0x0000FF
46.73 317.16 67.84 45.46 314.43 68.98 0.455 0x0000FF
47.1 319.35 67.45 46.73 317.16 67.84 0.455 0x0000FF
47.28 322.81 66.4 47.1 319.35 67.45 0.455 0x0000FF
20.39 51.62 34.36 18.03 50.9 35.57 0.64 0x0000FF
22.95 53.26 33.9 20.39 51.62 34.36 0.545 0x0000FF
25.33 53.99 33.53 22.95 53.26 33.9 0.545 0x0000FF
26.24 54.72 35.27 25.33 53.99 33.53 0.275 0x0000FF
29.7 53.26 35.57 26.24 54.72 35.27 0.275 0x0000FF
33.54 51.26 36.18 29.7 53.26 35.57 0.275 0x0000FF
36.82 50.17 37.92 33.54 51.26 36.18 0.275 0x0000FF
41.56 50.35 39.06 36.82 50.17 37.92 0.275 0x0000FF
45.76 50.71 40.34 41.56 50.35 39.06 0.275 0x0000FF
49.23 51.44 42.39 45.76 50.71 40.34 0.275 0x0000FF
55.43 53.45 43.9 49.23 51.44 42.39 0.275 0x0000FF
60.9 54.72 45.04 55.43 53.45 43.9 0.275 0x0000FF
66.73 54.72 45.95 60.9 54.72 45.04 0.275 0x0000FF
69.84 53.99 46.71 66.73 54.72 45.95 0.275 0x0000FF
74.59 51.99 48.0 69.84 53.99 46.71 0.275 0x0000FF
78.23 50.35 49.06 74.59 51.99 48.0 0.275 0x0000FF
29.52 56.36 34.28 25.33 53.99 33.53 0.455 0x0000FF
31.89 57.27 35.04 29.52 56.36 34.28 0.455 0x0000FF
34.27 58.18 35.57 31.89 57.27 35.04 0.455 0x0000FF
36.46 58.73 36.71 34.27 58.18 35.57 0.455 0x0000FF
42.29 61.65 37.84 36.46 58.73 36.71 0.365 0x0000FF
47.22 67.48 39.21 42.29 61.65 37.84 0.275 0x0000FF
50.5 71.12 40.19 47.22 67.48 39.21 0.275 0x0000FF
52.69 72.94 40.27 50.5 71.12 40.19 0.275 0x0000FF
62.55 84.42 40.72 52.69 72.94 40.27 0.275 0x0000FF
21.49 13.18 23.07 19.67 12.63 23.0 0.82 0x0000FF
23.14 15.18 24.21 21.49 13.18 23.07 0.82 0x0000FF
24.41 15.73 23.53 23.14 15.18 24.21 0.82 0x0000FF
25.87 16.46 22.32 24.41 15.73 23.53 0.82 0x0000FF
28.79 16.82 20.42 25.87 16.46 22.32 0.82 0x0000FF
29.89 17.01 19.29 28.79 16.82 20.42 0.82 0x0000FF
32.08 17.01 17.16 29.89 17.01 19.29 0.73 0x0000FF
32.08 17.01 15.73 32.08 17.01 17.16 0.73 0x0000FF
32.81 17.19 14.97 32.08 17.01 15.73 0.73 0x0000FF
35.0 18.64 15.2 32.81 17.19 14.97 0.455 0x0000FF
35.72 19.92 15.5 35.0 18.64 15.2 0.455 0x0000FF
35.9 21.2 13.53 35.72 19.92 15.5 0.455 0x0000FF
35.54 22.65 12.09 35.9 21.2 13.53 0.455 0x0000FF
35.54 24.11 10.11 35.54 22.65 12.09 0.455 0x0000FF
35.72 25.39 9.74 35.54 24.11 10.11 0.365 0x0000FF
35.72 25.57 7.7 35.72 25.39 9.74 0.365 0x0000FF
35.9 27.76 6.71 35.72 25.57 7.7 0.365 0x0000FF
35.9 28.49 5.73 35.9 27.76 6.71 0.365 0x0000FF
35.9 29.76 5.12 35.9 28.49 5.73 0.365 0x0000FF
35.72 31.04 4.13 35.9 29.76 5.12 0.365 0x0000FF
35.9 32.68 2.92 35.72 31.04 4.13 0.365 0x0000FF
36.82 33.95 0.2 35.9 32.68 2.92 0.365 0x0000FF
40.1 34.68 -0.56 36.82 33.95 0.2 0.365 0x0000FF
40.65 37.22 -1.55 40.1 34.68 -0.56 0.365 0x0000FF
41.56 39.24 -2.08 40.65 37.22 -1.55 0.365 0x0000FF
43.02 40.33 -2.23 41.56 39.24 -2.08 0.365 0x0000FF
39.92 14.64 13.76 32.81 17.19 14.97 0.545 0x0000FF
44.3 13.54 13.6 39.92 14.64 13.76 0.545 0x0000FF
50.69 11.36 12.62 44.3 13.54 13.6 0.455 0x0000FF
59.26 7.9 12.17 50.69 11.36 12.62 0.455 0x0000FF
62.36 6.62 13.83 59.26 7.9 12.17 0.455 0x0000FF
68.2 5.35 15.12 62.36 6.62 13.83 0.365 0x0000FF
70.56 3.52 17.62 68.2 5.35 15.12 0.275 0x0000FF
76.23 5.35 17.47 70.56 3.52 17.62 0.275 0x0000FF
76.95 7.17 16.1 76.23 5.35 17.47 0.275 0x0000FF
78.05 8.99 15.57 76.95 7.17 16.1 0.275 0x0000FF
78.23 9.72 15.2 78.05 8.99 15.57 0.275 0x0000FF
78.59 10.81 17.85 78.23 9.72 15.2 0.275 0x0000FF
79.15 12.45 20.19 78.59 10.81 17.85 0.275 0x0000FF
79.33 13.54 21.26 79.15 12.45 20.19 0.275 0x0000FF
79.33 14.46 23.22 79.33 13.54 21.26 0.275 0x0000FF
79.51 15.55 25.88 79.33 14.46 23.22 0.275 0x0000FF
80.97 24.29 28.91 79.51 15.55 25.88 0.275 0x0000FF
81.34 28.49 29.74 80.97 24.29 28.91 0.275 0x0000FF
82.25 31.95 29.82 81.34 28.49 29.74 0.275 0x0000FF
82.07 0.43 18.3 70.56 3.52 17.62 0.275 0x0000FF
97.39 -3.22 18.6 82.07 0.43 18.3 0.275 0x0000FF
117.28 -10.51 19.29 97.39 -3.22 18.6 0.275 0x0000FF
122.94 -13.6 19.44 117.28 -10.51 19.29 0.275 0x0000FF
