-2.25 -10.01 -8.44 -11.78 -7.62 -7.45 0.64 0x0000FF
1.39 -11.65 -7.76 -2.25 -10.01 -8.44 0.64 0x0000FF
6.13 -12.2 -7.53 1.39 -11.65 -7.76 0.64 0x0000FF
8.86 -12.75 -7.0 6.13 -12.2 -7.53 0.64 0x0000FF
12.16 -14.02 -6.62 8.86 -12.75 -7.0 0.64 0x0000FF
19.64 -16.39 -6.54 12.16 -14.02 -6.62 0.64 0x0000FF
22.01 -17.3 -7.3 19.64 -16.39 -6.54 0.64 0x0000FF
23.1 -17.3 -8.74 22.01 -17.3 -7.3 0.64 0x0000FF
25.66 -17.3 -10.02 23.1 -17.3 -8.74 0.64 0x0000FF
28.58 -16.57 -10.41 25.66 -17.3 -10.02 0.64 0x0000FF
39.34 -18.39 -11.39 28.58 -16.57 -10.41 0.545 0x0000FF
45.73 -19.12 -11.77 39.34 -18.39 -11.39 0.545 0x0000FF
46.82 -19.12 -11.85 45.73 -19.12 -11.77 0.545 0x0000FF
51.2 -19.85 -11.77 46.82 -19.12 -11.85 0.73 0x0000FF
55.58 -20.76 -11.47 51.2 -19.85 -11.77 0.73 0x0000FF
56.67 -21.31 -11.24 55.58 -20.76 -11.47 0.64 0x0000FF
58.86 -22.22 -11.09 56.67 -21.31 -11.24 0.64 0x0000FF
61.6 -24.77 -11.7 58.86 -22.22 -11.09 0.365 0x0000FF
62.51 -25.68 -11.17 61.6 -24.77 -11.7 0.365 0x0000FF
63.06 -26.78 -10.02 62.51 -25.68 -11.17 0.365 0x0000FF
63.42 -27.5 -8.89 63.06 -26.78 -10.02 0.365 0x0000FF
63.42 -28.23 -8.06 63.42 -27.5 -8.89 0.365 0x0000FF
64.34 -29.51 -6.7 63.42 -28.23 -8.06 0.365 0x0000FF
65.61 -30.78 -5.26 64.34 -29.51 -6.7 0.365 0x0000FF
68.17 -32.06 -4.34 65.61 -30.78 -5.26 0.365 0x0000FF
69.63 -32.79 -3.51 68.17 -32.06 -4.34 0.365 0x0000FF
70.36 -33.15 -2.68 69.63 -32.79 -3.51 0.365 0x0000FF
70.72 -33.34 -1.77 70.36 -33.15 -2.68 0.365 0x0000FF
72.0 -34.61 -0.56 70.72 -33.34 -1.77 0.365 0x0000FF
73.45 -36.43 0.12 72.0 -34.61 -0.56 0.275 0x0000FF
74.73 -37.53 0.27 73.45 -36.43 0.12 0.275 0x0000FF
77.66 -38.79 0.57 74.73 -37.53 0.27 0.275 0x0000FF
65.61 -23.31 -11.54 58.86 -22.22 -11.09 0.455 0x0000FF
74.55 -26.05 -11.92 65.61 -23.31 -11.54 0.365 0x0000FF
79.48 -27.5 -12.07 74.55 -26.05 -11.92 0.365 0x0000FF
87.14 -27.5 -12.23 79.48 -27.5 -12.07 0.365 0x0000FF
91.34 -27.14 -12.6 87.14 -27.5 -12.23 0.365 0x0000FF
95.35 -27.14 -13.06 91.34 -27.14 -12.6 0.365 0x0000FF
101.56 -27.5 -13.74 95.35 -27.14 -13.06 0.365 0x0000FF
105.39 -27.14 -14.35 101.56 -27.5 -13.74 0.365 0x0000FF
108.86 -27.14 -15.18 105.39 -27.14 -14.35 0.365 0x0000FF
112.14 -27.14 -16.09 108.86 -27.14 -15.18 0.365 0x0000FF
113.42 -27.32 -17.45 112.14 -27.14 -16.09 0.365 0x0000FF
117.61 -28.05 -18.73 113.42 -27.32 -17.45 0.365 0x0000FF
117.98 -28.05 -19.2 117.61 -28.05 -18.73 0.365 0x0000FF
119.8 -28.42 -20.03 117.98 -28.05 -19.2 0.365 0x0000FF
122.54 -29.14 -21.32 119.8 -28.42 -20.03 0.365 0x0000FF
126.19 -30.24 -23.51 122.54 -29.14 -21.32 0.365 0x0000FF
130.75 -31.88 -26.39 126.19 -30.24 -23.51 0.365 0x0000FF
138.05 -34.25 -29.12 130.75 -31.88 -26.39 0.365 0x0000FF
142.06 -34.79 -30.86 138.05 -34.25 -29.12 0.275 0x0000FF
53.21 -24.41 -11.92 46.82 -19.12 -11.85 0.455 0x0000FF
59.05 -27.5 -12.45 53.21 -24.41 -11.92 0.365 0x0000FF
60.51 -29.69 -12.68 59.05 -27.5 -12.45 0.365 0x0000FF
63.24 -32.97 -12.98 60.51 -29.69 -12.68 0.275 0x0000FF
66.34 -36.43 -13.21 63.24 -32.97 -12.98 0.275 0x0000FF
72.73 -39.17 -13.44 66.34 -36.43 -13.21 0.275 0x0000FF
86.05 -43.9 -13.44 72.73 -39.17 -13.44 0.18 0x0000FF
-0.8 -2.54 -1.17 -11.78 -7.62 -7.45 1.37 0x0000FF
2.67 -2.0 -0.41 -0.8 -2.54 -1.17 1.37 0x0000FF
5.22 -1.63 0.5 2.67 -2.0 -0.41 1.37 0x0000FF
5.4 -1.45 2.7 5.22 -1.63 0.5 1.37 0x0000FF
5.4 -1.45 1.56 5.4 -1.45 2.7 1.37 0x0000FF
6.13 -1.45 0.12 5.4 -1.45 1.56 1.37 0x0000FF
6.32 -1.45 -1.77 6.13 -1.45 0.12 1.37 0x0000FF
7.59 -1.45 -2.45 6.32 -1.45 -1.77 1.37 0x0000FF
7.59 -1.45 -0.79 7.59 -1.45 -2.45 1.37 0x0000FF
11.61 -1.81 1.11 7.59 -1.45 -0.79 1.275 0x0000FF
13.07 -1.81 1.48 11.61 -1.81 1.11 1.275 0x0000FF
16.86 0.34 1.86 13.07 -1.81 1.48 0.545 0x0000FF
23.43 2.52 2.0 16.86 0.34 1.86 0.545 0x0000FF
30.73 7.99 2.62 23.43 2.52 2.0 0.545 0x0000FF
34.01 10.54 2.62 30.73 7.99 2.62 0.545 0x0000FF
35.84 11.81 1.64 34.01 10.54 2.62 0.545 0x0000FF
37.11 12.36 3.23 35.84 11.81 1.64 0.545 0x0000FF
38.39 12.91 4.05 37.11 12.36 3.23 0.545 0x0000FF
39.67 13.27 4.36 38.39 12.91 4.05 0.545 0x0000FF
45.69 16.19 5.58 39.67 13.27 4.36 0.545 0x0000FF
48.79 19.28 6.26 45.69 16.19 5.58 0.545 0x0000FF
56.63 24.75 6.64 48.79 19.28 6.26 0.455 0x0000FF
62.66 29.49 7.24 56.63 24.75 6.64 0.455 0x0000FF
67.4 33.5 7.92 62.66 29.49 7.24 0.365 0x0000FF
71.05 38.42 8.38 67.4 33.5 7.92 0.275 0x0000FF
16.72 -2.73 1.94 13.07 -1.81 1.48 1.095 0x0000FF
17.77 -4.22 0.12 16.72 -2.73 1.94 0.455 0x0000FF
18.68 -4.95 -1.24 17.77 -4.22 0.12 0.455 0x0000FF
20.14 -6.41 -1.24 18.68 -4.95 -1.24 0.455 0x0000FF
24.16 -9.14 0.8 20.14 -6.41 -1.24 0.455 0x0000FF
24.89 -11.32 1.86 24.16 -9.14 0.8 0.455 0x0000FF
25.25 -12.96 2.47 24.89 -11.32 1.86 0.455 0x0000FF
25.25 -15.52 2.47 25.25 -12.96 2.47 0.455 0x0000FF
25.07 -19.89 1.56 25.25 -15.52 2.47 0.455 0x0000FF
26.53 -21.71 2.92 25.07 -19.89 1.56 0.455 0x0000FF
28.17 -23.9 3.45 26.53 -21.71 2.92 0.455 0x0000FF
29.45 -25.54 4.44 28.17 -23.9 3.45 0.455 0x0000FF
31.64 -27.9 5.27 29.45 -25.54 4.44 0.365 0x0000FF
32.19 -30.09 5.58 31.64 -27.9 5.27 0.365 0x0000FF
19.64 -2.0 2.47 16.72 -2.73 1.94 0.73 0x0000FF
19.82 -2.0 3.23 19.64 -2.0 2.47 0.73 0x0000FF
20.55 -1.81 0.73 19.82 -2.0 3.23 0.73 0x0000FF
22.01 -1.45 -0.48 20.55 -1.81 0.73 0.73 0x0000FF
23.28 -1.27 -1.85 22.01 -1.45 -0.48 0.73 0x0000FF
24.38 -0.9 -3.51 23.28 -1.27 -1.85 0.73 0x0000FF
25.47 -0.54 -4.58 24.38 -0.9 -3.51 0.64 0x0000FF
26.02 -0.54 -6.39 25.47 -0.54 -4.58 0.64 0x0000FF
27.48 -0.54 -6.92 26.02 -0.54 -6.39 0.64 0x0000FF
29.31 -1.09 -9.11 27.48 -0.54 -6.92 0.545 0x0000FF
32.77 -0.36 -12.0 29.31 -1.09 -9.11 0.365 0x0000FF
37.15 1.28 -11.09 32.77 -0.36 -12.0 0.365 0x0000FF
38.61 2.38 -12.6 37.15 1.28 -11.09 0.365 0x0000FF
40.79 4.38 -14.8 38.61 2.38 -12.6 0.365 0x0000FF
41.35 5.47 -15.63 40.79 4.38 -14.8 0.365 0x0000FF
48.06 9.63 -16.7 41.35 5.47 -15.63 0.365 0x0000FF
56.09 11.09 -17.3 48.06 9.63 -16.7 0.365 0x0000FF
67.03 8.35 -18.29 56.09 11.09 -17.3 0.365 0x0000FF
74.88 3.98 -19.73 67.03 8.35 -18.29 0.365 0x0000FF
78.53 1.61 -21.16 74.88 3.98 -19.73 0.365 0x0000FF
83.27 -1.49 -22.98 78.53 1.61 -21.16 0.365 0x0000FF
87.1 -4.22 -24.5 83.27 -1.49 -22.98 0.365 0x0000FF
93.31 -6.41 -25.56 87.1 -4.22 -24.5 0.365 0x0000FF
99.69 -7.32 -26.92 93.31 -6.41 -25.56 0.365 0x0000FF
106.81 -7.32 -28.59 99.69 -7.32 -26.92 0.365 0x0000FF
115.2 -6.59 -30.41 106.81 -7.32 -28.59 0.365 0x0000FF
122.5 -6.59 -32.15 115.2 -6.59 -30.41 0.365 0x0000FF
126.33 -7.13 -33.59 122.5 -6.59 -32.15 0.365 0x0000FF
132.9 -9.5 -34.88 126.33 -7.13 -33.59 0.365 0x0000FF
138.19 -10.96 -35.18 132.9 -9.5 -34.88 0.365 0x0000FF
32.59 -2.36 -9.8 29.31 -1.09 -9.11 0.365 0x0000FF
35.33 -3.09 -10.02 32.59 -2.36 -9.8 0.365 0x0000FF
36.79 -3.09 -11.47 35.33 -3.09 -10.02 0.365 0x0000FF
38.25 -2.91 -13.29 36.79 -3.09 -11.47 0.365 0x0000FF
38.97 -2.91 -14.2 38.25 -2.91 -13.29 0.365 0x0000FF
44.63 -3.27 -15.56 38.97 -2.91 -14.2 0.365 0x0000FF
45.73 -3.82 -16.01 44.63 -3.27 -15.56 0.365 0x0000FF
46.46 -4.37 -17.0 45.73 -3.82 -16.01 0.365 0x0000FF
47.19 -4.91 -18.66 46.46 -4.37 -17.0 0.365 0x0000FF
51.02 -7.28 -19.88 47.19 -4.91 -18.66 0.365 0x0000FF
52.66 -9.83 -18.66 51.02 -7.28 -19.88 0.365 0x0000FF
53.21 -10.56 -18.97 52.66 -9.83 -18.66 0.365 0x0000FF
53.94 -12.75 -20.48 53.21 -10.56 -18.97 0.365 0x0000FF
55.4 -15.84 -21.69 53.94 -12.75 -20.48 0.365 0x0000FF
58.86 -18.94 -23.97 55.4 -15.84 -21.69 0.365 0x0000FF
60.32 -19.67 -25.71 58.86 -18.94 -23.97 0.365 0x0000FF
61.05 -20.39 -26.77 60.32 -19.67 -25.71 0.365 0x0000FF
61.96 -22.04 -28.82 61.05 -20.39 -26.77 0.365 0x0000FF
62.69 -24.77 -30.71 61.96 -22.04 -28.82 0.365 0x0000FF
62.69 -26.05 -32.22 62.69 -24.77 -30.71 0.365 0x0000FF
63.42 -30.78 -34.04 62.69 -26.05 -32.22 0.365 0x0000FF
67.44 -35.7 -35.1 63.42 -30.78 -34.04 0.365 0x0000FF
72.55 -39.71 -36.84 67.44 -35.7 -35.1 0.365 0x0000FF
80.58 -45.0 -38.21 72.55 -39.71 -36.84 0.365 0x0000FF
86.05 -48.09 -40.25 80.58 -45.0 -38.21 0.365 0x0000FF
89.15 -49.19 -41.62 86.05 -48.09 -40.25 0.365 0x0000FF
92.43 -50.1 -42.75 89.15 -49.19 -41.62 0.365 0x0000FF
94.81 -51.74 -44.34 92.43 -50.1 -42.75 0.365 0x0000FF
95.9 -52.1 -46.24 94.81 -51.74 -44.34 0.365 0x0000FF
97.73 -52.83 -48.51 95.9 -52.1 -46.24 0.275 0x0000FF
51.02 -4.91 -19.64 47.19 -4.91 -18.66 0.365 0x0000FF
52.48 -5.46 -21.09 51.02 -4.91 -19.64 0.365 0x0000FF
53.75 -5.64 -23.44 52.48 -5.46 -21.09 0.365 0x0000FF
56.13 -6.19 -24.42 53.75 -5.64 -23.44 0.365 0x0000FF
58.13 -6.19 -26.32 56.13 -6.19 -24.42 0.365 0x0000FF
59.96 -6.37 -27.91 58.13 -6.19 -26.32 0.365 0x0000FF
61.96 -6.37 -29.57 59.96 -6.37 -27.91 0.365 0x0000FF
64.34 -6.92 -30.94 61.96 -6.37 -29.57 0.365 0x0000FF
66.7 -8.74 -32.15 64.34 -6.92 -30.94 0.365 0x0000FF
68.9 -10.19 -34.65 66.7 -8.74 -32.15 0.365 0x0000FF
71.09 -11.29 -35.25 68.9 -10.19 -34.65 0.365 0x0000FF
72.91 -12.93 -37.0 71.09 -11.29 -35.25 0.365 0x0000FF
73.28 -13.84 -37.75 72.91 -12.93 -37.0 0.365 0x0000FF
73.45 -14.39 -39.65 73.28 -13.84 -37.75 0.365 0x0000FF
74.55 -16.03 -41.77 73.45 -14.39 -39.65 0.365 0x0000FF
75.47 -16.94 -43.13 74.55 -16.03 -41.77 0.365 0x0000FF
82.58 -20.39 -44.19 75.47 -16.94 -43.13 0.275 0x0000FF
-16.78 -14.19 -3.74 -11.78 -7.62 -7.45 1.37 0x0000FF
-19.7 -16.01 -4.12 -16.78 -14.19 -3.74 1.37 0x0000FF
-21.89 -17.84 -4.34 -19.7 -16.01 -4.12 1.37 0x0000FF
-22.26 -18.02 -4.34 -21.89 -17.84 -4.34 1.37 0x0000FF
-23.64 -19.46 -2.15 -22.26 -18.02 -4.34 1.185 0x0000FF
-23.09 -22.37 -2.29 -23.64 -19.46 -2.15 0.545 0x0000FF
-23.09 -24.74 -2.52 -23.09 -22.37 -2.29 0.545 0x0000FF
-22.18 -28.75 -2.68 -23.09 -24.74 -2.52 0.545 0x0000FF
-20.9 -33.31 -1.39 -22.18 -28.75 -2.68 0.545 0x0000FF
-19.44 -36.22 -0.79 -20.9 -33.31 -1.39 0.545 0x0000FF
-18.89 -37.5 -0.03 -19.44 -36.22 -0.79 0.545 0x0000FF
-17.62 -40.4 -1.62 -18.89 -37.5 -0.03 0.545 0x0000FF
-16.89 -44.42 -0.26 -17.62 -40.4 -1.62 0.455 0x0000FF
-16.71 -46.24 0.35 -16.89 -44.42 -0.26 0.455 0x0000FF
-17.07 -48.06 -1.02 -16.71 -46.24 0.35 0.455 0x0000FF
-17.25 -50.8 -1.7 -17.07 -48.06 -1.02 0.365 0x0000FF
-17.62 -54.81 -2.23 -17.25 -50.8 -1.7 0.365 0x0000FF
-18.53 -57.17 -3.14 -17.62 -54.81 -2.23 0.365 0x0000FF
-19.44 -59.18 -4.05 -18.53 -57.17 -3.14 0.365 0x0000FF
-20.54 -62.28 -5.18 -19.44 -59.18 -4.05 0.365 0x0000FF
-21.63 -65.73 -6.24 -20.54 -62.28 -5.18 0.365 0x0000FF
-22.73 -69.75 -7.23 -21.63 -65.73 -6.24 0.365 0x0000FF
-22.91 -72.48 -8.14 -22.73 -69.75 -7.23 0.365 0x0000FF
-22.91 -74.12 -9.73 -22.91 -72.48 -8.14 0.365 0x0000FF
-22.18 -75.76 -9.8 -22.91 -74.12 -9.73 0.365 0x0000FF
-19.62 -78.31 -10.94 -22.18 -75.76 -9.8 0.365 0x0000FF
-17.62 -79.59 -12.38 -19.62 -78.31 -10.94 0.365 0x0000FF
-13.97 -82.5 -13.44 -17.62 -79.59 -12.38 0.365 0x0000FF
-9.22 -85.05 -14.35 -13.97 -82.5 -13.44 0.365 0x0000FF
-7.58 -85.05 -15.1 -9.22 -85.05 -14.35 0.365 0x0000FF
-15.43 -44.79 -1.39 -17.62 -40.4 -1.62 0.455 0x0000FF
-15.06 -47.52 -0.64 -15.43 -44.79 -1.39 0.455 0x0000FF
-15.06 -49.52 0.05 -15.06 -47.52 -0.64 0.455 0x0000FF
-14.33 -52.98 1.03 -15.06 -49.52 0.05 0.455 0x0000FF
-13.42 -55.9 1.94 -14.33 -52.98 1.03 0.455 0x0000FF
-12.87 -57.72 2.62 -13.42 -55.9 1.94 0.455 0x0000FF
-11.6 -60.09 4.13 -12.87 -57.72 2.62 0.365 0x0000FF
-10.87 -62.64 4.44 -11.6 -60.09 4.13 0.365 0x0000FF
-9.77 -66.47 4.97 -10.87 -62.64 4.44 0.365 0x0000FF
-8.68 -69.2 5.73 -9.77 -66.47 4.97 0.365 0x0000FF
-6.67 -72.66 6.26 -8.68 -69.2 5.73 0.365 0x0000FF
-4.84 -74.84 7.09 -6.67 -72.66 6.26 0.365 0x0000FF
-1.93 -77.58 7.7 -4.84 -74.84 7.09 0.365 0x0000FF
-0.65 -78.31 8.52 -1.93 -77.58 7.7 0.365 0x0000FF
1.9 -81.77 9.97 -0.65 -78.31 8.52 0.365 0x0000FF
4.09 -85.6 10.73 1.9 -81.77 9.97 0.365 0x0000FF
5.01 -91.06 12.17 4.09 -85.6 10.73 0.365 0x0000FF
4.63 -94.16 12.54 5.01 -91.06 12.17 0.365 0x0000FF
-26.56 -21.1 -1.92 -23.64 -19.46 -2.15 0.82 0x0000FF
-29.11 -21.83 -0.64 -26.56 -21.1 -1.92 0.545 0x0000FF
-29.48 -22.19 0.27 -29.11 -21.83 -0.64 0.545 0x0000FF
-31.67 -22.56 1.79 -29.48 -22.19 0.27 0.545 0x0000FF
-33.13 -22.74 2.7 -31.67 -22.56 1.79 0.545 0x0000FF
-35.5 -23.29 3.68 -33.13 -22.74 2.7 0.545 0x0000FF
-36.4 -23.47 4.36 -35.5 -23.29 3.68 0.545 0x0000FF
-39.15 -24.01 5.27 -36.4 -23.47 4.36 0.545 0x0000FF
-41.34 -24.93 6.03 -39.15 -24.01 5.27 0.545 0x0000FF
-43.16 -25.84 7.09 -41.34 -24.93 6.03 0.545 0x0000FF
-44.44 -26.02 7.24 -43.16 -25.84 7.09 0.545 0x0000FF
-48.09 -26.2 8.15 -44.44 -26.02 7.24 0.545 0x0000FF
-50.09 -25.84 9.21 -48.09 -26.2 8.15 0.545 0x0000FF
-52.1 -25.65 10.03 -50.09 -25.84 9.21 0.545 0x0000FF
-52.65 -26.57 11.56 -52.1 -25.65 10.03 0.545 0x0000FF
-53.2 -27.48 12.7 -52.65 -26.57 11.56 0.545 0x0000FF
-53.56 -28.39 13.23 -53.2 -27.48 12.7 0.545 0x0000FF
-54.29 -29.3 14.06 -53.56 -28.39 13.23 0.545 0x0000FF
-55.2 -30.03 14.67 -54.29 -29.3 14.06 0.545 0x0000FF
-55.93 -30.39 15.73 -55.2 -30.03 14.67 0.545 0x0000FF
-56.66 -30.76 16.03 -55.93 -30.39 15.73 0.545 0x0000FF
-57.21 -31.3 17.01 -56.66 -30.76 16.03 0.545 0x0000FF
-58.49 -31.85 18.07 -57.21 -31.3 17.01 0.545 0x0000FF
-59.95 -33.11 18.98 -58.49 -31.85 18.07 0.545 0x0000FF
-60.68 -33.85 20.27 -59.95 -33.11 18.98 0.545 0x0000FF
-61.04 -34.4 21.63 -60.68 -33.85 20.27 0.545 0x0000FF
-63.6 -36.4 22.39 -61.04 -34.4 21.63 0.455 0x0000FF
-65.59 -37.68 23.3 -63.6 -36.4 22.39 0.455 0x0000FF
-67.23 -38.4 24.36 -65.59 -37.68 23.3 0.455 0x0000FF
-68.52 -39.14 25.42 -67.23 -38.4 24.36 0.455 0x0000FF
-70.53 -40.22 26.63 -68.52 -39.14 25.42 0.455 0x0000FF
-72.9 -40.22 27.69 -70.53 -40.22 26.63 0.365 0x0000FF
-75.81 -39.5 28.53 -72.9 -40.22 27.69 0.365 0x0000FF
-28.2 -23.65 -1.39 -26.56 -21.1 -1.92 0.64 0x0000FF
-28.75 -24.2 -0.56 -28.2 -23.65 -1.39 0.64 0x0000FF
-30.94 -26.02 0.65 -28.75 -24.2 -0.56 0.64 0x0000FF
-31.85 -26.93 1.33 -30.94 -26.02 0.65 0.64 0x0000FF
-34.59 -29.85 2.47 -31.85 -26.93 1.33 0.64 0x0000FF
-36.78 -32.94 3.15 -34.59 -29.85 2.47 0.545 0x0000FF
-38.22 -34.76 3.38 -36.78 -32.94 3.15 0.545 0x0000FF
-39.33 -36.4 4.05 -38.22 -34.76 3.38 0.455 0x0000FF
-40.06 -37.86 4.82 -39.33 -36.4 4.05 0.455 0x0000FF
-40.06 -38.59 5.12 -40.06 -37.86 4.82 0.455 0x0000FF
-40.42 -40.04 5.58 -40.06 -38.59 5.12 0.455 0x0000FF
-41.15 -40.78 5.95 -40.42 -40.04 5.58 0.455 0x0000FF
-42.43 -41.51 6.86 -41.15 -40.78 5.95 0.455 0x0000FF
-43.16 -41.69 8.0 -42.43 -41.51 6.86 0.455 0x0000FF
-44.8 -42.23 8.76 -43.16 -41.69 8.0 0.455 0x0000FF
-23.72 -18.93 -4.5 -22.26 -18.02 -4.34 0.73 0x0000FF
-26.27 -19.66 -5.11 -23.72 -18.93 -4.5 0.73 0x0000FF
-27.73 -20.02 -5.79 -26.27 -19.66 -5.11 0.73 0x0000FF
-30.47 -20.57 -4.5 -27.73 -20.02 -5.79 0.73 0x0000FF
-35.57 -20.93 -3.14 -30.47 -20.57 -4.5 0.73 0x0000FF
-38.13 -20.39 -2.0 -35.57 -20.93 -3.14 0.64 0x0000FF
-40.68 -20.02 -1.47 -38.13 -20.39 -2.0 0.64 0x0000FF
-42.33 -19.11 1.41 -40.68 -20.02 -1.47 0.365 0x0000FF
-43.6 -18.38 1.71 -42.33 -19.11 1.41 0.455 0x0000FF
-44.7 -17.84 1.26 -43.6 -18.38 1.71 0.455 0x0000FF
-47.07 -17.47 0.2 -44.7 -17.84 1.26 0.455 0x0000FF
-49.08 -17.29 -0.11 -47.07 -17.47 0.2 0.455 0x0000FF
-51.45 -16.73 -1.02 -49.08 -17.29 -0.11 0.455 0x0000FF
-54.73 -16.38 -2.61 -51.45 -16.73 -1.02 0.455 0x0000FF
-58.93 -16.38 -3.97 -54.73 -16.38 -2.61 0.455 0x0000FF
-64.22 -16.2 -5.48 -58.93 -16.38 -3.97 0.455 0x0000FF
-68.78 -16.2 -7.08 -64.22 -16.2 -5.48 0.455 0x0000FF
-75.9 -15.47 -8.59 -68.78 -16.2 -7.08 0.455 0x0000FF
-79.36 -16.2 -9.42 -75.9 -15.47 -8.59 0.455 0x0000FF
-84.47 -16.92 -10.48 -79.36 -16.2 -9.42 0.455 0x0000FF
-88.3 -17.29 -12.6 -84.47 -16.92 -10.48 0.455 0x0000FF
-99.98 -20.2 -14.35 -88.3 -17.29 -12.6 0.455 0x0000FF
-107.46 -22.39 -14.88 -99.98 -20.2 -14.35 0.455 0x0000FF
-114.39 -21.48 -16.09 -107.46 -22.39 -14.88 0.455 0x0000FF
-118.23 -18.55 -17.14 -114.39 -21.48 -16.09 0.455 0x0000FF
-127.71 -16.2 -17.53 -118.23 -18.55 -17.14 0.455 0x0000FF
-136.65 -17.29 -18.29 -127.71 -16.2 -17.53 0.455 0x0000FF
-144.13 -19.47 -18.89 -136.65 -17.29 -18.29 0.455 0x0000FF
-151.8 -22.21 -19.5 -144.13 -19.47 -18.89 0.455 0x0000FF
-159.63 -24.76 -20.1 -151.8 -22.21 -19.5 0.455 0x0000FF
-171.87 -26.4 -21.16 -159.63 -24.76 -20.1 0.455 0x0000FF
-177.16 -25.31 -21.62 -171.87 -26.4 -21.16 0.455 0x0000FF
-180.99 -23.12 -22.76 -177.16 -25.31 -21.62 0.455 0x0000FF
-182.63 -21.48 -24.04 -180.99 -23.12 -22.76 0.455 0x0000FF
-186.46 -20.57 -24.5 -182.63 -21.48 -24.04 0.455 0x0000FF
-189.2 -20.2 -25.41 -186.46 -20.57 -24.5 0.455 0x0000FF
-193.76 -20.39 -27.07 -189.2 -20.2 -25.41 0.455 0x0000FF
-198.69 -17.84 -28.13 -193.76 -20.39 -27.07 0.365 0x0000FF
-42.51 -20.39 -1.47 -40.68 -20.02 -1.47 0.545 0x0000FF
-50.9 -22.03 -0.94 -42.51 -20.39 -1.47 0.545 0x0000FF
-59.29 -23.67 -0.56 -50.9 -22.03 -0.94 0.545 0x0000FF
-65.13 -23.85 0.42 -59.29 -23.67 -0.56 0.545 0x0000FF
-70.61 -24.03 1.18 -65.13 -23.85 0.42 0.545 0x0000FF
-76.26 -22.39 2.39 -70.61 -24.03 1.18 0.545 0x0000FF
-78.81 -20.57 4.13 -76.26 -22.39 2.39 0.545 0x0000FF
-79.55 -19.66 4.82 -78.81 -20.57 4.13 0.545 0x0000FF
-80.81 -18.2 6.03 -79.55 -19.66 4.82 0.545 0x0000FF
-81.55 -16.92 7.85 -80.81 -18.2 6.03 0.545 0x0000FF
-82.65 -16.01 9.06 -81.55 -16.92 7.85 0.545 0x0000FF
-84.11 -15.47 10.27 -82.65 -16.01 9.06 0.545 0x0000FF
-87.57 -15.1 11.86 -84.11 -15.47 10.27 0.545 0x0000FF
-93.41 -14.74 12.09 -87.57 -15.1 11.86 0.455 0x0000FF
-97.43 -14.92 12.32 -93.41 -14.74 12.09 0.455 0x0000FF
-103.08 -15.83 13.0 -97.43 -14.92 12.32 0.365 0x0000FF
-108.92 -17.11 13.53 -103.08 -15.83 13.0 0.365 0x0000FF
-113.66 -18.38 14.06 -108.92 -17.11 13.53 0.365 0x0000FF
-119.87 -21.11 15.12 -113.66 -18.38 14.06 0.275 0x0000FF
-124.79 -23.48 15.2 -119.87 -21.11 15.12 0.275 0x0000FF
-129.9 -25.67 15.73 -124.79 -23.48 15.2 0.275 0x0000FF
-132.63 -26.58 16.32 -129.9 -25.67 15.73 0.275 0x0000FF
-135.91 -27.31 17.16 -132.63 -26.58 16.32 0.275 0x0000FF
-138.3 -27.67 18.14 -135.91 -27.31 17.16 0.275 0x0000FF
-140.3 -27.86 19.13 -138.3 -27.67 18.14 0.275 0x0000FF
-142.13 -28.22 20.12 -140.3 -27.86 19.13 0.275 0x0000FF
-143.22 -28.22 20.88 -142.13 -28.22 20.12 0.275 0x0000FF
-143.22 -27.86 23.38 -143.22 -28.22 20.88 0.275 0x0000FF
-7.04 -13.08 -11.24 -11.78 -7.62 -7.45 0.91 0x0000FF
-5.58 -15.82 -11.24 -7.04 -13.08 -11.24 0.91 0x0000FF
-5.03 -16.73 -12.15 -5.58 -15.82 -11.24 0.91 0x0000FF
-4.12 -18.73 -12.45 -5.03 -16.73 -12.15 0.91 0x0000FF
-3.93 -23.83 -13.36 -4.12 -18.73 -12.45 0.82 0x0000FF
-3.93 -27.29 -14.12 -3.93 -23.83 -13.36 0.82 0x0000FF
-3.75 -28.93 -14.8 -3.93 -27.29 -14.12 0.82 0x0000FF
-3.2 -31.85 -15.71 -3.75 -28.93 -14.8 0.73 0x0000FF
-3.2 -33.67 -16.17 -3.2 -31.85 -15.71 0.73 0x0000FF
-3.39 -35.13 -16.77 -3.2 -33.67 -16.17 0.73 0x0000FF
-3.93 -36.22 -17.23 -3.39 -35.13 -16.77 0.73 0x0000FF
-4.66 -38.77 -17.76 -3.93 -36.22 -17.23 0.73 0x0000FF
-5.58 -40.96 -18.59 -4.66 -38.77 -17.76 0.73 0x0000FF
-6.12 -43.69 -18.82 -5.58 -40.96 -18.59 0.73 0x0000FF
-6.31 -49.52 -19.27 -6.12 -43.69 -18.82 0.64 0x0000FF
-5.94 -51.71 -20.18 -6.31 -49.52 -19.27 0.64 0x0000FF
-5.76 -53.71 -20.32 -5.94 -51.71 -20.18 0.64 0x0000FF
-5.39 -55.17 -21.01 -5.76 -53.71 -20.32 0.64 0x0000FF
-4.84 -56.45 -21.69 -5.39 -55.17 -21.01 0.64 0x0000FF
-4.3 -58.63 -22.38 -4.84 -56.45 -21.69 0.64 0x0000FF
-3.93 -60.82 -22.45 -4.3 -58.63 -22.38 0.64 0x0000FF
-3.75 -62.09 -20.94 -3.93 -60.82 -22.45 0.64 0x0000FF
-3.75 -65.01 -20.79 -3.75 -62.09 -20.94 0.455 0x0000FF
-4.12 -68.29 -20.56 -3.75 -65.01 -20.79 0.455 0x0000FF
-3.93 -72.3 -20.03 -4.12 -68.29 -20.56 0.455 0x0000FF
1.18 -80.13 -19.88 -3.93 -72.3 -20.03 0.455 0x0000FF
5.19 -89.06 -19.88 1.18 -80.13 -19.88 0.455 0x0000FF
7.56 -93.43 -19.95 5.19 -89.06 -19.88 0.455 0x0000FF
11.03 -97.08 -20.18 7.56 -93.43 -19.95 0.455 0x0000FF
11.57 -98.35 -20.56 11.03 -97.08 -20.18 0.455 0x0000FF
12.67 -100.54 -20.56 11.57 -98.35 -20.56 0.455 0x0000FF
14.31 -105.09 -20.63 12.67 -100.54 -20.56 0.365 0x0000FF
15.04 -107.46 -20.63 14.31 -105.09 -20.63 0.365 0x0000FF
-1.74 -63.01 -21.01 -3.75 -62.09 -20.94 0.545 0x0000FF
0.08 -63.01 -21.47 -1.74 -63.01 -21.01 0.545 0x0000FF
1.54 -63.19 -21.92 0.08 -63.01 -21.47 0.545 0x0000FF
4.09 -62.82 -22.53 1.54 -63.19 -21.92 0.455 0x0000FF
5.19 -62.82 -23.06 4.09 -62.82 -22.53 0.455 0x0000FF
6.83 -64.09 -23.44 5.19 -62.82 -23.06 0.455 0x0000FF
9.19 -64.83 -24.5 6.83 -64.09 -23.44 0.365 0x0000FF
-9.67 0.91 -2.83 -11.78 -7.62 -7.45 1.735 0x0000FF
-8.58 7.65 -2.83 -9.67 0.91 -2.83 1.735 0x0000FF
-8.21 14.94 -3.44 -8.58 7.65 -2.83 1.735 0x0000FF
-10.02 22.41 -3.67 -8.21 14.94 -3.44 1.735 0x0000FF
-10.22 25.14 -3.97 -10.02 22.41 -3.67 1.64 0x0000FF
-10.4 27.69 -2.68 -10.22 25.14 -3.97 1.64 0x0000FF
-10.58 28.79 -2.45 -10.4 27.69 -2.68 1.64 0x0000FF
-12.77 32.32 -1.85 -10.58 28.79 -2.45 1.185 0x0000FF
-13.31 33.6 -1.47 -12.77 32.32 -1.85 1.185 0x0000FF
-15.32 37.24 -1.09 -13.31 33.6 -1.47 1.185 0x0000FF
-16.6 40.34 -0.48 -15.32 37.24 -1.09 1.185 0x0000FF
-18.97 44.53 -0.03 -16.6 40.34 -0.48 1.185 0x0000FF
-20.43 54.18 0.5 -18.97 44.53 -0.03 1.185 0x0000FF
-21.52 58.92 1.18 -20.43 54.18 0.5 1.185 0x0000FF
-21.71 60.93 1.79 -21.52 58.92 1.18 1.185 0x0000FF
-21.16 62.93 2.77 -21.71 60.93 1.79 1.185 0x0000FF
-20.43 65.48 3.0 -21.16 62.93 2.77 1.185 0x0000FF
-19.88 67.67 3.91 -20.43 65.48 3.0 1.185 0x0000FF
-18.79 72.04 4.44 -19.88 67.67 3.91 1.275 0x0000FF
-17.69 76.23 5.2 -18.79 72.04 4.44 1.275 0x0000FF
-16.42 86.25 5.5 -17.69 76.23 5.2 1.275 0x0000FF
-16.05 92.81 4.44 -16.42 86.25 5.5 1.275 0x0000FF
-16.6 104.65 3.08 -16.05 92.81 4.44 1.185 0x0000FF
-17.32 108.84 2.24 -16.6 104.65 3.08 1.185 0x0000FF
-17.14 114.49 2.54 -17.32 108.84 2.24 0.82 0x0000FF
-17.51 120.87 3.08 -17.14 114.49 2.54 0.82 0x0000FF
-18.79 131.8 3.68 -17.51 120.87 3.08 0.82 0x0000FF
-18.05 149.84 4.36 -18.79 131.8 3.68 0.82 0x0000FF
-16.96 157.31 5.04 -18.05 149.84 4.36 0.82 0x0000FF
-17.55 180.89 6.26 -16.96 157.31 5.04 0.82 0x0000FF
-19.73 198.02 6.56 -17.55 180.89 6.26 0.82 0x0000FF
-23.57 211.14 5.42 -19.73 198.02 6.56 0.82 0x0000FF
-25.76 226.26 4.67 -23.57 211.14 5.42 0.82 0x0000FF
-25.03 245.39 3.76 -25.76 226.26 4.67 0.82 0x0000FF
-24.12 249.22 3.45 -25.03 245.39 3.76 0.82 0x0000FF
-22.58 260.02 1.03 -24.12 249.22 3.45 0.82 0x0000FF
-22.22 262.94 -1.92 -22.58 260.02 1.03 1.005 0x0000FF
-22.58 264.2 -1.55 -22.22 262.94 -1.92 1.005 0x0000FF
-22.95 266.76 -0.64 -22.58 264.2 -1.55 1.005 0x0000FF
-23.31 268.77 0.12 -22.95 266.76 -0.64 1.005 0x0000FF
-23.68 271.14 1.11 -23.31 268.77 0.12 1.005 0x0000FF
-23.68 273.87 2.09 -23.68 271.14 1.11 1.005 0x0000FF
-23.68 277.33 3.83 -23.68 273.87 2.09 1.005 0x0000FF
-24.04 282.43 4.82 -23.68 277.33 3.83 0.91 0x0000FF
-23.31 288.08 5.65 -24.04 282.43 4.82 0.91 0x0000FF
-22.77 294.64 6.33 -23.31 288.08 5.65 0.91 0x0000FF
-21.49 302.29 7.47 -22.77 294.64 6.33 0.91 0x0000FF
-22.77 316.87 8.38 -21.49 302.29 7.47 0.91 0x0000FF
-22.95 320.14 8.07 -22.77 316.87 8.38 0.82 0x0000FF
-23.13 321.42 7.01 -22.95 320.14 8.07 0.82 0x0000FF
-24.04 322.52 6.48 -23.13 321.42 7.01 0.82 0x0000FF
-21.31 324.01 4.82 -24.04 322.52 6.48 0.73 0x0000FF
-19.67 325.47 4.13 -21.31 324.01 4.82 0.73 0x0000FF
-18.21 326.93 2.24 -19.67 325.47 4.13 0.73 0x0000FF
-17.48 328.02 0.35 -18.21 326.93 2.24 0.73 0x0000FF
-16.93 329.29 -1.7 -17.48 328.02 0.35 0.73 0x0000FF
-16.75 330.21 -4.12 -16.93 329.29 -1.7 0.73 0x0000FF
-15.66 333.67 -5.11 -16.75 330.21 -4.12 0.73 0x0000FF
-15.47 336.95 -6.47 -15.66 333.67 -5.11 0.73 0x0000FF
-16.22 340.33 -9.57 -15.47 336.95 -6.47 0.545 0x0000FF
-17.5 341.79 -8.21 -16.22 340.33 -9.57 0.545 0x0000FF
-20.05 343.25 -6.7 -17.5 341.79 -8.21 0.545 0x0000FF
-22.24 345.8 -6.01 -20.05 343.25 -6.7 0.545 0x0000FF
-24.25 348.89 -5.11 -22.24 345.8 -6.01 0.545 0x0000FF
-26.26 352.36 -4.5 -24.25 348.89 -5.11 0.545 0x0000FF
-27.9 356.18 -3.74 -26.26 352.36 -4.5 0.545 0x0000FF
-30.45 358.19 -2.98 -27.9 356.18 -3.74 0.455 0x0000FF
-32.28 360.01 -2.38 -30.45 358.19 -2.98 0.455 0x0000FF
-36.47 360.92 -1.77 -32.28 360.01 -2.38 0.455 0x0000FF
-41.22 361.28 -1.55 -36.47 360.92 -1.77 0.365 0x0000FF
-9.27 350.79 -7.68 -15.47 336.95 -6.47 0.73 0x0000FF
-6.17 357.54 -8.59 -9.27 350.79 -7.68 0.64 0x0000FF
-2.34 365.19 -9.27 -6.17 357.54 -8.59 0.64 0x0000FF
2.95 373.39 -10.26 -2.34 365.19 -9.27 0.64 0x0000FF
7.7 378.85 -11.24 2.95 373.39 -10.26 0.64 0x0000FF
12.99 383.59 -12.23 7.7 378.85 -11.24 0.545 0x0000FF
17.19 387.42 -13.06 12.99 383.59 -12.23 0.545 0x0000FF
24.85 392.52 -13.89 17.19 387.42 -13.06 0.545 0x0000FF
33.24 402.36 -14.65 24.85 392.52 -13.89 0.545 0x0000FF
34.52 404.18 -14.8 33.24 402.36 -14.65 0.545 0x0000FF
33.97 408.19 -15.18 34.52 404.18 -14.8 0.365 0x0000FF
34.52 415.29 -15.86 33.97 408.19 -15.18 0.365 0x0000FF
35.25 425.5 -16.47 34.52 415.29 -15.86 0.365 0x0000FF
35.07 430.23 -16.77 35.25 425.5 -16.47 0.365 0x0000FF
35.07 432.24 -17.0 35.07 430.23 -16.77 0.365 0x0000FF
36.65 444.96 -17.82 35.07 432.24 -17.0 0.365 0x0000FF
34.64 452.07 -18.82 36.65 444.96 -17.82 0.365 0x0000FF
32.08 463.37 -20.18 34.64 452.07 -18.82 0.365 0x0000FF
31.9 472.11 -20.79 32.08 463.37 -20.18 0.365 0x0000FF
32.81 477.76 -22.83 31.9 472.11 -20.79 0.365 0x0000FF
33.0 481.22 -23.66 32.81 477.76 -22.83 0.365 0x0000FF
32.81 484.14 -24.35 33.0 481.22 -23.66 0.365 0x0000FF
37.82 406.57 -14.8 34.52 404.18 -14.8 0.545 0x0000FF
38.54 408.21 -15.1 37.82 406.57 -14.8 0.365 0x0000FF
38.92 410.21 -14.8 38.54 408.21 -15.1 0.365 0x0000FF
39.47 412.4 -14.42 38.92 410.21 -14.8 0.365 0x0000FF
39.65 415.13 -13.82 39.47 412.4 -14.42 0.365 0x0000FF
40.2 418.6 -13.29 39.65 415.13 -13.82 0.365 0x0000FF
40.74 420.6 -15.33 40.2 418.6 -13.29 0.365 0x0000FF
41.29 422.06 -16.7 40.74 420.6 -15.33 0.365 0x0000FF
41.84 423.33 -18.13 41.29 422.06 -16.7 0.365 0x0000FF
44.94 427.34 -19.73 41.84 423.33 -18.13 0.365 0x0000FF
46.58 432.81 -20.86 44.94 427.34 -19.73 0.365 0x0000FF
48.59 439.18 -21.92 46.58 432.81 -20.86 0.365 0x0000FF
53.51 447.02 -23.74 48.59 439.18 -21.92 0.365 0x0000FF
56.62 451.76 -25.26 53.51 447.02 -23.74 0.365 0x0000FF
58.32 459.71 -27.45 56.62 451.76 -25.26 0.365 0x0000FF
58.5 465.9 -28.51 58.32 459.71 -27.45 0.365 0x0000FF
57.4 470.28 -29.57 58.5 465.9 -28.51 0.365 0x0000FF
55.21 479.2 -31.77 57.4 470.28 -29.57 0.365 0x0000FF
53.21 483.03 -33.89 55.21 479.2 -31.77 0.365 0x0000FF
50.65 489.22 -35.94 53.21 483.03 -33.89 0.365 0x0000FF
47.11 412.38 -16.01 37.82 406.57 -14.8 0.455 0x0000FF
53.68 417.11 -16.47 47.11 412.38 -16.01 0.455 0x0000FF
56.05 419.48 -17.23 53.68 417.11 -16.47 0.455 0x0000FF
58.6 421.49 -18.13 56.05 419.48 -17.23 0.365 0x0000FF
-27.88 325.83 6.18 -24.04 322.52 6.48 0.73 0x0000FF
-30.07 328.93 6.26 -27.88 325.83 6.18 0.73 0x0000FF
-32.44 331.66 6.11 -30.07 328.93 6.26 0.73 0x0000FF
-34.81 333.67 5.88 -32.44 331.66 6.11 0.73 0x0000FF
-35.18 337.13 4.97 -34.81 333.67 5.88 0.455 0x0000FF
-34.81 341.14 4.29 -35.18 337.13 4.97 0.455 0x0000FF
-34.81 343.32 3.38 -34.81 341.14 4.29 0.455 0x0000FF
-34.63 345.51 2.54 -34.81 343.32 3.38 0.455 0x0000FF
-34.63 349.52 1.56 -34.63 345.51 2.54 0.455 0x0000FF
-34.63 352.25 -0.41 -34.63 349.52 1.56 0.455 0x0000FF
-33.9 354.44 -1.39 -34.63 352.25 -0.41 0.455 0x0000FF
-31.35 360.27 -3.29 -33.9 354.44 -1.39 0.365 0x0000FF
-30.98 369.01 -4.42 -31.35 360.27 -3.29 0.365 0x0000FF
-31.53 371.75 -4.95 -30.98 369.01 -4.42 0.365 0x0000FF
-31.89 373.75 -6.62 -31.53 371.75 -4.95 0.365 0x0000FF
-31.89 375.76 -7.68 -31.89 373.75 -6.62 0.365 0x0000FF
-30.98 379.76 -9.42 -31.89 375.76 -7.68 0.365 0x0000FF
-29.16 385.59 -11.09 -30.98 379.76 -9.42 0.365 0x0000FF
-26.24 388.51 -13.06 -29.16 385.59 -11.09 0.365 0x0000FF
-24.23 390.33 -13.97 -26.24 388.51 -13.06 0.365 0x0000FF
-23.68 391.79 -12.0 -24.23 390.33 -13.97 0.365 0x0000FF
-23.32 392.7 -10.56 -23.68 391.79 -12.0 0.365 0x0000FF
-22.77 394.16 -9.19 -23.32 392.7 -10.56 0.365 0x0000FF
-22.04 397.8 -6.09 -22.77 394.16 -9.19 0.365 0x0000FF
-21.86 399.62 -5.11 -22.04 397.8 -6.09 0.365 0x0000FF
-21.86 403.45 -3.82 -21.86 399.62 -5.11 0.365 0x0000FF
-21.86 405.09 -2.08 -21.86 403.45 -3.82 0.365 0x0000FF
-21.13 407.82 -0.71 -21.86 405.09 -2.08 0.365 0x0000FF
-20.39 410.37 0.57 -21.13 407.82 -0.71 0.365 0x0000FF
-19.3 413.11 1.56 -20.39 410.37 0.57 0.365 0x0000FF
-17.85 418.21 3.23 -19.3 413.11 1.56 0.365 0x0000FF
-16.75 423.13 4.67 -17.85 418.21 3.23 0.365 0x0000FF
-16.57 426.41 5.73 -16.75 423.13 4.67 0.365 0x0000FF
-17.48 428.41 7.09 -16.57 426.41 5.73 0.365 0x0000FF
-39.74 338.04 6.33 -34.81 333.67 5.88 0.545 0x0000FF
-42.29 339.68 6.56 -39.74 338.04 6.33 0.545 0x0000FF
-45.21 342.23 7.39 -42.29 339.68 6.56 0.545 0x0000FF
-50.69 345.69 8.15 -45.21 342.23 7.39 0.545 0x0000FF
-55.98 348.24 9.28 -50.69 345.69 8.15 0.545 0x0000FF
-57.26 349.7 10.35 -55.98 348.24 9.28 0.455 0x0000FF
-59.81 352.43 11.56 -57.26 349.7 10.35 0.455 0x0000FF
-61.45 355.53 12.24 -59.81 352.43 11.56 0.365 0x0000FF
-64.37 359.18 12.54 -61.45 355.53 12.24 0.365 0x0000FF
-25.32 260.93 0.88 -22.58 260.02 1.03 0.64 0x0000FF
-32.25 264.58 -0.18 -25.32 260.93 0.88 0.64 0x0000FF
-37.54 266.76 -1.09 -32.25 264.58 -0.18 0.64 0x0000FF
-41.38 268.77 -2.76 -37.54 266.76 -1.09 0.64 0x0000FF
-44.66 270.77 -3.67 -41.38 268.77 -2.76 0.64 0x0000FF
-46.49 272.41 -4.73 -44.66 270.77 -3.67 0.545 0x0000FF
-49.77 274.6 -5.71 -46.49 272.41 -4.73 0.545 0x0000FF
-50.68 275.33 -6.77 -49.77 274.6 -5.71 0.545 0x0000FF
-53.42 276.79 -8.59 -50.68 275.33 -6.77 0.545 0x0000FF
-55.61 278.43 -9.35 -53.42 276.79 -8.59 0.545 0x0000FF
-57.8 280.07 -11.77 -55.61 278.43 -9.35 0.545 0x0000FF
-58.71 281.89 -13.67 -57.8 280.07 -11.77 0.545 0x0000FF
-60.17 284.98 -13.97 -58.71 281.89 -13.67 0.545 0x0000FF
-62.18 287.89 -15.94 -60.17 284.98 -13.97 0.455 0x0000FF
-64.0 289.18 -16.85 -62.18 287.89 -15.94 0.455 0x0000FF
-65.28 290.81 -18.73 -64.0 289.18 -16.85 0.455 0x0000FF
-66.01 291.36 -20.41 -65.28 290.81 -18.73 0.455 0x0000FF
-68.56 290.45 -26.77 -66.01 291.36 -20.41 0.455 0x0000FF
-70.75 290.27 -27.68 -68.56 290.45 -26.77 0.455 0x0000FF
-72.39 291.18 -28.97 -70.75 290.27 -27.68 0.455 0x0000FF
-73.84 292.08 -31.54 -72.39 291.18 -28.97 0.365 0x0000FF
-19.52 112.31 1.64 -17.32 108.84 2.24 0.73 0x0000FF
-22.8 114.86 0.95 -19.52 112.31 1.64 0.64 0x0000FF
-25.54 116.5 0.35 -22.8 114.86 0.95 0.64 0x0000FF
-28.64 119.41 -0.71 -25.54 116.5 0.35 0.64 0x0000FF
-32.47 121.96 -1.55 -28.64 119.41 -0.71 0.455 0x0000FF
-35.03 123.42 -2.52 -32.47 121.96 -1.55 0.455 0x0000FF
-39.77 126.15 -3.36 -35.03 123.42 -2.52 0.455 0x0000FF
-41.78 128.69 -4.5 -39.77 126.15 -3.36 0.455 0x0000FF
-47.07 132.53 -5.71 -41.78 128.69 -4.5 0.365 0x0000FF
-49.62 134.16 -6.24 -47.07 132.53 -5.71 0.365 0x0000FF
-18.42 69.84 4.51 -19.88 67.67 3.91 0.455 0x0000FF
-17.51 70.76 5.2 -18.42 69.84 4.51 0.455 0x0000FF
-16.23 72.04 6.71 -17.51 70.76 5.2 0.455 0x0000FF
-15.69 72.4 7.7 -16.23 72.04 6.71 0.455 0x0000FF
-15.32 73.13 9.97 -15.69 72.4 7.7 0.455 0x0000FF
-14.41 73.86 11.33 -15.32 73.13 9.97 0.455 0x0000FF
-14.04 74.41 12.7 -14.41 73.86 11.33 0.455 0x0000FF
-13.31 74.59 14.29 -14.04 74.41 12.7 0.455 0x0000FF
-12.95 74.77 14.51 -13.31 74.59 14.29 0.455 0x0000FF
-12.4 74.77 15.42 -12.95 74.77 14.51 0.455 0x0000FF
-9.48 74.59 15.88 -12.4 74.77 15.42 0.275 0x0000FF
-7.47 73.68 16.86 -9.48 74.59 15.88 0.275 0x0000FF
-6.38 72.95 17.23 -7.47 73.68 16.86 0.275 0x0000FF
-8.94 30.25 -2.38 -10.58 28.79 -2.45 0.64 0x0000FF
-5.66 33.52 -1.7 -8.94 30.25 -2.38 0.64 0x0000FF
-3.1 36.08 -1.7 -5.66 33.52 -1.7 0.64 0x0000FF
2.74 40.27 -1.24 -3.1 36.08 -1.7 0.64 0x0000FF
5.84 43.8 -1.85 2.74 40.27 -1.24 0.64 0x0000FF
9.13 47.81 -1.47 5.84 43.8 -1.85 0.64 0x0000FF
10.41 50.9 -1.24 9.13 47.81 -1.47 0.545 0x0000FF
11.5 52.18 -1.24 10.41 50.9 -1.24 0.545 0x0000FF
13.87 54.37 -0.56 11.5 52.18 -1.24 0.455 0x0000FF
15.33 55.64 -0.56 13.87 54.37 -0.56 0.455 0x0000FF
16.79 57.1 -2.0 15.33 55.64 -0.56 0.455 0x0000FF
18.25 58.37 -2.91 16.79 57.1 -2.0 0.455 0x0000FF
19.71 59.47 -4.05 18.25 58.37 -2.91 0.455 0x0000FF
22.63 61.29 -4.65 19.71 59.47 -4.05 0.455 0x0000FF
24.45 62.75 -4.73 22.63 61.29 -4.65 0.455 0x0000FF
27.01 64.56 -5.03 24.45 62.75 -4.73 0.275 0x0000FF
