-14.52 -13.91 -99.34 -24.85 -9.92 -108.05 0.82 0x0000FF
-14.72 -13.13 -96.01 -14.52 -13.91 -99.34 1.095 0x0000FF
-13.44 -13.86 -95.48 -14.72 -13.13 -96.01 1.095 0x0000FF
-12.35 -14.04 -97.44 -13.44 -13.86 -95.48 1.095 0x0000FF
-9.43 -14.95 -98.43 -12.35 -14.04 -97.44 1.095 0x0000FF
-8.69 -14.4 -95.02 -9.43 -14.95 -98.43 0.73 0x0000FF
-8.69 -14.22 -93.13 -8.69 -14.4 -95.02 0.73 0x0000FF
-5.96 -14.04 -97.9 -8.69 -14.22 -93.13 0.545 0x0000FF
-4.87 -13.86 -96.84 -5.96 -14.04 -97.9 0.545 0x0000FF
0.06 -14.4 -92.29 -4.87 -13.86 -96.84 0.455 0x0000FF
3.71 -13.49 -90.55 0.06 -14.4 -92.29 0.455 0x0000FF
15.93 -11.31 -89.95 3.71 -13.49 -90.55 0.455 0x0000FF
24.51 -10.94 -89.49 15.93 -11.31 -89.95 0.365 0x0000FF
29.8 -11.31 -89.04 24.51 -10.94 -89.49 0.365 0x0000FF
34.54 -10.4 -88.96 29.8 -11.31 -89.04 0.365 0x0000FF
38.56 -8.21 -88.66 34.54 -10.4 -88.96 0.365 0x0000FF
42.21 -6.75 -88.13 38.56 -8.21 -88.66 0.275 0x0000FF
45.13 -5.84 -88.13 42.21 -6.75 -88.13 0.275 0x0000FF
58.26 -4.57 -87.37 45.13 -5.84 -88.13 0.275 0x0000FF
-8.88 -16.23 -98.58 -9.43 -14.95 -98.43 0.545 0x0000FF
-7.06 -18.41 -99.11 -8.88 -16.23 -98.58 0.545 0x0000FF
-5.41 -20.78 -99.19 -7.06 -18.41 -99.11 0.545 0x0000FF
-3.41 -23.7 -97.44 -5.41 -20.78 -99.19 0.545 0x0000FF
-1.58 -27.7 -96.23 -3.41 -23.7 -97.44 0.545 0x0000FF
-0.12 -30.98 -95.25 -1.58 -27.7 -96.23 0.545 0x0000FF
2.06 -34.26 -93.58 -0.12 -30.98 -95.25 0.545 0x0000FF
4.44 -36.27 -93.51 2.06 -34.26 -93.58 0.455 0x0000FF
6.45 -37.36 -93.2 4.44 -36.27 -93.51 0.365 0x0000FF
9.18 -39.54 -93.2 6.45 -37.36 -93.2 0.365 0x0000FF
10.64 -41.73 -93.2 9.18 -39.54 -93.2 0.365 0x0000FF
11.74 -44.47 -93.2 10.64 -41.73 -93.2 0.365 0x0000FF
-15.08 -10.94 -112.14 -24.85 -9.92 -108.05 1.46 0x0000FF
-10.52 -11.85 -112.14 -15.08 -10.94 -112.14 1.46 0x0000FF
-5.05 -12.4 -112.14 -10.52 -11.85 -112.14 1.46 0x0000FF
-3.45 -12.51 -115.09 -5.05 -12.4 -112.14 0.455 0x0000FF
-1.62 -12.51 -116.16 -3.45 -12.51 -115.09 0.365 0x0000FF
-0.53 -13.06 -117.67 -1.62 -12.51 -116.16 0.365 0x0000FF
2.21 -14.15 -119.11 -0.53 -13.06 -117.67 0.18 0x0000FF
3.12 -15.24 -119.72 2.21 -14.15 -119.11 0.18 0x0000FF
4.94 -17.43 -120.32 3.12 -15.24 -119.72 0.18 0x0000FF
-2.13 -11.31 -112.82 -5.05 -12.4 -112.14 1.005 0x0000FF
-1.22 -10.94 -114.19 -2.13 -11.31 -112.82 1.005 0x0000FF
-1.22 -10.94 -115.32 -1.22 -10.94 -114.19 1.005 0x0000FF
0.42 -10.21 -115.78 -1.22 -10.94 -115.32 1.005 0x0000FF
0.97 -9.85 -114.26 0.42 -10.21 -115.78 1.005 0x0000FF
1.88 -9.67 -114.26 0.97 -9.85 -114.26 1.005 0x0000FF
3.89 -9.67 -117.67 1.88 -9.67 -114.26 1.005 0x0000FF
8.82 -9.11 -118.05 3.89 -9.67 -117.67 0.91 0x0000FF
15.93 -12.22 -118.35 8.82 -9.11 -118.05 0.64 0x0000FF
21.59 -10.4 -118.73 15.93 -12.22 -118.35 0.64 0x0000FF
28.7 -9.11 -118.96 21.59 -10.4 -118.73 0.64 0x0000FF
39.83 -8.57 -119.64 28.7 -9.11 -118.96 0.64 0x0000FF
48.23 -7.12 -120.02 39.83 -8.57 -119.64 0.64 0x0000FF
57.17 -5.66 -120.78 48.23 -7.12 -120.02 0.64 0x0000FF
63.92 -5.48 -122.22 57.17 -5.66 -120.78 0.64 0x0000FF
72.48 -2.74 -122.14 63.92 -5.48 -122.22 0.64 0x0000FF
82.53 -1.83 -121.08 72.48 -2.74 -122.14 0.64 0x0000FF
87.41 3.34 -121.31 82.53 -1.83 -121.08 0.365 0x0000FF
88.87 4.62 -121.68 87.41 3.34 -121.31 0.365 0x0000FF
93.43 6.07 -122.06 88.87 4.62 -121.68 0.365 0x0000FF
95.44 6.62 -122.59 93.43 6.07 -122.06 0.365 0x0000FF
96.54 7.17 -122.59 95.44 6.62 -122.59 0.365 0x0000FF
100.91 7.17 -123.05 96.54 7.17 -122.59 0.275 0x0000FF
102.37 6.62 -123.05 100.91 7.17 -123.05 0.275 0x0000FF
93.84 0.17 -120.62 82.53 -1.83 -121.08 0.545 0x0000FF
98.22 0.9 -120.55 93.84 0.17 -120.62 0.545 0x0000FF
104.24 0.17 -120.55 98.22 0.9 -120.55 0.545 0x0000FF
110.63 -2.56 -120.55 104.24 0.17 -120.55 0.545 0x0000FF
116.46 -4.57 -120.55 110.63 -2.56 -120.55 0.545 0x0000FF
119.93 -5.66 -120.55 116.46 -4.57 -120.55 0.545 0x0000FF
141.78 -17.61 -120.25 119.93 -5.66 -120.55 0.455 0x0000FF
149.26 -20.34 -119.79 141.78 -17.61 -120.25 0.455 0x0000FF
154.74 -21.26 -119.79 149.26 -20.34 -119.79 0.455 0x0000FF
158.57 -23.08 -119.79 154.74 -21.26 -119.79 0.365 0x0000FF
161.12 -24.53 -119.79 158.57 -23.08 -119.79 0.365 0x0000FF
167.33 -25.26 -119.79 161.12 -24.53 -119.79 0.275 0x0000FF
23.41 -18.41 -118.5 15.93 -12.22 -118.35 0.64 0x0000FF
25.6 -22.78 -118.65 23.41 -18.41 -118.5 0.64 0x0000FF
29.8 -27.16 -118.81 25.6 -22.78 -118.65 0.64 0x0000FF
37.64 -33.53 -119.11 29.8 -27.16 -118.81 0.64 0x0000FF
46.77 -40.28 -119.56 37.64 -33.53 -119.11 0.64 0x0000FF
52.97 -45.2 -119.87 46.77 -40.28 -119.56 0.64 0x0000FF
61.73 -52.3 -120.4 52.97 -45.2 -119.87 0.64 0x0000FF
66.47 -56.86 -120.32 61.73 -52.3 -120.4 0.64 0x0000FF
74.14 -61.59 -119.79 66.47 -56.86 -120.32 0.64 0x0000FF
78.51 -67.42 -119.49 74.14 -61.59 -119.79 0.64 0x0000FF
83.62 -74.7 -118.81 78.51 -67.42 -119.49 0.64 0x0000FF
84.9 -76.53 -118.28 83.62 -74.7 -118.81 0.64 0x0000FF
86.91 -80.91 -116.61 84.9 -76.53 -118.28 0.545 0x0000FF
88.37 -84.55 -116.31 86.91 -80.91 -116.61 0.545 0x0000FF
63.19 -58.31 -120.47 61.73 -52.3 -120.4 0.545 0x0000FF
62.28 -65.59 -120.47 63.19 -58.31 -120.47 0.545 0x0000FF
61.0 -70.7 -120.62 62.28 -65.59 -120.47 0.545 0x0000FF
57.53 -79.63 -121.31 61.0 -70.7 -120.62 0.545 0x0000FF
56.62 -84.37 -121.76 57.53 -79.63 -121.31 0.545 0x0000FF
56.62 -88.19 -122.44 56.62 -84.37 -121.76 0.545 0x0000FF
57.53 -90.56 -122.97 56.62 -88.19 -122.44 0.545 0x0000FF
59.54 -98.03 -123.43 57.53 -90.56 -122.97 0.545 0x0000FF
13.01 -4.57 -118.05 8.82 -9.11 -118.05 0.64 0x0000FF
15.2 -2.2 -118.12 13.01 -4.57 -118.05 0.64 0x0000FF
18.48 6.55 -118.2 15.2 -2.2 -118.12 0.545 0x0000FF
24.87 22.95 -118.28 18.48 6.55 -118.2 0.545 0x0000FF
27.97 27.68 -119.34 24.87 22.95 -118.28 0.545 0x0000FF
29.98 29.69 -120.02 27.97 27.68 -119.34 0.545 0x0000FF
33.27 32.06 -120.7 29.98 29.69 -120.02 0.545 0x0000FF
35.27 32.6 -119.87 33.27 32.06 -120.7 0.545 0x0000FF
39.47 33.15 -118.65 35.27 32.6 -119.87 0.365 0x0000FF
41.11 33.51 -117.52 39.47 33.15 -118.65 0.275 0x0000FF
42.39 33.51 -116.76 41.11 33.51 -117.52 0.275 0x0000FF
43.48 33.88 -116.53 42.39 33.51 -116.76 0.275 0x0000FF
-33.7 -11.11 -108.5 -24.85 -9.92 -108.05 0.73 0x0000FF
-35.7 -12.93 -107.44 -33.7 -11.11 -108.5 0.73 0x0000FF
-38.44 -13.66 -108.96 -35.7 -12.93 -107.44 0.73 0x0000FF
-43.19 -13.66 -110.4 -38.44 -13.66 -108.96 0.73 0x0000FF
-50.85 -10.93 -112.67 -43.19 -13.66 -110.4 0.73 0x0000FF
-54.68 -7.65 -113.28 -50.85 -10.93 -112.67 0.73 0x0000FF
-60.15 -4.0 -113.73 -54.68 -7.65 -113.28 0.64 0x0000FF
-64.9 -2.57 -110.17 -60.15 -4.0 -113.73 0.545 0x0000FF
-70.37 -1.48 -108.58 -64.9 -2.57 -110.17 0.545 0x0000FF
-72.2 -0.2 -105.93 -70.37 -1.48 -108.58 0.545 0x0000FF
-76.2 1.62 -104.04 -72.2 -0.2 -105.93 0.545 0x0000FF
-82.78 3.26 -101.69 -76.2 1.62 -104.04 0.545 0x0000FF
-94.46 10.0 -100.25 -82.78 3.26 -101.69 0.545 0x0000FF
-95.55 11.27 -99.34 -94.46 10.0 -100.25 0.455 0x0000FF
-98.83 13.83 -97.6 -95.55 11.27 -99.34 0.455 0x0000FF
-106.5 18.38 -96.61 -98.83 13.83 -97.6 0.455 0x0000FF
-112.88 21.84 -95.85 -106.5 18.38 -96.61 0.455 0x0000FF
-119.82 24.03 -95.7 -112.88 21.84 -95.85 0.365 0x0000FF
-124.56 24.03 -95.7 -119.82 24.03 -95.7 0.365 0x0000FF
-135.69 34.04 -94.87 -124.56 24.03 -95.7 0.365 0x0000FF
-142.44 36.24 -94.72 -135.69 34.04 -94.87 0.365 0x0000FF
-149.01 39.33 -94.79 -142.44 36.24 -94.72 0.365 0x0000FF
-153.57 39.88 -94.79 -149.01 39.33 -94.79 0.365 0x0000FF
-163.97 44.07 -94.79 -153.57 39.88 -94.79 0.275 0x0000FF
-63.62 -3.82 -111.84 -60.15 -4.0 -113.73 0.545 0x0000FF
-66.72 -5.09 -111.0 -63.62 -3.82 -111.84 0.545 0x0000FF
-68.18 -5.28 -113.81 -66.72 -5.09 -111.0 0.545 0x0000FF
-70.19 -5.46 -115.09 -68.18 -5.28 -113.81 0.545 0x0000FF
-72.01 -5.46 -118.28 -70.19 -5.46 -115.09 0.455 0x0000FF
-73.84 -6.22 -117.9 -72.01 -5.46 -118.28 0.455 0x0000FF
-76.2 -7.13 -119.56 -73.84 -6.22 -117.9 0.455 0x0000FF
-87.7 -11.32 -121.61 -76.2 -7.13 -119.56 0.455 0x0000FF
-91.9 -11.68 -122.9 -87.7 -11.32 -121.61 0.455 0x0000FF
-96.28 -8.59 -123.58 -91.9 -11.68 -122.9 0.365 0x0000FF
-101.21 -4.76 -124.41 -96.28 -8.59 -123.58 0.365 0x0000FF
-104.13 -2.57 -123.43 -101.21 -4.76 -124.41 0.365 0x0000FF
-106.86 0.16 -122.44 -104.13 -2.57 -123.43 0.365 0x0000FF
-110.15 5.63 -121.91 -106.86 0.16 -122.44 0.365 0x0000FF
-111.24 6.17 -120.4 -110.15 5.63 -121.91 0.365 0x0000FF
-112.58 7.17 -120.4 -111.24 6.17 -120.4 0.365 0x0000FF
-113.8 7.63 -117.82 -112.58 7.17 -120.4 0.365 0x0000FF
-114.34 8.18 -116.46 -113.8 7.63 -117.82 0.365 0x0000FF
-116.17 10.18 -115.02 -114.34 8.18 -116.46 0.365 0x0000FF
-118.72 14.74 -112.67 -116.17 10.18 -115.02 0.275 0x0000FF
-119.45 18.55 -110.85 -118.72 14.74 -112.67 0.275 0x0000FF
-121.09 21.48 -109.49 -119.45 18.55 -110.85 0.275 0x0000FF
-125.11 26.58 -107.07 -121.09 21.48 -109.49 0.275 0x0000FF
-134.59 42.25 -101.54 -125.11 26.58 -107.07 0.275 0x0000FF
-137.88 44.43 -101.69 -134.59 42.25 -101.54 0.275 0x0000FF
-30.96 -13.69 -96.01 -24.85 -9.92 -108.05 1.095 0x0000FF
-33.33 -17.32 -94.26 -30.96 -13.69 -96.01 1.095 0x0000FF
-31.87 -18.97 -95.63 -33.33 -17.32 -94.26 0.73 0x0000FF
-30.78 -19.32 -95.55 -31.87 -18.97 -95.63 1.095 0x0000FF
-30.41 -19.52 -92.98 -30.78 -19.32 -95.55 1.095 0x0000FF
-28.95 -19.88 -90.63 -30.41 -19.52 -92.98 1.095 0x0000FF
-27.68 -19.52 -88.89 -28.95 -19.88 -90.63 1.095 0x0000FF
-25.49 -18.79 -88.35 -27.68 -19.52 -88.89 1.095 0x0000FF
-24.76 -18.61 -86.69 -25.49 -18.79 -88.35 1.095 0x0000FF
-22.97 -15.67 -73.2 -24.76 -18.61 -86.69 0.545 0x0000FF
-20.6 -11.84 -72.59 -22.97 -15.67 -73.2 0.545 0x0000FF
-19.5 -8.57 -71.77 -20.6 -11.84 -72.59 0.545 0x0000FF
-18.59 -4.55 -70.33 -19.5 -8.57 -71.77 0.545 0x0000FF
-17.48 -0.73 -69.64 -18.59 -4.55 -70.33 0.545 0x0000FF
-16.57 2.91 -68.58 -17.48 -0.73 -69.64 0.545 0x0000FF
-16.04 4.92 -67.37 -16.57 2.91 -68.58 0.545 0x0000FF
-15.49 5.65 -66.01 -16.04 4.92 -67.37 0.545 0x0000FF
-13.85 6.38 -65.78 -15.49 5.65 -66.01 0.545 0x0000FF
-8.92 6.92 -64.65 -13.85 6.38 -65.78 0.545 0x0000FF
-3.47 12.23 -64.48 -8.92 6.92 -64.65 0.455 0x0000FF
1.85 12.21 -63.96 -3.47 12.23 -64.48 0.455 0x0000FF
10.79 14.57 -62.68 1.85 12.21 -63.96 0.365 0x0000FF
16.98 16.57 -62.52 10.79 14.57 -62.68 0.365 0x0000FF
23.37 19.13 -62.52 16.98 16.57 -62.52 0.365 0x0000FF
37.79 26.78 -62.15 23.37 19.13 -62.52 0.275 0x0000FF
39.43 28.6 -62.22 37.79 26.78 -62.15 0.275 0x0000FF
-21.29 -21.7 -83.28 -24.76 -18.61 -86.69 0.91 0x0000FF
-20.93 -26.44 -82.45 -21.29 -21.7 -83.28 0.82 0x0000FF
-20.93 -27.53 -82.83 -20.93 -26.44 -82.45 0.82 0x0000FF
-20.74 -28.81 -84.34 -20.93 -27.53 -82.83 0.73 0x0000FF
-20.74 -30.08 -84.87 -20.74 -28.81 -84.34 0.73 0x0000FF
-20.74 -31.54 -86.23 -20.74 -30.08 -84.87 0.73 0x0000FF
-19.64 -34.82 -87.75 -20.74 -31.54 -86.23 0.64 0x0000FF
-19.28 -37.36 -88.66 -19.64 -34.82 -87.75 0.64 0x0000FF
-15.82 -42.11 -89.87 -19.28 -37.36 -88.66 0.545 0x0000FF
-13.08 -45.94 -90.78 -15.82 -42.11 -89.87 0.545 0x0000FF
-9.5 -57.23 -91.84 -13.08 -45.94 -90.78 0.545 0x0000FF
-9.13 -60.33 -93.2 -9.5 -57.23 -91.84 0.455 0x0000FF
-1.29 -69.8 -94.79 -9.13 -60.33 -93.2 0.455 0x0000FF
-0.56 -76.18 -95.4 -1.29 -69.8 -94.79 0.365 0x0000FF
-1.83 -83.29 -96.01 -0.56 -76.18 -95.4 0.365 0x0000FF
-4.75 -92.22 -93.05 -1.83 -83.29 -96.01 0.365 0x0000FF
-6.21 -97.32 -91.31 -4.75 -92.22 -93.05 0.365 0x0000FF
-8.94 -108.25 -88.81 -6.21 -97.32 -91.31 0.365 0x0000FF
-12.96 -119.73 -88.43 -8.94 -108.25 -88.81 0.365 0x0000FF
-15.7 -128.29 -87.82 -12.96 -119.73 -88.43 0.365 0x0000FF
-20.05 -137.18 -101.61 -15.7 -128.29 -87.82 0.365 0x0000FF
-24.98 -141.18 -103.35 -20.05 -137.18 -101.61 0.365 0x0000FF
-28.09 1.48 -97.44 -24.85 -9.92 -108.05 2.1 0x0000FF
-28.64 4.03 -98.28 -28.09 1.48 -97.44 2.1 0x0000FF
-28.64 6.21 -99.41 -28.64 4.03 -98.28 2.1 0x0000FF
-28.09 8.58 -100.17 -28.64 6.21 -99.41 2.1 0x0000FF
-27.91 13.68 -101.31 -28.09 8.58 -100.17 2.1 0x0000FF
-27.18 16.96 -101.54 -27.91 13.68 -101.31 2.1 0x0000FF
-27.36 19.88 -100.93 -27.18 16.96 -101.54 1.46 0x0000FF
-28.46 22.98 -100.47 -27.36 19.88 -100.93 1.46 0x0000FF
-30.1 29.35 -99.94 -28.46 22.98 -100.47 1.46 0x0000FF
-33.02 39.36 -99.79 -30.1 29.35 -99.94 1.46 0x0000FF
-33.2 44.48 -100.78 -33.02 39.36 -99.79 1.46 0x0000FF
-33.56 56.87 -101.54 -33.2 44.48 -100.78 1.46 0x0000FF
-34.47 67.06 -101.91 -33.56 56.87 -101.54 1.46 0x0000FF
-34.11 77.27 -102.14 -34.47 67.06 -101.91 1.46 0x0000FF
-34.11 83.65 -100.93 -34.11 77.27 -102.14 1.37 0x0000FF
-35.57 88.75 -99.64 -34.11 83.65 -100.93 1.37 0x0000FF
-37.58 97.68 -98.66 -35.57 88.75 -99.64 1.37 0x0000FF
-43.6 113.35 -97.75 -37.58 97.68 -98.66 1.37 0x0000FF
-45.79 117.9 -96.84 -43.6 113.35 -97.75 1.275 0x0000FF
-62.08 174.83 -96.01 -45.79 117.9 -96.84 1.275 0x0000FF
-66.64 198.7 -95.4 -62.08 174.83 -96.01 1.275 0x0000FF
-68.09 202.16 -94.87 -66.64 198.7 -95.4 1.275 0x0000FF
-68.45 203.44 -94.72 -68.09 202.16 -94.87 1.275 0x0000FF
-68.83 208.36 -94.19 -68.45 203.44 -94.72 1.275 0x0000FF
-69.01 209.45 -93.81 -68.83 208.36 -94.19 1.275 0x0000FF
-71.98 228.96 -93.13 -69.01 209.45 -93.81 1.275 0x0000FF
-75.98 251.74 -92.37 -71.98 228.96 -93.13 1.275 0x0000FF
-81.65 279.98 -91.46 -75.98 251.74 -92.37 1.275 0x0000FF
-82.01 282.7 -92.37 -81.65 279.98 -91.46 1.275 0x0000FF
-83.5 286.2 -94.95 -82.01 282.7 -92.37 1.005 0x0000FF
-84.59 290.58 -95.1 -83.5 286.2 -94.95 1.005 0x0000FF
-88.43 296.95 -95.25 -84.59 290.58 -95.1 1.005 0x0000FF
-91.35 308.25 -95.63 -88.43 296.95 -95.25 1.005 0x0000FF
-93.53 324.47 -95.85 -91.35 308.25 -95.63 1.005 0x0000FF
-94.26 329.94 -95.93 -93.53 324.47 -95.85 1.005 0x0000FF
-93.8 333.73 -95.7 -94.26 329.94 -95.93 0.64 0x0000FF
-92.53 338.65 -96.54 -93.8 333.73 -95.7 0.64 0x0000FF
-91.98 341.74 -97.9 -92.53 338.65 -96.54 0.64 0x0000FF
-91.61 344.48 -99.11 -91.98 341.74 -97.9 0.64 0x0000FF
-85.41 358.87 -100.02 -91.61 344.48 -99.11 0.64 0x0000FF
-83.95 363.79 -100.78 -85.41 358.87 -100.02 0.545 0x0000FF
-81.58 367.43 -99.94 -83.95 363.79 -100.78 0.545 0x0000FF
-77.93 374.54 -98.13 -81.58 367.43 -99.94 0.455 0x0000FF
-76.84 378.18 -96.84 -77.93 374.54 -98.13 0.455 0x0000FF
-74.09 382.92 -95.48 -76.84 378.18 -96.84 0.455 0x0000FF
-70.27 389.84 -93.2 -74.09 382.92 -95.48 0.455 0x0000FF
-68.98 393.85 -92.07 -70.27 389.84 -93.2 0.455 0x0000FF
-67.53 400.23 -88.96 -68.98 393.85 -92.07 0.455 0x0000FF
-65.89 404.05 -87.82 -67.53 400.23 -88.96 0.455 0x0000FF
-62.24 410.61 -85.55 -65.89 404.05 -87.82 0.455 0x0000FF
-59.69 413.71 -83.96 -62.24 410.61 -85.55 0.365 0x0000FF
-57.5 417.17 -82.9 -59.69 413.71 -83.96 0.365 0x0000FF
-46.18 440.68 -81.01 -57.5 417.17 -82.9 0.275 0x0000FF
-97.55 336.31 -96.23 -94.26 329.94 -95.93 0.82 0x0000FF
-100.65 340.5 -96.69 -97.55 336.31 -96.23 0.82 0x0000FF
-105.39 345.97 -96.84 -100.65 340.5 -96.69 0.82 0x0000FF
-112.14 353.07 -96.76 -105.39 345.97 -96.84 0.82 0x0000FF
-114.7 357.08 -95.63 -112.14 353.07 -96.76 0.73 0x0000FF
-118.17 359.82 -93.73 -114.7 357.08 -95.63 0.73 0x0000FF
-122.73 363.82 -92.67 -118.17 359.82 -93.73 0.64 0x0000FF
-127.11 366.74 -91.61 -122.73 363.82 -92.67 0.64 0x0000FF
-133.86 372.02 -91.46 -127.11 366.74 -91.61 0.64 0x0000FF
-136.59 374.57 -90.48 -133.86 372.02 -91.46 0.545 0x0000FF
-138.05 375.85 -90.32 -136.59 374.57 -90.48 0.545 0x0000FF
-151.28 398.41 -87.9 -138.05 375.85 -90.32 0.545 0x0000FF
-152.01 398.77 -86.16 -151.28 398.41 -87.9 0.545 0x0000FF
-153.1 399.86 -85.25 -152.01 398.77 -86.16 0.545 0x0000FF
-158.38 403.33 -86.69 -153.1 399.86 -85.25 0.545 0x0000FF
-155.11 401.5 -85.25 -158.38 403.33 -86.69 0.545 0x0000FF
-155.29 403.51 -85.25 -155.11 401.5 -85.25 0.73 0x0000FF
-155.84 404.42 -84.57 -155.29 403.51 -85.25 0.73 0x0000FF
-156.57 405.33 -84.49 -155.84 404.42 -84.57 0.73 0x0000FF
-156.75 405.88 -83.73 -156.57 405.33 -84.49 0.73 0x0000FF
-157.3 406.24 -82.45 -156.75 405.88 -83.73 0.73 0x0000FF
-157.47 406.79 -78.73 -157.3 406.24 -82.45 0.73 0x0000FF
-158.03 407.52 -74.56 -157.47 406.79 -78.73 0.73 0x0000FF
-158.38 408.97 -72.98 -158.03 407.52 -74.56 0.73 0x0000FF
-158.57 409.89 -72.22 -158.38 408.97 -72.98 0.64 0x0000FF
-158.76 411.16 -70.7 -158.57 409.89 -72.22 0.64 0x0000FF
-159.12 412.8 -68.13 -158.76 411.16 -70.7 0.64 0x0000FF
-159.49 413.35 -67.59 -159.12 412.8 -68.13 0.64 0x0000FF
-160.4 414.44 -66.45 -159.49 413.35 -67.59 0.64 0x0000FF
-161.49 415.9 -64.27 -160.4 414.44 -66.45 0.64 0x0000FF
-163.5 418.27 -62.98 -161.49 415.9 -64.27 0.64 0x0000FF
-164.41 419.91 -61.01 -163.5 418.27 -62.98 0.64 0x0000FF
-165.51 421.55 -60.48 -164.41 419.91 -61.01 0.64 0x0000FF
-168.79 424.64 -58.89 -165.51 421.55 -60.48 0.64 0x0000FF
-169.89 426.28 -57.07 -168.79 424.64 -58.89 0.545 0x0000FF
-171.35 428.11 -53.96 -169.89 426.28 -57.07 0.545 0x0000FF
-171.53 429.02 -49.19 -171.35 428.11 -53.96 0.545 0x0000FF
-171.89 429.93 -47.68 -171.53 429.02 -49.19 0.545 0x0000FF
-171.89 432.3 -45.93 -171.89 429.93 -47.68 0.545 0x0000FF
-171.71 433.75 -43.28 -171.89 432.3 -45.93 0.545 0x0000FF
-172.26 436.12 -41.84 -171.71 433.75 -43.28 0.545 0x0000FF
-173.54 437.22 -40.47 -172.26 436.12 -41.84 0.545 0x0000FF
-176.46 438.31 -38.65 -173.54 437.22 -40.47 0.455 0x0000FF
-182.48 437.76 -37.97 -176.46 438.31 -38.65 0.365 0x0000FF
-186.31 437.03 -37.0 -182.48 437.76 -37.97 0.275 0x0000FF
-163.32 407.33 -86.99 -155.11 401.5 -85.25 0.545 0x0000FF
-174.63 415.17 -88.35 -163.32 407.33 -86.99 0.545 0x0000FF
-186.31 423.55 -89.11 -174.63 415.17 -88.35 0.545 0x0000FF
-194.7 431.2 -90.25 -186.31 423.55 -89.11 0.545 0x0000FF
-206.2 436.85 -90.7 -194.7 431.2 -90.25 0.545 0x0000FF
-219.88 447.96 -91.92 -206.2 436.85 -90.7 0.545 0x0000FF
-229.37 458.53 -92.6 -219.88 447.96 -91.92 0.545 0x0000FF
-233.56 462.72 -94.11 -229.37 458.53 -92.6 0.545 0x0000FF
-236.48 465.46 -95.63 -233.56 462.72 -94.11 0.545 0x0000FF
-81.65 283.8 -91.69 -82.01 282.7 -92.37 1.095 0x0000FF
-81.09 284.72 -90.78 -81.65 283.8 -91.69 1.095 0x0000FF
-80.73 285.44 -91.01 -81.09 284.72 -90.78 1.095 0x0000FF
-80.55 286.72 -92.29 -80.73 285.44 -91.01 1.095 0x0000FF
-80.37 288.36 -94.19 -80.55 286.72 -92.29 1.095 0x0000FF
-80.19 290.0 -95.63 -80.37 288.36 -94.19 1.095 0x0000FF
-78.55 299.29 -96.91 -80.19 290.0 -95.63 1.095 0x0000FF
-78.36 300.38 -97.14 -78.55 299.29 -96.91 1.095 0x0000FF
-77.45 314.35 -97.37 -78.36 300.38 -97.14 1.095 0x0000FF
-73.56 320.6 -96.76 -77.45 314.35 -97.37 0.64 0x0000FF
-72.84 326.07 -96.46 -73.56 320.6 -96.76 0.64 0x0000FF
-71.38 332.99 -96.01 -72.84 326.07 -96.46 0.64 0x0000FF
-67.19 340.28 -95.4 -71.38 332.99 -96.01 0.64 0x0000FF
-63.36 344.65 -95.4 -67.19 340.28 -95.4 0.64 0x0000FF
-59.71 354.49 -95.78 -63.36 344.65 -95.4 0.64 0x0000FF
-57.7 357.59 -96.01 -59.71 354.49 -95.78 0.64 0x0000FF
-52.04 367.79 -96.38 -57.7 357.59 -96.01 0.64 0x0000FF
-44.02 381.82 -96.99 -52.04 367.79 -96.38 0.64 0x0000FF
-39.09 387.65 -97.75 -44.02 381.82 -96.99 0.64 0x0000FF
-36.54 391.3 -98.2 -39.09 387.65 -97.75 0.64 0x0000FF
-36.17 391.66 -96.99 -36.54 391.3 -98.2 0.64 0x0000FF
-34.53 394.03 -95.17 -36.17 391.66 -96.99 0.64 0x0000FF
-31.06 400.23 -93.58 -34.53 394.03 -95.17 0.64 0x0000FF
-27.78 406.78 -92.52 -31.06 400.23 -93.58 0.64 0x0000FF
-26.0 409.36 -90.25 -27.78 406.78 -92.52 0.64 0x0000FF
-25.82 411.55 -89.26 -26.0 409.36 -90.25 0.64 0x0000FF
-24.91 414.28 -87.52 -25.82 411.55 -89.26 0.64 0x0000FF
-22.72 418.47 -85.93 -24.91 414.28 -87.52 0.545 0x0000FF
-21.44 421.75 -85.55 -22.72 418.47 -85.93 0.545 0x0000FF
-20.53 425.03 -85.25 -21.44 421.75 -85.55 0.455 0x0000FF
-18.52 429.77 -85.25 -20.53 425.03 -85.25 0.365 0x0000FF
-81.09 319.08 -97.07 -77.45 314.35 -97.37 0.82 0x0000FF
-82.74 322.73 -96.23 -81.09 319.08 -97.07 0.82 0x0000FF
-82.74 322.91 -96.46 -82.74 322.73 -96.23 0.82 0x0000FF
-83.28 324.55 -97.75 -82.74 322.91 -96.46 0.82 0x0000FF
-83.47 328.93 -99.64 -83.28 324.55 -97.75 0.82 0x0000FF
-84.74 333.66 -100.78 -83.47 328.93 -99.64 0.82 0x0000FF
-85.66 337.13 -102.22 -84.74 333.66 -100.78 0.82 0x0000FF
-85.84 340.4 -103.73 -85.66 337.13 -102.22 0.82 0x0000FF
-86.02 341.5 -104.87 -85.84 340.4 -103.73 0.82 0x0000FF
-86.02 343.68 -106.46 -86.02 341.5 -104.87 0.82 0x0000FF
-86.02 344.41 -108.96 -86.02 343.68 -106.46 0.82 0x0000FF
-87.48 350.79 -110.1 -86.02 344.41 -108.96 1.005 0x0000FF
-86.92 352.17 -114.08 -87.48 350.79 -110.1 0.64 0x0000FF
-86.19 353.62 -117.44 -86.92 352.17 -114.08 0.64 0x0000FF
-86.0 354.72 -120.65 -86.19 353.62 -117.44 0.91 0x0000FF
-84.91 357.27 -122.18 -86.0 354.72 -120.65 0.91 0x0000FF
-83.81 358.91 -124.87 -84.91 357.27 -122.18 0.91 0x0000FF
-81.62 362.55 -126.08 -83.81 358.91 -124.87 0.91 0x0000FF
-79.44 367.29 -127.44 -81.62 362.55 -126.08 0.91 0x0000FF
-71.59 376.95 -130.09 -79.44 367.29 -127.44 0.91 0x0000FF
-68.12 385.51 -131.53 -71.59 376.95 -130.09 0.91 0x0000FF
-66.48 392.43 -132.29 -68.12 385.51 -131.53 0.91 0x0000FF
-65.02 394.98 -131.37 -66.48 392.43 -132.29 0.91 0x0000FF
-64.02 396.1 -130.37 -65.02 394.98 -131.37 0.91 0x0000FF
-63.38 396.62 -129.71 -64.02 396.1 -130.37 0.91 0x0000FF
-63.38 396.62 -130.19 -63.38 396.62 -129.71 0.91 0x0000FF
-66.4 400.15 -129.18 -63.38 396.62 -130.19 0.545 0x0000FF
-69.31 402.52 -129.87 -66.4 400.15 -129.18 0.545 0x0000FF
-74.61 409.08 -129.71 -69.31 402.52 -129.87 0.545 0x0000FF
-83.73 417.28 -128.19 -74.61 409.08 -129.71 0.545 0x0000FF
-90.48 422.93 -126.76 -83.73 417.28 -128.19 0.545 0x0000FF
-99.6 430.76 -125.85 -90.48 422.93 -126.76 0.545 0x0000FF
-110.55 438.96 -124.87 -99.6 430.76 -125.85 0.545 0x0000FF
-117.67 442.24 -122.75 -110.55 438.96 -124.87 0.545 0x0000FF
-121.5 443.33 -121.76 -117.67 442.24 -122.75 0.545 0x0000FF
-128.8 448.98 -119.72 -121.5 443.33 -121.76 0.545 0x0000FF
-130.44 454.08 -119.49 -128.8 448.98 -119.72 0.545 0x0000FF
-130.26 460.09 -118.81 -130.44 454.08 -119.49 0.545 0x0000FF
-135.37 468.84 -117.97 -130.26 460.09 -118.81 0.545 0x0000FF
-60.74 399.56 -128.19 -63.38 396.62 -130.19 0.91 0x0000FF
-57.91 402.09 -126.38 -60.74 399.56 -128.19 0.82 0x0000FF
-54.44 406.28 -124.94 -57.91 402.09 -126.38 0.73 0x0000FF
-51.7 412.66 -123.05 -54.44 406.28 -124.94 0.73 0x0000FF
-50.97 420.31 -120.85 -51.7 412.66 -123.05 0.73 0x0000FF
-50.24 424.68 -118.58 -50.97 420.31 -120.85 0.73 0x0000FF
-50.79 428.87 -116.0 -50.24 424.68 -118.58 0.73 0x0000FF
-50.97 430.7 -114.26 -50.79 428.87 -116.0 0.73 0x0000FF
-51.7 433.43 -110.32 -50.97 430.7 -114.26 0.64 0x0000FF
-52.25 435.43 -108.35 -51.7 433.43 -110.32 0.64 0x0000FF
-51.88 437.07 -107.6 -52.25 435.43 -108.35 0.64 0x0000FF
-50.79 438.89 -108.43 -51.88 437.07 -107.6 0.64 0x0000FF
-47.87 441.99 -109.49 -50.79 438.89 -108.43 0.545 0x0000FF
-46.78 443.27 -110.25 -47.87 441.99 -109.49 0.545 0x0000FF
-41.4 447.52 -111.99 -46.78 443.27 -110.25 0.545 0x0000FF
-40.67 448.07 -113.28 -41.4 447.52 -111.99 0.545 0x0000FF
-37.39 449.34 -109.94 -40.67 448.07 -113.28 0.545 0x0000FF
-35.2 451.17 -106.61 -37.39 449.34 -109.94 0.545 0x0000FF
-33.36 452.99 -103.66 -35.2 451.17 -106.61 0.545 0x0000FF
-31.91 454.63 -101.99 -33.36 452.99 -103.66 0.545 0x0000FF
-30.82 455.72 -99.57 -31.91 454.63 -101.99 0.455 0x0000FF
-25.53 461.19 -97.29 -30.82 455.72 -99.57 0.455 0x0000FF
-23.89 464.28 -96.76 -25.53 461.19 -97.29 0.365 0x0000FF
-87.85 353.71 -112.9 -87.48 350.79 -110.1 1.005 0x0000FF
-88.58 355.53 -113.66 -87.85 353.71 -112.9 1.005 0x0000FF
-89.67 357.71 -115.47 -88.58 355.53 -113.66 1.005 0x0000FF
-93.14 359.9 -116.69 -89.67 357.71 -115.47 1.005 0x0000FF
-97.52 367.01 -117.67 -93.14 359.9 -116.69 0.91 0x0000FF
-100.25 373.57 -118.43 -97.52 367.01 -117.67 0.73 0x0000FF
-103.17 378.12 -118.81 -100.25 373.57 -118.43 0.73 0x0000FF
-105.54 387.05 -119.56 -103.17 378.12 -118.81 0.64 0x0000FF
-108.1 391.24 -119.87 -105.54 387.05 -119.56 0.64 0x0000FF
-109.37 392.15 -119.09 -108.1 391.24 -119.87 0.64 0x0000FF
-114.48 399.92 -118.85 -109.37 392.15 -119.09 0.64 0x0000FF
-116.13 405.57 -117.67 -114.48 399.92 -118.85 0.64 0x0000FF
-116.31 405.93 -116.53 -116.13 405.57 -117.67 0.64 0x0000FF
-119.78 412.49 -114.41 -116.31 405.93 -116.53 0.545 0x0000FF
-123.61 419.23 -113.28 -119.78 412.49 -114.41 0.545 0x0000FF
-128.35 424.33 -111.46 -123.61 419.23 -113.28 0.545 0x0000FF
-132.0 428.16 -110.63 -128.35 424.33 -111.46 0.545 0x0000FF
-132.91 428.53 -110.55 -132.0 428.16 -110.63 0.545 0x0000FF
-133.96 430.87 -110.32 -132.91 428.53 -110.55 0.455 0x0000FF
-138.16 434.87 -109.41 -133.96 430.87 -110.32 0.455 0x0000FF
-142.16 436.15 -108.58 -138.16 434.87 -109.41 0.455 0x0000FF
-144.72 436.51 -108.05 -142.16 436.15 -108.58 0.455 0x0000FF
-147.47 437.61 -107.14 -144.72 436.51 -108.05 0.455 0x0000FF
-152.21 442.71 -105.47 -147.47 437.61 -107.14 0.455 0x0000FF
-158.41 449.63 -105.02 -152.21 442.71 -105.47 0.455 0x0000FF
-172.83 456.74 -104.26 -158.41 449.63 -105.02 0.455 0x0000FF
-183.96 460.56 -103.28 -172.83 456.74 -104.26 0.455 0x0000FF
-199.65 466.21 -101.99 -183.96 460.56 -103.28 0.455 0x0000FF
-217.53 478.78 -101.76 -199.65 466.21 -101.99 0.455 0x0000FF
-226.1 481.15 -102.75 -217.53 478.78 -101.76 0.455 0x0000FF
-231.94 479.51 -103.73 -226.1 481.15 -102.75 0.455 0x0000FF
-233.4 478.42 -104.64 -231.94 479.51 -103.73 0.455 0x0000FF
-239.24 477.33 -105.78 -233.4 478.42 -104.64 0.455 0x0000FF
-138.02 429.25 -110.4 -132.91 428.53 -110.55 0.545 0x0000FF
-142.76 431.99 -109.87 -138.02 429.25 -110.4 0.455 0x0000FF
-145.13 435.08 -109.79 -142.76 431.99 -109.87 0.455 0x0000FF
-147.51 442.19 -109.19 -145.13 435.08 -109.79 0.455 0x0000FF
-147.69 445.65 -110.25 -147.51 442.19 -109.19 0.455 0x0000FF
-148.41 448.75 -110.85 -147.69 445.65 -110.25 0.455 0x0000FF
-150.24 453.67 -111.91 -148.41 448.75 -110.85 0.455 0x0000FF
-153.71 459.86 -112.67 -150.24 453.67 -111.91 0.455 0x0000FF
-160.83 470.07 -113.88 -153.71 459.86 -112.67 0.455 0x0000FF
-168.86 476.26 -114.34 -160.83 470.07 -113.88 0.455 0x0000FF
-173.78 480.45 -115.55 -168.86 476.26 -114.34 0.455 0x0000FF
-176.7 483.55 -116.31 -173.78 480.45 -115.55 0.455 0x0000FF
-190.71 490.44 -116.69 -176.7 483.55 -116.31 0.365 0x0000FF
-204.21 495.91 -116.76 -190.71 490.44 -116.69 0.365 0x0000FF
-216.07 501.19 -117.06 -204.21 495.91 -116.76 0.365 0x0000FF
-25.72 16.42 -101.54 -27.18 16.96 -101.54 1.275 0x0000FF
-21.7 17.69 -102.14 -25.72 16.42 -101.54 0.91 0x0000FF
-19.88 17.88 -102.67 -21.7 17.69 -102.14 0.91 0x0000FF
-16.96 19.14 -103.35 -19.88 17.88 -102.67 0.91 0x0000FF
-13.86 22.07 -103.96 -16.96 19.14 -103.35 0.455 0x0000FF
-9.48 23.71 -104.49 -13.86 22.07 -103.96 0.455 0x0000FF
-5.65 24.98 -104.57 -9.48 23.71 -104.49 0.365 0x0000FF
-3.09 26.07 -104.57 -5.65 24.98 -104.57 0.275 0x0000FF
-15.68 19.14 -102.6 -16.96 19.14 -103.35 0.64 0x0000FF
-13.86 19.14 -101.31 -15.68 19.14 -102.6 0.64 0x0000FF
-12.58 19.14 -100.47 -13.86 19.14 -101.31 0.64 0x0000FF
-10.02 19.32 -99.04 -12.58 19.14 -100.47 0.64 0x0000FF
-6.01 19.32 -98.05 -10.02 19.32 -99.04 0.64 0x0000FF
-0.91 19.7 -97.44 -6.01 19.32 -98.05 0.64 0x0000FF
8.76 19.7 -96.91 -0.91 19.7 -97.44 0.64 0x0000FF
15.15 20.05 -96.08 8.76 19.7 -96.91 0.64 0x0000FF
18.25 20.23 -95.55 15.15 20.05 -96.08 0.545 0x0000FF
25.37 20.43 -95.1 18.25 20.23 -95.55 0.545 0x0000FF
28.29 21.15 -94.72 25.37 20.43 -95.1 0.545 0x0000FF
32.11 21.34 -93.28 28.29 21.15 -94.72 0.545 0x0000FF
38.86 21.15 -91.31 32.11 21.34 -93.28 0.545 0x0000FF
40.51 20.79 -91.16 38.86 21.15 -91.31 0.365 0x0000FF
41.97 19.7 -91.16 40.51 20.79 -91.16 0.365 0x0000FF
51.09 18.79 -91.16 41.97 19.7 -91.16 0.365 0x0000FF
