28.95 -4.33 185.71 17.6 -10.35 187.45 1.275 0x0000FF
32.78 -1.6 186.31 28.95 -4.33 185.71 1.275 0x0000FF
36.97 1.12 186.39 32.78 -1.6 186.31 1.275 0x0000FF
38.25 1.86 185.71 36.97 1.12 186.39 1.275 0x0000FF
41.93 2.49 188.21 38.25 1.86 185.71 0.455 0x0000FF
44.66 2.85 189.34 41.93 2.49 188.21 0.455 0x0000FF
48.31 2.85 190.48 44.66 2.85 189.34 0.455 0x0000FF
51.23 2.31 192.15 48.31 2.85 190.48 0.455 0x0000FF
53.24 1.03 193.89 51.23 2.31 192.15 0.455 0x0000FF
54.33 1.03 195.25 53.24 1.03 193.89 0.455 0x0000FF
54.88 1.4 196.54 54.33 1.03 195.25 0.455 0x0000FF
57.44 1.58 199.04 54.88 1.4 196.54 0.455 0x0000FF
58.9 1.4 200.56 57.44 1.58 199.04 0.455 0x0000FF
68.38 2.31 202.07 58.9 1.4 200.56 0.455 0x0000FF
84.8 5.95 202.9 68.38 2.31 202.07 0.455 0x0000FF
89.91 8.86 204.04 84.8 5.95 202.9 0.455 0x0000FF
114.36 14.15 205.4 89.91 8.86 204.04 0.455 0x0000FF
137.53 21.99 205.56 114.36 14.15 205.4 0.455 0x0000FF
145.56 23.44 206.16 137.53 21.99 205.56 0.455 0x0000FF
148.12 24.35 207.45 145.56 23.44 206.16 0.365 0x0000FF
154.13 27.63 207.98 148.12 24.35 207.45 0.365 0x0000FF
157.6 30.18 208.43 154.13 27.63 207.98 0.365 0x0000FF
162.53 33.83 208.96 157.6 30.18 208.43 0.365 0x0000FF
164.9 35.47 207.75 162.53 33.83 208.96 0.365 0x0000FF
167.27 37.29 207.07 164.9 35.47 207.75 0.365 0x0000FF
169.46 38.57 209.04 167.27 37.29 207.07 0.365 0x0000FF
172.2 40.21 210.93 169.46 38.57 209.04 0.365 0x0000FF
174.21 40.57 212.6 172.2 40.21 210.93 0.365 0x0000FF
176.4 41.12 213.74 174.21 40.57 212.6 0.365 0x0000FF
178.04 41.12 215.33 176.4 41.12 213.74 0.365 0x0000FF
150.66 23.63 210.1 148.12 24.35 207.45 0.365 0x0000FF
154.5 23.44 210.63 150.66 23.63 210.1 0.365 0x0000FF
155.78 24.17 211.31 154.5 23.44 210.63 0.365 0x0000FF
156.69 25.27 212.6 155.78 24.17 211.31 0.365 0x0000FF
157.06 25.27 212.9 156.69 25.27 212.6 0.365 0x0000FF
159.24 26.9 214.34 157.06 25.27 212.9 0.365 0x0000FF
161.62 28.36 214.8 159.24 26.9 214.34 0.365 0x0000FF
163.62 29.09 215.25 161.62 28.36 214.8 0.365 0x0000FF
41.72 4.41 184.8 38.25 1.86 185.71 1.185 0x0000FF
44.45 8.06 184.72 41.72 4.41 184.8 1.185 0x0000FF
45.73 10.79 184.04 44.45 8.06 184.72 1.185 0x0000FF
47.19 13.89 183.74 45.73 10.79 184.04 1.185 0x0000FF
48.65 16.07 183.28 47.19 13.89 183.74 1.005 0x0000FF
50.84 17.35 182.6 48.65 16.07 183.28 1.005 0x0000FF
53.76 17.89 181.77 50.84 17.35 182.6 0.82 0x0000FF
56.68 18.07 181.47 53.76 17.89 181.77 0.82 0x0000FF
61.06 20.63 182.0 56.68 18.07 181.47 0.64 0x0000FF
61.97 21.54 183.59 61.06 20.63 182.0 0.64 0x0000FF
64.16 23.18 185.1 61.97 21.54 183.59 0.64 0x0000FF
66.17 25.0 187.07 64.16 23.18 185.1 0.64 0x0000FF
69.45 32.47 188.44 66.17 25.0 187.07 0.545 0x0000FF
70.36 37.94 190.41 69.45 32.47 188.44 0.545 0x0000FF
70.36 39.94 191.92 70.36 37.94 190.41 0.545 0x0000FF
70.0 42.86 193.97 70.36 39.94 191.92 0.545 0x0000FF
69.27 47.78 195.56 70.0 42.86 193.97 0.545 0x0000FF
67.81 50.87 197.98 69.27 47.78 195.56 0.545 0x0000FF
66.9 54.33 200.18 67.81 50.87 197.98 0.545 0x0000FF
66.53 56.52 202.68 66.9 54.33 200.18 0.545 0x0000FF
66.34 58.71 204.87 66.53 56.52 202.68 0.545 0x0000FF
65.98 61.62 205.25 66.34 58.71 204.87 0.545 0x0000FF
65.06 63.63 207.6 65.98 61.62 205.25 0.545 0x0000FF
64.34 67.09 209.34 65.06 63.63 207.6 0.545 0x0000FF
61.63 83.57 210.78 64.34 67.09 209.34 0.545 0x0000FF
60.72 90.67 212.15 61.63 83.57 210.78 0.545 0x0000FF
58.17 94.87 213.51 60.72 90.67 212.15 0.545 0x0000FF
54.33 99.78 213.74 58.17 94.87 213.51 0.545 0x0000FF
51.42 105.98 213.43 54.33 99.78 213.74 0.545 0x0000FF
51.23 110.35 213.74 51.42 105.98 213.43 0.275 0x0000FF
52.69 112.54 215.18 51.23 110.35 213.74 0.275 0x0000FF
54.7 115.45 215.78 52.69 112.54 215.18 0.275 0x0000FF
56.16 117.64 214.11 54.7 115.45 215.78 0.275 0x0000FF
57.8 120.37 211.99 56.16 117.64 214.11 0.275 0x0000FF
48.68 113.09 212.37 51.42 105.98 213.43 0.545 0x0000FF
49.23 118.92 211.92 48.68 113.09 212.37 0.545 0x0000FF
50.14 126.02 211.08 49.23 118.92 211.92 0.455 0x0000FF
49.96 133.31 210.4 50.14 126.02 211.08 0.455 0x0000FF
50.69 140.78 209.8 49.96 133.31 210.4 0.455 0x0000FF
52.51 144.61 209.12 50.69 140.78 209.8 0.275 0x0000FF
54.88 147.69 208.74 52.51 144.61 209.12 0.275 0x0000FF
16.75 1.94 183.74 17.6 -10.35 187.45 1.55 0x0000FF
17.66 11.6 183.44 16.75 1.94 183.74 1.55 0x0000FF
20.58 12.69 184.65 17.66 11.6 183.44 0.455 0x0000FF
24.78 15.79 185.1 20.58 12.69 184.65 0.455 0x0000FF
28.61 20.16 184.8 24.78 15.79 185.1 0.455 0x0000FF
30.43 24.17 184.42 28.61 20.16 184.8 0.455 0x0000FF
32.08 26.36 184.72 30.43 24.17 184.42 0.455 0x0000FF
34.26 28.54 185.48 32.08 26.36 184.72 0.455 0x0000FF
35.9 30.91 186.01 34.26 28.54 185.48 0.455 0x0000FF
38.1 35.1 187.15 35.9 30.91 186.01 0.455 0x0000FF
39.92 40.39 187.98 38.1 35.1 187.15 0.455 0x0000FF
40.83 44.03 188.66 39.92 40.39 187.98 0.365 0x0000FF
42.11 48.4 189.65 40.83 44.03 188.66 0.365 0x0000FF
47.22 58.06 190.18 42.11 48.4 189.65 0.365 0x0000FF
48.13 60.07 190.41 47.22 58.06 190.18 0.18 0x0000FF
49.96 62.62 190.78 48.13 60.07 190.41 0.18 0x0000FF
53.42 68.26 191.01 49.96 62.62 190.78 0.18 0x0000FF
18.39 15.43 180.86 17.66 11.6 183.44 1.095 0x0000FF
18.94 19.62 181.24 18.39 15.43 180.86 1.095 0x0000FF
18.39 21.62 181.39 18.94 19.62 181.24 0.455 0x0000FF
19.67 28.54 182.45 18.39 21.62 181.39 0.455 0x0000FF
19.67 33.28 183.28 19.67 28.54 182.45 0.455 0x0000FF
20.39 36.56 184.5 19.67 33.28 183.28 0.455 0x0000FF
20.95 39.47 186.39 20.39 36.56 184.5 0.455 0x0000FF
22.04 41.66 186.92 20.95 39.47 186.39 0.455 0x0000FF
24.05 42.94 187.91 22.04 41.66 186.92 0.455 0x0000FF
27.88 44.21 189.12 24.05 42.94 187.91 0.455 0x0000FF
30.25 45.12 190.25 27.88 44.21 189.12 0.455 0x0000FF
32.08 46.76 191.47 30.25 45.12 190.25 0.455 0x0000FF
33.17 49.86 192.6 32.08 46.76 191.47 0.455 0x0000FF
33.35 52.23 193.21 33.17 49.86 192.6 0.455 0x0000FF
34.45 53.69 194.42 33.35 52.23 193.21 0.455 0x0000FF
36.82 55.87 196.47 34.45 53.69 194.42 0.455 0x0000FF
41.02 58.61 196.92 36.82 55.87 196.47 0.365 0x0000FF
43.57 60.07 197.6 41.02 58.61 196.92 0.365 0x0000FF
49.59 63.16 198.66 43.57 60.07 197.6 0.365 0x0000FF
51.42 65.53 198.89 49.59 63.16 198.66 0.365 0x0000FF
53.6 68.98 199.57 51.42 65.53 198.89 0.365 0x0000FF
53.6 72.64 199.57 53.6 68.98 199.57 0.365 0x0000FF
52.87 75.19 199.57 53.6 72.64 199.57 0.365 0x0000FF
52.14 77.37 199.8 52.87 75.19 199.57 0.275 0x0000FF
52.14 78.83 199.8 52.14 77.37 199.8 0.275 0x0000FF
52.51 79.38 199.8 52.14 78.83 199.8 0.275 0x0000FF
53.06 79.73 199.8 52.51 79.38 199.8 0.275 0x0000FF
20.22 21.44 181.16 18.94 19.62 181.24 0.73 0x0000FF
20.95 23.99 180.94 20.22 21.44 181.16 0.73 0x0000FF
20.39 27.82 180.25 20.95 23.99 180.94 0.64 0x0000FF
18.57 30.55 180.03 20.39 27.82 180.25 0.64 0x0000FF
18.03 34.19 179.72 18.57 30.55 180.03 0.455 0x0000FF
17.84 36.38 179.57 18.03 34.19 179.72 0.455 0x0000FF
18.39 39.47 179.27 17.84 36.38 179.57 0.455 0x0000FF
18.03 44.76 179.19 18.39 39.47 179.27 0.275 0x0000FF
17.66 47.49 179.04 18.03 44.76 179.19 0.275 0x0000FF
11.82 -3.34 192.0 17.6 -10.35 187.45 0.455 0x0000FF
10.0 -1.88 193.06 11.82 -3.34 192.0 0.455 0x0000FF
5.62 -2.61 193.74 10.0 -1.88 193.06 0.455 0x0000FF
0.69 -2.79 194.65 5.62 -2.61 193.74 0.455 0x0000FF
-4.96 -0.43 195.93 0.69 -2.79 194.65 0.455 0x0000FF
-6.42 3.95 195.48 -4.96 -0.43 195.93 0.365 0x0000FF
-8.43 8.5 195.48 -6.42 3.95 195.48 0.365 0x0000FF
-9.34 11.42 196.54 -8.43 8.5 195.48 0.365 0x0000FF
-9.89 15.43 197.6 -9.34 11.42 196.54 0.365 0x0000FF
-10.8 22.17 198.74 -9.89 15.43 197.6 0.365 0x0000FF
-13.72 27.45 199.65 -10.8 22.17 198.74 0.365 0x0000FF
-17.19 32.92 200.03 -13.72 27.45 199.65 0.365 0x0000FF
-21.57 39.84 201.09 -17.19 32.92 200.03 0.365 0x0000FF
-32.33 49.68 202.07 -21.57 39.84 201.09 0.365 0x0000FF
-42.37 57.15 202.68 -32.33 49.68 202.07 0.365 0x0000FF
-43.27 58.28 202.53 -42.37 57.15 202.68 0.365 0x0000FF
-46.55 61.01 201.54 -43.27 58.28 202.53 0.365 0x0000FF
-47.83 61.56 200.33 -46.55 61.01 201.54 0.365 0x0000FF
-49.11 62.1 198.59 -47.83 61.56 200.33 0.365 0x0000FF
-53.49 63.56 197.07 -49.11 62.1 198.59 0.365 0x0000FF
-56.4 65.2 195.56 -53.49 63.56 197.07 0.365 0x0000FF
-58.96 66.29 193.51 -56.4 65.2 195.56 0.365 0x0000FF
-62.79 67.93 192.15 -58.96 66.29 193.51 0.365 0x0000FF
-67.53 68.66 189.8 -62.79 67.93 192.15 0.365 0x0000FF
-70.45 69.56 188.59 -67.53 68.66 189.8 0.365 0x0000FF
-74.28 72.48 186.24 -70.45 69.56 188.59 0.365 0x0000FF
-78.12 75.04 185.25 -74.28 72.48 186.24 0.365 0x0000FF
-82.31 77.95 182.91 -78.12 75.04 185.25 0.275 0x0000FF
-85.6 79.23 182.07 -82.31 77.95 182.91 0.275 0x0000FF
-88.88 79.59 181.01 -85.6 79.23 182.07 0.275 0x0000FF
-92.17 79.95 179.72 -88.88 79.59 181.01 0.18 0x0000FF
-9.16 0.3 197.15 -4.96 -0.43 195.93 0.455 0x0000FF
-16.46 3.4 198.36 -9.16 0.3 197.15 0.365 0x0000FF
-22.48 4.3 198.74 -16.46 3.4 198.36 0.365 0x0000FF
-35.25 6.5 199.34 -22.48 4.3 198.74 0.275 0x0000FF
-41.64 7.59 200.1 -35.25 6.5 199.34 0.275 0x0000FF
-47.66 9.23 200.63 -41.64 7.59 200.1 0.275 0x0000FF
-57.69 9.77 201.16 -47.66 9.23 200.63 0.275 0x0000FF
9.27 -6.98 176.47 17.6 -10.35 187.45 1.275 0x0000FF
3.79 -3.16 176.47 9.27 -6.98 176.47 1.275 0x0000FF
2.35 -1.85 175.56 3.79 -3.16 176.47 0.365 0x0000FF
1.43 0.52 174.42 2.35 -1.85 175.56 0.365 0x0000FF
0.89 2.52 173.66 1.43 0.52 174.42 0.365 0x0000FF
0.52 5.8 172.0 0.89 2.52 173.66 0.365 0x0000FF
-1.49 9.44 168.21 0.52 5.8 172.0 0.365 0x0000FF
-5.14 12.0 168.66 -1.49 9.44 168.21 0.365 0x0000FF
-12.43 15.28 169.5 -5.14 12.0 168.66 0.275 0x0000FF
-19.91 16.73 169.8 -12.43 15.28 169.5 0.275 0x0000FF
-25.57 18.01 168.89 -19.91 16.73 169.8 0.275 0x0000FF
-31.04 19.1 167.83 -25.57 18.01 168.89 0.275 0x0000FF
-34.88 20.2 167.23 -31.04 19.1 167.83 0.275 0x0000FF
-39.61 20.93 166.77 -34.88 20.2 167.23 0.18 0x0000FF
-43.09 22.93 166.09 -39.61 20.93 166.77 0.18 0x0000FF
1.42 -3.52 176.39 3.79 -3.16 176.47 0.64 0x0000FF
-3.69 -4.8 175.79 1.42 -3.52 176.39 0.64 0x0000FF
-12.81 -3.7 175.1 -3.69 -4.8 175.79 0.64 0x0000FF
-17.0 -0.97 175.1 -12.81 -3.7 175.1 0.455 0x0000FF
-21.2 2.31 174.57 -17.0 -0.97 175.1 0.455 0x0000FF
-22.48 3.58 174.27 -21.2 2.31 174.57 0.455 0x0000FF
-24.12 5.22 177.15 -22.48 3.58 174.27 0.275 0x0000FF
-27.4 8.14 177.75 -24.12 5.22 177.15 0.275 0x0000FF
-29.96 10.87 180.18 -27.4 8.14 177.75 0.275 0x0000FF
-33.61 14.52 181.47 -29.96 10.87 180.18 0.275 0x0000FF
-38.9 18.71 183.13 -33.61 14.52 181.47 0.275 0x0000FF
-42.0 21.44 185.41 -38.9 18.71 183.13 0.275 0x0000FF
-50.03 25.08 187.0 -42.0 21.44 185.41 0.275 0x0000FF
-62.44 28.0 187.91 -50.03 25.08 187.0 0.275 0x0000FF
-68.98 30.58 190.1 -62.44 28.0 187.91 0.275 0x0000FF
-69.91 30.58 191.09 -68.98 30.58 190.1 0.275 0x0000FF
-72.28 32.04 191.01 -69.91 30.58 191.09 0.275 0x0000FF
-75.01 34.22 190.48 -72.28 32.04 191.01 0.275 0x0000FF
-78.12 37.14 190.03 -75.01 34.22 190.48 0.275 0x0000FF
-81.77 38.6 188.28 -78.12 37.14 190.03 0.275 0x0000FF
-85.78 38.22 187.83 -81.77 38.6 188.28 0.275 0x0000FF
-91.44 37.14 187.53 -85.78 38.22 187.83 0.275 0x0000FF
-98.37 35.68 186.92 -91.44 37.14 187.53 0.275 0x0000FF
-101.65 33.13 186.47 -98.37 35.68 186.92 0.275 0x0000FF
17.48 -22.45 184.72 17.6 -10.35 187.45 3.465 0x0000FF
16.94 -25.55 184.8 17.48 -22.45 184.72 3.465 0x0000FF
16.21 -29.19 184.95 16.94 -25.55 184.8 3.195 0x0000FF
15.48 -34.84 185.63 16.21 -29.19 184.95 3.195 0x0000FF
14.21 -39.4 185.78 15.48 -34.84 185.63 2.92 0x0000FF
12.38 -44.5 186.24 14.21 -39.4 185.78 2.92 0x0000FF
10.01 -52.88 187.15 12.38 -44.5 186.24 2.83 0x0000FF
6.91 -62.9 187.53 10.01 -52.88 187.15 2.83 0x0000FF
7.09 -71.65 187.38 6.91 -62.9 187.53 2.735 0x0000FF
7.46 -76.2 187.0 7.09 -71.65 187.38 2.735 0x0000FF
7.46 -78.39 186.47 7.46 -76.2 187.0 2.465 0x0000FF
7.09 -84.76 186.01 7.46 -78.39 186.47 2.37 0x0000FF
4.9 -91.51 185.48 7.09 -84.76 186.01 2.37 0x0000FF
1.98 -99.34 184.8 4.9 -91.51 185.48 2.28 0x0000FF
1.8 -100.07 186.39 1.98 -99.34 184.8 2.28 0x0000FF
0.52 -103.17 186.77 1.8 -100.07 186.39 2.28 0x0000FF
0.16 -104.99 187.0 0.52 -103.17 186.77 2.28 0x0000FF
-0.39 -106.45 187.68 0.16 -104.99 187.0 2.19 0x0000FF
-2.29 -113.84 190.78 -0.39 -106.45 187.68 2.19 0x0000FF
-3.94 -119.67 191.69 -2.29 -113.84 190.78 2.1 0x0000FF
-6.68 -125.32 190.94 -3.94 -119.67 191.69 2.1 0x0000FF
-8.69 -129.69 190.25 -6.68 -125.32 190.94 2.1 0x0000FF
-9.05 -131.15 192.6 -8.69 -129.69 190.25 2.1 0x0000FF
-10.51 -137.71 194.19 -9.05 -131.15 192.6 2.1 0x0000FF
-12.88 -145.72 195.1 -10.51 -137.71 194.19 2.1 0x0000FF
-14.16 -153.38 196.31 -12.88 -145.72 195.1 2.1 0x0000FF
-14.71 -156.84 197.75 -14.16 -153.38 196.31 2.1 0x0000FF
-14.89 -159.21 198.81 -14.71 -156.84 197.75 2.1 0x0000FF
-14.53 -166.68 200.71 -14.89 -159.21 198.81 1.915 0x0000FF
-15.84 -167.05 201.69 -14.53 -166.68 200.71 0.545 0x0000FF
-17.48 -170.51 202.22 -15.84 -167.05 201.69 0.545 0x0000FF
-19.3 -177.07 203.13 -17.48 -170.51 202.22 0.545 0x0000FF
-19.67 -181.99 203.96 -19.3 -177.07 203.13 0.545 0x0000FF
-19.48 -186.18 204.04 -19.67 -181.99 203.96 0.545 0x0000FF
-18.57 -190.55 201.92 -19.48 -186.18 204.04 0.545 0x0000FF
-17.85 -192.01 200.93 -18.57 -190.55 201.92 0.545 0x0000FF
-16.21 -194.01 199.87 -17.85 -192.01 200.93 0.545 0x0000FF
-12.56 -196.56 197.83 -16.21 -194.01 199.87 0.545 0x0000FF
-11.46 -199.48 197.9 -12.56 -196.56 197.83 0.455 0x0000FF
-11.65 -202.03 198.59 -11.46 -199.48 197.9 0.455 0x0000FF
-12.56 -203.49 198.81 -11.65 -202.03 198.59 0.455 0x0000FF
-13.84 -204.94 197.53 -12.56 -203.49 198.81 0.455 0x0000FF
-14.2 -205.67 195.93 -13.84 -204.94 197.53 0.455 0x0000FF
-15.84 -207.31 195.18 -14.2 -205.67 195.93 0.455 0x0000FF
-17.48 -210.05 193.28 -15.84 -207.31 195.18 0.365 0x0000FF
-18.76 -214.6 192.22 -17.48 -210.05 193.28 0.365 0x0000FF
-19.67 -217.88 190.71 -18.76 -214.6 192.22 0.365 0x0000FF
-20.95 -222.07 189.04 -19.67 -217.88 190.71 0.365 0x0000FF
-22.05 -225.72 187.98 -20.95 -222.07 189.04 0.365 0x0000FF
-22.96 -230.82 186.31 -22.05 -225.72 187.98 0.365 0x0000FF
-25.51 -237.92 185.25 -22.96 -230.82 186.31 0.365 0x0000FF
-30.26 -250.13 183.59 -25.51 -237.92 185.25 0.365 0x0000FF
-31.35 -255.23 183.36 -30.26 -250.13 183.59 0.365 0x0000FF
-31.53 -258.14 183.06 -31.35 -255.23 183.36 0.365 0x0000FF
-34.71 -261.69 182.0 -31.53 -258.14 183.06 0.275 0x0000FF
-36.17 -264.97 181.77 -34.71 -261.69 182.0 0.275 0x0000FF
-37.45 -268.98 181.62 -36.17 -264.97 181.77 0.275 0x0000FF
-9.46 -199.3 196.24 -12.56 -196.56 197.83 0.455 0x0000FF
-4.53 -199.84 195.71 -9.46 -199.3 196.24 0.365 0x0000FF
-2.34 -200.94 195.03 -4.53 -199.84 195.71 0.365 0x0000FF
-1.25 -201.66 194.65 -2.34 -200.94 195.03 0.365 0x0000FF
1.12 -203.3 194.27 -1.25 -201.66 194.65 0.365 0x0000FF
5.87 -203.85 193.89 1.12 -203.3 194.27 0.365 0x0000FF
-14.34 -169.59 201.01 -14.53 -166.68 200.71 1.37 0x0000FF
-15.07 -171.96 201.46 -14.34 -169.59 201.01 1.37 0x0000FF
-16.53 -175.79 201.84 -15.07 -171.96 201.46 1.37 0x0000FF
-21.64 -182.16 202.22 -16.53 -175.79 201.84 1.275 0x0000FF
-24.56 -188.36 202.6 -21.64 -182.16 202.22 1.275 0x0000FF
-25.66 -194.74 203.06 -24.56 -188.36 202.6 1.275 0x0000FF
-26.59 -200.83 204.87 -25.66 -194.74 203.06 1.55 0x0000FF
-29.33 -205.03 205.33 -26.59 -200.83 204.87 1.55 0x0000FF
-32.43 -212.13 205.63 -29.33 -205.03 205.33 1.55 0x0000FF
-33.89 -216.5 206.69 -32.43 -212.13 205.63 1.55 0x0000FF
-34.97 -219.24 207.37 -33.89 -216.5 206.69 1.55 0x0000FF
-40.85 -222.64 209.04 -34.97 -219.24 207.37 0.545 0x0000FF
-43.59 -225.19 210.18 -40.85 -222.64 209.04 0.545 0x0000FF
-47.6 -227.74 211.24 -43.59 -225.19 210.18 0.545 0x0000FF
-54.9 -229.01 212.75 -47.6 -227.74 211.24 0.545 0x0000FF
-64.56 -230.47 213.05 -54.9 -229.01 212.75 0.545 0x0000FF
-66.4 -230.65 211.16 -64.56 -230.47 213.05 0.545 0x0000FF
-67.67 -229.56 212.3 -66.4 -230.65 211.16 0.365 0x0000FF
-74.97 -227.92 213.36 -67.67 -229.56 212.3 0.365 0x0000FF
-79.17 -226.65 214.95 -74.97 -227.92 213.36 0.365 0x0000FF
-90.48 -225.01 216.08 -79.17 -226.65 214.95 0.365 0x0000FF
-103.62 -227.37 217.98 -90.48 -225.01 216.08 0.365 0x0000FF
-115.11 -231.75 219.34 -103.62 -227.37 217.98 0.365 0x0000FF
-135.91 -238.85 221.39 -115.11 -231.75 219.34 0.365 0x0000FF
-153.61 -240.68 223.05 -135.91 -238.85 221.39 0.365 0x0000FF
-167.66 -237.58 224.19 -153.61 -240.68 223.05 0.365 0x0000FF
-170.0 -234.79 224.87 -167.66 -237.58 224.19 0.275 0x0000FF
-170.36 -232.97 225.17 -170.0 -234.79 224.87 0.275 0x0000FF
-76.79 -234.3 209.12 -66.4 -230.65 211.16 0.455 0x0000FF
-78.98 -237.4 208.59 -76.79 -234.3 209.12 0.455 0x0000FF
-82.63 -242.86 207.52 -78.98 -237.4 208.59 0.365 0x0000FF
-86.65 -248.69 206.69 -82.63 -242.86 207.52 0.365 0x0000FF
-36.44 -225.98 207.98 -34.97 -219.24 207.37 1.55 0x0000FF
-38.08 -234.18 208.59 -36.44 -225.98 207.98 1.46 0x0000FF
-39.9 -241.1 209.27 -38.08 -234.18 208.59 1.46 0x0000FF
-41.19 -249.3 209.57 -39.9 -241.1 209.27 1.46 0x0000FF
-41.55 -256.41 210.25 -41.19 -249.3 209.57 1.46 0x0000FF
-42.46 -267.7 210.86 -41.55 -256.41 210.25 1.095 0x0000FF
-43.92 -274.44 211.46 -42.46 -267.7 210.86 1.095 0x0000FF
-45.93 -280.82 211.99 -43.92 -274.44 211.46 1.005 0x0000FF
-46.3 -283.55 212.52 -45.93 -280.82 211.99 1.005 0x0000FF
-55.97 -308.88 213.43 -46.3 -283.55 212.52 1.005 0x0000FF
-58.52 -316.54 213.66 -55.97 -308.88 213.43 1.005 0x0000FF
-60.34 -328.01 214.87 -58.52 -316.54 213.66 1.005 0x0000FF
-59.98 -334.03 215.25 -60.34 -328.01 214.87 1.005 0x0000FF
-58.16 -351.52 216.77 -59.98 -334.03 215.25 1.005 0x0000FF
-58.16 -355.89 217.6 -58.16 -351.52 216.77 0.91 0x0000FF
-58.03 -357.34 216.54 -58.16 -355.89 217.6 0.545 0x0000FF
-56.39 -361.35 215.48 -58.03 -357.34 216.54 0.545 0x0000FF
-55.48 -362.99 214.34 -56.39 -361.35 215.48 0.545 0x0000FF
-54.75 -363.72 213.89 -55.48 -362.99 214.34 0.545 0x0000FF
-52.92 -365.54 214.19 -54.75 -363.72 213.89 0.455 0x0000FF
-52.56 -366.09 215.18 -52.92 -365.54 214.19 0.455 0x0000FF
-52.19 -367.18 216.99 -52.56 -366.09 215.18 0.455 0x0000FF
-51.64 -369.18 218.13 -52.19 -367.18 216.99 0.365 0x0000FF
-51.1 -371.19 219.19 -51.64 -369.18 218.13 0.365 0x0000FF
-50.0 -373.74 220.1 -51.1 -371.19 219.19 0.365 0x0000FF
-59.8 -369.19 217.3 -58.16 -355.89 217.6 0.82 0x0000FF
-60.71 -374.11 217.98 -59.8 -369.19 217.3 0.82 0x0000FF
-61.16 -385.35 221.39 -60.71 -374.11 217.98 0.82 0x0000FF
-61.16 -388.63 221.84 -61.16 -385.35 221.39 0.82 0x0000FF
-58.99 -394.12 220.86 -61.16 -388.63 221.84 0.545 0x0000FF
-58.26 -399.04 220.33 -58.99 -394.12 220.86 0.545 0x0000FF
-58.48 -402.91 223.66 -58.26 -399.04 220.33 0.365 0x0000FF
-59.21 -406.19 225.17 -58.48 -402.91 223.66 0.365 0x0000FF
-58.85 -409.46 226.61 -59.21 -406.19 225.17 0.365 0x0000FF
-58.12 -413.11 227.9 -58.85 -409.46 226.61 0.365 0x0000FF
-57.39 -416.21 230.1 -58.12 -413.11 227.9 0.365 0x0000FF
-54.83 -420.58 232.29 -57.39 -416.21 230.1 0.365 0x0000FF
-53.56 -422.77 234.87 -54.83 -420.58 232.29 0.365 0x0000FF
-51.55 -428.78 236.08 -53.56 -422.77 234.87 0.365 0x0000FF
-50.45 -432.6 238.81 -51.55 -428.78 236.08 0.365 0x0000FF
-50.09 -436.79 240.48 -50.45 -432.6 238.81 0.365 0x0000FF
-49.36 -440.62 242.75 -50.09 -436.79 240.48 0.365 0x0000FF
-48.81 -442.81 244.11 -49.36 -440.62 242.75 0.365 0x0000FF
-47.9 -446.09 246.38 -48.81 -442.81 244.11 0.365 0x0000FF
-46.8 -447.73 246.91 -47.9 -446.09 246.38 0.275 0x0000FF
-54.43 -405.24 219.87 -58.26 -399.04 220.33 0.545 0x0000FF
-38.54 -422.73 219.19 -54.43 -405.24 219.87 0.545 0x0000FF
-23.96 -427.65 219.11 -38.54 -422.73 219.19 0.545 0x0000FF
-6.26 -440.58 218.74 -23.96 -427.65 219.11 0.545 0x0000FF
18.55 -458.62 218.28 -6.26 -440.58 218.74 0.545 0x0000FF
34.25 -466.64 217.9 18.55 -458.62 218.28 0.455 0x0000FF
36.58 -467.77 218.43 34.25 -466.64 217.9 0.455 0x0000FF
42.78 -470.68 220.17 36.58 -467.77 218.43 0.455 0x0000FF
46.25 -472.32 221.39 42.78 -470.68 220.17 0.455 0x0000FF
52.27 -475.24 223.28 46.25 -472.32 221.39 0.275 0x0000FF
-65.54 -394.46 221.99 -61.16 -388.63 221.84 0.545 0x0000FF
-70.09 -401.39 222.37 -65.54 -394.46 221.99 0.545 0x0000FF
-75.39 -414.32 223.05 -70.09 -401.39 222.37 0.545 0x0000FF
-76.84 -419.43 224.19 -75.39 -414.32 223.05 0.545 0x0000FF
-78.13 -423.8 224.57 -76.84 -419.43 224.19 0.545 0x0000FF
-79.04 -427.08 227.45 -78.13 -423.8 224.57 0.545 0x0000FF
-79.95 -430.36 229.34 -79.04 -427.08 227.45 0.545 0x0000FF
-81.41 -434.91 231.01 -79.95 -430.36 229.34 0.545 0x0000FF
-82.69 -438.19 233.73 -81.41 -434.91 231.01 0.545 0x0000FF
-83.6 -440.56 234.79 -82.69 -438.19 233.73 0.545 0x0000FF
-85.24 -444.02 237.14 -83.6 -440.56 234.79 0.545 0x0000FF
-87.25 -448.94 238.81 -85.24 -444.02 237.14 0.545 0x0000FF
-88.89 -454.23 240.48 -87.25 -448.94 238.81 0.455 0x0000FF
-91.08 -457.69 241.08 -88.89 -454.23 240.48 0.455 0x0000FF
-92.36 -460.24 241.76 -91.08 -457.69 241.08 0.365 0x0000FF
-93.09 -460.97 242.45 -92.36 -460.24 241.76 0.365 0x0000FF
-95.1 -463.52 242.82 -93.09 -460.97 242.45 0.365 0x0000FF
-107.52 -473.74 243.51 -95.1 -463.52 242.82 0.365 0x0000FF
