-44.03 4.03 21.18 -34.37 4.44 19.36 1.095 0x0000FF
-46.21 4.21 20.42 -44.03 4.03 21.18 1.095 0x0000FF
-50.05 3.84 19.66 -46.21 4.21 20.42 1.095 0x0000FF
-54.24 2.75 18.91 -50.05 3.84 19.66 1.095 0x0000FF
-55.34 2.39 18.38 -54.24 2.75 18.91 1.095 0x0000FF
-57.71 0.38 16.55 -55.34 2.39 18.38 0.545 0x0000FF
-61.72 -2.9 15.42 -57.71 0.38 16.55 0.545 0x0000FF
-64.64 -6.72 14.74 -61.72 -2.9 15.42 0.545 0x0000FF
-69.02 -8.36 13.15 -64.64 -6.72 14.74 0.455 0x0000FF
-72.67 -8.73 12.39 -69.02 -8.36 13.15 0.455 0x0000FF
-75.77 -8.0 11.86 -72.67 -8.73 12.39 0.365 0x0000FF
-58.07 2.57 17.7 -55.34 2.39 18.38 0.91 0x0000FF
-60.08 3.48 18.53 -58.07 2.57 17.7 0.82 0x0000FF
-61.91 4.38 20.42 -60.08 3.48 18.53 0.82 0x0000FF
-65.37 6.94 21.1 -61.91 4.38 20.42 0.64 0x0000FF
-68.84 8.76 22.32 -65.37 6.94 21.1 0.64 0x0000FF
-72.67 10.03 23.91 -68.84 8.76 22.32 0.64 0x0000FF
-75.77 10.95 24.74 -72.67 10.03 23.91 0.64 0x0000FF
-76.87 11.86 24.29 -75.77 10.95 24.74 0.455 0x0000FF
-78.51 14.05 23.6 -76.87 11.86 24.29 0.455 0x0000FF
-80.33 16.05 22.47 -78.51 14.05 23.6 0.455 0x0000FF
-82.71 18.42 21.56 -80.33 16.05 22.47 0.455 0x0000FF
-83.8 19.51 19.82 -82.71 18.42 21.56 0.455 0x0000FF
-86.54 22.61 18.76 -83.8 19.51 19.82 0.455 0x0000FF
-89.27 26.07 17.47 -86.54 22.61 18.76 0.455 0x0000FF
-91.65 30.26 14.82 -89.27 26.07 17.47 0.455 0x0000FF
-93.65 35.18 13.83 -91.65 30.26 14.82 0.455 0x0000FF
-93.47 38.83 12.24 -93.65 35.18 13.83 0.455 0x0000FF
-92.01 42.29 11.64 -93.47 38.83 12.24 0.455 0x0000FF
-90.55 45.02 10.73 -92.01 42.29 11.64 0.365 0x0000FF
-89.27 48.12 10.11 -90.55 45.02 10.73 0.365 0x0000FF
-88.73 54.31 9.59 -89.27 48.12 10.11 0.365 0x0000FF
-79.79 11.68 24.82 -75.77 10.95 24.74 0.545 0x0000FF
-82.89 14.05 25.35 -79.79 11.68 24.82 0.455 0x0000FF
-85.81 18.05 25.5 -82.89 14.05 25.35 0.455 0x0000FF
-87.27 19.88 23.76 -85.81 18.05 25.5 0.455 0x0000FF
-88.54 24.43 22.62 -87.27 19.88 23.76 0.455 0x0000FF
-89.46 26.44 21.56 -88.54 24.43 22.62 0.455 0x0000FF
-94.02 29.9 20.42 -89.46 26.44 21.56 0.455 0x0000FF
-104.05 37.9 18.91 -94.02 29.9 20.42 0.455 0x0000FF
-105.51 40.83 17.54 -104.05 37.9 18.91 0.365 0x0000FF
-25.42 2.02 17.77 -34.37 4.44 19.36 0.91 0x0000FF
-22.31 2.57 15.57 -25.42 2.02 17.77 0.82 0x0000FF
-19.76 2.39 14.44 -22.31 2.57 15.57 0.82 0x0000FF
-17.2 2.39 13.68 -19.76 2.39 14.44 0.82 0x0000FF
-11.37 2.75 12.39 -17.2 2.39 13.68 0.64 0x0000FF
-9.36 3.48 11.41 -11.37 2.75 12.39 0.64 0x0000FF
-6.62 5.3 10.03 -9.36 3.48 11.41 0.455 0x0000FF
-25.42 11.31 21.79 -34.37 4.44 19.36 1.37 0x0000FF
-21.77 15.69 20.65 -25.42 11.31 21.79 1.37 0x0000FF
-16.11 17.87 20.12 -21.77 15.69 20.65 1.275 0x0000FF
-14.29 18.6 20.5 -16.11 17.87 20.12 1.275 0x0000FF
-13.01 18.97 21.33 -14.29 18.6 20.5 1.275 0x0000FF
-12.83 18.97 20.57 -13.01 18.97 21.33 1.275 0x0000FF
-12.64 19.14 21.33 -12.83 18.97 20.57 1.275 0x0000FF
-10.64 22.06 21.41 -12.64 19.14 21.33 0.455 0x0000FF
-8.44 26.98 21.94 -10.64 22.06 21.41 0.455 0x0000FF
-6.44 29.9 22.62 -8.44 26.98 21.94 0.455 0x0000FF
-2.97 35.18 23.38 -6.44 29.9 22.62 0.455 0x0000FF
-0.6 41.19 24.13 -2.97 35.18 23.38 0.455 0x0000FF
1.95 45.75 24.74 -0.6 41.19 24.13 0.455 0x0000FF
5.05 51.76 25.5 1.95 45.75 24.74 0.455 0x0000FF
6.88 55.95 26.41 5.05 51.76 25.5 0.455 0x0000FF
9.07 61.42 26.94 6.88 55.95 26.41 0.455 0x0000FF
10.89 64.52 28.91 9.07 61.42 26.94 0.455 0x0000FF
12.35 67.61 29.82 10.89 64.52 28.91 0.455 0x0000FF
13.81 73.08 31.48 12.35 67.61 29.82 0.455 0x0000FF
14.72 76.54 32.92 13.81 73.08 31.48 0.455 0x0000FF
16.37 80.73 34.21 14.72 76.54 32.92 0.455 0x0000FF
22.53 88.14 35.19 16.37 80.73 34.21 0.365 0x0000FF
26.54 95.61 35.88 22.53 88.14 35.19 0.365 0x0000FF
29.83 107.09 36.47 26.54 95.61 35.88 0.365 0x0000FF
34.75 113.1 35.04 29.83 107.09 36.47 0.365 0x0000FF
42.24 119.11 33.15 34.75 113.1 35.04 0.365 0x0000FF
-9.72 19.14 22.16 -12.64 19.14 21.33 1.005 0x0000FF
-8.81 18.78 20.8 -9.72 19.14 22.16 1.005 0x0000FF
-6.99 18.42 19.44 -8.81 18.78 20.8 0.91 0x0000FF
-4.62 17.51 18.98 -6.99 18.42 19.44 0.82 0x0000FF
-1.88 17.32 17.39 -4.62 17.51 18.98 0.82 0x0000FF
0.86 17.51 17.09 -1.88 17.32 17.39 0.82 0x0000FF
1.0 17.44 17.09 0.86 17.51 17.09 0.82 0x0000FF
4.29 16.35 17.01 1.0 17.44 17.09 0.64 0x0000FF
6.66 16.35 17.77 4.29 16.35 17.01 0.64 0x0000FF
9.58 15.99 18.82 6.66 16.35 17.77 0.64 0x0000FF
11.4 15.8 18.14 9.58 15.99 18.82 0.64 0x0000FF
14.32 15.62 16.94 11.4 15.8 18.14 0.64 0x0000FF
16.14 15.99 15.65 14.32 15.62 16.94 0.64 0x0000FF
19.25 16.17 13.53 16.14 15.99 15.65 0.64 0x0000FF
20.34 16.89 11.79 19.25 16.17 13.53 0.64 0x0000FF
22.53 17.63 12.47 20.34 16.89 11.79 0.545 0x0000FF
23.26 17.98 14.21 22.53 17.63 12.47 0.545 0x0000FF
25.08 18.35 15.42 23.26 17.98 14.21 0.545 0x0000FF
26.91 18.54 17.39 25.08 18.35 15.42 0.545 0x0000FF
28.55 18.89 18.68 26.91 18.54 17.39 0.545 0x0000FF
31.65 19.98 19.66 28.55 18.89 18.68 0.455 0x0000FF
32.2 20.54 20.42 31.65 19.98 19.66 0.455 0x0000FF
32.75 21.09 22.24 32.2 20.54 20.42 0.455 0x0000FF
33.65 21.82 23.98 32.75 21.09 22.24 0.455 0x0000FF
35.11 22.91 25.42 33.65 21.82 23.98 0.455 0x0000FF
41.14 26.19 26.48 35.11 22.91 25.42 0.455 0x0000FF
49.35 30.93 27.54 41.14 26.19 26.48 0.365 0x0000FF
58.11 33.11 28.38 49.35 30.93 27.54 0.365 0x0000FF
66.68 36.94 29.51 58.11 33.11 28.38 0.365 0x0000FF
69.79 40.04 29.44 66.68 36.94 29.51 0.365 0x0000FF
75.98 41.86 26.63 69.79 40.04 29.44 0.365 0x0000FF
79.27 43.5 25.72 75.98 41.86 26.63 0.365 0x0000FF
85.29 46.23 23.0 79.27 43.5 25.72 0.365 0x0000FF
91.5 48.24 21.1 85.29 46.23 23.0 0.365 0x0000FF
93.87 50.06 18.82 91.5 48.24 21.1 0.365 0x0000FF
95.15 52.43 16.03 93.87 50.06 18.82 0.365 0x0000FF
6.51 19.32 16.03 1.0 17.44 17.09 0.64 0x0000FF
9.98 20.61 15.04 6.51 19.32 16.03 0.64 0x0000FF
12.17 21.15 17.77 9.98 20.61 15.04 0.64 0x0000FF
14.72 22.25 19.44 12.17 21.15 17.77 0.64 0x0000FF
18.73 24.07 20.73 14.72 22.25 19.44 0.64 0x0000FF
20.2 25.16 21.71 18.73 24.07 20.73 0.545 0x0000FF
23.12 25.52 22.92 20.2 25.16 21.71 0.545 0x0000FF
27.13 26.25 23.45 23.12 25.52 22.92 0.455 0x0000FF
28.41 26.44 24.21 27.13 26.25 23.45 0.455 0x0000FF
32.06 26.25 24.89 28.41 26.44 24.21 0.365 0x0000FF
36.79 26.62 25.35 32.06 26.25 24.89 0.365 0x0000FF
40.09 27.35 25.57 36.79 26.62 25.35 0.365 0x0000FF
43.55 30.08 25.88 40.09 27.35 25.57 0.365 0x0000FF
46.65 32.81 26.71 43.55 30.08 25.88 0.365 0x0000FF
49.76 34.27 27.09 46.65 32.81 26.71 0.365 0x0000FF
53.59 34.82 27.39 49.76 34.27 27.09 0.365 0x0000FF
56.51 35.18 27.47 53.59 34.82 27.39 0.365 0x0000FF
-26.55 10.52 26.33 -34.37 4.44 19.36 0.64 0x0000FF
-25.09 12.71 26.1 -26.55 10.52 26.33 0.64 0x0000FF
-22.17 15.26 26.1 -25.09 12.71 26.1 0.64 0x0000FF
-18.7 16.71 26.41 -22.17 15.26 26.1 0.64 0x0000FF
-15.05 18.54 28.22 -18.7 16.71 26.41 0.64 0x0000FF
-11.04 19.27 29.06 -15.05 18.54 28.22 0.64 0x0000FF
-3.38 18.35 30.12 -11.04 19.27 29.06 0.64 0x0000FF
-1.37 17.98 30.72 -3.38 18.35 30.12 0.64 0x0000FF
3.74 21.45 29.74 -1.37 17.98 30.72 0.455 0x0000FF
5.38 22.18 29.51 3.74 21.45 29.74 0.455 0x0000FF
6.66 22.73 31.48 5.38 22.18 29.51 0.455 0x0000FF
9.02 23.64 33.22 6.66 22.73 31.48 0.455 0x0000FF
10.85 24.55 34.51 9.02 23.64 33.22 0.455 0x0000FF
12.5 25.64 36.47 10.85 24.55 34.51 0.455 0x0000FF
15.41 28.56 38.29 12.5 25.64 36.47 0.365 0x0000FF
16.32 30.38 38.68 15.41 28.56 38.29 0.365 0x0000FF
17.23 31.84 40.57 16.32 30.38 38.68 0.365 0x0000FF
18.52 34.93 42.01 17.23 31.84 40.57 0.365 0x0000FF
19.79 40.22 43.0 18.52 34.93 42.01 0.365 0x0000FF
21.98 43.68 43.6 19.79 40.22 43.0 0.365 0x0000FF
25.08 45.14 44.66 21.98 43.68 43.6 0.275 0x0000FF
6.11 16.71 31.33 -1.37 17.98 30.72 0.455 0x0000FF
10.85 15.44 31.48 6.11 16.71 31.33 0.455 0x0000FF
19.05 14.53 31.71 10.85 15.44 31.48 0.455 0x0000FF
24.54 15.8 32.09 19.05 14.53 31.71 0.455 0x0000FF
31.11 19.8 32.24 24.54 15.8 32.09 0.455 0x0000FF
37.86 24.0 32.69 31.11 19.8 32.24 0.455 0x0000FF
46.43 28.01 33.22 37.86 24.0 32.69 0.455 0x0000FF
52.82 34.21 33.53 46.43 28.01 33.22 0.365 0x0000FF
-29.47 15.8 19.82 -34.37 4.44 19.36 0.73 0x0000FF
-30.2 20.91 18.68 -29.47 15.8 19.82 0.73 0x0000FF
-30.02 25.1 17.47 -30.2 20.91 18.68 0.64 0x0000FF
-30.02 28.19 16.71 -30.02 25.1 17.47 0.64 0x0000FF
-30.02 31.66 15.88 -30.02 28.19 16.71 0.64 0x0000FF
-30.38 35.29 15.27 -30.02 31.66 15.88 0.64 0x0000FF
-30.75 39.49 13.45 -30.38 35.29 15.27 0.64 0x0000FF
-30.38 42.22 12.92 -30.75 39.49 13.45 0.64 0x0000FF
-29.29 45.5 12.09 -30.38 42.22 12.92 0.64 0x0000FF
-27.1 48.6 11.86 -29.29 45.5 12.09 0.545 0x0000FF
-25.82 50.06 12.92 -27.1 48.6 11.86 0.545 0x0000FF
-24.18 53.15 14.82 -25.82 50.06 12.92 0.455 0x0000FF
-23.99 54.07 14.97 -24.18 53.15 14.82 0.455 0x0000FF
-30.02 11.43 25.27 -34.37 4.44 19.36 1.37 0x0000FF
-29.29 11.98 26.41 -30.02 11.43 25.27 1.825 0x0000FF
-29.1 12.89 28.53 -29.29 11.98 26.41 1.825 0x0000FF
-28.74 13.62 32.15 -29.1 12.89 28.53 1.825 0x0000FF
-28.74 14.71 32.47 -28.74 13.62 32.15 1.825 0x0000FF
-26.37 15.26 33.0 -28.74 14.71 32.47 0.91 0x0000FF
-23.99 16.89 33.68 -26.37 15.26 33.0 0.365 0x0000FF
-21.08 18.17 34.28 -23.99 16.89 33.68 0.365 0x0000FF
-17.79 19.27 34.97 -21.08 18.17 34.28 0.365 0x0000FF
-15.78 20.36 35.19 -17.79 19.27 34.97 0.365 0x0000FF
-14.51 21.45 36.56 -15.78 20.36 35.19 0.365 0x0000FF
-13.05 22.73 37.69 -14.51 21.45 36.56 0.365 0x0000FF
-10.49 24.55 38.22 -13.05 22.73 37.69 0.365 0x0000FF
-8.49 25.64 39.74 -10.49 24.55 38.22 0.365 0x0000FF
-6.84 26.55 40.5 -8.49 25.64 39.74 0.365 0x0000FF
-5.2 27.65 41.71 -6.84 26.55 40.5 0.365 0x0000FF
-4.47 28.01 42.77 -5.2 27.65 41.71 0.365 0x0000FF
-2.27 29.29 43.45 -4.47 28.01 42.77 0.365 0x0000FF
-0.82 32.02 44.21 -2.27 29.29 43.45 0.365 0x0000FF
-0.28 34.21 44.97 -0.82 32.02 44.21 0.365 0x0000FF
0.09 35.47 45.95 -0.28 34.21 44.97 0.365 0x0000FF
0.27 36.21 47.77 0.09 35.47 45.95 0.365 0x0000FF
0.45 37.49 48.75 0.27 36.21 47.77 0.365 0x0000FF
0.64 38.21 49.89 0.45 37.49 48.75 0.365 0x0000FF
0.82 39.31 51.18 0.64 38.21 49.89 0.365 0x0000FF
1.0 40.4 51.78 0.82 39.31 51.18 0.365 0x0000FF
1.73 41.31 54.21 1.0 40.4 51.78 0.365 0x0000FF
2.27 43.68 55.65 1.73 41.31 54.21 0.365 0x0000FF
2.64 44.23 57.99 2.27 43.68 55.65 0.365 0x0000FF
3.01 44.96 59.81 2.64 44.23 57.99 0.365 0x0000FF
5.74 46.6 60.87 3.01 44.96 59.81 0.365 0x0000FF
10.31 49.51 62.39 5.74 46.6 60.87 0.365 0x0000FF
11.77 50.42 64.2 10.31 49.51 62.39 0.275 0x0000FF
17.97 52.61 65.27 11.77 50.42 64.2 0.275 0x0000FF
20.89 53.15 65.87 17.97 52.61 65.27 0.275 0x0000FF
-25.45 14.71 32.61 -26.37 15.26 33.0 0.545 0x0000FF
-25.27 14.71 32.24 -25.45 14.71 32.61 0.545 0x0000FF
-25.09 14.71 34.36 -25.27 14.71 32.24 0.545 0x0000FF
-24.91 14.53 35.95 -25.09 14.71 34.36 0.545 0x0000FF
-23.81 13.07 38.45 -24.91 14.53 35.95 0.455 0x0000FF
-23.27 12.16 40.27 -23.81 13.07 38.45 0.365 0x0000FF
-23.27 11.61 39.36 -23.27 12.16 40.27 0.365 0x0000FF
-22.72 10.52 37.09 -23.27 11.61 39.36 0.365 0x0000FF
-22.17 9.97 34.59 -22.72 10.52 37.09 0.365 0x0000FF
-21.62 9.24 32.15 -22.17 9.97 34.59 0.365 0x0000FF
-19.25 7.97 30.72 -21.62 9.24 32.15 0.275 0x0000FF
-16.88 7.6 30.42 -19.25 7.97 30.72 0.275 0x0000FF
-21.26 13.44 42.09 -23.81 13.07 38.45 0.365 0x0000FF
-20.35 13.62 42.84 -21.26 13.44 42.09 0.365 0x0000FF
-17.43 13.07 47.09 -20.35 13.62 42.84 0.365 0x0000FF
-17.05 12.89 48.83 -17.43 13.07 47.09 0.365 0x0000FF
-15.6 12.52 49.59 -17.05 12.89 48.83 0.365 0x0000FF
-12.68 11.98 50.57 -15.6 12.52 49.59 0.365 0x0000FF
-11.04 12.52 51.33 -12.68 11.98 50.57 0.365 0x0000FF
-8.3 13.07 52.77 -11.04 12.52 51.33 0.365 0x0000FF
-6.48 12.71 53.45 -8.3 13.07 52.77 0.365 0x0000FF
-5.38 11.61 54.81 -6.48 12.71 53.45 0.365 0x0000FF
-4.65 10.52 56.33 -5.38 11.61 54.81 0.365 0x0000FF
-3.56 9.43 57.39 -4.65 10.52 56.33 0.365 0x0000FF
0.45 8.52 57.77 -3.56 9.43 57.39 0.365 0x0000FF
2.46 8.52 58.68 0.45 8.52 57.77 0.365 0x0000FF
4.83 8.33 58.68 2.46 8.52 58.68 0.365 0x0000FF
7.2 8.33 59.28 4.83 8.33 58.68 0.365 0x0000FF
7.75 8.33 60.8 7.2 8.33 59.28 0.365 0x0000FF
9.39 8.33 62.16 7.75 8.33 60.8 0.365 0x0000FF
11.95 7.97 63.6 9.39 8.33 62.16 0.365 0x0000FF
12.86 7.79 64.89 11.95 7.97 63.6 0.365 0x0000FF
15.96 7.24 66.09 12.86 7.79 64.89 0.365 0x0000FF
18.88 7.24 67.84 15.96 7.24 66.09 0.365 0x0000FF
22.71 6.88 69.13 18.88 7.24 67.84 0.365 0x0000FF
26.73 7.06 70.04 22.71 6.88 69.13 0.365 0x0000FF
28.73 7.97 71.4 26.73 7.06 70.04 0.365 0x0000FF
31.47 9.24 72.31 28.73 7.97 71.4 0.365 0x0000FF
34.03 10.34 74.89 31.47 9.24 72.31 0.365 0x0000FF
34.57 10.52 76.4 34.03 10.34 74.89 0.365 0x0000FF
37.67 10.88 77.54 34.57 10.52 76.4 0.365 0x0000FF
40.59 11.8 80.87 37.67 10.88 77.54 0.365 0x0000FF
45.88 16.17 83.82 40.59 11.8 80.87 0.365 0x0000FF
50.81 20.54 84.36 45.88 16.17 83.82 0.365 0x0000FF
53.91 22.0 86.1 50.81 20.54 84.36 0.275 0x0000FF
-28.56 17.63 32.69 -28.74 14.71 32.47 1.005 0x0000FF
-28.37 19.27 32.39 -28.56 17.63 32.69 1.005 0x0000FF
-28.19 21.27 32.01 -28.37 19.27 32.39 0.82 0x0000FF
-27.83 22.91 31.56 -28.19 21.27 32.01 0.82 0x0000FF
-27.83 23.46 33.29 -27.83 22.91 31.56 0.82 0x0000FF
-27.1 24.91 34.36 -27.83 23.46 33.29 0.73 0x0000FF
-26.55 25.64 34.36 -27.1 24.91 34.36 0.73 0x0000FF
-27.64 27.65 34.59 -26.55 25.64 34.36 0.455 0x0000FF
-30.02 31.11 32.85 -27.64 27.65 34.59 0.455 0x0000FF
-32.57 33.47 31.71 -30.02 31.11 32.85 0.455 0x0000FF
-35.49 37.29 31.03 -32.57 33.47 31.71 0.455 0x0000FF
-38.04 42.77 29.97 -35.49 37.29 31.03 0.455 0x0000FF
-40.6 55.34 29.66 -38.04 42.77 29.97 0.455 0x0000FF
-40.96 62.26 29.06 -40.6 55.34 29.66 0.455 0x0000FF
-40.6 66.09 28.68 -40.96 62.26 29.06 0.455 0x0000FF
-40.22 69.01 27.39 -40.6 66.09 28.68 0.455 0x0000FF
-39.14 75.56 26.03 -40.22 69.01 27.39 0.455 0x0000FF
-39.5 82.31 23.6 -39.14 75.56 26.03 0.455 0x0000FF
-41.15 92.51 23.22 -39.5 82.31 23.6 0.455 0x0000FF
-41.51 99.07 22.16 -41.15 92.51 23.22 0.455 0x0000FF
-45.16 111.28 20.88 -41.51 99.07 22.16 0.455 0x0000FF
-46.8 116.74 19.97 -45.16 111.28 20.88 0.455 0x0000FF
-47.71 121.48 19.44 -46.8 116.74 19.97 0.365 0x0000FF
-48.08 124.58 18.68 -47.71 121.48 19.44 0.365 0x0000FF
-48.26 129.13 17.85 -48.08 124.58 18.68 0.365 0x0000FF
-48.44 132.78 17.16 -48.26 129.13 17.85 0.365 0x0000FF
-23.81 26.74 35.19 -26.55 25.64 34.36 0.64 0x0000FF
-21.62 29.1 35.5 -23.81 26.74 35.19 0.64 0x0000FF
-19.62 31.11 36.63 -21.62 29.1 35.5 0.64 0x0000FF
-18.34 32.75 38.15 -19.62 31.11 36.63 0.64 0x0000FF
-16.32 34.93 38.97 -18.34 32.75 38.15 0.64 0x0000FF
-13.96 38.4 40.11 -16.32 34.93 38.97 0.545 0x0000FF
-12.14 40.77 41.78 -13.96 38.4 40.11 0.545 0x0000FF
-10.49 43.68 42.47 -12.14 40.77 41.78 0.545 0x0000FF
-9.58 45.87 43.07 -10.49 43.68 42.47 0.545 0x0000FF
-8.67 46.96 44.66 -9.58 45.87 43.07 0.545 0x0000FF
-5.93 47.87 45.57 -8.67 46.96 44.66 0.545 0x0000FF
-3.93 48.6 46.63 -5.93 47.87 45.57 0.545 0x0000FF
-1.19 49.15 47.92 -3.93 48.6 46.63 0.545 0x0000FF
1.18 50.24 48.75 -1.19 49.15 47.92 0.545 0x0000FF
4.83 51.88 49.81 1.18 50.24 48.75 0.545 0x0000FF
16.32 59.53 51.56 4.83 51.88 49.81 0.545 0x0000FF
17.42 60.99 52.84 16.32 59.53 51.56 0.545 0x0000FF
18.7 62.08 54.06 17.42 60.99 52.84 0.545 0x0000FF
22.53 66.09 54.89 18.7 62.08 54.06 0.455 0x0000FF
24.36 68.09 55.19 22.53 66.09 54.89 0.455 0x0000FF
27.46 70.28 55.87 24.36 68.09 55.19 0.365 0x0000FF
31.84 72.09 56.48 27.46 70.28 55.87 0.275 0x0000FF
-33.89 -8.61 22.85 -34.37 4.44 19.36 3.01 0x0000FF
-34.07 -12.25 22.85 -33.89 -8.61 22.85 2.465 0x0000FF
-34.43 -14.98 22.54 -34.07 -12.25 22.85 2.19 0x0000FF
-34.61 -17.89 21.86 -34.43 -14.98 22.54 2.005 0x0000FF
-34.61 -18.8 21.94 -34.61 -17.89 21.86 1.735 0x0000FF
-34.33 -21.14 21.86 -34.61 -18.8 21.94 1.735 0x0000FF
-35.42 -24.05 22.54 -34.33 -21.14 21.86 1.735 0x0000FF
-37.06 -27.88 23.98 -35.42 -24.05 22.54 1.735 0x0000FF
-37.97 -30.61 22.62 -37.06 -27.88 23.98 1.735 0x0000FF
-41.26 -36.61 21.41 -37.97 -30.61 22.62 1.55 0x0000FF
-44.0 -40.81 21.94 -41.26 -36.61 21.41 1.55 0x0000FF
-44.36 -42.09 22.77 -44.0 -40.81 21.94 1.55 0x0000FF
-45.27 -47.01 23.98 -44.36 -42.09 22.77 1.55 0x0000FF
-44.36 -56.3 26.25 -45.27 -47.01 23.98 1.55 0x0000FF
-43.45 -65.23 27.32 -44.36 -56.3 26.25 1.55 0x0000FF
-43.45 -66.69 26.56 -43.45 -65.23 27.32 1.55 0x0000FF
-43.81 -68.51 26.33 -43.45 -66.69 26.56 1.37 0x0000FF
-45.64 -73.79 28.0 -43.81 -68.51 26.33 1.37 0x0000FF
-45.64 -80.7 29.21 -45.64 -73.79 28.0 1.37 0x0000FF
-47.1 -86.0 29.82 -45.64 -80.7 29.21 1.185 0x0000FF
-48.37 -91.1 30.19 -47.1 -86.0 29.82 1.185 0x0000FF
-49.65 -95.66 31.18 -48.37 -91.1 30.19 1.185 0x0000FF
-50.02 -99.12 32.15 -49.65 -95.66 31.18 1.185 0x0000FF
-49.29 -104.22 32.47 -50.02 -99.12 32.15 1.185 0x0000FF
-46.73 -109.32 33.15 -49.29 -104.22 32.47 1.185 0x0000FF
-45.27 -113.69 33.9 -46.73 -109.32 33.15 1.185 0x0000FF
-46.73 -121.35 34.74 -45.27 -113.69 33.9 1.185 0x0000FF
-46.92 -123.9 36.03 -46.73 -121.35 34.74 1.185 0x0000FF
-46.92 -139.93 37.15 -46.92 -123.9 36.03 1.185 0x0000FF
-46.92 -141.93 36.78 -46.92 -139.93 37.15 1.185 0x0000FF
-47.46 -145.76 35.72 -46.92 -141.93 36.78 1.185 0x0000FF
-47.65 -150.5 34.89 -47.46 -145.76 35.72 1.185 0x0000FF
-49.51 -168.54 37.01 -47.65 -150.5 34.89 1.185 0x0000FF
-49.69 -178.56 38.0 -49.51 -168.54 37.01 1.185 0x0000FF
-50.97 -195.87 39.59 -49.69 -178.56 38.0 1.185 0x0000FF
-47.69 -219.19 40.34 -50.97 -195.87 39.59 1.185 0x0000FF
-45.86 -237.95 41.4 -47.69 -219.19 40.34 1.185 0x0000FF
-45.31 -239.78 41.78 -45.86 -237.95 41.4 1.185 0x0000FF
-43.77 -261.99 43.68 -45.31 -239.78 41.78 1.185 0x0000FF
-43.04 -284.22 45.5 -43.77 -261.99 43.68 1.095 0x0000FF
-42.85 -288.23 45.95 -43.04 -284.22 45.5 1.095 0x0000FF
-42.73 -292.61 46.33 -42.85 -288.23 45.95 0.545 0x0000FF
-43.64 -294.62 47.62 -42.73 -292.61 46.33 0.545 0x0000FF
-43.64 -296.26 47.01 -43.64 -294.62 47.62 0.545 0x0000FF
-43.82 -298.99 45.34 -43.64 -296.26 47.01 0.545 0x0000FF
-45.64 -303.54 43.45 -43.82 -298.99 45.34 0.545 0x0000FF
-48.38 -310.47 42.84 -45.64 -303.54 43.45 0.455 0x0000FF
-49.48 -316.12 43.9 -48.38 -310.47 42.84 0.455 0x0000FF
-49.84 -320.49 44.13 -49.48 -316.12 43.9 0.455 0x0000FF
-51.3 -324.86 46.03 -49.84 -320.49 44.13 0.455 0x0000FF
-53.31 -331.79 47.92 -51.3 -324.86 46.03 0.455 0x0000FF
-59.33 -351.1 49.43 -53.31 -331.79 47.92 0.365 0x0000FF
-65.34 -361.3 49.81 -59.33 -351.1 49.43 0.365 0x0000FF
-75.56 -380.62 50.95 -65.34 -361.3 49.81 0.365 0x0000FF
-75.84 -384.98 50.72 -75.56 -380.62 50.95 0.365 0x0000FF
-76.76 -388.44 49.59 -75.84 -384.98 50.72 0.365 0x0000FF
-76.94 -390.63 48.07 -76.76 -388.44 49.59 0.365 0x0000FF
-77.86 -396.1 45.8 -76.94 -390.63 48.07 0.365 0x0000FF
-82.6 -408.85 44.51 -77.86 -396.1 45.8 0.365 0x0000FF
-88.26 -423.06 43.75 -82.6 -408.85 44.51 0.365 0x0000FF
-95.19 -435.63 42.92 -88.26 -423.06 43.75 0.365 0x0000FF
-101.39 -447.84 42.24 -95.19 -435.63 42.92 0.365 0x0000FF
-104.68 -456.4 41.56 -101.39 -447.84 42.24 0.365 0x0000FF
-106.14 -461.14 40.5 -104.68 -456.4 41.56 0.365 0x0000FF
-106.14 -461.51 40.19 -106.14 -461.14 40.5 0.365 0x0000FF
-106.14 -461.87 38.0 -106.14 -461.51 40.19 0.365 0x0000FF
-106.32 -463.69 35.88 -106.14 -461.87 38.0 0.365 0x0000FF
-105.77 -466.79 34.21 -106.32 -463.69 35.88 0.365 0x0000FF
-103.22 -468.43 32.61 -105.77 -466.79 34.21 0.365 0x0000FF
-101.76 -470.98 30.65 -103.22 -468.43 32.61 0.365 0x0000FF
-92.47 -479.38 29.13 -101.76 -470.98 30.65 0.365 0x0000FF
-92.1 -480.11 27.85 -92.47 -479.38 29.13 0.365 0x0000FF
-91.37 -482.29 26.33 -92.1 -480.11 27.85 0.365 0x0000FF
-91.19 -484.3 23.53 -91.37 -482.29 26.33 0.365 0x0000FF
-83.89 -496.69 20.35 -91.19 -484.3 23.53 0.365 0x0000FF
-81.16 -501.42 18.76 -83.89 -496.69 20.35 0.365 0x0000FF
-77.51 -507.44 16.41 -81.16 -501.42 18.76 0.365 0x0000FF
-76.23 -512.54 14.13 -77.51 -507.44 16.41 0.365 0x0000FF
-74.77 -518.91 12.54 -76.23 -512.54 14.13 0.365 0x0000FF
-70.94 -525.66 8.44 -74.77 -518.91 12.54 0.275 0x0000FF
-40.29 -295.33 46.56 -42.85 -288.23 45.95 0.64 0x0000FF
-39.39 -303.7 47.24 -40.29 -295.33 46.56 0.64 0x0000FF
-39.02 -319.75 47.84 -39.39 -303.7 47.24 0.64 0x0000FF
-37.74 -328.31 48.22 -39.02 -319.75 47.84 0.64 0x0000FF
-37.03 -332.95 46.48 -37.74 -328.31 48.22 0.64 0x0000FF
-37.03 -334.77 48.07 -37.03 -332.95 46.48 0.73 0x0000FF
-35.2 -343.34 47.84 -37.03 -334.77 48.07 0.73 0x0000FF
-34.47 -367.21 47.92 -35.2 -343.34 47.84 0.73 0x0000FF
-37.21 -400.18 47.01 -34.47 -367.21 47.92 0.73 0x0000FF
-38.83 -402.96 48.75 -37.21 -400.18 47.01 0.64 0x0000FF
-39.74 -404.96 47.69 -38.83 -402.96 48.75 0.64 0x0000FF
-41.75 -408.42 46.63 -39.74 -404.96 47.69 0.545 0x0000FF
-43.02 -413.7 45.27 -41.75 -408.42 46.63 0.545 0x0000FF
-44.12 -418.44 44.36 -43.02 -413.7 45.27 0.545 0x0000FF
-45.03 -423.73 43.07 -44.12 -418.44 44.36 0.545 0x0000FF
-47.22 -428.1 42.69 -45.03 -423.73 43.07 0.545 0x0000FF
-47.4 -431.56 44.21 -47.22 -428.1 42.69 0.545 0x0000FF
-47.04 -435.93 43.75 -47.4 -431.56 44.21 0.545 0x0000FF
-46.49 -440.67 43.45 -47.04 -435.93 43.75 0.545 0x0000FF
-46.31 -443.59 43.0 -46.49 -440.67 43.45 0.545 0x0000FF
-46.31 -446.68 43.0 -46.31 -443.59 43.0 0.545 0x0000FF
-46.31 -447.96 44.06 -46.31 -446.68 43.0 0.545 0x0000FF
-46.49 -451.42 42.62 -46.31 -447.96 44.06 0.545 0x0000FF
-44.85 -457.61 41.18 -46.49 -451.42 42.62 0.545 0x0000FF
-44.67 -459.62 43.98 -44.85 -457.61 41.18 0.545 0x0000FF
-44.48 -461.26 45.57 -44.67 -459.62 43.98 0.545 0x0000FF
-43.61 -464.61 45.8 -44.48 -461.26 45.57 0.545 0x0000FF
-43.61 -465.7 44.89 -43.61 -464.61 45.8 0.545 0x0000FF
-43.61 -466.98 43.68 -43.61 -465.7 44.89 0.545 0x0000FF
-43.25 -468.43 42.31 -43.61 -466.98 43.68 0.545 0x0000FF
-42.15 -471.17 41.18 -43.25 -468.43 42.31 0.455 0x0000FF
-41.79 -473.17 39.59 -42.15 -471.17 41.18 0.455 0x0000FF
-41.79 -475.17 38.15 -41.79 -473.17 39.59 0.455 0x0000FF
-41.24 -477.36 36.56 -41.79 -475.17 38.15 0.455 0x0000FF
-41.06 -478.82 34.36 -41.24 -477.36 36.56 0.455 0x0000FF
-40.88 -480.09 33.22 -41.06 -478.82 34.36 0.455 0x0000FF
-40.51 -481.92 31.03 -40.88 -480.09 33.22 0.455 0x0000FF
-38.69 -485.01 28.38 -40.51 -481.92 31.03 0.365 0x0000FF
-33.76 -487.75 27.39 -38.69 -485.01 28.38 0.365 0x0000FF
-28.84 -488.84 24.89 -33.76 -487.75 27.39 0.275 0x0000FF
-22.81 -490.66 23.6 -28.84 -488.84 24.89 0.275 0x0000FF
-20.07 -491.94 21.26 -22.81 -490.66 23.6 0.275 0x0000FF
-17.71 -493.94 20.42 -20.07 -491.94 21.26 0.275 0x0000FF
-14.97 -497.4 16.41 -17.71 -493.94 20.42 0.275 0x0000FF
-13.87 -500.68 14.13 -14.97 -497.4 16.41 0.275 0x0000FF
-47.22 -467.45 46.48 -44.48 -461.26 45.57 0.455 0x0000FF
-48.86 -470.55 45.27 -47.22 -467.45 46.48 0.455 0x0000FF
-49.96 -471.64 45.65 -48.86 -470.55 45.27 0.455 0x0000FF
-51.05 -473.28 48.07 -49.96 -471.64 45.65 0.455 0x0000FF
-52.33 -474.74 49.36 -51.05 -473.28 48.07 0.455 0x0000FF
-56.53 -478.57 50.95 -52.33 -474.74 49.36 0.455 0x0000FF
-58.53 -479.66 52.09 -56.53 -478.57 50.95 0.455 0x0000FF
-59.26 -480.03 52.77 -58.53 -479.66 52.09 0.455 0x0000FF
-62.91 -481.67 54.51 -59.26 -480.03 52.77 0.455 0x0000FF
-67.47 -483.31 55.42 -62.91 -481.67 54.51 0.455 0x0000FF
-71.48 -484.4 56.63 -67.47 -483.31 55.42 0.455 0x0000FF
-77.14 -487.31 58.6 -71.48 -484.4 56.63 0.365 0x0000FF
-81.16 -488.04 59.66 -77.14 -487.31 58.6 0.365 0x0000FF
-83.53 -488.77 61.02 -81.16 -488.04 59.66 0.365 0x0000FF
-86.63 -491.14 62.16 -83.53 -488.77 61.02 0.365 0x0000FF
-88.13 -494.31 64.95 -86.63 -491.14 62.16 0.365 0x0000FF
-90.14 -495.95 65.56 -88.13 -494.31 64.95 0.365 0x0000FF
-91.42 -497.59 67.98 -90.14 -495.95 65.56 0.365 0x0000FF
-93.24 -499.59 70.56 -91.42 -497.59 67.98 0.365 0x0000FF
-95.43 -501.96 71.02 -93.24 -499.59 70.56 0.365 0x0000FF
-100.36 -507.24 72.77 -95.43 -501.96 71.02 0.365 0x0000FF
-103.64 -513.07 74.13 -100.36 -507.24 72.77 0.365 0x0000FF
-113.13 -518.72 75.72 -103.64 -513.07 74.13 0.365 0x0000FF
-120.79 -524.19 76.93 -113.13 -518.72 75.72 0.365 0x0000FF
-124.08 -527.1 78.75 -120.79 -524.19 76.93 0.365 0x0000FF
-128.82 -531.29 80.19 -124.08 -527.1 78.75 0.365 0x0000FF
-135.02 -535.85 82.23 -128.82 -531.29 80.19 0.365 0x0000FF
-29.73 -417.68 46.25 -37.21 -400.18 47.01 0.64 0x0000FF
-25.82 -426.44 45.57 -29.73 -417.68 46.25 0.545 0x0000FF
-24.0 -430.82 45.34 -25.82 -426.44 45.57 0.545 0x0000FF
-22.36 -434.28 44.51 -24.0 -430.82 45.34 0.545 0x0000FF
-21.63 -435.92 43.37 -22.36 -434.28 44.51 0.545 0x0000FF
-21.08 -436.65 43.75 -21.63 -435.92 43.37 0.545 0x0000FF
-19.98 -438.29 45.65 -21.08 -436.65 43.75 0.545 0x0000FF
-18.89 -439.74 46.33 -19.98 -438.29 45.65 0.545 0x0000FF
-18.34 -440.47 47.16 -18.89 -439.74 46.33 0.545 0x0000FF
-17.07 -443.57 48.68 -18.34 -440.47 47.16 0.545 0x0000FF
-16.52 -445.94 47.46 -17.07 -443.57 48.68 0.365 0x0000FF
-16.34 -449.04 47.24 -16.52 -445.94 47.46 0.365 0x0000FF
-16.34 -450.49 48.83 -16.34 -449.04 47.24 0.365 0x0000FF
-15.24 -454.87 50.34 -16.34 -450.49 48.83 0.365 0x0000FF
-14.51 -456.32 51.25 -15.24 -454.87 50.34 0.365 0x0000FF
-13.6 -457.6 52.77 -14.51 -456.32 51.25 0.365 0x0000FF
-12.5 -459.6 53.83 -13.6 -457.6 52.77 0.365 0x0000FF
-12.32 -461.43 55.12 -12.5 -459.6 53.83 0.365 0x0000FF
-11.96 -466.34 56.71 -12.32 -461.43 55.12 0.365 0x0000FF
-14.15 -468.9 57.99 -11.96 -466.34 56.71 0.365 0x0000FF
-15.79 -470.9 58.6 -14.15 -468.9 57.99 0.365 0x0000FF
-16.52 -473.09 60.87 -15.79 -470.9 58.6 0.365 0x0000FF
-17.25 -474.73 61.71 -16.52 -473.09 60.87 0.365 0x0000FF
-17.8 -477.28 63.45 -17.25 -474.73 61.71 0.365 0x0000FF
-20.53 -482.56 64.81 -17.8 -477.28 63.45 0.365 0x0000FF
-24.18 -485.11 66.25 -20.53 -482.56 64.81 0.365 0x0000FF
-26.19 -486.02 68.67 -24.18 -485.11 66.25 0.365 0x0000FF
-27.65 -486.75 70.56 -26.19 -486.02 68.67 0.365 0x0000FF
-30.93 -491.12 72.92 -27.65 -486.75 70.56 0.365 0x0000FF
-31.66 -492.4 74.89 -30.93 -491.12 72.92 0.365 0x0000FF
-32.21 -493.49 76.55 -31.66 -492.4 74.89 0.365 0x0000FF
-32.21 -494.4 79.36 -32.21 -493.49 76.55 0.365 0x0000FF
-32.57 -496.04 79.95 -32.21 -494.4 79.36 0.365 0x0000FF
-31.48 -496.23 81.63 -32.57 -496.04 79.95 0.365 0x0000FF
-30.75 -496.77 82.01 -31.48 -496.23 81.63 0.365 0x0000FF
-29.84 -497.68 83.07 -30.75 -496.77 82.01 0.365 0x0000FF
-27.47 -499.32 84.81 -29.84 -497.68 83.07 0.365 0x0000FF
-26.37 -500.6 86.32 -27.47 -499.32 84.81 0.365 0x0000FF
-20.35 -505.7 86.93 -26.37 -500.6 86.32 0.365 0x0000FF
-18.53 -506.61 87.54 -20.35 -505.7 86.93 0.365 0x0000FF
-10.0 -512.59 89.35 -18.53 -506.61 87.54 0.365 0x0000FF
-0.33 -515.69 89.88 -10.0 -512.59 89.35 0.365 0x0000FF
7.88 -518.41 90.34 -0.33 -515.69 89.88 0.365 0x0000FF
13.54 -520.24 90.42 7.88 -518.41 90.34 0.365 0x0000FF
16.28 -522.07 90.42 13.54 -520.24 90.42 0.365 0x0000FF
-4.48 -474.73 58.37 -11.96 -466.34 56.71 0.365 0x0000FF
-1.92 -477.82 58.22 -4.48 -474.73 58.37 0.365 0x0000FF
1.36 -481.83 56.18 -1.92 -477.82 58.22 0.365 0x0000FF
4.28 -486.39 53.83 1.36 -481.83 56.18 0.365 0x0000FF
19.42 -498.41 51.86 4.28 -486.39 53.83 0.365 0x0000FF
-12.87 -447.21 50.42 -17.07 -443.57 48.68 0.365 0x0000FF
-10.32 -448.85 50.8 -12.87 -447.21 50.42 0.365 0x0000FF
-9.03 -449.76 51.18 -10.32 -448.85 50.8 0.365 0x0000FF
-7.58 -451.59 51.78 -9.03 -449.76 51.18 0.365 0x0000FF
-6.85 -452.5 52.69 -7.58 -451.59 51.78 0.365 0x0000FF
-6.3 -453.23 53.9 -6.85 -452.5 52.69 0.365 0x0000FF
-5.57 -454.87 55.57 -6.3 -453.23 53.9 0.365 0x0000FF
-5.39 -455.78 55.57 -5.57 -454.87 55.57 0.365 0x0000FF
-1.37 -464.34 57.39 -5.39 -455.78 55.57 0.275 0x0000FF
-0.46 -467.07 57.54 -1.37 -464.34 57.39 0.275 0x0000FF
-34.47 -336.41 46.18 -37.03 -332.95 46.48 0.545 0x0000FF
-32.28 -339.51 45.04 -34.47 -336.41 46.18 0.545 0x0000FF
-30.27 -341.7 46.33 -32.28 -339.51 45.04 0.545 0x0000FF
-29.0 -342.97 48.15 -30.27 -341.7 46.33 0.545 0x0000FF
-26.99 -344.07 49.81 -29.0 -342.97 48.15 0.545 0x0000FF
-24.44 -344.8 51.18 -26.99 -344.07 49.81 0.545 0x0000FF
-21.88 -344.8 52.69 -24.44 -344.8 51.18 0.545 0x0000FF
-19.87 -344.07 53.83 -21.88 -344.8 52.69 0.545 0x0000FF
-17.69 -342.97 55.12 -19.87 -344.07 53.83 0.545 0x0000FF
-15.5 -340.97 56.25 -17.69 -342.97 55.12 0.545 0x0000FF
-13.67 -339.69 57.09 -15.5 -340.97 56.25 0.545 0x0000FF
-10.02 -338.78 57.99 -13.67 -339.69 57.09 0.545 0x0000FF
-7.29 -337.33 58.37 -10.02 -338.78 57.99 0.545 0x0000FF
-3.82 -336.05 59.36 -7.29 -337.33 58.37 0.545 0x0000FF
-1.45 -334.77 59.96 -3.82 -336.05 59.36 0.545 0x0000FF
1.29 -334.05 60.49 -1.45 -334.77 59.96 0.545 0x0000FF
4.21 -333.13 61.33 1.29 -334.05 60.49 0.545 0x0000FF
7.68 -332.59 62.16 4.21 -333.13 61.33 0.545 0x0000FF
10.59 -332.41 63.45 7.68 -332.59 62.16 0.545 0x0000FF
12.24 -332.41 63.6 10.59 -332.41 63.45 0.545 0x0000FF
14.24 -332.95 64.73 12.24 -332.41 63.6 0.545 0x0000FF
15.52 -332.95 66.09 14.24 -332.95 64.73 0.545 0x0000FF
16.8 -332.77 67.84 15.52 -332.95 66.09 0.545 0x0000FF
18.98 -332.22 69.51 16.8 -332.77 67.84 0.545 0x0000FF
19.72 -331.68 70.34 18.98 -332.22 69.51 0.545 0x0000FF
21.36 -330.4 71.48 19.72 -331.68 70.34 0.545 0x0000FF
23.37 -328.58 71.63 21.36 -330.4 71.48 0.545 0x0000FF
24.46 -327.12 72.16 23.37 -328.58 71.63 0.545 0x0000FF
26.1 -325.66 73.06 24.46 -327.12 72.16 0.545 0x0000FF
28.29 -324.39 74.05 26.1 -325.66 73.06 0.545 0x0000FF
30.3 -324.2 75.11 28.29 -324.39 74.05 0.545 0x0000FF
33.4 -324.02 75.8 30.3 -324.2 75.11 0.455 0x0000FF
34.68 -323.83 76.25 33.4 -324.02 75.8 0.455 0x0000FF
36.86 -324.02 78.52 34.68 -323.83 76.25 0.455 0x0000FF
38.15 -324.75 80.48 36.86 -324.02 78.52 0.455 0x0000FF
39.42 -326.02 81.86 38.15 -324.75 80.48 0.455 0x0000FF
40.15 -327.12 83.22 39.42 -326.02 81.86 0.455 0x0000FF
41.79 -329.86 85.64 40.15 -327.12 83.22 0.365 0x0000FF
-40.35 -68.33 25.95 -43.45 -66.69 26.56 0.545 0x0000FF
-34.86 -69.59 25.12 -40.35 -68.33 25.95 0.545 0x0000FF
-29.4 -73.61 24.59 -34.86 -69.59 25.12 0.545 0x0000FF
-21.19 -78.7 23.98 -29.4 -73.61 24.59 0.545 0x0000FF
-11.52 -82.72 22.77 -21.19 -78.7 23.98 0.545 0x0000FF
-8.97 -85.09 21.63 -11.52 -82.72 22.77 0.545 0x0000FF
-2.94 -89.64 19.05 -8.97 -85.09 21.63 0.545 0x0000FF
6.36 -94.02 17.09 -2.94 -89.64 19.05 0.545 0x0000FF
10.37 -95.11 15.5 6.36 -94.02 17.09 0.545 0x0000FF
13.29 -96.38 14.51 10.37 -95.11 15.5 0.365 0x0000FF
15.67 -97.48 14.21 13.29 -96.38 14.51 0.365 0x0000FF
-32.97 -20.27 21.94 -34.61 -18.8 21.94 0.73 0x0000FF
-31.88 -21.72 22.47 -32.97 -20.27 21.94 0.73 0x0000FF
-24.95 -25.55 22.77 -31.88 -21.72 22.47 0.73 0x0000FF
-22.94 -27.19 23.22 -24.95 -25.55 22.77 0.545 0x0000FF
-19.47 -30.65 23.38 -22.94 -27.19 23.22 0.545 0x0000FF
-17.47 -31.93 23.68 -19.47 -30.65 23.38 0.275 0x0000FF
-12.54 -35.02 24.36 -17.47 -31.93 23.68 0.275 0x0000FF
-2.31 -43.04 24.21 -12.54 -35.02 24.36 0.275 0x0000FF
7.35 -50.51 23.83 -2.31 -43.04 24.21 0.275 0x0000FF
19.57 -55.61 22.62 7.35 -50.51 23.83 0.275 0x0000FF
26.32 -58.35 22.16 19.57 -55.61 22.62 0.275 0x0000FF
30.15 -60.72 21.94 26.32 -58.35 22.16 0.275 0x0000FF
37.74 -65.41 20.73 30.15 -60.72 21.94 0.275 0x0000FF
47.05 -68.33 20.04 37.74 -65.41 20.73 0.275 0x0000FF
54.71 -70.15 19.36 47.05 -68.33 20.04 0.275 0x0000FF
64.38 -73.43 17.47 54.71 -70.15 19.36 0.275 0x0000FF
-33.89 -18.63 19.82 -34.61 -17.89 21.86 1.095 0x0000FF
-33.7 -18.8 18.38 -33.89 -18.63 19.82 0.82 0x0000FF
-33.7 -18.63 17.54 -33.7 -18.8 18.38 0.545 0x0000FF
-32.79 -18.44 16.26 -33.7 -18.63 17.54 0.545 0x0000FF
-31.52 -19.36 16.71 -32.79 -18.44 16.26 0.275 0x0000FF
-30.97 -19.36 14.97 -31.52 -19.36 16.71 0.275 0x0000FF
-29.33 -19.36 13.98 -30.97 -19.36 14.97 0.275 0x0000FF
-27.5 -19.72 12.92 -29.33 -19.36 13.98 0.275 0x0000FF
-24.22 -19.89 11.56 -27.5 -19.72 12.92 0.275 0x0000FF
-23.49 -19.89 11.48 -24.22 -19.89 11.56 0.275 0x0000FF
