-17.68 35.95 -0.18 -27.09 32.88 1.61 0.455 0x0000FF
-15.31 36.49 -0.48 -17.68 35.95 -0.18 0.455 0x0000FF
-11.66 37.22 -1.77 -15.31 36.49 -0.48 0.455 0x0000FF
-8.38 37.95 -3.44 -11.66 37.22 -1.77 0.455 0x0000FF
-6.55 38.86 -4.95 -8.38 37.95 -3.44 0.455 0x0000FF
-4.18 39.77 -6.62 -6.55 38.86 -4.95 0.455 0x0000FF
-0.9 40.68 -9.42 -4.18 39.77 -6.62 0.455 0x0000FF
2.75 41.78 -11.24 -0.9 40.68 -9.42 0.455 0x0000FF
6.4 42.87 -13.74 2.75 41.78 -11.24 0.455 0x0000FF
9.86 44.69 -15.03 6.4 42.87 -13.74 0.455 0x0000FF
11.69 45.42 -16.92 9.86 44.69 -15.03 0.455 0x0000FF
14.79 46.33 -19.12 11.69 45.42 -16.92 0.455 0x0000FF
17.35 47.43 -19.88 14.79 46.33 -19.12 0.365 0x0000FF
20.07 48.15 -20.32 17.35 47.43 -19.88 0.365 0x0000FF
22.46 48.34 -20.56 20.07 48.15 -20.32 0.365 0x0000FF
25.56 48.15 -21.39 22.46 48.34 -20.56 0.365 0x0000FF
27.75 47.43 -21.69 25.56 48.15 -21.39 0.365 0x0000FF
31.58 46.51 -22.15 27.75 47.43 -21.69 0.365 0x0000FF
-22.06 42.87 1.71 -27.09 32.88 1.61 1.275 0x0000FF
-22.97 47.79 2.17 -22.06 42.87 1.71 1.095 0x0000FF
-21.32 49.36 4.29 -22.97 47.79 2.17 0.73 0x0000FF
-20.59 50.09 5.5 -21.32 49.36 4.29 0.73 0x0000FF
-20.23 50.09 6.71 -20.59 50.09 5.5 0.73 0x0000FF
-20.05 50.27 7.09 -20.23 50.09 6.71 0.73 0x0000FF
-21.32 53.19 7.77 -20.05 50.27 7.09 0.455 0x0000FF
-21.69 55.74 9.14 -21.32 53.19 7.77 0.455 0x0000FF
-22.6 60.48 10.95 -21.69 55.74 9.14 0.455 0x0000FF
-24.79 66.13 13.6 -22.6 60.48 10.95 0.455 0x0000FF
-27.53 76.15 14.89 -24.79 66.13 13.6 0.455 0x0000FF
-28.07 79.06 17.32 -27.53 76.15 14.89 0.455 0x0000FF
-28.44 81.43 19.66 -28.07 79.06 17.32 0.455 0x0000FF
-28.62 83.98 21.1 -28.44 81.43 19.66 0.455 0x0000FF
-28.62 86.53 22.77 -28.62 83.98 21.1 0.455 0x0000FF
-28.62 87.99 25.65 -28.62 86.53 22.77 0.455 0x0000FF
-28.44 91.45 27.77 -28.62 87.99 25.65 0.455 0x0000FF
-28.62 99.29 29.44 -28.44 91.45 27.77 0.455 0x0000FF
-28.99 102.75 32.31 -28.62 99.29 29.44 0.455 0x0000FF
-29.35 106.94 34.06 -28.99 102.75 32.31 0.455 0x0000FF
-29.35 110.58 34.44 -29.35 106.94 34.06 0.455 0x0000FF
-29.53 113.13 38.36 -29.35 110.58 34.44 0.455 0x0000FF
-28.8 116.41 40.72 -29.53 113.13 38.36 0.455 0x0000FF
-27.16 121.88 42.31 -28.8 116.41 40.72 0.455 0x0000FF
-26.61 123.52 44.81 -27.16 121.88 42.31 0.455 0x0000FF
-25.88 126.25 46.78 -26.61 123.52 44.81 0.455 0x0000FF
-25.15 128.8 48.22 -25.88 126.25 46.78 0.365 0x0000FF
-24.06 130.62 50.27 -25.15 128.8 48.22 0.275 0x0000FF
-16.39 49.55 8.3 -20.05 50.27 7.09 0.64 0x0000FF
-14.39 49.36 9.59 -16.39 49.55 8.3 0.545 0x0000FF
-13.48 49.36 10.5 -14.39 49.36 9.59 0.545 0x0000FF
-12.57 49.18 12.47 -13.48 49.36 10.5 0.545 0x0000FF
-12.02 49.18 14.13 -12.57 49.18 12.47 0.545 0x0000FF
-7.64 49.0 15.5 -12.02 49.18 14.13 0.545 0x0000FF
-5.45 49.0 17.16 -7.64 49.0 15.5 0.365 0x0000FF
-1.8 49.55 17.92 -5.45 49.0 17.16 0.365 0x0000FF
-29.18 53.8 2.24 -22.97 47.79 2.17 0.82 0x0000FF
-34.47 61.27 2.7 -29.18 53.8 2.24 0.82 0x0000FF
-38.85 67.29 2.92 -34.47 61.27 2.7 0.82 0x0000FF
-41.95 70.38 3.61 -38.85 67.29 2.92 0.82 0x0000FF
-46.15 75.3 4.74 -41.95 70.38 3.61 0.82 0x0000FF
-50.89 80.4 5.88 -46.15 75.3 4.74 0.82 0x0000FF
-57.28 90.24 6.64 -50.89 80.4 5.88 0.73 0x0000FF
-60.92 94.98 7.17 -57.28 90.24 6.64 0.73 0x0000FF
-62.93 100.99 7.85 -60.92 94.98 7.17 0.73 0x0000FF
-66.22 109.37 8.44 -62.93 100.99 7.85 0.64 0x0000FF
-67.68 113.02 9.36 -66.22 109.37 8.44 0.64 0x0000FF
-69.75 130.74 10.19 -67.68 113.02 9.36 0.64 0x0000FF
-71.03 140.58 10.8 -69.75 130.74 10.19 0.64 0x0000FF
-73.95 152.6 12.32 -71.03 140.58 10.8 0.64 0x0000FF
-77.23 161.53 13.45 -73.95 152.6 12.32 0.64 0x0000FF
-83.07 170.09 13.91 -77.23 161.53 13.45 0.545 0x0000FF
-83.64 172.73 13.68 -83.07 170.09 13.91 0.365 0x0000FF
-83.28 178.19 12.54 -83.64 172.73 13.68 0.365 0x0000FF
-81.64 183.11 12.7 -83.28 178.19 12.54 0.365 0x0000FF
-79.63 187.3 15.5 -81.64 183.11 12.7 0.365 0x0000FF
-78.72 194.59 16.71 -79.63 187.3 15.5 0.365 0x0000FF
-77.98 198.23 17.77 -78.72 194.59 16.71 0.365 0x0000FF
-75.25 209.89 18.38 -77.98 198.23 17.77 0.365 0x0000FF
-69.05 226.11 19.44 -75.25 209.89 18.38 0.365 0x0000FF
-62.85 239.23 20.42 -69.05 226.11 19.44 0.365 0x0000FF
-59.74 249.43 20.95 -62.85 239.23 20.42 0.365 0x0000FF
-59.2 253.62 21.63 -59.74 249.43 20.95 0.275 0x0000FF
-90.37 179.38 14.21 -83.07 170.09 13.91 0.545 0x0000FF
-94.2 183.58 15.42 -90.37 179.38 14.21 0.545 0x0000FF
-96.21 186.13 16.1 -94.2 183.58 15.42 0.545 0x0000FF
-98.58 190.13 17.62 -96.21 186.13 16.1 0.455 0x0000FF
-100.58 193.78 18.68 -98.58 190.13 17.62 0.455 0x0000FF
-105.88 198.15 19.21 -100.58 193.78 18.68 0.275 0x0000FF
-109.71 201.43 19.59 -105.88 198.15 19.21 0.275 0x0000FF
-110.98 203.25 19.82 -109.71 201.43 19.59 0.275 0x0000FF
-111.17 203.62 20.35 -110.98 203.25 19.82 0.275 0x0000FF
-117.03 210.62 21.18 -111.17 203.62 20.35 0.18 0x0000FF
-24.61 42.8 -4.88 -27.09 32.88 1.61 0.82 0x0000FF
-25.15 45.36 -4.95 -24.61 42.8 -4.88 0.82 0x0000FF
-26.07 47.36 -5.11 -25.15 45.36 -4.95 0.82 0x0000FF
-26.05 49.06 -7.3 -26.07 47.36 -5.11 0.73 0x0000FF
-25.87 52.34 -8.28 -26.05 49.06 -7.3 0.73 0x0000FF
-25.87 54.89 -8.82 -25.87 52.34 -8.28 0.73 0x0000FF
-25.68 57.63 -9.5 -25.87 54.89 -8.82 0.73 0x0000FF
-25.87 59.81 -8.97 -25.68 57.63 -9.5 0.64 0x0000FF
-26.23 64.73 -7.76 -25.87 59.81 -8.97 0.64 0x0000FF
-26.6 69.11 -7.15 -26.23 64.73 -7.76 0.545 0x0000FF
-27.14 77.3 -4.58 -26.6 69.11 -7.15 0.455 0x0000FF
-26.96 80.4 -3.59 -27.14 77.3 -4.58 0.455 0x0000FF
-27.33 83.68 -3.21 -26.96 80.4 -3.59 0.365 0x0000FF
-28.42 86.78 -2.45 -27.33 83.68 -3.21 0.365 0x0000FF
-30.99 50.82 -5.86 -26.07 47.36 -5.11 0.64 0x0000FF
-35.36 53.14 -6.17 -30.99 50.82 -5.86 0.545 0x0000FF
-36.65 54.05 -7.91 -35.36 53.14 -6.17 0.545 0x0000FF
-38.29 55.69 -8.89 -36.65 54.05 -7.91 0.545 0x0000FF
-40.29 60.24 -9.11 -38.29 55.69 -8.89 0.545 0x0000FF
-41.76 64.43 -9.65 -40.29 60.24 -9.11 0.545 0x0000FF
-43.4 68.08 -9.8 -41.76 64.43 -9.65 0.455 0x0000FF
-44.13 70.08 -10.26 -43.4 68.08 -9.8 0.455 0x0000FF
-44.31 70.81 -10.94 -44.13 70.08 -10.26 0.455 0x0000FF
-44.5 73.0 -8.28 -44.31 70.81 -10.94 0.455 0x0000FF
-44.5 74.09 -7.15 -44.5 73.0 -8.28 0.455 0x0000FF
-44.68 76.09 -4.8 -44.5 74.09 -7.15 0.455 0x0000FF
-44.86 78.45 -3.67 -44.68 76.09 -4.8 0.455 0x0000FF
-45.04 81.73 -3.14 -44.86 78.45 -3.67 0.455 0x0000FF
-47.23 88.48 -2.38 -45.04 81.73 -3.14 0.455 0x0000FF
-48.33 98.69 -1.7 -47.23 88.48 -2.38 0.455 0x0000FF
-50.88 111.99 -1.02 -48.33 98.69 -1.7 0.455 0x0000FF
-51.25 118.91 0.42 -50.88 111.99 -1.02 0.455 0x0000FF
-52.52 132.21 1.26 -51.25 118.91 0.42 0.455 0x0000FF
-53.44 138.22 1.26 -52.52 132.21 1.26 0.455 0x0000FF
-53.62 147.33 1.86 -53.44 138.22 1.26 0.455 0x0000FF
-55.63 155.16 2.92 -53.62 147.33 1.86 0.455 0x0000FF
-60.73 167.56 4.44 -55.63 155.16 2.92 0.455 0x0000FF
-65.3 178.31 5.42 -60.73 167.56 4.44 0.455 0x0000FF
-67.67 185.41 6.18 -65.3 178.31 5.42 0.455 0x0000FF
-69.86 195.25 7.09 -67.67 185.41 6.18 0.455 0x0000FF
-72.41 203.63 7.77 -69.86 195.25 7.09 0.455 0x0000FF
-74.59 207.46 9.06 -72.41 203.63 7.77 0.455 0x0000FF
-76.43 212.2 9.97 -74.59 207.46 9.06 0.365 0x0000FF
-77.16 216.02 10.8 -76.43 212.2 9.97 0.365 0x0000FF
-34.1 55.38 -6.01 -30.99 50.82 -5.86 0.455 0x0000FF
-36.47 59.02 -6.09 -34.1 55.38 -6.01 0.455 0x0000FF
-35.36 60.42 -6.09 -36.47 59.02 -6.09 0.545 0x0000FF
-33.36 64.62 -5.41 -35.36 60.42 -6.09 0.545 0x0000FF
-32.09 70.26 -4.34 -33.36 64.62 -5.41 0.545 0x0000FF
-29.9 74.81 -3.51 -32.09 70.26 -4.34 0.545 0x0000FF
-27.89 79.56 -2.68 -29.9 74.81 -3.51 0.545 0x0000FF
-24.61 91.58 -2.23 -27.89 79.56 -2.68 0.545 0x0000FF
-23.51 103.42 -1.39 -24.61 91.58 -2.23 0.545 0x0000FF
-23.15 109.07 -0.64 -23.51 103.42 -1.39 0.545 0x0000FF
-20.59 115.63 0.05 -23.15 109.07 -0.64 0.545 0x0000FF
-16.95 120.73 0.95 -20.59 115.63 0.05 0.545 0x0000FF
-12.2 124.01 1.71 -16.95 120.73 0.95 0.545 0x0000FF
-9.83 125.29 3.3 -12.2 124.01 1.71 0.545 0x0000FF
-8.36 126.02 4.74 -9.83 125.29 3.3 0.545 0x0000FF
-8.01 126.56 6.03 -8.36 126.02 4.74 0.545 0x0000FF
-7.46 126.93 7.24 -8.01 126.56 6.03 0.545 0x0000FF
-4.36 127.66 9.06 -7.46 126.93 7.24 0.545 0x0000FF
-2.35 128.93 10.19 -4.36 127.66 9.06 0.545 0x0000FF
-0.34 131.3 11.03 -2.35 128.93 10.19 0.545 0x0000FF
1.12 134.4 12.47 -0.34 131.3 11.03 0.545 0x0000FF
1.48 136.4 14.67 1.12 134.4 12.47 0.545 0x0000FF
0.93 139.32 15.88 1.48 136.4 14.67 0.545 0x0000FF
-0.71 144.6 18.0 0.93 139.32 15.88 0.455 0x0000FF
-41.03 62.66 -7.0 -36.47 59.02 -6.09 0.455 0x0000FF
-47.23 67.95 -7.61 -41.03 62.66 -7.0 0.455 0x0000FF
-53.98 75.59 -8.14 -47.23 67.95 -7.61 0.455 0x0000FF
-62.56 96.37 -8.59 -53.98 75.59 -8.14 0.455 0x0000FF
-73.5 115.5 -9.11 -62.56 96.37 -8.59 0.455 0x0000FF
-83.72 133.72 -9.65 -73.5 115.5 -9.11 0.455 0x0000FF
-86.82 139.37 -10.11 -83.72 133.72 -9.65 0.455 0x0000FF
-86.82 140.28 -10.56 -86.82 139.37 -10.11 0.455 0x0000FF
-93.76 156.26 -11.39 -86.82 140.28 -10.56 0.365 0x0000FF
-94.31 159.54 -12.07 -93.76 156.26 -11.39 0.365 0x0000FF
-94.67 164.1 -13.89 -94.31 159.54 -12.07 0.365 0x0000FF
-93.94 169.74 -15.86 -94.67 164.1 -13.89 0.365 0x0000FF
-93.03 173.39 -16.92 -93.94 169.74 -15.86 0.365 0x0000FF
-92.66 175.39 -17.82 -93.03 173.39 -16.92 0.365 0x0000FF
-92.3 178.13 -18.36 -92.66 175.39 -17.82 0.365 0x0000FF
-35.35 36.86 -2.98 -27.09 32.88 1.61 1.095 0x0000FF
-36.27 38.31 -2.98 -35.35 36.86 -2.98 1.095 0x0000FF
-36.81 40.14 -4.12 -36.27 38.31 -2.98 1.095 0x0000FF
-37.0 40.68 -5.48 -36.81 40.14 -4.12 1.095 0x0000FF
-37.54 41.78 -6.39 -37.0 40.68 -5.48 1.095 0x0000FF
-38.45 43.05 -8.89 -37.54 41.78 -6.39 0.91 0x0000FF
-41.01 44.33 -11.24 -38.45 43.05 -8.89 0.91 0x0000FF
-41.92 44.69 -13.36 -41.01 44.33 -11.24 0.91 0x0000FF
-44.84 45.6 -15.03 -41.92 44.69 -13.36 0.91 0x0000FF
-47.58 46.33 -16.17 -44.84 45.6 -15.03 0.91 0x0000FF
-54.88 47.97 -17.6 -47.58 46.33 -16.17 0.73 0x0000FF
-55.79 48.52 -18.44 -54.88 47.97 -17.6 0.73 0x0000FF
-59.25 48.7 -20.41 -55.79 48.52 -18.44 0.73 0x0000FF
-61.81 47.97 -22.91 -59.25 48.7 -20.41 0.73 0x0000FF
-62.54 47.42 -24.35 -61.81 47.97 -22.91 0.73 0x0000FF
-64.36 46.33 -26.77 -62.54 47.42 -24.35 0.545 0x0000FF
-67.83 44.69 -27.98 -64.36 46.33 -26.77 0.545 0x0000FF
-28.41 24.11 0.12 -27.09 32.88 1.61 1.64 0x0000FF
-28.96 21.56 -0.03 -28.41 24.11 0.12 1.64 0x0000FF
-30.78 14.81 0.05 -28.96 21.56 -0.03 1.64 0x0000FF
-31.33 11.9 1.56 -30.78 14.81 0.05 1.64 0x0000FF
-32.24 9.17 2.47 -31.33 11.9 1.56 1.64 0x0000FF
-32.79 7.16 3.15 -32.24 9.17 2.47 1.64 0x0000FF
-32.79 5.89 3.15 -32.79 7.16 3.15 1.64 0x0000FF
-32.79 2.97 3.3 -32.79 5.89 3.15 1.185 0x0000FF
-33.15 -0.31 3.68 -32.79 2.97 3.3 1.185 0x0000FF
-33.15 -7.05 4.05 -33.15 -0.31 3.68 1.185 0x0000FF
-32.79 -14.7 4.29 -33.15 -7.05 4.05 1.185 0x0000FF
-34.43 -24.18 5.04 -32.79 -14.7 4.29 1.185 0x0000FF
-36.61 -30.55 5.58 -34.43 -24.18 5.04 1.185 0x0000FF
-37.17 -37.11 5.95 -36.61 -30.55 5.58 1.185 0x0000FF
-37.53 -44.04 6.41 -37.17 -37.11 5.95 1.185 0x0000FF
-36.07 -56.43 6.64 -37.53 -44.04 6.41 1.185 0x0000FF
-35.52 -62.8 6.94 -36.07 -56.43 6.64 1.185 0x0000FF
-35.15 -65.54 7.09 -35.52 -62.8 6.94 1.185 0x0000FF
-34.72 -83.2 7.54 -35.15 -65.54 7.09 1.185 0x0000FF
-34.18 -92.68 8.15 -34.72 -83.2 7.54 1.185 0x0000FF
-33.82 -98.87 8.07 -34.18 -92.68 8.15 1.185 0x0000FF
-32.9 -104.88 6.33 -33.82 -98.87 8.07 1.185 0x0000FF
-31.26 -123.1 5.27 -32.9 -104.88 6.33 1.185 0x0000FF
-30.72 -134.22 4.51 -31.26 -123.1 5.27 1.185 0x0000FF
-30.53 -141.87 3.83 -30.72 -134.22 4.51 1.185 0x0000FF
-29.44 -151.71 3.08 -30.53 -141.87 3.83 1.095 0x0000FF
-28.71 -155.54 2.54 -29.44 -151.71 3.08 1.095 0x0000FF
-27.29 -167.72 2.09 -28.71 -155.54 2.54 1.095 0x0000FF
-27.11 -177.38 1.48 -27.29 -167.72 2.09 1.095 0x0000FF
-28.2 -191.77 0.95 -27.11 -177.38 1.48 1.095 0x0000FF
-29.84 -207.62 0.35 -28.2 -191.77 0.95 1.095 0x0000FF
-29.48 -219.28 0.35 -29.84 -207.62 0.35 1.095 0x0000FF
-28.38 -224.38 1.79 -29.48 -219.28 0.35 1.095 0x0000FF
-26.92 -233.49 2.7 -28.38 -224.38 1.79 1.095 0x0000FF
-26.01 -240.96 3.76 -26.92 -233.49 2.7 1.095 0x0000FF
-25.83 -245.88 4.29 -26.01 -240.96 3.76 1.095 0x0000FF
-18.14 -279.41 5.04 -25.83 -245.88 4.29 1.095 0x0000FF
-16.51 -289.25 5.8 -18.14 -279.41 5.04 1.095 0x0000FF
-14.32 -301.82 6.26 -16.51 -289.25 5.8 1.095 0x0000FF
-11.76 -318.39 7.17 -14.32 -301.82 6.26 1.095 0x0000FF
-10.67 -328.42 7.62 -11.76 -318.39 7.17 1.095 0x0000FF
-10.11 -335.89 8.23 -10.67 -328.42 7.62 1.095 0x0000FF
-8.44 -346.61 9.14 -10.11 -335.89 8.23 1.095 0x0000FF
-8.27 -348.8 8.23 -8.44 -346.61 9.14 1.095 0x0000FF
-8.27 -350.08 7.85 -8.27 -348.8 8.23 1.095 0x0000FF
-7.54 -352.26 6.11 -8.27 -350.08 7.85 1.095 0x0000FF
-8.82 -354.63 6.48 -7.54 -352.26 6.11 0.455 0x0000FF
-8.82 -358.64 7.09 -8.82 -354.63 6.48 0.455 0x0000FF
-9.91 -362.28 5.04 -8.82 -358.64 7.09 0.455 0x0000FF
-10.64 -366.47 3.83 -9.91 -362.28 5.04 0.455 0x0000FF
-11.37 -371.39 2.7 -10.64 -366.47 3.83 0.455 0x0000FF
-12.1 -379.05 2.24 -11.37 -371.39 2.7 0.455 0x0000FF
-14.66 -383.42 3.61 -12.1 -379.05 2.24 0.455 0x0000FF
-16.85 -385.79 3.3 -14.66 -383.42 3.61 0.455 0x0000FF
-18.3 -387.79 4.13 -16.85 -385.79 3.3 0.455 0x0000FF
-19.22 -389.61 3.0 -18.3 -387.79 4.13 0.455 0x0000FF
-19.77 -391.8 2.09 -19.22 -389.61 3.0 0.455 0x0000FF
-22.5 -398.18 0.2 -19.77 -391.8 2.09 0.455 0x0000FF
-23.96 -403.28 -0.94 -22.5 -398.18 0.2 0.455 0x0000FF
-25.24 -407.29 -1.77 -23.96 -403.28 -0.94 0.455 0x0000FF
-27.43 -411.11 -2.68 -25.24 -407.29 -1.77 0.455 0x0000FF
-28.71 -414.39 -3.44 -27.43 -411.11 -2.68 0.455 0x0000FF
-30.71 -417.49 -4.26 -28.71 -414.39 -3.44 0.455 0x0000FF
-32.17 -420.41 -4.95 -30.71 -417.49 -4.26 0.455 0x0000FF
-33.08 -422.96 -5.71 -32.17 -420.41 -4.95 0.455 0x0000FF
-33.63 -425.14 -6.62 -33.08 -422.96 -5.71 0.455 0x0000FF
-36.28 -432.05 -7.83 -33.63 -425.14 -6.62 0.455 0x0000FF
-37.36 -436.06 -8.21 -36.28 -432.05 -7.83 0.455 0x0000FF
-37.74 -441.71 -8.97 -37.36 -436.06 -8.21 0.455 0x0000FF
-37.56 -445.54 -10.64 -37.74 -441.71 -8.97 0.455 0x0000FF
-37.74 -448.45 -11.92 -37.56 -445.54 -10.64 0.455 0x0000FF
-38.29 -452.46 -12.83 -37.74 -448.45 -11.92 0.455 0x0000FF
-39.56 -456.83 -14.12 -38.29 -452.46 -12.83 0.455 0x0000FF
-41.21 -461.75 -15.1 -39.56 -456.83 -14.12 0.455 0x0000FF
-42.12 -463.76 -16.47 -41.21 -461.75 -15.1 0.455 0x0000FF
-42.48 -465.21 -17.0 -42.12 -463.76 -16.47 0.455 0x0000FF
-43.4 -467.76 -17.23 -42.48 -465.21 -17.0 0.455 0x0000FF
-16.85 -388.52 4.44 -16.85 -385.79 3.3 0.455 0x0000FF
-16.48 -389.25 4.74 -16.85 -388.52 4.44 0.455 0x0000FF
-16.12 -389.61 5.88 -16.48 -389.25 4.74 0.455 0x0000FF
-15.93 -390.52 7.24 -16.12 -389.61 5.88 0.455 0x0000FF
-15.39 -393.62 9.36 -15.93 -390.52 7.24 0.455 0x0000FF
-15.2 -394.17 10.42 -15.39 -393.62 9.36 0.455 0x0000FF
-15.2 -395.44 11.71 -15.2 -394.17 10.42 0.455 0x0000FF
-15.2 -396.72 11.86 -15.2 -395.44 11.71 0.455 0x0000FF
-15.39 -397.63 13.0 -15.2 -396.72 11.86 0.455 0x0000FF
-15.39 -398.72 13.91 -15.39 -397.63 13.0 0.455 0x0000FF
-15.2 -400.55 15.12 -15.39 -398.72 13.91 0.455 0x0000FF
-15.02 -401.82 15.42 -15.2 -400.55 15.12 0.455 0x0000FF
-14.66 -402.73 16.41 -15.02 -401.82 15.42 0.455 0x0000FF
-13.93 -403.83 17.85 -14.66 -402.73 16.41 0.455 0x0000FF
-13.74 -404.19 19.29 -13.93 -403.83 17.85 0.455 0x0000FF
-13.2 -404.92 20.95 -13.74 -404.19 19.29 0.455 0x0000FF
-12.83 -405.47 21.03 -13.2 -404.92 20.95 0.455 0x0000FF
-12.47 -406.74 22.01 -12.83 -405.47 21.03 0.455 0x0000FF
-12.28 -407.65 22.54 -12.47 -406.74 22.01 0.455 0x0000FF
-12.1 -409.11 23.0 -12.28 -407.65 22.54 0.455 0x0000FF
-12.83 -410.75 23.68 -12.1 -409.11 23.0 0.455 0x0000FF
-14.29 -412.21 24.44 -12.83 -410.75 23.68 0.455 0x0000FF
-15.2 -413.12 25.27 -14.29 -412.21 24.44 0.455 0x0000FF
-16.85 -413.66 26.18 -15.2 -413.12 25.27 0.455 0x0000FF
-17.76 -414.39 27.24 -16.85 -413.66 26.18 0.455 0x0000FF
-18.3 -414.76 27.85 -17.76 -414.39 27.24 0.455 0x0000FF
-19.04 -415.3 27.85 -18.3 -414.76 27.85 0.455 0x0000FF
-19.77 -416.21 28.83 -19.04 -415.3 27.85 0.455 0x0000FF
-19.77 -417.31 29.66 -19.77 -416.21 28.83 0.455 0x0000FF
-19.04 -417.85 30.72 -19.77 -417.31 29.66 0.455 0x0000FF
-17.39 -418.22 31.41 -19.04 -417.85 30.72 0.455 0x0000FF
-16.12 -418.77 32.15 -17.39 -418.22 31.41 0.455 0x0000FF
-15.2 -419.49 32.69 -16.12 -418.77 32.15 0.455 0x0000FF
-15.02 -419.86 33.68 -15.2 -419.49 32.69 0.455 0x0000FF
-15.2 -421.13 34.97 -15.02 -419.86 33.68 0.455 0x0000FF
-15.57 -422.41 38.07 -15.2 -421.13 34.97 0.455 0x0000FF
-7.18 -355.36 5.73 -7.54 -352.26 6.11 0.455 0x0000FF
-7.36 -358.64 5.5 -7.18 -355.36 5.73 0.455 0x0000FF
-7.36 -364.65 5.04 -7.36 -358.64 5.5 0.455 0x0000FF
-7.18 -366.47 5.35 -7.36 -364.65 5.04 0.455 0x0000FF
-6.99 -367.93 7.17 -7.18 -366.47 5.35 0.455 0x0000FF
-6.81 -374.49 7.62 -6.99 -367.93 7.17 0.455 0x0000FF
-4.26 -380.87 8.68 -6.81 -374.49 7.62 0.455 0x0000FF
-3.34 -383.78 9.44 -4.26 -380.87 8.68 0.455 0x0000FF
-3.71 -386.52 10.35 -3.34 -383.78 9.44 0.455 0x0000FF
-4.44 -387.79 11.64 -3.71 -386.52 10.35 0.455 0x0000FF
-5.17 -389.07 12.47 -4.44 -387.79 11.64 0.455 0x0000FF
-5.53 -389.98 13.23 -5.17 -389.07 12.47 0.455 0x0000FF
-5.53 -391.07 14.29 -5.53 -389.98 13.23 0.455 0x0000FF
-5.53 -392.53 15.42 -5.53 -391.07 14.29 0.455 0x0000FF
-5.53 -393.44 16.55 -5.53 -392.53 15.42 0.455 0x0000FF
-5.72 -395.63 17.32 -5.53 -393.44 16.55 0.275 0x0000FF
-6.26 -396.54 17.92 -5.72 -395.63 17.32 0.275 0x0000FF
-34.25 4.79 3.15 -32.79 5.89 3.15 0.545 0x0000FF
-37.17 2.79 3.76 -34.25 4.79 3.15 0.545 0x0000FF
-39.36 2.06 4.21 -37.17 2.79 3.76 0.545 0x0000FF
-44.65 1.33 5.2 -39.36 2.06 4.21 0.545 0x0000FF
-49.39 1.33 6.11 -44.65 1.33 5.2 0.545 0x0000FF
-52.49 2.24 6.94 -49.39 1.33 6.11 0.545 0x0000FF
-53.77 2.61 8.83 -52.49 2.24 6.94 0.545 0x0000FF
-55.23 3.34 11.64 -53.77 2.61 8.83 0.545 0x0000FF
-57.78 4.61 12.54 -55.23 3.34 11.64 0.545 0x0000FF
-60.16 5.52 14.36 -57.78 4.61 12.54 0.545 0x0000FF
-61.62 6.07 16.86 -60.16 5.52 14.36 0.545 0x0000FF
-63.62 6.98 18.38 -61.62 6.07 16.86 0.545 0x0000FF
-65.98 7.53 19.13 -63.62 6.98 18.38 0.365 0x0000FF
-68.18 7.71 19.89 -65.98 7.53 19.13 0.365 0x0000FF
-69.64 8.25 20.65 -68.18 7.71 19.89 0.18 0x0000FF
-71.65 9.52 21.48 -69.64 8.25 20.65 0.18 0x0000FF
-74.75 10.81 22.09 -71.65 9.52 21.48 0.18 0x0000FF
