18.48 50.99 -15.1 28.68 51.27 -15.79 1.095 0x0000FF
16.29 50.99 -14.42 18.48 50.99 -15.1 1.095 0x0000FF
14.65 50.99 -13.82 16.29 50.99 -14.42 1.095 0x0000FF
13.92 50.99 -13.59 14.65 50.99 -13.82 1.095 0x0000FF
13.56 50.81 -16.54 13.92 50.99 -13.59 1.095 0x0000FF
11.91 50.44 -17.53 13.56 50.81 -16.54 1.095 0x0000FF
6.44 50.26 -17.98 11.91 50.44 -17.53 0.64 0x0000FF
2.61 50.62 -18.21 6.44 50.26 -17.98 0.64 0x0000FF
-0.31 51.35 -18.66 2.61 50.62 -18.21 0.64 0x0000FF
-1.77 51.72 -17.98 -0.31 51.35 -18.66 0.64 0x0000FF
-3.05 52.63 -17.07 -1.77 51.72 -17.98 0.64 0x0000FF
-5.78 55.72 -16.32 -3.05 52.63 -17.07 0.64 0x0000FF
-7.61 57.55 -15.33 -5.78 55.72 -16.32 0.64 0x0000FF
-11.02 60.03 -12.38 -7.61 57.55 -15.33 0.455 0x0000FF
-12.11 62.04 -11.77 -11.02 60.03 -12.38 0.455 0x0000FF
-12.66 63.31 -11.47 -12.11 62.04 -11.77 0.365 0x0000FF
-13.21 66.23 -10.86 -12.66 63.31 -11.47 0.365 0x0000FF
-15.03 72.79 -10.33 -13.21 66.23 -10.86 0.365 0x0000FF
-17.22 75.88 -10.02 -15.03 72.79 -10.33 0.365 0x0000FF
-21.6 79.7 -9.57 -17.22 75.88 -10.02 0.365 0x0000FF
-27.44 81.9 -9.11 -21.6 79.7 -9.57 0.365 0x0000FF
-33.46 82.99 -8.44 -27.44 81.9 -9.11 0.365 0x0000FF
-38.2 82.99 -8.06 -33.46 82.99 -8.44 0.365 0x0000FF
-45.87 82.63 -7.3 -38.2 82.99 -8.06 0.365 0x0000FF
-60.1 82.26 -6.92 -45.87 82.63 -7.3 0.365 0x0000FF
-66.48 81.7 -7.98 -60.1 82.26 -6.92 0.365 0x0000FF
-79.8 81.17 -8.97 -66.48 81.7 -7.98 0.365 0x0000FF
-86.74 80.62 -9.94 -79.8 81.17 -8.97 0.365 0x0000FF
-96.95 78.98 -10.86 -86.74 80.62 -9.94 0.365 0x0000FF
-101.15 78.06 -9.5 -96.95 78.98 -10.86 0.365 0x0000FF
-102.79 77.52 -8.28 -101.15 78.06 -9.5 0.365 0x0000FF
-105.71 76.25 -7.0 -102.79 77.52 -8.28 0.365 0x0000FF
-108.27 75.16 -3.82 -105.71 76.25 -7.0 0.365 0x0000FF
-109.18 74.43 -3.06 -108.27 75.16 -3.82 0.365 0x0000FF
-110.82 72.97 -1.62 -109.18 74.43 -3.06 0.365 0x0000FF
-112.28 71.88 -0.86 -110.82 72.97 -1.62 0.365 0x0000FF
-113.01 68.78 1.11 -112.28 71.88 -0.86 0.275 0x0000FF
-8.89 62.47 -14.65 -7.61 57.55 -15.33 0.64 0x0000FF
-9.43 65.75 -14.12 -8.89 62.47 -14.65 0.64 0x0000FF
-11.26 70.84 -14.2 -9.43 65.75 -14.12 0.64 0x0000FF
-11.81 72.67 -15.63 -11.26 70.84 -14.2 0.64 0x0000FF
-12.72 74.31 -16.32 -11.81 72.67 -15.63 0.64 0x0000FF
-16.13 78.06 -16.7 -12.72 74.31 -16.32 0.365 0x0000FF
-19.05 79.53 -16.09 -16.13 78.06 -16.7 0.365 0x0000FF
-19.59 80.06 -15.63 -19.05 79.53 -16.09 0.365 0x0000FF
-21.24 80.8 -13.97 -19.59 80.06 -15.63 0.365 0x0000FF
-23.24 81.7 -14.5 -21.24 80.8 -13.97 0.365 0x0000FF
-23.97 82.26 -16.7 -23.24 81.7 -14.5 0.365 0x0000FF
-25.62 83.17 -18.59 -23.97 82.26 -16.7 0.365 0x0000FF
-26.53 83.35 -19.64 -25.62 83.17 -18.59 0.365 0x0000FF
-12.9 83.97 -16.47 -12.72 74.31 -16.32 0.64 0x0000FF
-14.36 89.25 -16.47 -12.9 83.97 -16.47 0.64 0x0000FF
-16.0 94.53 -16.17 -14.36 89.25 -16.47 0.64 0x0000FF
-17.46 97.99 -17.68 -16.0 94.53 -16.17 0.545 0x0000FF
-19.64 100.36 -17.68 -17.46 97.99 -17.68 0.545 0x0000FF
-23.3 104.55 -18.29 -19.64 100.36 -17.68 0.545 0x0000FF
-25.12 107.47 -19.35 -23.3 104.55 -18.29 0.545 0x0000FF
-26.4 109.66 -20.32 -25.12 107.47 -19.35 0.545 0x0000FF
-27.68 113.66 -21.24 -26.4 109.66 -20.32 0.545 0x0000FF
-29.5 117.49 -22.15 -27.68 113.66 -21.24 0.455 0x0000FF
-31.51 120.77 -22.91 -29.5 117.49 -22.15 0.455 0x0000FF
-33.52 122.96 -24.04 -31.51 120.77 -22.91 0.455 0x0000FF
-36.07 126.24 -24.35 -33.52 122.96 -24.04 0.455 0x0000FF
-36.79 127.88 -24.42 -36.07 126.24 -24.35 0.455 0x0000FF
-37.65 130.0 -25.94 -36.79 127.88 -24.42 0.455 0x0000FF
-38.2 130.72 -26.85 -37.65 130.0 -25.94 0.455 0x0000FF
-38.75 131.27 -28.59 -38.2 130.72 -26.85 0.455 0x0000FF
-39.47 131.82 -29.57 -38.75 131.27 -28.59 0.455 0x0000FF
-40.94 132.37 -31.77 -39.47 131.82 -29.57 0.455 0x0000FF
-42.4 132.37 -34.11 -40.94 132.37 -31.77 0.455 0x0000FF
-43.31 132.18 -36.54 -42.4 132.37 -34.11 0.455 0x0000FF
-44.41 133.1 -37.6 -43.31 132.18 -36.54 0.455 0x0000FF
-45.14 134.37 -38.81 -44.41 133.1 -37.6 0.365 0x0000FF
-45.69 135.83 -39.79 -45.14 134.37 -38.81 0.365 0x0000FF
8.99 48.44 -17.76 11.91 50.44 -17.53 0.82 0x0000FF
6.26 47.71 -17.91 8.99 48.44 -17.76 0.73 0x0000FF
3.34 46.61 -18.73 6.26 47.71 -17.91 0.73 0x0000FF
-0.49 45.7 -19.2 3.34 46.61 -18.73 0.73 0x0000FF
-4.33 44.25 -19.5 -0.49 45.7 -19.2 0.64 0x0000FF
-7.24 42.79 -19.8 -4.33 44.25 -19.5 0.64 0x0000FF
-11.81 40.6 -20.03 -7.24 42.79 -19.8 0.545 0x0000FF
-16.0 38.22 -20.48 -11.81 40.6 -20.03 0.545 0x0000FF
-19.82 34.77 -21.09 -16.0 38.22 -20.48 0.545 0x0000FF
-22.75 32.4 -21.62 -19.82 34.77 -21.09 0.545 0x0000FF
-26.04 29.49 -22.53 -22.75 32.4 -21.62 0.455 0x0000FF
-28.77 27.3 -23.36 -26.04 29.49 -22.53 0.455 0x0000FF
-30.42 26.75 -24.12 -28.77 27.3 -23.36 0.455 0x0000FF
-32.79 26.21 -25.03 -30.42 26.75 -24.12 0.455 0x0000FF
-37.9 25.84 -26.09 -32.79 26.21 -25.03 0.455 0x0000FF
-42.09 25.3 -27.15 -37.9 25.84 -26.09 0.365 0x0000FF
-46.11 24.93 -27.83 -42.09 25.3 -27.15 0.365 0x0000FF
-49.94 24.2 -28.59 -46.11 24.93 -27.83 0.365 0x0000FF
-52.68 23.66 -29.42 -49.94 24.2 -28.59 0.365 0x0000FF
-55.96 21.65 -31.09 -52.68 23.66 -29.42 0.365 0x0000FF
-57.78 19.1 -31.69 -55.96 21.65 -31.09 0.365 0x0000FF
-59.24 12.0 -32.9 -57.78 19.1 -31.69 0.365 0x0000FF
-59.61 10.17 -33.74 -59.24 12.0 -32.9 0.365 0x0000FF
-61.43 6.17 -33.51 -59.61 10.17 -33.74 0.365 0x0000FF
-69.09 -8.23 -34.95 -61.43 6.17 -33.51 0.365 0x0000FF
24.74 61.67 -15.18 28.68 51.27 -15.79 0.82 0x0000FF
23.28 65.86 -14.88 24.74 61.67 -15.18 0.82 0x0000FF
22.0 70.95 -15.48 23.28 65.86 -14.88 0.82 0x0000FF
21.64 72.42 -13.74 22.0 70.95 -15.48 0.82 0x0000FF
20.55 73.52 -13.21 21.64 72.42 -13.74 0.82 0x0000FF
20.18 76.61 -13.06 20.55 73.52 -13.21 0.455 0x0000FF
20.0 83.17 -13.06 20.18 76.61 -13.06 0.365 0x0000FF
20.18 88.27 -12.68 20.0 83.17 -13.06 0.365 0x0000FF
20.91 92.28 -11.85 20.18 88.27 -12.68 0.365 0x0000FF
21.09 93.74 -14.04 20.91 92.28 -11.85 0.365 0x0000FF
21.09 94.83 -15.18 21.09 93.74 -14.04 0.365 0x0000FF
21.28 95.56 -16.39 21.09 94.83 -15.18 0.365 0x0000FF
21.46 97.2 -17.82 21.28 95.56 -16.39 0.365 0x0000FF
22.0 98.29 -18.21 21.46 97.2 -17.82 0.365 0x0000FF
22.37 98.84 -18.82 22.0 98.29 -18.21 0.365 0x0000FF
23.1 99.02 -19.27 22.37 98.84 -18.82 0.365 0x0000FF
23.83 98.84 -19.95 23.1 99.02 -19.27 0.365 0x0000FF
26.75 98.11 -20.71 23.83 98.84 -19.95 0.365 0x0000FF
27.84 98.29 -20.94 26.75 98.11 -20.71 0.365 0x0000FF
30.03 99.21 -21.85 27.84 98.29 -20.94 0.365 0x0000FF
32.59 100.48 -22.91 30.03 99.21 -21.85 0.365 0x0000FF
35.86 101.76 -23.21 32.59 100.48 -22.91 0.365 0x0000FF
40.61 105.22 -23.36 35.86 101.76 -23.21 0.365 0x0000FF
42.26 109.77 -23.36 40.61 105.22 -23.36 0.365 0x0000FF
18.36 79.7 -13.06 20.18 76.61 -13.06 0.365 0x0000FF
17.98 81.34 -13.06 18.36 79.7 -13.06 0.365 0x0000FF
18.36 75.34 -14.04 20.55 73.52 -13.21 0.73 0x0000FF
16.71 76.43 -14.8 18.36 75.34 -14.04 0.73 0x0000FF
10.88 80.26 -15.79 16.71 76.43 -14.8 0.64 0x0000FF
7.59 85.54 -16.17 10.88 80.26 -15.79 0.64 0x0000FF
6.68 87.36 -15.18 7.59 85.54 -16.17 0.64 0x0000FF
6.13 88.46 -14.57 6.68 87.36 -15.18 0.545 0x0000FF
4.49 91.55 -13.97 6.13 88.46 -14.57 0.545 0x0000FF
1.94 95.02 -13.44 4.49 91.55 -13.97 0.545 0x0000FF
0.84 98.84 -12.38 1.94 95.02 -13.44 0.545 0x0000FF
-0.07 100.85 -11.62 0.84 98.84 -12.38 0.545 0x0000FF
-3.54 105.77 -11.09 -0.07 100.85 -11.62 0.545 0x0000FF
-4.82 107.22 -10.02 -3.54 105.77 -11.09 0.545 0x0000FF
-5.91 111.23 -10.02 -4.82 107.22 -10.02 0.365 0x0000FF
-5.91 116.15 -10.02 -5.91 111.23 -10.02 0.365 0x0000FF
-5.55 119.61 -9.8 -5.91 116.15 -10.02 0.365 0x0000FF
-3.72 125.81 -9.35 -5.55 119.61 -9.8 0.365 0x0000FF
-3.9 134.37 -9.35 -3.72 125.81 -9.35 0.365 0x0000FF
-7.37 141.29 -9.19 -3.9 134.37 -9.35 0.365 0x0000FF
-10.47 148.04 -8.51 -7.37 141.29 -9.19 0.365 0x0000FF
-15.95 154.96 -8.14 -10.47 148.04 -8.51 0.365 0x0000FF
-23.24 162.79 -7.68 -15.95 154.96 -8.14 0.365 0x0000FF
-7.92 112.51 -9.19 -4.82 107.22 -10.02 0.455 0x0000FF
-9.92 115.42 -9.19 -7.92 112.51 -9.19 0.275 0x0000FF
-10.65 115.97 -9.19 -9.92 115.42 -9.19 0.275 0x0000FF
27.3 60.94 -10.18 28.68 51.27 -15.79 1.275 0x0000FF
27.48 62.77 -11.01 27.3 60.94 -10.18 1.275 0x0000FF
26.57 69.69 -12.23 27.48 62.77 -11.01 1.185 0x0000FF
26.02 74.43 -12.53 26.57 69.69 -12.23 1.185 0x0000FF
25.11 81.53 -14.04 26.02 74.43 -12.53 1.185 0x0000FF
25.11 89.37 -15.03 25.11 81.53 -14.04 0.82 0x0000FF
26.02 94.65 -11.54 25.11 89.37 -15.03 0.455 0x0000FF
26.57 98.48 -10.94 26.02 94.65 -11.54 0.455 0x0000FF
27.3 101.76 -10.64 26.57 98.48 -10.94 0.455 0x0000FF
28.03 105.04 -10.26 27.3 101.76 -10.64 0.455 0x0000FF
29.3 109.77 -9.5 28.03 105.04 -10.26 0.365 0x0000FF
30.4 114.15 -9.35 29.3 109.77 -9.5 0.365 0x0000FF
30.76 117.79 -8.51 30.4 114.15 -9.35 0.365 0x0000FF
31.49 119.98 -8.21 30.76 117.79 -8.51 0.365 0x0000FF
32.22 121.8 -7.83 31.49 119.98 -8.21 0.365 0x0000FF
33.32 124.71 -7.15 32.22 121.8 -7.83 0.365 0x0000FF
24.01 98.11 -15.26 25.11 89.37 -15.03 0.82 0x0000FF
23.65 103.58 -15.26 24.01 98.11 -15.26 0.73 0x0000FF
23.28 105.77 -15.48 23.65 103.58 -15.26 0.73 0x0000FF
23.46 110.32 -15.56 23.28 105.77 -15.48 0.545 0x0000FF
23.46 112.87 -15.79 23.46 110.32 -15.56 0.545 0x0000FF
23.65 115.24 -15.94 23.46 112.87 -15.79 0.545 0x0000FF
24.19 118.88 -16.32 23.65 115.24 -15.94 0.545 0x0000FF
25.84 125.26 -17.14 24.19 118.88 -16.32 0.545 0x0000FF
28.76 130.0 -17.82 25.84 125.26 -17.14 0.545 0x0000FF
30.22 134.01 -18.21 28.76 130.0 -17.82 0.455 0x0000FF
31.86 137.29 -18.82 30.22 134.01 -18.21 0.455 0x0000FF
33.32 141.11 -19.5 31.86 137.29 -18.82 0.455 0x0000FF
34.4 143.47 -20.94 33.32 141.11 -19.5 0.455 0x0000FF
36.04 145.66 -21.54 34.4 143.47 -20.94 0.365 0x0000FF
38.43 148.4 -21.92 36.04 145.66 -21.54 0.365 0x0000FF
39.89 150.04 -22.45 38.43 148.4 -21.92 0.365 0x0000FF
28.76 62.58 -22.38 28.68 51.27 -15.79 0.91 0x0000FF
30.03 66.95 -22.23 28.76 62.58 -22.38 0.91 0x0000FF
30.58 68.95 -21.92 30.03 66.95 -22.23 0.91 0x0000FF
31.49 71.88 -21.47 30.58 68.95 -21.92 0.91 0x0000FF
32.04 72.79 -22.6 31.49 71.88 -21.47 0.91 0x0000FF
32.22 73.52 -23.66 32.04 72.79 -22.6 0.91 0x0000FF
32.95 74.79 -24.04 32.22 73.52 -23.66 0.91 0x0000FF
32.79 77.84 -24.12 32.95 74.79 -24.04 0.73 0x0000FF
32.61 80.04 -23.66 32.79 77.84 -24.12 0.73 0x0000FF
32.43 82.41 -23.29 32.61 80.04 -23.66 0.73 0x0000FF
32.25 82.96 -25.79 32.43 82.41 -23.29 0.73 0x0000FF
31.7 83.87 -26.39 32.25 82.96 -25.79 0.73 0x0000FF
31.33 84.6 -26.62 31.7 83.87 -26.39 0.73 0x0000FF
32.25 86.6 -26.39 31.33 84.6 -26.62 0.365 0x0000FF
33.34 91.7 -25.18 32.25 86.6 -26.39 0.365 0x0000FF
33.34 94.25 -23.74 33.34 91.7 -25.18 0.365 0x0000FF
33.52 97.9 -22.91 33.34 94.25 -23.74 0.365 0x0000FF
32.79 100.63 -25.03 33.52 97.9 -22.91 0.365 0x0000FF
32.06 103.54 -26.39 32.79 100.63 -25.03 0.365 0x0000FF
31.15 107.92 -28.29 32.06 103.54 -26.39 0.365 0x0000FF
29.87 113.57 -29.57 31.15 107.92 -28.29 0.365 0x0000FF
27.32 122.86 -30.41 29.87 113.57 -29.57 0.365 0x0000FF
27.87 128.32 -31.24 27.32 122.86 -30.41 0.365 0x0000FF
29.69 132.51 -31.39 27.87 128.32 -31.24 0.365 0x0000FF
31.52 136.52 -32.53 29.69 132.51 -31.39 0.365 0x0000FF
31.52 146.36 -32.97 31.52 136.52 -32.53 0.365 0x0000FF
28.78 162.58 -32.97 31.52 146.36 -32.97 0.365 0x0000FF
27.87 174.97 -33.51 28.78 162.58 -32.97 0.365 0x0000FF
22.94 186.45 -34.04 27.87 174.97 -33.51 0.365 0x0000FF
19.84 192.46 -34.04 22.94 186.45 -34.04 0.365 0x0000FF
18.55 197.2 -34.04 19.84 192.46 -34.04 0.365 0x0000FF
30.06 87.33 -26.85 31.33 84.6 -26.62 0.545 0x0000FF
29.51 90.24 -27.38 30.06 87.33 -26.85 0.545 0x0000FF
29.69 92.98 -27.91 29.51 90.24 -27.38 0.545 0x0000FF
30.24 94.98 -27.15 29.69 92.98 -27.91 0.545 0x0000FF
30.6 95.71 -26.47 30.24 94.98 -27.15 0.545 0x0000FF
30.97 96.26 -25.86 30.6 95.71 -26.47 0.545 0x0000FF
31.88 97.17 -25.33 30.97 96.26 -25.86 0.545 0x0000FF
35.53 99.54 -23.97 31.88 97.17 -25.33 0.545 0x0000FF
38.45 101.36 -23.06 35.53 99.54 -23.97 0.545 0x0000FF
44.83 107.74 -22.3 38.45 101.36 -23.06 0.455 0x0000FF
49.21 116.3 -22.07 44.83 107.74 -22.3 0.455 0x0000FF
51.77 123.95 -20.94 49.21 116.3 -22.07 0.455 0x0000FF
53.41 128.51 -20.32 51.77 123.95 -20.94 0.455 0x0000FF
53.59 131.6 -19.27 53.41 128.51 -20.32 0.365 0x0000FF
53.59 133.43 -18.59 53.59 131.6 -19.27 0.365 0x0000FF
53.78 133.97 -16.85 53.59 133.43 -18.59 0.365 0x0000FF
54.5 136.88 -15.79 53.78 133.97 -16.85 0.365 0x0000FF
55.6 141.26 -14.95 54.5 136.88 -15.79 0.275 0x0000FF
34.22 75.88 -25.33 32.95 74.79 -24.04 0.545 0x0000FF
34.61 77.84 -25.18 34.22 75.88 -25.33 0.365 0x0000FF
35.35 78.4 -24.42 34.61 77.84 -25.18 0.365 0x0000FF
36.44 78.77 -23.97 35.35 78.4 -24.42 0.365 0x0000FF
38.81 79.31 -25.94 36.44 78.77 -23.97 0.365 0x0000FF
40.46 79.48 -27.3 38.81 79.31 -25.94 0.365 0x0000FF
41.92 80.04 -29.27 40.46 79.48 -27.3 0.365 0x0000FF
43.01 80.22 -30.63 41.92 80.04 -29.27 0.365 0x0000FF
47.57 83.5 -33.74 43.01 80.22 -30.63 0.365 0x0000FF
49.03 85.14 -35.03 47.57 83.5 -33.74 0.365 0x0000FF
51.04 86.6 -36.09 49.03 85.14 -35.03 0.365 0x0000FF
52.68 88.6 -38.28 51.04 86.6 -36.09 0.275 0x0000FF
53.41 91.16 -40.56 52.68 88.6 -38.28 0.275 0x0000FF
55.23 93.34 -41.31 53.41 91.16 -40.56 0.275 0x0000FF
58.7 95.53 -42.15 55.23 93.34 -41.31 0.275 0x0000FF
60.89 96.26 -42.68 58.7 95.53 -42.15 0.275 0x0000FF
37.88 78.44 -25.33 34.22 75.88 -25.33 0.455 0x0000FF
39.52 79.53 -25.41 37.88 78.44 -25.33 0.275 0x0000FF
40.79 80.62 -25.63 39.52 79.53 -25.41 0.275 0x0000FF
44.08 84.99 -25.94 40.79 80.62 -25.63 0.275 0x0000FF
47.18 89.91 -26.01 44.08 84.99 -25.94 0.275 0x0000FF
53.02 95.93 -26.16 47.18 89.91 -26.01 0.275 0x0000FF
61.96 101.94 -26.24 53.02 95.93 -26.16 0.275 0x0000FF
69.63 107.04 -26.54 61.96 101.94 -26.24 0.275 0x0000FF
82.4 114.88 -26.69 69.63 107.04 -26.54 0.275 0x0000FF
93.53 120.52 -26.85 82.4 114.88 -26.69 0.275 0x0000FF
103.58 125.04 -27.68 93.53 120.52 -26.85 0.275 0x0000FF
109.79 125.41 -28.13 103.58 125.04 -27.68 0.275 0x0000FF
115.08 125.41 -28.51 109.79 125.41 -28.13 0.275 0x0000FF
118.73 124.68 -29.12 115.08 125.41 -28.51 0.275 0x0000FF
120.92 123.95 -27.68 118.73 124.68 -29.12 0.275 0x0000FF
124.75 122.68 -26.24 120.92 123.95 -27.68 0.275 0x0000FF
126.94 121.4 -25.26 124.75 122.68 -26.24 0.275 0x0000FF
128.58 120.67 -23.74 126.94 121.4 -25.26 0.275 0x0000FF
131.68 118.67 -22.3 128.58 120.67 -23.74 0.275 0x0000FF
134.24 117.39 -21.01 131.68 118.67 -22.3 0.275 0x0000FF
137.69 115.93 -20.03 134.24 117.39 -21.01 0.275 0x0000FF
140.26 114.84 -18.97 137.69 115.93 -20.03 0.275 0x0000FF
142.63 114.48 -18.05 140.26 114.84 -18.97 0.275 0x0000FF
117.27 129.78 -28.44 103.58 125.04 -27.68 0.275 0x0000FF
124.2 133.79 -28.82 117.27 129.78 -28.44 0.275 0x0000FF
130.41 138.71 -29.35 124.2 133.79 -28.82 0.275 0x0000FF
39.54 55.63 -16.09 28.68 51.27 -15.79 2.735 0x0000FF
40.64 55.44 -16.09 39.54 55.63 -16.09 2.735 0x0000FF
41.92 55.99 -16.09 40.64 55.44 -16.09 2.465 0x0000FF
43.36 57.78 -16.09 41.92 55.99 -16.09 0.82 0x0000FF
46.1 60.15 -14.95 43.36 57.78 -16.09 0.82 0x0000FF
47.92 62.16 -15.41 46.1 60.15 -14.95 0.82 0x0000FF
48.29 62.52 -16.85 47.92 62.16 -15.41 0.82 0x0000FF
49.93 64.34 -18.21 48.29 62.52 -16.85 0.82 0x0000FF
52.85 66.7 -18.89 49.93 64.34 -18.21 0.73 0x0000FF
56.86 69.26 -19.42 52.85 66.7 -18.89 0.73 0x0000FF
58.87 70.36 -20.26 56.86 69.26 -19.42 0.73 0x0000FF
64.7 72.36 -20.41 58.87 70.36 -20.26 0.64 0x0000FF
69.81 73.81 -20.86 64.7 72.36 -20.41 0.64 0x0000FF
90.8 86.39 -22.15 69.81 73.81 -20.86 0.64 0x0000FF
100.83 94.95 -22.45 90.8 86.39 -22.15 0.64 0x0000FF
111.05 104.43 -22.98 100.83 94.95 -22.45 0.64 0x0000FF
122.0 104.43 -22.91 111.05 104.43 -22.98 0.365 0x0000FF
127.65 105.7 -22.45 122.0 104.43 -22.91 0.365 0x0000FF
133.49 107.16 -22.3 127.65 105.7 -22.45 0.365 0x0000FF
140.06 107.89 -21.77 133.49 107.16 -22.3 0.365 0x0000FF
144.62 108.44 -21.39 140.06 107.89 -21.77 0.365 0x0000FF
151.19 108.98 -21.32 144.62 108.44 -21.39 0.365 0x0000FF
155.75 110.99 -22.53 151.19 108.98 -21.32 0.365 0x0000FF
158.31 113.35 -24.12 155.75 110.99 -22.53 0.365 0x0000FF
159.94 115.72 -25.1 158.31 113.35 -24.12 0.365 0x0000FF
161.77 119.37 -26.77 159.94 115.72 -25.1 0.365 0x0000FF
162.5 121.01 -27.15 161.77 119.37 -26.77 0.365 0x0000FF
121.45 113.54 -23.06 111.05 104.43 -22.98 0.545 0x0000FF
129.3 120.1 -23.36 121.45 113.54 -23.06 0.545 0x0000FF
138.05 128.47 -24.19 129.3 120.1 -23.36 0.455 0x0000FF
143.88 136.13 -23.51 138.05 128.47 -24.19 0.455 0x0000FF
147.36 140.5 -23.06 143.88 136.13 -23.51 0.455 0x0000FF
149.55 146.15 -22.0 147.36 140.5 -23.06 0.365 0x0000FF
151.37 151.43 -21.47 149.55 146.15 -22.0 0.365 0x0000FF
44.83 56.36 -16.09 41.92 55.99 -16.09 1.64 0x0000FF
46.48 56.9 -16.09 44.83 56.36 -16.09 1.64 0x0000FF
48.3 57.27 -16.47 46.48 56.9 -16.09 1.55 0x0000FF
49.58 57.81 -16.62 48.3 57.27 -16.47 1.55 0x0000FF
52.5 58.18 -16.92 49.58 57.81 -16.62 1.55 0x0000FF
53.05 58.54 -17.0 52.5 58.18 -16.92 1.55 0x0000FF
58.89 61.85 -16.7 53.05 58.54 -17.0 1.185 0x0000FF
60.88 61.61 -17.45 58.89 61.85 -16.7 0.545 0x0000FF
63.25 61.43 -16.47 60.88 61.61 -17.45 0.365 0x0000FF
65.62 61.43 -16.39 63.25 61.43 -16.47 0.365 0x0000FF
66.34 61.43 -14.95 65.62 61.43 -16.39 0.365 0x0000FF
69.27 61.06 -13.67 66.34 61.43 -14.95 0.365 0x0000FF
69.81 61.06 -12.07 69.27 61.06 -13.67 0.365 0x0000FF
72.37 60.88 -11.09 69.81 61.06 -12.07 0.275 0x0000FF
74.2 60.7 -9.42 72.37 60.88 -11.09 0.275 0x0000FF
77.84 61.06 -7.38 74.2 60.7 -9.42 0.275 0x0000FF
65.62 62.89 -17.6 60.88 61.61 -17.45 0.545 0x0000FF
68.17 63.43 -18.05 65.62 62.89 -17.6 0.455 0x0000FF
69.27 63.8 -18.73 68.17 63.43 -18.05 0.455 0x0000FF
70.18 63.8 -19.64 69.27 63.8 -18.73 0.455 0x0000FF
71.28 63.8 -21.01 70.18 63.8 -19.64 0.455 0x0000FF
71.64 63.61 -21.92 71.28 63.8 -21.01 0.455 0x0000FF
72.01 63.43 -22.83 71.64 63.61 -21.92 0.455 0x0000FF
72.73 63.43 -24.12 72.01 63.43 -22.83 0.455 0x0000FF
74.01 64.34 -26.24 72.73 63.43 -24.12 0.455 0x0000FF
74.93 65.62 -27.53 74.01 64.34 -26.24 0.455 0x0000FF
77.48 67.62 -28.44 74.93 65.62 -27.53 0.365 0x0000FF
78.56 68.34 -29.72 77.48 67.62 -28.44 0.365 0x0000FF
79.3 68.72 -31.01 78.56 68.34 -29.72 0.365 0x0000FF
80.58 69.26 -31.47 79.3 68.72 -31.01 0.365 0x0000FF
81.86 69.08 -32.53 80.58 69.26 -31.47 0.365 0x0000FF
83.5 68.9 -33.89 81.86 69.08 -32.53 0.365 0x0000FF
84.96 68.53 -33.97 83.5 68.9 -33.89 0.365 0x0000FF
85.87 68.17 -35.18 84.96 68.53 -33.97 0.365 0x0000FF
87.51 67.98 -35.4 85.87 68.17 -35.18 0.365 0x0000FF
88.24 67.98 -36.69 87.51 67.98 -35.4 0.365 0x0000FF
88.97 67.98 -37.9 88.24 67.98 -36.69 0.365 0x0000FF
90.62 67.98 -39.34 88.97 67.98 -37.9 0.365 0x0000FF
90.98 67.98 -39.42 90.62 67.98 -39.34 0.365 0x0000FF
61.44 65.48 -16.7 58.89 61.85 -16.7 0.73 0x0000FF
64.18 70.41 -16.17 61.44 65.48 -16.7 0.73 0x0000FF
65.27 71.87 -15.63 64.18 70.41 -16.17 0.73 0x0000FF
68.73 76.42 -17.82 65.27 71.87 -15.63 0.64 0x0000FF
73.3 81.52 -18.66 68.73 76.42 -17.82 0.64 0x0000FF
74.76 84.44 -19.04 73.3 81.52 -18.66 0.64 0x0000FF
76.95 87.9 -19.73 74.76 84.44 -19.04 0.64 0x0000FF
79.51 91.54 -20.1 76.95 87.9 -19.73 0.64 0x0000FF
80.42 92.82 -20.18 79.51 91.54 -20.1 0.64 0x0000FF
83.32 95.68 -20.56 80.42 92.82 -20.18 0.455 0x0000FF
85.14 97.32 -19.88 83.32 95.68 -20.56 0.455 0x0000FF
92.26 108.8 -19.8 85.14 97.32 -19.88 0.365 0x0000FF
93.35 110.08 -19.64 92.26 108.8 -19.8 0.365 0x0000FF
95.73 112.26 -19.12 93.35 110.08 -19.64 0.365 0x0000FF
98.1 115.36 -18.73 95.73 112.26 -19.12 0.365 0x0000FF
101.02 119.55 -18.36 98.1 115.36 -18.73 0.365 0x0000FF
103.21 122.83 -17.38 101.02 119.55 -18.36 0.365 0x0000FF
104.85 125.38 -16.92 103.21 122.83 -17.38 0.365 0x0000FF
106.67 127.75 -15.86 104.85 125.38 -16.92 0.365 0x0000FF
108.86 129.93 -14.8 106.67 127.75 -15.86 0.365 0x0000FF
114.15 134.66 -13.89 108.86 129.93 -14.8 0.365 0x0000FF
117.98 138.32 -12.91 114.15 134.66 -13.89 0.365 0x0000FF
120.36 140.68 -12.3 117.98 138.32 -12.91 0.365 0x0000FF
125.28 144.69 -10.56 120.36 140.68 -12.3 0.365 0x0000FF
127.65 146.69 -10.18 125.28 144.69 -10.56 0.365 0x0000FF
128.57 147.43 -9.8 127.65 146.69 -10.18 0.365 0x0000FF
130.21 148.15 -8.51 128.57 147.43 -9.8 0.365 0x0000FF
131.85 148.88 -7.38 130.21 148.15 -8.51 0.365 0x0000FF
134.77 150.34 -5.79 131.85 148.88 -7.38 0.365 0x0000FF
88.79 105.52 -19.88 85.14 97.32 -19.88 0.455 0x0000FF
91.53 110.44 -19.88 88.79 105.52 -19.88 0.365 0x0000FF
93.17 116.09 -20.03 91.53 110.44 -19.88 0.365 0x0000FF
95.91 121.37 -20.1 93.17 116.09 -20.03 0.365 0x0000FF
98.46 125.38 -20.32 95.91 121.37 -20.1 0.365 0x0000FF
100.29 127.2 -20.79 98.46 125.38 -20.32 0.365 0x0000FF
102.66 128.47 -19.2 100.29 127.2 -20.79 0.365 0x0000FF
104.12 128.84 -17.76 102.66 128.47 -19.2 0.365 0x0000FF
105.4 129.93 -19.64 104.12 128.84 -17.76 0.365 0x0000FF
105.94 130.47 -21.01 105.4 129.93 -19.64 0.365 0x0000FF
107.04 131.57 -22.76 105.94 130.47 -21.01 0.365 0x0000FF
108.5 133.94 -24.88 107.04 131.57 -22.76 0.365 0x0000FF
109.96 136.86 -26.16 108.5 133.94 -24.88 0.365 0x0000FF
111.23 139.22 -27.53 109.96 136.86 -26.16 0.365 0x0000FF
112.69 141.41 -29.19 111.23 139.22 -27.53 0.365 0x0000FF
113.97 142.51 -30.78 112.69 141.41 -29.19 0.365 0x0000FF
115.98 144.51 -31.92 113.97 142.51 -30.78 0.365 0x0000FF
118.35 147.06 -33.74 115.98 144.51 -31.92 0.365 0x0000FF
120.54 149.43 -35.63 118.35 147.06 -33.74 0.365 0x0000FF
123.64 151.97 -36.77 120.54 149.43 -35.63 0.365 0x0000FF
128.57 154.71 -37.97 123.64 151.97 -36.77 0.365 0x0000FF
131.49 156.16 -38.81 128.57 154.71 -37.97 0.365 0x0000FF
82.24 100.84 -20.48 80.42 92.82 -20.18 0.64 0x0000FF
82.79 106.67 -21.16 82.24 100.84 -20.48 0.545 0x0000FF
83.52 112.68 -21.85 82.79 106.67 -21.16 0.545 0x0000FF
84.61 119.97 -22.45 83.52 112.68 -21.85 0.545 0x0000FF
85.71 122.34 -23.06 84.61 119.97 -22.45 0.545 0x0000FF
86.26 123.25 -23.29 85.71 122.34 -23.06 0.545 0x0000FF
90.07 144.33 -23.89 86.26 123.25 -23.29 0.545 0x0000FF
90.98 150.34 -24.35 90.07 144.33 -23.89 0.545 0x0000FF
90.8 157.99 -24.65 90.98 150.34 -24.35 0.545 0x0000FF
89.7 172.39 -25.26 90.8 157.99 -24.65 0.545 0x0000FF
90.25 175.48 -25.56 89.7 172.39 -25.26 0.545 0x0000FF
91.89 178.58 -26.01 90.25 175.48 -25.56 0.545 0x0000FF
94.27 181.32 -26.85 91.89 178.58 -26.01 0.545 0x0000FF
95.54 182.77 -27.53 94.27 181.32 -26.85 0.545 0x0000FF
98.46 184.41 -28.13 95.54 182.77 -27.53 0.545 0x0000FF
102.84 187.15 -29.04 98.46 184.41 -28.13 0.545 0x0000FF
105.03 189.51 -30.03 102.84 187.15 -29.04 0.545 0x0000FF
107.4 191.88 -31.24 105.03 189.51 -30.03 0.545 0x0000FF
109.41 193.16 -32.15 107.4 191.88 -31.24 0.545 0x0000FF
55.23 57.63 -16.85 53.05 58.54 -17.0 1.005 0x0000FF
57.61 56.9 -16.39 55.23 57.63 -16.85 1.005 0x0000FF
59.25 56.54 -15.94 57.61 56.9 -16.39 0.73 0x0000FF
60.34 55.81 -15.1 59.25 56.54 -15.94 0.73 0x0000FF
61.26 55.44 -13.59 60.34 55.81 -15.1 0.73 0x0000FF
65.09 52.53 -10.56 61.26 55.44 -13.59 0.73 0x0000FF
70.01 50.34 -10.86 65.09 52.53 -10.56 0.64 0x0000FF
77.68 49.43 -11.39 70.01 50.34 -10.86 0.64 0x0000FF
83.88 49.07 -11.47 77.68 49.43 -11.39 0.545 0x0000FF
90.27 49.25 -12.07 83.88 49.07 -11.47 0.545 0x0000FF
99.94 50.34 -12.76 90.27 49.25 -12.07 0.545 0x0000FF
122.74 55.99 -13.59 99.94 50.34 -12.76 0.545 0x0000FF
132.96 57.27 -13.89 122.74 55.99 -13.59 0.545 0x0000FF
138.8 56.9 -14.42 132.96 57.27 -13.89 0.545 0x0000FF
144.82 56.54 -12.15 138.8 56.9 -14.42 0.545 0x0000FF
151.38 55.26 -13.14 144.82 56.54 -12.15 0.455 0x0000FF
159.41 50.71 -13.51 151.38 55.26 -13.14 0.455 0x0000FF
164.52 45.79 -13.89 159.41 50.71 -13.51 0.455 0x0000FF
167.63 40.14 -14.27 164.52 45.79 -13.89 0.455 0x0000FF
169.63 33.58 -14.73 167.63 40.14 -14.27 0.365 0x0000FF
170.0 31.39 -14.73 169.63 33.58 -14.73 0.365 0x0000FF
182.59 -3.75 -15.18 170.0 31.39 -14.73 0.365 0x0000FF
184.42 -13.77 -15.63 182.59 -3.75 -15.18 0.365 0x0000FF
182.41 -23.24 -15.71 184.42 -13.77 -15.63 0.365 0x0000FF
181.13 -26.52 -15.71 182.41 -23.24 -15.71 0.365 0x0000FF
180.22 -30.17 -15.86 181.13 -26.52 -15.71 0.365 0x0000FF
180.4 -35.81 -15.86 180.22 -30.17 -15.86 0.365 0x0000FF
179.67 -39.09 -15.86 180.4 -35.81 -15.86 0.365 0x0000FF
174.2 -40.92 -16.01 179.67 -39.09 -15.86 0.365 0x0000FF
30.95 43.21 -18.97 28.68 51.27 -15.79 0.64 0x0000FF
31.68 41.93 -19.42 30.95 43.21 -18.97 0.64 0x0000FF
32.04 40.84 -19.73 31.68 41.93 -19.42 0.64 0x0000FF
32.4 40.29 -20.41 32.04 40.84 -19.73 0.64 0x0000FF
32.6 39.56 -22.07 32.4 40.29 -20.41 0.64 0x0000FF
34.42 38.65 -24.8 32.6 39.56 -22.07 0.64 0x0000FF
35.33 38.47 -26.16 34.42 38.65 -24.8 0.64 0x0000FF
37.15 38.84 -27.0 35.33 38.47 -26.16 0.64 0x0000FF
39.35 39.75 -27.75 37.15 38.84 -27.0 0.64 0x0000FF
40.44 41.2 -29.12 39.35 39.75 -27.75 0.64 0x0000FF
42.27 43.75 -30.41 40.44 41.2 -29.12 0.64 0x0000FF
43.54 45.58 -31.01 42.27 43.75 -30.41 0.64 0x0000FF
44.46 47.22 -32.45 43.54 45.58 -31.01 0.64 0x0000FF
45.92 50.31 -34.11 44.46 47.22 -32.45 0.64 0x0000FF
46.65 51.22 -31.32 45.92 50.31 -34.11 0.64 0x0000FF
47.19 51.95 -29.72 46.65 51.22 -31.32 0.64 0x0000FF
47.38 52.5 -27.68 47.19 51.95 -29.72 0.64 0x0000FF
47.92 53.23 -25.63 47.38 52.5 -27.68 0.64 0x0000FF
48.47 53.96 -22.68 47.92 53.23 -25.63 0.64 0x0000FF
49.75 55.78 -22.68 48.47 53.96 -22.68 0.455 0x0000FF
51.02 56.87 -22.68 49.75 55.78 -22.68 0.455 0x0000FF
55.4 58.51 -22.68 51.02 56.87 -22.68 0.455 0x0000FF
24.64 37.21 -15.1 28.68 51.27 -15.79 1.55 0x0000FF
23.72 33.02 -15.1 24.64 37.21 -15.1 1.735 0x0000FF
24.09 24.09 -15.56 23.72 33.02 -15.1 1.735 0x0000FF
24.45 14.43 -15.79 24.09 24.09 -15.56 1.735 0x0000FF
24.09 5.69 -16.01 24.45 14.43 -15.79 1.735 0x0000FF
24.27 3.5 -16.01 24.09 5.69 -16.01 1.735 0x0000FF
24.27 1.55 -16.17 24.27 3.5 -16.01 1.46 0x0000FF
23.72 -1.18 -16.17 24.27 1.55 -16.17 1.46 0x0000FF
22.08 -3.91 -16.09 23.72 -1.18 -16.17 1.46 0x0000FF
18.98 -6.28 -15.71 22.08 -3.91 -16.09 1.46 0x0000FF
16.61 -7.92 -15.18 18.98 -6.28 -15.71 1.46 0x0000FF
14.96 -9.74 -14.88 16.61 -7.92 -15.18 1.46 0x0000FF
13.14 -11.93 -14.73 14.96 -9.74 -14.88 1.46 0x0000FF
12.23 -14.3 -14.8 13.14 -11.93 -14.73 1.46 0x0000FF
11.69 -15.15 -14.95 12.23 -14.3 -14.8 1.275 0x0000FF
10.78 -18.43 -14.8 11.69 -15.15 -14.95 1.275 0x0000FF
10.23 -22.8 -14.5 10.78 -18.43 -14.8 1.275 0x0000FF
10.23 -27.18 -14.12 10.23 -22.8 -14.5 1.275 0x0000FF
9.68 -30.82 -14.04 10.23 -27.18 -14.12 1.185 0x0000FF
9.5 -40.29 -13.74 9.68 -30.82 -14.04 1.185 0x0000FF
9.5 -46.67 -13.36 9.5 -40.29 -13.74 1.185 0x0000FF
8.59 -57.24 -13.14 9.5 -46.67 -13.36 1.185 0x0000FF
8.59 -65.25 -12.83 8.59 -57.24 -13.14 1.185 0x0000FF
9.14 -69.81 -12.68 8.59 -65.25 -12.83 1.185 0x0000FF
11.14 -87.85 -11.85 9.14 -69.81 -12.68 1.185 0x0000FF
9.68 -99.33 -11.54 11.14 -87.85 -11.85 1.185 0x0000FF
10.05 -104.79 -11.39 9.68 -99.33 -11.54 1.185 0x0000FF
10.41 -110.08 -11.17 10.05 -104.79 -11.39 1.095 0x0000FF
9.68 -114.08 -11.09 10.41 -110.08 -11.17 1.095 0x0000FF
9.5 -115.72 -11.01 9.68 -114.08 -11.09 1.095 0x0000FF
8.46 -129.21 -10.56 9.5 -115.72 -11.01 1.095 0x0000FF
8.09 -141.41 -10.26 8.46 -129.21 -10.56 1.095 0x0000FF
7.54 -157.09 -10.02 8.09 -141.41 -10.26 1.095 0x0000FF
7.54 -164.92 -9.35 7.54 -157.09 -10.02 1.095 0x0000FF
6.45 -173.12 -8.97 7.54 -164.92 -9.35 1.095 0x0000FF
6.63 -180.77 -8.06 6.45 -173.12 -8.97 1.095 0x0000FF
6.27 -185.33 -8.06 6.63 -180.77 -8.06 1.095 0x0000FF
5.54 -189.52 -9.03 6.27 -185.33 -8.06 1.095 0x0000FF
4.26 -193.53 -7.98 5.54 -189.52 -9.03 1.095 0x0000FF
2.43 -199.36 -7.0 4.26 -193.53 -7.98 1.095 0x0000FF
1.52 -202.46 -6.54 2.43 -199.36 -7.0 1.095 0x0000FF
0.97 -204.46 -5.86 1.52 -202.46 -6.54 1.095 0x0000FF
-0.6 -214.22 -4.73 0.97 -204.46 -5.86 1.095 0x0000FF
-1.7 -219.5 -4.42 -0.6 -214.22 -4.73 1.095 0x0000FF
-2.79 -223.15 -4.12 -1.7 -219.5 -4.42 1.005 0x0000FF
-3.52 -224.97 -3.74 -2.79 -223.15 -4.12 1.005 0x0000FF
-4.44 -229.34 -2.76 -3.52 -224.97 -3.74 0.91 0x0000FF
-5.17 -234.08 -2.29 -4.44 -229.34 -2.76 0.91 0x0000FF
-6.63 -239.0 -1.77 -5.17 -234.08 -2.29 0.91 0x0000FF
-7.17 -241.92 -1.39 -6.63 -239.0 -1.77 0.91 0x0000FF
-9.14 -245.79 -1.32 -7.17 -241.92 -1.39 0.455 0x0000FF
-9.86 -250.71 -0.48 -9.14 -245.79 -1.32 0.455 0x0000FF
-12.42 -255.81 -2.98 -9.86 -250.71 -0.48 0.455 0x0000FF
-13.7 -257.45 -3.89 -12.42 -255.81 -2.98 0.455 0x0000FF
-16.07 -260.91 -6.09 -13.7 -257.45 -3.89 0.455 0x0000FF
-18.07 -264.19 -8.36 -16.07 -260.91 -6.09 0.455 0x0000FF
-23.0 -269.11 -9.57 -18.07 -264.19 -8.36 0.455 0x0000FF
-27.02 -275.49 -10.48 -23.0 -269.11 -9.57 0.455 0x0000FF
-32.13 -285.88 -10.33 -27.02 -275.49 -10.48 0.455 0x0000FF
-33.4 -291.16 -10.33 -32.13 -285.88 -10.33 0.365 0x0000FF
-31.76 -296.63 -10.48 -33.4 -291.16 -10.33 0.365 0x0000FF
-26.11 -309.02 -11.17 -31.76 -296.63 -10.48 0.365 0x0000FF
-19.72 -318.67 -11.54 -26.11 -309.02 -11.17 0.365 0x0000FF
-16.8 -322.13 -12.0 -19.72 -318.67 -11.54 0.365 0x0000FF
-13.7 -327.05 -12.38 -16.8 -322.13 -12.0 0.365 0x0000FF
-12.24 -329.97 -12.53 -13.7 -327.05 -12.38 0.365 0x0000FF
-40.34 -296.99 -10.26 -33.4 -291.16 -10.33 0.365 0x0000FF
-50.37 -303.0 -10.02 -40.34 -296.99 -10.26 0.365 0x0000FF
-60.77 -311.75 -9.73 -50.37 -303.0 -10.02 0.365 0x0000FF
-75.92 -318.49 -9.35 -60.77 -311.75 -9.73 0.365 0x0000FF
-84.49 -319.39 -8.89 -75.92 -318.49 -9.35 0.365 0x0000FF
-7.17 -243.37 -1.7 -7.17 -241.92 -1.39 0.64 0x0000FF
-6.81 -244.47 -2.08 -7.17 -243.37 -1.7 0.64 0x0000FF
-6.08 -247.2 -2.76 -6.81 -244.47 -2.08 0.64 0x0000FF
-5.53 -248.84 -3.97 -6.08 -247.2 -2.76 0.64 0x0000FF
-4.62 -253.21 -5.11 -5.53 -248.84 -3.97 0.64 0x0000FF
-3.16 -259.41 -5.48 -4.62 -253.21 -5.11 0.64 0x0000FF
-0.6 -265.05 -6.24 -3.16 -259.41 -5.48 0.545 0x0000FF
1.4 -269.24 -7.15 -0.6 -265.05 -6.24 0.545 0x0000FF
6.33 -277.99 -7.61 1.4 -269.24 -7.15 0.545 0x0000FF
8.15 -284.73 -8.14 6.33 -277.99 -7.61 0.545 0x0000FF
10.71 -293.11 -8.59 8.15 -284.73 -8.14 0.545 0x0000FF
12.21 -295.35 -10.11 10.71 -293.11 -8.59 0.545 0x0000FF
13.49 -297.17 -11.01 12.21 -295.35 -10.11 0.545 0x0000FF
14.4 -298.99 -13.59 13.49 -297.17 -11.01 0.545 0x0000FF
15.49 -301.91 -15.33 14.4 -298.99 -13.59 0.545 0x0000FF
15.86 -303.55 -16.85 15.49 -301.91 -15.33 0.545 0x0000FF
16.22 -305.37 -18.66 15.86 -303.55 -16.85 0.545 0x0000FF
17.32 -307.56 -20.56 16.22 -305.37 -18.66 0.545 0x0000FF
18.6 -310.29 -21.92 17.32 -307.56 -20.56 0.545 0x0000FF
19.87 -312.11 -22.98 18.6 -310.29 -21.92 0.455 0x0000FF
20.78 -313.39 -23.29 19.87 -312.11 -22.98 0.455 0x0000FF
31.55 -316.12 -23.89 20.78 -313.39 -23.29 0.455 0x0000FF
39.03 -318.49 -24.27 31.55 -316.12 -23.89 0.455 0x0000FF
44.14 -321.58 -25.1 39.03 -318.49 -24.27 0.365 0x0000FF
53.99 -326.87 -26.01 44.14 -321.58 -25.1 0.365 0x0000FF
61.65 -333.98 -26.39 53.99 -326.87 -26.01 0.365 0x0000FF
10.03 -16.67 -14.73 12.23 -14.3 -14.8 0.545 0x0000FF
7.3 -18.67 -14.73 10.03 -16.67 -14.73 0.545 0x0000FF
4.93 -19.77 -14.35 7.3 -18.67 -14.73 0.545 0x0000FF
3.1 -19.77 -13.67 4.93 -19.77 -14.35 0.545 0x0000FF
-0.91 -19.39 -13.06 3.1 -19.77 -13.67 0.545 0x0000FF
-4.74 -19.95 -12.23 -0.91 -19.39 -13.06 0.545 0x0000FF
-8.21 -21.04 -11.24 -4.74 -19.95 -12.23 0.545 0x0000FF
-10.94 -21.95 -10.26 -8.21 -21.04 -11.24 0.545 0x0000FF
-13.32 -23.04 -7.38 -10.94 -21.95 -10.26 0.545 0x0000FF
-14.23 -23.41 -7.08 -13.32 -23.04 -7.38 0.545 0x0000FF
-16.78 -24.14 -7.15 -14.23 -23.41 -7.08 0.455 0x0000FF
-18.61 -24.68 -7.15 -16.78 -24.14 -7.15 0.455 0x0000FF
-19.34 -24.68 -7.15 -18.61 -24.68 -7.15 0.455 0x0000FF
-27.72 -26.63 -7.08 -19.34 -24.68 -7.15 0.365 0x0000FF
-32.46 -28.63 -6.77 -27.72 -26.63 -7.08 0.365 0x0000FF
-37.03 -30.45 -6.39 -32.46 -28.63 -6.77 0.365 0x0000FF
-42.32 -31.37 -5.48 -37.03 -30.45 -6.39 0.365 0x0000FF
-47.79 -30.82 -5.26 -42.32 -31.37 -5.48 0.365 0x0000FF
-53.08 -29.18 -5.33 -47.79 -30.82 -5.26 0.275 0x0000FF
-58.55 -28.81 -5.33 -53.08 -29.18 -5.33 0.275 0x0000FF
-65.48 -29.91 -5.18 -58.55 -28.81 -5.33 0.275 0x0000FF
-74.25 -30.82 -4.95 -65.48 -29.91 -5.18 0.275 0x0000FF
-80.08 -32.28 -4.58 -74.25 -30.82 -4.95 0.275 0x0000FF
-90.67 -35.36 -3.82 -80.08 -32.28 -4.58 0.275 0x0000FF
-97.23 -37.56 -3.74 -90.67 -35.36 -3.82 0.275 0x0000FF
-55.45 -32.09 -4.95 -47.79 -30.82 -5.26 0.365 0x0000FF
-58.92 -32.82 -4.95 -55.45 -32.09 -4.95 0.365 0x0000FF
-61.11 -33.54 -4.73 -58.92 -32.82 -4.95 0.365 0x0000FF
-64.58 -35.01 -4.58 -61.11 -33.54 -4.73 0.365 0x0000FF
-66.77 -36.47 -4.42 -64.58 -35.01 -4.58 0.275 0x0000FF
-15.51 -24.87 -6.54 -14.23 -23.41 -7.08 0.455 0x0000FF
-16.05 -25.23 -6.24 -15.51 -24.87 -6.54 0.455 0x0000FF
-16.23 -25.6 -5.18 -16.05 -25.23 -6.24 0.455 0x0000FF
-16.42 -26.51 -4.88 -16.23 -25.6 -5.18 0.455 0x0000FF
-16.23 -26.87 -3.97 -16.42 -26.51 -4.88 0.455 0x0000FF
-16.05 -27.24 -1.39 -16.23 -26.87 -3.97 0.455 0x0000FF
-15.14 -27.78 -0.11 -16.05 -27.24 -1.39 0.455 0x0000FF
-14.23 -28.51 1.33 -15.14 -27.78 -0.11 0.455 0x0000FF
-13.32 -29.24 2.54 -14.23 -28.51 1.33 0.455 0x0000FF
-12.4 -29.97 4.36 -13.32 -29.24 2.54 0.455 0x0000FF
-10.94 -31.06 5.95 -12.4 -29.97 4.36 0.455 0x0000FF
-10.02 -31.43 7.54 -10.94 -31.06 5.95 0.455 0x0000FF
-8.02 -32.7 8.76 -10.02 -31.43 7.54 0.455 0x0000FF
-5.47 -33.97 9.67 -8.02 -32.7 8.76 0.455 0x0000FF
-4.38 -34.71 10.65 -5.47 -33.97 9.67 0.455 0x0000FF
-3.46 -34.89 11.41 -4.38 -34.71 10.65 0.365 0x0000FF
-2.37 -35.61 12.09 -3.46 -34.89 11.41 0.365 0x0000FF
-0.91 -36.89 12.39 -2.37 -35.61 12.09 0.365 0x0000FF
0.37 -38.35 12.85 -0.91 -36.89 12.39 0.365 0x0000FF
28.47 0.77 -16.01 24.27 3.5 -16.01 0.73 0x0000FF
33.03 -0.33 -16.23 28.47 0.77 -16.01 0.73 0x0000FF
37.77 -1.24 -16.62 33.03 -0.33 -16.23 0.64 0x0000FF
38.5 -1.24 -16.62 37.77 -1.24 -16.62 0.545 0x0000FF
39.22 -1.6 -16.62 38.5 -1.24 -16.62 0.545 0x0000FF
45.07 -1.36 -16.77 39.22 -1.6 -16.62 0.455 0x0000FF
49.26 -1.73 -16.39 45.07 -1.36 -16.77 0.365 0x0000FF
52.55 -2.27 -16.17 49.26 -1.73 -16.39 0.365 0x0000FF
56.2 -2.82 -15.03 52.55 -2.27 -16.17 0.365 0x0000FF
59.12 -3.37 -14.95 56.2 -2.82 -15.03 0.365 0x0000FF
63.5 -3.73 -16.39 59.12 -3.37 -14.95 0.365 0x0000FF
64.59 -3.73 -17.38 63.5 -3.73 -16.39 0.365 0x0000FF
68.23 -3.73 -19.2 64.59 -3.73 -17.38 0.365 0x0000FF
72.98 -4.28 -20.18 68.23 -3.73 -19.2 0.365 0x0000FF
75.72 -4.63 -21.62 72.98 -4.28 -20.18 0.365 0x0000FF
77.91 -5.19 -23.06 75.72 -4.63 -21.62 0.365 0x0000FF
80.83 -6.46 -24.88 77.91 -5.19 -23.06 0.365 0x0000FF
83.38 -7.92 -26.24 80.83 -6.46 -24.88 0.365 0x0000FF
87.22 -11.02 -27.38 83.38 -7.92 -26.24 0.365 0x0000FF
94.15 -14.48 -28.97 87.22 -11.02 -27.38 0.365 0x0000FF
97.98 -17.76 -29.27 94.15 -14.48 -28.97 0.365 0x0000FF
101.26 -22.13 -30.1 97.98 -17.76 -29.27 0.365 0x0000FF
104.91 -25.6 -30.94 101.26 -22.13 -30.1 0.365 0x0000FF
109.47 -29.79 -31.69 104.91 -25.6 -30.94 0.365 0x0000FF
117.14 -35.07 -32.83 109.47 -29.79 -31.69 0.365 0x0000FF
121.7 -36.71 -33.44 117.14 -35.07 -32.83 0.365 0x0000FF
124.62 -37.79 -35.03 121.7 -36.71 -33.44 0.365 0x0000FF
125.9 -38.9 -36.01 124.62 -37.79 -35.03 0.365 0x0000FF
126.99 -39.99 -37.83 125.9 -38.9 -36.01 0.365 0x0000FF
130.63 -44.36 -38.97 126.99 -39.99 -37.83 0.365 0x0000FF
135.57 -50.37 -39.86 130.63 -44.36 -38.97 0.275 0x0000FF
45.8 -4.33 -16.62 39.22 -1.6 -16.62 0.455 0x0000FF
50.36 -4.88 -16.77 45.8 -4.33 -16.62 0.455 0x0000FF
56.38 -4.51 -17.14 50.36 -4.88 -16.77 0.365 0x0000FF
61.31 -5.43 -17.38 56.38 -4.51 -17.14 0.365 0x0000FF
67.88 -6.16 -17.53 61.31 -5.43 -17.38 0.365 0x0000FF
71.89 -6.52 -16.77 67.88 -6.16 -17.53 0.365 0x0000FF
74.98 -6.7 -15.63 71.89 -6.52 -16.77 0.365 0x0000FF
77.73 -7.25 -14.5 74.98 -6.7 -15.63 0.365 0x0000FF
83.39 -8.16 -13.74 77.73 -7.25 -14.5 0.365 0x0000FF
93.6 -10.89 -13.36 83.39 -8.16 -13.74 0.365 0x0000FF
97.25 -11.8 -13.06 93.6 -10.89 -13.36 0.365 0x0000FF
99.44 -12.9 -12.53 97.25 -11.8 -13.06 0.365 0x0000FF
101.81 -16.54 -11.39 99.44 -12.9 -12.53 0.365 0x0000FF
103.09 -18.18 -11.24 101.81 -16.54 -11.39 0.365 0x0000FF
103.64 -19.64 -11.01 103.09 -18.18 -11.24 0.365 0x0000FF
103.82 -21.64 -10.94 103.64 -19.64 -11.01 0.365 0x0000FF
103.46 -26.38 -10.48 103.82 -21.64 -10.94 0.365 0x0000FF
103.82 -35.85 -10.18 103.46 -26.38 -10.48 0.365 0x0000FF
103.09 -46.06 -9.65 103.82 -35.85 -10.18 0.365 0x0000FF
103.64 -49.7 -9.5 103.09 -46.06 -9.65 0.275 0x0000FF
104.55 -53.35 -9.11 103.64 -49.7 -9.5 0.275 0x0000FF
105.83 -57.17 -9.03 104.55 -53.35 -9.11 0.275 0x0000FF
107.29 -62.09 -8.74 105.83 -57.17 -9.03 0.275 0x0000FF
107.84 -63.91 -8.67 107.29 -62.09 -8.74 0.275 0x0000FF
118.96 -79.16 -8.36 107.84 -63.91 -8.67 0.275 0x0000FF
