-27.59 28.08 -26.69 -18.24 26.27 -30.03 0.82 0x0000FF
-29.05 28.63 -27.0 -27.59 28.08 -26.69 0.82 0x0000FF
-29.78 28.81 -28.06 -29.05 28.63 -27.0 0.82 0x0000FF
-30.87 29.17 -31.92 -29.78 28.81 -28.06 0.82 0x0000FF
-31.97 29.36 -35.03 -30.87 29.17 -31.92 0.82 0x0000FF
-33.79 31.18 -36.09 -31.97 29.36 -35.03 0.365 0x0000FF
-36.15 32.09 -35.4 -33.79 31.18 -36.09 0.365 0x0000FF
-42.55 34.46 -35.18 -36.15 32.09 -35.4 0.365 0x0000FF
-45.1 37.92 -36.39 -42.55 34.46 -35.18 0.365 0x0000FF
-45.1 43.2 -36.84 -45.1 37.92 -36.39 0.365 0x0000FF
-41.64 50.49 -37.83 -45.1 43.2 -36.84 0.365 0x0000FF
-36.71 61.61 -38.59 -41.64 50.49 -37.83 0.365 0x0000FF
-35.97 69.08 -39.11 -36.71 61.61 -38.59 0.365 0x0000FF
-37.81 75.63 -39.86 -35.97 69.08 -39.11 0.365 0x0000FF
-38.17 77.27 -40.71 -37.81 75.63 -39.86 0.365 0x0000FF
-38.35 84.93 -41.31 -38.17 77.27 -40.71 0.365 0x0000FF
-37.99 92.4 -42.0 -38.35 84.93 -41.31 0.365 0x0000FF
-39.63 96.22 -42.3 -37.99 92.4 -42.0 0.365 0x0000FF
-40.36 100.96 -42.6 -39.63 96.22 -42.3 0.365 0x0000FF
-39.81 101.87 -42.98 -40.36 100.96 -42.6 0.365 0x0000FF
-39.02 109.42 -43.66 -39.81 101.87 -42.98 0.275 0x0000FF
-37.38 113.98 -43.89 -39.02 109.42 -43.66 0.275 0x0000FF
-33.97 29.17 -36.47 -31.97 29.36 -35.03 0.545 0x0000FF
-36.89 29.9 -36.92 -33.97 29.17 -36.47 0.545 0x0000FF
-39.63 30.08 -37.45 -36.89 29.9 -36.92 0.545 0x0000FF
-42.37 29.9 -37.97 -39.63 30.08 -37.45 0.545 0x0000FF
-45.65 28.99 -39.42 -42.37 29.9 -37.97 0.545 0x0000FF
-49.67 27.17 -39.95 -45.65 28.99 -39.42 0.545 0x0000FF
-57.33 23.89 -41.24 -49.67 27.17 -39.95 0.545 0x0000FF
-66.81 21.7 -39.86 -57.33 23.89 -41.24 0.365 0x0000FF
-69.37 20.43 -40.71 -66.81 21.7 -39.86 0.365 0x0000FF
-73.93 18.05 -43.28 -69.37 20.43 -40.71 0.365 0x0000FF
-78.48 14.42 -45.25 -73.93 18.05 -43.28 0.365 0x0000FF
-82.14 12.59 -46.39 -78.48 14.42 -45.25 0.365 0x0000FF
-85.61 11.68 -48.36 -82.14 12.59 -46.39 0.365 0x0000FF
-90.9 10.95 -50.33 -85.61 11.68 -48.36 0.365 0x0000FF
-98.93 11.14 -51.54 -90.9 10.95 -50.33 0.365 0x0000FF
-101.66 11.68 -54.57 -98.93 11.14 -51.54 0.365 0x0000FF
-102.76 12.05 -56.24 -101.66 11.68 -54.57 0.365 0x0000FF
-103.85 12.96 -59.42 -102.76 12.05 -56.24 0.365 0x0000FF
-104.4 14.6 -60.86 -103.85 12.96 -59.42 0.365 0x0000FF
-105.68 16.97 -61.31 -104.4 14.6 -60.86 0.275 0x0000FF
-109.33 17.7 -62.37 -105.68 16.97 -61.31 0.275 0x0000FF
-112.98 17.88 -63.43 -109.33 17.7 -62.37 0.275 0x0000FF
-117.54 17.7 -65.25 -112.98 17.88 -63.43 0.275 0x0000FF
-120.64 17.32 -67.59 -117.54 17.7 -65.25 0.275 0x0000FF
-66.45 14.96 -41.92 -57.33 23.89 -41.24 0.455 0x0000FF
-72.29 8.4 -42.15 -66.45 14.96 -41.92 0.455 0x0000FF
-75.94 7.49 -41.69 -72.29 8.4 -42.15 0.365 0x0000FF
-82.51 4.38 -41.09 -75.94 7.49 -41.69 0.365 0x0000FF
-87.43 1.11 -40.56 -82.51 4.38 -41.09 0.365 0x0000FF
-94.91 -3.8 -39.19 -87.43 1.11 -40.56 0.365 0x0000FF
-100.39 -9.44 -38.65 -94.91 -3.8 -39.19 0.365 0x0000FF
-115.35 -23.48 -37.38 -100.39 -9.44 -38.65 0.365 0x0000FF
-125.93 -31.68 -35.1 -115.35 -23.48 -37.38 0.365 0x0000FF
-132.68 -38.6 -32.29 -125.93 -31.68 -35.1 0.365 0x0000FF
-136.33 -41.88 -31.24 -132.68 -38.6 -32.29 0.365 0x0000FF
-138.69 -44.07 -30.41 -136.33 -41.88 -31.24 0.365 0x0000FF
-82.51 -3.8 -42.37 -72.29 8.4 -42.15 0.365 0x0000FF
-87.25 -7.08 -42.6 -82.51 -3.8 -42.37 0.365 0x0000FF
-88.89 -9.63 -43.06 -87.25 -7.08 -42.6 0.365 0x0000FF
-91.81 -12.0 -43.81 -88.89 -9.63 -43.06 0.365 0x0000FF
-17.13 36.9 -25.48 -18.24 26.27 -30.03 0.73 0x0000FF
-18.04 39.09 -25.48 -17.13 36.9 -25.48 0.73 0x0000FF
-18.59 42.92 -25.86 -18.04 39.09 -25.48 0.73 0x0000FF
-17.67 46.75 -25.86 -18.59 42.92 -25.86 0.73 0x0000FF
-16.39 50.57 -26.32 -17.67 46.75 -25.86 0.73 0x0000FF
-13.29 57.5 -26.62 -16.39 50.57 -26.32 0.64 0x0000FF
-13.11 62.6 -27.0 -13.29 57.5 -26.62 0.64 0x0000FF
-12.75 67.88 -27.22 -13.11 62.6 -27.0 0.64 0x0000FF
-10.92 75.53 -27.38 -12.75 67.88 -27.22 0.64 0x0000FF
-9.1 84.1 -27.6 -10.92 75.53 -27.38 0.64 0x0000FF
-8.73 89.38 -27.68 -9.1 84.1 -27.6 0.64 0x0000FF
-9.83 93.21 -27.75 -8.73 89.38 -27.68 0.64 0x0000FF
-11.1 96.49 -27.83 -9.83 93.21 -27.75 0.64 0x0000FF
-12.38 101.22 -28.21 -11.1 96.49 -27.83 0.64 0x0000FF
-13.29 107.06 -28.59 -12.38 101.22 -28.21 0.64 0x0000FF
-12.2 121.45 -27.45 -13.29 107.06 -28.59 0.64 0x0000FF
-6.73 140.76 -27.45 -12.2 121.45 -27.45 0.64 0x0000FF
-4.72 149.87 -26.62 -6.73 140.76 -27.45 0.64 0x0000FF
-3.99 151.15 -26.54 -4.72 149.87 -26.62 0.64 0x0000FF
-3.08 154.06 -28.74 -3.99 151.15 -26.54 0.64 0x0000FF
-1.8 156.97 -31.54 -3.08 154.06 -28.74 0.64 0x0000FF
-1.07 158.97 -33.59 -1.8 156.97 -31.54 0.64 0x0000FF
0.02 160.62 -35.71 -1.07 158.97 -33.59 0.64 0x0000FF
9.33 182.49 -37.29 0.02 160.62 -35.71 0.545 0x0000FF
10.06 186.31 -38.06 9.33 182.49 -37.29 0.545 0x0000FF
-9.1 34.18 -21.92 -18.24 26.27 -30.03 1.55 0x0000FF
-7.64 35.82 -21.47 -9.1 34.18 -21.92 1.55 0x0000FF
-5.27 39.09 -20.94 -7.64 35.82 -21.47 1.275 0x0000FF
-4.34 43.47 -20.41 -5.27 39.09 -20.94 1.185 0x0000FF
-3.08 49.3 -19.64 -4.34 43.47 -20.41 1.185 0x0000FF
-2.16 55.13 -18.82 -3.08 49.3 -19.64 1.185 0x0000FF
-2.89 60.59 -19.57 -2.16 55.13 -18.82 1.185 0x0000FF
-4.9 62.78 -19.2 -2.89 60.59 -19.57 0.365 0x0000FF
-6.18 64.23 -18.66 -4.9 62.78 -19.2 0.365 0x0000FF
-6.54 66.06 -17.98 -6.18 64.23 -18.66 0.365 0x0000FF
-6.91 68.98 -17.53 -6.54 66.06 -17.98 0.365 0x0000FF
-8.19 73.17 -17.3 -6.91 68.98 -17.53 0.365 0x0000FF
-9.1 76.26 -16.92 -8.19 73.17 -17.3 0.365 0x0000FF
-10.01 79.73 -16.7 -9.1 76.26 -16.92 0.365 0x0000FF
-10.01 82.09 -16.39 -10.01 79.73 -16.7 0.365 0x0000FF
-10.01 85.37 -15.94 -10.01 82.09 -16.39 0.365 0x0000FF
-9.83 88.65 -15.48 -10.01 85.37 -15.94 0.365 0x0000FF
-9.65 89.75 -14.73 -9.83 88.65 -15.48 0.365 0x0000FF
-9.65 91.02 -14.5 -9.65 89.75 -14.73 0.365 0x0000FF
-8.92 92.84 -13.67 -9.65 91.02 -14.5 0.365 0x0000FF
-9.46 99.95 -12.07 -8.92 92.84 -13.67 0.365 0x0000FF
-9.46 102.68 -11.39 -9.46 99.95 -12.07 0.365 0x0000FF
-10.19 105.05 -10.41 -9.46 102.68 -11.39 0.365 0x0000FF
-10.56 106.69 -9.8 -10.19 105.05 -10.41 0.365 0x0000FF
-10.92 108.7 -9.03 -10.56 106.69 -9.8 0.365 0x0000FF
-12.38 112.16 -7.83 -10.92 108.7 -9.03 0.365 0x0000FF
-12.56 114.16 -7.45 -12.38 112.16 -7.83 0.365 0x0000FF
-12.38 116.35 -6.77 -12.56 114.16 -7.45 0.365 0x0000FF
-12.2 118.17 -5.94 -12.38 116.35 -6.77 0.365 0x0000FF
-12.2 119.26 -5.26 -12.2 118.17 -5.94 0.365 0x0000FF
-12.38 120.36 -5.18 -12.2 119.26 -5.26 0.365 0x0000FF
-13.11 121.63 -4.26 -12.38 120.36 -5.18 0.365 0x0000FF
-15.48 123.45 -3.67 -13.11 121.63 -4.26 0.365 0x0000FF
-18.22 124.55 -2.76 -15.48 123.45 -3.67 0.365 0x0000FF
-21.14 125.64 -2.0 -18.22 124.55 -2.76 0.365 0x0000FF
-24.79 128.55 -1.55 -21.14 125.64 -2.0 0.365 0x0000FF
-26.8 130.01 -0.79 -24.79 128.55 -1.55 0.365 0x0000FF
-27.71 131.47 -0.26 -26.8 130.01 -0.79 0.365 0x0000FF
-30.26 132.56 0.57 -27.71 131.47 -0.26 0.365 0x0000FF
-31.72 134.02 1.26 -30.26 132.56 0.57 0.365 0x0000FF
-33.72 135.84 1.86 -31.72 134.02 1.26 0.365 0x0000FF
-37.38 137.47 2.31 -33.72 135.84 1.86 0.365 0x0000FF
-38.11 138.03 3.08 -37.38 137.47 2.31 0.365 0x0000FF
-39.2 138.58 3.61 -38.11 138.03 3.08 0.365 0x0000FF
-40.11 139.12 4.59 -39.2 138.58 3.61 0.365 0x0000FF
-41.94 139.85 5.8 -40.11 139.12 4.59 0.365 0x0000FF
-43.76 140.76 6.33 -41.94 139.85 5.8 0.365 0x0000FF
-44.31 140.94 6.56 -43.76 140.76 6.33 0.365 0x0000FF
-46.87 142.04 7.24 -44.31 140.94 6.56 0.365 0x0000FF
-47.78 142.77 8.07 -46.87 142.04 7.24 0.365 0x0000FF
-49.42 143.31 9.06 -47.78 142.77 8.07 0.365 0x0000FF
-50.33 143.68 9.59 -49.42 143.31 9.06 0.365 0x0000FF
-52.52 144.77 10.35 -50.33 143.68 9.59 0.365 0x0000FF
-53.43 145.13 10.88 -52.52 144.77 10.35 0.365 0x0000FF
-55.62 146.05 11.86 -53.43 145.13 10.88 0.365 0x0000FF
-57.27 146.96 12.7 -55.62 146.05 11.86 0.365 0x0000FF
-58.54 147.87 14.06 -57.27 146.96 12.7 0.365 0x0000FF
-59.09 148.41 14.74 -58.54 147.87 14.06 0.365 0x0000FF
-59.64 148.78 14.82 -59.09 148.41 14.74 0.365 0x0000FF
-60.18 149.51 16.48 -59.64 148.78 14.82 0.365 0x0000FF
-60.91 149.87 16.79 -60.18 149.51 16.48 0.365 0x0000FF
-62.74 151.15 17.54 -60.91 149.87 16.79 0.365 0x0000FF
-64.2 152.61 18.0 -62.74 151.15 17.54 0.365 0x0000FF
-65.48 154.24 18.68 -64.2 152.61 18.0 0.365 0x0000FF
-66.56 155.69 19.36 -65.48 154.24 18.68 0.365 0x0000FF
-67.12 157.71 19.97 -66.56 155.69 19.36 0.365 0x0000FF
-67.3 159.35 20.42 -67.12 157.71 19.97 0.365 0x0000FF
-67.48 160.8 20.5 -67.3 159.35 20.42 0.365 0x0000FF
-67.84 162.44 20.95 -67.48 160.8 20.5 0.365 0x0000FF
-68.39 165.54 21.1 -67.84 162.44 20.95 0.365 0x0000FF
-2.71 65.7 -20.1 -2.89 60.59 -19.57 0.73 0x0000FF
-1.98 68.25 -20.48 -2.71 65.7 -20.1 0.73 0x0000FF
-1.98 74.81 -21.62 -1.98 68.25 -20.48 0.73 0x0000FF
-1.43 79.73 -21.62 -1.98 74.81 -21.62 0.455 0x0000FF
0.02 81.91 -21.39 -1.43 79.73 -21.62 0.455 0x0000FF
2.02 84.1 -20.56 0.02 81.91 -21.39 0.455 0x0000FF
2.94 85.74 -20.03 2.02 84.1 -20.56 0.455 0x0000FF
3.86 87.56 -19.42 2.94 85.74 -20.03 0.455 0x0000FF
4.59 89.02 -21.47 3.86 87.56 -19.42 0.455 0x0000FF
5.13 90.29 -23.66 4.59 89.02 -21.47 0.455 0x0000FF
5.86 92.11 -25.18 5.13 90.29 -23.66 0.455 0x0000FF
6.41 94.12 -27.3 5.86 92.11 -25.18 0.455 0x0000FF
6.59 96.31 -28.29 6.41 94.12 -27.3 0.455 0x0000FF
7.32 101.95 -29.57 6.59 96.31 -28.29 0.365 0x0000FF
8.05 107.42 -30.1 7.32 101.95 -29.57 0.365 0x0000FF
7.87 111.25 -30.33 8.05 107.42 -30.1 0.365 0x0000FF
6.96 115.98 -30.63 7.87 111.25 -30.33 0.275 0x0000FF
6.41 117.99 -30.71 6.96 115.98 -30.63 0.275 0x0000FF
-3.26 77.72 -21.85 -1.98 74.81 -21.62 0.64 0x0000FF
-3.62 81.0 -22.07 -3.26 77.72 -21.85 0.64 0x0000FF
-2.52 84.83 -22.38 -3.62 81.0 -22.07 0.64 0x0000FF
0.02 89.75 -22.68 -2.52 84.83 -22.38 0.64 0x0000FF
3.67 99.59 -23.21 0.02 89.75 -22.68 0.545 0x0000FF
6.59 110.7 -24.27 3.67 99.59 -23.21 0.545 0x0000FF
6.59 119.44 -24.42 6.59 110.7 -24.27 0.545 0x0000FF
6.41 126.0 -24.72 6.59 119.44 -24.42 0.545 0x0000FF
11.34 140.22 -25.18 6.41 126.0 -24.72 0.545 0x0000FF
15.72 144.04 -25.56 11.34 140.22 -25.18 0.545 0x0000FF
21.01 147.13 -26.01 15.72 144.04 -25.56 0.545 0x0000FF
23.56 148.96 -26.24 21.01 147.13 -26.01 0.545 0x0000FF
26.66 150.6 -25.86 23.56 148.96 -26.24 0.545 0x0000FF
27.21 154.24 -25.33 26.66 150.6 -25.86 0.545 0x0000FF
25.93 158.07 -24.72 27.21 154.24 -25.33 0.545 0x0000FF
23.56 160.8 -24.04 25.93 158.07 -24.72 0.545 0x0000FF
23.01 165.72 -20.48 23.56 160.8 -24.04 0.455 0x0000FF
23.38 169.55 -20.48 23.01 165.72 -20.48 0.455 0x0000FF
23.56 171.74 -20.48 23.38 169.55 -20.48 0.455 0x0000FF
24.29 173.74 -20.48 23.56 171.74 -20.48 0.455 0x0000FF
26.48 178.11 -20.48 24.29 173.74 -20.48 0.365 0x0000FF
28.12 180.48 -20.48 26.48 178.11 -20.48 0.365 0x0000FF
2.4 59.14 -18.73 -2.16 55.13 -18.82 0.545 0x0000FF
7.14 62.42 -18.36 2.4 59.14 -18.73 0.545 0x0000FF
12.8 65.88 -17.91 7.14 62.42 -18.36 0.545 0x0000FF
14.26 67.88 -17.6 12.8 65.88 -17.91 0.545 0x0000FF
15.35 69.34 -20.03 14.26 67.88 -17.6 0.545 0x0000FF
18.64 72.26 -21.39 15.35 69.34 -20.03 0.545 0x0000FF
22.47 74.26 -22.23 18.64 72.26 -21.39 0.545 0x0000FF
27.39 75.72 -23.59 22.47 74.26 -22.23 0.455 0x0000FF
31.22 77.54 -24.95 27.39 75.72 -23.59 0.455 0x0000FF
37.43 83.0 -25.94 31.22 77.54 -24.95 0.455 0x0000FF
41.26 85.92 -26.85 37.43 83.0 -25.94 0.455 0x0000FF
43.63 90.48 -28.06 41.26 85.92 -26.85 0.455 0x0000FF
44.54 92.66 -30.1 43.63 90.48 -28.06 0.455 0x0000FF
45.46 95.76 -31.32 44.54 92.66 -30.1 0.455 0x0000FF
45.82 99.22 -32.07 45.46 95.76 -31.32 0.455 0x0000FF
45.64 102.14 -34.11 45.82 99.22 -32.07 0.365 0x0000FF
46.19 103.23 -35.47 45.64 102.14 -34.11 0.365 0x0000FF
46.73 104.32 -37.68 46.19 103.23 -35.47 0.365 0x0000FF
48.37 106.69 -39.5 46.73 104.32 -37.68 0.365 0x0000FF
52.02 109.97 -38.89 48.37 106.69 -39.5 0.365 0x0000FF
52.75 111.25 -38.13 52.02 109.97 -38.89 0.365 0x0000FF
53.67 112.16 -39.27 52.75 111.25 -38.13 0.365 0x0000FF
54.94 113.61 -41.24 53.67 112.16 -39.27 0.365 0x0000FF
56.59 115.44 -42.75 54.94 113.61 -41.24 0.365 0x0000FF
57.86 116.53 -43.28 56.59 115.44 -42.75 0.365 0x0000FF
60.42 118.17 -46.47 57.86 116.53 -43.28 0.365 0x0000FF
62.79 120.36 -48.43 60.42 118.17 -46.47 0.365 0x0000FF
64.06 121.81 -51.09 62.79 120.36 -48.43 0.365 0x0000FF
67.7 127.83 -52.75 64.06 121.81 -51.09 0.365 0x0000FF
76.47 134.02 -53.51 67.7 127.83 -52.75 0.365 0x0000FF
82.86 137.47 -54.27 76.47 134.02 -53.51 0.365 0x0000FF
54.58 107.78 -41.01 48.37 106.69 -39.5 0.365 0x0000FF
59.69 108.33 -41.92 54.58 107.78 -41.01 0.365 0x0000FF
61.69 108.88 -42.37 59.69 108.33 -41.92 0.365 0x0000FF
61.88 109.42 -47.22 61.69 108.88 -42.37 0.365 0x0000FF
63.15 110.15 -48.59 61.88 109.42 -47.22 0.365 0x0000FF
64.43 110.52 -49.87 63.15 110.15 -48.59 0.365 0x0000FF
68.98 110.88 -50.63 64.43 110.52 -49.87 0.365 0x0000FF
74.28 109.06 -50.63 68.98 110.88 -50.63 0.365 0x0000FF
-3.26 40.01 -20.48 -5.27 39.09 -20.94 0.64 0x0000FF
-1.62 42.19 -20.1 -3.26 40.01 -20.48 0.64 0x0000FF
-0.34 45.11 -19.42 -1.62 42.19 -20.1 0.64 0x0000FF
0.39 47.48 -18.97 -0.34 45.11 -19.42 0.64 0x0000FF
1.3 50.76 -17.98 0.39 47.48 -18.97 0.64 0x0000FF
2.02 53.85 -17.45 1.3 50.76 -17.98 0.64 0x0000FF
2.02 55.67 -16.17 2.02 53.85 -17.45 0.545 0x0000FF
2.21 58.41 -15.48 2.02 55.67 -16.17 0.545 0x0000FF
2.58 61.69 -13.21 2.21 58.41 -15.48 0.545 0x0000FF
2.58 64.59 -12.53 2.58 61.69 -13.21 0.545 0x0000FF
2.02 67.88 -11.77 2.58 64.59 -12.53 0.545 0x0000FF
0.21 79.36 -10.79 2.02 67.88 -11.77 0.545 0x0000FF
0.02 82.28 -10.02 0.21 79.36 -10.79 0.545 0x0000FF
-0.89 87.01 -9.5 0.02 82.28 -10.02 0.545 0x0000FF
-1.8 89.93 -7.68 -0.89 87.01 -9.5 0.545 0x0000FF
-2.16 90.66 -6.7 -1.8 89.93 -7.68 0.545 0x0000FF
-3.44 92.84 -5.33 -2.16 90.66 -6.7 0.545 0x0000FF
-3.99 94.3 -4.5 -3.44 92.84 -5.33 0.545 0x0000FF
-4.34 95.76 -2.91 -3.99 94.3 -4.5 0.545 0x0000FF
-4.34 97.58 -1.09 -4.34 95.76 -2.91 0.545 0x0000FF
-4.34 99.4 -0.56 -4.34 97.58 -1.09 0.545 0x0000FF
-3.81 101.77 -0.11 -4.34 99.4 -0.56 0.545 0x0000FF
-2.89 105.05 0.95 -3.81 101.77 -0.11 0.455 0x0000FF
-2.35 106.51 1.86 -2.89 105.05 0.95 0.455 0x0000FF
-1.98 108.15 2.24 -2.35 106.51 1.86 0.455 0x0000FF
-2.16 109.79 2.85 -1.98 108.15 2.24 0.455 0x0000FF
-4.72 111.61 3.23 -2.16 109.79 2.85 0.455 0x0000FF
-10.37 30.17 -19.27 -18.24 26.27 -30.03 1.185 0x0000FF
-8.73 31.26 -19.12 -10.37 30.17 -19.27 1.185 0x0000FF
-8.19 31.81 -18.82 -8.73 31.26 -19.12 1.185 0x0000FF
-6.73 31.81 -18.21 -8.19 31.81 -18.82 1.185 0x0000FF
-5.27 31.62 -17.53 -6.73 31.81 -18.21 1.185 0x0000FF
-3.62 31.08 -17.07 -5.27 31.62 -17.53 1.185 0x0000FF
-1.62 29.62 -16.62 -3.62 31.08 -17.07 1.185 0x0000FF
-0.89 28.71 -16.39 -1.62 29.62 -16.62 1.185 0x0000FF
2.08 27.66 -13.82 -0.89 28.71 -16.39 0.64 0x0000FF
6.09 25.84 -13.21 2.08 27.66 -13.82 0.64 0x0000FF
10.11 24.2 -12.38 6.09 25.84 -13.21 0.64 0x0000FF
13.57 22.74 -11.77 10.11 24.2 -12.38 0.64 0x0000FF
19.59 21.29 -11.39 13.57 22.74 -11.77 0.64 0x0000FF
21.97 20.19 -10.86 19.59 21.29 -11.39 0.64 0x0000FF
24.52 16.0 -10.64 21.97 20.19 -10.86 0.365 0x0000FF
27.8 12.54 -10.18 24.52 16.0 -10.64 0.365 0x0000FF
33.64 6.71 -9.88 27.8 12.54 -10.18 0.365 0x0000FF
36.2 -0.4 -9.03 33.64 6.71 -9.88 0.365 0x0000FF
35.65 -7.68 -8.51 36.2 -0.4 -9.03 0.365 0x0000FF
32.9 -16.61 -7.91 35.65 -7.68 -8.51 0.365 0x0000FF
32.54 -20.98 -7.45 32.9 -16.61 -7.91 0.365 0x0000FF
33.09 -24.45 -7.0 32.54 -20.98 -7.45 0.365 0x0000FF
33.64 -27.73 -5.86 33.09 -24.45 -7.0 0.365 0x0000FF
34.19 -34.1 -4.95 33.64 -27.73 -5.86 0.365 0x0000FF
34.19 -37.02 -3.89 34.19 -34.1 -4.95 0.365 0x0000FF
34.74 -42.12 -2.15 34.19 -37.02 -3.89 0.365 0x0000FF
36.2 -45.03 -2.0 34.74 -42.12 -2.15 0.365 0x0000FF
37.84 -46.86 -0.71 36.2 -45.03 -2.0 0.365 0x0000FF
38.39 -48.31 1.03 37.84 -46.86 -0.71 0.365 0x0000FF
38.39 -50.86 2.39 38.39 -48.31 1.03 0.365 0x0000FF
39.29 -53.23 3.23 38.39 -50.86 2.39 0.365 0x0000FF
42.4 -54.51 4.21 39.29 -53.23 3.23 0.365 0x0000FF
44.95 -55.78 5.35 42.4 -54.51 4.21 0.365 0x0000FF
45.87 -56.88 6.03 44.95 -55.78 5.35 0.365 0x0000FF
47.69 -59.79 6.48 45.87 -56.88 6.03 0.365 0x0000FF
49.15 -65.44 9.36 47.69 -59.79 6.48 0.365 0x0000FF
49.88 -67.26 10.11 49.15 -65.44 9.36 0.365 0x0000FF
51.34 -69.45 10.65 49.88 -67.26 10.11 0.365 0x0000FF
51.71 -70.36 12.62 51.34 -69.45 10.65 0.365 0x0000FF
52.25 -72.36 13.15 51.71 -70.36 12.62 0.365 0x0000FF
53.33 -78.92 14.06 52.25 -72.36 13.15 0.275 0x0000FF
30.54 20.38 -10.33 21.97 20.19 -10.86 0.545 0x0000FF
36.01 20.19 -9.73 30.54 20.38 -10.33 0.545 0x0000FF
45.14 19.1 -9.27 36.01 20.19 -9.73 0.545 0x0000FF
59.0 16.91 -8.74 45.14 19.1 -9.27 0.545 0x0000FF
71.23 17.28 -8.44 59.0 16.91 -8.74 0.455 0x0000FF
80.34 18.37 -7.91 71.23 17.28 -8.44 0.365 0x0000FF
90.93 20.01 -7.15 80.34 18.37 -7.91 0.275 0x0000FF
2.94 24.7 -16.09 -0.89 28.71 -16.39 1.005 0x0000FF
6.27 20.92 -15.41 2.94 24.7 -16.09 0.365 0x0000FF
7.0 19.1 -16.01 6.27 20.92 -15.41 0.365 0x0000FF
7.55 17.46 -16.85 7.0 19.1 -16.01 0.365 0x0000FF
7.55 16.0 -15.86 7.55 17.46 -16.85 0.365 0x0000FF
7.37 15.64 -14.12 7.55 16.0 -15.86 0.365 0x0000FF
7.37 14.91 -14.04 7.37 15.64 -14.12 0.365 0x0000FF
7.37 13.82 -12.3 7.37 14.91 -14.04 0.365 0x0000FF
7.73 12.91 -11.17 7.37 13.82 -12.3 0.365 0x0000FF
8.1 11.99 -10.64 7.73 12.91 -11.17 0.365 0x0000FF
8.83 10.72 -10.18 8.1 11.99 -10.64 0.365 0x0000FF
9.92 9.44 -8.74 8.83 10.72 -10.18 0.365 0x0000FF
10.84 8.52 -7.83 9.92 9.44 -8.74 0.365 0x0000FF
11.02 8.17 -7.68 10.84 8.52 -7.83 0.365 0x0000FF
11.02 6.89 -6.77 11.02 8.17 -7.68 0.365 0x0000FF
11.02 5.44 -5.56 11.02 6.89 -6.77 0.365 0x0000FF
10.47 3.8 -4.88 11.02 5.44 -5.56 0.365 0x0000FF
10.29 3.25 -4.58 10.47 3.8 -4.88 0.365 0x0000FF
9.56 2.16 -3.44 10.29 3.25 -4.58 0.365 0x0000FF
9.01 0.88 -2.38 9.56 2.16 -3.44 0.365 0x0000FF
8.83 0.15 -2.29 9.01 0.88 -2.38 0.365 0x0000FF
8.83 -0.57 -1.17 8.83 0.15 -2.29 0.365 0x0000FF
8.27 -1.49 -0.33 8.83 -0.57 -1.17 0.365 0x0000FF
8.46 -2.22 0.57 8.27 -1.49 -0.33 0.365 0x0000FF
8.65 -2.95 1.33 8.46 -2.22 0.57 0.365 0x0000FF
9.01 -3.67 2.17 8.65 -2.95 1.33 0.365 0x0000FF
9.56 -4.59 2.92 9.01 -3.67 2.17 0.365 0x0000FF
10.29 -5.31 4.05 9.56 -4.59 2.92 0.365 0x0000FF
10.65 -5.5 4.51 10.29 -5.31 4.05 0.365 0x0000FF
11.38 -5.86 5.5 10.65 -5.5 4.51 0.365 0x0000FF
11.75 -6.23 6.48 11.38 -5.86 5.5 0.365 0x0000FF
12.48 -6.77 7.62 11.75 -6.23 6.48 0.365 0x0000FF
12.66 -7.14 7.92 12.48 -6.77 7.62 0.365 0x0000FF
13.21 -8.05 8.83 12.66 -7.14 7.92 0.365 0x0000FF
13.57 -8.96 9.97 13.21 -8.05 8.83 0.365 0x0000FF
13.94 -9.32 10.8 13.57 -8.96 9.97 0.365 0x0000FF
14.48 -9.69 12.01 13.94 -9.32 10.8 0.365 0x0000FF
14.85 -9.86 12.39 14.48 -9.69 12.01 0.365 0x0000FF
15.21 -10.05 13.3 14.85 -9.86 12.39 0.365 0x0000FF
16.13 -10.42 14.36 15.21 -10.05 13.3 0.365 0x0000FF
16.48 -10.42 14.89 16.13 -10.42 14.36 0.365 0x0000FF
19.23 -11.14 15.27 16.48 -10.42 14.89 0.275 0x0000FF
20.51 -12.6 15.65 19.23 -11.14 15.27 0.275 0x0000FF
5.32 23.79 -15.86 2.94 24.7 -16.09 0.545 0x0000FF
6.59 23.61 -15.26 5.32 23.79 -15.86 0.545 0x0000FF
7.14 23.61 -14.95 6.59 23.61 -15.26 0.545 0x0000FF
8.77 23.61 -14.04 7.14 23.61 -14.95 0.545 0x0000FF
11.52 23.79 -13.14 8.77 23.61 -14.04 0.545 0x0000FF
13.89 24.52 -12.23 11.52 23.79 -13.14 0.455 0x0000FF
15.17 24.7 -11.17 13.89 24.52 -12.23 0.455 0x0000FF
18.27 25.25 -10.11 15.17 24.7 -11.17 0.455 0x0000FF
22.1 26.16 -8.36 18.27 25.25 -10.11 0.455 0x0000FF
27.39 27.25 -7.15 22.1 26.16 -8.36 0.455 0x0000FF
32.86 28.53 -6.7 27.39 27.25 -7.15 0.365 0x0000FF
35.06 28.53 -5.79 32.86 28.53 -6.7 0.365 0x0000FF
37.25 28.35 -4.5 35.06 28.53 -5.79 0.365 0x0000FF
39.61 28.35 -3.36 37.25 28.35 -4.5 0.365 0x0000FF
42.35 28.53 -2.0 39.61 28.35 -3.36 0.365 0x0000FF
43.45 28.35 -0.71 42.35 28.53 -2.0 0.365 0x0000FF
44.73 28.53 0.8 43.45 28.35 -0.71 0.365 0x0000FF
45.82 28.71 1.33 44.73 28.53 0.8 0.365 0x0000FF
48.92 29.26 2.77 45.82 28.71 1.33 0.365 0x0000FF
50.38 29.62 2.92 48.92 29.26 2.77 0.365 0x0000FF
51.11 29.62 4.13 50.38 29.62 2.92 0.365 0x0000FF
52.21 29.44 6.48 51.11 29.62 4.13 0.365 0x0000FF
53.67 29.44 7.54 52.21 29.44 6.48 0.365 0x0000FF
55.13 29.44 8.91 53.67 29.44 7.54 0.365 0x0000FF
56.77 29.26 10.5 55.13 29.44 8.91 0.365 0x0000FF
60.78 28.89 11.86 56.77 29.26 10.5 0.365 0x0000FF
64.98 27.8 13.0 60.78 28.89 11.86 0.365 0x0000FF
69.17 26.16 13.38 64.98 27.8 13.0 0.365 0x0000FF
71.36 24.88 13.98 69.17 26.16 13.38 0.365 0x0000FF
79.56 20.87 15.04 71.36 24.88 13.98 0.275 0x0000FF
85.96 17.78 15.35 79.56 20.87 15.04 0.275 0x0000FF
88.33 16.5 15.65 85.96 17.78 15.35 0.275 0x0000FF
92.16 16.32 15.88 88.33 16.5 15.65 0.275 0x0000FF
95.68 19.28 16.41 92.16 16.32 15.88 0.275 0x0000FF
96.41 20.19 17.01 95.68 19.28 16.41 0.275 0x0000FF
97.68 20.74 17.92 96.41 20.19 17.01 0.275 0x0000FF
99.87 21.47 18.76 97.68 20.74 17.92 0.275 0x0000FF
101.51 22.56 19.66 99.87 21.47 18.76 0.275 0x0000FF
102.24 23.11 20.35 101.51 22.56 19.66 0.275 0x0000FF
102.61 23.84 20.8 102.24 23.11 20.35 0.275 0x0000FF
102.97 24.2 21.71 102.61 23.84 20.8 0.275 0x0000FF
103.34 24.75 22.62 102.97 24.2 21.71 0.275 0x0000FF
103.89 25.48 24.44 103.34 24.75 22.62 0.275 0x0000FF
104.98 26.57 25.12 103.89 25.48 24.44 0.275 0x0000FF
106.26 27.66 25.8 104.98 26.57 25.12 0.275 0x0000FF
101.33 14.73 16.26 92.16 16.32 15.88 0.275 0x0000FF
103.34 13.63 16.55 101.33 14.73 16.26 0.275 0x0000FF
105.71 11.63 17.01 103.34 13.63 16.55 0.275 0x0000FF
108.08 9.81 17.62 105.71 11.63 17.01 0.275 0x0000FF
110.46 7.8 17.85 108.08 9.81 17.62 0.275 0x0000FF
113.74 5.98 18.45 110.46 7.8 17.85 0.275 0x0000FF
121.22 3.8 18.91 113.74 5.98 18.45 0.275 0x0000FF
129.25 2.88 19.05 121.22 3.8 18.91 0.275 0x0000FF
133.63 3.61 19.66 129.25 2.88 19.05 0.275 0x0000FF
135.63 3.8 19.73 133.63 3.61 19.66 0.275 0x0000FF
-12.53 16.94 -30.33 -18.24 26.27 -30.03 1.275 0x0000FF
-11.8 16.39 -31.39 -12.53 16.94 -30.33 1.275 0x0000FF
-9.97 16.21 -32.83 -11.8 16.39 -31.39 1.275 0x0000FF
-9.61 15.84 -34.57 -9.97 16.21 -32.83 1.275 0x0000FF
-8.88 15.48 -36.09 -9.61 15.84 -34.57 1.275 0x0000FF
-8.33 14.93 -37.07 -8.88 15.48 -36.09 1.275 0x0000FF
-6.32 14.2 -38.89 -8.33 14.93 -37.07 1.46 0x0000FF
-5.59 14.02 -38.97 -6.32 14.2 -38.89 1.46 0x0000FF
-3.97 14.04 -39.57 -5.59 14.02 -38.97 1.095 0x0000FF
-3.24 14.95 -38.89 -3.97 14.04 -39.57 1.095 0x0000FF
-2.87 15.68 -37.9 -3.24 14.95 -38.89 1.095 0x0000FF
-2.31 16.23 -38.81 -2.87 15.68 -37.9 1.095 0x0000FF
-1.78 16.78 -41.16 -2.31 16.23 -38.81 1.095 0x0000FF
-1.23 18.23 -43.59 -1.78 16.78 -41.16 1.095 0x0000FF
-0.32 20.05 -46.16 -1.23 18.23 -43.59 1.095 0x0000FF
1.87 21.88 -46.54 -0.32 20.05 -46.16 0.73 0x0000FF
2.06 22.61 -47.3 1.87 21.88 -46.54 0.73 0x0000FF
4.05 22.61 -47.75 2.06 22.61 -47.3 0.73 0x0000FF
5.7 25.16 -47.98 4.05 22.61 -47.75 0.545 0x0000FF
8.99 30.26 -47.6 5.7 25.16 -47.98 0.545 0x0000FF
19.75 37.9 -46.92 8.99 30.26 -47.6 0.545 0x0000FF
23.22 39.72 -46.69 19.75 37.9 -46.92 0.545 0x0000FF
24.12 40.13 -43.36 23.22 39.72 -46.69 0.365 0x0000FF
25.03 40.68 -44.19 24.12 40.13 -43.36 0.365 0x0000FF
26.85 41.23 -45.78 25.03 40.68 -44.19 0.365 0x0000FF
28.68 41.41 -46.47 26.85 41.23 -45.78 0.365 0x0000FF
30.5 41.41 -48.21 28.68 41.41 -46.47 0.365 0x0000FF
32.15 41.23 -49.72 30.5 41.41 -48.21 0.365 0x0000FF
33.61 40.86 -51.31 32.15 41.23 -49.72 0.365 0x0000FF
35.06 40.86 -53.06 33.61 40.86 -51.31 0.365 0x0000FF
37.25 40.68 -53.28 35.06 40.86 -53.06 0.365 0x0000FF
38.9 41.23 -55.1 37.25 40.68 -53.28 0.365 0x0000FF
40.36 41.77 -56.84 38.9 41.23 -55.1 0.365 0x0000FF
41.63 42.68 -57.68 40.36 41.77 -56.84 0.365 0x0000FF
42.36 43.6 -59.04 41.63 42.68 -57.68 0.365 0x0000FF
44.0 44.14 -60.71 42.36 43.6 -59.04 0.365 0x0000FF
45.83 44.32 -62.52 44.0 44.14 -60.71 0.365 0x0000FF
47.47 44.14 -63.96 45.83 44.32 -62.52 0.365 0x0000FF
48.75 44.14 -64.27 47.47 44.14 -63.96 0.365 0x0000FF
51.85 44.14 -66.01 48.75 44.14 -64.27 0.365 0x0000FF
53.31 44.32 -67.68 51.85 44.14 -66.01 0.365 0x0000FF
56.23 44.87 -69.34 53.31 44.32 -67.68 0.365 0x0000FF
57.69 46.33 -70.93 56.23 44.87 -69.34 0.365 0x0000FF
58.78 48.88 -72.59 57.69 46.33 -70.93 0.365 0x0000FF
60.06 50.88 -72.59 58.78 48.88 -72.59 0.365 0x0000FF
62.25 52.89 -74.42 60.06 50.88 -72.59 0.365 0x0000FF
65.34 54.89 -76.23 62.25 52.89 -74.42 0.365 0x0000FF
66.98 55.99 -77.83 65.34 54.89 -76.23 0.365 0x0000FF
25.59 44.65 -46.24 23.22 39.72 -46.69 0.545 0x0000FF
27.42 47.75 -45.4 25.59 44.65 -46.24 0.545 0x0000FF
29.61 50.48 -45.56 27.42 47.75 -45.4 0.545 0x0000FF
31.25 52.12 -48.51 29.61 50.48 -45.56 0.545 0x0000FF
35.26 55.59 -50.03 31.25 52.12 -48.51 0.545 0x0000FF
40.01 58.86 -51.54 35.26 55.59 -50.03 0.545 0x0000FF
46.94 65.61 -52.75 40.01 58.86 -51.54 0.545 0x0000FF
56.43 73.26 -54.49 46.94 65.61 -52.75 0.545 0x0000FF
59.71 76.17 -54.87 56.43 73.26 -54.49 0.545 0x0000FF
62.26 78.36 -55.86 59.71 76.17 -54.87 0.545 0x0000FF
63.36 79.64 -56.24 62.26 78.36 -55.86 0.545 0x0000FF
68.45 85.68 -57.15 63.36 79.64 -56.24 0.455 0x0000FF
71.73 88.96 -58.05 68.45 85.68 -57.15 0.455 0x0000FF
77.76 94.79 -59.72 71.73 88.96 -58.05 0.455 0x0000FF
96.92 116.48 -62.15 77.76 94.79 -59.72 0.455 0x0000FF
107.68 127.04 -63.13 96.92 116.48 -62.15 0.455 0x0000FF
116.62 132.87 -64.04 107.68 127.04 -63.13 0.455 0x0000FF
6.25 22.24 -48.06 4.05 22.61 -47.75 0.545 0x0000FF
7.53 21.33 -48.59 6.25 22.24 -48.06 0.545 0x0000FF
8.81 20.05 -49.04 7.53 21.33 -48.59 0.545 0x0000FF
9.53 19.32 -50.18 8.81 20.05 -49.04 0.545 0x0000FF
10.63 18.96 -51.99 9.53 19.32 -50.18 0.545 0x0000FF
13.73 18.42 -53.36 10.63 18.96 -51.99 0.545 0x0000FF
15.37 17.69 -56.01 13.73 18.42 -53.36 0.545 0x0000FF
17.02 17.32 -56.39 15.37 17.69 -56.01 0.545 0x0000FF
21.21 16.41 -58.13 17.02 17.32 -56.39 0.545 0x0000FF
25.96 16.78 -59.87 21.21 16.41 -58.13 0.545 0x0000FF
28.51 16.78 -61.31 25.96 16.78 -59.87 0.545 0x0000FF
31.43 16.05 -63.05 28.51 16.78 -61.31 0.455 0x0000FF
33.25 15.14 -64.34 31.43 16.05 -63.05 0.455 0x0000FF
35.63 14.04 -66.23 33.25 15.14 -64.34 0.365 0x0000FF
36.36 13.86 -68.58 35.63 14.04 -66.23 0.365 0x0000FF
-4.5 10.38 -38.44 -5.59 14.02 -38.97 0.73 0x0000FF
-4.5 8.19 -37.0 -4.5 10.38 -38.44 0.64 0x0000FF
-4.86 7.28 -38.06 -4.5 8.19 -37.0 0.64 0x0000FF
-4.86 6.37 -39.5 -4.86 7.28 -38.06 0.64 0x0000FF
-4.46 0.72 -39.11 -4.86 6.37 -39.5 0.365 0x0000FF
-5.19 -1.46 -38.65 -4.46 0.72 -39.11 0.365 0x0000FF
-5.37 -3.1 -38.44 -5.19 -1.46 -38.65 0.365 0x0000FF
-5.37 -4.38 -39.5 -5.37 -3.1 -38.44 0.365 0x0000FF
-5.74 -6.2 -40.56 -5.37 -4.38 -39.5 0.365 0x0000FF
-5.92 -7.84 -41.47 -5.74 -6.2 -40.56 0.365 0x0000FF
-7.2 -11.67 -42.53 -5.92 -7.84 -41.47 0.365 0x0000FF
-11.81 -21.67 -43.44 -7.2 -11.67 -42.53 0.365 0x0000FF
-14.55 -25.49 -44.5 -11.81 -21.67 -43.44 0.365 0x0000FF
-17.82 -32.42 -45.93 -14.55 -25.49 -44.5 0.365 0x0000FF
-20.39 -37.88 -47.53 -17.82 -32.42 -45.93 0.365 0x0000FF
-22.39 -41.53 -48.21 -20.39 -37.88 -47.53 0.365 0x0000FF
-25.5 -46.81 -51.01 -22.39 -41.53 -48.21 0.365 0x0000FF
-30.42 -53.92 -51.92 -25.5 -46.81 -51.01 0.365 0x0000FF
-34.25 -57.38 -53.96 -30.42 -53.92 -51.92 0.365 0x0000FF
-36.99 -60.48 -55.93 -34.25 -57.38 -53.96 0.365 0x0000FF
-39.36 -62.12 -57.68 -36.99 -60.48 -55.93 0.365 0x0000FF
-42.46 -63.76 -59.42 -39.36 -62.12 -57.68 0.365 0x0000FF
-45.38 -65.4 -61.92 -42.46 -63.76 -59.42 0.365 0x0000FF
-48.12 -67.58 -63.43 -45.38 -65.4 -61.92 0.365 0x0000FF
-50.86 -69.59 -63.81 -48.12 -67.58 -63.43 0.365 0x0000FF
-55.78 -73.95 -65.86 -50.86 -69.59 -63.81 0.275 0x0000FF
-3.4 3.82 -40.78 -4.86 6.37 -39.5 0.455 0x0000FF
-1.21 -0.01 -41.24 -3.4 3.82 -40.78 0.365 0x0000FF
-0.12 -1.65 -41.01 -1.21 -0.01 -41.24 0.365 0x0000FF
3.16 -4.2 -41.01 -0.12 -1.65 -41.01 0.365 0x0000FF
5.72 -7.48 -41.01 3.16 -4.2 -41.01 0.365 0x0000FF
9.0 -11.12 -41.09 5.72 -7.48 -41.01 0.365 0x0000FF
19.04 -19.14 -41.09 9.0 -11.12 -41.09 0.365 0x0000FF
36.01 -32.61 -41.09 19.04 -19.14 -41.09 0.365 0x0000FF
42.94 -35.9 -41.09 36.01 -32.61 -41.09 0.365 0x0000FF
46.77 -35.9 -41.24 42.94 -35.9 -41.09 0.365 0x0000FF
52.24 -35.54 -41.77 46.77 -35.9 -41.24 0.365 0x0000FF
62.28 -36.81 -42.37 52.24 -35.54 -41.77 0.365 0x0000FF
69.03 -38.82 -42.6 62.28 -36.81 -42.37 0.365 0x0000FF
80.52 -43.37 -42.6 69.03 -38.82 -42.6 0.365 0x0000FF
110.63 -43.19 -43.36 80.52 -43.37 -42.6 0.365 0x0000FF
114.46 -44.47 -43.44 110.63 -43.19 -43.36 0.365 0x0000FF
116.83 -43.74 -43.59 114.46 -44.47 -43.44 0.365 0x0000FF
119.39 -43.01 -43.74 116.83 -43.74 -43.59 0.365 0x0000FF
124.35 -42.09 -44.8 119.39 -43.01 -43.74 0.365 0x0000FF
128.0 -42.46 -44.87 124.35 -42.09 -44.8 0.365 0x0000FF
132.38 -43.55 -45.4 128.0 -42.46 -44.87 0.365 0x0000FF
-20.39 11.83 -23.97 -18.24 26.27 -30.03 2.1 0x0000FF
-20.75 10.01 -23.97 -20.39 11.83 -23.97 2.1 0x0000FF
-22.94 5.09 -23.82 -20.75 10.01 -23.97 1.915 0x0000FF
-24.76 2.17 -23.13 -22.94 5.09 -23.82 1.915 0x0000FF
-26.77 -3.66 -22.76 -24.76 2.17 -23.13 1.825 0x0000FF
-28.05 -7.67 -22.23 -26.77 -3.66 -22.76 1.825 0x0000FF
-28.6 -13.86 -21.92 -28.05 -7.67 -22.23 1.825 0x0000FF
-28.78 -20.23 -21.85 -28.6 -13.86 -21.92 1.825 0x0000FF
-28.96 -23.52 -22.68 -28.78 -20.23 -21.85 1.825 0x0000FF
-28.05 -26.8 -23.21 -28.96 -23.52 -22.68 1.825 0x0000FF
-27.68 -27.16 -21.39 -28.05 -26.8 -23.21 1.825 0x0000FF
-27.14 -28.44 -20.48 -27.68 -27.16 -21.39 1.825 0x0000FF
-26.41 -31.9 -19.57 -27.14 -28.44 -20.48 1.825 0x0000FF
-25.86 -36.64 -18.97 -26.41 -31.9 -19.57 1.825 0x0000FF
-25.31 -39.36 -18.82 -25.86 -36.64 -18.97 1.825 0x0000FF
-25.02 -41.47 -18.51 -25.31 -39.36 -18.82 1.46 0x0000FF
-24.29 -45.29 -17.91 -25.02 -41.47 -18.51 1.46 0x0000FF
-24.11 -48.39 -17.38 -24.29 -45.29 -17.91 1.46 0x0000FF
-24.47 -51.49 -16.92 -24.11 -48.39 -17.38 1.46 0x0000FF
-25.02 -58.23 -16.32 -24.47 -51.49 -16.92 1.46 0x0000FF
-25.93 -64.23 -15.94 -25.02 -58.23 -16.32 1.46 0x0000FF
-29.58 -78.27 -15.03 -25.93 -64.23 -15.94 1.46 0x0000FF
-29.95 -81.37 -14.42 -29.58 -78.27 -15.03 1.46 0x0000FF
-30.49 -86.84 -13.06 -29.95 -81.37 -14.42 1.46 0x0000FF
-31.41 -92.85 -11.92 -30.49 -86.84 -13.06 1.46 0x0000FF
-32.32 -98.31 -11.32 -31.41 -92.85 -11.92 1.37 0x0000FF
-33.22 -105.24 -10.56 -32.32 -98.31 -11.32 1.37 0x0000FF
-33.96 -113.44 -9.11 -33.22 -105.24 -10.56 1.37 0x0000FF
-34.69 -118.72 -8.06 -33.96 -113.44 -9.11 1.37 0x0000FF
-35.78 -124.37 -7.15 -34.69 -118.72 -8.06 1.37 0x0000FF
-35.97 -127.1 -6.32 -35.78 -124.37 -7.15 1.37 0x0000FF
-36.33 -128.91 -6.09 -35.97 -127.1 -6.32 1.37 0x0000FF
-36.51 -129.65 -5.26 -36.33 -128.91 -6.09 1.37 0x0000FF
-36.85 -142.6 -4.5 -36.51 -129.65 -5.26 1.37 0x0000FF
-37.21 -145.88 -3.82 -36.85 -142.6 -4.5 1.37 0x0000FF
-38.13 -152.63 -2.68 -37.21 -145.88 -3.82 1.37 0x0000FF
-38.86 -158.63 -1.62 -38.13 -152.63 -2.68 1.275 0x0000FF
-38.86 -159.37 -1.47 -38.86 -158.63 -1.62 1.275 0x0000FF
-38.67 -160.1 -0.33 -38.86 -159.37 -1.47 1.275 0x0000FF
-38.49 -163.92 0.95 -38.67 -160.1 -0.33 1.275 0x0000FF
-38.13 -165.38 2.0 -38.49 -163.92 0.95 1.275 0x0000FF
-37.94 -166.11 3.08 -38.13 -165.38 2.0 1.275 0x0000FF
-37.58 -168.29 3.98 -37.94 -166.11 3.08 1.275 0x0000FF
-37.21 -169.93 4.74 -37.58 -168.29 3.98 1.275 0x0000FF
-36.67 -171.57 5.2 -37.21 -169.93 4.74 1.275 0x0000FF
-36.29 -173.76 5.8 -36.67 -171.57 5.2 1.275 0x0000FF
-36.29 -174.67 6.48 -36.29 -173.76 5.8 1.275 0x0000FF
-35.0 -176.69 8.91 -36.29 -174.67 6.48 0.64 0x0000FF
-34.81 -178.33 8.52 -35.0 -176.69 8.91 0.64 0x0000FF
-34.81 -180.15 8.15 -34.81 -178.33 8.52 0.64 0x0000FF
-34.81 -183.25 7.17 -34.81 -180.15 8.15 0.64 0x0000FF
-35.36 -187.07 6.03 -34.81 -183.25 7.17 0.64 0x0000FF
-35.72 -189.26 5.2 -35.36 -187.07 6.03 0.64 0x0000FF
-36.46 -193.08 4.36 -35.72 -189.26 5.2 0.64 0x0000FF
-36.46 -196.73 3.91 -36.46 -193.08 4.36 0.64 0x0000FF
-36.09 -202.38 3.83 -36.46 -196.73 3.91 0.64 0x0000FF
-35.54 -208.75 3.45 -36.09 -202.38 3.83 0.64 0x0000FF
-34.08 -214.95 3.08 -35.54 -208.75 3.45 0.64 0x0000FF
-32.61 -218.77 2.7 -34.08 -214.95 3.08 0.64 0x0000FF
-31.53 -222.78 2.0 -32.61 -218.77 2.7 0.64 0x0000FF
-30.8 -227.16 2.47 -31.53 -222.78 2.0 0.64 0x0000FF
-30.25 -229.71 2.77 -30.8 -227.16 2.47 0.64 0x0000FF
-30.25 -234.08 4.44 -30.25 -229.71 2.77 0.64 0x0000FF
-30.07 -234.63 5.88 -30.25 -234.08 4.44 0.64 0x0000FF
-29.7 -235.35 7.17 -30.07 -234.63 5.88 0.64 0x0000FF
-29.52 -240.09 8.07 -29.7 -235.35 7.17 0.64 0x0000FF
-28.97 -249.75 8.23 -29.52 -240.09 8.07 0.64 0x0000FF
-29.89 -256.31 8.44 -28.97 -249.75 8.23 0.64 0x0000FF
-31.53 -261.41 8.61 -29.89 -256.31 8.44 0.64 0x0000FF
-31.35 -264.14 8.76 -31.53 -261.41 8.61 0.64 0x0000FF
-31.53 -266.33 8.83 -31.35 -264.14 8.76 0.64 0x0000FF
-32.35 -273.19 10.88 -31.53 -266.33 8.83 0.64 0x0000FF
-29.86 -275.76 10.11 -32.35 -273.19 10.88 0.455 0x0000FF
-28.95 -278.68 10.57 -29.86 -275.76 10.11 0.455 0x0000FF
-26.58 -283.6 11.79 -28.95 -278.68 10.57 0.455 0x0000FF
-24.57 -289.98 12.39 -26.58 -283.6 11.79 0.455 0x0000FF
-21.83 -296.72 13.6 -24.57 -289.98 12.39 0.455 0x0000FF
-19.28 -302.18 14.06 -21.83 -296.72 13.6 0.365 0x0000FF
-17.82 -306.56 15.04 -19.28 -302.18 14.06 0.365 0x0000FF
-16.36 -313.12 15.42 -17.82 -306.56 15.04 0.365 0x0000FF
-15.45 -319.86 16.1 -16.36 -313.12 15.42 0.365 0x0000FF
-14.35 -325.69 17.16 -15.45 -319.86 16.1 0.365 0x0000FF
-13.62 -330.61 18.07 -14.35 -325.69 17.16 0.365 0x0000FF
-13.07 -333.7 19.82 -13.62 -330.61 18.07 0.365 0x0000FF
-12.71 -335.53 21.71 -13.07 -333.7 19.82 0.365 0x0000FF
-11.25 -339.53 23.6 -12.71 -335.53 21.71 0.365 0x0000FF
-5.41 -346.09 25.95 -11.25 -339.53 23.6 0.365 0x0000FF
-5.23 -346.46 26.94 -5.41 -346.09 25.95 0.365 0x0000FF
-3.77 -348.46 27.92 -5.23 -346.46 26.94 0.365 0x0000FF
-36.36 -277.75 11.18 -32.35 -273.19 10.88 0.545 0x0000FF
-37.82 -283.58 11.48 -36.36 -277.75 11.18 0.545 0x0000FF
-37.64 -292.32 12.32 -37.82 -283.58 11.48 0.545 0x0000FF
-37.82 -298.88 12.92 -37.64 -292.32 12.32 0.545 0x0000FF
-39.28 -305.08 10.88 -37.82 -298.88 12.92 0.545 0x0000FF
-40.38 -313.08 9.97 -39.28 -305.08 10.88 0.545 0x0000FF
-39.65 -317.83 8.76 -40.38 -313.08 9.97 0.545 0x0000FF
-39.65 -324.39 7.54 -39.65 -317.83 8.76 0.545 0x0000FF
-40.2 -333.14 5.88 -39.65 -324.39 7.54 0.545 0x0000FF
-41.11 -341.52 5.35 -40.2 -333.14 5.88 0.545 0x0000FF
-41.84 -349.72 4.82 -41.11 -341.52 5.35 0.545 0x0000FF
-42.2 -354.45 4.21 -41.84 -349.72 4.82 0.545 0x0000FF
-40.44 -362.86 3.38 -42.2 -354.45 4.21 0.455 0x0000FF
-40.26 -365.95 2.47 -40.44 -362.86 3.38 0.455 0x0000FF
-40.08 -367.96 0.88 -40.26 -365.95 2.47 0.455 0x0000FF
-40.08 -370.33 -0.18 -40.08 -367.96 0.88 0.455 0x0000FF
-40.26 -371.42 -1.17 -40.08 -370.33 -0.18 0.455 0x0000FF
-40.26 -372.88 -3.74 -40.26 -371.42 -1.17 0.455 0x0000FF
-40.99 -375.06 -5.41 -40.26 -372.88 -3.74 0.455 0x0000FF
-41.17 -377.43 -6.62 -40.99 -375.06 -5.41 0.455 0x0000FF
-46.28 -385.45 -7.91 -41.17 -377.43 -6.62 0.365 0x0000FF
-50.48 -388.18 -8.06 -46.28 -385.45 -7.91 0.365 0x0000FF
-62.7 -391.28 -8.97 -50.48 -388.18 -8.06 0.365 0x0000FF
-64.89 -391.64 -9.03 -62.7 -391.28 -8.97 0.365 0x0000FF
-39.74 -196.18 0.57 -36.46 -193.08 4.36 0.545 0x0000FF
-44.3 -199.1 0.57 -39.74 -196.18 0.57 0.545 0x0000FF
-51.6 -203.47 0.88 -44.3 -199.1 0.57 0.455 0x0000FF
-58.35 -207.66 1.26 -51.6 -203.47 0.88 0.455 0x0000FF
-62.73 -210.94 0.27 -58.35 -207.66 1.26 0.455 0x0000FF
-64.55 -213.13 -1.17 -62.73 -210.94 0.27 0.365 0x0000FF
-68.75 -216.04 -2.15 -64.55 -213.13 -1.17 0.365 0x0000FF
-70.2 -216.95 -3.14 -68.75 -216.04 -2.15 0.365 0x0000FF
-72.22 -217.68 -4.65 -70.2 -216.95 -3.14 0.365 0x0000FF
-74.22 -218.96 -5.94 -72.22 -217.68 -4.65 0.365 0x0000FF
-38.31 -177.95 6.71 -36.29 -174.67 6.48 0.64 0x0000FF
-42.14 -180.14 7.09 -38.31 -177.95 6.71 0.64 0x0000FF
-46.7 -181.78 7.47 -42.14 -180.14 7.09 0.64 0x0000FF
-50.9 -184.15 8.07 -46.7 -181.78 7.47 0.64 0x0000FF
-54.0 -185.97 8.76 -50.9 -184.15 8.07 0.64 0x0000FF
-57.47 -189.25 10.11 -54.0 -185.97 8.76 0.64 0x0000FF
-58.56 -190.89 11.26 -57.47 -189.25 10.11 0.64 0x0000FF
-60.75 -193.8 12.32 -58.56 -190.89 11.26 0.64 0x0000FF
-62.21 -196.17 13.3 -60.75 -193.8 12.32 0.64 0x0000FF
-67.31 -205.1 13.45 -62.21 -196.17 13.3 0.64 0x0000FF
-68.78 -208.56 13.83 -67.31 -205.1 13.45 0.64 0x0000FF
-70.79 -212.93 14.97 -68.78 -208.56 13.83 0.64 0x0000FF
-72.79 -217.12 15.5 -70.79 -212.93 14.97 0.64 0x0000FF
-73.34 -219.31 15.73 -72.79 -217.12 15.5 0.64 0x0000FF
-74.06 -222.15 16.63 -73.34 -219.31 15.73 0.64 0x0000FF
-74.98 -224.89 17.32 -74.06 -222.15 16.63 0.545 0x0000FF
-76.06 -227.99 18.0 -74.98 -224.89 17.32 0.545 0x0000FF
-76.62 -230.72 18.68 -76.06 -227.99 18.0 0.545 0x0000FF
-78.45 -236.18 19.73 -76.62 -230.72 18.68 0.545 0x0000FF
-79.91 -240.01 20.27 -78.45 -236.18 19.73 0.545 0x0000FF
-81.73 -246.57 20.8 -79.91 -240.01 20.27 0.455 0x0000FF
-83.55 -251.85 21.1 -81.73 -246.57 20.8 0.455 0x0000FF
-84.47 -254.95 21.79 -83.55 -251.85 21.1 0.455 0x0000FF
-85.01 -258.05 22.85 -84.47 -254.95 21.79 0.455 0x0000FF
-85.74 -260.77 24.66 -85.01 -258.05 22.85 0.455 0x0000FF
-86.47 -263.51 26.03 -85.74 -260.77 24.66 0.455 0x0000FF
-87.57 -266.98 27.09 -86.47 -263.51 26.03 0.455 0x0000FF
-89.03 -271.35 28.53 -87.57 -266.98 27.09 0.455 0x0000FF
-89.39 -272.99 29.44 -89.03 -271.35 28.53 0.455 0x0000FF
-90.49 -276.63 30.57 -89.39 -272.99 29.44 0.455 0x0000FF
-92.5 -281.55 31.78 -90.49 -276.63 30.57 0.455 0x0000FF
-95.23 -286.11 32.31 -92.5 -281.55 31.78 0.455 0x0000FF
-97.06 -288.83 33.15 -95.23 -286.11 32.31 0.455 0x0000FF
-99.25 -292.3 33.97 -97.06 -288.83 33.15 0.455 0x0000FF
-101.07 -294.85 34.81 -99.25 -292.3 33.97 0.455 0x0000FF
-102.53 -297.22 35.95 -101.07 -294.85 34.81 0.455 0x0000FF
-103.81 -298.68 36.86 -102.53 -297.22 35.95 0.455 0x0000FF
-107.82 -301.95 37.69 -103.81 -298.68 36.86 0.455 0x0000FF
-113.66 -306.7 38.29 -107.82 -301.95 37.69 0.455 0x0000FF
-115.85 -308.14 38.45 -113.66 -306.7 38.29 0.455 0x0000FF
-131.22 -321.64 38.75 -115.85 -308.14 38.45 0.365 0x0000FF
-141.63 -330.39 39.21 -131.22 -321.64 38.75 0.275 0x0000FF
-143.82 -333.3 39.21 -141.63 -330.39 39.21 0.275 0x0000FF
-23.3 -41.37 -18.82 -25.31 -39.36 -18.82 0.82 0x0000FF
-22.39 -42.28 -18.59 -23.3 -41.37 -18.82 0.82 0x0000FF
-21.84 -43.01 -17.98 -22.39 -42.28 -18.59 0.82 0x0000FF
-20.02 -44.29 -18.89 -21.84 -43.01 -17.98 0.64 0x0000FF
-18.93 -45.38 -19.2 -20.02 -44.29 -18.89 0.64 0x0000FF
-17.28 -48.12 -19.64 -18.93 -45.38 -19.2 0.64 0x0000FF
-16.19 -51.03 -20.32 -17.28 -48.12 -19.64 0.64 0x0000FF
-14.91 -54.31 -21.09 -16.19 -51.03 -20.32 0.64 0x0000FF
-13.09 -57.77 -21.54 -14.91 -54.31 -21.09 0.64 0x0000FF
-10.53 -61.78 -22.38 -13.09 -57.77 -21.54 0.545 0x0000FF
-9.8 -63.78 -22.68 -10.53 -61.78 -22.38 0.545 0x0000FF
-8.52 -66.15 -23.06 -9.8 -63.78 -22.68 0.545 0x0000FF
-2.83 -76.04 -24.12 -8.52 -66.15 -23.06 0.545 0x0000FF
-3.02 -80.95 -24.5 -2.83 -76.04 -24.12 0.545 0x0000FF
-2.65 -87.89 -24.57 -3.02 -80.95 -24.5 0.545 0x0000FF
-2.65 -92.99 -24.88 -2.65 -87.89 -24.57 0.545 0x0000FF
-1.74 -100.46 -24.95 -2.65 -92.99 -24.88 0.545 0x0000FF
-1.19 -109.02 -25.86 -1.74 -100.46 -24.95 0.545 0x0000FF
-0.28 -113.94 -26.69 -1.19 -109.02 -25.86 0.545 0x0000FF
1.91 -122.69 -27.38 -0.28 -113.94 -26.69 0.545 0x0000FF
3.0 -133.8 -28.06 1.91 -122.69 -27.38 0.455 0x0000FF
4.83 -144.0 -28.66 3.0 -133.8 -28.06 0.455 0x0000FF
6.84 -152.75 -28.89 4.83 -144.0 -28.66 0.365 0x0000FF
7.75 -155.3 -29.19 6.84 -152.75 -28.89 0.365 0x0000FF
13.25 -158.19 -29.65 7.75 -155.3 -29.19 0.365 0x0000FF
17.27 -160.38 -29.65 13.25 -158.19 -29.65 0.365 0x0000FF
19.64 -160.74 -29.65 17.27 -160.38 -29.65 0.365 0x0000FF
23.29 -160.91 -29.65 19.64 -160.74 -29.65 0.365 0x0000FF
29.67 -160.56 -29.88 23.29 -160.91 -29.65 0.365 0x0000FF
35.33 -157.46 -30.25 29.67 -160.56 -29.88 0.365 0x0000FF
37.88 -155.82 -30.56 35.33 -157.46 -30.25 0.365 0x0000FF
