-33.72 37.57 20.65 -21.46 39.11 11.58 1.005 0x0000FF
-37.01 38.65 20.57 -33.72 37.57 20.65 1.005 0x0000FF
-41.39 40.67 20.04 -37.01 38.65 20.57 1.005 0x0000FF
-48.5 43.22 19.66 -41.39 40.67 20.04 1.005 0x0000FF
-51.42 43.76 20.27 -48.5 43.22 19.66 1.005 0x0000FF
-55.79 46.0 20.8 -51.42 43.76 20.27 0.365 0x0000FF
-59.62 47.82 21.1 -55.79 46.0 20.8 0.365 0x0000FF
-62.36 51.83 21.94 -59.62 47.82 21.1 0.365 0x0000FF
-63.64 56.02 22.32 -62.36 51.83 21.94 0.365 0x0000FF
-68.93 63.49 23.0 -63.64 56.02 22.32 0.365 0x0000FF
-74.95 68.41 23.6 -68.93 63.49 23.0 0.365 0x0000FF
-82.8 72.23 24.44 -74.95 68.41 23.6 0.365 0x0000FF
-89.36 74.97 25.12 -82.8 72.23 24.44 0.365 0x0000FF
-96.66 79.7 25.95 -89.36 74.97 25.12 0.365 0x0000FF
-101.04 84.99 26.79 -96.66 79.7 25.95 0.365 0x0000FF
-102.32 88.64 27.47 -101.04 84.99 26.79 0.365 0x0000FF
-104.14 93.01 28.3 -102.32 88.64 27.47 0.365 0x0000FF
-106.33 96.65 28.91 -104.14 93.01 28.3 0.365 0x0000FF
-109.98 100.66 29.89 -106.33 96.65 28.91 0.365 0x0000FF
-112.72 103.4 30.57 -109.98 100.66 29.89 0.365 0x0000FF
-115.09 105.76 31.41 -112.72 103.4 30.57 0.365 0x0000FF
-116.91 107.22 32.01 -115.09 105.76 31.41 0.365 0x0000FF
-124.97 114.29 32.61 -116.91 107.22 32.01 0.365 0x0000FF
-129.16 117.02 32.92 -124.97 114.29 32.61 0.365 0x0000FF
-132.81 120.12 33.6 -129.16 117.02 32.92 0.365 0x0000FF
-134.44 124.13 34.06 -132.81 120.12 33.6 0.365 0x0000FF
-133.91 128.69 33.9 -134.44 124.13 34.06 0.365 0x0000FF
-132.99 131.41 32.54 -133.91 128.69 33.9 0.365 0x0000FF
-131.53 133.41 31.33 -132.99 131.41 32.54 0.365 0x0000FF
-130.26 134.88 29.82 -131.53 133.41 31.33 0.365 0x0000FF
-127.16 137.61 29.06 -130.26 134.88 29.82 0.365 0x0000FF
-124.78 139.97 27.92 -127.16 137.61 29.06 0.365 0x0000FF
-123.51 142.35 27.32 -124.78 139.97 27.92 0.365 0x0000FF
-123.14 144.35 27.16 -123.51 142.35 27.32 0.275 0x0000FF
-55.8 42.12 20.8 -51.42 43.76 20.27 0.64 0x0000FF
-59.45 41.58 21.33 -55.8 42.12 20.8 0.64 0x0000FF
-64.56 41.39 21.94 -59.45 41.58 21.33 0.64 0x0000FF
-70.4 40.47 22.62 -64.56 41.39 21.94 0.64 0x0000FF
-74.05 39.75 24.36 -70.4 40.47 22.62 0.64 0x0000FF
-76.78 39.39 26.56 -74.05 39.75 24.36 0.64 0x0000FF
-78.97 39.39 29.28 -76.78 39.39 26.56 0.64 0x0000FF
-85.36 38.47 30.12 -78.97 39.39 29.28 0.545 0x0000FF
-89.19 38.11 31.25 -85.36 38.47 30.12 0.545 0x0000FF
-90.29 37.57 32.92 -89.19 38.11 31.25 0.545 0x0000FF
-93.75 36.65 35.34 -90.29 37.57 32.92 0.545 0x0000FF
-97.4 35.02 36.18 -93.75 36.65 35.34 0.545 0x0000FF
-110.54 29.73 36.94 -97.4 35.02 36.18 0.455 0x0000FF
-113.64 28.46 34.89 -110.54 29.73 36.94 0.455 0x0000FF
-115.28 27.37 32.92 -113.64 28.46 34.89 0.455 0x0000FF
-116.74 26.45 30.57 -115.28 27.37 32.92 0.455 0x0000FF
-119.66 24.45 28.22 -116.74 26.45 30.57 0.455 0x0000FF
-133.71 20.62 27.16 -119.66 24.45 28.22 0.455 0x0000FF
-143.19 17.34 26.56 -133.71 20.62 27.16 0.365 0x0000FF
-147.03 15.89 25.8 -143.19 17.34 26.56 0.365 0x0000FF
-148.66 14.98 24.29 -147.03 15.89 25.8 0.365 0x0000FF
-150.86 13.7 22.01 -148.66 14.98 24.29 0.365 0x0000FF
-161.62 10.11 19.73 -150.86 13.7 22.01 0.275 0x0000FF
-165.99 7.38 18.98 -161.62 10.11 19.73 0.275 0x0000FF
-170.74 5.01 17.47 -165.99 7.38 18.98 0.275 0x0000FF
-175.3 2.27 15.65 -170.74 5.01 17.47 0.275 0x0000FF
-178.22 -0.09 13.91 -175.3 2.27 15.65 0.275 0x0000FF
-29.91 45.06 22.92 -21.46 39.11 11.58 1.185 0x0000FF
-30.64 47.06 23.45 -29.91 45.06 22.92 1.185 0x0000FF
-31.19 47.79 23.91 -30.64 47.06 23.45 1.185 0x0000FF
-31.55 48.34 25.35 -31.19 47.79 23.91 1.185 0x0000FF
-32.1 48.7 26.86 -31.55 48.34 25.35 1.185 0x0000FF
-34.1 50.89 27.62 -32.1 48.7 26.86 1.095 0x0000FF
-37.02 54.35 23.68 -34.1 50.89 27.62 0.365 0x0000FF
-39.4 59.45 23.22 -37.02 54.35 23.68 0.365 0x0000FF
-40.86 62.55 22.32 -39.4 59.45 23.22 0.365 0x0000FF
-41.22 63.46 21.33 -40.86 62.55 22.32 0.365 0x0000FF
-41.77 65.45 20.5 -41.22 63.46 21.33 0.365 0x0000FF
-42.13 68.38 19.13 -41.77 65.45 20.5 0.365 0x0000FF
-42.13 71.66 17.85 -42.13 68.38 19.13 0.365 0x0000FF
-42.68 75.3 17.77 -42.13 71.66 17.85 0.365 0x0000FF
-44.87 81.31 16.55 -42.68 75.3 17.77 0.365 0x0000FF
-48.15 86.78 15.73 -44.87 81.31 16.55 0.365 0x0000FF
-51.26 91.52 14.67 -48.15 86.78 15.73 0.365 0x0000FF
-53.08 96.44 13.6 -51.26 91.52 14.67 0.365 0x0000FF
-54.9 103.18 12.62 -53.08 96.44 13.6 0.365 0x0000FF
-56.0 110.1 12.09 -54.9 103.18 12.62 0.365 0x0000FF
-56.18 114.29 11.18 -56.0 110.1 12.09 0.365 0x0000FF
-56.55 116.3 10.42 -56.18 114.29 11.18 0.365 0x0000FF
-57.09 117.94 9.28 -56.55 116.3 10.42 0.365 0x0000FF
-58.37 119.39 8.3 -57.09 117.94 9.28 0.365 0x0000FF
-59.83 121.22 7.62 -58.37 119.39 8.3 0.365 0x0000FF
-61.11 122.31 6.71 -59.83 121.22 7.62 0.365 0x0000FF
-62.38 123.22 6.56 -61.11 122.31 6.71 0.365 0x0000FF
-63.66 124.31 5.35 -62.38 123.22 6.56 0.365 0x0000FF
-64.94 125.77 4.13 -63.66 124.31 5.35 0.365 0x0000FF
-65.84 126.5 3.3 -64.94 125.77 4.13 0.365 0x0000FF
-68.22 128.87 3.08 -65.84 126.5 3.3 0.365 0x0000FF
-71.33 131.41 2.85 -68.22 128.87 3.08 0.365 0x0000FF
-76.62 134.33 2.54 -71.33 131.41 2.85 0.365 0x0000FF
-80.81 136.69 1.94 -76.62 134.33 2.54 0.365 0x0000FF
-87.75 138.34 1.56 -80.81 136.69 1.94 0.365 0x0000FF
-95.96 140.16 1.03 -87.75 138.34 1.56 0.365 0x0000FF
-103.8 141.99 0.73 -95.96 140.16 1.03 0.365 0x0000FF
-114.93 143.44 0.05 -103.8 141.99 0.73 0.365 0x0000FF
-116.21 143.44 -0.71 -114.93 143.44 0.05 0.365 0x0000FF
-117.67 143.26 -1.62 -116.21 143.44 -0.71 0.365 0x0000FF
-119.49 143.08 -3.21 -117.67 143.26 -1.62 0.365 0x0000FF
-120.22 142.71 -4.12 -119.49 143.08 -3.21 0.365 0x0000FF
-128.07 141.07 -4.26 -120.22 142.71 -4.12 0.275 0x0000FF
-131.72 140.35 -4.73 -128.07 141.07 -4.26 0.275 0x0000FF
-67.13 132.33 2.77 -65.84 126.5 3.3 0.365 0x0000FF
-67.48 133.79 2.17 -67.13 132.33 2.77 0.365 0x0000FF
-67.48 134.52 1.33 -67.48 133.79 2.17 0.365 0x0000FF
-67.68 136.69 -0.41 -67.48 134.52 1.33 0.365 0x0000FF
-67.86 138.71 -1.32 -67.68 136.69 -0.41 0.365 0x0000FF
-68.59 140.35 -2.76 -67.86 138.71 -1.32 0.365 0x0000FF
-68.59 141.26 -4.12 -68.59 140.35 -2.76 0.365 0x0000FF
-67.86 143.63 -5.79 -68.59 141.26 -4.12 0.365 0x0000FF
-67.13 145.44 -7.08 -67.86 143.63 -5.79 0.365 0x0000FF
-66.58 147.27 -7.38 -67.13 145.44 -7.08 0.365 0x0000FF
-66.58 148.72 -8.51 -66.58 147.27 -7.38 0.365 0x0000FF
-67.86 152.19 -9.35 -66.58 148.72 -8.51 0.275 0x0000FF
-69.14 154.01 -9.94 -67.86 152.19 -9.35 0.275 0x0000FF
-34.1 52.71 30.35 -34.1 50.89 27.62 0.82 0x0000FF
-34.29 53.44 30.72 -34.1 52.71 30.35 0.73 0x0000FF
-34.1 54.17 32.47 -34.29 53.44 30.72 0.73 0x0000FF
-33.92 55.08 33.22 -34.1 54.17 32.47 0.545 0x0000FF
-33.74 55.62 33.9 -33.92 55.08 33.22 0.545 0x0000FF
-33.36 55.81 35.42 -33.74 55.62 33.9 0.545 0x0000FF
-33.74 57.45 35.79 -33.36 55.81 35.42 0.455 0x0000FF
-34.47 58.36 36.4 -33.74 57.45 35.79 0.455 0x0000FF
-35.02 59.27 36.63 -34.47 58.36 36.4 0.455 0x0000FF
-35.56 60.18 37.09 -35.02 59.27 36.63 0.455 0x0000FF
-35.93 61.45 38.15 -35.56 60.18 37.09 0.455 0x0000FF
-36.11 62.36 39.74 -35.93 61.45 38.15 0.455 0x0000FF
-36.29 62.91 40.34 -36.11 62.36 39.74 0.455 0x0000FF
-36.65 64.73 41.33 -36.29 62.91 40.34 0.365 0x0000FF
-37.39 66.56 41.86 -36.65 64.73 41.33 0.275 0x0000FF
-37.94 69.29 42.09 -37.39 66.56 41.86 0.275 0x0000FF
-37.94 70.02 42.31 -37.94 69.29 42.09 0.275 0x0000FF
-28.81 47.79 12.77 -21.46 39.11 11.58 0.545 0x0000FF
-29.91 50.16 13.3 -28.81 47.79 12.77 0.545 0x0000FF
-30.64 55.81 13.53 -29.91 50.16 13.3 0.545 0x0000FF
-31.92 59.45 13.68 -30.64 55.81 13.53 0.545 0x0000FF
-33.36 64.37 14.29 -31.92 59.45 13.68 0.545 0x0000FF
-33.56 71.84 14.36 -33.36 64.37 14.29 0.545 0x0000FF
-33.92 92.43 14.36 -33.56 71.84 14.36 0.545 0x0000FF
-36.11 106.27 14.44 -33.92 92.43 14.36 0.545 0x0000FF
-35.56 111.92 14.51 -36.11 106.27 14.44 0.545 0x0000FF
-33.56 127.96 14.51 -35.56 111.92 14.51 0.545 0x0000FF
-24.8 146.91 14.82 -33.56 127.96 14.51 0.545 0x0000FF
-24.07 155.47 15.73 -24.8 146.91 14.82 0.545 0x0000FF
-22.06 163.12 17.16 -24.07 155.47 15.73 0.545 0x0000FF
-19.69 169.13 17.7 -22.06 163.12 17.16 0.545 0x0000FF
-15.31 182.07 19.89 -19.69 169.13 17.7 0.545 0x0000FF
-12.21 189.18 20.65 -15.31 182.07 19.89 0.545 0x0000FF
-4.18 197.19 21.63 -12.21 189.18 20.65 0.545 0x0000FF
2.69 208.44 23.53 -4.18 197.19 21.63 0.545 0x0000FF
5.8 212.82 24.82 2.69 208.44 23.53 0.545 0x0000FF
12.91 223.02 25.88 5.8 212.82 24.82 0.545 0x0000FF
13.07 224.87 25.65 12.91 223.02 25.88 0.455 0x0000FF
13.07 225.6 25.5 13.07 224.87 25.65 0.455 0x0000FF
14.16 229.61 24.89 13.07 225.6 25.5 0.455 0x0000FF
14.53 233.25 24.36 14.16 229.61 24.89 0.455 0x0000FF
17.07 242.0 23.38 14.53 233.25 24.36 0.455 0x0000FF
18.36 248.19 22.77 17.07 242.0 23.38 0.455 0x0000FF
19.09 254.39 22.24 18.36 248.19 22.77 0.455 0x0000FF
20.0 260.58 21.86 19.09 254.39 22.24 0.365 0x0000FF
20.18 266.41 21.03 20.0 260.58 21.86 0.365 0x0000FF
20.37 273.33 20.5 20.18 266.41 21.03 0.365 0x0000FF
21.28 280.44 19.89 20.37 273.33 20.5 0.365 0x0000FF
23.83 297.39 18.98 21.28 280.44 19.89 0.365 0x0000FF
25.11 312.33 18.45 23.83 297.39 18.98 0.365 0x0000FF
27.3 321.44 18.07 25.11 312.33 18.45 0.275 0x0000FF
19.3 229.21 26.41 12.91 223.02 25.88 0.455 0x0000FF
21.88 235.29 26.48 19.3 229.21 26.41 0.455 0x0000FF
24.61 242.76 26.48 21.88 235.29 26.48 0.455 0x0000FF
25.53 254.05 26.48 24.61 242.76 26.48 0.365 0x0000FF
26.07 258.79 26.48 25.53 254.05 26.48 0.365 0x0000FF
28.45 265.7 26.48 26.07 258.79 26.48 0.365 0x0000FF
31.91 271.0 26.48 28.45 265.7 26.48 0.365 0x0000FF
34.1 275.01 26.48 31.91 271.0 26.48 0.275 0x0000FF
-16.86 46.88 9.51 -21.46 39.11 11.58 1.185 0x0000FF
-15.77 48.34 9.51 -16.86 46.88 9.51 1.185 0x0000FF
-14.12 49.97 10.35 -15.77 48.34 9.51 0.73 0x0000FF
-11.39 50.34 11.03 -14.12 49.97 10.35 0.73 0x0000FF
-7.19 50.7 11.33 -11.39 50.34 11.03 0.64 0x0000FF
-5.55 51.07 9.89 -7.19 50.7 11.33 0.64 0x0000FF
-3.18 51.61 8.52 -5.55 51.07 9.89 0.64 0x0000FF
-0.81 52.89 7.01 -3.18 51.61 8.52 0.64 0x0000FF
2.29 55.62 5.04 -0.81 52.89 7.01 0.64 0x0000FF
4.84 60.0 4.36 2.29 55.62 5.04 0.64 0x0000FF
6.68 67.47 3.53 4.84 60.0 4.36 0.545 0x0000FF
8.32 74.2 1.18 6.68 67.47 3.53 0.545 0x0000FF
14.52 88.97 0.05 8.32 74.2 1.18 0.455 0x0000FF
15.8 94.8 -0.56 14.52 88.97 0.05 0.275 0x0000FF
17.26 101.72 -0.71 15.8 94.8 -0.56 0.275 0x0000FF
-13.03 44.69 7.09 -21.46 39.11 11.58 0.82 0x0000FF
-9.93 45.97 7.17 -13.03 44.69 7.09 0.82 0x0000FF
-6.28 48.15 7.62 -9.93 45.97 7.17 0.82 0x0000FF
-4.09 49.06 7.54 -6.28 48.15 7.62 0.82 0x0000FF
-2.27 49.61 5.73 -4.09 49.06 7.54 0.82 0x0000FF
-0.44 50.34 3.23 -2.27 49.61 5.73 0.82 0x0000FF
2.66 53.07 -2.08 -0.44 50.34 3.23 0.64 0x0000FF
3.57 54.53 -2.98 2.66 53.07 -2.08 0.64 0x0000FF
5.76 55.08 -4.2 3.57 54.53 -2.98 0.64 0x0000FF
6.13 55.62 -6.62 5.76 55.08 -4.2 0.455 0x0000FF
6.31 56.17 -7.76 6.13 55.62 -6.62 0.455 0x0000FF
6.49 57.44 -10.18 6.31 56.17 -7.76 0.455 0x0000FF
6.86 58.72 -11.32 6.49 57.44 -10.18 0.455 0x0000FF
7.22 59.81 -12.45 6.86 58.72 -11.32 0.455 0x0000FF
7.59 60.36 -14.35 7.22 59.81 -12.45 0.455 0x0000FF
7.95 60.91 -15.03 7.59 60.36 -14.35 0.455 0x0000FF
8.68 61.45 -16.32 7.95 60.91 -15.03 0.455 0x0000FF
9.59 62.0 -17.68 8.68 61.45 -16.32 0.455 0x0000FF
10.14 62.55 -17.91 9.59 62.0 -17.68 0.455 0x0000FF
10.87 63.64 -19.35 10.14 62.55 -17.91 0.455 0x0000FF
11.42 64.55 -19.27 10.87 63.64 -19.35 0.455 0x0000FF
13.06 66.01 -19.42 11.42 64.55 -19.27 0.455 0x0000FF
14.7 66.92 -19.95 13.06 66.01 -19.42 0.455 0x0000FF
15.25 67.47 -20.26 14.7 66.92 -19.95 0.455 0x0000FF
16.35 68.01 -20.94 15.25 67.47 -20.26 0.455 0x0000FF
17.8 70.56 -22.53 16.35 68.01 -20.94 0.365 0x0000FF
18.17 71.66 -22.98 17.8 70.56 -22.53 0.365 0x0000FF
19.26 73.3 -23.66 18.17 71.66 -22.98 0.365 0x0000FF
11.97 57.63 -4.73 5.76 55.08 -4.2 0.545 0x0000FF
14.16 58.17 -5.56 11.97 57.63 -4.73 0.545 0x0000FF
15.25 58.17 -7.68 14.16 58.17 -5.56 0.545 0x0000FF
16.35 57.99 -9.5 15.25 58.17 -7.68 0.545 0x0000FF
18.72 57.81 -10.56 16.35 57.99 -9.5 0.545 0x0000FF
20.36 57.44 -12.07 18.72 57.81 -10.56 0.545 0x0000FF
22.18 57.44 -14.12 20.36 57.44 -12.07 0.545 0x0000FF
23.46 57.44 -15.26 22.18 57.44 -14.12 0.545 0x0000FF
25.47 57.99 -16.62 23.46 57.44 -15.26 0.545 0x0000FF
27.66 58.9 -18.13 25.47 57.99 -16.62 0.545 0x0000FF
29.48 60.54 -19.5 27.66 58.9 -18.13 0.545 0x0000FF
30.39 61.82 -20.03 29.48 60.54 -19.5 0.545 0x0000FF
31.67 63.82 -21.16 30.39 61.82 -20.03 0.545 0x0000FF
34.77 68.38 -23.13 31.67 63.82 -21.16 0.545 0x0000FF
36.22 70.56 -24.5 34.77 68.38 -23.13 0.545 0x0000FF
37.51 72.39 -24.95 36.22 70.56 -24.5 0.545 0x0000FF
38.6 73.84 -26.92 37.51 72.39 -24.95 0.545 0x0000FF
40.98 79.13 -28.82 38.6 73.84 -26.92 0.545 0x0000FF
42.8 80.22 -29.95 40.98 79.13 -28.82 0.545 0x0000FF
47.73 83.5 -31.16 42.8 80.22 -29.95 0.455 0x0000FF
50.1 85.32 -31.85 47.73 83.5 -31.16 0.455 0x0000FF
52.84 87.69 -32.68 50.1 85.32 -31.85 0.455 0x0000FF
53.57 88.6 -34.42 52.84 87.69 -32.68 0.455 0x0000FF
54.84 89.69 -36.92 53.57 88.6 -34.42 0.455 0x0000FF
61.05 90.79 -37.83 54.84 89.69 -36.92 0.455 0x0000FF
64.33 91.88 -39.57 61.05 90.79 -37.83 0.455 0x0000FF
68.16 91.88 -41.16 64.33 91.88 -39.57 0.455 0x0000FF
80.56 90.06 -42.53 68.16 91.88 -41.16 0.455 0x0000FF
90.06 93.34 -42.98 80.56 90.06 -42.53 0.455 0x0000FF
95.35 96.62 -43.28 90.06 93.34 -42.98 0.365 0x0000FF
-15.4 34.11 8.76 -21.46 39.11 11.58 0.82 0x0000FF
-12.48 32.85 9.36 -15.4 34.11 8.76 0.82 0x0000FF
-6.1 32.11 10.65 -12.48 32.85 9.36 0.82 0x0000FF
-3.53 34.63 11.48 -6.1 32.11 10.65 0.365 0x0000FF
-1.34 35.36 11.18 -3.53 34.63 11.48 0.365 0x0000FF
1.58 36.09 10.8 -1.34 35.36 11.18 0.365 0x0000FF
3.22 36.63 10.35 1.58 36.09 10.8 0.365 0x0000FF
5.96 37.72 9.82 3.22 36.63 10.35 0.365 0x0000FF
9.42 39.72 9.67 5.96 37.72 9.82 0.365 0x0000FF
11.25 46.47 9.28 9.42 39.72 9.67 0.275 0x0000FF
12.53 52.12 8.91 11.25 46.47 9.28 0.275 0x0000FF
14.17 55.04 8.38 12.53 52.12 8.91 0.275 0x0000FF
14.9 56.49 7.62 14.17 55.04 8.38 0.275 0x0000FF
16.36 58.13 6.94 14.9 56.49 7.62 0.275 0x0000FF
18.36 60.14 5.73 16.36 58.13 6.94 0.275 0x0000FF
19.82 61.41 4.13 18.36 60.14 5.73 0.275 0x0000FF
21.28 62.51 2.31 19.82 61.41 4.13 0.275 0x0000FF
22.74 63.6 0.65 21.28 62.51 2.31 0.275 0x0000FF
25.11 65.42 -0.64 22.74 63.6 0.65 0.275 0x0000FF
26.39 66.88 -2.15 25.11 65.42 -0.64 0.275 0x0000FF
28.4 68.7 -4.12 26.39 66.88 -2.15 0.275 0x0000FF
30.59 69.79 -5.79 28.4 68.7 -4.12 0.275 0x0000FF
32.78 71.06 -7.08 30.59 69.79 -5.79 0.275 0x0000FF
34.78 72.34 -7.45 32.78 71.06 -7.08 0.275 0x0000FF
36.43 73.44 -8.82 34.78 72.34 -7.45 0.275 0x0000FF
41.72 75.44 -11.32 36.43 73.44 -8.82 0.275 0x0000FF
44.09 77.63 -11.92 41.72 75.44 -11.32 0.275 0x0000FF
47.01 80.73 -12.91 44.09 77.63 -11.92 0.275 0x0000FF
-0.81 31.57 10.95 -6.1 32.11 10.65 0.64 0x0000FF
3.03 29.93 11.86 -0.81 31.57 10.95 0.64 0x0000FF
4.3 29.2 12.17 3.03 29.93 11.86 0.64 0x0000FF
9.92 28.37 12.24 4.3 29.2 12.17 0.455 0x0000FF
12.66 31.1 13.23 9.92 28.37 12.24 0.455 0x0000FF
14.3 32.01 14.82 12.66 31.1 13.23 0.455 0x0000FF
17.04 33.65 15.88 14.3 32.01 14.82 0.455 0x0000FF
21.24 36.39 18.38 17.04 33.65 15.88 0.455 0x0000FF
23.97 38.57 19.13 21.24 36.39 18.38 0.455 0x0000FF
25.98 39.29 21.1 23.97 38.57 19.13 0.455 0x0000FF
28.35 39.85 22.69 25.98 39.29 21.1 0.455 0x0000FF
31.14 44.29 23.45 28.35 39.85 22.69 0.275 0x0000FF
31.5 48.3 22.62 31.14 44.29 23.45 0.275 0x0000FF
31.68 50.48 21.56 31.5 48.3 22.62 0.275 0x0000FF
30.77 52.3 20.95 31.68 50.48 21.56 0.275 0x0000FF
30.22 53.03 22.92 30.77 52.3 20.95 0.275 0x0000FF
29.31 53.94 24.06 30.22 53.03 22.92 0.275 0x0000FF
28.76 54.85 26.41 29.31 53.94 24.06 0.275 0x0000FF
28.4 56.13 28.15 28.76 54.85 26.41 0.275 0x0000FF
28.03 57.59 30.04 28.4 56.13 28.15 0.275 0x0000FF
27.85 58.86 31.41 28.03 57.59 30.04 0.275 0x0000FF
27.67 60.5 32.85 27.85 58.86 31.41 0.275 0x0000FF
27.12 62.32 34.44 27.67 60.5 32.85 0.275 0x0000FF
26.94 65.79 35.11 27.12 62.32 34.44 0.275 0x0000FF
27.3 69.61 35.65 26.94 65.79 35.11 0.275 0x0000FF
28.76 73.06 36.56 27.3 69.61 35.65 0.275 0x0000FF
31.64 38.76 24.36 28.35 39.85 22.69 0.455 0x0000FF
34.36 37.85 25.5 31.64 38.76 24.36 0.365 0x0000FF
36.74 37.29 26.33 34.36 37.85 25.5 0.365 0x0000FF
38.75 39.11 27.54 36.74 37.29 26.33 0.365 0x0000FF
41.12 41.85 28.83 38.75 39.11 27.54 0.365 0x0000FF
42.58 44.22 29.74 41.12 41.85 28.83 0.365 0x0000FF
45.32 46.41 30.57 42.58 44.22 29.74 0.365 0x0000FF
52.98 49.32 31.56 45.32 46.41 30.57 0.365 0x0000FF
56.81 52.06 32.39 52.98 49.32 31.56 0.365 0x0000FF
63.25 56.31 33.07 56.81 52.06 32.39 0.365 0x0000FF
65.8 58.13 34.21 63.25 56.31 33.07 0.365 0x0000FF
68.72 58.86 34.81 65.8 58.13 34.21 0.365 0x0000FF
70.55 59.23 36.03 68.72 58.86 34.81 0.365 0x0000FF
72.37 59.59 37.31 70.55 59.23 36.03 0.365 0x0000FF
73.28 59.77 39.65 72.37 59.59 37.31 0.365 0x0000FF
74.73 59.96 40.19 73.28 59.77 39.65 0.365 0x0000FF
76.38 60.32 42.69 74.73 59.96 40.19 0.365 0x0000FF
79.12 61.78 42.77 76.38 60.32 42.69 0.365 0x0000FF
85.51 62.14 43.9 79.12 61.78 42.77 0.275 0x0000FF
88.24 62.32 44.06 85.51 62.14 43.9 0.275 0x0000FF
90.98 63.78 44.21 88.24 62.32 44.06 0.275 0x0000FF
14.67 26.18 11.56 9.92 28.37 12.24 0.455 0x0000FF
18.32 24.91 11.26 14.67 26.18 11.56 0.455 0x0000FF
21.78 23.27 12.17 18.32 24.91 11.26 0.455 0x0000FF
27.07 21.63 13.6 21.78 23.27 12.17 0.365 0x0000FF
31.64 20.9 14.21 27.07 21.63 13.6 0.365 0x0000FF
39.29 19.44 15.35 31.64 20.9 14.21 0.365 0x0000FF
42.95 18.17 16.1 39.29 19.44 15.35 0.365 0x0000FF
46.96 15.8 17.16 42.95 18.17 16.1 0.365 0x0000FF
54.26 14.16 17.92 46.96 15.8 17.16 0.365 0x0000FF
63.56 15.07 18.45 54.26 14.16 17.92 0.365 0x0000FF
68.48 16.53 19.13 63.56 15.07 18.45 0.365 0x0000FF
73.23 15.43 19.89 68.48 16.53 19.13 0.365 0x0000FF
75.97 13.61 18.23 73.23 15.43 19.89 0.365 0x0000FF
79.98 11.06 16.1 75.97 13.61 18.23 0.365 0x0000FF
86.55 7.78 14.36 79.98 11.06 16.1 0.365 0x0000FF
93.3 5.05 12.77 86.55 7.78 14.36 0.365 0x0000FF
101.15 1.04 11.1 93.3 5.05 12.77 0.365 0x0000FF
107.54 -3.51 8.91 101.15 1.04 11.1 0.365 0x0000FF
114.65 -8.25 7.54 107.54 -3.51 8.91 0.365 0x0000FF
118.12 -9.89 6.79 114.65 -8.25 7.54 0.365 0x0000FF
119.4 -10.62 4.74 118.12 -9.89 6.79 0.365 0x0000FF
120.67 -11.17 2.85 119.4 -10.62 4.74 0.365 0x0000FF
122.5 -11.17 0.88 120.67 -11.17 2.85 0.365 0x0000FF
124.87 -10.07 -0.94 122.5 -11.17 0.88 0.365 0x0000FF
130.16 -5.15 -2.91 124.87 -10.07 -0.94 0.365 0x0000FF
131.97 -2.42 -4.26 130.16 -5.15 -2.91 0.365 0x0000FF
133.08 -0.96 -4.5 131.97 -2.42 -4.26 0.365 0x0000FF
6.86 25.56 12.24 4.3 29.2 12.17 0.365 0x0000FF
8.86 23.37 12.09 6.86 25.56 12.24 0.365 0x0000FF
11.97 19.91 11.86 8.86 23.37 12.09 0.365 0x0000FF
14.34 15.72 11.48 11.97 19.91 11.86 0.365 0x0000FF
17.07 11.71 11.1 14.34 15.72 11.48 0.365 0x0000FF
20.36 5.7 10.5 17.07 11.71 11.1 0.365 0x0000FF
28.2 -14.16 9.82 20.36 5.7 10.5 0.365 0x0000FF
33.13 -18.17 9.44 28.2 -14.16 9.82 0.365 0x0000FF
36.22 -20.35 8.98 33.13 -18.17 9.44 0.365 0x0000FF
39.88 -22.18 8.38 36.22 -20.35 8.98 0.365 0x0000FF
42.44 -24.54 7.7 39.88 -22.18 8.38 0.365 0x0000FF
44.08 -28.55 6.64 42.44 -24.54 7.7 0.365 0x0000FF
44.63 -32.93 5.42 44.08 -28.55 6.64 0.365 0x0000FF
45.17 -36.21 4.67 44.63 -32.93 5.42 0.365 0x0000FF
47.0 -40.03 3.61 45.17 -36.21 4.67 0.365 0x0000FF
51.34 -42.14 2.54 47.0 -40.03 3.61 0.275 0x0000FF
54.26 -41.78 2.0 51.34 -42.14 2.54 0.275 0x0000FF
54.81 -41.59 1.64 54.26 -41.78 2.0 0.275 0x0000FF
-24.76 24.88 17.47 -21.46 39.11 11.58 2.1 0x0000FF
-24.03 18.87 17.47 -24.76 24.88 17.47 2.1 0x0000FF
-24.21 15.96 17.09 -24.03 18.87 17.47 1.55 0x0000FF
-24.76 10.13 16.63 -24.21 15.96 17.09 1.55 0x0000FF
-26.22 1.93 15.88 -24.76 10.13 16.63 1.55 0x0000FF
-26.22 -5.72 15.8 -26.22 1.93 15.88 1.55 0x0000FF
-26.4 -8.64 15.8 -26.22 -5.72 15.8 1.55 0x0000FF
-27.13 -13.19 17.01 -26.4 -8.64 15.8 1.46 0x0000FF
-26.42 -17.87 17.09 -27.13 -13.19 17.01 1.095 0x0000FF
-26.79 -22.24 17.47 -26.42 -17.87 17.09 1.095 0x0000FF
-27.7 -26.25 18.68 -26.79 -22.24 17.47 1.095 0x0000FF
-27.88 -27.34 19.51 -27.7 -26.25 18.68 1.095 0x0000FF
-28.43 -28.62 21.1 -27.88 -27.34 19.51 1.095 0x0000FF
-29.16 -31.17 22.54 -28.43 -28.62 21.1 1.095 0x0000FF
-30.25 -39.19 22.32 -29.16 -31.17 22.54 1.095 0x0000FF
-32.44 -49.02 21.79 -30.25 -39.19 22.32 1.095 0x0000FF
-33.36 -54.31 22.24 -32.44 -49.02 21.79 1.095 0x0000FF
-32.63 -57.77 22.69 -33.36 -54.31 22.24 1.095 0x0000FF
-32.44 -63.05 23.53 -32.63 -57.77 22.69 1.095 0x0000FF
-32.99 -65.59 24.51 -32.44 -63.05 23.53 1.095 0x0000FF
-33.17 -70.16 25.19 -32.99 -65.59 24.51 1.095 0x0000FF
-33.72 -75.08 25.88 -33.17 -70.16 25.19 1.095 0x0000FF
-33.54 -79.09 27.16 -33.72 -75.08 25.88 1.095 0x0000FF
-33.9 -83.82 27.85 -33.54 -79.09 27.16 1.095 0x0000FF
-32.08 -93.12 28.98 -33.9 -83.82 27.85 1.095 0x0000FF
-31.35 -98.77 29.66 -32.08 -93.12 28.98 1.095 0x0000FF
-30.07 -107.15 30.8 -31.35 -98.77 29.66 1.005 0x0000FF
-30.62 -111.7 31.56 -30.07 -107.15 30.8 1.005 0x0000FF
-31.53 -116.8 32.31 -30.62 -111.7 31.56 1.005 0x0000FF
-31.9 -118.44 33.68 -31.53 -116.8 32.31 1.005 0x0000FF
-32.44 -119.9 35.34 -31.9 -118.44 33.68 1.005 0x0000FF
-33.17 -120.99 36.86 -32.44 -119.9 35.34 1.005 0x0000FF
-34.27 -122.82 40.11 -33.17 -120.99 36.86 1.005 0x0000FF
-33.49 -123.88 41.94 -34.27 -122.82 40.11 1.095 0x0000FF
-33.29 -124.8 42.92 -33.49 -123.88 41.94 1.095 0x0000FF
-33.29 -124.98 42.62 -33.29 -124.8 42.92 1.095 0x0000FF
-33.11 -127.53 41.94 -33.29 -124.98 42.62 1.095 0x0000FF
-33.29 -129.71 40.86 -33.11 -127.53 41.94 1.095 0x0000FF
-33.29 -131.72 39.97 -33.29 -129.71 40.86 1.095 0x0000FF
-33.29 -133.72 39.06 -33.29 -131.72 39.97 1.095 0x0000FF
-32.76 -139.37 37.77 -33.29 -133.72 39.06 1.095 0x0000FF
-33.11 -144.29 37.09 -32.76 -139.37 37.77 1.095 0x0000FF
-33.49 -149.21 36.63 -33.11 -144.29 37.09 1.095 0x0000FF
-32.39 -154.49 36.86 -33.49 -149.21 36.63 1.005 0x0000FF
-32.39 -158.32 37.24 -32.39 -154.49 36.86 1.005 0x0000FF
-32.03 -161.78 38.07 -32.39 -158.32 37.24 1.005 0x0000FF
-31.48 -167.43 38.9 -32.03 -161.78 38.07 1.005 0x0000FF
-30.57 -171.26 39.59 -31.48 -167.43 38.9 1.005 0x0000FF
-30.2 -175.63 40.34 -30.57 -171.26 39.59 0.91 0x0000FF
-31.11 -196.58 41.1 -30.2 -175.63 40.34 0.82 0x0000FF
-33.67 -204.05 41.63 -31.11 -196.58 41.1 0.82 0x0000FF
-34.4 -213.89 42.24 -33.67 -204.05 41.63 0.73 0x0000FF
-34.22 -219.9 42.69 -34.4 -213.89 42.24 0.73 0x0000FF
-34.22 -235.21 43.37 -34.22 -219.9 42.69 0.73 0x0000FF
-34.76 -242.5 43.98 -34.22 -235.21 43.37 0.64 0x0000FF
-35.86 -256.2 44.89 -34.76 -242.5 43.98 0.64 0x0000FF
-35.32 -264.95 45.12 -35.86 -256.2 44.89 0.64 0x0000FF
-35.32 -268.95 43.75 -35.32 -264.95 45.12 0.64 0x0000FF
-35.68 -271.87 42.84 -35.32 -268.95 43.75 0.64 0x0000FF
-36.22 -274.06 41.94 -35.68 -271.87 42.84 0.64 0x0000FF
-36.4 -274.97 41.1 -36.22 -274.06 41.94 0.64 0x0000FF
-37.69 -276.43 40.34 -36.4 -274.97 41.1 0.64 0x0000FF
-41.11 -279.36 39.74 -37.69 -276.43 40.34 0.545 0x0000FF
-42.2 -281.0 40.72 -41.11 -279.36 39.74 0.545 0x0000FF
-43.48 -282.45 42.31 -42.2 -281.0 40.72 0.545 0x0000FF
-44.76 -284.1 44.21 -43.48 -282.45 42.31 0.545 0x0000FF
-46.94 -286.83 45.72 -44.76 -284.1 44.21 0.545 0x0000FF
-48.77 -289.75 47.39 -46.94 -286.83 45.72 0.545 0x0000FF
-49.68 -291.57 48.68 -48.77 -289.75 47.39 0.545 0x0000FF
-51.14 -294.3 50.49 -49.68 -291.57 48.68 0.545 0x0000FF
-52.24 -295.76 52.39 -51.14 -294.3 50.49 0.545 0x0000FF
-55.16 -298.86 55.8 -52.24 -295.76 52.39 0.545 0x0000FF
-56.98 -300.68 58.22 -55.16 -298.86 55.8 0.545 0x0000FF
-58.44 -302.5 61.4 -56.98 -300.68 58.22 0.545 0x0000FF
-60.63 -304.32 64.58 -58.44 -302.5 61.4 0.545 0x0000FF
-66.29 -307.24 66.86 -60.63 -304.32 64.58 0.455 0x0000FF
-71.58 -309.97 68.59 -66.29 -307.24 66.86 0.365 0x0000FF
-74.31 -311.43 70.19 -71.58 -309.97 68.59 0.365 0x0000FF
-77.23 -313.25 71.33 -74.31 -311.43 70.19 0.365 0x0000FF
-79.79 -315.07 72.23 -77.23 -313.25 71.33 0.365 0x0000FF
-82.16 -316.35 74.05 -79.79 -315.07 72.23 0.365 0x0000FF
-84.17 -317.44 76.25 -82.16 -316.35 74.05 0.365 0x0000FF
-90.19 -322.36 79.43 -84.17 -317.44 76.25 0.365 0x0000FF
-97.3 -324.91 80.95 -90.19 -322.36 79.43 0.365 0x0000FF
-100.77 -327.27 81.55 -97.3 -324.91 80.95 0.365 0x0000FF
-37.32 -282.8 40.65 -37.69 -276.43 40.34 0.545 0x0000FF
-35.68 -286.45 41.03 -37.32 -282.8 40.65 0.545 0x0000FF
-34.22 -291.18 41.18 -35.68 -286.45 41.03 0.545 0x0000FF
-33.31 -294.45 40.11 -34.22 -291.18 41.18 0.545 0x0000FF
-32.03 -297.01 39.28 -33.31 -294.45 40.11 0.545 0x0000FF
-30.57 -299.02 37.92 -32.03 -297.01 39.28 0.545 0x0000FF
-29.66 -300.83 36.56 -30.57 -299.02 37.92 0.545 0x0000FF
-29.84 -302.48 35.27 -29.66 -300.83 36.56 0.545 0x0000FF
-30.02 -305.2 33.53 -29.84 -302.48 35.27 0.545 0x0000FF
-30.02 -307.95 32.01 -30.02 -305.2 33.53 0.545 0x0000FF
-29.79 -312.89 28.07 -30.02 -307.95 32.01 0.365 0x0000FF
-30.34 -315.07 26.03 -29.79 -312.89 28.07 0.365 0x0000FF
-30.71 -315.98 24.97 -30.34 -315.07 26.03 0.365 0x0000FF
-31.07 -317.26 23.91 -30.71 -315.98 24.97 0.365 0x0000FF
-31.62 -319.99 22.39 -31.07 -317.26 23.91 0.365 0x0000FF
-31.98 -322.54 21.03 -31.62 -319.99 22.39 0.365 0x0000FF
-33.08 -328.74 19.21 -31.98 -322.54 21.03 0.365 0x0000FF
-33.44 -331.65 18.76 -33.08 -328.74 19.21 0.365 0x0000FF
-34.17 -335.12 17.47 -33.44 -331.65 18.76 0.365 0x0000FF
-35.09 -340.04 16.1 -34.17 -335.12 17.47 0.365 0x0000FF
-36.0 -343.5 15.12 -35.09 -340.04 16.1 0.365 0x0000FF
-39.65 -346.59 14.21 -36.0 -343.5 15.12 0.365 0x0000FF
-41.29 -348.05 13.38 -39.65 -346.59 14.21 0.365 0x0000FF
-38.28 -124.09 40.57 -34.27 -122.82 40.11 0.91 0x0000FF
-40.11 -125.18 41.25 -38.28 -124.09 40.57 0.73 0x0000FF
-41.2 -126.1 41.94 -40.11 -125.18 41.25 0.73 0x0000FF
-41.38 -126.64 42.92 -41.2 -126.1 41.94 0.73 0x0000FF
-41.93 -127.37 43.98 -41.38 -126.64 42.92 0.73 0x0000FF
-42.48 -128.83 45.87 -41.93 -127.37 43.98 0.73 0x0000FF
-42.48 -129.56 47.31 -42.48 -128.83 45.87 0.73 0x0000FF
-42.66 -131.38 49.13 -42.48 -129.56 47.31 0.73 0x0000FF
-43.39 -134.29 50.42 -42.66 -131.38 49.13 0.545 0x0000FF
-43.57 -135.93 51.03 -43.39 -134.29 50.42 0.545 0x0000FF
-43.57 -137.21 52.24 -43.57 -135.93 51.03 0.545 0x0000FF
-42.66 -140.49 53.3 -43.57 -137.21 52.24 0.545 0x0000FF
-40.47 -143.4 54.21 -42.66 -140.49 53.3 0.545 0x0000FF
-36.09 -146.5 54.81 -40.47 -143.4 54.21 0.545 0x0000FF
-33.72 -150.69 57.62 -36.09 -146.5 54.81 0.545 0x0000FF
-32.63 -152.69 58.98 -33.72 -150.69 57.62 0.545 0x0000FF
-28.19 -157.77 59.51 -32.63 -152.69 58.98 0.455 0x0000FF
-35.54 -57.41 22.92 -33.36 -54.31 22.24 0.73 0x0000FF
-37.54 -60.69 23.22 -35.54 -57.41 22.92 0.64 0x0000FF
-42.48 -63.05 23.53 -37.54 -60.69 23.22 0.64 0x0000FF
-54.16 -67.61 23.83 -42.48 -63.05 23.53 0.64 0x0000FF
-57.44 -69.25 22.69 -54.16 -67.61 23.83 0.64 0x0000FF
-65.29 -73.26 20.57 -57.44 -69.25 22.69 0.545 0x0000FF
-67.29 -76.17 20.35 -65.29 -73.26 20.57 0.545 0x0000FF
-68.93 -78.54 19.82 -67.29 -76.17 20.35 0.545 0x0000FF
-72.22 -89.84 18.98 -68.93 -78.54 19.82 0.545 0x0000FF
-75.31 -94.03 18.82 -72.22 -89.84 18.98 0.545 0x0000FF
-82.44 -104.78 18.45 -75.31 -94.03 18.82 0.455 0x0000FF
-83.35 -109.33 18.0 -82.44 -104.78 18.45 0.455 0x0000FF
-86.27 -119.72 16.79 -83.35 -109.33 18.0 0.455 0x0000FF
-88.27 -124.27 17.32 -86.27 -119.72 16.79 0.455 0x0000FF
-90.1 -127.92 18.07 -88.27 -124.27 17.32 0.455 0x0000FF
-93.57 -134.47 19.36 -90.1 -127.92 18.07 0.365 0x0000FF
-94.3 -137.03 19.51 -93.57 -134.47 19.36 0.365 0x0000FF
-95.57 -139.58 20.27 -94.3 -137.03 19.51 0.365 0x0000FF
-95.94 -142.13 20.57 -95.57 -139.58 20.27 0.365 0x0000FF
-32.61 -17.02 17.09 -27.13 -13.19 17.01 0.64 0x0000FF
-38.99 -19.57 17.39 -32.61 -17.02 17.09 0.64 0x0000FF
-50.3 -24.49 18.07 -38.99 -19.57 17.39 0.545 0x0000FF
-55.23 -27.59 18.76 -50.3 -24.49 18.07 0.545 0x0000FF
-68.18 -32.86 19.21 -55.23 -27.59 18.76 0.455 0x0000FF
-72.2 -35.06 19.59 -68.18 -32.86 19.21 0.455 0x0000FF
-79.86 -38.89 21.26 -72.2 -35.06 19.59 0.455 0x0000FF
-86.98 -42.71 22.47 -79.86 -38.89 21.26 0.365 0x0000FF
-99.75 -49.63 23.45 -86.98 -42.71 22.47 0.365 0x0000FF
-103.58 -51.46 23.98 -99.75 -49.63 23.45 0.365 0x0000FF
-115.8 -58.2 25.04 -103.58 -51.46 23.98 0.275 0x0000FF
-122.74 -60.57 25.5 -115.8 -58.2 25.04 0.275 0x0000FF
-131.86 -63.85 26.18 -122.74 -60.57 25.5 0.275 0x0000FF
-132.79 -65.06 27.47 -131.86 -63.85 26.18 0.275 0x0000FF
-134.8 -66.33 27.62 -132.79 -65.06 27.47 0.275 0x0000FF
-135.88 -68.88 28.0 -134.8 -66.33 27.62 0.275 0x0000FF
-137.35 -70.89 28.75 -135.88 -68.88 28.0 0.275 0x0000FF
-21.29 17.78 17.16 -24.03 18.87 17.47 0.91 0x0000FF
-19.47 17.96 16.86 -21.29 17.78 17.16 0.82 0x0000FF
-16.55 17.6 16.1 -19.47 17.96 16.86 0.82 0x0000FF
-12.72 17.05 15.57 -16.55 17.6 16.1 0.73 0x0000FF
-9.98 17.05 15.04 -12.72 17.05 15.57 0.73 0x0000FF
-8.16 17.05 14.21 -9.98 17.05 15.04 0.545 0x0000FF
-4.13 16.87 13.76 -8.16 17.05 14.21 0.545 0x0000FF
0.42 16.14 13.45 -4.13 16.87 13.76 0.545 0x0000FF
3.88 15.96 12.85 0.42 16.14 13.45 0.545 0x0000FF
8.26 15.77 12.09 3.88 15.96 12.85 0.545 0x0000FF
11.55 15.77 11.79 8.26 15.77 12.09 0.545 0x0000FF
16.29 15.05 11.41 11.55 15.77 11.79 0.545 0x0000FF
23.95 13.95 10.95 16.29 15.05 11.41 0.545 0x0000FF
31.62 12.5 10.57 23.95 13.95 10.95 0.545 0x0000FF
43.29 13.77 9.59 31.62 12.5 10.57 0.545 0x0000FF
46.03 13.41 9.44 43.29 13.77 9.59 0.545 0x0000FF
51.5 11.58 8.98 46.03 13.41 9.44 0.455 0x0000FF
56.61 10.86 8.0 51.5 11.58 8.98 0.455 0x0000FF
60.08 10.13 7.09 56.61 10.86 8.0 0.365 0x0000FF
61.36 9.76 5.95 60.08 10.13 7.09 0.365 0x0000FF
62.82 8.67 4.44 61.36 9.76 5.95 0.365 0x0000FF
65.01 7.39 2.7 62.82 8.67 4.44 0.365 0x0000FF
67.38 6.12 0.88 65.01 7.39 2.7 0.365 0x0000FF
70.3 4.48 -0.18 67.38 6.12 0.88 0.365 0x0000FF
72.12 3.2 -2.61 70.3 4.48 -0.18 0.365 0x0000FF
75.59 2.29 -4.42 72.12 3.2 -2.61 0.365 0x0000FF
79.05 1.38 -6.24 75.59 2.29 -4.42 0.365 0x0000FF
83.43 0.83 -7.3 79.05 1.38 -6.24 0.365 0x0000FF
87.63 0.65 -8.97 83.43 0.83 -7.3 0.365 0x0000FF
92.37 -0.99 -10.18 87.63 0.65 -8.97 0.365 0x0000FF
101.5 -1.17 -12.0 92.37 -0.99 -10.18 0.365 0x0000FF
104.05 -0.99 -12.83 101.5 -1.17 -12.0 0.365 0x0000FF
106.42 0.11 -14.35 104.05 -0.99 -12.83 0.365 0x0000FF
106.97 1.38 -16.17 106.42 0.11 -14.35 0.365 0x0000FF
108.43 4.11 -17.3 106.97 1.38 -16.17 0.365 0x0000FF
