-30.39 7.6 -52.37 -38.67 6.29 -52.37 0.64 0x0000FF
-28.38 8.15 -52.37 -30.39 7.6 -52.37 0.64 0x0000FF
-26.74 8.15 -53.51 -28.38 8.15 -52.37 0.64 0x0000FF
-26.2 7.96 -50.71 -26.74 8.15 -53.51 0.64 0x0000FF
-24.37 7.6 -49.12 -26.2 7.96 -50.71 0.64 0x0000FF
-23.28 7.23 -48.06 -24.37 7.6 -49.12 0.64 0x0000FF
-21.63 6.87 -47.15 -23.28 7.23 -48.06 0.64 0x0000FF
-19.63 7.23 -46.31 -21.63 6.87 -47.15 0.64 0x0000FF
-17.44 7.23 -48.21 -19.63 7.23 -46.31 0.64 0x0000FF
-14.88 7.6 -49.57 -17.44 7.23 -48.21 0.64 0x0000FF
-13.79 7.6 -49.8 -14.88 7.6 -49.57 0.64 0x0000FF
-9.77 6.51 -50.48 -13.79 7.6 -49.8 0.275 0x0000FF
-4.67 5.59 -51.16 -9.77 6.51 -50.48 0.275 0x0000FF
1.17 4.87 -49.27 -4.67 5.59 -51.16 0.275 0x0000FF
3.91 4.87 -48.59 1.17 4.87 -49.27 0.275 0x0000FF
11.02 5.23 -48.59 3.91 4.87 -48.59 0.275 0x0000FF
14.31 5.41 -51.69 11.02 5.23 -48.59 0.275 0x0000FF
18.14 6.32 -51.31 14.31 5.41 -51.69 0.275 0x0000FF
21.79 7.42 -49.95 18.14 6.32 -51.31 0.275 0x0000FF
27.99 8.33 -48.81 21.79 7.42 -49.95 0.275 0x0000FF
33.47 7.42 -47.45 27.99 8.33 -48.81 0.275 0x0000FF
38.58 6.32 -46.54 33.47 7.42 -47.45 0.275 0x0000FF
42.22 5.96 -46.16 38.58 6.32 -46.54 0.275 0x0000FF
44.78 6.87 -45.56 42.22 5.96 -46.16 0.275 0x0000FF
-7.77 8.15 -49.87 -13.79 7.6 -49.8 0.455 0x0000FF
-4.3 8.33 -50.4 -7.77 8.15 -49.87 0.455 0x0000FF
0.44 8.33 -49.65 -4.3 8.33 -50.4 0.455 0x0000FF
2.81 8.86 -48.36 0.44 8.33 -49.65 0.455 0x0000FF
5.73 9.42 -47.6 2.81 8.86 -48.36 0.455 0x0000FF
13.03 9.6 -47.45 5.73 9.42 -47.6 0.455 0x0000FF
18.32 9.78 -47.15 13.03 9.6 -47.45 0.455 0x0000FF
24.34 8.69 -46.54 18.32 9.78 -47.15 0.365 0x0000FF
34.56 8.15 -45.1 24.34 8.69 -46.54 0.365 0x0000FF
45.51 9.42 -44.34 34.56 8.15 -45.1 0.365 0x0000FF
50.43 9.97 -43.66 45.51 9.42 -44.34 0.365 0x0000FF
60.1 12.88 -42.83 50.43 9.97 -43.66 0.275 0x0000FF
66.13 15.25 -42.45 60.1 12.88 -42.83 0.275 0x0000FF
-47.54 8.69 -52.3 -38.67 6.29 -52.37 2.005 0x0000FF
-49.91 8.86 -51.99 -47.54 8.69 -52.3 1.735 0x0000FF
-52.47 8.69 -51.24 -49.91 8.86 -51.99 1.55 0x0000FF
-54.29 8.51 -50.4 -52.47 8.69 -51.24 1.55 0x0000FF
-55.75 8.51 -49.72 -54.29 8.51 -50.4 1.55 0x0000FF
-56.2 8.39 -44.8 -55.75 8.51 -49.72 0.82 0x0000FF
-56.56 8.39 -47.83 -56.2 8.39 -44.8 0.82 0x0000FF
-57.48 8.75 -51.01 -56.56 8.39 -47.83 0.82 0x0000FF
-58.57 8.75 -51.92 -57.48 8.75 -51.01 0.82 0x0000FF
-60.58 9.11 -52.37 -58.57 8.75 -51.92 0.73 0x0000FF
-62.77 9.3 -53.28 -60.58 9.11 -52.37 0.64 0x0000FF
-57.25 6.78 -51.24 -55.75 8.51 -49.72 0.82 0x0000FF
-57.43 6.42 -50.18 -57.25 6.78 -51.24 0.82 0x0000FF
-58.71 5.33 -49.19 -57.43 6.42 -50.18 0.82 0x0000FF
-59.44 4.78 -47.98 -58.71 5.33 -49.19 0.82 0x0000FF
-60.35 4.23 -50.33 -59.44 4.78 -47.98 0.82 0x0000FF
-60.53 4.23 -52.45 -60.35 4.23 -50.33 0.82 0x0000FF
-61.63 3.87 -53.06 -60.53 4.23 -52.45 0.82 0x0000FF
-67.83 2.77 -52.3 -61.63 3.87 -53.06 0.64 0x0000FF
-68.56 2.41 -51.84 -67.83 2.77 -52.3 0.64 0x0000FF
-71.53 2.89 -54.57 -68.56 2.41 -51.84 0.275 0x0000FF
-75.54 3.8 -55.1 -71.53 2.89 -54.57 0.275 0x0000FF
-77.73 3.44 -55.56 -75.54 3.8 -55.1 0.275 0x0000FF
-85.39 4.72 -56.24 -77.73 3.44 -55.56 0.275 0x0000FF
-88.5 4.9 -57.15 -85.39 4.72 -56.24 0.275 0x0000FF
-90.87 4.9 -56.92 -88.5 4.9 -57.15 0.275 0x0000FF
-94.52 4.34 -55.71 -90.87 4.9 -56.92 0.275 0x0000FF
-99.26 3.26 -54.04 -94.52 4.34 -55.71 0.275 0x0000FF
-102.91 1.98 -52.6 -99.26 3.26 -54.04 0.275 0x0000FF
-109.84 -0.02 -51.31 -102.91 1.98 -52.6 0.275 0x0000FF
-114.59 -0.75 -48.89 -109.84 -0.02 -51.31 0.275 0x0000FF
-118.97 -2.21 -47.22 -114.59 -0.75 -48.89 0.275 0x0000FF
-122.8 -2.39 -45.71 -118.97 -2.21 -47.22 0.275 0x0000FF
-125.53 -2.57 -44.34 -122.8 -2.39 -45.71 0.275 0x0000FF
-129.0 -2.75 -42.45 -125.53 -2.57 -44.34 0.275 0x0000FF
-133.19 -3.3 -41.16 -129.0 -2.75 -42.45 0.275 0x0000FF
-136.85 -3.48 -39.57 -133.19 -3.3 -41.16 0.275 0x0000FF
-139.76 -3.12 -38.21 -136.85 -3.48 -39.57 0.275 0x0000FF
-142.13 -2.94 -34.65 -139.76 -3.12 -38.21 0.275 0x0000FF
-143.41 -2.94 -32.9 -142.13 -2.94 -34.65 0.275 0x0000FF
-145.41 -2.75 -31.77 -143.41 -2.94 -32.9 0.275 0x0000FF
-146.15 -2.02 -28.51 -145.41 -2.75 -31.77 0.275 0x0000FF
-147.97 -1.84 -27.53 -146.15 -2.02 -28.51 0.275 0x0000FF
-150.16 -1.3 -26.01 -147.97 -1.84 -27.53 0.275 0x0000FF
-150.71 -1.12 -25.26 -150.16 -1.3 -26.01 0.275 0x0000FF
-152.35 -0.56 -22.45 -150.71 -1.12 -25.26 0.275 0x0000FF
-153.44 -0.2 -20.63 -152.35 -0.56 -22.45 0.275 0x0000FF
-154.72 0.16 -15.94 -153.44 -0.2 -20.63 0.275 0x0000FF
-155.63 0.34 -12.68 -154.72 0.16 -15.94 0.275 0x0000FF
-158.91 0.52 -9.94 -155.63 0.34 -12.68 0.275 0x0000FF
-160.38 0.16 -8.74 -158.91 0.52 -9.94 0.275 0x0000FF
-162.57 -0.56 -8.36 -160.38 0.16 -8.74 0.275 0x0000FF
-163.66 -0.93 -6.62 -162.57 -0.56 -8.36 0.275 0x0000FF
-164.94 -1.3 -6.01 -163.66 -0.93 -6.62 0.275 0x0000FF
-168.23 -1.84 -4.42 -164.94 -1.3 -6.01 0.275 0x0000FF
-171.33 -1.84 -2.61 -168.23 -1.84 -4.42 0.275 0x0000FF
-174.43 -2.02 -0.18 -171.33 -1.84 -2.61 0.275 0x0000FF
-176.07 -1.84 0.65 -174.43 -2.02 -0.18 0.275 0x0000FF
-178.08 -1.84 3.61 -176.07 -1.84 0.65 0.275 0x0000FF
-180.45 -1.12 5.27 -178.08 -1.84 3.61 0.275 0x0000FF
-183.01 -0.56 6.48 -180.45 -1.12 5.27 0.275 0x0000FF
-183.74 0.16 8.07 -183.01 -0.56 6.48 0.275 0x0000FF
-185.56 0.89 9.28 -183.74 0.16 8.07 0.275 0x0000FF
-187.57 1.98 10.65 -185.56 0.89 9.28 0.275 0x0000FF
-189.21 3.62 11.79 -187.57 1.98 10.65 0.275 0x0000FF
-189.39 4.17 14.13 -189.21 3.62 11.79 0.275 0x0000FF
-189.57 5.26 15.5 -189.39 4.17 14.13 0.275 0x0000FF
-189.57 6.72 17.39 -189.57 5.26 15.5 0.275 0x0000FF
-189.76 9.82 18.82 -189.57 6.72 17.39 0.275 0x0000FF
-190.3 16.19 20.27 -189.76 9.82 18.82 0.275 0x0000FF
-191.58 22.21 21.41 -190.3 16.19 20.27 0.275 0x0000FF
-192.49 25.3 23.15 -191.58 22.21 21.41 0.275 0x0000FF
-192.68 28.04 24.59 -192.49 25.3 23.15 0.275 0x0000FF
-191.95 30.59 26.18 -192.68 28.04 24.59 0.275 0x0000FF
-190.3 31.86 28.75 -191.95 30.59 26.18 0.275 0x0000FF
-187.57 32.59 30.5 -190.3 31.86 28.75 0.275 0x0000FF
-76.77 -2.5 -51.77 -68.56 2.41 -51.84 0.365 0x0000FF
-81.7 -5.61 -51.69 -76.77 -2.5 -51.77 0.365 0x0000FF
-88.63 -9.07 -51.46 -81.7 -5.61 -51.69 0.365 0x0000FF
-97.39 -13.81 -51.31 -88.63 -9.07 -51.46 0.365 0x0000FF
-109.43 -18.36 -50.93 -97.39 -13.81 -51.31 0.365 0x0000FF
-119.46 -24.56 -50.78 -109.43 -18.36 -50.93 0.365 0x0000FF
-143.72 -31.11 -50.56 -119.46 -24.56 -50.78 0.365 0x0000FF
-145.56 -31.66 -51.39 -143.72 -31.11 -50.56 0.275 0x0000FF
-146.1 -31.48 -51.99 -145.56 -31.66 -51.39 0.275 0x0000FF
-147.19 -31.48 -52.75 -146.1 -31.48 -51.99 0.275 0x0000FF
-149.75 -31.3 -53.74 -147.19 -31.48 -52.75 0.275 0x0000FF
-153.22 -31.84 -53.06 -149.75 -31.3 -53.74 0.275 0x0000FF
-158.13 -33.67 -53.96 -153.22 -31.84 -53.06 0.275 0x0000FF
-161.79 -36.03 -55.18 -158.13 -33.67 -53.96 0.275 0x0000FF
-165.26 -37.67 -55.86 -161.79 -36.03 -55.18 0.275 0x0000FF
-171.28 -37.49 -56.54 -165.26 -37.67 -55.86 0.275 0x0000FF
-176.94 -33.85 -57.6 -171.28 -37.49 -56.54 0.275 0x0000FF
-179.13 -29.47 -58.43 -176.94 -33.85 -57.6 0.275 0x0000FF
-180.59 -24.19 -58.81 -179.13 -29.47 -58.43 0.275 0x0000FF
-185.7 -18.0 -58.89 -180.59 -24.19 -58.81 0.275 0x0000FF
-188.25 -15.08 -58.96 -185.7 -18.0 -58.89 0.275 0x0000FF
-191.35 -9.98 -59.34 -188.25 -15.08 -58.96 0.275 0x0000FF
-145.56 -36.76 -50.48 -143.72 -31.11 -50.56 0.275 0x0000FF
-147.56 -38.95 -50.48 -145.56 -36.76 -50.48 0.275 0x0000FF
-149.02 -41.5 -50.48 -147.56 -38.95 -50.48 0.275 0x0000FF
-149.38 -44.41 -50.33 -149.02 -41.5 -50.48 0.275 0x0000FF
-149.19 -46.24 -50.1 -149.38 -44.41 -50.33 0.275 0x0000FF
-149.38 -48.61 -49.65 -149.19 -46.24 -50.1 0.275 0x0000FF
-150.85 -50.06 -49.65 -149.38 -48.61 -49.65 0.275 0x0000FF
-152.66 -50.97 -49.19 -150.85 -50.06 -49.65 0.275 0x0000FF
-154.86 -50.79 -48.66 -152.66 -50.97 -49.19 0.275 0x0000FF
-155.59 -50.61 -48.13 -154.86 -50.79 -48.66 0.275 0x0000FF
-62.54 2.04 -53.13 -61.63 3.87 -53.06 0.365 0x0000FF
-64.55 -0.14 -52.98 -62.54 2.04 -53.13 0.365 0x0000FF
-66.55 -2.87 -52.07 -64.55 -0.14 -52.98 0.365 0x0000FF
-67.65 -4.51 -53.06 -66.55 -2.87 -52.07 0.365 0x0000FF
-69.47 -7.97 -54.12 -67.65 -4.51 -53.06 0.365 0x0000FF
-70.2 -11.8 -54.49 -69.47 -7.97 -54.12 0.365 0x0000FF
-70.56 -19.27 -55.1 -70.2 -11.8 -54.49 0.365 0x0000FF
-72.39 -30.2 -55.18 -70.56 -19.27 -55.1 0.365 0x0000FF
-74.76 -36.94 -55.4 -72.39 -30.2 -55.18 0.365 0x0000FF
-78.23 -41.5 -55.48 -74.76 -36.94 -55.4 0.365 0x0000FF
-82.43 -43.69 -55.86 -78.23 -41.5 -55.48 0.365 0x0000FF
-88.27 -45.87 -56.16 -82.43 -43.69 -55.86 0.365 0x0000FF
-99.94 -50.06 -56.24 -88.27 -45.87 -56.16 0.365 0x0000FF
-108.15 -54.44 -56.24 -99.94 -50.06 -56.24 0.365 0x0000FF
-116.0 -60.45 -56.39 -108.15 -54.44 -56.24 0.365 0x0000FF
-124.57 -70.29 -56.39 -116.0 -60.45 -56.39 0.365 0x0000FF
-129.5 -76.3 -56.54 -124.57 -70.29 -56.39 0.365 0x0000FF
-132.97 -82.13 -56.62 -129.5 -76.3 -56.54 0.365 0x0000FF
-134.06 -85.05 -56.77 -132.97 -82.13 -56.62 0.365 0x0000FF
-46.53 -0.54 -52.98 -38.67 6.29 -52.37 1.095 0x0000FF
-49.81 -2.54 -53.21 -46.53 -0.54 -52.98 1.095 0x0000FF
-52.19 -4.0 -53.74 -49.81 -2.54 -53.21 1.095 0x0000FF
-55.29 -5.83 -54.65 -52.19 -4.0 -53.74 1.095 0x0000FF
-56.93 -6.55 -55.02 -55.29 -5.83 -54.65 1.095 0x0000FF
-62.0 -9.93 -55.1 -56.93 -6.55 -55.02 0.73 0x0000FF
-60.54 -14.12 -54.27 -62.0 -9.93 -55.1 0.365 0x0000FF
-60.54 -16.48 -53.96 -60.54 -14.12 -54.27 0.365 0x0000FF
-60.72 -18.86 -53.21 -60.54 -16.48 -53.96 0.365 0x0000FF
-60.9 -21.59 -52.45 -60.72 -18.86 -53.21 0.365 0x0000FF
-61.45 -24.14 -51.84 -60.9 -21.59 -52.45 0.365 0x0000FF
-61.08 -27.78 -51.39 -61.45 -24.14 -51.84 0.365 0x0000FF
-60.72 -31.43 -50.86 -61.08 -27.78 -51.39 0.365 0x0000FF
-58.89 -34.71 -50.56 -60.72 -31.43 -50.86 0.365 0x0000FF
-56.52 -38.35 -50.18 -58.89 -34.71 -50.56 0.275 0x0000FF
-56.52 -40.54 -50.1 -56.52 -38.35 -50.18 0.275 0x0000FF
-53.97 -46.73 -49.8 -56.52 -40.54 -50.1 0.275 0x0000FF
-63.09 -10.29 -54.65 -62.0 -9.93 -55.1 0.365 0x0000FF
-64.37 -10.29 -54.65 -63.09 -10.29 -54.65 0.365 0x0000FF
-65.83 -9.93 -54.49 -64.37 -10.29 -54.65 0.365 0x0000FF
-68.56 -9.93 -54.34 -65.83 -9.93 -54.49 0.365 0x0000FF
-71.12 -10.84 -54.04 -68.56 -9.93 -54.34 0.365 0x0000FF
-75.5 -12.12 -53.51 -71.12 -10.84 -54.04 0.365 0x0000FF
-79.15 -13.21 -53.28 -75.5 -12.12 -53.51 0.365 0x0000FF
-82.8 -15.21 -54.57 -79.15 -13.21 -53.28 0.365 0x0000FF
-84.62 -16.48 -55.48 -82.8 -15.21 -54.57 0.365 0x0000FF
-85.71 -17.76 -56.39 -84.62 -16.48 -55.48 0.365 0x0000FF
-89.36 -19.95 -57.37 -85.71 -17.76 -56.39 0.275 0x0000FF
-92.1 -22.32 -57.98 -89.36 -19.95 -57.37 0.275 0x0000FF
-94.11 -25.23 -58.21 -92.1 -22.32 -57.98 0.275 0x0000FF
-60.21 -6.55 -55.18 -56.93 -6.55 -55.02 0.64 0x0000FF
-69.88 -7.1 -55.71 -60.21 -6.55 -55.18 0.455 0x0000FF
-74.44 -6.74 -56.31 -69.88 -7.1 -55.71 0.455 0x0000FF
-77.55 -6.37 -56.46 -74.44 -6.74 -56.31 0.455 0x0000FF
-83.57 -6.19 -56.62 -77.55 -6.37 -56.46 0.455 0x0000FF
-89.59 -6.01 -56.62 -83.57 -6.19 -56.62 0.365 0x0000FF
-97.43 -7.1 -56.92 -89.59 -6.01 -56.62 0.365 0x0000FF
-104.18 -8.92 -57.37 -97.43 -7.1 -56.92 0.365 0x0000FF
-111.48 -9.65 -57.83 -104.18 -8.92 -57.37 0.365 0x0000FF
-116.41 -10.56 -57.68 -111.48 -9.65 -57.83 0.365 0x0000FF
-118.42 -10.75 -55.02 -116.41 -10.56 -57.68 0.365 0x0000FF
-119.88 -10.93 -53.96 -118.42 -10.75 -55.02 0.365 0x0000FF
-119.88 -10.93 -52.68 -119.88 -10.93 -53.96 0.365 0x0000FF
-120.97 -11.11 -50.63 -119.88 -10.93 -52.68 0.365 0x0000FF
-123.19 -14.17 -51.46 -120.97 -11.11 -50.63 0.365 0x0000FF
-123.55 -15.62 -51.84 -123.19 -14.17 -51.46 0.365 0x0000FF
-124.83 -17.07 -52.37 -123.55 -15.62 -51.84 0.365 0x0000FF
-125.56 -17.8 -50.78 -124.83 -17.07 -52.37 0.365 0x0000FF
-126.84 -19.27 -48.43 -125.56 -17.8 -50.78 0.365 0x0000FF
-129.03 -21.64 -47.6 -126.84 -19.27 -48.43 0.365 0x0000FF
-129.76 -23.64 -44.87 -129.03 -21.64 -47.6 0.365 0x0000FF
-131.04 -26.92 -43.74 -129.76 -23.64 -44.87 0.365 0x0000FF
-131.77 -30.93 -42.53 -131.04 -26.92 -43.74 0.365 0x0000FF
-131.94 -35.29 -41.92 -131.77 -30.93 -42.53 0.365 0x0000FF
-133.77 -43.14 -41.24 -131.94 -35.29 -41.92 0.365 0x0000FF
-136.51 -48.06 -40.18 -133.77 -43.14 -41.24 0.365 0x0000FF
-140.16 -52.98 -39.72 -136.51 -48.06 -40.18 0.365 0x0000FF
-143.08 -54.8 -41.31 -140.16 -52.98 -39.72 0.365 0x0000FF
-144.54 -56.98 -43.44 -143.08 -54.8 -41.31 0.275 0x0000FF
-127.9 -12.75 -50.25 -120.97 -11.11 -50.63 0.275 0x0000FF
-133.01 -14.02 -49.19 -127.9 -12.75 -50.25 0.275 0x0000FF
-139.76 -16.21 -48.81 -133.01 -14.02 -49.19 0.275 0x0000FF
-151.62 -21.13 -48.13 -139.76 -16.21 -48.81 0.275 0x0000FF
-160.38 -23.32 -47.68 -151.62 -21.13 -48.13 0.275 0x0000FF
-167.31 -23.68 -47.45 -160.38 -23.32 -47.68 0.275 0x0000FF
-172.97 -24.96 -45.63 -167.31 -23.68 -47.45 0.275 0x0000FF
-176.44 -24.96 -44.95 -172.97 -24.96 -45.63 0.275 0x0000FF
-180.08 -24.96 -44.8 -176.44 -24.96 -44.95 0.275 0x0000FF
-194.68 -29.51 -44.5 -180.08 -24.96 -44.8 0.275 0x0000FF
-40.83 -3.37 -53.96 -38.67 6.29 -52.37 1.095 0x0000FF
-40.28 -11.02 -55.18 -40.83 -3.37 -53.96 1.095 0x0000FF
-39.33 -14.18 -51.31 -40.28 -11.02 -55.18 0.82 0x0000FF
-38.96 -16.36 -51.01 -39.33 -14.18 -51.31 0.82 0x0000FF
-38.96 -18.19 -50.25 -38.96 -16.36 -51.01 0.82 0x0000FF
-38.6 -20.92 -49.65 -38.96 -18.19 -50.25 0.82 0x0000FF
-36.4 -32.76 -48.81 -38.6 -20.92 -49.65 0.82 0x0000FF
-36.59 -39.14 -48.21 -36.4 -32.76 -48.81 0.82 0x0000FF
-36.59 -49.89 -47.75 -36.59 -39.14 -48.21 0.82 0x0000FF
-35.49 -59.55 -46.09 -36.59 -49.89 -47.75 0.82 0x0000FF
-33.49 -64.28 -45.1 -35.49 -59.55 -46.09 0.73 0x0000FF
-32.57 -67.56 -44.8 -33.49 -64.28 -45.1 0.73 0x0000FF
-32.57 -73.03 -44.27 -32.57 -67.56 -44.8 0.73 0x0000FF
-33.49 -77.58 -43.89 -32.57 -73.03 -44.27 0.73 0x0000FF
-34.58 -84.14 -44.57 -33.49 -77.58 -43.89 0.73 0x0000FF
-34.76 -89.24 -46.69 -34.58 -84.14 -44.57 0.73 0x0000FF
-34.76 -91.98 -47.45 -34.76 -89.24 -46.69 0.73 0x0000FF
-34.58 -93.25 -49.8 -34.76 -91.98 -47.45 0.73 0x0000FF
-33.85 -94.89 -51.69 -34.58 -93.25 -49.8 0.73 0x0000FF
-31.66 -98.54 -53.28 -33.85 -94.89 -51.69 0.73 0x0000FF
-32.76 -101.09 -48.51 -31.66 -98.54 -53.28 0.275 0x0000FF
-34.03 -102.54 -47.6 -32.76 -101.09 -48.51 0.275 0x0000FF
-34.22 -103.27 -45.56 -34.03 -102.54 -47.6 0.275 0x0000FF
-34.95 -105.1 -43.28 -34.22 -103.27 -45.56 0.275 0x0000FF
-35.68 -107.65 -42.45 -34.95 -105.1 -43.28 0.275 0x0000FF
-36.4 -111.65 -40.4 -35.68 -107.65 -42.45 0.275 0x0000FF
-36.77 -115.85 -39.19 -36.4 -111.65 -40.4 0.275 0x0000FF
-37.14 -117.12 -39.19 -36.77 -115.85 -39.19 0.275 0x0000FF
-37.86 -120.04 -38.51 -37.14 -117.12 -39.19 0.275 0x0000FF
-38.96 -123.5 -37.29 -37.86 -120.04 -38.51 0.275 0x0000FF
-39.51 -129.87 -36.39 -38.96 -123.5 -37.29 0.275 0x0000FF
-39.69 -134.61 -35.1 -39.51 -129.87 -36.39 0.275 0x0000FF
-41.15 -140.99 -34.04 -39.69 -134.61 -35.1 0.275 0x0000FF
-44.8 -148.28 -33.06 -41.15 -140.99 -34.04 0.275 0x0000FF
-49.91 -156.66 -32.97 -44.8 -148.28 -33.06 0.275 0x0000FF
-54.29 -163.03 -31.77 -49.91 -156.66 -32.97 0.275 0x0000FF
-57.21 -166.86 -31.09 -54.29 -163.03 -31.77 0.275 0x0000FF
-61.4 -179.07 -30.03 -57.21 -166.86 -31.09 0.275 0x0000FF
-62.13 -182.35 -29.88 -61.4 -179.07 -30.03 0.275 0x0000FF
-62.86 -185.99 -29.27 -62.13 -182.35 -29.88 0.275 0x0000FF
-63.04 -188.18 -28.59 -62.86 -185.99 -29.27 0.275 0x0000FF
-64.22 -195.8 -26.01 -63.04 -188.18 -28.59 0.275 0x0000FF
-64.04 -202.54 -25.33 -64.22 -195.8 -26.01 0.275 0x0000FF
-30.02 -101.27 -53.96 -31.66 -98.54 -53.28 0.545 0x0000FF
-27.1 -107.46 -54.42 -30.02 -101.27 -53.96 0.455 0x0000FF
-26.01 -111.47 -54.72 -27.1 -107.46 -54.42 0.455 0x0000FF
-25.09 -114.21 -55.63 -26.01 -111.47 -54.72 0.455 0x0000FF
-24.55 -116.21 -56.92 -25.09 -114.21 -55.63 0.455 0x0000FF
-24.0 -118.21 -58.28 -24.55 -116.21 -56.92 0.455 0x0000FF
-23.27 -120.95 -59.8 -24.0 -118.21 -58.28 0.365 0x0000FF
-22.72 -122.95 -60.55 -23.27 -120.95 -59.8 0.365 0x0000FF
-22.9 -123.5 -61.54 -22.72 -122.95 -60.55 0.275 0x0000FF
-24.55 -124.04 -61.77 -22.9 -123.5 -61.54 0.275 0x0000FF
-26.74 -124.59 -62.3 -24.55 -124.04 -61.77 0.275 0x0000FF
-28.2 -125.5 -62.3 -26.74 -124.59 -62.3 0.275 0x0000FF
-28.74 -127.32 -62.3 -28.2 -125.5 -62.3 0.275 0x0000FF
-31.83 2.21 -45.93 -38.67 6.29 -52.37 0.82 0x0000FF
-30.73 2.02 -46.16 -31.83 2.21 -45.93 0.82 0x0000FF
-29.46 1.3 -50.48 -30.73 2.02 -46.16 0.82 0x0000FF
-27.82 0.39 -52.15 -29.46 1.3 -50.48 0.82 0x0000FF
-27.09 0.02 -54.57 -27.82 0.39 -52.15 0.82 0x0000FF
-24.9 -1.07 -56.62 -27.09 0.02 -54.57 0.82 0x0000FF
-21.25 -4.9 -57.83 -24.9 -1.07 -56.62 0.73 0x0000FF
-19.6 -6.9 -58.28 -21.25 -4.9 -57.83 0.73 0x0000FF
-15.23 -11.64 -59.42 -19.6 -6.9 -58.28 0.73 0x0000FF
-12.85 -12.91 -52.83 -15.23 -11.64 -59.42 0.365 0x0000FF
-8.84 -13.46 -53.36 -12.85 -12.91 -52.83 0.365 0x0000FF
-5.56 -13.82 -53.74 -8.84 -13.46 -53.36 0.365 0x0000FF
-3.73 -14.37 -53.13 -5.56 -13.82 -53.74 0.365 0x0000FF
-1.91 -14.19 -52.15 -3.73 -14.37 -53.13 0.365 0x0000FF
-0.08 -14.55 -50.71 -1.91 -14.19 -52.15 0.365 0x0000FF
2.29 -14.74 -48.66 -0.08 -14.55 -50.71 0.275 0x0000FF
5.03 -15.46 -47.6 2.29 -14.74 -48.66 0.275 0x0000FF
7.58 -16.73 -47.22 5.03 -15.46 -47.6 0.275 0x0000FF
11.41 -18.38 -45.4 7.58 -16.73 -47.22 0.275 0x0000FF
17.07 -21.11 -44.34 11.41 -18.38 -45.4 0.275 0x0000FF
26.37 -26.58 -42.6 17.07 -21.11 -44.34 0.275 0x0000FF
33.49 -29.68 -42.0 26.37 -26.58 -42.6 0.275 0x0000FF
36.04 -30.22 -41.62 33.49 -29.68 -42.0 0.275 0x0000FF
39.33 -31.68 -40.78 36.04 -30.22 -41.62 0.275 0x0000FF
42.06 -33.68 -39.5 39.33 -31.68 -40.78 0.275 0x0000FF
44.25 -34.96 -38.44 42.06 -33.68 -39.5 0.275 0x0000FF
47.9 -36.42 -36.69 44.25 -34.96 -38.44 0.275 0x0000FF
50.46 -37.51 -35.63 47.9 -36.42 -36.69 0.275 0x0000FF
-9.39 -20.2 -59.65 -15.23 -11.64 -59.42 0.545 0x0000FF
-5.74 -27.31 -60.1 -9.39 -20.2 -59.65 0.455 0x0000FF
-3.55 -34.22 -60.4 -5.74 -27.31 -60.1 0.455 0x0000FF
-1.36 -39.33 -60.55 -3.55 -34.22 -60.4 0.365 0x0000FF
1.38 -44.8 -60.78 -1.36 -39.33 -60.55 0.365 0x0000FF
3.57 -48.62 -61.46 1.38 -44.8 -60.78 0.365 0x0000FF
6.49 -51.72 -62.15 3.57 -48.62 -61.46 0.365 0x0000FF
9.77 -53.54 -62.52 6.49 -51.72 -62.15 0.365 0x0000FF
12.69 -55.37 -62.68 9.77 -53.54 -62.52 0.365 0x0000FF
-38.92 14.64 -52.3 -38.67 6.29 -52.37 1.735 0x0000FF
-38.92 16.46 -51.77 -38.92 14.64 -52.3 1.735 0x0000FF
-38.74 17.19 -51.54 -38.92 16.46 -51.77 1.735 0x0000FF
-38.54 17.92 -51.46 -38.74 17.19 -51.54 1.825 0x0000FF
-38.01 20.65 -52.45 -38.54 17.92 -51.46 1.64 0x0000FF
-38.01 21.38 -52.45 -38.01 20.65 -52.45 1.64 0x0000FF
-37.64 23.56 -49.95 -38.01 21.38 -52.45 1.64 0x0000FF
-37.82 25.57 -48.96 -37.64 23.56 -49.95 1.64 0x0000FF
-37.82 27.76 -48.21 -37.82 25.57 -48.96 1.55 0x0000FF
-37.82 28.67 -47.22 -37.82 27.76 -48.21 1.55 0x0000FF
-38.01 30.49 -46.01 -37.82 28.67 -47.22 1.55 0x0000FF
-37.64 32.31 -45.4 -38.01 30.49 -46.01 1.55 0x0000FF
-37.46 35.04 -43.97 -37.64 32.31 -45.4 1.46 0x0000FF
-36.54 37.22 -43.06 -37.46 35.04 -43.97 1.46 0x0000FF
-35.82 38.69 -41.39 -36.54 37.22 -43.06 1.46 0x0000FF
-34.36 42.51 -40.18 -35.82 38.69 -41.39 1.46 0x0000FF
-32.17 45.43 -38.59 -34.36 42.51 -40.18 1.46 0x0000FF
-31.07 47.25 -36.92 -32.17 45.43 -38.59 1.37 0x0000FF
-27.61 54.72 -35.56 -31.07 47.25 -36.92 1.37 0x0000FF
-24.69 61.64 -34.72 -27.61 54.72 -35.56 1.275 0x0000FF
-23.96 65.83 -33.97 -24.69 61.64 -34.72 1.275 0x0000FF
-22.86 72.58 -33.28 -23.96 65.83 -33.97 1.275 0x0000FF
-22.5 74.94 -32.15 -22.86 72.58 -33.28 1.275 0x0000FF
-22.5 78.22 -31.09 -22.5 74.94 -32.15 1.275 0x0000FF
-22.32 79.5 -30.03 -22.5 78.22 -31.09 1.275 0x0000FF
-21.77 83.69 -28.51 -22.32 79.5 -30.03 1.275 0x0000FF
-22.13 85.69 -27.75 -21.77 83.69 -28.51 1.275 0x0000FF
-21.95 87.33 -27.38 -22.13 85.69 -27.75 1.275 0x0000FF
-21.95 88.06 -26.62 -21.95 87.33 -27.38 1.275 0x0000FF
-22.46 90.96 -22.3 -21.95 88.06 -26.62 1.275 0x0000FF
-23.82 92.5 -23.29 -22.46 90.96 -22.3 0.455 0x0000FF
-24.55 94.69 -25.1 -23.82 92.5 -23.29 0.455 0x0000FF
-24.92 96.33 -26.62 -24.55 94.69 -25.1 0.455 0x0000FF
-25.28 97.24 -27.91 -24.92 96.33 -26.62 0.455 0x0000FF
-25.28 98.7 -30.33 -25.28 97.24 -27.91 0.455 0x0000FF
-24.92 100.34 -30.86 -25.28 98.7 -30.33 0.455 0x0000FF
-24.55 101.8 -32.22 -24.92 100.34 -30.86 0.455 0x0000FF
-24.37 102.71 -32.38 -24.55 101.8 -32.22 0.455 0x0000FF
-23.46 104.53 -34.27 -24.37 102.71 -32.38 0.455 0x0000FF
-23.09 106.9 -35.33 -23.46 104.53 -34.27 0.455 0x0000FF
-23.82 109.27 -37.6 -23.09 106.9 -35.33 0.455 0x0000FF
-24.37 109.99 -38.59 -23.82 109.27 -37.6 0.455 0x0000FF
-25.1 112.18 -39.95 -24.37 109.99 -38.59 0.365 0x0000FF
-25.1 113.64 -40.4 -25.1 112.18 -39.95 0.365 0x0000FF
-25.1 114.91 -37.68 -25.1 113.64 -40.4 0.365 0x0000FF
-25.1 116.37 -36.39 -25.1 114.91 -37.68 0.365 0x0000FF
-24.92 117.28 -34.79 -25.1 116.37 -36.39 0.365 0x0000FF
-23.82 121.29 -36.24 -24.92 117.28 -34.79 0.275 0x0000FF
-23.82 124.57 -37.07 -23.82 121.29 -36.24 0.275 0x0000FF
-25.28 128.03 -37.45 -23.82 124.57 -37.07 0.275 0x0000FF
-27.11 130.77 -38.89 -25.28 128.03 -37.45 0.275 0x0000FF
-28.75 132.77 -39.72 -27.11 130.77 -38.89 0.275 0x0000FF
-30.03 135.32 -41.62 -28.75 132.77 -39.72 0.275 0x0000FF
-33.86 146.07 -42.37 -30.03 135.32 -41.62 0.275 0x0000FF
-34.04 148.44 -43.36 -33.86 146.07 -42.37 0.275 0x0000FF
-34.4 151.16 -44.19 -34.04 148.44 -43.36 0.275 0x0000FF
-22.28 94.97 -21.24 -22.46 90.96 -22.3 1.275 0x0000FF
-21.73 96.43 -20.18 -22.28 94.97 -21.24 1.275 0x0000FF
-21.73 97.88 -19.73 -21.73 96.43 -20.18 1.185 0x0000FF
-21.55 99.52 -17.98 -21.73 97.88 -19.73 1.185 0x0000FF
-21.18 104.99 -13.74 -21.55 99.52 -17.98 1.185 0x0000FF
-20.82 108.27 -12.83 -21.18 104.99 -13.74 1.185 0x0000FF
-20.27 117.93 -10.79 -20.82 108.27 -12.83 1.185 0x0000FF
-18.44 123.76 -9.57 -20.27 117.93 -10.79 1.095 0x0000FF
-17.71 129.22 -8.51 -18.44 123.76 -9.57 1.095 0x0000FF
-17.71 131.59 -7.23 -17.71 129.22 -8.51 1.095 0x0000FF
-17.89 132.68 -7.0 -17.71 131.59 -7.23 1.095 0x0000FF
-18.07 134.13 -6.54 -17.89 132.68 -7.0 1.095 0x0000FF
-18.26 135.96 -5.86 -18.07 134.13 -6.54 1.095 0x0000FF
-18.26 138.15 -5.26 -18.26 135.96 -5.86 1.095 0x0000FF
-18.98 140.69 -4.8 -18.26 138.15 -5.26 1.095 0x0000FF
-19.36 146.16 -4.05 -18.98 140.69 -4.8 1.095 0x0000FF
-19.54 150.36 -3.74 -19.36 146.16 -4.05 1.095 0x0000FF
-19.54 153.82 -2.98 -19.54 150.36 -3.74 1.005 0x0000FF
-19.72 154.91 -2.61 -19.54 153.82 -2.98 1.005 0x0000FF
-19.72 157.65 -1.85 -19.72 154.91 -2.61 1.005 0x0000FF
-19.54 159.47 -0.79 -19.72 157.65 -1.85 1.005 0x0000FF
-19.36 162.93 -0.11 -19.54 159.47 -0.79 1.005 0x0000FF
-19.17 166.76 0.5 -19.36 162.93 -0.11 1.005 0x0000FF
-19.17 172.04 1.11 -19.17 166.76 0.5 1.005 0x0000FF
-20.27 176.96 1.64 -19.17 172.04 1.11 1.005 0x0000FF
-19.23 178.81 3.68 -20.27 176.96 1.64 0.82 0x0000FF
-19.05 181.0 4.21 -19.23 178.81 3.68 0.82 0x0000FF
-17.96 185.01 5.04 -19.05 181.0 4.21 0.82 0x0000FF
-17.42 187.38 5.73 -17.96 185.01 5.04 0.82 0x0000FF
-16.69 190.11 5.95 -17.42 187.38 5.73 0.82 0x0000FF
-15.77 192.84 6.33 -16.69 190.11 5.95 0.82 0x0000FF
-15.77 194.3 6.64 -15.77 192.84 6.33 0.82 0x0000FF
-15.41 194.85 6.33 -15.77 194.3 6.64 0.82 0x0000FF
-15.59 197.03 7.7 -15.41 194.85 6.33 0.82 0x0000FF
-15.04 200.31 8.23 -15.59 197.03 7.7 0.82 0x0000FF
-15.04 202.32 9.36 -15.04 200.31 8.23 0.82 0x0000FF
-14.68 204.14 10.11 -15.04 202.32 9.36 0.82 0x0000FF
-15.04 208.69 11.26 -14.68 204.14 10.11 0.82 0x0000FF
-15.59 213.25 11.94 -15.04 208.69 11.26 0.82 0x0000FF
-15.96 219.26 13.3 -15.59 213.25 11.94 0.64 0x0000FF
-16.14 221.63 14.29 -15.96 219.26 13.3 0.64 0x0000FF
-16.5 225.27 15.12 -16.14 221.63 14.29 0.64 0x0000FF
-16.32 235.29 15.95 -16.5 225.27 15.12 0.64 0x0000FF
-16.5 242.76 16.48 -16.32 235.29 15.95 0.64 0x0000FF
-15.77 249.87 17.01 -16.5 242.76 16.48 0.64 0x0000FF
-15.59 256.98 17.39 -15.77 249.87 17.01 0.64 0x0000FF
-16.14 265.54 18.07 -15.59 256.98 17.39 0.64 0x0000FF
-16.64 268.14 19.97 -16.14 265.54 18.07 0.64 0x0000FF
-17.19 269.07 22.54 -16.64 268.14 19.97 0.64 0x0000FF
-17.19 276.72 23.68 -17.19 269.07 22.54 0.64 0x0000FF
-17.55 283.08 25.27 -17.19 276.72 23.68 0.64 0x0000FF
-18.29 287.29 26.33 -17.55 283.08 25.27 0.64 0x0000FF
-18.64 296.39 27.77 -18.29 287.29 26.33 0.64 0x0000FF
-19.2 300.95 29.06 -18.64 296.39 27.77 0.64 0x0000FF
-19.38 306.42 29.36 -19.2 300.95 29.06 0.545 0x0000FF
-17.92 313.33 30.27 -19.38 306.42 29.36 0.545 0x0000FF
-16.28 316.62 31.33 -17.92 313.33 30.27 0.545 0x0000FF
-15.0 320.08 32.24 -16.28 316.62 31.33 0.545 0x0000FF
-10.44 337.75 33.9 -15.0 320.08 32.24 0.455 0x0000FF
-9.52 348.5 34.59 -10.44 337.75 33.9 0.455 0x0000FF
-7.52 355.79 35.27 -9.52 348.5 34.59 0.365 0x0000FF
-7.34 356.7 35.72 -7.52 355.79 35.27 0.365 0x0000FF
-2.02 389.5 38.0 -7.34 356.7 35.72 0.365 0x0000FF
-1.04 401.24 45.27 -2.02 389.5 38.0 0.365 0x0000FF
1.04 406.65 46.03 -1.04 401.24 45.27 0.365 0x0000FF
2.5 409.75 46.78 1.04 406.65 46.03 0.365 0x0000FF
3.41 411.2 48.45 2.5 409.75 46.78 0.365 0x0000FF
4.13 412.3 49.66 3.41 411.2 48.45 0.365 0x0000FF
4.87 413.21 51.56 4.13 412.3 49.66 0.365 0x0000FF
6.69 416.85 52.99 4.87 413.21 51.56 0.365 0x0000FF
11.07 426.87 53.68 6.69 416.85 52.99 0.275 0x0000FF
13.08 432.34 54.28 11.07 426.87 53.68 0.275 0x0000FF
15.82 437.26 54.89 13.08 432.34 54.28 0.275 0x0000FF
19.28 442.36 55.49 15.82 437.26 54.89 0.275 0x0000FF
21.84 446.37 55.57 19.28 442.36 55.49 0.275 0x0000FF
22.38 448.37 55.65 21.84 446.37 55.57 0.275 0x0000FF
24.94 461.85 57.46 22.38 448.37 55.65 0.275 0x0000FF
26.76 476.61 58.15 24.94 461.85 57.46 0.275 0x0000FF
25.49 480.07 58.15 26.76 476.61 58.15 0.275 0x0000FF
25.49 482.44 58.15 25.49 480.07 58.15 0.275 0x0000FF
27.13 485.18 58.22 25.49 482.44 58.15 0.275 0x0000FF
28.77 486.63 58.22 27.13 485.18 58.22 0.275 0x0000FF
-5.05 416.18 45.42 -1.04 401.24 45.27 0.365 0x0000FF
-7.24 427.11 45.8 -5.05 416.18 45.42 0.365 0x0000FF
-7.24 438.59 46.25 -7.24 427.11 45.8 0.365 0x0000FF
-7.24 454.98 46.63 -7.24 438.59 46.25 0.365 0x0000FF
-13.26 479.76 47.31 -7.24 454.98 46.63 0.365 0x0000FF
-19.28 487.6 47.62 -13.26 479.76 47.31 0.365 0x0000FF
-22.75 493.79 48.07 -19.28 487.6 47.62 0.275 0x0000FF
-24.76 495.43 48.22 -22.75 493.79 48.07 0.275 0x0000FF
-35.96 509.79 49.06 -24.76 495.43 48.22 0.275 0x0000FF
-38.51 511.07 50.65 -35.96 509.79 49.06 0.275 0x0000FF
-39.24 515.44 50.65 -38.51 511.07 50.65 0.275 0x0000FF
-42.89 521.45 50.65 -39.24 515.44 50.65 0.275 0x0000FF
-45.99 525.82 50.87 -42.89 521.45 50.65 0.275 0x0000FF
-49.82 518.16 50.87 -38.51 511.07 50.65 0.275 0x0000FF
-52.56 519.63 51.03 -49.82 518.16 50.87 0.275 0x0000FF
-13.22 197.94 6.79 -15.41 194.85 6.33 0.64 0x0000FF
-12.12 199.4 7.39 -13.22 197.94 6.79 0.64 0x0000FF
-11.94 200.13 6.64 -12.12 199.4 7.39 0.64 0x0000FF
-11.58 201.22 5.65 -11.94 200.13 6.64 0.64 0x0000FF
-10.66 202.86 4.59 -11.58 201.22 5.65 0.64 0x0000FF
-9.75 204.87 4.51 -10.66 202.86 4.59 0.64 0x0000FF
-9.02 206.51 5.65 -9.75 204.87 4.51 0.64 0x0000FF
-8.66 207.78 8.38 -9.02 206.51 5.65 0.64 0x0000FF
-7.75 209.42 9.51 -8.66 207.78 8.38 0.455 0x0000FF
-7.02 210.51 10.5 -7.75 209.42 9.51 0.455 0x0000FF
-5.37 213.25 11.41 -7.02 210.51 10.5 0.365 0x0000FF
-3.55 218.71 11.86 -5.37 213.25 11.41 0.365 0x0000FF
1.56 224.54 12.17 -3.55 218.71 11.86 0.365 0x0000FF
11.05 229.46 12.24 1.56 224.54 12.17 0.365 0x0000FF
18.16 232.74 12.77 11.05 229.46 12.24 0.365 0x0000FF
23.45 235.84 12.92 18.16 232.74 12.77 0.365 0x0000FF
28.75 238.57 13.3 23.45 235.84 12.92 0.365 0x0000FF
31.66 239.67 13.45 28.75 238.57 13.3 0.365 0x0000FF
-20.55 180.22 4.29 -20.27 176.96 1.64 0.545 0x0000FF
-20.55 183.14 2.7 -20.55 180.22 4.29 0.545 0x0000FF
-20.91 187.87 1.64 -20.55 183.14 2.7 0.545 0x0000FF
-20.36 198.44 0.42 -20.91 187.87 1.64 0.545 0x0000FF
-20.0 201.36 1.18 -20.36 198.44 0.42 0.545 0x0000FF
-19.82 202.45 2.54 -20.0 201.36 1.18 0.545 0x0000FF
-19.27 203.91 3.76 -19.82 202.45 2.54 0.545 0x0000FF
-17.44 206.46 3.0 -19.27 203.91 3.76 0.545 0x0000FF
-16.17 208.1 1.26 -17.44 206.46 3.0 0.545 0x0000FF
-15.07 209.92 0.05 -16.17 208.1 1.26 0.545 0x0000FF
-9.6 215.57 -1.62 -15.07 209.92 0.05 0.545 0x0000FF
-5.4 220.49 -2.0 -9.6 215.57 -1.62 0.545 0x0000FF
0.25 225.41 -2.98 -5.4 220.49 -2.0 0.545 0x0000FF
4.45 231.78 -3.51 0.25 225.41 -2.98 0.455 0x0000FF
9.74 240.35 -3.59 4.45 231.78 -3.51 0.365 0x0000FF
13.39 242.72 -3.74 9.74 240.35 -3.59 0.365 0x0000FF
-36.72 18.64 -51.39 -38.54 17.92 -51.46 0.545 0x0000FF
-33.63 20.28 -51.39 -36.72 18.64 -51.39 0.455 0x0000FF
-28.7 21.2 -51.01 -33.63 20.28 -51.39 0.455 0x0000FF
-25.42 22.65 -50.86 -28.7 21.2 -51.01 0.365 0x0000FF
-23.04 24.11 -50.63 -25.42 22.65 -50.86 0.365 0x0000FF
-21.95 24.66 -51.24 -23.04 24.11 -50.63 0.275 0x0000FF
-20.67 25.2 -51.69 -21.95 24.66 -51.24 0.275 0x0000FF
-19.03 25.93 -53.59 -20.67 25.2 -51.69 0.275 0x0000FF
-17.75 26.84 -53.96 -19.03 25.93 -53.59 0.275 0x0000FF
-15.75 28.3 -54.87 -17.75 26.84 -53.96 0.18 0x0000FF
-14.29 29.58 -55.86 -15.75 28.3 -54.87 0.18 0x0000FF
-12.1 31.22 -56.39 -14.29 29.58 -55.86 0.18 0x0000FF
-8.44 32.86 -56.99 -12.1 31.22 -56.39 0.18 0x0000FF
