48.61 3.8 -17.53 38.17 4.34 -16.7 0.73 0x0000FF
49.53 3.62 -18.89 48.61 3.8 -17.53 0.73 0x0000FF
51.9 4.16 -21.09 49.53 3.62 -18.89 0.73 0x0000FF
53.36 4.88 -21.92 51.9 4.16 -21.09 0.73 0x0000FF
54.27 5.44 -22.91 53.36 4.88 -21.92 0.73 0x0000FF
57.74 11.09 -24.88 54.27 5.44 -22.91 0.73 0x0000FF
60.65 14.73 -25.33 57.74 11.09 -24.88 0.64 0x0000FF
62.48 18.01 -25.79 60.65 14.73 -25.33 0.64 0x0000FF
63.21 21.11 -26.24 62.48 18.01 -25.79 0.64 0x0000FF
64.84 27.67 -27.3 63.21 21.11 -26.24 0.64 0x0000FF
65.4 31.49 -27.45 64.84 27.67 -27.3 0.64 0x0000FF
67.41 36.96 -29.19 65.4 31.49 -27.45 0.545 0x0000FF
69.05 42.06 -29.8 67.41 36.96 -29.19 0.545 0x0000FF
70.14 44.79 -31.54 69.05 42.06 -29.8 0.545 0x0000FF
71.59 48.44 -34.72 70.14 44.79 -31.54 0.545 0x0000FF
73.06 51.17 -35.94 71.59 48.44 -34.72 0.545 0x0000FF
73.79 56.27 -36.84 73.06 51.17 -35.94 0.455 0x0000FF
74.34 61.01 -38.06 73.79 56.27 -36.84 0.455 0x0000FF
74.7 62.1 -39.72 74.34 61.01 -38.06 0.455 0x0000FF
74.89 63.92 -40.71 74.7 62.1 -39.72 0.455 0x0000FF
74.7 66.29 -42.07 74.89 63.92 -40.71 0.275 0x0000FF
72.88 68.66 -42.98 74.7 66.29 -42.07 0.275 0x0000FF
37.85 13.82 -17.91 38.17 4.34 -16.7 1.275 0x0000FF
38.21 17.1 -17.38 37.85 13.82 -17.91 1.275 0x0000FF
39.13 22.38 -16.7 38.21 17.1 -17.38 1.275 0x0000FF
39.86 25.84 -19.35 39.13 22.38 -16.7 1.275 0x0000FF
41.86 30.58 -20.79 39.86 25.84 -19.35 0.91 0x0000FF
43.87 34.77 -20.32 41.86 30.58 -20.79 0.64 0x0000FF
44.05 39.51 -19.42 43.87 34.77 -20.32 0.64 0x0000FF
44.05 42.06 -21.85 44.05 39.51 -19.42 0.64 0x0000FF
44.05 45.34 -23.74 44.05 42.06 -21.85 0.64 0x0000FF
43.32 46.8 -24.88 44.05 45.34 -23.74 0.64 0x0000FF
45.51 51.17 -25.56 43.32 46.8 -24.88 0.365 0x0000FF
46.61 55.72 -26.09 45.51 51.17 -25.56 0.365 0x0000FF
48.61 63.56 -27.0 46.61 55.72 -26.09 0.365 0x0000FF
51.17 67.2 -28.13 48.61 63.56 -27.0 0.365 0x0000FF
53.72 71.03 -29.42 51.17 67.2 -28.13 0.365 0x0000FF
55.55 76.31 -31.16 53.72 71.03 -29.42 0.365 0x0000FF
56.46 79.95 -32.07 55.55 76.31 -31.16 0.365 0x0000FF
57.01 82.14 -33.97 56.46 79.95 -32.07 0.365 0x0000FF
57.19 83.42 -36.47 57.01 82.14 -33.97 0.365 0x0000FF
60.9 97.17 -37.53 57.19 83.42 -36.47 0.365 0x0000FF
64.91 108.47 -37.68 60.9 97.17 -37.53 0.365 0x0000FF
66.55 114.3 -35.86 64.91 108.47 -37.68 0.365 0x0000FF
67.83 120.85 -35.03 66.55 114.3 -35.86 0.365 0x0000FF
68.73 127.6 -33.74 67.83 120.85 -35.03 0.365 0x0000FF
71.11 134.88 -32.83 68.73 127.6 -33.74 0.365 0x0000FF
72.56 138.16 -32.15 71.11 134.88 -32.83 0.365 0x0000FF
75.48 139.8 -31.16 72.56 138.16 -32.15 0.275 0x0000FF
78.23 140.35 -30.94 75.48 139.8 -31.16 0.275 0x0000FF
42.1 48.52 -24.72 43.32 46.8 -24.88 0.455 0x0000FF
38.45 52.35 -24.19 42.1 48.52 -24.72 0.365 0x0000FF
35.9 56.72 -23.66 38.45 52.35 -24.19 0.365 0x0000FF
33.34 65.28 -23.51 35.9 56.72 -23.66 0.365 0x0000FF
34.26 72.56 -24.65 33.34 65.28 -23.51 0.365 0x0000FF
36.26 78.58 -26.69 34.26 72.56 -24.65 0.365 0x0000FF
38.27 89.15 -28.06 36.26 78.58 -26.69 0.365 0x0000FF
37.72 98.08 -29.5 38.27 89.15 -28.06 0.365 0x0000FF
37.18 100.45 -30.33 37.72 98.08 -29.5 0.365 0x0000FF
39.0 49.43 -23.59 42.1 48.52 -24.72 0.365 0x0000FF
35.9 49.98 -23.06 39.0 49.43 -23.59 0.365 0x0000FF
32.43 50.53 -26.09 35.9 49.98 -23.06 0.365 0x0000FF
28.6 51.25 -29.19 32.43 50.53 -26.09 0.365 0x0000FF
25.13 52.35 -30.94 28.6 51.25 -29.19 0.365 0x0000FF
20.57 53.44 -34.19 25.13 52.35 -30.94 0.365 0x0000FF
16.38 53.81 -36.39 20.57 53.44 -34.19 0.365 0x0000FF
11.45 53.99 -38.21 16.38 53.81 -36.39 0.365 0x0000FF
5.05 54.53 -40.1 11.45 53.99 -38.21 0.365 0x0000FF
-4.42 55.63 -41.31 5.05 54.53 -40.1 0.365 0x0000FF
-16.46 56.72 -42.75 -4.42 55.63 -41.31 0.365 0x0000FF
44.66 32.85 -22.3 41.86 30.58 -20.79 0.545 0x0000FF
45.57 33.95 -22.15 44.66 32.85 -22.3 0.545 0x0000FF
45.93 35.04 -21.92 45.57 33.95 -22.15 0.545 0x0000FF
45.93 36.13 -21.69 45.93 35.04 -21.92 0.545 0x0000FF
45.93 36.68 -21.32 45.93 36.13 -21.69 0.545 0x0000FF
45.93 37.04 -21.09 45.93 36.68 -21.32 0.545 0x0000FF
45.39 37.95 -22.83 45.93 37.04 -21.09 0.545 0x0000FF
44.66 38.32 -24.57 45.39 37.95 -22.83 0.545 0x0000FF
42.1 38.32 -26.77 44.66 38.32 -24.57 0.545 0x0000FF
41.19 38.32 -28.06 42.1 38.32 -26.77 0.545 0x0000FF
40.1 39.04 -29.04 41.19 38.32 -28.06 0.545 0x0000FF
35.72 39.4 -30.03 40.1 39.04 -29.04 0.455 0x0000FF
32.25 39.4 -30.94 35.72 39.4 -30.03 0.455 0x0000FF
29.51 40.5 -31.92 32.25 39.4 -30.94 0.455 0x0000FF
22.76 42.69 -32.97 29.51 40.5 -31.92 0.365 0x0000FF
20.57 44.7 -34.42 22.76 42.69 -32.97 0.365 0x0000FF
16.92 47.79 -34.79 20.57 44.7 -34.42 0.365 0x0000FF
15.46 50.16 -37.22 16.92 47.79 -34.79 0.365 0x0000FF
12.73 52.35 -38.36 15.46 50.16 -37.22 0.365 0x0000FF
5.05 54.53 -39.79 12.73 52.35 -38.36 0.275 0x0000FF
-0.96 55.45 -40.56 5.05 54.53 -39.79 0.275 0x0000FF
-5.88 55.63 -41.31 -0.96 55.45 -40.56 0.275 0x0000FF
33.34 16.09 -8.82 38.17 4.34 -16.7 1.095 0x0000FF
33.34 18.28 -8.14 33.34 16.09 -8.82 1.095 0x0000FF
34.26 21.74 -7.53 33.34 18.28 -8.14 1.095 0x0000FF
34.61 24.65 -6.39 34.26 21.74 -7.53 1.095 0x0000FF
33.15 27.57 -5.71 34.61 24.65 -6.39 0.91 0x0000FF
32.07 31.58 -3.67 33.15 27.57 -5.71 0.545 0x0000FF
30.79 35.59 -3.14 32.07 31.58 -3.67 0.545 0x0000FF
30.24 37.77 -2.68 30.79 35.59 -3.14 0.545 0x0000FF
29.88 41.6 -2.23 30.24 37.77 -2.68 0.545 0x0000FF
29.33 42.87 -2.08 29.88 41.6 -2.23 0.545 0x0000FF
26.59 46.88 -1.85 29.33 42.87 -2.08 0.455 0x0000FF
24.77 50.89 -1.7 26.59 46.88 -1.85 0.455 0x0000FF
23.86 54.53 -1.47 24.77 50.89 -1.7 0.455 0x0000FF
23.49 58.18 -1.24 23.86 54.53 -1.47 0.455 0x0000FF
21.3 61.28 -1.02 23.49 58.18 -1.24 0.455 0x0000FF
17.29 66.73 -0.86 21.3 61.28 -1.02 0.455 0x0000FF
11.82 73.67 -0.48 17.29 66.73 -0.86 0.365 0x0000FF
8.9 78.4 -0.33 11.82 73.67 -0.48 0.365 0x0000FF
7.07 81.68 -0.03 8.9 78.4 -0.33 0.365 0x0000FF
5.43 84.96 0.2 7.07 81.68 -0.03 0.365 0x0000FF
4.15 88.61 0.5 5.43 84.96 0.2 0.365 0x0000FF
28.6 43.6 -2.23 29.33 42.87 -2.08 0.455 0x0000FF
24.22 46.15 -2.23 28.6 43.6 -2.23 0.275 0x0000FF
21.67 48.89 -2.15 24.22 46.15 -2.23 0.275 0x0000FF
18.2 51.25 -2.15 21.67 48.89 -2.15 0.275 0x0000FF
11.45 54.72 -2.15 18.2 51.25 -2.15 0.275 0x0000FF
9.26 55.45 -2.15 11.45 54.72 -2.15 0.275 0x0000FF
32.61 46.15 -1.92 28.6 43.6 -2.23 0.365 0x0000FF
33.89 50.53 -1.24 32.61 46.15 -1.92 0.365 0x0000FF
37.36 55.45 -0.71 33.89 50.53 -1.24 0.365 0x0000FF
39.0 57.45 0.35 37.36 55.45 -0.71 0.365 0x0000FF
41.74 59.64 1.56 39.0 57.45 0.35 0.365 0x0000FF
43.56 61.46 2.54 41.74 59.64 1.56 0.365 0x0000FF
45.57 62.37 3.98 43.56 61.46 2.54 0.365 0x0000FF
47.21 63.28 5.2 45.57 62.37 3.98 0.365 0x0000FF
48.31 63.83 6.11 47.21 63.28 5.2 0.365 0x0000FF
51.59 66.01 7.54 48.31 63.83 6.11 0.275 0x0000FF
52.5 67.29 7.62 51.59 66.01 7.54 0.275 0x0000FF
32.43 27.93 -5.41 33.15 27.57 -5.71 0.545 0x0000FF
30.97 27.93 -2.23 32.43 27.93 -5.41 0.545 0x0000FF
28.78 27.57 -1.39 30.97 27.93 -2.23 0.545 0x0000FF
25.68 26.84 0.12 28.78 27.57 -1.39 0.545 0x0000FF
23.31 26.11 0.73 25.68 26.84 0.12 0.545 0x0000FF
21.85 25.56 2.77 23.31 26.11 0.73 0.545 0x0000FF
20.03 25.2 4.44 21.85 25.56 2.77 0.545 0x0000FF
19.48 25.02 6.41 20.03 25.2 4.44 0.545 0x0000FF
16.73 24.47 6.94 19.48 25.02 6.41 0.545 0x0000FF
14.73 24.11 3.83 16.73 24.47 6.94 0.545 0x0000FF
5.79 21.19 1.18 14.73 24.11 3.83 0.365 0x0000FF
1.42 19.19 0.57 5.79 21.19 1.18 0.365 0x0000FF
-5.52 16.09 -0.64 1.42 19.19 0.57 0.365 0x0000FF
-15.37 13.9 -1.32 -5.52 16.09 -0.64 0.365 0x0000FF
-30.51 10.44 -1.62 -15.37 13.9 -1.32 0.365 0x0000FF
-38.18 10.08 -2.29 -30.51 10.44 -1.62 0.365 0x0000FF
-40.18 9.71 -2.45 -38.18 10.08 -2.29 0.275 0x0000FF
34.61 25.2 -6.7 34.61 24.65 -6.39 0.455 0x0000FF
34.61 26.84 -7.91 34.61 25.2 -6.7 0.455 0x0000FF
35.72 29.57 -9.35 34.61 26.84 -7.91 0.455 0x0000FF
36.08 34.49 -10.71 35.72 29.57 -9.35 0.455 0x0000FF
35.72 42.69 -12.15 36.08 34.49 -10.71 0.455 0x0000FF
31.7 53.08 -13.51 35.72 42.69 -12.15 0.455 0x0000FF
25.5 69.66 -14.12 31.7 53.08 -13.51 0.455 0x0000FF
20.76 84.96 -14.8 25.5 69.66 -14.12 0.455 0x0000FF
20.03 91.89 -16.01 20.76 84.96 -14.8 0.455 0x0000FF
20.21 94.25 -17.38 20.03 91.89 -16.01 0.365 0x0000FF
20.76 98.08 -18.51 20.21 94.25 -17.38 0.365 0x0000FF
20.39 101.54 -19.42 20.76 98.08 -18.51 0.365 0x0000FF
19.11 104.27 -20.26 20.39 101.54 -19.42 0.365 0x0000FF
18.93 104.82 -20.94 19.11 104.27 -20.26 0.18 0x0000FF
30.43 15.36 -14.5 38.17 4.34 -16.7 0.365 0x0000FF
28.97 17.18 -15.26 30.43 15.36 -14.5 0.365 0x0000FF
28.78 18.64 -15.71 28.97 17.18 -15.26 0.365 0x0000FF
28.6 21.37 -16.7 28.78 18.64 -15.71 0.365 0x0000FF
28.42 23.92 -17.38 28.6 21.37 -16.7 0.365 0x0000FF
27.69 27.02 -18.73 28.42 23.92 -17.38 0.365 0x0000FF
27.14 29.39 -19.8 27.69 27.02 -18.73 0.365 0x0000FF
26.41 32.67 -21.01 27.14 29.39 -19.8 0.365 0x0000FF
25.86 33.95 -22.45 26.41 32.67 -21.01 0.365 0x0000FF
25.32 35.22 -23.51 25.86 33.95 -22.45 0.365 0x0000FF
24.4 37.4 -24.5 25.32 35.22 -23.51 0.365 0x0000FF
19.11 42.14 -24.35 24.4 37.4 -24.5 0.365 0x0000FF
16.19 43.97 -23.21 19.11 42.14 -24.35 0.275 0x0000FF
28.78 3.34 -17.23 38.17 4.34 -16.7 0.91 0x0000FF
27.32 3.52 -18.59 28.78 3.34 -17.23 0.91 0x0000FF
23.67 4.79 -19.88 27.32 3.52 -18.59 0.91 0x0000FF
10.9 4.98 -21.09 23.67 4.79 -19.88 0.91 0x0000FF
7.62 6.07 -21.47 10.9 4.98 -21.09 0.64 0x0000FF
5.05 6.43 -22.38 7.62 6.07 -21.47 0.64 0x0000FF
1.05 6.25 -23.36 5.05 6.43 -22.38 0.64 0x0000FF
-3.15 6.43 -24.65 1.05 6.25 -23.36 0.64 0x0000FF
-7.52 7.53 -25.94 -3.15 6.43 -24.65 0.64 0x0000FF
-11.9 8.8 -27.98 -7.52 7.53 -25.94 0.64 0x0000FF
-14.46 9.52 -30.18 -11.9 8.8 -27.98 0.365 0x0000FF
-19.93 10.81 -30.33 -14.46 9.52 -30.18 0.365 0x0000FF
-25.04 10.99 -31.09 -19.93 10.81 -30.33 0.365 0x0000FF
-32.52 9.71 -31.39 -25.04 10.99 -31.09 0.365 0x0000FF
-39.27 6.43 -30.18 -32.52 9.71 -31.39 0.365 0x0000FF
-46.75 1.14 -29.42 -39.27 6.43 -30.18 0.365 0x0000FF
-51.68 -1.58 -28.29 -46.75 1.14 -29.42 0.365 0x0000FF
-60.98 -3.95 -27.75 -51.68 -1.58 -28.29 0.365 0x0000FF
-67.55 -3.22 -27.15 -60.98 -3.95 -27.75 0.365 0x0000FF
-71.02 -2.49 -27.07 -67.55 -3.22 -27.15 0.365 0x0000FF
-18.3 11.35 -27.45 -11.9 8.8 -27.98 0.455 0x0000FF
-22.68 13.72 -25.41 -18.3 11.35 -27.45 0.365 0x0000FF
-23.23 13.72 -25.79 -22.68 13.72 -25.41 0.365 0x0000FF
-24.69 14.26 -28.59 -23.23 13.72 -25.79 0.365 0x0000FF
-27.06 14.63 -31.92 -24.69 14.26 -28.59 0.365 0x0000FF
-30.71 14.63 -34.5 -27.06 14.63 -31.92 0.365 0x0000FF
-38.01 16.8 -36.92 -30.71 14.63 -34.5 0.365 0x0000FF
-48.04 24.1 -38.65 -38.01 16.8 -36.92 0.365 0x0000FF
-53.33 27.56 -41.62 -48.04 24.1 -38.65 0.365 0x0000FF
-55.52 28.84 -44.42 -53.33 27.56 -41.62 0.365 0x0000FF
-58.81 29.93 -47.22 -55.52 28.84 -44.42 0.365 0x0000FF
-62.46 31.02 -49.27 -58.81 29.93 -47.22 0.365 0x0000FF
-66.65 32.65 -51.54 -62.46 31.02 -49.27 0.365 0x0000FF
-73.04 34.67 -53.06 -66.65 32.65 -51.54 0.365 0x0000FF
-78.15 36.13 -53.28 -73.04 34.67 -53.06 0.365 0x0000FF
-81.61 36.13 -55.02 -78.15 36.13 -53.28 0.365 0x0000FF
-90.74 34.11 -59.95 -81.61 36.13 -55.02 0.365 0x0000FF
-93.84 34.11 -60.18 -90.74 34.11 -59.95 0.365 0x0000FF
-101.14 34.29 -60.78 -93.84 34.11 -60.18 0.365 0x0000FF
-105.51 33.76 -60.93 -101.14 34.29 -60.78 0.365 0x0000FF
-106.79 32.85 -61.01 -105.51 33.76 -60.93 0.365 0x0000FF
-85.08 38.86 -55.63 -81.61 36.13 -55.02 0.365 0x0000FF
-89.64 39.22 -55.02 -85.08 38.86 -55.63 0.365 0x0000FF
-91.83 39.22 -53.89 -89.64 39.22 -55.02 0.365 0x0000FF
-94.75 37.95 -52.75 -91.83 39.22 -53.89 0.365 0x0000FF
8.88 2.78 -22.0 10.9 4.98 -21.09 0.545 0x0000FF
7.06 0.6 -21.77 8.88 2.78 -22.0 0.545 0x0000FF
3.77 -2.14 -21.47 7.06 0.6 -21.77 0.545 0x0000FF
0.67 -5.96 -21.47 3.77 -2.14 -21.47 0.545 0x0000FF
-4.07 -8.33 -22.83 0.67 -5.96 -21.47 0.545 0x0000FF
-12.83 -11.97 -23.36 -4.07 -8.33 -22.83 0.545 0x0000FF
-15.75 -13.98 -21.47 -12.83 -11.97 -23.36 0.545 0x0000FF
-23.23 -17.62 -20.79 -15.75 -13.98 -21.47 0.455 0x0000FF
-26.88 -23.27 -20.48 -23.23 -17.62 -20.79 0.455 0x0000FF
-27.61 -29.65 -19.88 -26.88 -23.27 -20.48 0.455 0x0000FF
-29.07 -36.39 -19.35 -27.61 -29.65 -19.88 0.365 0x0000FF
-30.16 -38.94 -19.2 -29.07 -36.39 -19.35 0.365 0x0000FF
-31.44 -42.04 -18.21 -30.16 -38.94 -19.2 0.365 0x0000FF
-36.18 -45.86 -17.6 -31.44 -42.04 -18.21 0.365 0x0000FF
-38.54 -47.32 -16.39 -36.18 -45.86 -17.6 0.365 0x0000FF
44.26 -10.3 -12.98 38.17 4.34 -16.7 1.735 0x0000FF
44.62 -12.31 -12.6 44.26 -10.3 -12.98 1.735 0x0000FF
44.99 -15.59 -11.24 44.62 -12.31 -12.6 1.735 0x0000FF
47.0 -20.51 -9.94 44.99 -15.59 -11.24 1.64 0x0000FF
49.37 -29.44 -9.5 47.0 -20.51 -9.94 1.64 0x0000FF
51.19 -33.63 -8.36 49.37 -29.44 -9.5 1.64 0x0000FF
51.92 -35.45 -7.15 51.19 -33.63 -8.36 1.64 0x0000FF
52.29 -35.81 -6.01 51.92 -35.45 -7.15 1.55 0x0000FF
57.21 -50.75 -4.8 52.29 -35.81 -6.01 1.275 0x0000FF
59.4 -55.67 -4.42 57.21 -50.75 -4.8 1.275 0x0000FF
61.23 -63.51 -4.26 59.4 -55.67 -4.42 1.185 0x0000FF
63.23 -74.06 -3.74 61.23 -63.51 -4.26 1.185 0x0000FF
64.51 -85.19 -3.29 63.23 -74.06 -3.74 1.185 0x0000FF
66.15 -96.12 -2.76 64.51 -85.19 -3.29 1.185 0x0000FF
67.06 -99.4 -2.23 66.15 -96.12 -2.76 1.185 0x0000FF
68.84 -102.38 -1.47 67.06 -99.4 -2.23 1.095 0x0000FF
69.56 -104.38 -1.77 68.84 -102.38 -1.47 1.095 0x0000FF
70.3 -107.48 -2.29 69.56 -104.38 -1.77 1.095 0x0000FF
71.2 -110.21 -3.59 70.3 -107.48 -2.29 1.095 0x0000FF
71.75 -116.04 -4.34 71.2 -110.21 -3.59 1.095 0x0000FF
71.2 -126.79 -4.73 71.75 -116.04 -4.34 0.91 0x0000FF
71.75 -134.08 -5.11 71.2 -126.79 -4.73 0.91 0x0000FF
73.58 -145.19 -5.03 71.75 -134.08 -5.11 0.91 0x0000FF
74.67 -157.77 -3.97 73.58 -145.19 -5.03 0.91 0x0000FF
74.13 -167.42 -3.51 74.67 -157.77 -3.97 0.91 0x0000FF
72.12 -177.99 -2.83 74.13 -167.42 -3.51 0.91 0x0000FF
71.94 -186.74 -2.08 72.12 -177.99 -2.83 0.91 0x0000FF
72.67 -192.02 -1.85 71.94 -186.74 -2.08 0.91 0x0000FF
76.81 -205.17 -0.26 72.67 -192.02 -1.85 0.91 0x0000FF
78.81 -214.46 0.35 76.81 -205.17 -0.26 0.91 0x0000FF
82.1 -223.76 2.09 78.81 -214.46 0.35 0.91 0x0000FF
83.38 -227.04 2.54 82.1 -223.76 2.09 0.91 0x0000FF
84.11 -228.68 2.62 83.38 -227.04 2.54 0.91 0x0000FF
87.21 -233.41 3.3 84.11 -228.68 2.62 0.455 0x0000FF
90.13 -237.24 3.91 87.21 -233.41 3.3 0.275 0x0000FF
93.23 -243.8 4.67 90.13 -237.24 3.91 0.275 0x0000FF
96.7 -251.45 5.8 93.23 -243.8 4.67 0.275 0x0000FF
97.79 -256.55 6.71 96.7 -251.45 5.8 0.275 0x0000FF
97.98 -264.39 6.86 97.79 -256.55 6.71 0.275 0x0000FF
98.34 -267.3 6.11 97.98 -264.39 6.86 0.275 0x0000FF
100.17 -273.13 5.58 98.34 -267.3 6.11 0.275 0x0000FF
105.46 -278.6 5.42 100.17 -273.13 5.58 0.275 0x0000FF
108.92 -283.88 5.35 105.46 -278.6 5.42 0.275 0x0000FF
83.27 -231.98 2.85 84.11 -228.68 2.62 0.545 0x0000FF
81.63 -234.9 3.15 83.27 -231.98 2.85 0.545 0x0000FF
79.98 -237.81 3.45 81.63 -234.9 3.15 0.545 0x0000FF
75.25 -242.91 3.53 79.98 -237.81 3.45 0.545 0x0000FF
72.51 -246.56 2.39 75.25 -242.91 3.53 0.545 0x0000FF
70.14 -256.39 1.56 72.51 -246.56 2.39 0.545 0x0000FF
69.59 -264.05 1.41 70.14 -256.39 1.56 0.545 0x0000FF
70.5 -266.05 2.47 69.59 -264.05 1.41 0.365 0x0000FF
70.68 -270.97 2.62 70.5 -266.05 2.47 0.365 0x0000FF
69.95 -278.26 3.15 70.68 -270.97 2.62 0.365 0x0000FF
70.68 -284.64 3.53 69.95 -278.26 3.15 0.365 0x0000FF
70.87 -289.37 3.76 70.68 -284.64 3.53 0.365 0x0000FF
70.68 -300.3 3.91 70.87 -289.37 3.76 0.365 0x0000FF
69.22 -310.69 4.05 70.68 -300.3 3.91 0.365 0x0000FF
67.03 -320.52 4.21 69.22 -310.69 4.05 0.365 0x0000FF
64.84 -328.55 4.36 67.03 -320.52 4.21 0.365 0x0000FF
62.66 -336.02 4.44 64.84 -328.55 4.36 0.365 0x0000FF
61.2 -340.39 4.59 62.66 -336.02 4.44 0.365 0x0000FF
57.91 -345.85 4.88 61.2 -340.39 4.59 0.365 0x0000FF
68.86 -269.33 1.48 69.59 -264.05 1.41 0.365 0x0000FF
68.13 -272.97 1.56 68.86 -269.33 1.48 0.365 0x0000FF
67.22 -275.7 2.09 68.13 -272.97 1.56 0.365 0x0000FF
66.48 -278.26 2.47 67.22 -275.7 2.09 0.365 0x0000FF
65.58 -280.08 2.92 66.48 -278.26 2.47 0.365 0x0000FF
63.75 -283.91 3.15 65.58 -280.08 2.92 0.275 0x0000FF
63.39 -286.64 3.3 63.75 -283.91 3.15 0.275 0x0000FF
63.02 -291.38 3.61 63.39 -286.64 3.3 0.275 0x0000FF
