-37.34 -74.34 3.08 -46.24 -76.23 11.54 1.095 0x0000FF
-34.42 -73.61 4.59 -37.34 -74.34 3.08 1.275 0x0000FF
-30.22 -74.7 5.73 -34.42 -73.61 4.59 0.82 0x0000FF
-26.39 -77.62 6.18 -30.22 -74.7 5.73 0.365 0x0000FF
-22.38 -80.36 6.56 -26.39 -77.62 6.18 0.365 0x0000FF
-17.27 -84.0 6.94 -22.38 -80.36 6.56 0.365 0x0000FF
-12.53 -87.1 7.24 -17.27 -84.0 6.94 0.365 0x0000FF
-5.41 -89.47 7.77 -12.53 -87.1 7.24 0.365 0x0000FF
-1.03 -90.92 8.91 -5.41 -89.47 7.77 0.365 0x0000FF
5.35 -93.29 10.19 -1.03 -90.92 8.91 0.365 0x0000FF
13.2 -95.84 11.26 5.35 -93.29 10.19 0.365 0x0000FF
19.39 -97.3 12.7 13.2 -95.84 11.26 0.365 0x0000FF
26.52 -98.57 14.21 19.39 -97.3 12.7 0.365 0x0000FF
28.89 -99.12 16.1 26.52 -98.57 14.21 0.365 0x0000FF
36.01 -100.4 18.3 28.89 -99.12 16.1 0.365 0x0000FF
40.2 -100.21 18.91 36.01 -100.4 18.3 0.365 0x0000FF
46.41 -99.3 20.04 40.2 -100.21 18.91 0.365 0x0000FF
50.06 -98.21 21.41 46.41 -99.3 20.04 0.365 0x0000FF
54.07 -97.3 23.38 50.06 -98.21 21.41 0.365 0x0000FF
56.08 -96.94 25.12 54.07 -97.3 23.38 0.365 0x0000FF
60.09 -96.75 27.47 56.08 -96.94 25.12 0.365 0x0000FF
62.28 -96.75 28.07 60.09 -96.75 27.47 0.365 0x0000FF
68.84 -97.66 29.74 62.28 -96.75 28.07 0.365 0x0000FF
73.23 -98.94 31.78 68.84 -97.66 29.74 0.365 0x0000FF
78.7 -100.94 33.68 73.23 -98.94 31.78 0.365 0x0000FF
83.81 -103.13 35.04 78.7 -100.94 33.68 0.365 0x0000FF
88.37 -105.5 36.63 83.81 -103.13 35.04 0.365 0x0000FF
92.75 -108.41 38.07 88.37 -105.5 36.63 0.365 0x0000FF
96.33 -113.49 40.04 92.75 -108.41 38.07 0.365 0x0000FF
-27.37 -78.14 10.03 -30.22 -74.7 5.73 0.545 0x0000FF
-25.73 -82.51 11.1 -27.37 -78.14 10.03 0.545 0x0000FF
-22.81 -85.98 12.54 -25.73 -82.51 11.1 0.455 0x0000FF
-20.8 -88.89 13.53 -22.81 -85.98 12.54 0.455 0x0000FF
-19.16 -92.17 14.44 -20.8 -88.89 13.53 0.455 0x0000FF
-17.88 -94.72 15.88 -19.16 -92.17 14.44 0.455 0x0000FF
-15.51 -98.0 17.47 -17.88 -94.72 15.88 0.365 0x0000FF
-14.6 -98.91 18.82 -15.51 -98.0 17.47 0.365 0x0000FF
-13.87 -99.82 19.51 -14.6 -98.91 18.82 0.365 0x0000FF
-13.32 -100.55 21.56 -13.87 -99.82 19.51 0.365 0x0000FF
-12.59 -101.28 23.07 -13.32 -100.55 21.56 0.365 0x0000FF
-11.86 -102.01 24.89 -12.59 -101.28 23.07 0.365 0x0000FF
-10.59 -102.92 26.1 -11.86 -102.01 24.89 0.365 0x0000FF
-10.22 -103.47 27.69 -10.59 -102.92 26.1 0.365 0x0000FF
-9.49 -104.38 29.82 -10.22 -103.47 27.69 0.18 0x0000FF
-32.07 -72.25 6.64 -34.42 -73.61 4.59 0.82 0x0000FF
-24.23 -72.25 5.27 -32.07 -72.25 6.64 0.64 0x0000FF
-19.3 -71.7 4.51 -24.23 -72.25 5.27 0.64 0x0000FF
-11.09 -69.33 3.98 -19.3 -71.7 4.51 0.365 0x0000FF
-7.26 -68.23 3.38 -11.09 -69.33 3.98 0.365 0x0000FF
-5.07 -67.69 2.39 -7.26 -68.23 3.38 0.365 0x0000FF
-2.33 -66.95 1.79 -5.07 -67.69 2.39 0.365 0x0000FF
4.96 -65.14 1.26 -2.33 -66.95 1.79 0.365 0x0000FF
7.88 -64.41 2.77 4.96 -65.14 1.26 0.365 0x0000FF
10.98 -64.05 4.21 7.88 -64.41 2.77 0.365 0x0000FF
16.09 -63.87 5.95 10.98 -64.05 4.21 0.365 0x0000FF
19.38 -64.05 7.17 16.09 -63.87 5.95 0.365 0x0000FF
24.67 -64.78 7.92 19.38 -64.05 7.17 0.365 0x0000FF
28.13 -65.14 8.76 24.67 -64.78 7.92 0.365 0x0000FF
30.32 -65.87 9.89 28.13 -65.14 8.76 0.365 0x0000FF
35.79 -66.59 10.8 30.32 -65.87 9.89 0.365 0x0000FF
40.72 -66.78 12.01 35.79 -66.59 10.8 0.365 0x0000FF
42.18 -66.59 12.77 40.72 -66.78 12.01 0.365 0x0000FF
-29.16 -64.05 7.09 -32.07 -72.25 6.64 0.545 0x0000FF
-27.51 -58.04 7.39 -29.16 -64.05 7.09 0.545 0x0000FF
-26.42 -53.66 8.44 -27.51 -58.04 7.39 0.545 0x0000FF
-25.14 -45.46 9.21 -26.42 -53.66 8.44 0.545 0x0000FF
-24.96 -39.63 7.85 -25.14 -45.46 9.21 0.545 0x0000FF
-24.23 -34.35 5.8 -24.96 -39.63 7.85 0.545 0x0000FF
-23.5 -30.34 5.42 -24.23 -34.35 5.8 0.545 0x0000FF
-23.86 -15.77 4.29 -23.5 -30.34 5.42 0.545 0x0000FF
-23.13 -8.11 3.98 -23.86 -15.77 4.29 0.545 0x0000FF
-19.85 2.09 3.15 -23.13 -8.11 3.98 0.545 0x0000FF
-20.95 11.56 2.31 -19.85 2.09 3.15 0.545 0x0000FF
-22.22 17.39 1.71 -20.95 11.56 2.31 0.545 0x0000FF
-22.59 20.3 0.95 -22.22 17.39 1.71 0.545 0x0000FF
-22.9 29.72 -0.03 -22.59 20.3 0.95 0.545 0x0000FF
-22.9 31.36 -0.11 -22.9 29.72 -0.03 0.545 0x0000FF
-10.49 -21.84 4.44 -23.5 -30.34 5.42 0.545 0x0000FF
-2.83 -13.82 3.83 -10.49 -21.84 4.44 0.545 0x0000FF
3.19 -9.27 2.77 -2.83 -13.82 3.83 0.545 0x0000FF
9.39 -6.35 3.61 3.19 -9.27 2.77 0.455 0x0000FF
15.05 -4.53 4.36 9.39 -6.35 3.61 0.455 0x0000FF
22.17 -0.34 5.5 15.05 -4.53 4.36 0.455 0x0000FF
28.55 4.58 6.71 22.17 -0.34 5.5 0.455 0x0000FF
36.95 9.5 8.07 28.55 4.58 6.71 0.455 0x0000FF
44.61 12.41 9.51 36.95 9.5 8.07 0.455 0x0000FF
50.63 13.14 10.73 44.61 12.41 9.51 0.455 0x0000FF
58.29 11.14 11.18 50.63 13.14 10.73 0.455 0x0000FF
67.05 5.13 12.85 58.29 11.14 11.18 0.365 0x0000FF
69.23 2.76 13.53 67.05 5.13 12.85 0.365 0x0000FF
-8.3 -12.91 4.97 -10.49 -21.84 4.44 0.455 0x0000FF
-7.21 -5.99 5.8 -8.3 -12.91 4.97 0.455 0x0000FF
-6.11 1.85 6.26 -7.21 -5.99 5.8 0.365 0x0000FF
-5.93 5.31 6.71 -6.11 1.85 6.26 0.365 0x0000FF
-5.93 9.5 7.09 -5.93 5.31 6.71 0.365 0x0000FF
-5.75 13.51 7.54 -5.93 9.5 7.09 0.365 0x0000FF
-5.75 16.42 7.92 -5.75 13.51 7.54 0.365 0x0000FF
-45.37 -67.45 -4.65 -46.24 -76.23 11.54 0.64 0x0000FF
-40.63 -64.91 -5.26 -45.37 -67.45 -4.65 0.64 0x0000FF
-36.61 -62.72 -5.71 -40.63 -64.91 -5.26 0.64 0x0000FF
-32.6 -60.53 -6.24 -36.61 -62.72 -5.71 0.455 0x0000FF
-29.5 -59.26 -6.7 -32.6 -60.53 -6.24 0.455 0x0000FF
-27.13 -55.8 -7.23 -29.5 -59.26 -6.7 0.275 0x0000FF
-26.03 -52.15 -7.53 -27.13 -55.8 -7.23 0.275 0x0000FF
-48.4 -66.95 5.58 -46.24 -76.23 11.54 0.64 0x0000FF
-48.95 -64.59 6.26 -48.4 -66.95 5.58 0.64 0x0000FF
-48.58 -61.5 7.32 -48.95 -64.59 6.26 0.64 0x0000FF
-46.58 -54.94 8.52 -48.58 -61.5 7.32 0.64 0x0000FF
-44.39 -49.47 10.27 -46.58 -54.94 8.52 0.64 0x0000FF
-42.2 -43.46 12.62 -44.39 -49.47 10.27 0.64 0x0000FF
-39.46 -36.72 14.44 -42.2 -43.46 12.62 0.64 0x0000FF
-36.18 -29.98 16.18 -39.46 -36.72 14.44 0.365 0x0000FF
-33.99 -26.52 17.47 -36.18 -29.98 16.18 0.365 0x0000FF
-52.6 -68.42 6.56 -46.24 -76.23 11.54 2.1 0x0000FF
-57.34 -66.59 7.09 -52.6 -68.42 6.56 2.1 0x0000FF
-59.71 -66.23 8.91 -57.34 -66.59 7.09 2.1 0x0000FF
-60.99 -65.51 8.52 -59.71 -66.23 8.91 2.1 0x0000FF
-65.37 -64.59 7.92 -60.99 -65.51 8.52 1.005 0x0000FF
-67.73 -63.87 7.39 -65.37 -64.59 7.92 1.005 0x0000FF
-71.94 -62.96 7.09 -67.73 -63.87 7.39 1.005 0x0000FF
-77.23 -62.41 6.33 -71.94 -62.96 7.09 1.005 0x0000FF
-85.99 -60.59 5.5 -77.23 -62.41 6.33 0.82 0x0000FF
-92.19 -57.31 4.97 -85.99 -60.59 5.5 0.82 0x0000FF
-96.75 -54.39 4.36 -92.19 -57.31 4.97 0.545 0x0000FF
-101.49 -52.02 4.13 -96.75 -54.39 4.36 0.545 0x0000FF
-106.05 -50.02 2.54 -101.49 -52.02 4.13 0.545 0x0000FF
-110.62 -48.2 1.48 -106.05 -50.02 2.54 0.545 0x0000FF
-117.73 -46.19 0.65 -110.62 -48.2 1.48 0.545 0x0000FF
-126.12 -44.55 -0.56 -117.73 -46.19 0.65 0.455 0x0000FF
-127.22 -43.64 -1.77 -126.12 -44.55 -0.56 0.455 0x0000FF
-129.22 -42.55 -2.38 -127.22 -43.64 -1.77 0.365 0x0000FF
-130.13 -41.82 -2.76 -129.22 -42.55 -2.38 0.365 0x0000FF
-63.91 -62.59 8.38 -60.99 -65.51 8.52 0.73 0x0000FF
-64.27 -60.77 9.36 -63.91 -62.59 8.38 0.73 0x0000FF
-65.0 -58.22 8.61 -64.27 -60.77 9.36 0.73 0x0000FF
-67.19 -52.21 6.56 -65.0 -58.22 8.61 0.73 0x0000FF
-67.01 -49.66 4.51 -67.19 -52.21 6.56 0.73 0x0000FF
-67.92 -43.1 3.0 -67.01 -49.66 4.51 0.73 0x0000FF
-69.2 -38.18 1.48 -67.92 -43.1 3.0 0.73 0x0000FF
-71.75 -33.99 0.5 -69.2 -38.18 1.48 0.73 0x0000FF
-73.58 -29.43 -0.56 -71.75 -33.99 0.5 0.73 0x0000FF
-74.48 -26.52 -2.68 -73.58 -29.43 -0.56 0.73 0x0000FF
-74.67 -23.78 -4.73 -74.48 -26.52 -2.68 0.73 0x0000FF
-74.86 -19.59 -7.15 -74.67 -23.78 -4.73 0.73 0x0000FF
-77.23 -12.12 -8.14 -74.86 -19.59 -7.15 0.64 0x0000FF
-79.23 -8.11 -8.89 -77.23 -12.12 -8.14 0.64 0x0000FF
-80.15 -6.29 -10.94 -79.23 -8.11 -8.89 0.64 0x0000FF
-81.06 -4.29 -12.98 -80.15 -6.29 -10.94 0.64 0x0000FF
-81.42 0.09 -14.8 -81.06 -4.29 -12.98 0.545 0x0000FF
-81.23 2.45 -17.53 -81.42 0.09 -14.8 0.545 0x0000FF
-80.88 3.55 -19.57 -81.23 2.45 -17.53 0.545 0x0000FF
-80.51 5.55 -20.94 -80.88 3.55 -19.57 0.455 0x0000FF
-80.51 6.46 -23.06 -80.51 5.55 -20.94 0.455 0x0000FF
-81.23 9.01 -24.95 -80.51 6.46 -23.06 0.365 0x0000FF
-83.07 10.11 -25.56 -81.23 9.01 -24.95 0.365 0x0000FF
-37.68 -71.72 6.26 -46.24 -76.23 11.54 0.73 0x0000FF
-38.04 -71.53 6.71 -37.68 -71.72 6.26 0.82 0x0000FF
-36.59 -69.89 6.26 -38.04 -71.53 6.71 0.82 0x0000FF
-35.31 -68.06 5.35 -36.59 -69.89 6.26 0.82 0x0000FF
-34.4 -59.33 3.15 -35.31 -68.06 5.35 0.82 0x0000FF
-34.58 -55.5 1.79 -34.4 -59.33 3.15 0.82 0x0000FF
-34.22 -52.95 0.8 -34.58 -55.5 1.79 0.82 0x0000FF
-32.94 -50.76 -0.41 -34.22 -52.95 0.8 0.82 0x0000FF
-29.65 -48.39 -1.92 -32.94 -50.76 -0.41 0.82 0x0000FF
-25.64 -45.3 -1.92 -29.65 -48.39 -1.92 0.82 0x0000FF
-23.27 -42.93 -3.51 -25.64 -45.3 -1.92 0.82 0x0000FF
-22.54 -41.65 -5.18 -23.27 -42.93 -3.51 0.82 0x0000FF
-19.98 -39.47 -8.74 -22.54 -41.65 -5.18 0.64 0x0000FF
-16.88 -38.36 -10.02 -19.98 -39.47 -8.74 0.64 0x0000FF
-15.42 -37.28 -11.32 -16.88 -38.36 -10.02 0.64 0x0000FF
-14.69 -36.0 -13.06 -15.42 -37.28 -11.32 0.64 0x0000FF
-13.96 -34.0 -15.1 -14.69 -36.0 -13.06 0.64 0x0000FF
-13.78 -33.09 -17.07 -13.96 -34.0 -15.1 0.64 0x0000FF
-13.6 -31.08 -17.91 -13.78 -33.09 -17.07 0.455 0x0000FF
-14.15 -28.53 -19.8 -13.6 -31.08 -17.91 0.455 0x0000FF
-15.06 -25.8 -20.86 -14.15 -28.53 -19.8 0.455 0x0000FF
-18.34 -18.51 -22.3 -15.06 -25.8 -20.86 0.275 0x0000FF
-19.62 -13.96 -23.51 -18.34 -18.51 -22.3 0.275 0x0000FF
-20.71 -11.04 -24.88 -19.62 -13.96 -23.51 0.275 0x0000FF
-21.08 -7.4 -26.09 -20.71 -11.04 -24.88 0.275 0x0000FF
-19.25 -42.56 -7.0 -22.54 -41.65 -5.18 0.365 0x0000FF
-17.43 -42.56 -7.61 -19.25 -42.56 -7.0 0.365 0x0000FF
-13.78 -42.56 -8.82 -17.43 -42.56 -7.61 0.365 0x0000FF
-11.04 -41.47 -10.56 -13.78 -42.56 -8.82 0.365 0x0000FF
-8.85 -39.28 -11.39 -11.04 -41.47 -10.56 0.365 0x0000FF
-8.85 -34.9 -12.45 -8.85 -39.28 -11.39 0.275 0x0000FF
-46.33 -89.42 1.94 -46.24 -76.23 11.54 2.005 0x0000FF
-45.41 -93.61 1.33 -46.33 -89.42 1.94 2.005 0x0000FF
-44.32 -100.9 0.73 -45.41 -93.61 1.33 2.005 0x0000FF
-43.77 -106.19 2.85 -44.32 -100.9 0.73 2.005 0x0000FF
-43.95 -109.83 4.05 -43.77 -106.19 2.85 2.005 0x0000FF
-45.78 -111.47 4.13 -43.95 -109.83 4.05 0.91 0x0000FF
-48.33 -109.83 4.59 -45.78 -111.47 4.13 0.91 0x0000FF
-49.79 -109.1 5.12 -48.33 -109.83 4.59 0.91 0x0000FF
-51.07 -108.55 5.58 -49.79 -109.1 5.12 0.64 0x0000FF
-52.53 -108.37 8.83 -51.07 -108.55 5.58 0.545 0x0000FF
-57.09 -107.82 8.98 -52.53 -108.37 8.83 0.545 0x0000FF
-62.38 -107.46 9.44 -57.09 -107.82 8.98 0.545 0x0000FF
-70.59 -105.09 9.59 -62.38 -107.46 9.44 0.545 0x0000FF
-76.06 -103.09 9.67 -70.59 -105.09 9.59 0.545 0x0000FF
-79.7 -99.99 9.67 -76.06 -103.09 9.67 0.545 0x0000FF
-89.38 -92.16 9.21 -79.7 -99.99 9.67 0.545 0x0000FF
-95.59 -87.42 8.68 -89.38 -92.16 9.21 0.545 0x0000FF
-99.05 -85.05 7.92 -95.59 -87.42 8.68 0.545 0x0000FF
-101.79 -82.68 6.71 -99.05 -85.05 7.92 0.545 0x0000FF
-106.35 -79.04 5.27 -101.79 -82.68 6.71 0.545 0x0000FF
-107.99 -78.31 6.79 -106.35 -79.04 5.27 0.545 0x0000FF
-111.64 -75.94 9.28 -107.99 -78.31 6.79 0.545 0x0000FF
-114.75 -73.02 10.11 -111.64 -75.94 9.28 0.545 0x0000FF
-116.93 -69.02 11.56 -114.75 -73.02 10.11 0.545 0x0000FF
-120.77 -66.47 14.29 -116.93 -69.02 11.56 0.545 0x0000FF
-126.42 -61.73 17.32 -120.77 -66.47 14.29 0.275 0x0000FF
-132.26 -58.27 18.14 -126.42 -61.73 17.32 0.275 0x0000FF
-134.27 -56.44 18.38 -132.26 -58.27 18.14 0.275 0x0000FF
-120.22 -63.37 13.45 -120.77 -66.47 14.29 0.365 0x0000FF
-119.85 -60.64 13.07 -120.22 -63.37 13.45 0.365 0x0000FF
-119.12 -58.63 12.85 -119.85 -60.64 13.07 0.365 0x0000FF
-117.85 -56.81 12.7 -119.12 -58.63 12.85 0.365 0x0000FF
-115.48 -54.08 12.24 -117.85 -56.81 12.7 0.275 0x0000FF
-55.08 -104.36 8.3 -51.07 -108.55 5.58 0.455 0x0000FF
-57.45 -102.91 9.36 -55.08 -104.36 8.3 0.455 0x0000FF
-60.01 -100.35 10.8 -57.45 -102.91 9.36 0.455 0x0000FF
-63.11 -97.8 12.32 -60.01 -100.35 10.8 0.455 0x0000FF
-65.48 -95.62 14.51 -63.11 -97.8 12.32 0.455 0x0000FF
-68.04 -93.07 16.03 -65.48 -95.62 14.51 0.455 0x0000FF
-71.31 -91.24 17.39 -68.04 -93.07 16.03 0.455 0x0000FF
-74.23 -90.15 19.36 -71.31 -91.24 17.39 0.455 0x0000FF
-81.36 -86.87 21.48 -74.23 -90.15 19.36 0.275 0x0000FF
-83.36 -85.05 22.39 -81.36 -86.87 21.48 0.275 0x0000FF
-86.65 -80.31 24.59 -83.36 -85.05 22.39 0.275 0x0000FF
-90.11 -79.22 25.57 -86.65 -80.31 24.59 0.275 0x0000FF
-91.94 -77.94 26.79 -90.11 -79.22 25.57 0.275 0x0000FF
-43.59 -113.11 5.88 -43.95 -109.83 4.05 1.64 0x0000FF
-42.68 -118.57 7.39 -43.59 -113.11 5.88 1.64 0x0000FF
-42.13 -127.87 8.0 -42.68 -118.57 7.39 1.64 0x0000FF
-41.4 -131.33 6.79 -42.13 -127.87 8.0 1.64 0x0000FF
-40.29 -136.61 5.12 -41.4 -131.33 6.79 1.64 0x0000FF
-39.39 -146.63 4.29 -40.29 -136.61 5.12 1.64 0x0000FF
-38.47 -152.83 3.68 -39.39 -146.63 4.29 1.185 0x0000FF
-37.75 -159.93 3.15 -38.47 -152.83 3.68 1.185 0x0000FF
-36.29 -167.4 2.54 -37.75 -159.93 3.15 1.185 0x0000FF
-35.93 -169.59 2.0 -36.29 -167.4 2.54 1.185 0x0000FF
-32.64 -180.74 0.8 -35.93 -169.59 2.0 1.185 0x0000FF
-30.09 -193.31 -0.03 -32.64 -180.74 0.8 1.185 0x0000FF
-29.0 -197.14 0.73 -30.09 -193.31 -0.03 1.185 0x0000FF
-26.81 -203.7 2.31 -29.0 -197.14 0.73 1.185 0x0000FF
-24.43 -210.26 4.74 -26.81 -203.7 2.31 1.185 0x0000FF
-21.88 -219.37 6.03 -24.43 -210.26 4.74 1.095 0x0000FF
-17.14 -231.39 7.47 -21.88 -219.37 6.03 1.095 0x0000FF
-14.76 -237.4 8.98 -17.14 -231.39 7.47 1.095 0x0000FF
-10.18 -243.62 9.82 -14.76 -237.4 8.98 1.095 0x0000FF
-3.97 -257.11 8.52 -10.18 -243.62 9.82 0.455 0x0000FF
1.32 -270.23 8.38 -3.97 -257.11 8.52 0.455 0x0000FF
6.79 -280.98 8.15 1.32 -270.23 8.38 0.455 0x0000FF
14.27 -292.82 9.92 6.79 -280.98 8.15 0.455 0x0000FF
17.01 -296.27 13.77 14.27 -292.82 9.92 0.455 0x0000FF
18.88 -297.69 14.56 17.01 -296.27 13.77 0.455 0x0000FF
20.16 -298.42 16.03 18.88 -297.69 14.56 0.455 0x0000FF
21.62 -299.7 18.72 20.16 -298.42 16.03 0.455 0x0000FF
22.71 -301.14 20.35 21.62 -299.7 18.72 0.455 0x0000FF
23.62 -303.33 22.54 22.71 -301.14 20.35 0.455 0x0000FF
23.99 -304.8 25.38 23.62 -303.33 22.54 0.455 0x0000FF
24.35 -305.89 26.04 23.99 -304.8 25.38 0.455 0x0000FF
24.53 -308.44 28.41 24.35 -305.89 26.04 0.455 0x0000FF
25.26 -310.26 30.09 24.53 -308.44 28.41 0.455 0x0000FF
26.18 -316.64 33.45 25.26 -310.26 30.09 0.275 0x0000FF
25.99 -319.01 33.83 26.18 -316.64 33.45 0.275 0x0000FF
25.99 -320.47 34.74 25.99 -319.01 33.83 0.275 0x0000FF
26.18 -321.38 36.4 25.99 -320.47 34.74 0.275 0x0000FF
26.18 -322.47 37.31 26.18 -321.38 36.4 0.275 0x0000FF
27.27 -312.27 32.09 25.26 -310.26 30.09 0.275 0x0000FF
30.56 -313.73 31.63 27.27 -312.27 32.09 0.275 0x0000FF
31.47 -314.27 34.65 30.56 -313.73 31.63 0.275 0x0000FF
32.38 -314.64 35.04 31.47 -314.27 34.65 0.275 0x0000FF
34.02 -315.91 36.03 32.38 -314.64 35.04 0.275 0x0000FF
35.65 -317.55 37.61 34.02 -315.91 36.03 0.275 0x0000FF
37.11 -319.19 38.68 35.65 -317.55 37.61 0.275 0x0000FF
40.04 -321.93 39.13 37.11 -319.19 38.68 0.275 0x0000FF
42.96 -323.56 39.81 40.04 -321.93 39.13 0.275 0x0000FF
46.61 -325.75 40.72 42.96 -323.56 39.81 0.275 0x0000FF
49.71 -328.48 40.95 46.61 -325.75 40.72 0.275 0x0000FF
53.91 -331.04 40.95 49.71 -328.48 40.95 0.275 0x0000FF
61.75 -337.23 40.95 53.91 -331.04 40.95 0.275 0x0000FF
63.94 -339.05 40.95 61.75 -337.23 40.95 0.275 0x0000FF
68.87 -342.51 40.86 63.94 -339.05 40.95 0.275 0x0000FF
72.15 -345.06 40.86 68.87 -342.51 40.86 0.275 0x0000FF
-10.54 -248.36 10.03 -10.18 -243.62 9.82 0.545 0x0000FF
-10.54 -254.01 10.35 -10.54 -248.36 10.03 0.545 0x0000FF
-10.36 -260.2 10.95 -10.54 -254.01 10.35 0.545 0x0000FF
-10.72 -268.04 11.79 -10.36 -260.2 10.95 0.545 0x0000FF
-12.18 -273.87 12.24 -10.72 -268.04 11.79 0.545 0x0000FF
-12.18 -277.88 10.57 -12.18 -273.87 12.24 0.545 0x0000FF
-11.09 -281.52 9.74 -12.18 -277.88 10.57 0.545 0x0000FF
-10.91 -284.62 8.91 -11.09 -281.52 9.74 0.455 0x0000FF
-9.81 -287.52 8.52 -10.91 -284.62 8.91 0.455 0x0000FF
-5.62 -292.45 8.15 -9.81 -287.52 8.52 0.365 0x0000FF
-40.81 -152.51 6.33 -39.39 -146.63 4.29 0.545 0x0000FF
-41.17 -157.24 6.56 -40.81 -152.51 6.33 0.545 0x0000FF
-40.99 -160.88 7.17 -41.17 -157.24 6.56 0.545 0x0000FF
-40.99 -175.65 8.76 -40.99 -160.88 7.17 0.455 0x0000FF
-41.17 -178.92 10.19 -40.99 -175.65 8.76 0.455 0x0000FF
-41.72 -181.84 11.18 -41.17 -178.92 10.19 0.455 0x0000FF
-41.72 -183.48 11.79 -41.72 -181.84 11.18 0.365 0x0000FF
-42.08 -185.12 11.86 -41.72 -183.48 11.79 0.365 0x0000FF
-42.63 -186.21 11.94 -42.08 -185.12 11.86 0.365 0x0000FF
-43.0 -187.31 12.17 -42.63 -186.21 11.94 0.365 0x0000FF
-43.18 -189.31 12.17 -43.0 -187.31 12.17 0.365 0x0000FF
-43.36 -191.68 12.24 -43.18 -189.31 12.17 0.365 0x0000FF
-43.18 -193.5 12.32 -43.36 -191.68 12.24 0.275 0x0000FF
-42.63 -196.78 12.32 -43.18 -193.5 12.32 0.275 0x0000FF
-41.54 -201.34 12.32 -42.63 -196.78 12.32 0.275 0x0000FF
-42.27 -161.43 7.32 -40.99 -160.88 7.17 0.365 0x0000FF
-42.45 -162.53 7.39 -42.27 -161.43 7.32 0.365 0x0000FF
-42.45 -164.9 7.39 -42.45 -162.53 7.39 0.365 0x0000FF
-41.54 -168.18 7.39 -42.45 -164.9 7.39 0.365 0x0000FF
-40.99 -170.54 7.47 -41.54 -168.18 7.39 0.365 0x0000FF
-40.61 -174.01 7.54 -40.99 -170.54 7.47 0.365 0x0000FF
-41.35 -177.47 7.85 -40.61 -174.01 7.54 0.365 0x0000FF
-42.63 -179.65 7.85 -41.35 -177.47 7.85 0.365 0x0000FF
-43.91 -181.11 8.15 -42.63 -179.65 7.85 0.365 0x0000FF
-45.19 -182.2 8.61 -43.91 -181.11 8.15 0.365 0x0000FF
-45.91 -184.57 8.83 -45.19 -182.2 8.61 0.365 0x0000FF
-46.28 -186.76 8.83 -45.91 -184.57 8.83 0.365 0x0000FF
-46.1 -188.76 8.91 -46.28 -186.76 8.83 0.365 0x0000FF
