225.01 76.08 96.78 226.23 86.26 91.83 1.005 0x0000FF
221.91 72.61 96.78 225.01 76.08 96.78 1.005 0x0000FF
220.08 69.34 96.78 221.91 72.61 96.78 0.91 0x0000FF
217.16 64.59 96.93 220.08 69.34 96.78 0.91 0x0000FF
215.34 57.86 97.23 217.16 64.59 96.93 0.82 0x0000FF
214.42 50.93 97.54 215.34 57.86 97.23 0.82 0x0000FF
213.88 48.02 97.76 214.42 50.93 97.54 0.82 0x0000FF
214.24 45.28 97.84 213.88 48.02 97.76 0.73 0x0000FF
214.97 40.54 98.14 214.24 45.28 97.84 0.73 0x0000FF
215.7 35.99 99.05 214.97 40.54 98.14 0.73 0x0000FF
216.43 33.08 99.66 215.7 35.99 99.05 0.73 0x0000FF
218.07 28.16 100.11 216.43 33.08 99.66 0.73 0x0000FF
219.72 24.88 100.41 218.07 28.16 100.11 0.73 0x0000FF
222.27 18.68 101.4 219.72 24.88 100.41 0.64 0x0000FF
222.82 14.86 101.78 222.27 18.68 101.4 0.64 0x0000FF
223.18 10.67 101.85 222.82 14.86 101.78 0.64 0x0000FF
223.37 9.76 101.93 223.18 10.67 101.85 0.64 0x0000FF
226.21 5.36 103.6 223.37 9.76 101.93 0.545 0x0000FF
226.57 2.81 104.28 226.21 5.36 103.6 0.545 0x0000FF
226.57 -2.11 105.26 226.57 2.81 104.28 0.545 0x0000FF
226.39 -4.3 105.72 226.57 -2.11 105.26 0.545 0x0000FF
226.21 -7.39 106.78 226.39 -4.3 105.72 0.545 0x0000FF
225.48 -9.21 107.23 226.21 -7.39 106.78 0.545 0x0000FF
225.3 -11.4 108.06 225.48 -9.21 107.23 0.545 0x0000FF
225.3 -13.77 108.22 225.3 -11.4 108.06 0.455 0x0000FF
216.36 81.88 93.07 226.23 86.26 91.83 1.005 0x0000FF
213.25 80.61 92.54 216.36 81.88 93.07 1.005 0x0000FF
211.61 79.33 92.38 213.25 80.61 92.54 1.005 0x0000FF
209.79 77.33 91.78 211.61 79.33 92.38 1.005 0x0000FF
208.15 75.14 91.4 209.79 77.33 91.78 1.005 0x0000FF
207.42 72.41 91.32 208.15 75.14 91.4 0.91 0x0000FF
207.05 68.77 90.95 207.42 72.41 91.32 0.91 0x0000FF
207.42 64.2 90.34 207.05 68.77 90.95 0.91 0x0000FF
207.42 59.84 89.96 207.42 64.2 90.34 0.91 0x0000FF
207.23 53.83 89.88 207.42 59.84 89.96 0.82 0x0000FF
206.32 49.45 89.51 207.23 53.83 89.88 0.73 0x0000FF
204.31 43.62 89.51 206.32 49.45 89.51 0.73 0x0000FF
201.03 36.88 88.75 204.31 43.62 89.51 0.73 0x0000FF
200.3 35.06 88.14 201.03 36.88 88.75 0.73 0x0000FF
198.66 31.78 87.84 200.3 35.06 88.14 0.73 0x0000FF
197.2 29.59 87.16 198.66 31.78 87.84 0.73 0x0000FF
193.55 23.03 86.25 197.2 29.59 87.16 0.64 0x0000FF
192.46 19.57 85.87 193.55 23.03 86.25 0.64 0x0000FF
190.81 16.66 84.73 192.46 19.57 85.87 0.545 0x0000FF
189.35 13.01 84.36 190.81 16.66 84.73 0.455 0x0000FF
187.89 10.1 83.29 189.35 13.01 84.36 0.455 0x0000FF
186.62 7.0 82.39 187.89 10.1 83.29 0.455 0x0000FF
184.79 3.9 82.23 186.62 7.0 82.39 0.455 0x0000FF
183.15 0.44 81.48 184.79 3.9 82.23 0.455 0x0000FF
181.87 -2.29 80.56 183.15 0.44 81.48 0.455 0x0000FF
180.41 -5.94 79.66 181.87 -2.29 80.56 0.455 0x0000FF
179.68 -9.4 79.2 180.41 -5.94 79.66 0.455 0x0000FF
179.32 -11.77 78.45 179.68 -9.4 79.2 0.455 0x0000FF
178.95 -14.68 77.76 179.32 -11.77 78.45 0.455 0x0000FF
178.77 -17.41 77.23 178.95 -14.68 77.76 0.455 0x0000FF
178.41 -18.87 76.17 178.77 -17.41 77.23 0.455 0x0000FF
178.04 -20.69 75.34 178.41 -18.87 76.17 0.455 0x0000FF
177.68 -21.79 74.95 178.04 -20.69 75.34 0.455 0x0000FF
176.95 -25.43 74.36 177.68 -21.79 74.95 0.455 0x0000FF
176.03 -29.07 73.75 176.95 -25.43 74.36 0.455 0x0000FF
174.76 -35.09 72.39 176.03 -29.07 73.75 0.455 0x0000FF
174.39 -38.18 72.08 174.76 -35.09 72.39 0.455 0x0000FF
173.66 -42.19 71.4 174.39 -38.18 72.08 0.365 0x0000FF
172.75 -45.47 70.95 173.66 -42.19 71.4 0.365 0x0000FF
171.11 -48.57 70.19 172.75 -45.47 70.95 0.365 0x0000FF
169.28 -52.58 69.66 171.11 -48.57 70.19 0.365 0x0000FF
166.73 -57.68 68.75 169.28 -52.58 69.66 0.365 0x0000FF
163.08 -64.06 68.52 166.73 -57.68 68.75 0.365 0x0000FF
161.07 -68.43 68.06 163.08 -64.06 68.52 0.365 0x0000FF
160.53 -71.16 67.45 161.07 -68.43 68.06 0.365 0x0000FF
160.16 -74.81 67.16 160.53 -71.16 67.45 0.275 0x0000FF
160.34 -75.9 67.08 160.16 -74.81 67.16 0.275 0x0000FF
207.6 74.95 93.52 208.15 75.14 91.4 0.64 0x0000FF
207.23 74.59 91.63 207.6 74.95 93.52 0.64 0x0000FF
205.96 74.41 91.63 207.23 74.59 91.63 0.64 0x0000FF
204.68 74.41 91.32 205.96 74.41 91.63 0.64 0x0000FF
203.77 74.41 91.1 204.68 74.41 91.32 0.64 0x0000FF
202.85 74.41 90.42 203.77 74.41 91.1 0.64 0x0000FF
200.12 74.78 89.66 202.85 74.41 90.42 0.545 0x0000FF
198.66 74.95 88.9 200.12 74.78 89.66 0.545 0x0000FF
196.47 75.51 88.22 198.66 74.95 88.9 0.545 0x0000FF
193.91 75.87 86.78 196.47 75.51 88.22 0.545 0x0000FF
191.18 76.78 86.32 193.91 75.87 86.78 0.545 0x0000FF
189.35 77.69 85.04 191.18 76.78 86.32 0.545 0x0000FF
186.98 78.23 84.43 189.35 77.69 85.04 0.545 0x0000FF
184.24 79.7 83.45 186.98 78.23 84.43 0.545 0x0000FF
180.6 81.16 83.29 184.24 79.7 83.45 0.545 0x0000FF
178.77 81.88 82.84 180.6 81.16 83.29 0.545 0x0000FF
176.58 83.16 82.31 178.77 81.88 82.84 0.545 0x0000FF
175.12 84.07 81.63 176.58 83.16 82.31 0.545 0x0000FF
174.03 84.8 80.56 175.12 84.07 81.63 0.545 0x0000FF
172.75 85.35 80.04 174.03 84.8 80.56 0.545 0x0000FF
171.47 85.71 78.75 172.75 85.35 80.04 0.545 0x0000FF
169.83 86.99 77.23 171.47 85.71 78.75 0.545 0x0000FF
168.19 87.53 76.7 169.83 86.99 77.23 0.545 0x0000FF
166.73 87.9 75.11 168.19 87.53 76.7 0.545 0x0000FF
166.0 87.9 74.13 166.73 87.9 75.11 0.545 0x0000FF
164.17 87.9 73.52 166.0 87.9 74.13 0.545 0x0000FF
162.16 87.9 72.54 164.17 87.9 73.52 0.545 0x0000FF
159.97 88.08 71.7 162.16 87.9 72.54 0.545 0x0000FF
158.52 88.08 70.95 159.97 88.08 71.7 0.545 0x0000FF
154.5 89.17 70.56 158.52 88.08 70.95 0.455 0x0000FF
151.4 90.08 69.95 154.5 89.17 70.56 0.455 0x0000FF
148.66 90.81 69.05 151.4 90.08 69.95 0.455 0x0000FF
147.38 91.36 68.37 148.66 90.81 69.05 0.455 0x0000FF
146.11 92.45 67.98 147.38 91.36 68.37 0.365 0x0000FF
145.38 93.0 67.77 146.11 92.45 67.98 0.275 0x0000FF
219.82 76.78 105.19 226.23 86.26 91.83 0.82 0x0000FF
218.55 73.69 105.19 219.82 76.78 105.19 0.82 0x0000FF
218.0 71.14 105.64 218.55 73.69 105.19 0.82 0x0000FF
217.09 68.04 106.02 218.0 71.14 105.64 0.82 0x0000FF
216.72 65.84 106.32 217.09 68.04 106.02 0.82 0x0000FF
216.54 63.66 106.32 216.72 65.84 106.32 0.82 0x0000FF
216.72 60.57 106.7 216.54 63.66 106.32 0.82 0x0000FF
218.36 54.37 106.93 216.72 60.57 106.7 0.73 0x0000FF
220.19 52.0 107.08 218.36 54.37 106.93 0.73 0x0000FF
221.28 50.73 107.16 220.19 52.0 107.08 0.73 0x0000FF
223.47 49.27 106.63 221.28 50.73 107.16 0.73 0x0000FF
225.66 48.0 106.02 223.47 49.27 106.63 0.73 0x0000FF
229.68 46.17 105.34 225.66 48.0 106.02 0.73 0x0000FF
236.06 42.71 104.58 229.68 46.17 105.34 0.73 0x0000FF
239.53 39.79 103.97 236.06 42.71 104.58 0.73 0x0000FF
244.45 36.52 103.29 239.53 39.79 103.97 0.73 0x0000FF
248.1 33.78 102.69 244.45 36.52 103.29 0.73 0x0000FF
251.75 30.87 102.0 248.1 33.78 102.69 0.73 0x0000FF
254.31 29.23 101.7 251.75 30.87 102.0 0.545 0x0000FF
255.22 28.5 102.16 254.31 29.23 101.7 0.545 0x0000FF
256.5 27.22 102.46 255.22 28.5 102.16 0.545 0x0000FF
257.23 26.13 103.37 256.5 27.22 102.46 0.545 0x0000FF
257.95 23.4 103.67 257.23 26.13 103.37 0.545 0x0000FF
257.58 20.3 103.97 257.95 23.4 103.67 0.545 0x0000FF
255.58 17.75 104.58 257.58 20.3 103.97 0.545 0x0000FF
253.21 16.11 104.81 255.58 17.75 104.58 0.545 0x0000FF
251.57 14.65 105.03 253.21 16.11 104.81 0.545 0x0000FF
249.02 12.28 105.41 251.57 14.65 105.03 0.545 0x0000FF
247.92 10.28 105.49 249.02 12.28 105.41 0.545 0x0000FF
247.37 8.64 105.72 247.92 10.28 105.49 0.545 0x0000FF
247.19 6.64 104.87 247.37 8.64 105.72 0.545 0x0000FF
245.55 3.72 102.63 247.19 6.64 104.87 0.545 0x0000FF
243.91 1.72 101.93 245.55 3.72 102.63 0.545 0x0000FF
243.54 0.26 102.84 243.91 1.72 101.93 0.545 0x0000FF
243.72 -0.65 102.99 243.54 0.26 102.84 0.545 0x0000FF
243.91 -1.56 103.67 243.72 -0.65 102.99 0.545 0x0000FF
243.91 -2.47 104.35 243.91 -1.56 103.67 0.545 0x0000FF
243.54 -3.93 102.54 243.91 -2.47 104.35 0.545 0x0000FF
243.18 -5.01 101.63 243.54 -3.93 102.54 0.545 0x0000FF
242.45 -6.66 100.34 243.18 -5.01 101.63 0.545 0x0000FF
241.72 -8.49 99.58 242.45 -6.66 100.34 0.545 0x0000FF
241.17 -11.58 98.6 241.72 -8.49 99.58 0.545 0x0000FF
240.99 -15.23 97.84 241.17 -11.58 98.6 0.545 0x0000FF
240.81 -17.41 96.93 240.99 -15.23 97.84 0.545 0x0000FF
240.99 -19.23 96.02 240.81 -17.41 96.93 0.545 0x0000FF
241.53 -23.97 94.66 240.99 -19.23 96.02 0.545 0x0000FF
241.53 -25.98 94.51 241.53 -23.97 94.66 0.545 0x0000FF
241.9 -28.53 93.52 241.53 -25.98 94.51 0.545 0x0000FF
241.72 -29.8 92.31 241.9 -28.53 93.52 0.545 0x0000FF
241.53 -32.72 90.95 241.72 -29.8 92.31 0.545 0x0000FF
241.72 -35.82 89.05 241.53 -32.72 90.95 0.545 0x0000FF
242.26 -39.64 88.67 241.72 -35.82 89.05 0.545 0x0000FF
242.26 -50.21 87.76 242.26 -39.64 88.67 0.545 0x0000FF
242.26 -54.04 87.23 242.26 -50.21 87.76 0.545 0x0000FF
242.26 -57.68 86.7 242.26 -54.04 87.23 0.545 0x0000FF
240.81 -62.78 86.32 242.26 -57.68 86.7 0.545 0x0000FF
240.62 -67.34 85.87 240.81 -62.78 86.32 0.545 0x0000FF
240.81 -72.44 85.49 240.62 -67.34 85.87 0.545 0x0000FF
241.17 -76.08 85.19 240.81 -72.44 85.49 0.545 0x0000FF
242.08 -79.36 84.89 241.17 -76.08 85.19 0.545 0x0000FF
241.55 -83.76 82.76 242.08 -79.36 84.89 0.545 0x0000FF
239.55 -88.68 81.93 241.55 -83.76 82.76 0.455 0x0000FF
239.18 -91.41 81.4 239.55 -88.68 81.93 0.455 0x0000FF
239.18 -92.5 80.56 239.18 -91.41 81.4 0.455 0x0000FF
239.37 -94.32 79.89 239.18 -92.5 80.56 0.455 0x0000FF
239.91 -97.42 79.13 239.37 -94.32 79.89 0.455 0x0000FF
240.09 -100.15 78.52 239.91 -97.42 79.13 0.455 0x0000FF
240.64 -103.25 78.52 240.09 -100.15 78.52 0.455 0x0000FF
241.01 -105.07 77.92 240.64 -103.25 78.52 0.455 0x0000FF
241.55 -106.9 77.31 241.01 -105.07 77.92 0.455 0x0000FF
241.92 -108.35 76.48 241.55 -106.9 77.31 0.455 0x0000FF
241.92 -109.81 75.48 241.92 -108.35 76.48 0.455 0x0000FF
241.55 -111.82 74.36 241.92 -109.81 75.48 0.455 0x0000FF
241.37 -112.18 73.52 241.55 -111.82 74.36 0.455 0x0000FF
225.99 74.16 84.13 226.23 86.26 91.83 0.82 0x0000FF
224.72 72.88 84.2 225.99 74.16 84.13 0.82 0x0000FF
222.71 70.15 84.28 224.72 72.88 84.2 0.82 0x0000FF
220.88 67.95 84.36 222.71 70.15 84.28 0.82 0x0000FF
217.78 64.5 84.43 220.88 67.95 84.36 0.82 0x0000FF
215.96 61.22 84.43 217.78 64.5 84.43 0.82 0x0000FF
215.23 56.67 84.51 215.96 61.22 84.43 0.82 0x0000FF
215.05 54.66 84.51 215.23 56.67 84.51 0.82 0x0000FF
214.13 53.39 85.04 215.05 54.66 84.51 0.64 0x0000FF
211.76 52.11 85.26 214.13 53.39 85.04 0.64 0x0000FF
208.11 50.84 85.42 211.76 52.11 85.26 0.64 0x0000FF
197.53 47.38 85.57 208.11 50.84 85.42 0.545 0x0000FF
195.16 45.55 85.72 197.53 47.38 85.57 0.545 0x0000FF
190.78 43.73 85.72 195.16 45.55 85.72 0.455 0x0000FF
188.41 42.09 85.79 190.78 43.73 85.72 0.455 0x0000FF
186.4 40.82 85.87 188.41 42.09 85.79 0.455 0x0000FF
185.31 39.18 86.02 186.4 40.82 85.87 0.455 0x0000FF
184.76 37.72 86.02 185.31 39.18 86.02 0.455 0x0000FF
184.76 34.79 86.1 184.76 37.72 86.02 0.455 0x0000FF
185.12 30.98 86.32 184.76 34.79 86.1 0.365 0x0000FF
184.39 28.06 86.4 185.12 30.98 86.32 0.365 0x0000FF
182.39 24.6 86.4 184.39 28.06 86.4 0.365 0x0000FF
179.83 22.41 86.48 182.39 24.6 86.4 0.275 0x0000FF
177.83 20.77 86.48 179.83 22.41 86.48 0.275 0x0000FF
215.59 52.66 84.36 215.05 54.66 84.51 0.455 0x0000FF
215.41 50.29 84.43 215.59 52.66 84.36 0.455 0x0000FF
214.32 46.65 84.51 215.41 50.29 84.43 0.455 0x0000FF
211.76 40.27 84.73 214.32 46.65 84.51 0.455 0x0000FF
210.85 38.27 84.05 211.76 40.27 84.73 0.455 0x0000FF
207.2 28.24 83.75 210.85 38.27 84.05 0.455 0x0000FF
205.01 19.5 83.29 207.2 28.24 83.75 0.455 0x0000FF
204.28 15.85 83.22 205.01 19.5 83.29 0.365 0x0000FF
203.73 11.12 83.07 204.28 15.85 83.22 0.275 0x0000FF
202.82 8.93 83.07 203.73 11.12 83.07 0.275 0x0000FF
217.6 87.46 90.34 226.23 86.26 91.83 1.095 0x0000FF
216.69 87.46 90.26 217.6 87.46 90.34 1.095 0x0000FF
215.41 87.82 89.66 216.69 87.46 90.26 1.005 0x0000FF
214.86 87.82 89.2 215.41 87.82 89.66 1.005 0x0000FF
213.77 88.01 88.07 214.86 87.82 89.2 1.005 0x0000FF
211.94 88.37 87.39 213.77 88.01 88.07 1.005 0x0000FF
210.85 88.19 86.4 211.94 88.37 87.39 1.005 0x0000FF
209.02 88.19 86.17 210.85 88.19 86.4 1.005 0x0000FF
207.2 87.64 86.32 209.02 88.19 86.17 0.82 0x0000FF
205.01 87.46 86.4 207.2 87.64 86.32 0.82 0x0000FF
204.28 87.46 86.78 205.01 87.46 86.4 0.82 0x0000FF
202.82 87.46 87.01 204.28 87.46 86.78 0.82 0x0000FF
198.63 88.01 87.23 202.82 87.46 87.01 0.64 0x0000FF
195.71 88.19 87.54 198.63 88.01 87.23 0.64 0x0000FF
193.88 88.55 87.61 195.71 88.19 87.54 0.64 0x0000FF
192.06 88.92 88.22 193.88 88.55 87.61 0.64 0x0000FF
188.59 89.83 88.29 192.06 88.92 88.22 0.64 0x0000FF
184.58 90.74 88.6 188.59 89.83 88.29 0.455 0x0000FF
182.57 91.83 88.9 184.58 90.74 88.6 0.455 0x0000FF
179.83 93.11 89.28 182.57 91.83 88.9 0.365 0x0000FF
178.01 94.2 89.28 179.83 93.11 89.28 0.365 0x0000FF
176.18 94.56 89.58 178.01 94.2 89.28 0.365 0x0000FF
175.27 94.56 89.66 176.18 94.56 89.58 0.365 0x0000FF
173.63 94.75 89.81 175.27 94.56 89.66 0.365 0x0000FF
172.17 94.56 90.64 173.63 94.75 89.81 0.365 0x0000FF
170.34 94.38 90.87 172.17 94.56 90.64 0.365 0x0000FF
169.07 94.38 90.87 170.34 94.38 90.87 0.365 0x0000FF
167.97 94.2 92.23 169.07 94.38 90.87 0.275 0x0000FF
165.6 94.75 92.46 167.97 94.2 92.23 0.275 0x0000FF
164.87 95.11 92.61 165.6 94.75 92.46 0.275 0x0000FF
163.59 95.84 92.76 164.87 95.11 92.61 0.275 0x0000FF
208.3 89.46 85.57 209.02 88.19 86.17 0.64 0x0000FF
207.02 90.74 85.57 208.3 89.46 85.57 0.64 0x0000FF
205.38 92.38 85.87 207.02 90.74 85.57 0.64 0x0000FF
203.19 94.2 85.72 205.38 92.38 85.87 0.64 0x0000FF
201.18 96.2 85.11 203.19 94.2 85.72 0.64 0x0000FF
199.54 98.57 84.43 201.18 96.2 85.11 0.64 0x0000FF
197.53 101.67 84.2 199.54 98.57 84.43 0.64 0x0000FF
195.89 103.31 83.9 197.53 101.67 84.2 0.64 0x0000FF
194.06 105.5 83.29 195.89 103.31 83.9 0.64 0x0000FF
187.68 114.79 82.84 194.06 105.5 83.29 0.545 0x0000FF
183.12 118.07 82.31 187.68 114.79 82.84 0.545 0x0000FF
178.01 127.0 82.23 183.12 118.07 82.31 0.545 0x0000FF
173.99 134.65 81.86 178.01 127.0 82.23 0.545 0x0000FF
167.24 146.49 81.55 173.99 134.65 81.86 0.545 0x0000FF
164.14 150.5 80.95 167.24 146.49 81.55 0.545 0x0000FF
159.22 156.69 80.87 164.14 150.5 80.95 0.545 0x0000FF
156.84 160.16 80.56 159.22 156.69 80.87 0.545 0x0000FF
155.93 161.8 81.33 156.84 160.16 80.56 0.545 0x0000FF
154.29 164.16 81.63 155.93 161.8 81.33 0.545 0x0000FF
152.46 165.99 81.63 154.29 164.16 81.63 0.545 0x0000FF
150.82 167.26 81.78 152.46 165.99 81.63 0.455 0x0000FF
150.12 169.2 77.61 150.82 167.26 81.78 0.455 0x0000FF
148.47 172.12 77.45 150.12 169.2 77.61 0.455 0x0000FF
146.47 175.21 77.23 148.47 172.12 77.45 0.455 0x0000FF
142.63 180.32 77.01 146.47 175.21 77.23 0.365 0x0000FF
140.82 182.14 77.01 142.63 180.32 77.01 0.365 0x0000FF
235.22 85.0 91.1 226.23 86.26 91.83 1.005 0x0000FF
236.5 86.1 90.34 235.22 85.0 91.1 1.005 0x0000FF
237.41 86.46 89.58 236.5 86.1 90.34 1.005 0x0000FF
238.14 86.83 89.05 237.41 86.46 89.58 1.005 0x0000FF
239.24 87.19 88.6 238.14 86.83 89.05 1.005 0x0000FF
239.97 87.56 87.84 239.24 87.19 88.6 1.005 0x0000FF
240.33 87.74 87.61 239.97 87.56 87.84 1.005 0x0000FF
241.06 87.92 85.95 240.33 87.74 87.61 1.005 0x0000FF
242.16 88.65 85.64 241.06 87.92 85.95 1.005 0x0000FF
242.89 89.2 85.19 242.16 88.65 85.64 1.005 0x0000FF
243.8 88.83 86.32 242.89 89.2 85.19 0.64 0x0000FF
245.26 89.2 86.7 243.8 88.83 86.32 0.64 0x0000FF
248.36 89.01 87.31 245.26 89.2 86.7 0.545 0x0000FF
251.65 88.28 87.54 248.36 89.01 87.31 0.455 0x0000FF
255.84 86.46 87.84 251.65 88.28 87.54 0.455 0x0000FF
260.39 84.09 88.07 255.84 86.46 87.84 0.455 0x0000FF
267.14 79.54 88.37 260.39 84.09 88.07 0.455 0x0000FF
273.72 74.62 88.75 267.14 79.54 88.37 0.455 0x0000FF
278.47 70.61 89.2 273.72 74.62 88.75 0.455 0x0000FF
283.2 67.33 89.96 278.47 70.61 89.2 0.455 0x0000FF
288.68 63.5 90.64 283.2 67.33 89.96 0.455 0x0000FF
292.7 58.4 90.87 288.68 63.5 90.64 0.455 0x0000FF
297.99 55.31 91.55 292.7 58.4 90.87 0.455 0x0000FF
304.74 53.3 91.93 297.99 55.31 91.55 0.455 0x0000FF
311.31 50.93 92.91 304.74 53.3 91.93 0.455 0x0000FF
315.23 49.04 88.98 311.31 50.93 92.91 0.64 0x0000FF
317.41 47.95 89.73 315.23 49.04 88.98 0.73 0x0000FF
318.14 47.59 90.42 317.41 47.95 89.73 0.64 0x0000FF
321.06 47.4 90.79 318.14 47.59 90.42 0.73 0x0000FF
322.52 47.4 91.55 321.06 47.4 90.79 0.64 0x0000FF
324.52 46.86 91.63 322.52 47.4 91.55 0.73 0x0000FF
325.99 46.67 92.38 324.52 46.86 91.63 0.64 0x0000FF
327.81 46.49 93.45 325.99 46.67 92.38 0.73 0x0000FF
329.64 46.13 94.28 327.81 46.49 93.45 0.73 0x0000FF
331.28 45.95 94.96 329.64 46.13 94.28 0.545 0x0000FF
332.01 45.95 95.26 331.28 45.95 94.96 0.73 0x0000FF
333.11 45.76 96.02 332.01 45.95 95.26 0.64 0x0000FF
335.11 45.03 96.7 333.11 45.76 96.02 0.64 0x0000FF
336.75 44.31 96.85 335.11 45.03 96.7 0.64 0x0000FF
338.03 43.76 97.31 336.75 44.31 96.85 0.73 0x0000FF
340.77 42.12 97.54 338.03 43.76 97.31 0.64 0x0000FF
342.59 40.84 97.84 340.77 42.12 97.54 0.64 0x0000FF
344.05 39.75 98.37 342.59 40.84 97.84 0.64 0x0000FF
345.7 38.29 98.75 344.05 39.75 98.37 0.64 0x0000FF
346.42 37.56 98.9 345.7 38.29 98.75 0.64 0x0000FF
347.34 36.65 99.28 346.42 37.56 98.9 0.64 0x0000FF
348.07 36.29 99.66 347.34 36.65 99.28 0.64 0x0000FF
348.98 35.74 100.04 348.07 36.29 99.66 0.64 0x0000FF
350.44 35.2 100.87 348.98 35.74 100.04 0.64 0x0000FF
351.53 34.83 101.55 350.44 35.2 100.87 0.64 0x0000FF
352.45 34.47 101.7 351.53 34.83 101.55 0.64 0x0000FF
353.72 33.56 102.08 352.45 34.47 101.7 0.64 0x0000FF
354.45 32.64 103.14 353.72 33.56 102.08 0.64 0x0000FF
355.55 31.19 103.07 354.45 32.64 103.14 0.64 0x0000FF
356.64 29.73 103.6 355.55 31.19 103.07 0.64 0x0000FF
357.74 27.54 104.13 356.64 29.73 103.6 0.64 0x0000FF
359.01 24.45 104.35 357.74 27.54 104.13 0.64 0x0000FF
359.38 22.99 104.35 359.01 24.45 104.35 0.64 0x0000FF
359.93 21.35 104.66 359.38 22.99 104.35 0.64 0x0000FF
360.47 19.89 105.11 359.93 21.35 104.66 0.64 0x0000FF
360.84 18.8 105.94 360.47 19.89 105.11 0.64 0x0000FF
361.2 18.25 104.96 360.84 18.8 105.94 0.64 0x0000FF
361.57 17.7 104.35 361.2 18.25 104.96 0.64 0x0000FF
362.66 16.43 103.52 361.57 17.7 104.35 0.64 0x0000FF
363.76 15.52 103.29 362.66 16.43 103.52 0.64 0x0000FF
364.67 14.61 103.29 363.76 15.52 103.29 0.64 0x0000FF
365.58 13.51 102.84 364.67 14.61 103.29 0.64 0x0000FF
367.22 11.87 102.76 365.58 13.51 102.84 0.64 0x0000FF
369.23 10.23 102.31 367.22 11.87 102.76 0.64 0x0000FF
371.24 8.77 102.0 369.23 10.23 102.31 0.64 0x0000FF
373.43 7.14 101.63 371.24 8.77 102.0 0.64 0x0000FF
374.71 6.23 101.63 373.43 7.14 101.63 0.545 0x0000FF
376.35 4.95 101.32 374.71 6.23 101.63 0.545 0x0000FF
377.44 4.04 101.1 376.35 4.95 101.32 0.545 0x0000FF
378.17 1.31 100.79 377.44 4.04 101.1 0.455 0x0000FF
378.35 -0.33 100.79 378.17 1.31 100.79 0.455 0x0000FF
378.35 -2.34 100.72 378.35 -0.33 100.79 0.365 0x0000FF
378.17 -3.25 100.57 378.35 -2.34 100.72 0.365 0x0000FF
377.81 -4.34 100.19 378.17 -3.25 100.57 0.365 0x0000FF
245.99 89.01 84.81 245.26 89.2 86.7 0.455 0x0000FF
246.72 89.2 82.99 245.99 89.01 84.81 0.455 0x0000FF
248.0 88.65 82.31 246.72 89.2 82.99 0.455 0x0000FF
249.09 87.92 81.02 248.0 88.65 82.31 0.455 0x0000FF
249.46 87.92 80.42 249.09 87.92 81.02 0.455 0x0000FF
250.19 87.37 79.73 249.46 87.92 80.42 0.455 0x0000FF
250.55 87.37 79.05 250.19 87.37 79.73 0.455 0x0000FF
251.46 86.64 77.45 250.55 87.37 79.05 0.455 0x0000FF
251.65 86.28 77.01 251.46 86.64 77.45 0.455 0x0000FF
252.01 85.92 76.33 251.65 86.28 77.01 0.455 0x0000FF
252.19 85.55 74.73 252.01 85.92 76.33 0.455 0x0000FF
252.38 85.19 77.16 252.19 85.55 74.73 0.455 0x0000FF
252.92 84.82 77.69 252.38 85.19 77.16 0.455 0x0000FF
253.83 84.28 78.14 252.92 84.82 77.69 0.455 0x0000FF
254.56 84.09 78.83 253.83 84.28 78.14 0.455 0x0000FF
257.48 83.36 79.51 254.56 84.09 78.83 0.365 0x0000FF
258.39 83.36 80.04 257.48 83.36 79.51 0.365 0x0000FF
258.94 83.36 80.56 258.39 83.36 80.04 0.365 0x0000FF
259.49 83.36 81.02 258.94 83.36 80.56 0.365 0x0000FF
260.22 83.36 81.33 259.49 83.36 81.02 0.365 0x0000FF
260.95 83.0 81.63 260.22 83.36 81.33 0.365 0x0000FF
261.32 82.82 82.23 260.95 83.0 81.63 0.365 0x0000FF
264.95 81.36 84.2 261.32 82.82 82.23 0.365 0x0000FF
266.97 79.54 85.95 264.95 81.36 84.2 0.365 0x0000FF
269.7 79.17 85.79 266.97 79.54 85.95 0.275 0x0000FF
271.52 79.17 86.17 269.7 79.17 85.79 0.275 0x0000FF
243.25 89.38 86.63 242.89 89.2 85.19 0.73 0x0000FF
243.43 89.92 87.46 243.25 89.38 86.63 0.73 0x0000FF
243.98 90.83 87.76 243.43 89.92 87.46 0.73 0x0000FF
245.08 91.38 88.29 243.98 90.83 87.76 0.73 0x0000FF
245.62 91.75 88.6 245.08 91.38 88.29 0.73 0x0000FF
247.08 92.47 88.98 245.62 91.75 88.6 0.73 0x0000FF
248.36 93.39 89.05 247.08 92.47 88.98 0.73 0x0000FF
250.37 94.48 89.73 248.36 93.39 89.05 0.64 0x0000FF
251.83 95.57 89.81 250.37 94.48 89.73 0.64 0x0000FF
253.1 96.12 90.26 251.83 95.57 89.81 0.64 0x0000FF
255.29 96.67 90.57 253.1 96.12 90.26 0.64 0x0000FF
258.58 97.39 90.87 255.29 96.67 90.57 0.64 0x0000FF
261.32 98.31 91.32 258.58 97.39 90.87 0.64 0x0000FF
263.87 99.4 91.63 261.32 98.31 91.32 0.545 0x0000FF
264.77 99.58 92.01 263.87 99.4 91.63 0.545 0x0000FF
265.33 99.94 92.23 264.77 99.58 92.01 0.545 0x0000FF
266.06 100.31 90.95 265.33 99.94 92.23 0.545 0x0000FF
266.42 100.49 90.11 266.06 100.31 90.95 0.545 0x0000FF
267.7 101.04 89.28 266.42 100.49 90.11 0.545 0x0000FF
268.61 101.4 88.6 267.7 101.04 89.28 0.545 0x0000FF
269.89 101.95 87.92 268.61 101.4 88.6 0.545 0x0000FF
270.44 102.13 86.7 269.89 101.95 87.92 0.545 0x0000FF
272.48 103.08 86.02 270.44 102.13 86.7 0.64 0x0000FF
274.12 104.17 85.95 272.48 103.08 86.02 0.545 0x0000FF
276.49 104.9 85.79 274.12 104.17 85.95 0.545 0x0000FF
278.86 105.81 85.57 276.49 104.9 85.79 0.545 0x0000FF
280.14 105.99 85.34 278.86 105.81 85.57 0.545 0x0000FF
281.42 106.36 84.89 280.14 105.99 85.34 0.545 0x0000FF
283.24 106.72 84.43 281.42 106.36 84.89 0.545 0x0000FF
284.16 106.9 85.19 283.24 106.72 84.43 0.545 0x0000FF
285.25 106.9 85.57 284.16 106.9 85.19 0.545 0x0000FF
287.07 107.27 85.95 285.25 106.9 85.57 0.545 0x0000FF
290.54 107.27 86.25 287.07 107.27 85.95 0.545 0x0000FF
293.83 107.45 86.55 290.54 107.27 86.25 0.545 0x0000FF
296.93 107.09 86.63 293.83 107.45 86.55 0.545 0x0000FF
298.57 106.9 86.85 296.93 107.09 86.63 0.545 0x0000FF
300.94 106.72 87.31 298.57 106.9 86.85 0.545 0x0000FF
304.23 106.54 87.46 300.94 106.72 87.31 0.545 0x0000FF
307.87 106.36 87.99 304.23 106.54 87.46 0.545 0x0000FF
309.88 106.36 88.29 307.87 106.36 87.99 0.545 0x0000FF
311.89 106.36 88.52 309.88 106.36 88.29 0.545 0x0000FF
315.35 106.36 88.75 311.89 106.36 88.52 0.545 0x0000FF
317.91 107.27 89.13 315.35 106.36 88.75 0.545 0x0000FF
325.75 109.27 89.58 317.91 107.27 89.13 0.455 0x0000FF
328.13 110.55 89.96 325.75 109.27 89.58 0.455 0x0000FF
329.77 111.46 90.34 328.13 110.55 89.96 0.455 0x0000FF
331.41 112.55 90.57 329.77 111.46 90.34 0.455 0x0000FF
333.42 114.01 90.79 331.41 112.55 90.57 0.455 0x0000FF
334.33 114.56 91.17 333.42 114.01 90.79 0.455 0x0000FF
336.7 116.01 91.4 334.33 114.56 91.17 0.455 0x0000FF
337.98 116.56 91.85 336.7 116.01 91.4 0.455 0x0000FF
341.26 117.47 92.16 337.98 116.56 91.85 0.365 0x0000FF
342.36 117.84 92.23 341.26 117.47 92.16 0.365 0x0000FF
343.82 118.38 92.38 342.36 117.84 92.23 0.365 0x0000FF
226.41 96.79 95.72 226.23 86.26 91.83 1.37 0x0000FF
227.14 98.79 95.87 226.41 96.79 95.72 1.37 0x0000FF
227.14 100.98 96.25 227.14 98.79 95.87 1.37 0x0000FF
227.5 103.17 96.55 227.14 100.98 96.25 1.37 0x0000FF
227.5 105.54 96.78 227.5 103.17 96.55 1.37 0x0000FF
229.14 106.63 97.01 227.5 105.54 96.78 1.095 0x0000FF
229.69 108.09 97.99 229.14 106.63 97.01 0.91 0x0000FF
229.87 108.63 97.99 229.69 108.09 97.99 0.91 0x0000FF
230.06 109.18 97.54 229.87 108.63 97.99 0.91 0x0000FF
230.06 109.73 97.23 230.06 109.18 97.54 0.91 0x0000FF
229.87 111.55 95.41 230.06 109.73 97.23 0.73 0x0000FF
229.87 112.46 95.34 229.87 111.55 95.41 0.73 0x0000FF
229.87 113.37 94.96 229.87 112.46 95.34 0.73 0x0000FF
229.69 114.28 94.66 229.87 113.37 94.96 0.73 0x0000FF
229.69 115.19 94.2 229.69 114.28 94.66 0.73 0x0000FF
229.51 115.92 92.91 229.69 115.19 94.2 0.73 0x0000FF
229.51 116.65 92.08 229.51 115.92 92.91 0.73 0x0000FF
229.51 117.2 91.55 229.51 116.65 92.08 0.73 0x0000FF
229.51 117.92 91.17 229.51 117.2 91.55 0.73 0x0000FF
229.69 119.38 89.73 229.51 117.92 91.17 0.73 0x0000FF
229.69 120.11 89.51 229.69 119.38 89.73 0.73 0x0000FF
230.06 120.84 88.75 229.69 120.11 89.51 0.64 0x0000FF
230.42 122.12 88.07 230.06 120.84 88.75 0.64 0x0000FF
230.97 122.84 87.84 230.42 122.12 88.07 0.64 0x0000FF
231.7 123.76 87.31 230.97 122.84 87.84 0.64 0x0000FF
231.88 124.12 86.55 231.7 123.76 87.31 0.545 0x0000FF
232.79 125.21 86.48 231.88 124.12 86.55 0.545 0x0000FF
233.52 125.58 86.25 232.79 125.21 86.48 0.365 0x0000FF
234.25 126.12 85.79 233.52 125.58 86.25 0.365 0x0000FF
227.32 106.08 98.07 227.5 105.54 96.78 1.37 0x0000FF
227.32 108.27 98.29 227.32 106.08 98.07 1.37 0x0000FF
226.95 111.0 98.82 227.32 108.27 98.29 1.37 0x0000FF
226.59 113.37 98.9 226.95 111.0 98.82 1.37 0x0000FF
226.04 115.92 99.05 226.59 113.37 98.9 1.37 0x0000FF
225.68 119.2 99.43 226.04 115.92 99.05 1.37 0x0000FF
224.77 124.85 99.66 225.68 119.2 99.43 1.37 0x0000FF
223.31 133.78 99.88 224.77 124.85 99.66 1.37 0x0000FF
222.94 136.87 100.04 223.31 133.78 99.88 1.37 0x0000FF
222.03 139.41 100.19 222.94 136.87 100.04 1.37 0x0000FF
221.48 141.61 100.49 222.03 139.41 100.19 1.37 0x0000FF
220.75 142.16 100.49 221.48 141.61 100.49 1.005 0x0000FF
219.11 141.43 100.64 220.75 142.16 100.49 0.91 0x0000FF
217.47 140.52 100.94 219.11 141.43 100.64 0.73 0x0000FF
216.01 140.15 101.25 217.47 140.52 100.94 0.73 0x0000FF
213.45 139.41 101.78 216.01 140.15 101.25 0.64 0x0000FF
210.35 139.41 101.85 213.45 139.41 101.78 0.64 0x0000FF
209.07 139.24 102.38 210.35 139.41 101.85 0.64 0x0000FF
208.16 139.24 102.61 209.07 139.24 102.38 0.64 0x0000FF
206.34 139.24 103.14 208.16 139.24 102.61 0.64 0x0000FF
203.6 139.06 103.52 206.34 139.24 103.14 0.64 0x0000FF
200.86 139.06 103.82 203.6 139.06 103.52 0.64 0x0000FF
197.58 139.41 104.05 200.86 139.06 103.82 0.64 0x0000FF
195.03 139.41 104.58 197.58 139.41 104.05 0.64 0x0000FF
191.56 139.24 104.88 195.03 139.41 104.58 0.64 0x0000FF
188.82 139.06 105.26 191.56 139.24 104.88 0.64 0x0000FF
186.27 139.06 105.57 188.82 139.06 105.26 0.64 0x0000FF
183.17 139.06 106.1 186.27 139.06 105.57 0.64 0x0000FF
180.79 139.06 106.47 183.17 139.06 106.1 0.64 0x0000FF
175.14 139.24 107.46 180.79 139.06 106.47 0.545 0x0000FF
173.31 139.24 107.69 175.14 139.24 107.46 0.545 0x0000FF
169.12 138.88 107.76 173.31 139.24 107.69 0.545 0x0000FF
167.29 138.88 108.14 169.12 138.88 107.76 0.545 0x0000FF
162.55 138.15 108.67 167.29 138.88 108.14 0.545 0x0000FF
159.26 137.78 109.05 162.55 138.15 108.67 0.545 0x0000FF
156.16 137.41 109.5 159.26 137.78 109.05 0.545 0x0000FF
154.34 137.6 110.19 156.16 137.41 109.5 0.545 0x0000FF
152.69 138.15 111.17 154.34 137.6 110.19 0.545 0x0000FF
149.22 138.88 111.85 152.69 138.15 111.17 0.545 0x0000FF
147.59 139.24 112.31 149.22 138.88 111.85 0.545 0x0000FF
144.85 139.06 112.91 147.59 139.24 112.31 0.545 0x0000FF
144.12 139.06 113.67 144.85 139.06 112.91 0.545 0x0000FF
142.11 139.79 114.28 144.12 139.06 113.67 0.545 0x0000FF
141.19 139.79 114.58 142.11 139.79 114.28 0.545 0x0000FF
139.38 139.97 114.81 141.19 139.79 114.58 0.545 0x0000FF
138.28 139.97 116.17 139.38 139.97 114.81 0.545 0x0000FF
136.46 139.61 117.15 138.28 139.97 116.17 0.545 0x0000FF
135.91 139.61 117.84 136.46 139.61 117.15 0.545 0x0000FF
132.26 139.41 118.67 135.91 139.61 117.84 0.545 0x0000FF
129.34 139.41 119.28 132.26 139.41 118.67 0.545 0x0000FF
126.24 139.41 119.5 129.34 139.41 119.28 0.545 0x0000FF
123.14 139.79 119.96 126.24 139.41 119.5 0.545 0x0000FF
121.31 140.52 120.18 123.14 139.79 119.96 0.545 0x0000FF
120.22 140.88 120.79 121.31 140.52 120.18 0.545 0x0000FF
119.67 141.06 121.62 120.22 140.88 120.79 0.545 0x0000FF
118.76 141.43 122.38 119.67 141.06 121.62 0.545 0x0000FF
116.94 142.16 123.82 118.76 141.43 122.38 0.545 0x0000FF
116.02 142.52 124.73 116.94 142.16 123.82 0.545 0x0000FF
114.38 142.69 125.34 116.02 142.52 124.73 0.545 0x0000FF
108.73 142.69 125.71 114.38 142.69 125.34 0.545 0x0000FF
106.9 142.52 125.94 108.73 142.69 125.71 0.545 0x0000FF
105.08 142.16 126.17 106.9 142.52 125.94 0.545 0x0000FF
102.34 141.97 126.47 105.08 142.16 126.17 0.545 0x0000FF
100.15 141.25 126.78 102.34 141.97 126.47 0.545 0x0000FF
77.02 136.63 127.23 100.15 141.25 126.78 0.545 0x0000FF
76.47 136.63 127.31 77.02 136.63 127.23 0.545 0x0000FF
69.54 135.0 127.31 76.47 136.63 127.31 0.545 0x0000FF
64.79 134.44 127.84 69.54 135.0 127.31 0.545 0x0000FF
64.06 134.27 128.06 64.79 134.44 127.84 0.545 0x0000FF
61.33 134.63 128.29 64.06 134.27 128.06 0.545 0x0000FF
60.23 134.63 127.99 61.33 134.63 128.29 0.545 0x0000FF
59.14 134.63 127.53 60.23 134.63 127.99 0.545 0x0000FF
57.5 134.63 127.23 59.14 134.63 127.53 0.545 0x0000FF
54.39 134.44 126.93 57.5 134.63 127.23 0.545 0x0000FF
52.57 134.44 126.62 54.39 134.44 126.93 0.545 0x0000FF
50.02 134.63 126.17 52.57 134.44 126.62 0.545 0x0000FF
48.37 134.63 125.41 50.02 134.63 126.17 0.545 0x0000FF
45.09 134.81 124.73 48.37 134.63 125.41 0.545 0x0000FF
39.43 136.27 124.2 45.09 134.81 124.73 0.545 0x0000FF
36.51 137.55 123.67 39.43 136.27 124.2 0.545 0x0000FF
33.59 138.63 123.29 36.51 137.55 123.67 0.455 0x0000FF
30.13 139.19 122.91 33.59 138.63 123.29 0.455 0x0000FF
25.38 141.01 122.31 30.13 139.19 122.91 0.365 0x0000FF
23.92 141.56 122.0 25.38 141.01 122.31 0.365 0x0000FF
20.09 143.01 120.87 23.92 141.56 122.0 0.365 0x0000FF
15.35 145.19 120.56 20.09 143.01 120.87 0.275 0x0000FF
220.97 142.28 99.13 221.48 141.61 100.49 1.46 0x0000FF
219.88 142.65 99.05 220.97 142.28 99.13 1.095 0x0000FF
218.97 143.19 99.28 219.88 142.65 99.05 1.005 0x0000FF
218.05 144.29 99.35 218.97 143.19 99.28 0.82 0x0000FF
216.59 145.02 99.66 218.05 144.29 99.35 0.545 0x0000FF
214.95 145.93 99.88 216.59 145.02 99.66 0.545 0x0000FF
213.49 147.02 100.11 214.95 145.93 99.88 0.545 0x0000FF
210.39 149.03 100.34 213.49 147.02 100.11 0.545 0x0000FF
206.38 150.85 100.57 210.39 149.03 100.34 0.545 0x0000FF
201.82 152.49 100.94 206.38 150.85 100.57 0.545 0x0000FF
199.26 153.22 100.79 201.82 152.49 100.94 0.545 0x0000FF
197.44 153.76 100.34 199.26 153.22 100.79 0.545 0x0000FF
193.61 154.86 99.58 197.44 153.76 100.34 0.545 0x0000FF
187.04 155.59 99.13 193.61 154.86 99.58 0.545 0x0000FF
180.47 156.5 98.44 187.04 155.59 99.13 0.545 0x0000FF
176.64 156.86 98.14 180.47 156.5 98.44 0.545 0x0000FF
170.62 157.04 97.54 176.64 156.86 98.14 0.545 0x0000FF
166.42 157.94 96.93 170.62 157.04 97.54 0.545 0x0000FF
163.5 159.41 96.48 166.42 157.94 96.93 0.545 0x0000FF
160.58 161.05 96.32 163.5 159.41 96.48 0.545 0x0000FF
155.84 165.06 96.17 160.58 161.05 96.32 0.545 0x0000FF
151.09 167.06 96.17 155.84 165.06 96.17 0.545 0x0000FF
146.72 169.43 96.02 151.09 167.06 96.17 0.545 0x0000FF
140.88 171.8 95.72 146.72 169.43 96.02 0.545 0x0000FF
135.22 173.26 95.41 140.88 171.8 95.72 0.545 0x0000FF
129.38 176.17 95.11 135.22 173.26 95.41 0.545 0x0000FF
126.28 177.81 95.04 129.38 176.17 95.11 0.545 0x0000FF
120.62 180.0 94.81 126.28 177.81 95.04 0.455 0x0000FF
117.52 182.55 94.66 120.62 180.0 94.81 0.275 0x0000FF
221.34 143.38 99.66 220.97 142.28 99.13 1.46 0x0000FF
221.7 148.47 99.66 221.34 143.38 99.66 1.46 0x0000FF
222.62 159.22 100.11 221.7 148.47 99.66 1.37 0x0000FF
223.89 172.53 100.26 222.62 159.22 100.11 1.37 0x0000FF
225.53 187.29 100.49 223.89 172.53 100.26 1.37 0x0000FF
225.9 194.58 100.64 225.53 187.29 100.49 1.37 0x0000FF
225.9 200.22 100.79 225.9 194.58 100.64 1.37 0x0000FF
224.62 205.69 100.87 225.9 200.22 100.79 1.37 0x0000FF
224.44 205.51 100.94 224.62 205.69 100.87 0.73 0x0000FF
223.71 205.51 101.17 224.44 205.51 100.94 0.73 0x0000FF
222.25 205.51 101.55 223.71 205.51 101.17 0.73 0x0000FF
221.16 205.69 101.85 222.25 205.51 101.55 0.73 0x0000FF
220.06 205.87 102.23 221.16 205.69 101.85 0.73 0x0000FF
219.33 205.87 102.61 220.06 205.87 102.23 0.73 0x0000FF
218.78 205.69 102.69 219.33 205.87 102.61 0.73 0x0000FF
218.24 206.42 103.82 218.78 205.69 102.69 0.545 0x0000FF
217.69 206.97 103.9 218.24 206.42 103.82 0.545 0x0000FF
215.14 207.15 104.2 217.69 206.97 103.9 0.455 0x0000FF
213.49 206.97 104.35 215.14 207.15 104.2 0.455 0x0000FF
212.4 207.33 104.35 213.49 206.97 104.35 0.365 0x0000FF
211.12 207.51 104.5 212.4 207.33 104.35 0.365 0x0000FF
208.93 207.69 104.73 211.12 207.51 104.5 0.275 0x0000FF
207.47 208.06 104.88 208.93 207.69 104.73 0.275 0x0000FF
218.78 205.51 101.93 218.78 205.69 102.69 0.365 0x0000FF
218.42 205.33 101.02 218.78 205.51 101.93 0.365 0x0000FF
217.87 205.51 100.72 218.42 205.33 101.02 0.365 0x0000FF
216.23 204.96 100.11 217.87 205.51 100.72 0.365 0x0000FF
214.22 204.96 99.51 216.23 204.96 100.11 0.365 0x0000FF
213.68 204.96 99.13 214.22 204.96 99.51 0.365 0x0000FF
212.4 205.33 98.67 213.68 204.96 99.13 0.365 0x0000FF
212.03 205.51 98.07 212.4 205.33 98.67 0.365 0x0000FF
210.94 205.87 97.54 212.03 205.51 98.07 0.365 0x0000FF
225.17 206.78 101.32 224.62 205.69 100.87 1.185 0x0000FF
224.81 209.52 101.17 225.17 206.78 101.32 1.185 0x0000FF
225.17 214.07 101.02 224.81 209.52 101.17 1.185 0x0000FF
224.62 216.8 100.57 225.17 214.07 101.02 1.185 0x0000FF
224.62 218.81 100.11 224.62 216.8 100.57 1.185 0x0000FF
224.81 220.99 99.73 224.62 218.81 100.11 1.185 0x0000FF
224.62 223.73 99.58 224.81 220.99 99.73 1.185 0x0000FF
224.62 224.27 99.96 224.62 223.73 99.58 1.185 0x0000FF
224.44 226.46 100.64 224.62 224.27 99.96 1.185 0x0000FF
224.44 228.28 100.79 224.44 226.46 100.64 1.185 0x0000FF
224.44 229.74 101.02 224.44 228.28 100.79 1.185 0x0000FF
224.44 231.2 101.25 224.44 229.74 101.02 1.185 0x0000FF
225.01 234.21 104.2 224.44 231.2 101.25 1.185 0x0000FF
224.83 238.22 104.43 225.01 234.21 104.2 1.185 0x0000FF
225.2 242.23 105.11 224.83 238.22 104.43 1.185 0x0000FF
225.38 245.87 105.64 225.2 242.23 105.11 1.185 0x0000FF
225.74 249.88 105.94 225.38 245.87 105.64 1.185 0x0000FF
225.38 254.8 106.93 225.74 249.88 105.94 1.185 0x0000FF
225.2 256.99 107.16 225.38 254.8 106.93 1.185 0x0000FF
227.39 257.52 107.08 225.2 256.99 107.16 1.095 0x0000FF
230.12 258.99 107.69 227.39 257.52 107.08 0.91 0x0000FF
233.41 260.08 107.99 230.12 258.99 107.69 0.91 0x0000FF
237.06 261.36 108.22 233.41 260.08 107.99 0.91 0x0000FF
239.79 262.27 108.44 237.06 261.36 108.22 0.91 0x0000FF
241.43 262.82 107.91 239.79 262.27 108.44 0.91 0x0000FF
243.81 263.18 107.16 241.43 262.82 107.91 0.91 0x0000FF
247.82 264.08 106.55 243.81 263.18 107.16 0.91 0x0000FF
250.92 264.82 106.02 247.82 264.08 106.55 0.91 0x0000FF
253.84 266.1 105.41 250.92 264.82 106.02 0.91 0x0000FF
257.31 268.1 104.73 253.84 266.1 105.41 0.82 0x0000FF
258.95 269.2 102.38 257.31 268.1 104.73 0.73 0x0000FF
260.23 269.92 102.31 258.95 269.2 102.38 0.73 0x0000FF
263.33 270.83 101.85 260.23 269.92 102.31 0.73 0x0000FF
266.61 271.93 101.85 263.33 270.83 101.85 0.64 0x0000FF
268.99 273.39 101.63 266.61 271.93 101.85 0.64 0x0000FF
269.72 273.75 101.32 268.99 273.39 101.63 0.64 0x0000FF
272.45 274.3 101.02 269.72 273.75 101.32 0.64 0x0000FF
274.08 274.48 100.72 272.45 274.3 101.02 0.64 0x0000FF
275.92 274.83 100.34 274.08 274.48 100.72 0.64 0x0000FF
278.66 275.57 100.04 275.92 274.83 100.34 0.64 0x0000FF
280.3 277.02 99.81 278.66 275.57 100.04 0.64 0x0000FF
283.39 277.94 99.43 280.3 277.02 99.81 0.64 0x0000FF
286.87 279.22 98.97 283.39 277.94 99.43 0.64 0x0000FF
287.95 279.58 98.6 286.87 279.22 98.97 0.64 0x0000FF
289.24 279.76 98.22 287.95 279.58 98.6 0.64 0x0000FF
294.35 281.04 97.54 289.24 279.76 98.22 0.64 0x0000FF
296.54 281.77 96.93 294.35 281.04 97.54 0.64 0x0000FF
298.73 283.23 96.1 296.54 281.77 96.93 0.64 0x0000FF
301.64 286.14 95.49 298.73 283.23 96.1 0.455 0x0000FF
303.64 287.77 95.04 301.64 286.14 95.49 0.455 0x0000FF
304.93 289.24 94.28 303.64 287.77 95.04 0.275 0x0000FF
225.38 258.99 107.08 225.2 256.99 107.16 1.275 0x0000FF
225.56 264.27 106.55 225.38 258.99 107.08 1.275 0x0000FF
225.38 270.11 106.02 225.56 264.27 106.55 1.275 0x0000FF
225.74 275.2 105.64 225.38 270.11 106.02 1.275 0x0000FF
226.29 284.86 105.41 225.74 275.2 105.64 1.275 0x0000FF
226.41 288.24 105.79 226.29 284.86 105.41 1.185 0x0000FF
227.14 293.35 106.02 226.41 288.24 105.79 1.185 0x0000FF
226.77 300.45 106.4 227.14 293.35 106.02 1.095 0x0000FF
226.23 303.19 106.55 226.77 300.45 106.4 1.095 0x0000FF
225.68 305.01 106.78 226.23 303.19 106.55 1.095 0x0000FF
225.5 306.83 107.0 225.68 305.01 106.78 1.095 0x0000FF
225.13 310.66 107.46 225.5 306.83 107.0 1.095 0x0000FF
224.04 316.49 107.61 225.13 310.66 107.46 1.095 0x0000FF
223.85 318.13 108.06 224.04 316.49 107.61 1.095 0x0000FF
223.67 320.86 108.29 223.85 318.13 108.06 1.095 0x0000FF
223.49 322.5 108.37 223.67 320.86 108.29 1.095 0x0000FF
223.49 324.14 108.75 223.49 322.5 108.37 1.095 0x0000FF
223.49 327.42 109.05 223.49 324.14 108.75 1.005 0x0000FF
223.49 330.15 109.35 223.49 327.42 109.05 1.005 0x0000FF
223.85 335.25 109.73 223.49 330.15 109.35 1.005 0x0000FF
224.22 339.62 110.03 223.85 335.25 109.73 1.005 0x0000FF
224.4 343.45 110.03 224.22 339.62 110.03 1.005 0x0000FF
224.77 345.82 110.49 224.4 343.45 110.03 1.005 0x0000FF
224.95 349.46 110.72 224.77 345.82 110.49 1.005 0x0000FF
225.68 353.47 110.87 224.95 349.46 110.72 1.005 0x0000FF
226.23 359.12 111.25 225.68 353.47 110.87 0.91 0x0000FF
226.77 361.67 111.47 226.23 359.12 111.25 0.91 0x0000FF
226.96 363.49 111.7 226.77 361.67 111.47 0.91 0x0000FF
226.96 366.59 112.0 226.96 363.49 111.7 0.91 0x0000FF
226.59 370.05 112.08 226.96 366.59 112.0 0.91 0x0000FF
225.86 373.15 112.23 226.59 370.05 112.08 0.91 0x0000FF
224.95 376.06 112.23 225.86 373.15 112.23 0.91 0x0000FF
223.12 380.44 112.46 224.95 376.06 112.23 0.82 0x0000FF
223.12 381.9 112.61 223.12 380.44 112.46 0.82 0x0000FF
222.94 384.08 112.84 223.12 381.9 112.61 0.82 0x0000FF
222.76 385.54 112.91 222.94 384.08 112.84 0.82 0x0000FF
222.76 389.37 112.91 222.76 385.54 112.91 0.82 0x0000FF
222.58 396.65 112.99 222.76 389.37 112.91 0.82 0x0000FF
222.94 399.93 113.14 222.58 396.65 112.99 0.82 0x0000FF
223.85 402.48 113.29 222.94 399.93 113.14 0.82 0x0000FF
223.67 410.86 113.59 223.85 402.48 113.29 0.73 0x0000FF
222.94 413.23 113.82 223.67 410.86 113.59 0.64 0x0000FF
222.94 413.96 113.97 222.94 413.23 113.82 0.64 0x0000FF
219.24 429.77 114.12 222.94 413.96 113.97 0.64 0x0000FF
218.88 432.68 114.58 219.24 429.77 114.12 0.64 0x0000FF
218.88 434.87 114.81 218.88 432.68 114.58 0.64 0x0000FF
218.88 440.15 115.19 218.88 434.87 114.81 0.64 0x0000FF
219.06 443.61 115.64 218.88 440.15 115.19 0.64 0x0000FF
219.24 447.08 116.17 219.06 443.61 115.64 0.64 0x0000FF
219.42 453.27 116.62 219.24 447.08 116.17 0.64 0x0000FF
219.97 455.82 117.31 219.42 453.27 116.62 0.64 0x0000FF
221.07 459.83 118.14 219.97 455.82 117.31 0.64 0x0000FF
221.61 461.65 118.22 221.07 459.83 118.14 0.64 0x0000FF
222.52 463.47 119.35 221.61 461.65 118.22 0.64 0x0000FF
222.89 464.39 119.35 222.52 463.47 119.35 0.64 0x0000FF
223.07 465.84 119.73 222.89 464.39 119.35 0.64 0x0000FF
223.44 468.21 119.96 223.07 465.84 119.73 0.64 0x0000FF
223.44 473.13 120.26 223.44 468.21 119.96 0.64 0x0000FF
223.25 475.32 120.49 223.44 473.13 120.26 0.64 0x0000FF
223.07 478.23 120.72 223.25 475.32 120.49 0.64 0x0000FF
222.89 480.97 121.17 223.07 478.23 120.72 0.64 0x0000FF
222.71 484.06 121.32 222.89 480.97 121.17 0.64 0x0000FF
222.52 488.8 121.4 222.71 484.06 121.32 0.64 0x0000FF
222.16 494.45 121.85 222.52 488.8 121.4 0.64 0x0000FF
220.7 497.91 122.08 222.16 494.45 121.85 0.64 0x0000FF
220.34 501.92 122.46 220.7 497.91 122.08 0.64 0x0000FF
220.34 505.38 122.68 220.34 501.92 122.46 0.64 0x0000FF
220.54 510.26 123.21 220.34 505.38 122.68 0.64 0x0000FF
220.54 512.09 123.37 220.54 510.26 123.21 0.64 0x0000FF
218.71 520.29 123.44 220.54 512.09 123.37 0.64 0x0000FF
218.17 524.66 123.52 218.71 520.29 123.44 0.64 0x0000FF
217.98 529.03 123.59 218.17 524.66 123.52 0.64 0x0000FF
217.8 537.78 123.75 217.98 529.03 123.59 0.64 0x0000FF
213.6 550.89 123.9 217.8 537.78 123.75 0.64 0x0000FF
212.87 552.53 123.97 213.6 550.89 123.9 0.64 0x0000FF
212.14 555.09 124.05 212.87 552.53 123.97 0.64 0x0000FF
211.05 561.64 124.12 212.14 555.09 124.05 0.64 0x0000FF
211.41 569.29 124.35 211.05 561.64 124.12 0.64 0x0000FF
211.96 574.58 124.35 211.41 569.29 124.35 0.64 0x0000FF
211.52 576.66 124.88 211.96 574.58 124.35 0.64 0x0000FF
211.52 578.12 124.96 211.52 576.66 124.88 0.64 0x0000FF
211.52 580.86 125.03 211.52 578.12 124.96 0.545 0x0000FF
211.7 583.04 125.11 211.52 580.86 125.03 0.545 0x0000FF
212.43 587.04 125.34 211.7 583.04 125.11 0.455 0x0000FF
213.16 588.87 125.56 212.43 587.04 125.34 0.455 0x0000FF
214.26 592.34 125.71 213.16 588.87 125.56 0.365 0x0000FF
214.81 594.16 125.79 214.26 592.34 125.71 0.365 0x0000FF
