96.67 -122.24 -21.62 84.19 -121.68 -22.86 0.365 0x0000FF
99.23 -122.24 -21.92 96.67 -122.24 -21.62 0.455 0x0000FF
99.59 -122.24 -22.6 99.23 -122.24 -21.92 0.455 0x0000FF
100.51 -122.05 -23.59 99.59 -122.24 -22.6 0.455 0x0000FF
103.24 -121.69 -24.5 100.51 -122.05 -23.59 0.455 0x0000FF
105.25 -120.78 -26.01 103.24 -121.69 -24.5 0.455 0x0000FF
110.72 -118.23 -26.69 105.25 -120.78 -26.01 0.455 0x0000FF
112.91 -116.41 -27.68 110.72 -118.23 -26.69 0.455 0x0000FF
114.01 -116.04 -28.36 112.91 -116.41 -27.68 0.455 0x0000FF
115.83 -116.59 -28.74 114.01 -116.04 -28.36 0.365 0x0000FF
117.66 -116.95 -28.97 115.83 -116.59 -28.74 0.365 0x0000FF
120.39 -117.86 -29.19 117.66 -116.95 -28.97 0.365 0x0000FF
122.76 -118.41 -29.65 120.39 -117.86 -29.19 0.365 0x0000FF
124.22 -119.14 -30.48 122.76 -118.41 -29.65 0.365 0x0000FF
126.23 -120.6 -31.47 124.22 -119.14 -30.48 0.365 0x0000FF
129.15 -122.78 -32.22 126.23 -120.6 -31.47 0.365 0x0000FF
132.43 -125.7 -33.06 129.15 -122.78 -32.22 0.365 0x0000FF
134.44 -126.79 -34.5 132.43 -125.7 -33.06 0.365 0x0000FF
141.01 -129.52 -35.33 134.44 -126.79 -34.5 0.365 0x0000FF
145.75 -133.35 -35.94 141.01 -129.52 -35.33 0.365 0x0000FF
153.41 -139.18 -36.69 145.75 -133.35 -35.94 0.365 0x0000FF
162.54 -146.29 -37.29 153.41 -139.18 -36.69 0.365 0x0000FF
168.01 -152.12 -38.06 162.54 -146.29 -37.29 0.365 0x0000FF
171.66 -155.21 -38.59 168.01 -152.12 -38.06 0.365 0x0000FF
176.22 -157.58 -39.5 171.66 -155.21 -38.59 0.365 0x0000FF
178.6 -159.22 -40.4 176.22 -157.58 -39.5 0.365 0x0000FF
184.8 -163.41 -41.92 178.6 -159.22 -40.4 0.365 0x0000FF
186.81 -165.23 -42.6 184.8 -163.41 -41.92 0.365 0x0000FF
188.27 -168.33 -43.44 186.81 -165.23 -42.6 0.365 0x0000FF
193.92 -171.25 -44.04 188.27 -168.33 -43.44 0.275 0x0000FF
197.02 -169.79 -44.27 193.92 -171.25 -44.04 0.275 0x0000FF
202.13 -170.15 -44.95 197.02 -169.79 -44.27 0.275 0x0000FF
203.96 -169.97 -45.1 202.13 -170.15 -44.95 0.275 0x0000FF
207.79 -168.33 -45.33 203.96 -169.97 -45.1 0.18 0x0000FF
209.61 -167.42 -45.78 207.79 -168.33 -45.33 0.18 0x0000FF
211.44 -167.79 -45.86 209.61 -167.42 -45.78 0.18 0x0000FF
214.74 -168.75 -46.39 211.44 -167.79 -45.86 0.18 0x0000FF
217.12 -170.39 -46.47 214.74 -168.75 -46.39 0.18 0x0000FF
218.94 -172.39 -46.92 217.12 -170.39 -46.47 0.18 0x0000FF
221.86 -176.04 -47.75 218.94 -172.39 -46.92 0.18 0x0000FF
226.24 -183.51 -47.75 221.86 -176.04 -47.75 0.18 0x0000FF
229.89 -189.52 -47.75 226.24 -183.51 -47.75 0.18 0x0000FF
116.04 -112.08 -27.75 114.01 -116.04 -28.36 0.365 0x0000FF
119.87 -107.35 -27.53 116.04 -112.08 -27.75 0.365 0x0000FF
123.15 -104.98 -27.6 119.87 -107.35 -27.53 0.365 0x0000FF
125.16 -104.07 -27.68 123.15 -104.98 -27.6 0.365 0x0000FF
127.17 -103.34 -27.75 125.16 -104.07 -27.68 0.275 0x0000FF
129.36 -102.24 -27.83 127.17 -103.34 -27.75 0.275 0x0000FF
131.72 -99.88 -27.91 129.36 -102.24 -27.83 0.275 0x0000FF
134.46 -96.96 -28.13 131.72 -99.88 -27.91 0.275 0x0000FF
136.11 -95.32 -28.36 134.46 -96.96 -28.13 0.275 0x0000FF
139.03 -92.41 -28.59 136.11 -95.32 -28.36 0.275 0x0000FF
142.68 -90.4 -27.53 139.03 -92.41 -28.59 0.275 0x0000FF
145.22 -89.67 -27.45 142.68 -90.4 -27.53 0.275 0x0000FF
148.88 -88.76 -26.47 145.22 -89.67 -27.45 0.275 0x0000FF
153.07 -87.85 -25.71 148.88 -88.76 -26.47 0.275 0x0000FF
156.72 -87.3 -25.03 153.07 -87.85 -25.71 0.275 0x0000FF
158.91 -87.12 -24.27 156.72 -87.3 -25.03 0.275 0x0000FF
160.74 -86.94 -23.74 158.91 -87.12 -24.27 0.275 0x0000FF
162.93 -86.76 -23.21 160.74 -86.94 -23.74 0.275 0x0000FF
165.66 -86.21 -22.38 162.93 -86.76 -23.21 0.275 0x0000FF
170.59 -82.75 -21.62 165.66 -86.21 -22.38 0.18 0x0000FF
172.6 -79.47 -21.09 170.59 -82.75 -21.62 0.18 0x0000FF
173.51 -76.19 -20.79 172.6 -79.47 -21.09 0.18 0x0000FF
129.54 -98.96 -27.6 125.16 -104.07 -27.68 0.18 0x0000FF
130.63 -94.77 -28.13 129.54 -98.96 -27.6 0.18 0x0000FF
131.72 -91.86 -28.44 130.63 -94.77 -28.13 0.18 0x0000FF
92.87 -129.94 -19.04 84.19 -121.68 -22.86 0.365 0x0000FF
94.51 -128.47 -18.97 92.87 -129.94 -19.04 0.365 0x0000FF
96.7 -126.84 -19.42 94.51 -128.47 -18.97 0.365 0x0000FF
98.16 -126.11 -20.1 96.7 -126.84 -19.42 0.365 0x0000FF
100.53 -125.75 -20.79 98.16 -126.11 -20.1 0.365 0x0000FF
104.54 -125.2 -21.32 100.53 -125.75 -20.79 0.365 0x0000FF
106.0 -123.38 -21.47 104.54 -125.2 -21.32 0.365 0x0000FF
107.1 -121.38 -20.26 106.0 -123.38 -21.47 0.365 0x0000FF
108.01 -119.55 -19.57 107.1 -121.38 -20.26 0.365 0x0000FF
110.2 -116.82 -18.89 108.01 -119.55 -19.57 0.365 0x0000FF
111.29 -115.18 -17.68 110.2 -116.82 -18.89 0.365 0x0000FF
113.12 -114.09 -17.0 111.29 -115.18 -17.68 0.365 0x0000FF
115.31 -113.18 -16.85 113.12 -114.09 -17.0 0.365 0x0000FF
118.04 -112.27 -15.94 115.31 -113.18 -16.85 0.365 0x0000FF
120.42 -111.17 -15.41 118.04 -112.27 -15.94 0.365 0x0000FF
123.15 -109.71 -15.03 120.42 -111.17 -15.41 0.365 0x0000FF
128.63 -106.62 -14.73 123.15 -109.71 -15.03 0.365 0x0000FF
131.55 -106.07 -14.8 128.63 -106.62 -14.73 0.365 0x0000FF
134.65 -104.98 -14.57 131.55 -106.07 -14.8 0.365 0x0000FF
138.11 -104.25 -13.67 134.65 -104.98 -14.57 0.275 0x0000FF
140.49 -103.88 -13.14 138.11 -104.25 -13.67 0.275 0x0000FF
141.58 -103.16 -12.07 140.49 -103.88 -13.14 0.275 0x0000FF
143.22 -98.6 -11.92 141.58 -103.16 -12.07 0.275 0x0000FF
145.59 -96.41 -11.92 143.22 -98.6 -11.92 0.275 0x0000FF
147.05 -95.32 -12.0 145.59 -96.41 -11.92 0.275 0x0000FF
149.61 -92.22 -12.0 147.05 -95.32 -12.0 0.18 0x0000FF
144.32 -102.06 -12.3 141.58 -103.16 -12.07 0.18 0x0000FF
147.05 -101.52 -12.45 144.32 -102.06 -12.3 0.18 0x0000FF
151.97 -100.6 -13.06 147.05 -101.52 -12.45 0.18 0x0000FF
157.63 -96.78 -13.44 151.97 -100.6 -13.06 0.18 0x0000FF
89.76 -110.81 -17.6 84.19 -121.68 -22.86 1.095 0x0000FF
89.77 -110.43 -14.2 89.76 -110.81 -17.6 0.82 0x0000FF
90.13 -108.97 -13.74 89.77 -110.43 -14.2 0.82 0x0000FF
90.68 -107.51 -13.51 90.13 -108.97 -13.74 0.82 0x0000FF
90.86 -106.42 -12.98 90.68 -107.51 -13.51 0.82 0x0000FF
91.05 -105.33 -12.6 90.86 -106.42 -12.98 0.82 0x0000FF
91.05 -104.42 -11.85 91.05 -105.33 -12.6 0.82 0x0000FF
91.78 -101.5 -11.54 91.05 -104.42 -11.85 0.82 0x0000FF
91.59 -100.23 -11.32 91.78 -101.5 -11.54 0.82 0x0000FF
91.41 -98.77 -10.79 91.59 -100.23 -11.32 0.82 0x0000FF
90.86 -97.49 -10.33 91.41 -98.77 -10.79 0.82 0x0000FF
90.5 -96.76 -10.11 90.86 -97.49 -10.33 0.82 0x0000FF
89.77 -96.22 -9.8 90.5 -96.76 -10.11 0.82 0x0000FF
88.49 -94.94 -9.73 89.77 -96.22 -9.8 0.82 0x0000FF
87.21 -92.94 -9.5 88.49 -94.94 -9.73 0.82 0x0000FF
86.85 -91.48 -9.27 87.21 -92.94 -9.5 0.82 0x0000FF
86.3 -90.02 -9.11 86.85 -91.48 -9.27 0.82 0x0000FF
86.3 -89.29 -8.89 86.3 -90.02 -9.11 0.82 0x0000FF
84.48 -87.29 -8.14 86.3 -89.29 -8.89 0.455 0x0000FF
84.11 -83.46 -7.45 84.48 -87.29 -8.14 0.455 0x0000FF
83.75 -80.55 -6.85 84.11 -83.46 -7.45 0.455 0x0000FF
83.75 -79.27 -6.39 83.75 -80.55 -6.85 0.455 0x0000FF
83.93 -78.18 -5.26 83.75 -79.27 -6.39 0.455 0x0000FF
83.93 -77.09 -4.73 83.93 -78.18 -5.26 0.455 0x0000FF
84.48 -75.81 -4.34 83.93 -77.09 -4.73 0.455 0x0000FF
84.84 -75.08 -3.67 84.48 -75.81 -4.34 0.455 0x0000FF
86.85 -73.26 -3.29 84.84 -75.08 -3.67 0.455 0x0000FF
90.13 -70.7 -2.76 86.85 -73.26 -3.29 0.365 0x0000FF
91.78 -68.52 -2.38 90.13 -70.7 -2.76 0.365 0x0000FF
93.24 -65.06 -1.92 91.78 -68.52 -2.38 0.275 0x0000FF
93.78 -62.69 -1.77 93.24 -65.06 -1.92 0.275 0x0000FF
95.24 -59.6 -1.62 93.78 -62.69 -1.77 0.275 0x0000FF
97.07 -57.59 -1.55 95.24 -59.6 -1.62 0.275 0x0000FF
99.44 -56.13 -1.32 97.07 -57.59 -1.55 0.275 0x0000FF
101.63 -55.95 -1.02 99.44 -56.13 -1.32 0.275 0x0000FF
104.18 -56.13 -0.94 101.63 -55.95 -1.02 0.275 0x0000FF
106.37 -56.5 -0.56 104.18 -56.13 -0.94 0.275 0x0000FF
86.85 -87.29 -8.74 86.3 -89.29 -8.89 0.455 0x0000FF
88.13 -84.92 -8.82 86.85 -87.29 -8.74 0.455 0x0000FF
88.86 -81.45 -8.89 88.13 -84.92 -8.82 0.455 0x0000FF
90.13 -77.45 -8.51 88.86 -81.45 -8.89 0.455 0x0000FF
90.86 -74.34 -8.14 90.13 -77.45 -8.51 0.455 0x0000FF
91.41 -72.53 -7.91 90.86 -74.34 -8.14 0.455 0x0000FF
92.14 -70.53 -9.27 91.41 -72.53 -7.91 0.455 0x0000FF
92.87 -69.06 -9.8 92.14 -70.53 -9.27 0.455 0x0000FF
93.97 -67.43 -10.11 92.87 -69.06 -9.8 0.455 0x0000FF
96.34 -63.79 -11.24 93.97 -67.43 -10.11 0.365 0x0000FF
98.16 -59.78 -11.47 96.34 -63.79 -11.24 0.365 0x0000FF
100.53 -53.77 -12.0 98.16 -59.78 -11.47 0.365 0x0000FF
102.36 -49.76 -12.68 100.53 -53.77 -12.0 0.365 0x0000FF
102.54 -48.3 -13.36 102.36 -49.76 -12.68 0.365 0x0000FF
103.45 -46.66 -14.95 102.54 -48.3 -13.36 0.365 0x0000FF
104.18 -45.75 -15.79 103.45 -46.66 -14.95 0.365 0x0000FF
106.74 -43.02 -16.62 104.18 -45.75 -15.79 0.275 0x0000FF
80.09 -114.07 -22.15 84.19 -121.68 -22.86 1.275 0x0000FF
81.19 -112.62 -22.45 80.09 -114.07 -22.15 1.275 0x0000FF
81.92 -109.34 -23.29 81.19 -112.62 -22.45 1.275 0x0000FF
79.92 -108.24 -23.82 81.92 -109.34 -23.29 1.275 0x0000FF
76.63 -107.33 -24.19 79.92 -108.24 -23.82 1.095 0x0000FF
74.63 -106.79 -24.65 76.63 -107.33 -24.19 1.005 0x0000FF
73.34 -106.06 -25.1 74.63 -106.79 -24.65 1.005 0x0000FF
69.33 -105.15 -25.33 73.34 -106.06 -25.1 0.64 0x0000FF
65.14 -104.23 -25.33 69.33 -105.15 -25.33 0.64 0x0000FF
61.67 -102.41 -25.33 65.14 -104.23 -25.33 0.545 0x0000FF
60.21 -100.95 -24.95 61.67 -102.41 -25.33 0.545 0x0000FF
57.47 -98.4 -24.57 60.21 -100.95 -24.95 0.545 0x0000FF
54.37 -94.58 -24.35 57.47 -98.4 -24.57 0.545 0x0000FF
51.27 -90.57 -23.89 54.37 -94.58 -24.35 0.545 0x0000FF
42.15 -83.65 -22.68 51.27 -90.57 -23.89 0.455 0x0000FF
38.5 -80.37 -22.53 42.15 -83.65 -22.68 0.455 0x0000FF
33.57 -76.18 -22.07 38.5 -80.37 -22.53 0.455 0x0000FF
25.73 -71.98 -21.62 33.57 -76.18 -22.07 0.455 0x0000FF
20.25 -70.16 -23.13 25.73 -71.98 -21.62 0.455 0x0000FF
16.6 -69.06 -23.66 20.25 -70.16 -23.13 0.455 0x0000FF
6.93 -60.69 -24.42 16.6 -69.06 -23.66 0.365 0x0000FF
0.0 -55.95 -24.88 6.93 -60.69 -24.42 0.365 0x0000FF
-9.67 -48.48 -25.26 0.0 -55.95 -24.88 0.365 0x0000FF
-22.26 -43.02 -25.48 -9.67 -48.48 -25.26 0.365 0x0000FF
-34.47 -35.36 -26.01 -22.26 -43.02 -25.48 0.365 0x0000FF
-41.23 -34.09 -26.24 -34.47 -35.36 -26.01 0.365 0x0000FF
-43.97 -34.09 -26.85 -41.23 -34.09 -26.24 0.365 0x0000FF
-54.96 -33.72 -27.15 -43.97 -34.09 -26.85 0.275 0x0000FF
-60.26 -30.45 -27.6 -54.96 -33.72 -27.15 0.275 0x0000FF
72.2 -102.42 -24.72 73.34 -106.06 -25.1 0.365 0x0000FF
69.09 -99.14 -24.42 72.2 -102.42 -24.72 0.365 0x0000FF
65.09 -94.77 -23.97 69.09 -99.14 -24.42 0.365 0x0000FF
59.25 -88.94 -23.66 65.09 -94.77 -23.97 0.365 0x0000FF
55.05 -84.93 -23.51 59.25 -88.94 -23.66 0.365 0x0000FF
51.41 -82.38 -22.91 55.05 -84.93 -23.51 0.365 0x0000FF
47.57 -79.09 -22.0 51.41 -82.38 -22.91 0.365 0x0000FF
45.38 -76.73 -21.39 47.57 -79.09 -22.0 0.365 0x0000FF
43.56 -74.36 -19.35 45.38 -76.73 -21.39 0.275 0x0000FF
42.47 -72.36 -18.51 43.56 -74.36 -19.35 0.275 0x0000FF
41.74 -70.54 -17.76 42.47 -72.36 -18.51 0.275 0x0000FF
40.28 -69.63 -17.45 41.74 -70.54 -17.76 0.275 0x0000FF
39.18 -68.9 -17.0 40.28 -69.63 -17.45 0.275 0x0000FF
37.17 -68.9 -16.39 39.18 -68.9 -17.0 0.18 0x0000FF
36.44 -69.44 -16.32 37.17 -68.9 -16.39 0.18 0x0000FF
36.08 -70.54 -16.23 36.44 -69.44 -16.32 0.18 0x0000FF
74.03 -120.46 -22.0 84.19 -121.68 -22.86 1.915 0x0000FF
72.2 -119.91 -22.0 74.03 -120.46 -22.0 1.915 0x0000FF
69.83 -120.09 -22.0 72.2 -119.91 -22.0 1.735 0x0000FF
66.0 -119.73 -22.0 69.83 -120.09 -22.0 1.735 0x0000FF
65.27 -119.55 -22.0 66.0 -119.73 -22.0 1.735 0x0000FF
62.54 -117.54 -21.92 65.27 -119.55 -22.0 0.82 0x0000FF
58.16 -114.99 -21.92 62.54 -117.54 -21.92 0.73 0x0000FF
53.6 -113.72 -21.92 58.16 -114.99 -21.92 0.73 0x0000FF
47.57 -111.35 -21.92 53.6 -113.72 -21.92 0.73 0x0000FF
43.56 -110.44 -22.0 47.57 -111.35 -21.92 0.73 0x0000FF
40.64 -108.43 -21.47 43.56 -110.44 -22.0 0.73 0x0000FF
39.18 -106.98 -20.86 40.64 -108.43 -21.47 0.73 0x0000FF
38.45 -106.25 -20.26 39.18 -106.98 -20.86 0.73 0x0000FF
37.54 -105.52 -19.8 38.45 -106.25 -20.26 0.73 0x0000FF
35.17 -104.79 -19.57 37.54 -105.52 -19.8 0.455 0x0000FF
34.07 -104.43 -18.66 35.17 -104.79 -19.57 0.365 0x0000FF
31.15 -103.7 -18.36 34.07 -104.43 -18.66 0.275 0x0000FF
29.88 -103.33 -17.98 31.15 -103.7 -18.36 0.275 0x0000FF
26.96 -101.87 -17.68 29.88 -103.33 -17.98 0.275 0x0000FF
25.68 -101.15 -17.3 26.96 -101.87 -17.68 0.275 0x0000FF
24.22 -100.42 -17.23 25.68 -101.15 -17.3 0.275 0x0000FF
22.58 -99.69 -15.79 24.22 -100.42 -17.23 0.275 0x0000FF
20.75 -98.23 -15.48 22.58 -99.69 -15.79 0.275 0x0000FF
19.29 -97.5 -13.97 20.75 -98.23 -15.48 0.275 0x0000FF
15.64 -96.04 -13.51 19.29 -97.5 -13.97 0.275 0x0000FF
10.17 -93.86 -12.91 15.64 -96.04 -13.51 0.275 0x0000FF
6.34 -92.22 -12.45 10.17 -93.86 -12.91 0.275 0x0000FF
3.24 -90.4 -11.85 6.34 -92.22 -12.45 0.275 0x0000FF
0.5 -87.3 -11.7 3.24 -90.4 -11.85 0.275 0x0000FF
-0.96 -86.02 -11.39 0.5 -87.3 -11.7 0.275 0x0000FF
-3.88 -82.2 -11.09 -0.96 -86.02 -11.39 0.275 0x0000FF
-6.43 -79.09 -10.64 -3.88 -82.2 -11.09 0.275 0x0000FF
-7.53 -77.45 -10.02 -6.43 -79.09 -10.64 0.275 0x0000FF
-9.9 -75.45 -9.27 -7.53 -77.45 -10.02 0.275 0x0000FF
-12.27 -74.0 -8.74 -9.9 -75.45 -9.27 0.275 0x0000FF
-13.0 -72.72 -8.44 -12.27 -74.0 -8.74 0.275 0x0000FF
27.5 -103.33 -16.92 29.88 -103.33 -17.98 0.275 0x0000FF
23.13 -103.33 -15.94 27.5 -103.33 -16.92 0.275 0x0000FF
14.73 -102.06 -15.33 23.13 -103.33 -15.94 0.275 0x0000FF
8.89 -101.33 -14.95 14.73 -102.06 -15.33 0.275 0x0000FF
1.96 -100.24 -14.35 8.89 -101.33 -14.95 0.275 0x0000FF
-20.48 -95.5 -13.82 1.96 -100.24 -14.35 0.275 0x0000FF
-27.05 -91.13 -13.67 -20.48 -95.5 -13.82 0.275 0x0000FF
-30.7 -85.29 -12.98 -27.05 -91.13 -13.67 0.275 0x0000FF
-34.15 -79.83 -12.45 -30.7 -85.29 -12.98 0.275 0x0000FF
-36.17 -77.09 -12.53 -34.15 -79.83 -12.45 0.275 0x0000FF
-39.09 -72.36 -14.2 -36.17 -77.09 -12.53 0.275 0x0000FF
-42.01 -69.44 -12.83 -39.09 -72.36 -14.2 0.275 0x0000FF
-44.75 -66.16 -11.92 -42.01 -69.44 -12.83 0.275 0x0000FF
-51.32 -63.07 -11.09 -44.75 -66.16 -11.92 0.275 0x0000FF
-54.42 -57.24 -9.65 -51.32 -63.07 -11.09 0.275 0x0000FF
-55.51 -55.41 -8.14 -54.42 -57.24 -9.65 0.275 0x0000FF
36.99 -102.42 -19.57 37.54 -105.52 -19.8 0.365 0x0000FF
36.26 -99.69 -20.1 36.99 -102.42 -19.57 0.365 0x0000FF
36.81 -96.41 -20.48 36.26 -99.69 -20.1 0.365 0x0000FF
37.17 -95.5 -21.32 36.81 -96.41 -20.48 0.365 0x0000FF
37.72 -92.4 -22.0 37.17 -95.5 -21.32 0.365 0x0000FF
37.36 -90.4 -22.98 37.72 -92.4 -22.0 0.275 0x0000FF
36.44 -88.39 -23.82 37.36 -90.4 -22.98 0.275 0x0000FF
34.97 -86.75 -24.5 36.44 -88.39 -23.82 0.275 0x0000FF
31.88 -84.2 -24.95 34.97 -86.75 -24.5 0.275 0x0000FF
29.69 -82.56 -25.71 31.88 -84.2 -24.95 0.275 0x0000FF
26.96 -79.83 -31.09 29.69 -82.56 -25.71 0.275 0x0000FF
24.95 -76.73 -31.09 26.96 -79.83 -31.09 0.275 0x0000FF
23.13 -74.91 -31.62 24.95 -76.73 -31.09 0.275 0x0000FF
22.21 -72.72 -31.77 23.13 -74.91 -31.62 0.275 0x0000FF
21.48 -70.34 -31.77 22.21 -72.72 -31.77 0.275 0x0000FF
21.3 -67.26 -32.07 21.48 -70.34 -31.77 0.275 0x0000FF
21.3 -65.98 -32.29 21.3 -67.26 -32.07 0.275 0x0000FF
22.03 -64.16 -32.38 21.3 -65.98 -32.29 0.275 0x0000FF
23.13 -63.07 -32.6 22.03 -64.16 -32.38 0.275 0x0000FF
23.86 -62.52 -32.9 23.13 -63.07 -32.6 0.275 0x0000FF
24.95 -61.97 -33.13 23.86 -62.52 -32.9 0.275 0x0000FF
64.72 -120.09 -22.83 65.27 -119.55 -22.0 1.005 0x0000FF
63.81 -120.09 -23.21 64.72 -120.09 -22.83 1.005 0x0000FF
63.27 -119.91 -25.18 63.81 -120.09 -23.21 1.005 0x0000FF
61.81 -119.91 -25.94 63.27 -119.91 -25.18 1.005 0x0000FF
60.89 -120.46 -27.22 61.81 -119.91 -25.94 1.005 0x0000FF
59.62 -120.82 -29.27 60.89 -120.46 -27.22 1.005 0x0000FF
58.16 -121.55 -30.1 59.62 -120.82 -29.27 0.82 0x0000FF
57.45 -123.12 -31.24 58.16 -121.55 -30.1 0.64 0x0000FF
57.27 -124.03 -30.94 57.45 -123.12 -31.24 0.64 0x0000FF
56.9 -124.94 -32.83 57.27 -124.03 -30.94 0.64 0x0000FF
56.72 -125.67 -33.65 56.9 -124.94 -32.83 0.64 0x0000FF
54.53 -128.77 -34.95 56.72 -125.67 -33.65 0.545 0x0000FF
53.44 -129.86 -36.01 54.53 -128.77 -34.95 0.455 0x0000FF
52.16 -131.32 -36.47 53.44 -129.86 -36.01 0.365 0x0000FF
51.43 -132.05 -37.68 52.16 -131.32 -36.47 0.365 0x0000FF
51.06 -132.6 -38.13 51.43 -132.05 -37.68 0.275 0x0000FF
56.35 -122.03 -29.72 58.16 -121.55 -30.1 0.455 0x0000FF
52.34 -122.03 -29.72 56.35 -122.03 -29.72 0.455 0x0000FF
47.78 -122.39 -29.57 52.34 -122.03 -29.72 0.455 0x0000FF
45.77 -122.57 -29.8 47.78 -122.39 -29.57 0.455 0x0000FF
44.13 -122.76 -30.1 45.77 -122.57 -29.8 0.455 0x0000FF
40.65 -122.57 -30.71 44.13 -122.76 -30.1 0.455 0x0000FF
36.65 -122.76 -31.85 40.65 -122.57 -30.71 0.455 0x0000FF
32.64 -123.12 -32.29 36.65 -122.76 -31.85 0.455 0x0000FF
29.35 -122.94 -32.97 32.64 -123.12 -32.29 0.455 0x0000FF
24.97 -123.49 -34.19 29.35 -122.94 -32.97 0.455 0x0000FF
20.59 -122.94 -34.88 24.97 -123.49 -34.19 0.455 0x0000FF
17.3 -123.12 -35.25 20.59 -122.94 -34.88 0.455 0x0000FF
9.46 -123.3 -36.31 17.3 -123.12 -35.25 0.365 0x0000FF
4.72 -124.03 -37.22 9.46 -123.3 -36.31 0.365 0x0000FF
2.71 -124.76 -38.44 4.72 -124.03 -37.22 0.365 0x0000FF
-1.67 -126.4 -39.72 2.71 -124.76 -38.44 0.365 0x0000FF
-10.06 -127.86 -40.86 -1.67 -126.4 -39.72 0.365 0x0000FF
-18.45 -127.49 -42.45 -10.06 -127.86 -40.86 0.365 0x0000FF
-28.85 -125.67 -43.89 -18.45 -127.49 -42.45 0.365 0x0000FF
-34.86 -126.58 -45.25 -28.85 -125.67 -43.89 0.365 0x0000FF
-40.89 -127.68 -49.04 -34.86 -126.58 -45.25 0.365 0x0000FF
-42.53 -128.04 -49.95 -40.89 -127.68 -49.04 0.365 0x0000FF
-49.1 -129.5 -51.16 -42.53 -128.04 -49.95 0.365 0x0000FF
-63.33 -133.13 -52.37 -49.1 -129.5 -51.16 0.365 0x0000FF
-70.09 -134.96 -53.66 -63.33 -133.13 -52.37 0.365 0x0000FF
-72.81 -136.97 -55.56 -70.09 -134.96 -53.66 0.365 0x0000FF
-79.98 -142.43 -57.22 -72.81 -136.97 -55.56 0.365 0x0000FF
-87.65 -145.88 -58.21 -79.98 -142.43 -57.22 0.365 0x0000FF
-97.5 -150.63 -59.42 -87.65 -145.88 -58.21 0.275 0x0000FF
81.81 -133.63 -18.73 84.19 -121.68 -22.86 2.735 0x0000FF
81.45 -137.29 -18.73 81.81 -133.63 -18.73 2.555 0x0000FF
80.72 -142.38 -18.73 81.45 -137.29 -18.73 2.28 0x0000FF
80.91 -145.66 -18.29 80.72 -142.38 -18.73 2.28 0x0000FF
80.72 -147.49 -18.05 80.91 -145.66 -18.29 2.28 0x0000FF
79.63 -152.22 -17.82 80.72 -147.49 -18.05 2.28 0x0000FF
79.63 -153.87 -17.68 79.63 -152.22 -17.82 2.28 0x0000FF
78.17 -154.41 -17.68 79.63 -153.87 -17.68 1.005 0x0000FF
75.98 -155.13 -17.3 78.17 -154.41 -17.68 0.82 0x0000FF
74.52 -155.87 -16.92 75.98 -155.13 -17.3 0.64 0x0000FF
74.16 -156.24 -16.23 74.52 -155.87 -16.92 0.64 0x0000FF
73.43 -156.41 -16.47 74.16 -156.24 -16.23 0.64 0x0000FF
72.15 -156.78 -18.13 73.43 -156.41 -16.47 0.64 0x0000FF
70.87 -157.15 -19.27 72.15 -156.78 -18.13 0.64 0x0000FF
67.22 -157.69 -20.18 70.87 -157.15 -19.27 0.545 0x0000FF
64.84 -158.61 -20.79 67.22 -157.69 -20.18 0.545 0x0000FF
62.3 -158.97 -21.85 64.84 -158.61 -20.79 0.545 0x0000FF
56.27 -159.88 -23.21 62.3 -158.97 -21.85 0.545 0x0000FF
49.71 -160.06 -24.19 56.27 -159.88 -23.21 0.545 0x0000FF
45.33 -160.43 -24.8 49.71 -160.06 -24.19 0.545 0x0000FF
40.22 -161.69 -25.56 45.33 -160.43 -24.8 0.545 0x0000FF
36.2 -162.43 -24.65 40.22 -161.69 -25.56 0.455 0x0000FF
34.75 -164.07 -24.35 36.2 -162.43 -24.65 0.455 0x0000FF
32.36 -164.25 -23.44 34.75 -164.07 -24.35 0.275 0x0000FF
79.98 -158.06 -17.53 79.63 -153.87 -17.68 1.55 0x0000FF
79.98 -161.16 -17.3 79.98 -158.06 -17.53 1.55 0x0000FF
80.54 -164.8 -17.0 79.98 -161.16 -17.3 1.55 0x0000FF
80.36 -170.45 -16.7 80.54 -164.8 -17.0 1.55 0x0000FF
81.09 -174.46 -16.54 80.36 -170.45 -16.7 1.55 0x0000FF
82.55 -176.64 -16.77 81.09 -174.46 -16.54 1.55 0x0000FF
83.83 -180.29 -17.07 82.55 -176.64 -16.77 1.55 0x0000FF
84.55 -182.11 -17.3 83.83 -180.29 -17.07 1.55 0x0000FF
88.2 -188.85 -17.98 84.55 -182.11 -17.3 1.55 0x0000FF
88.57 -190.13 -18.44 88.2 -188.85 -17.98 1.55 0x0000FF
89.12 -190.67 -18.73 88.57 -190.13 -18.44 1.55 0x0000FF
89.66 -192.13 -19.2 89.12 -190.67 -18.73 1.55 0x0000FF
90.58 -193.59 -19.35 89.66 -192.13 -19.2 1.55 0x0000FF
91.85 -194.5 -19.64 90.58 -193.59 -19.35 0.91 0x0000FF
95.14 -193.41 -20.03 91.85 -194.5 -19.64 0.82 0x0000FF
96.96 -192.13 -20.48 95.14 -193.41 -20.03 0.82 0x0000FF
102.07 -190.13 -20.03 96.96 -192.13 -20.48 0.73 0x0000FF
103.53 -189.03 -19.8 102.07 -190.13 -20.03 0.73 0x0000FF
105.9 -188.3 -18.97 103.53 -189.03 -19.8 0.73 0x0000FF
108.64 -186.66 -19.57 105.9 -188.3 -18.97 0.73 0x0000FF
111.38 -185.75 -20.48 108.64 -186.66 -19.57 0.545 0x0000FF
113.02 -185.02 -21.16 111.38 -185.75 -20.48 0.545 0x0000FF
115.02 -184.11 -22.0 113.02 -185.02 -21.16 0.545 0x0000FF
117.03 -183.39 -23.21 115.02 -184.11 -22.0 0.545 0x0000FF
119.22 -182.29 -24.12 117.03 -183.39 -23.21 0.545 0x0000FF
120.5 -182.29 -25.1 119.22 -182.29 -24.12 0.545 0x0000FF
121.23 -182.11 -26.24 120.5 -182.29 -25.1 0.545 0x0000FF
121.96 -181.56 -27.91 121.23 -182.11 -26.24 0.545 0x0000FF
122.69 -181.02 -29.95 121.96 -181.56 -27.91 0.545 0x0000FF
123.6 -180.83 -31.39 122.69 -181.02 -29.95 0.545 0x0000FF
125.79 -180.65 -32.75 123.6 -180.83 -31.39 0.545 0x0000FF
127.25 -180.11 -34.65 125.79 -180.65 -32.75 0.365 0x0000FF
132.9 -177.19 -35.56 127.25 -180.11 -34.65 0.365 0x0000FF
134.72 -177.01 -35.86 132.9 -177.19 -35.56 0.275 0x0000FF
90.76 -194.86 -19.35 90.58 -193.59 -19.35 1.275 0x0000FF
91.31 -197.78 -18.73 90.76 -194.86 -19.35 1.275 0x0000FF
91.85 -199.97 -18.66 91.31 -197.78 -18.73 1.275 0x0000FF
92.4 -202.33 -18.21 91.85 -199.97 -18.66 1.095 0x0000FF
93.5 -204.34 -17.82 92.4 -202.33 -18.21 1.095 0x0000FF
94.41 -206.34 -17.53 93.5 -204.34 -17.82 1.005 0x0000FF
95.68 -208.71 -17.3 94.41 -206.34 -17.53 1.005 0x0000FF
97.33 -211.99 -16.77 95.68 -208.71 -17.3 1.005 0x0000FF
97.87 -213.99 -16.23 97.33 -211.99 -16.77 1.005 0x0000FF
98.42 -216.0 -16.01 97.87 -213.99 -16.23 1.005 0x0000FF
98.6 -218.0 -15.56 98.42 -216.0 -16.01 1.005 0x0000FF
98.24 -220.74 -15.1 98.6 -218.0 -15.56 1.005 0x0000FF
95.87 -225.11 -14.35 98.24 -220.74 -15.1 1.005 0x0000FF
95.32 -228.21 -13.97 95.87 -225.11 -14.35 1.005 0x0000FF
95.5 -230.76 -13.67 95.32 -228.21 -13.97 1.005 0x0000FF
96.23 -232.94 -13.29 95.5 -230.76 -13.67 1.005 0x0000FF
96.52 -235.84 -14.88 96.23 -232.94 -13.29 1.005 0x0000FF
96.52 -240.21 -14.12 96.52 -235.84 -14.88 1.005 0x0000FF
96.71 -246.41 -13.67 96.52 -240.21 -14.12 1.005 0x0000FF
96.71 -250.05 -12.83 96.71 -246.41 -13.67 1.005 0x0000FF
97.25 -253.33 -12.07 96.71 -250.05 -12.83 1.005 0x0000FF
97.25 -259.16 -11.62 97.25 -253.33 -12.07 1.005 0x0000FF
97.62 -262.26 -10.02 97.25 -259.16 -11.62 0.91 0x0000FF
97.98 -263.52 -9.65 97.62 -262.26 -10.02 0.64 0x0000FF
98.9 -263.89 -9.42 97.98 -263.52 -9.65 0.64 0x0000FF
100.54 -263.52 -8.59 98.9 -263.89 -9.42 0.64 0x0000FF
101.27 -262.99 -8.28 100.54 -263.52 -8.59 0.64 0x0000FF
102.73 -262.26 -7.23 101.27 -262.99 -8.28 0.64 0x0000FF
103.64 -261.52 -6.85 102.73 -262.26 -7.23 0.545 0x0000FF
104.74 -261.52 -5.94 103.64 -261.52 -6.85 0.545 0x0000FF
105.28 -261.35 -5.33 104.74 -261.52 -5.94 0.545 0x0000FF
106.01 -261.17 -4.88 105.28 -261.35 -5.33 0.545 0x0000FF
107.11 -260.98 -4.2 106.01 -261.17 -4.88 0.545 0x0000FF
108.38 -260.62 -3.74 107.11 -260.98 -4.2 0.545 0x0000FF
108.93 -260.44 -2.83 108.38 -260.62 -3.74 0.545 0x0000FF
111.12 -258.62 -2.38 108.93 -260.44 -2.83 0.545 0x0000FF
111.85 -257.89 -1.24 111.12 -258.62 -2.38 0.545 0x0000FF
112.4 -257.33 -0.56 111.85 -257.89 -1.24 0.545 0x0000FF
112.95 -256.25 -1.02 112.4 -257.33 -0.56 0.545 0x0000FF
113.49 -255.34 -2.08 112.95 -256.25 -1.02 0.545 0x0000FF
114.95 -254.42 -3.21 113.49 -255.34 -2.08 0.455 0x0000FF
117.14 -251.69 -3.44 114.95 -254.42 -3.21 0.455 0x0000FF
118.78 -250.05 -3.51 117.14 -251.69 -3.44 0.455 0x0000FF
120.61 -249.69 -3.51 118.78 -250.05 -3.51 0.365 0x0000FF
122.43 -250.42 -3.51 120.61 -249.69 -3.51 0.275 0x0000FF
97.8 -265.17 -9.19 97.62 -262.26 -10.02 0.91 0x0000FF
97.44 -269.18 -8.89 97.8 -265.17 -9.19 0.91 0x0000FF
97.62 -270.64 -9.27 97.44 -269.18 -8.89 0.91 0x0000FF
97.62 -271.01 -10.02 97.62 -270.64 -9.27 0.91 0x0000FF
97.44 -273.37 -9.35 97.62 -271.01 -10.02 0.73 0x0000FF
97.07 -275.74 -9.5 97.44 -273.37 -9.35 0.73 0x0000FF
96.71 -279.93 -9.65 97.07 -275.74 -9.5 0.73 0x0000FF
95.61 -285.02 -9.94 96.71 -279.93 -9.65 0.73 0x0000FF
94.88 -291.41 -10.02 95.61 -285.02 -9.94 0.73 0x0000FF
95.07 -296.51 -10.48 94.88 -291.41 -10.02 0.73 0x0000FF
95.07 -300.7 -9.73 95.07 -296.51 -10.48 0.73 0x0000FF
94.34 -303.44 -9.35 95.07 -300.7 -9.73 0.73 0x0000FF
92.51 -307.63 -9.03 94.34 -303.44 -9.35 0.73 0x0000FF
91.78 -310.0 -7.98 92.51 -307.63 -9.03 0.73 0x0000FF
91.05 -318.92 -7.53 91.78 -310.0 -7.98 0.73 0x0000FF
91.78 -326.02 -7.08 91.05 -318.92 -7.53 0.73 0x0000FF
92.96 -337.12 -6.39 91.78 -326.02 -7.08 0.73 0x0000FF
94.6 -346.6 -6.09 92.96 -337.12 -6.39 0.73 0x0000FF
96.61 -354.43 -5.71 94.6 -346.6 -6.09 0.73 0x0000FF
98.62 -365.18 -5.48 96.61 -354.43 -5.71 0.73 0x0000FF
98.25 -382.85 -4.42 98.62 -365.18 -5.48 0.73 0x0000FF
98.25 -386.86 -4.5 98.25 -382.85 -4.42 0.73 0x0000FF
98.25 -388.32 -6.39 98.25 -386.86 -4.5 0.73 0x0000FF
98.8 -394.51 -6.54 98.25 -388.32 -6.39 0.73 0x0000FF
98.98 -402.17 -7.45 98.8 -394.51 -6.54 0.73 0x0000FF
99.35 -408.0 -7.61 98.98 -402.17 -7.45 0.73 0x0000FF
99.53 -412.01 -7.76 99.35 -408.0 -7.61 0.64 0x0000FF
98.62 -415.65 -8.14 99.53 -412.01 -7.76 0.64 0x0000FF
97.89 -418.38 -8.36 98.62 -415.65 -8.14 0.64 0x0000FF
97.5 -423.24 -8.67 97.89 -418.38 -8.36 0.64 0x0000FF
98.59 -425.07 -9.11 97.5 -423.24 -8.67 0.64 0x0000FF
100.05 -428.53 -9.42 98.59 -425.07 -9.11 0.64 0x0000FF
102.97 -436.55 -9.88 100.05 -428.53 -9.42 0.64 0x0000FF
103.88 -451.49 -10.33 102.97 -436.55 -9.88 0.64 0x0000FF
103.33 -461.87 -10.56 103.88 -451.49 -10.33 0.64 0x0000FF
100.6 -475.54 -10.86 103.33 -461.87 -10.56 0.64 0x0000FF
101.87 -483.92 -10.86 100.6 -475.54 -10.86 0.64 0x0000FF
102.42 -491.39 -10.86 101.87 -483.92 -10.86 0.64 0x0000FF
102.97 -501.96 -11.24 102.42 -491.39 -10.86 0.545 0x0000FF
102.24 -508.88 -11.39 102.97 -501.96 -11.24 0.545 0x0000FF
102.06 -511.98 -11.54 102.24 -508.88 -11.39 0.545 0x0000FF
104.2 -529.41 -12.15 102.06 -511.98 -11.54 0.545 0x0000FF
104.75 -535.79 -11.47 104.2 -529.41 -12.15 0.545 0x0000FF
105.3 -543.26 -11.01 104.75 -535.79 -11.47 0.545 0x0000FF
105.3 -546.73 -10.48 105.3 -543.26 -11.01 0.545 0x0000FF
105.3 -548.91 -11.62 105.3 -546.73 -10.48 0.545 0x0000FF
105.48 -550.73 -12.23 105.3 -548.91 -11.62 0.545 0x0000FF
105.48 -551.1 -13.44 105.48 -550.73 -12.23 0.545 0x0000FF
105.66 -552.01 -14.8 105.48 -551.1 -13.44 0.545 0x0000FF
106.03 -555.65 -15.1 105.66 -552.01 -14.8 0.545 0x0000FF
107.85 -560.94 -15.56 106.03 -555.65 -15.1 0.455 0x0000FF
108.58 -566.77 -15.63 107.85 -560.94 -15.56 0.455 0x0000FF
109.86 -574.6 -16.17 108.58 -566.77 -15.63 0.365 0x0000FF
109.86 -575.7 -16.01 109.86 -574.6 -16.17 0.365 0x0000FF
110.22 -576.61 -14.88 109.86 -575.7 -16.01 0.365 0x0000FF
110.59 -578.97 -13.36 110.22 -576.61 -14.88 0.365 0x0000FF
111.32 -581.53 -12.6 110.59 -578.97 -13.36 0.365 0x0000FF
111.5 -582.98 -11.47 111.32 -581.53 -12.6 0.365 0x0000FF
111.87 -583.53 -11.09 111.5 -582.98 -11.47 0.365 0x0000FF
111.32 -584.8 -11.17 111.87 -583.53 -11.09 0.275 0x0000FF
111.68 -586.45 -12.07 111.32 -584.8 -11.17 0.275 0x0000FF
112.41 -587.54 -12.6 111.68 -586.45 -12.07 0.275 0x0000FF
112.78 -590.45 -13.36 112.41 -587.54 -12.6 0.275 0x0000FF
112.96 -591.91 -15.03 112.78 -590.45 -13.36 0.275 0x0000FF
105.11 -559.12 -14.95 106.03 -555.65 -15.1 0.365 0x0000FF
104.2 -561.12 -14.35 105.11 -559.12 -14.95 0.365 0x0000FF
103.47 -562.76 -15.33 104.2 -561.12 -14.35 0.365 0x0000FF
102.92 -564.58 -15.79 103.47 -562.76 -15.33 0.365 0x0000FF
102.01 -567.86 -16.39 102.92 -564.58 -15.79 0.365 0x0000FF
100.74 -570.78 -17.0 102.01 -567.86 -16.39 0.365 0x0000FF
99.82 -573.33 -17.53 100.74 -570.78 -17.0 0.365 0x0000FF
98.73 -575.88 -18.66 99.82 -573.33 -17.53 0.365 0x0000FF
97.09 -579.34 -20.63 98.73 -575.88 -18.66 0.365 0x0000FF
96.17 -582.44 -20.71 97.09 -579.34 -20.63 0.365 0x0000FF
95.08 -584.44 -20.18 96.17 -582.44 -20.71 0.365 0x0000FF
93.44 -586.45 -19.8 95.08 -584.44 -20.18 0.365 0x0000FF
91.8 -587.9 -19.27 93.44 -586.45 -19.8 0.365 0x0000FF
89.61 -589.91 -18.89 91.8 -587.9 -19.27 0.365 0x0000FF
87.42 -591.73 -18.36 89.61 -589.91 -18.89 0.365 0x0000FF
85.59 -592.64 -17.82 87.42 -591.73 -18.36 0.365 0x0000FF
84.31 -593.0 -17.53 85.59 -592.64 -17.82 0.365 0x0000FF
80.84 -595.54 -17.3 84.31 -593.0 -17.53 0.365 0x0000FF
79.02 -597.38 -16.39 80.84 -595.54 -17.3 0.275 0x0000FF
100.55 -577.52 -23.59 98.73 -575.88 -18.66 0.275 0x0000FF
101.83 -579.16 -23.82 100.55 -577.52 -23.59 0.275 0x0000FF
103.29 -580.98 -24.19 101.83 -579.16 -23.82 0.275 0x0000FF
104.57 -583.53 -24.72 103.29 -580.98 -24.19 0.275 0x0000FF
105.66 -584.62 -25.48 104.57 -583.53 -24.72 0.275 0x0000FF
107.12 -585.53 -26.32 105.66 -584.62 -25.48 0.275 0x0000FF
108.22 -586.08 -26.92 107.12 -585.53 -26.32 0.275 0x0000FF
109.31 -586.8 -27.6 108.22 -586.08 -26.92 0.275 0x0000FF
109.68 -587.36 -28.59 109.31 -586.8 -27.6 0.275 0x0000FF
110.77 -588.8 -29.12 109.68 -587.36 -28.59 0.275 0x0000FF
111.5 -590.09 -29.8 110.77 -588.8 -29.12 0.275 0x0000FF
112.59 -591.73 -30.86 111.5 -590.09 -29.8 0.275 0x0000FF
113.69 -593.19 -32.29 112.59 -591.73 -30.86 0.275 0x0000FF
114.6 -594.46 -33.44 113.69 -593.19 -32.29 0.275 0x0000FF
114.78 -595.37 -35.03 114.6 -594.46 -33.44 0.275 0x0000FF
114.78 -596.65 -36.54 114.78 -595.37 -35.03 0.275 0x0000FF
114.78 -597.74 -37.6 114.78 -596.65 -36.54 0.275 0x0000FF
114.42 -599.92 -38.89 114.78 -597.74 -37.6 0.275 0x0000FF
113.14 -602.29 -39.5 114.42 -599.92 -38.89 0.275 0x0000FF
111.68 -604.29 -40.1 113.14 -602.29 -39.5 0.275 0x0000FF
111.98 -605.45 -41.62 111.68 -604.29 -40.1 0.275 0x0000FF
111.98 -605.8 -42.75 111.98 -605.45 -41.62 0.275 0x0000FF
111.8 -606.36 -43.97 111.98 -605.8 -42.75 0.275 0x0000FF
111.8 -606.72 -45.1 111.8 -606.36 -43.97 0.275 0x0000FF
90.41 -311.58 -8.67 91.78 -310.0 -7.98 0.64 0x0000FF
89.49 -313.22 -7.45 90.41 -311.58 -8.67 0.545 0x0000FF
88.76 -314.31 -6.54 89.49 -313.22 -7.45 0.545 0x0000FF
86.94 -316.13 -5.79 88.76 -314.31 -6.54 0.455 0x0000FF
86.21 -317.04 -4.34 86.94 -316.13 -5.79 0.455 0x0000FF
84.75 -317.58 -3.44 86.21 -317.04 -4.34 0.365 0x0000FF
83.47 -317.77 -2.61 84.75 -317.58 -3.44 0.365 0x0000FF
82.2 -317.95 -1.02 83.47 -317.77 -2.61 0.365 0x0000FF
79.64 -319.6 -0.79 82.2 -317.95 -1.02 0.365 0x0000FF
78.36 -320.69 0.12 79.64 -319.6 -0.79 0.365 0x0000FF
77.27 -321.05 0.8 78.36 -320.69 0.12 0.275 0x0000FF
75.81 -320.51 1.26 77.27 -321.05 0.8 0.275 0x0000FF
73.26 -318.5 2.17 75.81 -320.51 1.26 0.275 0x0000FF
71.06 -316.86 2.39 73.26 -318.5 2.17 0.275 0x0000FF
68.51 -316.32 3.38 71.06 -316.86 2.39 0.18 0x0000FF
