-2.04 -6.94 34.97 -9.98 -10.74 43.95 1.185 0x0000FF
1.24 -5.12 34.44 -2.04 -6.94 34.97 1.185 0x0000FF
3.98 -2.94 33.45 1.24 -5.12 34.44 1.005 0x0000FF
10.36 -0.39 32.69 3.98 -2.94 33.45 0.91 0x0000FF
14.38 0.34 32.01 10.36 -0.39 32.69 0.91 0x0000FF
18.57 2.52 30.95 14.38 0.34 32.01 0.91 0x0000FF
23.13 3.99 30.27 18.57 2.52 30.95 0.91 0x0000FF
30.07 6.9 29.21 23.13 3.99 30.27 0.91 0x0000FF
34.45 9.44 28.83 30.07 6.9 29.21 0.82 0x0000FF
37.0 10.91 27.85 34.45 9.44 28.83 0.82 0x0000FF
39.74 12.73 26.86 37.0 10.91 27.85 0.73 0x0000FF
41.01 14.37 25.72 39.74 12.73 26.86 0.73 0x0000FF
44.12 17.29 25.04 41.01 14.37 25.72 0.73 0x0000FF
46.67 18.93 24.97 44.12 17.29 25.04 0.73 0x0000FF
48.74 22.18 24.59 46.67 18.93 24.97 0.365 0x0000FF
50.75 24.01 24.59 48.74 22.18 24.59 0.365 0x0000FF
52.76 26.01 24.29 50.75 24.01 24.59 0.365 0x0000FF
56.22 27.65 23.76 52.76 26.01 24.29 0.365 0x0000FF
58.23 29.11 23.3 56.22 27.65 23.76 0.365 0x0000FF
62.97 31.29 22.32 58.23 29.11 23.3 0.365 0x0000FF
66.62 33.47 21.48 62.97 31.29 22.32 0.365 0x0000FF
71.0 36.58 20.42 66.62 33.47 21.48 0.365 0x0000FF
73.92 39.49 19.29 71.0 36.58 20.42 0.365 0x0000FF
76.29 42.95 18.91 73.92 39.49 19.29 0.275 0x0000FF
77.93 46.42 18.3 76.29 42.95 18.91 0.275 0x0000FF
78.84 49.51 18.14 77.93 46.42 18.3 0.275 0x0000FF
80.12 53.89 17.7 78.84 49.51 18.14 0.275 0x0000FF
81.95 56.8 17.62 80.12 53.89 17.7 0.275 0x0000FF
87.97 59.9 17.54 81.95 56.8 17.62 0.275 0x0000FF
52.51 20.57 24.82 46.67 18.93 24.97 0.365 0x0000FF
57.43 20.57 24.59 52.51 20.57 24.82 0.365 0x0000FF
61.08 20.75 24.36 57.43 20.57 24.59 0.365 0x0000FF
66.37 20.57 23.98 61.08 20.75 24.36 0.365 0x0000FF
72.03 19.66 24.13 66.37 20.57 23.98 0.365 0x0000FF
74.4 19.29 25.19 72.03 19.66 24.13 0.365 0x0000FF
75.13 19.11 26.03 74.4 19.29 25.19 0.365 0x0000FF
77.14 18.38 26.25 75.13 19.11 26.03 0.365 0x0000FF
78.95 18.02 26.63 77.14 18.38 26.25 0.365 0x0000FF
86.81 16.38 27.32 78.95 18.02 26.63 0.365 0x0000FF
92.28 13.46 27.47 86.81 16.38 27.32 0.365 0x0000FF
103.05 9.82 28.15 92.28 13.46 27.47 0.365 0x0000FF
107.97 8.0 28.6 103.05 9.82 28.15 0.365 0x0000FF
111.81 4.17 29.06 107.97 8.0 28.6 0.365 0x0000FF
113.26 1.98 29.36 111.81 4.17 29.06 0.365 0x0000FF
123.55 -3.32 30.04 113.26 1.98 29.36 0.365 0x0000FF
125.19 -2.96 30.65 123.55 -3.32 30.04 0.365 0x0000FF
129.19 -2.23 31.03 125.19 -2.96 30.65 0.365 0x0000FF
131.38 -0.96 31.78 129.19 -2.23 31.03 0.365 0x0000FF
133.04 0.32 32.77 131.38 -0.96 31.78 0.365 0x0000FF
135.04 1.96 33.29 133.04 0.32 32.77 0.365 0x0000FF
137.41 3.78 32.47 135.04 1.96 33.29 0.365 0x0000FF
138.25 4.63 28.0 137.41 3.78 32.47 0.365 0x0000FF
139.52 5.91 28.0 138.25 4.63 28.0 0.275 0x0000FF
141.16 7.92 28.0 139.52 5.91 28.0 0.275 0x0000FF
142.63 9.36 28.0 141.16 7.92 28.0 0.275 0x0000FF
146.27 11.74 28.0 142.63 9.36 28.0 0.275 0x0000FF
147.55 12.47 28.0 146.27 11.74 28.0 0.275 0x0000FF
148.1 13.02 28.0 147.55 12.47 28.0 0.18 0x0000FF
-2.89 -2.59 39.44 -9.98 -10.74 43.95 1.37 0x0000FF
0.94 -0.23 39.59 -2.89 -2.59 39.44 1.37 0x0000FF
4.59 1.41 39.59 0.94 -0.23 39.59 1.37 0x0000FF
6.78 4.69 37.77 4.59 1.41 39.59 1.005 0x0000FF
10.79 8.15 37.24 6.78 4.69 37.77 0.91 0x0000FF
15.54 10.71 36.25 10.79 8.15 37.24 0.82 0x0000FF
17.36 11.98 35.72 15.54 10.71 36.25 0.82 0x0000FF
19.18 12.71 35.11 17.36 11.98 35.72 0.82 0x0000FF
23.75 15.99 34.51 19.18 12.71 35.11 0.73 0x0000FF
24.84 16.72 32.31 23.75 15.99 34.51 0.73 0x0000FF
29.04 21.27 32.09 24.84 16.72 32.31 0.545 0x0000FF
31.23 25.46 32.24 29.04 21.27 32.09 0.545 0x0000FF
34.15 29.47 32.54 31.23 25.46 32.24 0.545 0x0000FF
39.07 35.85 32.92 34.15 29.47 32.54 0.545 0x0000FF
40.71 37.31 33.15 39.07 35.85 32.92 0.545 0x0000FF
42.72 38.95 33.75 40.71 37.31 33.15 0.545 0x0000FF
44.91 42.23 33.68 42.72 38.95 33.75 0.545 0x0000FF
46.37 44.23 33.45 44.91 42.23 33.68 0.545 0x0000FF
47.65 46.05 32.47 46.37 44.23 33.45 0.545 0x0000FF
48.56 48.06 31.56 47.65 46.05 32.47 0.545 0x0000FF
50.2 50.61 30.57 48.56 48.06 31.56 0.545 0x0000FF
51.84 52.98 29.51 50.2 50.61 30.57 0.545 0x0000FF
53.49 55.16 28.75 51.84 52.98 29.51 0.545 0x0000FF
55.31 57.17 28.53 53.49 55.16 28.75 0.545 0x0000FF
57.68 58.99 27.85 55.31 57.17 28.53 0.545 0x0000FF
60.05 60.99 27.32 57.68 58.99 27.85 0.545 0x0000FF
61.7 63.18 26.86 60.05 60.99 27.32 0.545 0x0000FF
66.06 70.47 26.41 61.7 63.18 26.86 0.455 0x0000FF
67.34 73.56 26.03 66.06 70.47 26.41 0.455 0x0000FF
70.81 77.39 25.72 67.34 73.56 26.03 0.455 0x0000FF
74.09 81.22 25.57 70.81 77.39 25.72 0.455 0x0000FF
78.3 87.96 25.35 74.09 81.22 25.57 0.455 0x0000FF
83.04 92.33 24.82 78.3 87.96 25.35 0.455 0x0000FF
87.06 93.42 24.59 83.04 92.33 24.82 0.365 0x0000FF
28.67 17.98 31.03 24.84 16.72 32.31 0.455 0x0000FF
31.23 19.45 31.03 28.67 17.98 31.03 0.455 0x0000FF
31.96 19.63 30.95 31.23 19.45 31.03 0.455 0x0000FF
37.79 23.1 30.57 31.96 19.63 30.95 0.365 0x0000FF
41.81 27.29 30.19 37.79 23.1 30.57 0.365 0x0000FF
44.73 31.66 30.12 41.81 27.29 30.19 0.365 0x0000FF
47.28 38.04 29.74 44.73 31.66 30.12 0.365 0x0000FF
49.29 44.23 29.28 47.28 38.04 29.74 0.365 0x0000FF
51.3 48.6 28.91 49.29 44.23 29.28 0.365 0x0000FF
53.85 53.89 28.68 51.3 48.6 28.91 0.365 0x0000FF
54.95 56.8 28.45 53.85 53.89 28.68 0.365 0x0000FF
56.4 59.72 27.92 54.95 56.8 28.45 0.365 0x0000FF
58.96 63.36 27.24 56.4 59.72 27.92 0.365 0x0000FF
63.34 71.73 26.71 58.96 63.36 27.24 0.365 0x0000FF
68.45 83.22 26.41 63.34 71.73 26.71 0.365 0x0000FF
38.34 21.09 30.42 31.96 19.63 30.95 0.365 0x0000FF
44.0 22.55 30.27 38.34 21.09 30.42 0.365 0x0000FF
53.85 30.38 30.04 44.0 22.55 30.27 0.365 0x0000FF
59.14 35.29 29.97 53.85 30.38 30.04 0.365 0x0000FF
62.79 37.85 29.36 59.14 35.29 29.97 0.365 0x0000FF
65.34 40.22 28.98 62.79 37.85 29.36 0.365 0x0000FF
68.63 43.14 28.75 65.34 40.22 28.98 0.365 0x0000FF
71.37 45.32 28.75 68.63 43.14 28.75 0.365 0x0000FF
73.56 46.96 28.83 71.37 45.32 28.75 0.365 0x0000FF
75.38 48.6 28.98 73.56 46.96 28.83 0.365 0x0000FF
79.03 52.43 29.59 75.38 48.6 28.98 0.275 0x0000FF
80.67 54.43 29.82 79.03 52.43 29.59 0.275 0x0000FF
81.77 56.62 30.42 80.67 54.43 29.82 0.275 0x0000FF
82.31 59.72 30.88 81.77 56.62 30.42 0.275 0x0000FF
9.51 2.14 39.59 4.59 1.41 39.59 1.095 0x0000FF
11.89 4.51 39.44 9.51 2.14 39.59 0.365 0x0000FF
16.63 5.97 38.97 11.89 4.51 39.44 0.365 0x0000FF
21.01 6.15 39.89 16.63 5.97 38.97 0.365 0x0000FF
23.75 7.61 40.57 21.01 6.15 39.89 0.365 0x0000FF
25.21 8.34 41.4 23.75 7.61 40.57 0.365 0x0000FF
31.04 10.89 42.09 25.21 8.34 41.4 0.365 0x0000FF
35.06 13.07 42.31 31.04 10.89 42.09 0.365 0x0000FF
38.15 16.17 42.84 35.06 13.07 42.31 0.365 0x0000FF
40.9 21.09 43.22 38.15 16.17 42.84 0.365 0x0000FF
43.63 28.38 43.37 40.9 21.09 43.22 0.365 0x0000FF
50.2 36.21 43.53 43.63 28.38 43.37 0.365 0x0000FF
53.67 44.41 43.53 50.2 36.21 43.53 0.365 0x0000FF
60.24 47.69 43.68 53.67 44.41 43.53 0.365 0x0000FF
11.52 1.05 39.59 9.51 2.14 39.59 0.82 0x0000FF
14.44 -0.59 39.59 11.52 1.05 39.59 0.64 0x0000FF
16.8 -2.04 39.59 14.44 -0.59 39.59 0.64 0x0000FF
18.64 -3.51 39.59 16.8 -2.04 39.59 0.64 0x0000FF
21.37 -6.79 39.65 18.64 -3.51 39.59 0.64 0x0000FF
23.56 -8.97 39.74 21.37 -6.79 39.65 0.64 0x0000FF
30.5 -12.98 40.04 23.56 -8.97 39.74 0.545 0x0000FF
33.78 -14.98 39.81 30.5 -12.98 40.04 0.545 0x0000FF
38.89 -17.89 39.44 33.78 -14.98 39.81 0.545 0x0000FF
44.91 -21.91 38.83 38.89 -17.89 39.44 0.545 0x0000FF
51.48 -27.01 38.0 44.91 -21.91 38.83 0.545 0x0000FF
54.76 -30.11 38.07 51.48 -27.01 38.0 0.545 0x0000FF
58.05 -31.56 38.53 54.76 -30.11 38.07 0.545 0x0000FF
60.97 -33.39 38.9 58.05 -31.56 38.53 0.545 0x0000FF
65.53 -34.47 40.19 60.97 -33.39 38.9 0.455 0x0000FF
68.98 -36.29 40.72 65.53 -34.47 40.19 0.455 0x0000FF
72.64 -38.85 41.33 68.98 -36.29 40.72 0.455 0x0000FF
76.29 -42.31 41.78 72.64 -38.85 41.33 0.455 0x0000FF
79.03 -45.41 42.54 76.29 -42.31 41.78 0.455 0x0000FF
81.77 -47.42 43.0 79.03 -45.41 42.54 0.455 0x0000FF
83.96 -49.42 43.75 81.77 -47.42 43.0 0.365 0x0000FF
88.7 -51.61 44.36 83.96 -49.42 43.75 0.275 0x0000FF
90.34 -52.52 44.66 88.7 -51.61 44.36 0.275 0x0000FF
-4.91 -0.18 41.25 -9.98 -10.74 43.95 0.455 0x0000FF
-4.18 2.37 41.25 -4.91 -0.18 41.25 0.455 0x0000FF
-2.54 5.65 41.25 -4.18 2.37 41.25 0.455 0x0000FF
0.2 10.21 41.25 -2.54 5.65 41.25 0.455 0x0000FF
9.68 19.68 41.25 0.2 10.21 41.25 0.455 0x0000FF
15.16 22.6 41.25 9.68 19.68 41.25 0.455 0x0000FF
18.8 24.05 40.57 15.16 22.6 41.25 0.365 0x0000FF
19.17 24.23 39.13 18.8 24.05 40.57 0.365 0x0000FF
19.89 24.6 38.15 19.17 24.23 39.13 0.365 0x0000FF
20.63 24.96 37.01 19.89 24.6 38.15 0.365 0x0000FF
22.64 26.24 37.01 20.63 24.96 37.01 0.365 0x0000FF
23.37 26.79 36.94 22.64 26.24 37.01 0.365 0x0000FF
25.19 27.15 36.18 23.37 26.79 36.94 0.365 0x0000FF
27.56 27.15 35.72 25.19 27.15 36.18 0.365 0x0000FF
29.21 26.97 35.42 27.56 27.15 35.72 0.365 0x0000FF
31.76 27.7 34.65 29.21 26.97 35.42 0.365 0x0000FF
33.04 28.43 34.65 31.76 27.7 34.65 0.365 0x0000FF
34.13 28.97 33.45 33.04 28.43 34.65 0.365 0x0000FF
34.68 29.52 32.69 34.13 28.97 33.45 0.365 0x0000FF
36.14 29.88 31.1 34.68 29.52 32.69 0.365 0x0000FF
37.04 30.25 30.5 36.14 29.88 31.1 0.365 0x0000FF
38.51 31.16 29.89 37.04 30.25 30.5 0.365 0x0000FF
40.52 32.25 28.83 38.51 31.16 29.89 0.365 0x0000FF
42.16 33.34 28.22 40.52 32.25 28.83 0.365 0x0000FF
44.72 35.35 27.47 42.16 33.34 28.22 0.275 0x0000FF
46.72 37.72 26.79 44.72 35.35 27.47 0.275 0x0000FF
48.36 39.72 26.03 46.72 37.72 26.79 0.275 0x0000FF
49.28 41.36 25.57 48.36 39.72 26.03 0.275 0x0000FF
50.19 43.73 25.12 49.28 41.36 25.57 0.275 0x0000FF
51.28 47.19 25.12 50.19 43.73 25.12 0.275 0x0000FF
-8.56 -1.09 42.24 -9.98 -10.74 43.95 1.46 0x0000FF
-7.83 0.91 42.24 -8.56 -1.09 42.24 1.46 0x0000FF
-7.47 2.74 42.39 -7.83 0.91 42.24 1.46 0x0000FF
-7.28 4.19 42.47 -7.47 2.74 42.39 1.46 0x0000FF
-7.28 5.29 42.62 -7.28 4.19 42.47 1.46 0x0000FF
-7.28 6.2 42.62 -7.28 5.29 42.62 1.46 0x0000FF
-8.57 8.76 42.69 -7.28 6.2 42.62 1.095 0x0000FF
-12.59 10.4 44.06 -8.57 8.76 42.69 0.73 0x0000FF
-13.86 12.59 45.12 -12.59 10.4 44.06 0.73 0x0000FF
-14.23 14.05 44.43 -13.86 12.59 45.12 0.455 0x0000FF
-13.86 15.14 43.83 -14.23 14.05 44.43 0.455 0x0000FF
-13.68 15.5 44.43 -13.86 15.14 43.83 0.455 0x0000FF
-13.68 16.23 45.72 -13.68 15.5 44.43 0.455 0x0000FF
-13.68 16.78 47.84 -13.68 16.23 45.72 0.455 0x0000FF
-13.68 17.14 50.12 -13.68 16.78 47.84 0.455 0x0000FF
-13.68 17.69 52.16 -13.68 17.14 50.12 0.455 0x0000FF
-13.68 18.6 54.96 -13.68 17.69 52.16 0.455 0x0000FF
-13.68 19.51 56.18 -13.68 18.6 54.96 0.455 0x0000FF
-13.86 20.23 58.15 -13.68 19.51 56.18 0.455 0x0000FF
-14.05 21.15 59.05 -13.86 20.23 58.15 0.365 0x0000FF
-14.23 21.52 61.18 -14.05 21.15 59.05 0.365 0x0000FF
-14.59 22.24 63.15 -14.23 21.52 61.18 0.365 0x0000FF
-15.69 23.34 63.75 -14.59 22.24 63.15 0.365 0x0000FF
-16.42 23.88 64.13 -15.69 23.34 63.75 0.365 0x0000FF
-17.14 24.43 66.48 -16.42 23.88 64.13 0.365 0x0000FF
-18.23 24.61 67.39 -17.14 24.43 66.48 0.365 0x0000FF
-19.14 25.52 68.37 -18.23 24.61 67.39 0.275 0x0000FF
-19.34 26.07 68.98 -19.14 25.52 68.37 0.275 0x0000FF
-18.97 27.53 69.66 -19.34 26.07 68.98 0.275 0x0000FF
-18.05 28.62 70.19 -18.97 27.53 69.66 0.275 0x0000FF
-18.79 13.86 47.16 -13.86 12.59 45.12 0.64 0x0000FF
-22.26 14.59 47.92 -18.79 13.86 47.16 0.64 0x0000FF
-30.83 19.14 48.6 -22.26 14.59 47.92 0.545 0x0000FF
-32.65 21.88 48.6 -30.83 19.14 48.6 0.545 0x0000FF
-36.67 25.16 49.89 -32.65 21.88 48.6 0.455 0x0000FF
-43.06 27.35 50.27 -36.67 25.16 49.89 0.455 0x0000FF
-47.62 29.71 50.65 -43.06 27.35 50.27 0.455 0x0000FF
-52.18 33.36 50.72 -47.62 29.71 50.65 0.455 0x0000FF
-55.46 39.01 50.95 -52.18 33.36 50.72 0.455 0x0000FF
-56.56 41.92 50.34 -55.46 39.01 50.95 0.455 0x0000FF
-59.84 49.57 49.59 -56.56 41.92 50.34 0.365 0x0000FF
-7.66 14.96 42.69 -8.57 8.76 42.69 1.005 0x0000FF
-5.84 23.34 42.01 -7.66 14.96 42.69 0.91 0x0000FF
-2.54 32.63 41.94 -5.84 23.34 42.01 0.73 0x0000FF
-0.54 36.64 41.63 -2.54 32.63 41.94 0.73 0x0000FF
1.1 39.74 41.48 -0.54 36.64 41.63 0.73 0x0000FF
4.2 43.2 40.95 1.1 39.74 41.48 0.73 0x0000FF
5.66 45.75 40.42 4.2 43.2 40.95 0.73 0x0000FF
7.67 47.93 40.95 5.66 45.75 40.42 0.545 0x0000FF
9.13 49.03 41.56 7.67 47.93 40.95 0.545 0x0000FF
10.22 49.94 42.54 9.13 49.03 41.56 0.545 0x0000FF
11.32 50.85 42.84 10.22 49.94 42.54 0.545 0x0000FF
12.96 52.85 43.68 11.32 50.85 42.84 0.545 0x0000FF
14.96 55.04 44.28 12.96 52.85 43.68 0.545 0x0000FF
17.14 57.59 44.43 14.96 55.04 44.28 0.545 0x0000FF
19.34 59.78 44.97 17.14 57.59 44.43 0.545 0x0000FF
20.8 60.87 45.27 19.34 59.78 44.97 0.545 0x0000FF
24.82 63.06 45.57 20.8 60.87 45.27 0.545 0x0000FF
31.75 66.15 45.95 24.82 63.06 45.57 0.545 0x0000FF
37.95 68.52 45.95 31.75 66.15 45.95 0.545 0x0000FF
50.36 72.7 46.4 37.95 68.52 45.95 0.545 0x0000FF
56.75 73.26 46.56 50.36 72.7 46.4 0.545 0x0000FF
61.31 74.17 46.56 56.75 73.26 46.56 0.545 0x0000FF
65.69 75.26 46.63 61.31 74.17 46.56 0.545 0x0000FF
71.89 74.72 46.86 65.69 75.26 46.63 0.455 0x0000FF
73.9 73.81 46.93 71.89 74.72 46.86 0.455 0x0000FF
76.27 72.17 47.09 73.9 73.81 46.93 0.365 0x0000FF
7.12 53.95 39.97 5.66 45.75 40.42 0.64 0x0000FF
8.4 58.14 39.65 7.12 53.95 39.97 0.64 0x0000FF
7.85 62.88 39.51 8.4 58.14 39.65 0.545 0x0000FF
7.48 65.79 38.9 7.85 62.88 39.51 0.365 0x0000FF
7.48 67.06 38.68 7.48 65.79 38.9 0.365 0x0000FF
7.12 67.98 38.6 7.48 67.06 38.68 0.365 0x0000FF
6.57 68.89 38.36 7.12 67.98 38.6 0.365 0x0000FF
6.21 71.62 38.07 6.57 68.89 38.36 0.365 0x0000FF
-6.37 7.65 42.69 -7.28 6.2 42.62 0.91 0x0000FF
-4.73 9.48 42.69 -6.37 7.65 42.69 0.91 0x0000FF
-2.72 12.39 42.77 -4.73 9.48 42.69 0.82 0x0000FF
-1.26 16.22 43.07 -2.72 12.39 42.77 0.73 0x0000FF
-0.53 19.13 43.07 -1.26 16.22 43.07 0.73 0x0000FF
1.11 22.78 43.3 -0.53 19.13 43.07 0.73 0x0000FF
2.39 25.87 43.3 1.11 22.78 43.3 0.73 0x0000FF
3.85 28.43 42.92 2.39 25.87 43.3 0.73 0x0000FF
5.12 31.16 42.31 3.85 28.43 42.92 0.73 0x0000FF
7.5 36.44 41.33 5.12 31.16 42.31 0.73 0x0000FF
10.05 41.0 40.5 7.5 36.44 41.33 0.73 0x0000FF
14.98 46.83 39.65 10.05 41.0 40.5 0.73 0x0000FF
19.35 50.84 38.53 14.98 46.83 39.65 0.73 0x0000FF
21.0 52.29 38.29 19.35 50.84 38.53 0.73 0x0000FF
23.92 55.57 36.4 21.0 52.29 38.29 0.73 0x0000FF
24.65 57.21 36.4 23.92 55.57 36.4 0.73 0x0000FF
25.74 59.76 37.31 24.65 57.21 36.4 0.64 0x0000FF
27.2 62.68 38.07 25.74 59.76 37.31 0.64 0x0000FF
28.66 64.31 38.97 27.2 62.68 38.07 0.64 0x0000FF
31.4 67.42 39.74 28.66 64.31 38.97 0.64 0x0000FF
36.14 72.52 40.27 31.4 67.42 39.74 0.64 0x0000FF
41.43 76.89 40.86 36.14 72.52 40.27 0.64 0x0000FF
49.28 84.73 41.33 41.43 76.89 40.86 0.64 0x0000FF
51.83 88.0 41.71 49.28 84.73 41.33 0.545 0x0000FF
54.57 90.37 42.62 51.83 88.0 41.71 0.545 0x0000FF
56.03 91.28 43.15 54.57 90.37 42.62 0.545 0x0000FF
58.22 93.47 43.68 56.03 91.28 43.15 0.455 0x0000FF
60.04 94.93 43.98 58.22 93.47 43.68 0.455 0x0000FF
70.25 101.68 45.04 60.04 94.93 43.98 0.365 0x0000FF
72.98 102.23 45.8 70.25 101.68 45.04 0.365 0x0000FF
77.55 103.32 45.87 72.98 102.23 45.8 0.365 0x0000FF
81.92 106.97 46.33 77.55 103.32 45.87 0.365 0x0000FF
-19.76 -13.92 39.51 -9.98 -10.74 43.95 0.91 0x0000FF
-24.14 -13.55 39.51 -19.76 -13.92 39.51 0.91 0x0000FF
-26.14 -13.73 39.36 -24.14 -13.55 39.51 0.91 0x0000FF
-26.69 -13.73 38.9 -26.14 -13.73 39.36 0.91 0x0000FF
-29.43 -14.1 37.61 -26.69 -13.73 38.9 0.91 0x0000FF
-32.35 -14.1 36.94 -29.43 -14.1 37.61 0.91 0x0000FF
-35.45 -14.46 39.13 -32.35 -14.1 36.94 0.91 0x0000FF
-39.1 -15.19 44.74 -35.45 -14.46 39.13 0.73 0x0000FF
-41.11 -12.64 44.89 -39.1 -15.19 44.74 0.365 0x0000FF
-42.02 -9.53 44.89 -41.11 -12.64 44.89 0.365 0x0000FF
-43.11 -1.34 44.89 -42.02 -9.53 44.89 0.365 0x0000FF
-47.13 4.84 44.89 -43.11 -1.34 44.89 0.365 0x0000FF
-50.78 12.5 44.89 -47.13 4.84 44.89 0.365 0x0000FF
-54.61 27.63 44.89 -50.78 12.5 44.89 0.365 0x0000FF
-55.52 37.83 44.89 -54.61 27.63 44.89 0.365 0x0000FF
-60.63 53.68 45.42 -55.52 37.83 44.89 0.275 0x0000FF
-63.0 55.87 45.72 -60.63 53.68 45.42 0.275 0x0000FF
-68.47 62.43 45.87 -63.0 55.87 45.72 0.275 0x0000FF
-73.95 64.98 45.95 -68.47 62.43 45.87 0.275 0x0000FF
-82.89 75.18 46.03 -73.95 64.98 45.95 0.275 0x0000FF
-83.25 84.47 46.03 -82.89 75.18 46.03 0.275 0x0000FF
-84.89 87.75 46.03 -83.25 84.47 46.03 0.275 0x0000FF
-86.9 89.76 46.18 -84.89 87.75 46.03 0.275 0x0000FF
-92.92 90.67 46.18 -86.9 89.76 46.18 0.275 0x0000FF
-44.21 -17.38 44.97 -39.1 -15.19 44.74 0.545 0x0000FF
-48.95 -17.55 45.19 -44.21 -17.38 44.97 0.455 0x0000FF
-49.86 -17.73 45.19 -48.95 -17.55 45.19 0.455 0x0000FF
-53.33 -18.84 45.42 -49.86 -17.73 45.19 0.455 0x0000FF
-56.61 -20.66 45.5 -53.33 -18.84 45.42 0.455 0x0000FF
-59.17 -23.39 45.65 -56.61 -20.66 45.5 0.455 0x0000FF
-60.26 -25.03 45.72 -59.17 -23.39 45.65 0.455 0x0000FF
-61.54 -27.4 45.8 -60.26 -25.03 45.72 0.455 0x0000FF
-63.73 -29.4 46.03 -61.54 -27.4 45.8 0.455 0x0000FF
-70.3 -33.78 46.18 -63.73 -29.4 46.03 0.365 0x0000FF
-71.39 -34.5 46.18 -70.3 -33.78 46.18 0.365 0x0000FF
-72.48 -37.24 46.18 -71.39 -34.5 46.18 0.365 0x0000FF
-72.84 -40.7 46.18 -72.48 -37.24 46.18 0.365 0x0000FF
-73.58 -44.89 46.18 -72.84 -40.7 46.18 0.365 0x0000FF
-78.14 -48.17 46.18 -73.58 -44.89 46.18 0.365 0x0000FF
-80.52 -50.54 46.18 -78.14 -48.17 46.18 0.365 0x0000FF
-82.34 -53.45 46.25 -80.52 -50.54 46.18 0.365 0x0000FF
-86.17 -56.0 46.25 -82.34 -53.45 46.25 0.365 0x0000FF
-92.01 -60.01 46.25 -86.17 -56.0 46.25 0.365 0x0000FF
-98.58 -63.29 46.25 -92.01 -60.01 46.25 0.365 0x0000FF
-112.81 -72.77 46.33 -98.58 -63.29 46.25 0.365 0x0000FF
-118.47 -74.22 46.25 -112.81 -72.77 46.33 0.365 0x0000FF
-18.85 -9.36 35.04 -9.98 -10.74 43.95 0.91 0x0000FF
-20.3 -8.81 35.5 -18.85 -9.36 35.04 0.91 0x0000FF
-23.96 -8.81 35.5 -20.3 -8.81 35.5 0.91 0x0000FF
-25.23 -9.18 35.88 -23.96 -8.81 35.5 0.91 0x0000FF
-26.87 -9.73 35.88 -25.23 -9.18 35.88 0.91 0x0000FF
-29.43 -10.09 35.95 -26.87 -9.73 35.88 0.91 0x0000FF
-30.52 -9.73 35.95 -29.43 -10.09 35.95 0.91 0x0000FF
-34.9 -10.09 33.97 -30.52 -9.73 35.95 0.455 0x0000FF
-42.38 -6.63 34.06 -34.9 -10.09 33.97 0.275 0x0000FF
-47.49 -4.08 34.06 -42.38 -6.63 34.06 0.275 0x0000FF
-58.44 -0.25 34.06 -47.49 -4.08 34.06 0.275 0x0000FF
-66.28 12.14 34.06 -58.44 -0.25 34.06 0.275 0x0000FF
-73.95 21.07 34.06 -66.28 12.14 34.06 0.275 0x0000FF
-101.68 25.99 33.97 -73.95 21.07 34.06 0.275 0x0000FF
-112.26 23.98 33.97 -101.68 25.99 33.97 0.275 0x0000FF
-43.11 -10.64 34.06 -34.9 -10.09 33.97 0.365 0x0000FF
-45.12 -10.45 34.06 -43.11 -10.64 34.06 0.365 0x0000FF
-48.59 -10.27 34.21 -45.12 -10.45 34.06 0.365 0x0000FF
-51.51 -10.45 34.59 -48.59 -10.27 34.21 0.365 0x0000FF
-57.34 -12.46 34.59 -51.51 -10.45 34.59 0.365 0x0000FF
-58.8 -12.82 34.65 -57.34 -12.46 34.59 0.365 0x0000FF
-62.64 -13.55 34.65 -58.8 -12.82 34.65 0.365 0x0000FF
-67.2 -14.46 34.65 -62.64 -13.55 34.65 0.365 0x0000FF
-71.39 -15.01 34.65 -67.2 -14.46 34.65 0.365 0x0000FF
-79.23 -15.92 34.51 -71.39 -15.01 34.65 0.365 0x0000FF
-82.71 -15.37 34.74 -79.23 -15.92 34.51 0.365 0x0000FF
-89.64 -14.46 34.81 -82.71 -15.37 34.74 0.365 0x0000FF
-96.75 -9.91 35.04 -89.64 -14.46 34.81 0.365 0x0000FF
-103.5 -8.09 35.11 -96.75 -9.91 35.04 0.365 0x0000FF
-125.03 -6.45 35.34 -103.5 -8.09 35.11 0.275 0x0000FF
-131.97 -4.8 35.34 -125.03 -6.45 35.34 0.275 0x0000FF
-32.53 -8.27 36.03 -30.52 -9.73 35.95 0.73 0x0000FF
-33.08 -7.72 36.47 -32.53 -8.27 36.03 0.64 0x0000FF
-33.63 -7.36 35.79 -33.08 -7.72 36.47 0.64 0x0000FF
-33.63 -7.17 34.13 -33.63 -7.36 35.79 0.64 0x0000FF
-34.36 -6.45 33.45 -33.63 -7.17 34.13 0.64 0x0000FF
-35.27 -5.72 32.85 -34.36 -6.45 33.45 0.545 0x0000FF
-35.45 -5.35 31.78 -35.27 -5.72 32.85 0.545 0x0000FF
-36.72 -4.26 31.56 -35.45 -5.35 31.78 0.545 0x0000FF
-37.09 -3.71 31.1 -36.72 -4.26 31.56 0.545 0x0000FF
-38.54 -1.53 30.57 -37.09 -3.71 31.1 0.545 0x0000FF
-39.1 0.84 30.19 -38.54 -1.53 30.57 0.545 0x0000FF
-39.46 2.12 29.59 -39.1 0.84 30.19 0.545 0x0000FF
-39.83 3.39 29.51 -39.46 2.12 29.59 0.545 0x0000FF
-41.11 5.4 28.83 -39.83 3.39 29.51 0.545 0x0000FF
-41.65 6.31 28.38 -41.11 5.4 28.83 0.545 0x0000FF
-42.57 7.22 27.54 -41.65 6.31 28.38 0.545 0x0000FF
-43.3 8.31 27.32 -42.57 7.22 27.54 0.545 0x0000FF
-43.3 9.94 26.63 -43.3 8.31 27.32 0.545 0x0000FF
-43.11 10.5 25.8 -43.3 9.94 26.63 0.545 0x0000FF
-42.57 11.77 25.04 -43.11 10.5 25.8 0.545 0x0000FF
-41.84 12.5 24.06 -42.57 11.77 25.04 0.545 0x0000FF
-40.19 13.78 23.91 -41.84 12.5 24.06 0.545 0x0000FF
-39.46 14.32 22.69 -40.19 13.78 23.91 0.545 0x0000FF
-38.54 14.87 21.71 -39.46 14.32 22.69 0.545 0x0000FF
-38.0 15.24 20.95 -38.54 14.87 21.71 0.545 0x0000FF
-37.64 15.78 19.97 -38.0 15.24 20.95 0.545 0x0000FF
-35.81 15.96 19.21 -37.64 15.78 19.97 0.545 0x0000FF
-34.36 16.51 18.23 -35.81 15.96 19.21 0.545 0x0000FF
-33.26 17.23 17.77 -34.36 16.51 18.23 0.545 0x0000FF
-32.71 17.79 16.55 -33.26 17.23 17.77 0.545 0x0000FF
-31.8 18.7 15.2 -32.71 17.79 16.55 0.545 0x0000FF
-29.43 19.05 14.44 -31.8 18.7 15.2 0.545 0x0000FF
-25.05 20.7 12.7 -29.43 19.05 14.44 0.455 0x0000FF
-23.59 21.61 12.39 -25.05 20.7 12.7 0.455 0x0000FF
-21.4 23.43 11.64 -23.59 21.61 12.39 0.455 0x0000FF
-19.94 26.35 10.88 -21.4 23.43 11.64 0.365 0x0000FF
-19.03 28.17 10.27 -19.94 26.35 10.88 0.365 0x0000FF
-17.93 29.08 9.89 -19.03 28.17 10.27 0.365 0x0000FF
-13.19 33.46 9.14 -17.93 29.08 9.89 0.275 0x0000FF
-11.91 35.64 8.91 -13.19 33.46 9.14 0.275 0x0000FF
-10.64 37.83 8.61 -11.91 35.64 8.91 0.275 0x0000FF
-6.26 42.02 8.15 -10.64 37.83 8.61 0.275 0x0000FF
-2.43 44.75 8.0 -6.26 42.02 8.15 0.275 0x0000FF
-9.72 28.9 9.21 -17.93 29.08 9.89 0.275 0x0000FF
-8.63 28.35 9.06 -9.72 28.9 9.21 0.275 0x0000FF
-6.8 27.44 8.83 -8.63 28.35 9.06 0.275 0x0000FF
-3.89 25.62 8.38 -6.8 27.44 8.83 0.275 0x0000FF
-0.6 25.26 7.77 -3.89 25.62 8.38 0.275 0x0000FF
3.78 25.26 7.09 -0.6 25.26 7.77 0.275 0x0000FF
4.51 25.8 6.79 3.78 25.26 7.09 0.275 0x0000FF
4.87 25.8 6.18 4.51 25.8 6.79 0.275 0x0000FF
6.15 26.53 7.62 4.87 25.8 6.18 0.275 0x0000FF
7.43 26.9 8.68 6.15 26.53 7.62 0.275 0x0000FF
8.89 26.53 9.06 7.43 26.9 8.68 0.275 0x0000FF
10.35 26.17 9.51 8.89 26.53 9.06 0.275 0x0000FF
12.17 26.17 10.88 10.35 26.17 9.51 0.275 0x0000FF
15.45 25.99 11.94 12.17 26.17 10.88 0.275 0x0000FF
17.1 26.53 12.32 15.45 25.99 11.94 0.275 0x0000FF
19.82 26.9 12.92 17.1 26.53 12.32 0.275 0x0000FF
21.48 27.44 13.98 19.82 26.9 12.92 0.275 0x0000FF
23.3 27.26 15.04 21.48 27.44 13.98 0.275 0x0000FF
26.95 27.08 16.03 23.3 27.26 15.04 0.275 0x0000FF
30.42 28.17 16.03 26.95 27.08 16.03 0.275 0x0000FF
32.42 29.27 17.01 30.42 28.17 16.03 0.275 0x0000FF
33.52 29.08 17.09 32.42 29.27 17.01 0.275 0x0000FF
36.07 28.17 17.62 33.52 29.08 17.09 0.275 0x0000FF
-8.08 -19.95 41.63 -9.98 -10.74 43.95 0.275 0x0000FF
-6.33 -21.8 44.81 -8.08 -19.95 41.63 2.37 0x0000FF
-5.23 -28.0 44.81 -6.33 -21.8 44.81 2.37 0x0000FF
-4.32 -31.64 45.34 -5.23 -28.0 44.81 2.37 0x0000FF
-4.13 -36.2 45.65 -4.32 -31.64 45.34 2.37 0x0000FF
-3.77 -44.76 45.95 -4.13 -36.2 45.65 2.37 0x0000FF
-3.77 -46.58 45.95 -3.77 -44.76 45.95 1.915 0x0000FF
-3.23 -50.77 45.95 -3.77 -46.58 45.95 1.915 0x0000FF
-2.31 -52.78 45.95 -3.23 -50.77 45.95 1.915 0x0000FF
-2.68 -54.6 46.4 -2.31 -52.78 45.95 1.735 0x0000FF
-2.68 -56.6 46.63 -2.68 -54.6 46.4 1.735 0x0000FF
-2.68 -59.7 46.71 -2.68 -56.6 46.63 1.735 0x0000FF
-2.5 -64.25 46.86 -2.68 -59.7 46.71 1.735 0x0000FF
-2.68 -66.98 47.24 -2.5 -64.25 46.86 1.735 0x0000FF
-2.68 -71.36 47.62 -2.68 -66.98 47.24 1.735 0x0000FF
-3.04 -75.73 48.07 -2.68 -71.36 47.62 1.735 0x0000FF
-2.68 -79.38 48.45 -3.04 -75.73 48.07 1.735 0x0000FF
-2.5 -83.57 48.68 -2.68 -79.38 48.45 1.735 0x0000FF
-2.5 -84.66 49.28 -2.5 -83.57 48.68 1.735 0x0000FF
-2.5 -85.21 49.74 -2.5 -84.66 49.28 1.735 0x0000FF
-2.5 -85.75 50.42 -2.5 -85.21 49.74 1.735 0x0000FF
-2.5 -86.48 49.21 -2.5 -85.75 50.42 1.735 0x0000FF
-2.13 -88.12 48.9 -2.5 -86.48 49.21 1.735 0x0000FF
-2.13 -89.58 50.57 -2.13 -88.12 48.9 1.735 0x0000FF
-2.13 -90.31 52.16 -2.13 -89.58 50.57 1.735 0x0000FF
-2.5 -92.5 51.56 -2.13 -90.31 52.16 1.735 0x0000FF
-2.5 -94.68 50.27 -2.5 -92.5 51.56 1.735 0x0000FF
-2.5 -96.5 49.21 -2.5 -94.68 50.27 1.735 0x0000FF
-2.5 -98.51 48.15 -2.5 -96.5 49.21 1.735 0x0000FF
-2.31 -100.69 47.54 -2.5 -98.51 48.15 1.735 0x0000FF
-1.77 -103.06 47.16 -2.31 -100.69 47.54 1.735 0x0000FF
-1.77 -105.61 46.56 -1.77 -103.06 47.16 1.735 0x0000FF
-1.95 -108.16 45.87 -1.77 -105.61 46.56 1.735 0x0000FF
-1.58 -110.35 45.65 -1.95 -108.16 45.87 1.735 0x0000FF
-1.4 -112.17 44.51 -1.58 -110.35 45.65 1.735 0x0000FF
-1.22 -117.62 44.28 -1.4 -112.17 44.51 1.55 0x0000FF
-1.4 -122.35 43.68 -1.22 -117.62 44.28 1.55 0x0000FF
-1.22 -123.63 43.3 -1.4 -122.35 43.68 1.55 0x0000FF
-1.4 -126.73 43.0 -1.22 -123.63 43.3 1.55 0x0000FF
-1.22 -130.91 43.9 -1.4 -126.73 43.0 1.55 0x0000FF
-0.85 -133.83 44.81 -1.22 -130.91 43.9 1.55 0x0000FF
-0.85 -137.11 45.27 -0.85 -133.83 44.81 1.55 0x0000FF
-0.67 -140.57 46.03 -0.85 -137.11 45.27 1.55 0x0000FF
-0.49 -144.76 46.86 -0.67 -140.57 46.03 1.55 0x0000FF
-0.12 -148.59 47.39 -0.49 -144.76 46.86 1.55 0x0000FF
-0.3 -155.33 47.84 -0.12 -148.59 47.39 1.55 0x0000FF
-0.49 -161.34 48.15 -0.3 -155.33 47.84 1.55 0x0000FF
-0.3 -171.73 48.68 -0.49 -161.34 48.15 1.55 0x0000FF
-0.12 -178.84 48.83 -0.3 -171.73 48.68 1.55 0x0000FF
0.24 -184.67 49.13 -0.12 -178.84 48.83 1.55 0x0000FF
0.79 -189.77 49.28 0.24 -184.67 49.13 1.55 0x0000FF
0.97 -195.23 49.81 0.79 -189.77 49.28 1.55 0x0000FF
0.97 -200.7 50.04 0.97 -195.23 49.81 1.55 0x0000FF
0.79 -203.62 50.19 0.97 -200.7 50.04 1.55 0x0000FF
0.79 -204.89 50.49 0.79 -203.62 50.19 1.55 0x0000FF
1.25 -208.53 51.63 0.79 -204.89 50.49 1.55 0x0000FF
1.25 -211.63 52.16 1.25 -208.53 51.63 1.55 0x0000FF
1.25 -213.45 51.18 1.25 -211.63 52.16 1.46 0x0000FF
1.25 -220.56 51.63 1.25 -213.45 51.18 1.46 0x0000FF
1.43 -222.56 52.16 1.25 -220.56 51.63 1.46 0x0000FF
1.07 -230.21 52.31 1.43 -222.56 52.16 1.46 0x0000FF
1.8 -235.5 52.92 1.07 -230.21 52.31 1.46 0x0000FF
2.71 -246.79 53.45 1.8 -235.5 52.92 1.46 0x0000FF
2.89 -250.07 53.98 2.71 -246.79 53.45 1.46 0x0000FF
3.44 -256.27 54.66 2.89 -250.07 53.98 1.37 0x0000FF
4.17 -265.74 54.81 3.44 -256.27 54.66 1.37 0x0000FF
5.08 -276.86 55.19 4.17 -265.74 54.81 1.37 0x0000FF
6.9 -284.51 55.65 5.08 -276.86 55.19 1.37 0x0000FF
8.36 -291.07 55.87 6.9 -284.51 55.65 1.37 0x0000FF
9.46 -297.26 56.18 8.36 -291.07 55.87 1.37 0x0000FF
12.52 -308.89 56.71 9.46 -297.26 56.18 1.275 0x0000FF
12.88 -311.8 56.86 12.52 -308.89 56.71 1.275 0x0000FF
13.98 -322.73 57.39 12.88 -311.8 56.86 1.275 0x0000FF
13.71 -325.79 57.77 13.98 -322.73 57.39 1.37 0x0000FF
11.89 -326.89 54.28 13.71 -325.79 57.77 0.73 0x0000FF
10.79 -328.16 54.74 11.89 -326.89 54.28 0.73 0x0000FF
9.88 -328.71 55.19 10.79 -328.16 54.74 0.64 0x0000FF
8.78 -329.44 55.87 9.88 -328.71 55.19 0.64 0x0000FF
7.51 -330.53 56.33 8.78 -329.44 55.87 0.64 0x0000FF
5.32 -331.99 56.86 7.51 -330.53 56.33 0.64 0x0000FF
3.68 -334.17 57.54 5.32 -331.99 56.86 0.64 0x0000FF
2.4 -338.18 58.07 3.68 -334.17 57.54 0.64 0x0000FF
1.49 -342.19 58.45 2.4 -338.18 58.07 0.64 0x0000FF
0.94 -344.74 59.51 1.49 -342.19 58.45 0.64 0x0000FF
0.57 -346.2 60.27 0.94 -344.74 59.51 0.64 0x0000FF
0.03 -348.38 61.18 0.57 -346.2 60.27 0.64 0x0000FF
-1.07 -351.85 62.16 0.03 -348.38 61.18 0.64 0x0000FF
-1.98 -354.76 62.92 -1.07 -351.85 62.16 0.64 0x0000FF
-3.62 -358.41 63.6 -1.98 -354.76 62.92 0.545 0x0000FF
-3.99 -360.41 64.28 -3.62 -358.41 63.6 0.545 0x0000FF
-4.72 -365.51 64.66 -3.99 -360.41 64.28 0.545 0x0000FF
-4.34 -371.89 65.04 -4.72 -365.51 64.66 0.545 0x0000FF
-5.99 -377.35 65.48 -4.34 -371.89 65.04 0.455 0x0000FF
-7.63 -380.45 66.02 -5.99 -377.35 65.48 0.365 0x0000FF
-8.18 -384.64 66.09 -7.63 -380.45 66.02 0.365 0x0000FF
13.9 -329.07 57.92 13.71 -325.79 57.77 1.095 0x0000FF
14.81 -332.17 58.15 13.9 -329.07 57.92 1.095 0x0000FF
16.07 -334.9 58.3 14.81 -332.17 58.15 1.095 0x0000FF
17.54 -339.09 58.68 16.07 -334.9 58.3 1.095 0x0000FF
18.09 -342.19 58.83 17.54 -339.09 58.68 1.095 0x0000FF
18.46 -344.38 59.51 18.09 -342.19 58.83 1.095 0x0000FF
19.73 -346.93 59.96 18.46 -344.38 59.51 1.095 0x0000FF
20.46 -348.38 60.12 19.73 -346.93 59.96 1.095 0x0000FF
21.38 -350.21 60.34 20.46 -348.38 60.12 0.64 0x0000FF
21.74 -350.57 61.18 21.38 -350.21 60.34 0.64 0x0000FF
22.29 -351.12 61.93 21.74 -350.57 61.18 0.64 0x0000FF
22.29 -351.12 62.16 22.29 -351.12 61.93 0.64 0x0000FF
23.02 -351.66 61.02 22.29 -351.12 62.16 0.64 0x0000FF
23.38 -352.03 60.57 23.02 -351.66 61.02 0.64 0x0000FF
24.48 -353.12 59.74 23.38 -352.03 60.57 0.64 0x0000FF
25.21 -354.03 58.3 24.48 -353.12 59.74 0.64 0x0000FF
25.57 -354.58 57.46 25.21 -354.03 58.3 0.64 0x0000FF
26.3 -355.49 56.71 25.57 -354.58 57.46 0.64 0x0000FF
26.67 -356.4 55.65 26.3 -355.49 56.71 0.64 0x0000FF
27.4 -357.49 54.66 26.67 -356.4 55.65 0.64 0x0000FF
27.58 -358.04 53.68 27.4 -357.49 54.66 0.64 0x0000FF
28.49 -360.05 52.77 27.58 -358.04 53.68 0.64 0x0000FF
29.22 -362.6 51.56 28.49 -360.05 52.77 0.64 0x0000FF
29.4 -363.51 50.49 29.22 -362.6 51.56 0.64 0x0000FF
30.5 -365.51 49.51 29.4 -363.51 50.49 0.64 0x0000FF
31.41 -367.52 48.68 30.5 -365.51 49.51 0.64 0x0000FF
33.04 -369.7 47.62 31.41 -367.52 48.68 0.64 0x0000FF
34.33 -370.8 46.71 33.04 -369.7 47.62 0.64 0x0000FF
35.97 -371.89 45.5 34.33 -370.8 46.71 0.64 0x0000FF
36.7 -372.07 45.12 35.97 -371.89 45.5 0.64 0x0000FF
38.53 -372.25 43.98 36.7 -372.07 45.12 0.64 0x0000FF
39.26 -372.44 42.77 38.53 -372.25 43.98 0.64 0x0000FF
40.35 -372.8 41.48 39.26 -372.44 42.77 0.64 0x0000FF
40.9 -372.8 40.42 40.35 -372.8 41.48 0.64 0x0000FF
41.99 -373.16 39.36 40.9 -372.8 40.42 0.64 0x0000FF
42.36 -373.53 38.53 41.99 -373.16 39.36 0.64 0x0000FF
42.91 -374.26 37.61 42.36 -373.53 38.53 0.64 0x0000FF
43.27 -374.99 36.1 42.91 -374.26 37.61 0.64 0x0000FF
43.63 -375.35 35.72 43.27 -374.99 36.1 0.64 0x0000FF
44.55 -376.63 34.89 43.63 -375.35 35.72 0.64 0x0000FF
45.28 -377.54 33.9 44.55 -376.63 34.89 0.64 0x0000FF
45.82 -378.81 32.92 45.28 -377.54 33.9 0.64 0x0000FF
46.55 -380.09 31.86 45.82 -378.81 32.92 0.64 0x0000FF
48.2 -381.0 30.57 46.55 -380.09 31.86 0.64 0x0000FF
49.11 -380.82 29.74 48.2 -381.0 30.57 0.64 0x0000FF
50.57 -381.91 28.6 49.11 -380.82 29.74 0.64 0x0000FF
51.3 -382.27 28.07 50.57 -381.91 28.6 0.64 0x0000FF
52.03 -383.0 27.16 51.3 -382.27 28.07 0.64 0x0000FF
52.58 -383.55 24.89 52.03 -383.0 27.16 0.64 0x0000FF
52.94 -383.73 24.89 52.58 -383.55 24.89 0.64 0x0000FF
53.67 -384.46 23.38 52.94 -383.73 24.89 0.64 0x0000FF
55.13 -385.74 21.94 53.67 -384.46 23.38 0.64 0x0000FF
57.32 -387.56 20.35 55.13 -385.74 21.94 0.64 0x0000FF
59.69 -388.83 18.98 57.32 -387.56 20.35 0.545 0x0000FF
62.61 -389.93 18.14 59.69 -388.83 18.98 0.545 0x0000FF
65.16 -391.02 17.54 62.61 -389.93 18.14 0.545 0x0000FF
66.08 -391.57 16.94 65.16 -391.02 17.54 0.545 0x0000FF
67.17 -393.21 16.03 66.08 -391.57 16.94 0.545 0x0000FF
67.9 -394.66 15.12 67.17 -393.21 16.03 0.545 0x0000FF
68.81 -396.67 13.83 67.9 -394.66 15.12 0.455 0x0000FF
70.64 -397.94 13.07 68.81 -396.67 13.83 0.455 0x0000FF
73.92 -399.04 11.79 70.64 -397.94 13.07 0.365 0x0000FF
20.46 -350.39 60.49 20.46 -348.38 60.12 0.73 0x0000FF
19.55 -353.12 60.49 20.46 -350.39 60.49 0.73 0x0000FF
18.27 -356.4 60.27 19.55 -353.12 60.49 0.64 0x0000FF
17.73 -358.59 60.12 18.27 -356.4 60.27 0.64 0x0000FF
17.36 -361.5 60.72 17.73 -358.59 60.12 0.64 0x0000FF
16.45 -363.87 60.27 17.36 -361.5 60.72 0.545 0x0000FF
16.07 -365.51 60.04 16.45 -363.87 60.27 0.545 0x0000FF
15.72 -366.6 59.89 16.07 -365.51 60.04 0.545 0x0000FF
13.9 -369.52 59.89 15.72 -366.6 59.89 0.455 0x0000FF
13.35 -371.52 59.74 13.9 -369.52 59.89 0.455 0x0000FF
15.44 -324.01 57.39 13.98 -322.73 57.39 0.64 0x0000FF
18.72 -326.74 57.39 15.44 -324.01 57.39 0.64 0x0000FF
23.1 -329.48 57.46 18.72 -326.74 57.39 0.64 0x0000FF
27.66 -331.3 57.69 23.1 -329.48 57.46 0.64 0x0000FF
32.77 -332.57 57.99 27.66 -331.3 57.69 0.64 0x0000FF
38.43 -334.21 58.37 32.77 -332.57 57.99 0.64 0x0000FF
44.08 -336.95 58.68 38.43 -334.21 58.37 0.64 0x0000FF
47.19 -339.31 59.05 44.08 -336.95 58.68 0.64 0x0000FF
52.29 -343.87 59.28 47.19 -339.31 59.05 0.64 0x0000FF
54.48 -346.78 59.58 52.29 -343.87 59.28 0.64 0x0000FF
57.95 -350.98 60.27 54.48 -346.78 59.58 0.64 0x0000FF
61.6 -355.53 60.65 57.95 -350.98 60.27 0.64 0x0000FF
65.98 -360.45 60.8 61.6 -355.53 60.65 0.64 0x0000FF
69.81 -363.55 60.95 65.98 -360.45 60.8 0.64 0x0000FF
75.28 -368.1 61.02 69.81 -363.55 60.95 0.64 0x0000FF
77.29 -370.47 60.49 75.28 -368.1 61.02 0.64 0x0000FF
79.12 -371.75 60.12 77.29 -370.47 60.49 0.64 0x0000FF
80.56 -373.02 59.74 79.12 -371.75 60.12 0.64 0x0000FF
82.76 -375.39 59.43 80.56 -373.02 59.74 0.64 0x0000FF
83.96 -379.18 61.55 82.76 -375.39 59.43 0.545 0x0000FF
86.33 -384.82 61.93 83.96 -379.18 61.55 0.545 0x0000FF
86.15 -388.1 62.08 86.33 -384.82 61.93 0.545 0x0000FF
85.42 -392.66 62.84 86.15 -388.1 62.08 0.545 0x0000FF
83.59 -397.4 63.6 85.42 -392.66 62.84 0.455 0x0000FF
82.32 -399.58 63.83 83.59 -397.4 63.6 0.455 0x0000FF
80.31 -402.5 64.2 82.32 -399.58 63.83 0.455 0x0000FF
78.48 -408.15 64.36 80.31 -402.5 64.2 0.455 0x0000FF
77.94 -411.61 64.81 78.48 -408.15 64.36 0.455 0x0000FF
78.84 -419.26 65.56 77.94 -411.61 64.81 0.365 0x0000FF
78.84 -424.0 65.11 78.84 -419.26 65.56 0.365 0x0000FF
79.2 -427.46 64.66 78.84 -424.0 65.11 0.365 0x0000FF
79.2 -430.56 64.13 79.2 -427.46 64.66 0.365 0x0000FF
78.84 -433.84 63.98 79.2 -430.56 64.13 0.365 0x0000FF
78.67 -436.57 63.68 78.84 -433.84 63.98 0.365 0x0000FF
78.84 -440.58 63.3 78.67 -436.57 63.68 0.275 0x0000FF
79.4 -444.95 62.77 78.84 -440.58 63.3 0.275 0x0000FF
81.95 -450.23 62.77 79.4 -444.95 62.77 0.275 0x0000FF
85.78 -375.71 59.96 82.76 -375.39 59.43 0.365 0x0000FF
89.98 -377.9 59.96 85.78 -375.71 59.96 0.365 0x0000FF
93.26 -379.36 59.89 89.98 -377.9 59.96 0.365 0x0000FF
95.82 -380.45 59.74 93.26 -379.36 59.89 0.365 0x0000FF
98.01 -381.36 59.58 95.82 -380.45 59.74 0.365 0x0000FF
99.1 -382.09 60.04 98.01 -381.36 59.58 0.365 0x0000FF
100.38 -382.46 60.42 99.1 -382.09 60.04 0.365 0x0000FF
102.02 -383.55 60.95 100.38 -382.46 60.42 0.365 0x0000FF
103.84 -384.46 61.4 102.02 -383.55 60.95 0.365 0x0000FF
105.85 -385.55 61.93 103.84 -384.46 61.4 0.365 0x0000FF
107.31 -386.46 62.69 105.85 -385.55 61.93 0.365 0x0000FF
108.77 -387.01 63.45 107.31 -386.46 62.69 0.365 0x0000FF
110.23 -387.74 63.52 108.77 -387.01 63.45 0.365 0x0000FF
111.51 -388.29 63.9 110.23 -387.74 63.52 0.365 0x0000FF
113.33 -389.2 64.51 111.51 -388.29 63.9 0.365 0x0000FF
114.61 -389.93 65.19 113.33 -389.2 64.51 0.365 0x0000FF
115.7 -390.47 66.09 114.61 -389.93 65.19 0.365 0x0000FF
116.8 -390.84 66.93 115.7 -390.47 66.09 0.365 0x0000FF
118.81 -391.93 68.06 116.8 -390.84 66.93 0.365 0x0000FF
120.45 -392.48 68.98 118.81 -391.93 68.06 0.365 0x0000FF
121.54 -393.02 68.98 120.45 -392.48 68.98 0.365 0x0000FF
123.73 -393.93 69.73 121.54 -393.02 68.98 0.365 0x0000FF
126.83 -395.39 70.19 123.73 -393.93 69.73 0.365 0x0000FF
128.29 -396.49 70.48 126.83 -395.39 70.19 0.365 0x0000FF
130.3 -398.49 70.72 128.29 -396.49 70.48 0.365 0x0000FF
133.77 -401.77 71.09 130.3 -398.49 70.72 0.275 0x0000FF
135.96 -403.59 71.33 133.77 -401.77 71.09 0.275 0x0000FF
0.15 -212.9 52.31 1.25 -211.63 52.16 0.91 0x0000FF
-1.67 -214.54 52.77 0.15 -212.9 52.31 0.82 0x0000FF
-3.13 -216.18 52.09 -1.67 -214.54 52.77 0.82 0x0000FF
-3.5 -216.91 51.71 -3.13 -216.18 52.09 0.82 0x0000FF
-5.14 -219.1 50.95 -3.5 -216.91 51.71 0.82 0x0000FF
-5.69 -220.56 50.27 -5.14 -219.1 50.95 0.82 0x0000FF
-6.96 -223.65 49.66 -5.69 -220.56 50.27 0.82 0x0000FF
-7.33 -226.02 48.9 -6.96 -223.65 49.66 0.82 0x0000FF
-7.51 -228.39 48.37 -7.33 -226.02 48.9 0.82 0x0000FF
-7.69 -230.94 48.15 -7.51 -228.39 48.37 0.82 0x0000FF
-8.06 -233.49 47.62 -7.69 -230.94 48.15 0.82 0x0000FF
-8.78 -235.5 47.24 -8.06 -233.49 47.62 0.82 0x0000FF
-10.06 -237.5 46.86 -8.78 -235.5 47.24 0.82 0x0000FF
-11.71 -239.87 46.71 -10.06 -237.5 46.86 0.73 0x0000FF
-12.8 -240.96 46.25 -11.71 -239.87 46.71 0.73 0x0000FF
-18.46 -243.33 45.95 -12.8 -240.96 46.25 0.545 0x0000FF
-21.19 -246.25 45.87 -18.46 -243.33 45.95 0.545 0x0000FF
-23.57 -248.8 45.72 -21.19 -246.25 45.87 0.545 0x0000FF
-26.12 -251.35 45.5 -23.57 -248.8 45.72 0.545 0x0000FF
-29.22 -253.53 45.04 -26.12 -251.35 45.5 0.545 0x0000FF
-31.78 -254.99 44.66 -29.22 -253.53 45.04 0.545 0x0000FF
-39.44 -257.72 44.06 -31.78 -254.99 44.66 0.545 0x0000FF
-44.73 -258.27 44.06 -39.44 -257.72 44.06 0.545 0x0000FF
-48.01 -258.08 43.07 -44.73 -258.27 44.06 0.545 0x0000FF
-51.66 -258.08 42.31 -48.01 -258.08 43.07 0.545 0x0000FF
-56.22 -257.72 41.4 -51.66 -258.08 42.31 0.545 0x0000FF
-57.68 -257.36 41.03 -56.22 -257.72 41.4 0.545 0x0000FF
-60.06 -256.45 40.42 -57.68 -257.36 41.03 0.545 0x0000FF
-62.06 -255.36 39.81 -60.06 -256.45 40.42 0.545 0x0000FF
-66.62 -253.9 38.9 -62.06 -255.36 39.81 0.545 0x0000FF
-71.37 -253.72 38.53 -66.62 -253.9 38.9 0.545 0x0000FF
-73.92 -253.9 38.07 -71.37 -253.72 38.53 0.545 0x0000FF
-79.2 -253.9 37.39 -73.92 -253.9 38.07 0.545 0x0000FF
-86.88 -254.26 36.63 -79.2 -253.9 37.39 0.455 0x0000FF
-88.88 -253.72 36.25 -86.88 -254.26 36.63 0.455 0x0000FF
-91.07 -252.44 35.57 -88.88 -253.72 36.25 0.455 0x0000FF
-94.18 -250.62 35.11 -91.07 -252.44 35.57 0.275 0x0000FF
-0.49 -54.05 46.48 -2.31 -52.78 45.95 0.73 0x0000FF
1.52 -53.87 46.78 -0.49 -54.05 46.48 0.73 0x0000FF
2.98 -53.87 47.16 1.52 -53.87 46.78 0.73 0x0000FF
4.62 -53.5 47.54 2.98 -53.87 47.16 0.545 0x0000FF
6.81 -53.5 47.84 4.62 -53.5 47.54 0.545 0x0000FF
9.73 -53.69 48.6 6.81 -53.5 47.84 0.545 0x0000FF
10.46 -53.69 49.36 9.73 -53.69 48.6 0.545 0x0000FF
11.01 -53.87 50.34 10.46 -53.69 49.36 0.545 0x0000FF
12.65 -53.87 51.1 11.01 -53.87 50.34 0.545 0x0000FF
13.74 -53.69 51.93 12.65 -53.87 51.1 0.545 0x0000FF
14.84 -53.69 53.22 13.74 -53.69 51.93 0.545 0x0000FF
19.76 -52.78 54.06 14.84 -53.69 53.22 0.455 0x0000FF
22.5 -51.86 54.59 19.76 -52.78 54.06 0.365 0x0000FF
23.59 -51.32 54.59 22.5 -51.86 54.59 0.365 0x0000FF
25.24 -50.95 55.12 23.59 -51.32 54.59 0.365 0x0000FF
-4.5 -47.67 45.95 -3.77 -44.76 45.95 1.37 0x0000FF
-8.69 -50.41 46.33 -4.5 -47.67 45.95 1.185 0x0000FF
-13.44 -52.23 47.24 -8.69 -50.41 46.33 1.005 0x0000FF
-16.73 -52.41 47.54 -13.44 -52.23 47.24 1.005 0x0000FF
-22.2 -54.05 48.15 -16.73 -52.41 47.54 0.82 0x0000FF
-25.67 -55.33 48.37 -22.2 -54.05 48.15 0.82 0x0000FF
-29.13 -56.24 48.6 -25.67 -55.33 48.37 0.82 0x0000FF
-35.15 -57.33 49.13 -29.13 -56.24 48.6 0.82 0x0000FF
-40.63 -58.06 49.36 -35.15 -57.33 49.13 0.82 0x0000FF
-47.93 -58.06 49.81 -40.63 -58.06 49.36 0.64 0x0000FF
-49.75 -58.06 49.96 -47.93 -58.06 49.81 0.64 0x0000FF
-56.5 -57.88 50.04 -49.75 -58.06 49.96 0.545 0x0000FF
-65.44 -56.6 50.27 -56.5 -57.88 50.04 0.455 0x0000FF
-67.63 -56.24 50.34 -65.44 -56.6 50.27 0.455 0x0000FF
-70.0 -56.06 50.8 -67.63 -56.24 50.34 0.455 0x0000FF
-84.6 -56.06 51.33 -70.0 -56.06 50.8 0.455 0x0000FF
-87.52 -57.15 51.63 -84.6 -56.06 51.33 0.455 0x0000FF
-95.91 -56.24 51.4 -87.52 -57.15 51.63 0.365 0x0000FF
-102.3 -56.97 51.18 -95.91 -56.24 51.4 0.18 0x0000FF
-105.58 -57.51 50.65 -102.3 -56.97 51.18 0.18 0x0000FF
-109.96 -57.88 50.57 -105.58 -57.51 50.65 0.18 0x0000FF
-116.71 -58.42 50.57 -109.96 -57.88 50.57 0.18 0x0000FF
-123.46 -58.61 50.49 -116.71 -58.42 50.57 0.18 0x0000FF
-133.5 -53.87 50.34 -123.46 -58.61 50.49 0.18 0x0000FF
