-33.14 -26.37 -37.22 -41.51 -23.48 -40.88 0.82 0x0000FF
-32.6 -26.37 -37.15 -33.14 -26.37 -37.22 0.82 0x0000FF
-31.32 -26.19 -37.07 -32.6 -26.37 -37.15 0.82 0x0000FF
-30.59 -26.19 -37.0 -31.32 -26.19 -37.07 0.82 0x0000FF
-29.86 -26.19 -36.92 -30.59 -26.19 -37.0 0.82 0x0000FF
-28.95 -26.74 -36.92 -29.86 -26.19 -36.92 0.82 0x0000FF
-28.58 -26.74 -36.92 -28.95 -26.74 -36.92 0.82 0x0000FF
-28.04 -27.83 -37.29 -28.58 -26.74 -36.92 0.73 0x0000FF
-27.67 -28.19 -37.53 -28.04 -27.83 -37.29 0.73 0x0000FF
-27.31 -28.56 -38.21 -27.67 -28.19 -37.53 0.73 0x0000FF
-27.12 -28.56 -39.04 -27.31 -28.56 -38.21 0.73 0x0000FF
-26.76 -28.92 -39.95 -27.12 -28.56 -39.04 0.73 0x0000FF
-26.21 -29.29 -40.03 -26.76 -28.92 -39.95 0.73 0x0000FF
-25.66 -29.83 -41.09 -26.21 -29.29 -40.03 0.73 0x0000FF
-24.75 -30.93 -41.16 -25.66 -29.83 -41.09 0.73 0x0000FF
-24.39 -31.66 -41.16 -24.75 -30.93 -41.16 0.73 0x0000FF
-24.2 -32.02 -41.47 -24.39 -31.66 -41.16 0.73 0x0000FF
-24.02 -32.57 -41.62 -24.2 -32.02 -41.47 0.73 0x0000FF
-23.66 -33.47 -41.84 -24.02 -32.57 -41.62 0.73 0x0000FF
-23.47 -33.84 -41.84 -23.66 -33.47 -41.84 0.73 0x0000FF
-23.29 -34.39 -42.0 -23.47 -33.84 -41.84 0.73 0x0000FF
-22.38 -34.93 -42.15 -23.29 -34.39 -42.0 0.73 0x0000FF
-21.83 -35.11 -42.15 -22.38 -34.93 -42.15 0.73 0x0000FF
-19.28 -35.11 -41.62 -21.83 -35.11 -42.15 0.545 0x0000FF
-16.36 -35.47 -41.62 -19.28 -35.11 -41.62 0.545 0x0000FF
-15.99 -35.47 -41.47 -16.36 -35.47 -41.62 0.545 0x0000FF
-15.26 -35.65 -41.09 -15.99 -35.47 -41.47 0.545 0x0000FF
-14.17 -36.21 -41.09 -15.26 -35.65 -41.09 0.545 0x0000FF
-13.8 -36.39 -41.01 -14.17 -36.21 -41.09 0.545 0x0000FF
-13.62 -36.76 -40.86 -13.8 -36.39 -41.01 0.545 0x0000FF
-13.26 -37.11 -41.24 -13.62 -36.76 -40.86 0.545 0x0000FF
-12.89 -37.49 -41.62 -13.26 -37.11 -41.24 0.545 0x0000FF
-12.34 -37.67 -41.84 -12.89 -37.49 -41.62 0.545 0x0000FF
-11.07 -37.85 -42.07 -12.34 -37.67 -41.84 0.545 0x0000FF
-9.78 -38.4 -42.45 -11.07 -37.85 -42.07 0.545 0x0000FF
-9.43 -38.76 -42.68 -9.78 -38.4 -42.45 0.545 0x0000FF
-8.88 -39.13 -43.06 -9.43 -38.76 -42.68 0.545 0x0000FF
-8.15 -39.31 -42.68 -8.88 -39.13 -43.06 0.545 0x0000FF
-7.78 -39.31 -43.21 -8.15 -39.31 -42.68 0.545 0x0000FF
-6.87 -39.67 -43.51 -7.78 -39.31 -43.21 0.545 0x0000FF
-6.51 -39.85 -44.5 -6.87 -39.67 -43.51 0.545 0x0000FF
-5.96 -40.04 -45.25 -6.51 -39.85 -44.5 0.545 0x0000FF
-4.68 -40.22 -45.86 -5.96 -40.04 -45.25 0.545 0x0000FF
-3.95 -40.58 -46.39 -4.68 -40.22 -45.86 0.545 0x0000FF
-2.86 -40.95 -46.47 -3.95 -40.58 -46.39 0.545 0x0000FF
-0.85 -41.31 -46.77 -2.86 -40.95 -46.47 0.545 0x0000FF
0.43 -41.68 -46.92 -0.85 -41.31 -46.77 0.545 0x0000FF
1.52 -41.68 -47.3 0.43 -41.68 -46.92 0.545 0x0000FF
2.62 -42.04 -47.83 1.52 -41.68 -47.3 0.545 0x0000FF
3.16 -42.04 -48.28 2.62 -42.04 -47.83 0.545 0x0000FF
3.71 -42.22 -48.51 3.16 -42.04 -48.28 0.545 0x0000FF
4.08 -42.22 -48.96 3.71 -42.22 -48.51 0.545 0x0000FF
4.62 -42.4 -50.03 4.08 -42.22 -48.96 0.545 0x0000FF
5.17 -42.77 -50.18 4.62 -42.4 -50.03 0.545 0x0000FF
5.72 -42.95 -50.78 5.17 -42.77 -50.18 0.545 0x0000FF
6.27 -43.13 -51.09 5.72 -42.95 -50.78 0.545 0x0000FF
6.81 -43.5 -51.16 6.27 -43.13 -51.09 0.545 0x0000FF
7.36 -43.5 -51.77 6.81 -43.5 -51.16 0.545 0x0000FF
7.73 -43.68 -52.9 7.36 -43.5 -51.77 0.545 0x0000FF
8.27 -43.86 -53.59 7.73 -43.68 -52.9 0.545 0x0000FF
9.0 -44.41 -54.42 8.27 -43.86 -53.59 0.545 0x0000FF
9.55 -44.59 -54.95 9.0 -44.41 -54.42 0.545 0x0000FF
10.28 -45.14 -55.18 9.55 -44.59 -54.95 0.545 0x0000FF
10.64 -45.14 -56.31 10.28 -45.14 -55.18 0.545 0x0000FF
12.29 -45.68 -56.84 10.64 -45.14 -56.31 0.545 0x0000FF
13.2 -45.87 -57.52 12.29 -45.68 -56.84 0.545 0x0000FF
14.84 -46.23 -58.13 13.2 -45.87 -57.52 0.545 0x0000FF
15.75 -46.41 -58.28 14.84 -46.23 -58.13 0.545 0x0000FF
16.12 -46.6 -58.96 15.75 -46.41 -58.28 0.545 0x0000FF
16.67 -46.41 -59.72 16.12 -46.6 -58.96 0.545 0x0000FF
17.39 -46.41 -59.8 16.67 -46.41 -59.72 0.545 0x0000FF
18.13 -46.41 -60.33 17.39 -46.41 -59.8 0.545 0x0000FF
18.67 -46.23 -61.08 18.13 -46.41 -60.33 0.545 0x0000FF
19.95 -46.23 -61.16 18.67 -46.23 -61.08 0.545 0x0000FF
20.5 -46.05 -62.15 19.95 -46.23 -61.16 0.545 0x0000FF
20.86 -45.87 -62.52 20.5 -46.05 -62.15 0.545 0x0000FF
21.59 -45.68 -62.83 20.86 -45.87 -62.52 0.545 0x0000FF
22.5 -45.5 -63.43 21.59 -45.68 -62.83 0.545 0x0000FF
22.87 -45.32 -64.19 22.5 -45.5 -63.43 0.545 0x0000FF
23.6 -45.5 -64.48 22.87 -45.32 -64.19 0.545 0x0000FF
24.15 -45.68 -65.33 23.6 -45.5 -64.48 0.545 0x0000FF
25.24 -46.05 -66.16 24.15 -45.68 -65.33 0.545 0x0000FF
26.34 -46.41 -66.16 25.24 -46.05 -66.16 0.545 0x0000FF
28.16 -47.14 -66.16 26.34 -46.41 -66.16 0.545 0x0000FF
31.44 -48.24 -66.54 28.16 -47.14 -66.16 0.545 0x0000FF
35.09 -49.33 -66.61 31.44 -48.24 -66.54 0.545 0x0000FF
39.11 -51.15 -67.3 35.09 -49.33 -66.61 0.545 0x0000FF
41.84 -52.43 -67.3 39.11 -51.15 -67.3 0.545 0x0000FF
43.49 -53.7 -67.9 41.84 -52.43 -67.3 0.545 0x0000FF
46.41 -55.34 -67.9 43.49 -53.7 -67.9 0.545 0x0000FF
48.05 -56.07 -67.9 46.41 -55.34 -67.9 0.545 0x0000FF
48.78 -56.62 -68.51 48.05 -56.07 -67.9 0.545 0x0000FF
48.96 -56.98 -68.51 48.78 -56.62 -68.51 0.545 0x0000FF
49.51 -57.35 -68.43 48.96 -56.98 -68.51 0.545 0x0000FF
50.6 -58.8 -68.81 49.51 -57.35 -68.43 0.545 0x0000FF
51.7 -60.26 -69.27 50.6 -58.8 -68.81 0.545 0x0000FF
52.24 -60.99 -69.34 51.7 -60.26 -69.27 0.545 0x0000FF
52.97 -61.9 -69.95 52.24 -60.99 -69.34 0.545 0x0000FF
53.16 -62.26 -70.33 52.97 -61.9 -69.95 0.545 0x0000FF
53.7 -63.54 -70.7 53.16 -62.26 -70.33 0.545 0x0000FF
54.25 -64.27 -70.7 53.7 -63.54 -70.7 0.545 0x0000FF
54.62 -65.0 -71.23 54.25 -64.27 -70.7 0.545 0x0000FF
57.53 -65.54 -71.54 54.62 -65.0 -71.23 0.545 0x0000FF
58.63 -65.91 -71.54 57.53 -65.54 -71.54 0.545 0x0000FF
60.27 -66.09 -71.61 58.63 -65.91 -71.54 0.545 0x0000FF
61.91 -66.64 -71.69 60.27 -66.09 -71.61 0.545 0x0000FF
63.56 -67.55 -71.69 61.91 -66.64 -71.69 0.545 0x0000FF
64.47 -68.45 -71.84 63.56 -67.55 -71.69 0.545 0x0000FF
64.83 -69.01 -72.14 64.47 -68.45 -71.84 0.545 0x0000FF
65.02 -69.55 -72.37 64.83 -69.01 -72.14 0.545 0x0000FF
65.2 -69.92 -72.67 65.02 -69.55 -72.37 0.545 0x0000FF
65.38 -70.28 -72.9 65.2 -69.92 -72.67 0.545 0x0000FF
65.56 -70.83 -73.58 65.38 -70.28 -72.9 0.545 0x0000FF
66.48 -71.92 -73.95 65.56 -70.83 -73.58 0.545 0x0000FF
67.02 -72.83 -74.19 66.48 -71.92 -73.95 0.545 0x0000FF
67.93 -73.73 -74.72 67.02 -72.83 -74.19 0.545 0x0000FF
68.3 -74.29 -75.09 67.93 -73.73 -74.72 0.545 0x0000FF
68.66 -75.02 -75.55 68.3 -74.29 -75.09 0.545 0x0000FF
69.2 -75.38 -76.01 68.66 -75.02 -75.55 0.365 0x0000FF
69.76 -76.29 -76.31 69.2 -75.38 -76.01 0.365 0x0000FF
-20.92 -36.03 -43.36 -21.83 -35.11 -42.15 0.455 0x0000FF
-20.92 -36.03 -42.83 -20.92 -36.03 -43.36 0.455 0x0000FF
-20.74 -36.57 -42.6 -20.92 -36.03 -42.83 0.455 0x0000FF
-20.55 -37.11 -42.07 -20.74 -36.57 -42.6 0.455 0x0000FF
-20.55 -37.11 -41.31 -20.55 -37.11 -42.07 0.455 0x0000FF
-20.55 -37.29 -40.63 -20.55 -37.11 -41.31 0.455 0x0000FF
-20.19 -37.85 -39.86 -20.55 -37.29 -40.63 0.455 0x0000FF
-20.19 -38.4 -39.42 -20.19 -37.85 -39.86 0.455 0x0000FF
-20.19 -39.67 -38.89 -20.19 -38.4 -39.42 0.455 0x0000FF
-20.19 -40.22 -38.51 -20.19 -39.67 -38.89 0.455 0x0000FF
-20.01 -40.77 -37.97 -20.19 -40.22 -38.51 0.455 0x0000FF
-19.64 -41.49 -37.53 -20.01 -40.77 -37.97 0.455 0x0000FF
-19.28 -41.86 -37.53 -19.64 -41.49 -37.53 0.455 0x0000FF
-18.91 -42.59 -37.29 -19.28 -41.86 -37.53 0.455 0x0000FF
-18.55 -42.95 -36.69 -18.91 -42.59 -37.29 0.455 0x0000FF
-18.37 -43.32 -36.61 -18.55 -42.95 -36.69 0.455 0x0000FF
-15.81 -46.78 -35.18 -18.37 -43.32 -36.61 0.455 0x0000FF
-15.63 -46.96 -34.72 -15.81 -46.78 -35.18 0.455 0x0000FF
-15.26 -47.69 -34.04 -15.63 -46.96 -34.72 0.455 0x0000FF
-15.08 -48.05 -33.74 -15.26 -47.69 -34.04 0.455 0x0000FF
-14.53 -48.96 -33.13 -15.08 -48.05 -33.74 0.455 0x0000FF
-13.44 -50.42 -33.06 -14.53 -48.96 -33.13 0.455 0x0000FF
-12.71 -51.15 -33.06 -13.44 -50.42 -33.06 0.455 0x0000FF
-11.25 -52.43 -32.75 -12.71 -51.15 -33.06 0.455 0x0000FF
-9.97 -53.52 -32.53 -11.25 -52.43 -32.75 0.455 0x0000FF
-9.43 -53.88 -32.38 -9.97 -53.52 -32.53 0.455 0x0000FF
-7.78 -55.34 -32.0 -9.43 -53.88 -32.38 0.455 0x0000FF
-6.69 -56.62 -31.62 -7.78 -55.34 -32.0 0.455 0x0000FF
-5.59 -58.07 -31.39 -6.69 -56.62 -31.62 0.455 0x0000FF
-5.05 -58.62 -31.16 -5.59 -58.07 -31.39 0.455 0x0000FF
-4.32 -58.98 -31.09 -5.05 -58.62 -31.16 0.365 0x0000FF
-3.59 -59.9 -31.01 -4.32 -58.98 -31.09 0.365 0x0000FF
-27.49 -26.74 -36.92 -28.58 -26.74 -36.92 0.455 0x0000FF
-27.12 -26.92 -36.92 -27.49 -26.74 -36.92 0.455 0x0000FF
-25.85 -27.1 -36.92 -27.12 -26.92 -36.92 0.455 0x0000FF
-24.75 -27.1 -36.84 -25.85 -27.1 -36.92 0.455 0x0000FF
-24.2 -27.1 -36.77 -24.75 -27.1 -36.84 0.455 0x0000FF
-23.47 -27.1 -36.54 -24.2 -27.1 -36.77 0.455 0x0000FF
-23.11 -27.1 -36.24 -23.47 -27.1 -36.54 0.455 0x0000FF
-21.83 -27.46 -36.77 -23.11 -27.1 -36.24 0.455 0x0000FF
-20.92 -27.65 -37.29 -21.83 -27.46 -36.77 0.455 0x0000FF
-20.19 -27.83 -37.68 -20.92 -27.65 -37.29 0.455 0x0000FF
-19.1 -27.83 -37.9 -20.19 -27.83 -37.68 0.455 0x0000FF
-18.73 -28.01 -38.21 -19.1 -27.83 -37.9 0.455 0x0000FF
-17.82 -28.01 -38.59 -18.73 -28.01 -38.21 0.455 0x0000FF
-16.91 -28.38 -39.27 -17.82 -28.01 -38.59 0.455 0x0000FF
-16.36 -28.56 -39.65 -16.91 -28.38 -39.27 0.455 0x0000FF
-14.9 -28.74 -39.95 -16.36 -28.56 -39.65 0.455 0x0000FF
-13.8 -29.1 -40.03 -14.9 -28.74 -39.95 0.455 0x0000FF
-12.89 -29.47 -40.25 -13.8 -29.1 -40.03 0.455 0x0000FF
-11.8 -29.83 -40.56 -12.89 -29.47 -40.25 0.455 0x0000FF
-10.16 -30.2 -40.86 -11.8 -29.83 -40.56 0.455 0x0000FF
-9.61 -30.38 -41.24 -10.16 -30.2 -40.86 0.455 0x0000FF
-8.88 -30.56 -41.62 -9.61 -30.38 -41.24 0.455 0x0000FF
-8.51 -30.74 -42.0 -8.88 -30.56 -41.62 0.455 0x0000FF
-7.78 -30.93 -42.07 -8.51 -30.74 -42.0 0.455 0x0000FF
-6.14 -31.47 -42.37 -7.78 -30.93 -42.07 0.455 0x0000FF
-4.86 -32.38 -42.68 -6.14 -31.47 -42.37 0.455 0x0000FF
-4.13 -32.93 -42.83 -4.86 -32.38 -42.68 0.455 0x0000FF
-3.22 -33.84 -43.36 -4.13 -32.93 -42.83 0.455 0x0000FF
-1.76 -35.29 -43.59 -3.22 -33.84 -43.36 0.455 0x0000FF
-1.4 -35.85 -43.97 -1.76 -35.29 -43.59 0.455 0x0000FF
-1.21 -36.57 -44.12 -1.4 -35.85 -43.97 0.455 0x0000FF
-0.85 -37.29 -44.12 -1.21 -36.57 -44.12 0.455 0x0000FF
1.34 -39.49 -44.34 -0.85 -37.29 -44.12 0.455 0x0000FF
1.52 -40.04 -44.42 1.34 -39.49 -44.34 0.455 0x0000FF
1.89 -40.77 -44.5 1.52 -40.04 -44.42 0.455 0x0000FF
2.43 -41.86 -44.57 1.89 -40.77 -44.5 0.455 0x0000FF
2.98 -42.77 -44.8 2.43 -41.86 -44.57 0.455 0x0000FF
3.71 -43.5 -45.1 2.98 -42.77 -44.8 0.455 0x0000FF
4.44 -44.59 -45.33 3.71 -43.5 -45.1 0.455 0x0000FF
5.17 -45.5 -45.48 4.44 -44.59 -45.33 0.455 0x0000FF
5.72 -46.23 -45.56 5.17 -45.5 -45.48 0.455 0x0000FF
6.63 -46.6 -45.71 5.72 -46.23 -45.56 0.455 0x0000FF
7.54 -47.14 -45.78 6.63 -46.6 -45.71 0.455 0x0000FF
8.46 -47.87 -45.93 7.54 -47.14 -45.78 0.455 0x0000FF
9.55 -48.6 -46.16 8.46 -47.87 -45.93 0.455 0x0000FF
10.64 -48.96 -46.77 9.55 -48.6 -46.16 0.455 0x0000FF
11.37 -49.33 -47.22 10.64 -48.96 -46.77 0.455 0x0000FF
12.1 -49.69 -47.53 11.37 -49.33 -47.22 0.455 0x0000FF
12.83 -50.24 -47.75 12.1 -49.69 -47.53 0.455 0x0000FF
13.38 -50.97 -48.28 12.83 -50.24 -47.75 0.455 0x0000FF
13.75 -51.7 -48.51 13.38 -50.97 -48.28 0.455 0x0000FF
14.11 -52.61 -48.59 13.75 -51.7 -48.51 0.455 0x0000FF
14.48 -53.52 -49.04 14.11 -52.61 -48.59 0.455 0x0000FF
14.48 -54.43 -49.42 14.48 -53.52 -49.04 0.455 0x0000FF
14.48 -55.16 -49.8 14.48 -54.43 -49.42 0.455 0x0000FF
14.48 -55.52 -50.1 14.48 -55.16 -49.8 0.455 0x0000FF
14.48 -56.43 -50.71 14.48 -55.52 -50.1 0.455 0x0000FF
14.84 -57.53 -51.31 14.48 -56.43 -50.71 0.455 0x0000FF
15.39 -57.89 -51.99 14.84 -57.53 -51.31 0.455 0x0000FF
16.85 -58.62 -52.3 15.39 -57.89 -51.99 0.455 0x0000FF
18.67 -59.53 -53.06 16.85 -58.62 -52.3 0.455 0x0000FF
19.22 -59.71 -53.96 18.67 -59.53 -53.06 0.455 0x0000FF
19.95 -59.9 -54.57 19.22 -59.71 -53.96 0.455 0x0000FF
21.23 -59.9 -55.1 19.95 -59.9 -54.57 0.455 0x0000FF
22.69 -59.9 -55.86 21.23 -59.9 -55.1 0.455 0x0000FF
23.96 -59.35 -55.93 22.69 -59.9 -55.86 0.455 0x0000FF
24.88 -59.35 -56.46 23.96 -59.35 -55.93 0.365 0x0000FF
25.24 -59.71 -56.54 24.88 -59.35 -56.46 0.365 0x0000FF
25.61 -60.44 -56.84 25.24 -59.71 -56.54 0.365 0x0000FF
25.97 -61.17 -57.07 25.61 -60.44 -56.84 0.365 0x0000FF
26.15 -62.26 -57.52 25.97 -61.17 -57.07 0.365 0x0000FF
26.88 -62.99 -57.75 26.15 -62.26 -57.52 0.365 0x0000FF
27.98 -64.45 -58.21 26.88 -62.99 -57.75 0.365 0x0000FF
-1.21 -38.76 -45.25 -0.85 -37.29 -44.12 0.545 0x0000FF
-1.4 -39.67 -45.25 -1.21 -38.76 -45.25 0.545 0x0000FF
-1.76 -40.22 -45.33 -1.4 -39.67 -45.25 0.545 0x0000FF
-1.76 -40.95 -45.4 -1.76 -40.22 -45.33 0.545 0x0000FF
-2.13 -42.59 -45.48 -1.76 -40.95 -45.4 0.545 0x0000FF
-2.31 -43.5 -45.63 -2.13 -42.59 -45.48 0.545 0x0000FF
-2.31 -44.41 -45.86 -2.31 -43.5 -45.63 0.545 0x0000FF
-1.94 -45.87 -46.16 -2.31 -44.41 -45.86 0.545 0x0000FF
-1.58 -47.69 -46.16 -1.94 -45.87 -46.16 0.545 0x0000FF
-1.58 -48.96 -46.16 -1.58 -47.69 -46.16 0.545 0x0000FF
-1.58 -50.79 -46.16 -1.58 -48.96 -46.16 0.545 0x0000FF
-1.4 -52.43 -46.16 -1.58 -50.79 -46.16 0.545 0x0000FF
-1.58 -53.7 -46.47 -1.4 -52.43 -46.16 0.545 0x0000FF
-1.94 -55.34 -46.62 -1.58 -53.7 -46.47 0.545 0x0000FF
-2.13 -56.8 -46.92 -1.94 -55.34 -46.62 0.545 0x0000FF
-2.13 -58.8 -46.92 -2.13 -56.8 -46.92 0.545 0x0000FF
-1.76 -60.62 -47.07 -2.13 -58.8 -46.92 0.545 0x0000FF
-1.03 -62.63 -47.15 -1.76 -60.62 -47.07 0.545 0x0000FF
0.06 -65.73 -47.15 -1.03 -62.63 -47.15 0.545 0x0000FF
1.52 -68.45 -47.15 0.06 -65.73 -47.15 0.545 0x0000FF
4.08 -75.38 -47.0 1.52 -68.45 -47.15 0.545 0x0000FF
4.99 -76.29 -46.54 4.08 -75.38 -47.0 0.545 0x0000FF
5.54 -77.56 -46.16 4.99 -76.29 -46.54 0.545 0x0000FF
5.9 -78.12 -45.78 5.54 -77.56 -46.16 0.545 0x0000FF
6.27 -79.2 -45.71 5.9 -78.12 -45.78 0.545 0x0000FF
6.63 -80.12 -46.01 6.27 -79.2 -45.71 0.545 0x0000FF
6.63 -80.48 -46.24 6.63 -80.12 -46.01 0.545 0x0000FF
6.81 -81.2 -46.24 6.63 -80.48 -46.24 0.545 0x0000FF
7.36 -82.49 -46.62 6.81 -81.2 -46.24 0.545 0x0000FF
7.36 -82.67 -47.22 7.36 -82.49 -46.62 0.545 0x0000FF
7.36 -83.22 -48.13 7.36 -82.67 -47.22 0.545 0x0000FF
7.54 -84.13 -48.28 7.36 -83.22 -48.13 0.545 0x0000FF
7.54 -84.86 -48.36 7.54 -84.13 -48.28 0.545 0x0000FF
7.73 -85.22 -48.89 7.54 -84.86 -48.36 0.545 0x0000FF
7.73 -85.59 -49.04 7.73 -85.22 -48.89 0.545 0x0000FF
7.73 -85.95 -49.27 7.73 -85.59 -49.04 0.545 0x0000FF
8.09 -86.5 -49.72 7.73 -85.95 -49.27 0.545 0x0000FF
8.27 -87.95 -50.1 8.09 -86.5 -49.72 0.545 0x0000FF
8.46 -88.87 -50.33 8.27 -87.95 -50.1 0.545 0x0000FF
8.46 -89.59 -50.4 8.46 -88.87 -50.33 0.545 0x0000FF
8.64 -90.69 -50.71 8.46 -89.59 -50.4 0.545 0x0000FF
8.64 -90.87 -51.54 8.64 -90.69 -50.71 0.545 0x0000FF
8.46 -91.6 -51.99 8.64 -90.87 -51.54 0.545 0x0000FF
8.46 -91.96 -52.83 8.46 -91.6 -51.99 0.545 0x0000FF
8.64 -92.51 -53.43 8.46 -91.96 -52.83 0.545 0x0000FF
8.82 -92.69 -54.19 8.64 -92.51 -53.43 0.545 0x0000FF
8.82 -93.06 -55.71 8.82 -92.69 -54.19 0.545 0x0000FF
8.64 -96.7 -56.01 8.82 -93.06 -55.71 0.365 0x0000FF
-45.73 -32.38 -44.5 -41.51 -23.48 -40.88 1.46 0x0000FF
-45.92 -33.11 -44.5 -45.73 -32.38 -44.5 1.46 0x0000FF
-46.46 -33.65 -44.5 -45.92 -33.11 -44.5 1.005 0x0000FF
-47.19 -34.21 -44.5 -46.46 -33.65 -44.5 1.005 0x0000FF
-47.74 -35.11 -44.5 -47.19 -34.21 -44.5 1.005 0x0000FF
-47.92 -35.47 -44.5 -47.74 -35.11 -44.5 1.005 0x0000FF
-48.11 -36.03 -44.5 -47.92 -35.47 -44.5 1.005 0x0000FF
-48.11 -36.57 -44.5 -48.11 -36.03 -44.5 1.005 0x0000FF
-48.65 -37.67 -44.5 -48.11 -36.57 -44.5 1.005 0x0000FF
-48.29 -38.4 -44.5 -48.65 -37.67 -44.5 1.005 0x0000FF
-47.38 -39.85 -44.5 -48.29 -38.4 -44.5 0.73 0x0000FF
-46.83 -40.22 -44.5 -47.38 -39.85 -44.5 0.73 0x0000FF
-46.28 -40.95 -44.5 -46.83 -40.22 -44.5 0.73 0x0000FF
-45.92 -42.04 -44.5 -46.28 -40.95 -44.5 0.73 0x0000FF
-45.73 -42.4 -44.42 -45.92 -42.04 -44.5 0.73 0x0000FF
-45.19 -43.5 -44.42 -45.73 -42.4 -44.42 0.73 0x0000FF
-44.27 -44.59 -44.42 -45.19 -43.5 -44.42 0.73 0x0000FF
-43.36 -46.05 -44.42 -44.27 -44.59 -44.42 0.73 0x0000FF
-40.99 -47.51 -44.34 -43.36 -46.05 -44.42 0.64 0x0000FF
-39.89 -48.42 -44.34 -40.99 -47.51 -44.34 0.64 0x0000FF
-38.25 -49.51 -44.27 -39.89 -48.42 -44.34 0.64 0x0000FF
-36.61 -50.6 -44.27 -38.25 -49.51 -44.27 0.64 0x0000FF
-36.61 -50.42 -44.99 -36.61 -50.6 -44.27 0.64 0x0000FF
-36.61 -50.24 -45.71 -36.61 -50.42 -44.99 0.64 0x0000FF
-35.52 -50.6 -47.0 -36.61 -50.24 -45.71 0.455 0x0000FF
-34.79 -50.42 -44.34 -35.52 -50.6 -47.0 0.455 0x0000FF
-33.51 -49.87 -44.65 -34.79 -50.42 -44.34 0.455 0x0000FF
-32.04 -49.69 -45.03 -33.51 -49.87 -44.65 0.455 0x0000FF
-30.41 -49.87 -45.33 -32.04 -49.69 -45.03 0.455 0x0000FF
-29.31 -49.87 -45.48 -30.41 -49.87 -45.33 0.455 0x0000FF
-28.04 -49.87 -45.86 -29.31 -49.87 -45.48 0.455 0x0000FF
-26.94 -50.06 -45.93 -28.04 -49.87 -45.86 0.455 0x0000FF
-25.85 -50.06 -45.93 -26.94 -50.06 -45.93 0.455 0x0000FF
-24.93 -50.06 -45.63 -25.85 -50.06 -45.93 0.455 0x0000FF
-24.2 -50.06 -45.25 -24.93 -50.06 -45.63 0.455 0x0000FF
-22.74 -50.42 -45.03 -24.2 -50.06 -45.25 0.455 0x0000FF
-21.1 -50.42 -44.19 -22.74 -50.42 -45.03 0.455 0x0000FF
-19.64 -50.6 -44.12 -21.1 -50.42 -44.19 0.455 0x0000FF
-18.0 -50.97 -43.89 -19.64 -50.6 -44.12 0.455 0x0000FF
-15.45 -52.06 -43.89 -18.0 -50.97 -43.89 0.455 0x0000FF
-13.26 -53.52 -43.89 -15.45 -52.06 -43.89 0.455 0x0000FF
-11.25 -54.43 -43.89 -13.26 -53.52 -43.89 0.455 0x0000FF
-10.16 -55.34 -43.81 -11.25 -54.43 -43.89 0.455 0x0000FF
-8.69 -56.62 -43.81 -10.16 -55.34 -43.81 0.455 0x0000FF
-7.24 -58.07 -44.04 -8.69 -56.62 -43.81 0.455 0x0000FF
-5.59 -60.81 -44.34 -7.24 -58.07 -44.04 0.455 0x0000FF
-4.5 -62.26 -44.57 -5.59 -60.81 -44.34 0.455 0x0000FF
-3.22 -63.9 -44.87 -4.5 -62.26 -44.57 0.455 0x0000FF
-2.49 -65.18 -45.1 -3.22 -63.9 -44.87 0.455 0x0000FF
-1.76 -65.91 -45.48 -2.49 -65.18 -45.1 0.455 0x0000FF
-0.3 -67.73 -45.86 -1.76 -65.91 -45.48 0.455 0x0000FF
0.61 -68.81 -45.93 -0.3 -67.73 -45.86 0.455 0x0000FF
1.7 -70.45 -45.93 0.61 -68.81 -45.93 0.455 0x0000FF
2.43 -71.92 -46.24 1.7 -70.45 -45.93 0.455 0x0000FF
3.53 -73.73 -46.47 2.43 -71.92 -46.24 0.455 0x0000FF
4.08 -74.84 -46.69 3.53 -73.73 -46.47 0.455 0x0000FF
4.44 -75.75 -46.84 4.08 -74.84 -46.69 0.455 0x0000FF
4.62 -76.48 -47.37 4.44 -75.75 -46.84 0.455 0x0000FF
5.9 -79.94 -47.9 4.62 -76.48 -47.37 0.455 0x0000FF
6.45 -81.58 -48.28 5.9 -79.94 -47.9 0.455 0x0000FF
6.63 -81.94 -48.66 6.45 -81.58 -48.28 0.455 0x0000FF
6.45 -83.22 -49.27 6.63 -81.94 -48.66 0.455 0x0000FF
6.45 -83.95 -49.65 6.45 -83.22 -49.27 0.455 0x0000FF
6.63 -85.04 -50.03 6.45 -83.95 -49.65 0.455 0x0000FF
6.81 -85.4 -51.69 6.63 -85.04 -50.03 0.455 0x0000FF
7.91 -88.87 -52.53 6.81 -85.4 -51.69 0.455 0x0000FF
8.46 -90.87 -53.06 7.91 -88.87 -52.53 0.455 0x0000FF
8.46 -92.51 -53.13 8.46 -90.87 -53.06 0.455 0x0000FF
8.46 -97.43 -54.57 8.46 -92.51 -53.13 0.455 0x0000FF
9.36 -101.44 -55.02 8.46 -97.43 -54.57 0.275 0x0000FF
-35.33 -52.79 -45.1 -36.61 -50.42 -44.99 0.545 0x0000FF
-34.79 -53.88 -45.33 -35.33 -52.79 -45.1 0.545 0x0000FF
-35.15 -55.16 -45.33 -34.79 -53.88 -45.33 0.545 0x0000FF
-35.15 -56.8 -45.33 -35.15 -55.16 -45.33 0.545 0x0000FF
-34.97 -58.44 -45.33 -35.15 -56.8 -45.33 0.545 0x0000FF
-34.79 -60.99 -45.63 -34.97 -58.44 -45.33 0.545 0x0000FF
-34.42 -62.63 -45.71 -34.79 -60.99 -45.63 0.545 0x0000FF
-34.42 -64.27 -45.78 -34.42 -62.63 -45.71 0.545 0x0000FF
-34.24 -66.09 -46.09 -34.42 -64.27 -45.78 0.545 0x0000FF
-34.06 -67.73 -46.09 -34.24 -66.09 -46.09 0.545 0x0000FF
-33.86 -69.37 -45.86 -34.06 -67.73 -46.09 0.545 0x0000FF
-33.33 -71.01 -45.56 -33.86 -69.37 -45.86 0.545 0x0000FF
-32.78 -73.38 -45.48 -33.33 -71.01 -45.56 0.545 0x0000FF
-32.4 -75.2 -45.25 -32.78 -73.38 -45.48 0.545 0x0000FF
-32.04 -76.66 -45.18 -32.4 -75.2 -45.25 0.545 0x0000FF
-32.04 -78.84 -44.87 -32.04 -76.66 -45.18 0.545 0x0000FF
-32.04 -82.31 -44.57 -32.04 -78.84 -44.87 0.545 0x0000FF
-32.4 -83.76 -44.12 -32.04 -82.31 -44.57 0.545 0x0000FF
-33.51 -85.4 -43.81 -32.4 -83.76 -44.12 0.545 0x0000FF
-34.97 -87.04 -43.36 -33.51 -85.4 -43.81 0.545 0x0000FF
-36.61 -89.23 -43.36 -34.97 -87.04 -43.36 0.545 0x0000FF
-36.25 -94.15 -43.13 -36.61 -89.23 -43.36 0.545 0x0000FF
-35.52 -95.42 -43.13 -36.25 -94.15 -43.13 0.545 0x0000FF
-34.97 -97.06 -43.06 -35.52 -95.42 -43.13 0.545 0x0000FF
-34.79 -99.07 -43.06 -34.97 -97.06 -43.06 0.545 0x0000FF
-34.6 -102.17 -42.98 -34.79 -99.07 -43.06 0.545 0x0000FF
-34.24 -102.71 -42.9 -34.6 -102.17 -42.98 0.545 0x0000FF
-33.86 -103.26 -42.9 -34.24 -102.71 -42.9 0.545 0x0000FF
-34.6 -115.86 -42.68 -33.86 -103.26 -42.9 0.545 0x0000FF
-34.6 -117.32 -42.37 -34.6 -115.86 -42.68 0.545 0x0000FF
-34.6 -118.78 -42.3 -34.6 -117.32 -42.37 0.545 0x0000FF
-34.6 -120.42 -42.15 -34.6 -118.78 -42.3 0.545 0x0000FF
-33.5 -124.43 -42.0 -34.6 -120.42 -42.15 0.545 0x0000FF
-33.69 -127.53 -41.92 -33.5 -124.43 -42.0 0.545 0x0000FF
-33.32 -128.44 -42.22 -33.69 -127.53 -41.92 0.545 0x0000FF
-32.77 -129.71 -42.45 -33.32 -128.44 -42.22 0.545 0x0000FF
-32.4 -131.72 -42.45 -32.77 -129.71 -42.45 0.545 0x0000FF
-32.04 -133.16 -42.53 -32.4 -131.72 -42.45 0.545 0x0000FF
-31.68 -134.63 -42.75 -32.04 -133.16 -42.53 0.545 0x0000FF
-31.68 -136.09 -42.83 -31.68 -134.63 -42.75 0.545 0x0000FF
-31.86 -137.18 -43.21 -31.68 -136.09 -42.83 0.545 0x0000FF
-32.04 -138.09 -43.28 -31.86 -137.18 -43.21 0.545 0x0000FF
-32.77 -139.37 -43.59 -32.04 -138.09 -43.28 0.545 0x0000FF
-33.5 -140.83 -43.97 -32.77 -139.37 -43.59 0.545 0x0000FF
-34.42 -141.74 -44.5 -33.5 -140.83 -43.97 0.545 0x0000FF
-36.97 -143.38 -44.5 -34.42 -141.74 -44.5 0.545 0x0000FF
-37.88 -145.19 -44.95 -36.97 -143.38 -44.5 0.545 0x0000FF
-38.61 -147.75 -45.1 -37.88 -145.19 -44.95 0.545 0x0000FF
-38.79 -149.02 -45.25 -38.61 -147.75 -45.1 0.545 0x0000FF
-38.61 -149.94 -45.56 -38.79 -149.02 -45.25 0.545 0x0000FF
-38.61 -152.66 -45.78 -38.61 -149.94 -45.56 0.545 0x0000FF
-38.06 -154.66 -46.16 -38.61 -152.66 -45.78 0.545 0x0000FF
-37.52 -156.86 -46.24 -38.06 -154.66 -46.16 0.545 0x0000FF
-37.34 -158.5 -46.39 -37.52 -156.86 -46.24 0.545 0x0000FF
-38.79 -165.97 -46.54 -37.34 -158.5 -46.39 0.545 0x0000FF
-41.17 -167.61 -46.77 -38.79 -165.97 -46.54 0.545 0x0000FF
-42.44 -168.88 -46.84 -41.17 -167.61 -46.77 0.545 0x0000FF
-45.0 -172.89 -47.0 -42.44 -168.88 -46.84 0.545 0x0000FF
-35.69 -49.36 -43.74 -36.61 -50.6 -44.27 0.545 0x0000FF
-35.33 -49.0 -43.74 -35.69 -49.36 -43.74 0.545 0x0000FF
-34.6 -48.27 -43.59 -35.33 -49.0 -43.74 0.545 0x0000FF
-34.04 -47.9 -43.36 -34.6 -48.27 -43.59 0.545 0x0000FF
-33.69 -47.72 -42.83 -34.04 -47.9 -43.36 0.545 0x0000FF
-33.14 -47.54 -43.21 -33.69 -47.72 -42.83 0.545 0x0000FF
-32.77 -47.36 -43.44 -33.14 -47.54 -43.21 0.545 0x0000FF
-32.22 -47.18 -43.66 -32.77 -47.36 -43.44 0.545 0x0000FF
-31.86 -46.99 -43.74 -32.22 -47.18 -43.66 0.545 0x0000FF
-31.5 -46.99 -44.19 -31.86 -46.99 -43.74 0.545 0x0000FF
-31.13 -46.81 -44.5 -31.5 -46.99 -44.19 0.545 0x0000FF
-30.77 -46.63 -44.5 -31.13 -46.81 -44.5 0.545 0x0000FF
-29.85 -46.08 -44.8 -30.77 -46.63 -44.5 0.545 0x0000FF
-29.31 -45.54 -45.33 -29.85 -46.08 -44.8 0.545 0x0000FF
-28.94 -44.81 -45.48 -29.31 -45.54 -45.33 0.545 0x0000FF
-28.76 -44.26 -45.86 -28.94 -44.81 -45.48 0.545 0x0000FF
-28.21 -43.35 -46.24 -28.76 -44.26 -45.86 0.545 0x0000FF
-27.85 -43.17 -46.39 -28.21 -43.35 -46.24 0.545 0x0000FF
-27.3 -42.62 -46.54 -27.85 -43.17 -46.39 0.545 0x0000FF
-26.94 -42.44 -46.84 -27.3 -42.62 -46.54 0.545 0x0000FF
-26.39 -42.44 -47.37 -26.94 -42.44 -46.84 0.545 0x0000FF
-25.84 -42.26 -47.53 -26.39 -42.44 -47.37 0.545 0x0000FF
-25.29 -42.26 -47.9 -25.84 -42.26 -47.53 0.545 0x0000FF
-24.75 -42.07 -48.36 -25.29 -42.26 -47.9 0.545 0x0000FF
-24.38 -42.07 -48.59 -24.75 -42.07 -48.36 0.545 0x0000FF
-23.65 -42.07 -49.12 -24.38 -42.07 -48.59 0.545 0x0000FF
-23.1 -41.89 -49.5 -23.65 -42.07 -49.12 0.545 0x0000FF
-22.37 -41.89 -49.95 -23.1 -41.89 -49.5 0.545 0x0000FF
-21.64 -41.89 -50.4 -22.37 -41.89 -49.95 0.545 0x0000FF
-20.73 -41.71 -51.01 -21.64 -41.89 -50.4 0.545 0x0000FF
-20.0 -41.71 -51.39 -20.73 -41.71 -51.01 0.545 0x0000FF
-19.45 -41.53 -51.69 -20.0 -41.71 -51.39 0.545 0x0000FF
-18.91 -41.34 -52.07 -19.45 -41.53 -51.69 0.545 0x0000FF
-18.18 -40.98 -52.83 -18.91 -41.34 -52.07 0.545 0x0000FF
-17.63 -40.43 -53.28 -18.18 -40.98 -52.83 0.545 0x0000FF
-17.07 -40.07 -53.28 -17.63 -40.43 -53.28 0.545 0x0000FF
-16.54 -39.52 -53.43 -17.07 -40.07 -53.28 0.545 0x0000FF
-15.62 -39.15 -53.74 -16.54 -39.52 -53.43 0.545 0x0000FF
-13.25 -38.79 -54.19 -15.62 -39.15 -53.74 0.365 0x0000FF
-12.7 -38.79 -54.34 -13.25 -38.79 -54.19 0.365 0x0000FF
-11.43 -38.61 -54.34 -12.7 -38.79 -54.34 0.365 0x0000FF
-10.88 -38.43 -54.57 -11.43 -38.61 -54.34 0.365 0x0000FF
-9.77 -37.7 -54.65 -10.88 -38.43 -54.57 0.365 0x0000FF
-8.33 -36.61 -54.8 -9.77 -37.7 -54.65 0.365 0x0000FF
-7.41 -36.24 -54.87 -8.33 -36.61 -54.8 0.365 0x0000FF
-6.5 -35.88 -55.02 -7.41 -36.24 -54.87 0.365 0x0000FF
-5.22 -35.88 -55.02 -6.5 -35.88 -55.02 0.365 0x0000FF
-4.3 -36.06 -55.1 -5.22 -35.88 -55.02 0.365 0x0000FF
-3.58 -36.24 -55.18 -4.3 -36.06 -55.1 0.365 0x0000FF
-49.19 -38.07 -44.57 -48.29 -38.4 -44.5 1.005 0x0000FF
-51.02 -38.97 -44.57 -49.19 -38.07 -44.57 1.005 0x0000FF
-51.75 -39.52 -44.57 -51.02 -38.97 -44.57 1.005 0x0000FF
-52.48 -40.79 -45.48 -51.75 -39.52 -44.57 1.005 0x0000FF
-56.31 -40.98 -45.33 -52.48 -40.79 -45.48 0.64 0x0000FF
-57.77 -40.79 -45.25 -56.31 -40.98 -45.33 0.64 0x0000FF
-58.86 -40.61 -44.95 -57.77 -40.79 -45.25 0.64 0x0000FF
-59.59 -40.25 -44.57 -58.86 -40.61 -44.95 0.64 0x0000FF
-60.14 -40.07 -44.27 -59.59 -40.25 -44.57 0.64 0x0000FF
-60.87 -39.89 -43.97 -60.14 -40.07 -44.27 0.64 0x0000FF
-62.15 -39.15 -43.66 -60.87 -39.89 -43.97 0.64 0x0000FF
-63.06 -38.43 -43.28 -62.15 -39.15 -43.66 0.64 0x0000FF
-63.61 -37.88 -43.28 -63.06 -38.43 -43.28 0.64 0x0000FF
-64.16 -37.7 -42.53 -63.61 -37.88 -43.28 0.64 0x0000FF
-64.52 -37.34 -42.0 -64.16 -37.7 -42.53 0.64 0x0000FF
-64.89 -36.97 -40.56 -64.52 -37.34 -42.0 0.64 0x0000FF
-65.8 -36.61 -41.92 -64.89 -36.97 -40.56 0.64 0x0000FF
-66.16 -36.61 -42.53 -65.8 -36.61 -41.92 0.64 0x0000FF
-66.7 -36.61 -44.65 -66.16 -36.61 -42.53 0.64 0x0000FF
-67.06 -36.43 -45.25 -66.7 -36.61 -44.65 0.64 0x0000FF
-67.98 -36.43 -46.31 -67.06 -36.43 -45.25 0.64 0x0000FF
-69.08 -36.43 -46.92 -67.98 -36.43 -46.31 0.64 0x0000FF
-72.37 -37.7 -47.37 -69.08 -36.43 -46.92 0.64 0x0000FF
-75.65 -37.15 -47.53 -72.37 -37.7 -47.37 0.64 0x0000FF
-80.03 -37.34 -47.68 -75.65 -37.15 -47.53 0.545 0x0000FF
-80.94 -38.07 -47.83 -80.03 -37.34 -47.68 0.545 0x0000FF
-82.22 -38.97 -48.06 -80.94 -38.07 -47.83 0.545 0x0000FF
-83.86 -39.34 -48.06 -82.22 -38.97 -48.06 0.545 0x0000FF
-86.42 -40.25 -48.13 -83.86 -39.34 -48.06 0.545 0x0000FF
-88.42 -40.79 -48.28 -86.42 -40.25 -48.13 0.545 0x0000FF
-92.62 -42.07 -48.43 -88.42 -40.79 -48.28 0.545 0x0000FF
-95.54 -43.71 -48.51 -92.62 -42.07 -48.43 0.545 0x0000FF
-98.27 -45.54 -48.59 -95.54 -43.71 -48.51 0.545 0x0000FF
-102.84 -49.0 -49.12 -98.27 -45.54 -48.59 0.545 0x0000FF
-111.96 -49.18 -49.42 -102.84 -49.0 -49.12 0.545 0x0000FF
-116.7 -49.91 -49.65 -111.96 -49.18 -49.42 0.545 0x0000FF
-119.44 -50.64 -49.8 -116.7 -49.91 -49.65 0.545 0x0000FF
-121.45 -51.0 -50.03 -119.44 -50.64 -49.8 0.545 0x0000FF
-123.45 -51.37 -50.18 -121.45 -51.0 -50.03 0.545 0x0000FF
-124.0 -51.37 -50.48 -123.45 -51.37 -50.18 0.545 0x0000FF
-125.28 -51.55 -50.93 -124.0 -51.37 -50.48 0.545 0x0000FF
-126.01 -51.55 -51.31 -125.28 -51.55 -50.93 0.545 0x0000FF
-126.74 -51.18 -52.22 -126.01 -51.55 -51.31 0.545 0x0000FF
-127.65 -50.82 -53.51 -126.74 -51.18 -52.22 0.545 0x0000FF
-127.83 -50.64 -52.37 -127.65 -50.82 -53.51 0.545 0x0000FF
-128.01 -50.64 -51.54 -127.83 -50.64 -52.37 0.545 0x0000FF
-128.38 -50.64 -50.18 -128.01 -50.64 -51.54 0.545 0x0000FF
-129.29 -50.27 -49.8 -128.38 -50.64 -50.18 0.545 0x0000FF
-129.47 -50.09 -48.81 -129.29 -50.27 -49.8 0.545 0x0000FF
-130.19 -49.73 -46.84 -129.47 -50.09 -48.81 0.545 0x0000FF
-130.38 -49.36 -44.34 -130.19 -49.73 -46.84 0.545 0x0000FF
-131.47 -48.63 -43.36 -130.38 -49.36 -44.34 0.545 0x0000FF
-132.21 -48.27 -42.6 -131.47 -48.63 -43.36 0.545 0x0000FF
-134.58 -47.9 -42.07 -132.21 -48.27 -42.6 0.545 0x0000FF
-139.87 -48.09 -40.47 -134.58 -47.9 -42.07 0.545 0x0000FF
-142.97 -49.0 -40.33 -139.87 -48.09 -40.47 0.455 0x0000FF
-144.44 -48.63 -40.18 -142.97 -49.0 -40.33 0.455 0x0000FF
-146.08 -48.63 -39.95 -144.44 -48.63 -40.18 0.455 0x0000FF
-147.16 -48.63 -39.86 -146.08 -48.63 -39.95 0.455 0x0000FF
-149.18 -48.27 -39.86 -147.16 -48.63 -39.86 0.455 0x0000FF
-152.1 -46.81 -39.86 -149.18 -48.27 -39.86 0.365 0x0000FF
-154.47 -46.45 -39.79 -152.1 -46.81 -39.86 0.365 0x0000FF
-156.29 -45.54 -39.79 -154.47 -46.45 -39.79 0.365 0x0000FF
-140.79 -47.54 -40.25 -139.87 -48.09 -40.47 0.545 0x0000FF
-141.88 -46.63 -39.95 -140.79 -47.54 -40.25 0.545 0x0000FF
-142.61 -46.26 -39.5 -141.88 -46.63 -39.95 0.545 0x0000FF
-144.8 -45.17 -38.97 -142.61 -46.26 -39.5 0.545 0x0000FF
-146.81 -44.44 -38.59 -144.8 -45.17 -38.97 0.545 0x0000FF
-148.08 -44.08 -38.13 -146.81 -44.44 -38.59 0.545 0x0000FF
-149.0 -43.53 -37.53 -148.08 -44.08 -38.13 0.545 0x0000FF
-52.3 -42.44 -42.15 -52.48 -40.79 -45.48 0.64 0x0000FF
-52.66 -43.71 -42.15 -52.3 -42.44 -42.15 0.64 0x0000FF
-53.39 -47.54 -42.15 -52.66 -43.71 -42.15 0.64 0x0000FF
-54.3 -50.82 -42.15 -53.39 -47.54 -42.15 0.64 0x0000FF
-55.58 -52.82 -41.16 -54.3 -50.82 -42.15 0.64 0x0000FF
-55.76 -54.1 -41.09 -55.58 -52.82 -41.16 0.73 0x0000FF
-56.49 -55.92 -41.09 -55.76 -54.1 -41.09 0.73 0x0000FF
-56.68 -58.29 -41.09 -56.49 -55.92 -41.09 0.73 0x0000FF
-56.68 -62.84 -41.09 -56.68 -58.29 -41.09 0.64 0x0000FF
-57.04 -64.67 -41.01 -56.68 -62.84 -41.09 0.64 0x0000FF
-59.96 -68.67 -40.78 -57.04 -64.67 -41.01 0.545 0x0000FF
-61.97 -69.77 -40.71 -59.96 -68.67 -40.78 0.545 0x0000FF
-64.16 -72.5 -40.63 -61.97 -69.77 -40.71 0.545 0x0000FF
-64.89 -73.95 -40.63 -64.16 -72.5 -40.63 0.545 0x0000FF
-65.25 -75.78 -40.63 -64.89 -73.95 -40.63 0.545 0x0000FF
-65.43 -77.42 -40.63 -65.25 -75.78 -40.63 0.545 0x0000FF
-65.8 -78.88 -40.63 -65.43 -77.42 -40.63 0.545 0x0000FF
-67.26 -84.34 -40.56 -65.8 -78.88 -40.63 0.545 0x0000FF
-68.53 -86.53 -40.56 -67.26 -84.34 -40.56 0.545 0x0000FF
-72.37 -87.99 -40.47 -68.53 -86.53 -40.56 0.545 0x0000FF
-74.37 -88.53 -40.47 -72.37 -87.99 -40.47 0.545 0x0000FF
-75.29 -89.26 -40.4 -74.37 -88.53 -40.47 0.545 0x0000FF
-76.02 -90.17 -40.33 -75.29 -89.26 -40.4 0.545 0x0000FF
-76.75 -91.63 -40.33 -76.02 -90.17 -40.33 0.545 0x0000FF
-77.47 -93.27 -40.25 -76.75 -91.63 -40.33 0.545 0x0000FF
-78.2 -94.91 -40.25 -77.47 -93.27 -40.25 0.545 0x0000FF
-79.84 -97.1 -40.25 -78.2 -94.91 -40.25 0.545 0x0000FF
-81.31 -98.19 -40.25 -79.84 -97.1 -40.25 0.545 0x0000FF
-82.58 -99.65 -40.25 -81.31 -98.19 -40.25 0.545 0x0000FF
-84.04 -101.11 -40.25 -82.58 -99.65 -40.25 0.545 0x0000FF
-85.69 -102.38 -40.18 -84.04 -101.11 -40.25 0.545 0x0000FF
-86.05 -102.75 -40.18 -85.69 -102.38 -40.18 0.545 0x0000FF
-86.42 -103.11 -40.1 -86.05 -102.75 -40.18 0.545 0x0000FF
-87.14 -105.48 -39.79 -86.42 -103.11 -40.1 0.545 0x0000FF
-87.87 -106.57 -39.79 -87.14 -105.48 -39.79 0.545 0x0000FF
-88.06 -108.03 -39.79 -87.87 -106.57 -39.79 0.545 0x0000FF
-88.24 -109.85 -39.72 -88.06 -108.03 -39.79 0.545 0x0000FF
-88.79 -111.86 -39.65 -88.24 -109.85 -39.72 0.545 0x0000FF
-88.97 -113.86 -39.65 -88.79 -111.86 -39.65 0.545 0x0000FF
-88.79 -116.96 -39.65 -88.97 -113.86 -39.65 0.545 0x0000FF
-88.97 -119.33 -39.57 -88.79 -116.96 -39.65 0.545 0x0000FF
-89.15 -121.33 -39.57 -88.97 -119.33 -39.57 0.545 0x0000FF
-89.33 -123.7 -39.57 -89.15 -121.33 -39.57 0.545 0x0000FF
-90.06 -129.35 -39.57 -89.33 -123.7 -39.57 0.455 0x0000FF
-90.25 -130.08 -39.57 -90.06 -129.35 -39.57 0.455 0x0000FF
-90.79 -130.62 -39.65 -90.25 -130.08 -39.57 0.455 0x0000FF
-91.52 -131.16 -39.65 -90.79 -130.62 -39.65 0.455 0x0000FF
-93.17 -131.16 -39.65 -91.52 -131.16 -39.65 0.455 0x0000FF
-94.26 -130.8 -39.65 -93.17 -131.16 -39.65 0.455 0x0000FF
-55.76 -53.01 -40.86 -55.58 -52.82 -41.16 0.73 0x0000FF
-56.68 -53.01 -40.78 -55.76 -53.01 -40.86 0.73 0x0000FF
-57.59 -53.55 -40.63 -56.68 -53.01 -40.78 0.73 0x0000FF
-59.05 -54.46 -40.47 -57.59 -53.55 -40.63 0.64 0x0000FF
-59.78 -55.01 -40.47 -59.05 -54.46 -40.47 0.64 0x0000FF
-60.51 -55.74 -40.4 -59.78 -55.01 -40.47 0.64 0x0000FF
-61.24 -56.65 -40.4 -60.51 -55.74 -40.4 0.64 0x0000FF
-61.97 -57.56 -40.4 -61.24 -56.65 -40.4 0.64 0x0000FF
-62.51 -58.29 -40.33 -61.97 -57.56 -40.4 0.64 0x0000FF
-63.24 -59.38 -40.33 -62.51 -58.29 -40.33 0.64 0x0000FF
-63.43 -60.29 -40.33 -63.24 -59.38 -40.33 0.64 0x0000FF
-63.97 -61.2 -40.33 -63.43 -60.29 -40.33 0.64 0x0000FF
-64.89 -61.93 -40.33 -63.97 -61.2 -40.33 0.64 0x0000FF
-65.8 -62.48 -40.33 -64.89 -61.93 -40.33 0.64 0x0000FF
-67.06 -63.03 -40.33 -65.8 -62.48 -40.33 0.64 0x0000FF
-67.98 -63.21 -40.33 -67.06 -63.03 -40.33 0.64 0x0000FF
-68.53 -63.57 -40.4 -67.98 -63.21 -40.33 0.64 0x0000FF
-69.45 -64.12 -40.4 -68.53 -63.57 -40.4 0.64 0x0000FF
-69.98 -64.48 -40.4 -69.45 -64.12 -40.4 0.64 0x0000FF
-70.72 -65.4 -40.4 -69.98 -64.48 -40.4 0.64 0x0000FF
-71.27 -66.12 -40.33 -70.72 -65.4 -40.4 0.64 0x0000FF
-71.27 -66.67 -40.33 -71.27 -66.12 -40.33 0.64 0x0000FF
-71.45 -67.03 -40.18 -71.27 -66.67 -40.33 0.64 0x0000FF
-71.81 -68.13 -40.18 -71.45 -67.03 -40.18 0.64 0x0000FF
-72.0 -68.67 -40.33 -71.81 -68.13 -40.18 0.64 0x0000FF
-72.0 -69.22 -40.4 -72.0 -68.67 -40.33 0.64 0x0000FF
-72.37 -70.13 -40.78 -72.0 -69.22 -40.4 0.64 0x0000FF
-72.37 -70.5 -40.78 -72.37 -70.13 -40.78 0.64 0x0000FF
-72.37 -70.86 -40.78 -72.37 -70.5 -40.78 0.64 0x0000FF
-72.73 -71.59 -40.94 -72.37 -70.86 -40.78 0.64 0x0000FF
-72.91 -72.68 -41.01 -72.73 -71.59 -40.94 0.64 0x0000FF
-73.28 -74.87 -41.16 -72.91 -72.68 -41.01 0.64 0x0000FF
-73.45 -75.78 -41.16 -73.28 -74.87 -41.16 0.64 0x0000FF
-73.45 -76.87 -41.39 -73.45 -75.78 -41.16 0.64 0x0000FF
-73.45 -77.42 -41.47 -73.45 -76.87 -41.39 0.64 0x0000FF
-73.28 -77.78 -41.62 -73.45 -77.42 -41.47 0.64 0x0000FF
-73.28 -78.33 -41.84 -73.28 -77.78 -41.62 0.64 0x0000FF
-73.28 -79.23 -42.37 -73.28 -78.33 -41.84 0.64 0x0000FF
-73.28 -80.34 -42.68 -73.28 -79.23 -42.37 0.64 0x0000FF
-73.09 -81.25 -42.9 -73.28 -80.34 -42.68 0.64 0x0000FF
-73.64 -84.53 -43.13 -73.09 -81.25 -42.9 0.64 0x0000FF
-74.01 -85.98 -43.13 -73.64 -84.53 -43.13 0.64 0x0000FF
-74.19 -87.08 -43.28 -74.01 -85.98 -43.13 0.64 0x0000FF
-74.19 -87.81 -43.44 -74.19 -87.08 -43.28 0.64 0x0000FF
-74.56 -88.53 -43.74 -74.19 -87.81 -43.44 0.64 0x0000FF
-74.73 -89.26 -43.97 -74.56 -88.53 -43.74 0.64 0x0000FF
-74.92 -89.63 -44.12 -74.73 -89.26 -43.97 0.64 0x0000FF
-75.09 -90.17 -44.57 -74.92 -89.63 -44.12 0.64 0x0000FF
-75.09 -91.09 -44.95 -75.09 -90.17 -44.57 0.64 0x0000FF
-75.09 -92.0 -45.18 -75.09 -91.09 -44.95 0.64 0x0000FF
-75.09 -92.54 -45.25 -75.09 -92.0 -45.18 0.64 0x0000FF
-74.73 -92.91 -45.33 -75.09 -92.54 -45.25 0.64 0x0000FF
-74.56 -93.64 -45.4 -74.73 -92.91 -45.33 0.64 0x0000FF
-74.37 -94.18 -45.56 -74.56 -93.64 -45.4 0.64 0x0000FF
-74.19 -94.55 -45.78 -74.37 -94.18 -45.56 0.64 0x0000FF
-73.09 -95.28 -46.01 -74.19 -94.55 -45.78 0.64 0x0000FF
-71.81 -96.0 -46.24 -73.09 -95.28 -46.01 0.64 0x0000FF
-71.09 -96.37 -46.47 -71.81 -96.0 -46.24 0.545 0x0000FF
-70.72 -96.55 -46.47 -71.09 -96.37 -46.47 0.545 0x0000FF
-69.45 -96.55 -46.47 -70.72 -96.55 -46.47 0.545 0x0000FF
-68.72 -96.0 -46.47 -69.45 -96.55 -46.47 0.545 0x0000FF
-67.06 -95.64 -46.47 -68.72 -96.0 -46.47 0.545 0x0000FF
-71.45 -96.92 -46.16 -71.81 -96.0 -46.24 0.545 0x0000FF
-70.72 -97.46 -46.09 -71.45 -96.92 -46.16 0.545 0x0000FF
-69.81 -98.19 -46.09 -70.72 -97.46 -46.09 0.545 0x0000FF
-68.9 -98.74 -46.01 -69.81 -98.19 -46.09 0.545 0x0000FF
-67.06 -98.92 -46.01 -68.9 -98.74 -46.01 0.455 0x0000FF
-34.22 -25.31 -33.44 -41.51 -23.48 -40.88 1.005 0x0000FF
-33.86 -25.49 -33.44 -34.22 -25.31 -33.44 1.005 0x0000FF
-33.32 -25.68 -33.44 -33.86 -25.49 -33.44 1.005 0x0000FF
-31.68 -26.22 -33.44 -33.32 -25.68 -33.44 1.005 0x0000FF
-31.13 -26.22 -33.44 -31.68 -26.22 -33.44 1.005 0x0000FF
-29.49 -26.4 -33.44 -31.13 -26.22 -33.44 0.82 0x0000FF
-28.39 -26.4 -33.44 -29.49 -26.4 -33.44 0.82 0x0000FF
-22.92 -25.31 -33.36 -28.39 -26.4 -33.44 0.64 0x0000FF
-21.1 -24.95 -33.36 -22.92 -25.31 -33.36 0.64 0x0000FF
-18.72 -24.58 -33.36 -21.1 -24.95 -33.36 0.64 0x0000FF
-16.17 -23.85 -33.28 -18.72 -24.58 -33.36 0.455 0x0000FF
-15.44 -23.67 -33.28 -16.17 -23.85 -33.28 0.455 0x0000FF
-15.26 -22.94 -33.28 -15.44 -23.67 -33.28 0.365 0x0000FF
-15.08 -22.21 -33.28 -15.26 -22.94 -33.28 0.365 0x0000FF
-14.35 -21.3 -33.28 -15.08 -22.21 -33.28 0.365 0x0000FF
-12.34 -20.21 -33.28 -14.35 -21.3 -33.28 0.365 0x0000FF
-11.97 -18.75 -33.28 -12.34 -20.21 -33.28 0.275 0x0000FF
-13.98 -24.4 -33.28 -15.44 -23.67 -33.28 0.275 0x0000FF
-12.52 -25.31 -33.28 -13.98 -24.4 -33.28 0.275 0x0000FF
-10.15 -25.49 -33.28 -12.52 -25.31 -33.28 0.275 0x0000FF
-7.78 -25.49 -33.28 -10.15 -25.49 -33.28 0.275 0x0000FF
-5.77 -25.49 -33.28 -7.78 -25.49 -33.28 0.275 0x0000FF
-3.95 -25.13 -33.28 -5.77 -25.49 -33.28 0.275 0x0000FF
-3.03 -24.76 -33.28 -3.95 -25.13 -33.28 0.275 0x0000FF
-2.29 -24.4 -33.28 -3.03 -24.76 -33.28 0.275 0x0000FF
-1.76 -23.85 -33.21 -2.29 -24.4 -33.28 0.275 0x0000FF
-0.66 -23.67 -33.21 -1.76 -23.85 -33.21 0.275 0x0000FF
3.53 -24.04 -33.13 -0.66 -23.67 -33.21 0.275 0x0000FF
5.91 -24.22 -33.13 3.53 -24.04 -33.13 0.275 0x0000FF
-30.58 -28.04 -33.36 -31.13 -26.22 -33.44 0.455 0x0000FF
-30.04 -28.96 -33.36 -30.58 -28.04 -33.36 0.455 0x0000FF
-30.04 -29.87 -33.36 -30.04 -28.96 -33.36 0.455 0x0000FF
-30.04 -30.6 -33.36 -30.04 -29.87 -33.36 0.455 0x0000FF
-29.49 -31.69 -33.36 -30.04 -30.6 -33.36 0.455 0x0000FF
-28.76 -32.22 -33.36 -29.49 -31.69 -33.36 0.455 0x0000FF
-26.39 -34.06 -33.21 -28.76 -32.22 -33.36 0.365 0x0000FF
-25.48 -34.42 -33.13 -26.39 -34.06 -33.21 0.365 0x0000FF
-23.83 -34.6 -32.97 -25.48 -34.42 -33.13 0.365 0x0000FF
-20.73 -32.78 -32.97 -23.83 -34.6 -32.97 0.365 0x0000FF
-18.18 -31.87 -32.9 -20.73 -32.78 -32.97 0.365 0x0000FF
-16.89 -32.04 -32.9 -18.18 -31.87 -32.9 0.365 0x0000FF
-15.08 -31.32 -32.9 -16.89 -32.04 -32.9 0.365 0x0000FF
-14.16 -29.87 -32.9 -15.08 -31.32 -32.9 0.365 0x0000FF
-45.43 -15.16 -39.04 -41.51 -23.48 -40.88 2.37 0x0000FF
-45.62 -14.61 -39.42 -45.43 -15.16 -39.04 2.37 0x0000FF
-45.98 -13.89 -39.5 -45.62 -14.61 -39.42 2.37 0x0000FF
-47.62 -11.15 -39.5 -45.98 -13.89 -39.5 2.37 0x0000FF
-50.36 -4.41 -40.1 -47.62 -11.15 -39.5 2.19 0x0000FF
-51.64 0.33 -40.25 -50.36 -4.41 -40.1 2.19 0x0000FF
-52.18 6.16 -40.78 -51.64 0.33 -40.25 2.1 0x0000FF
-52.37 9.44 -40.78 -52.18 6.16 -40.78 2.1 0x0000FF
-53.28 12.9 -40.86 -52.37 9.44 -40.78 2.1 0x0000FF
-50.72 12.9 -40.86 -53.28 12.9 -40.86 0.73 0x0000FF
-50.36 13.63 -40.71 -50.72 12.9 -40.86 0.73 0x0000FF
-49.81 14.36 -40.63 -50.36 13.63 -40.71 0.73 0x0000FF
-49.45 14.72 -40.56 -49.81 14.36 -40.63 0.73 0x0000FF
-48.72 15.08 -40.47 -49.45 14.72 -40.56 0.73 0x0000FF
-47.99 15.63 -40.25 -48.72 15.08 -40.47 0.73 0x0000FF
-46.89 16.36 -39.95 -47.99 15.63 -40.25 0.73 0x0000FF
-45.8 16.91 -39.72 -46.89 16.36 -39.95 0.73 0x0000FF
-44.89 17.64 -39.57 -45.8 16.91 -39.72 0.73 0x0000FF
-43.61 18.18 -39.34 -44.89 17.64 -39.57 0.545 0x0000FF
-43.06 18.36 -39.04 -43.61 18.18 -39.34 0.545 0x0000FF
-42.51 18.55 -38.81 -43.06 18.36 -39.04 0.545 0x0000FF
-41.78 19.09 -38.81 -42.51 18.55 -38.81 0.545 0x0000FF
-41.24 19.46 -38.59 -41.78 19.09 -38.81 0.545 0x0000FF
-38.68 22.01 -38.44 -41.24 19.46 -38.59 0.365 0x0000FF
-38.32 22.37 -38.21 -38.68 22.01 -38.44 0.365 0x0000FF
-37.95 22.74 -38.06 -38.32 22.37 -38.21 0.365 0x0000FF
-37.22 23.1 -38.06 -37.95 22.74 -38.06 0.365 0x0000FF
-36.31 23.28 -37.83 -37.22 23.1 -38.06 0.365 0x0000FF
-35.03 23.65 -37.6 -36.31 23.28 -37.83 0.365 0x0000FF
-33.94 24.01 -37.53 -35.03 23.65 -37.6 0.365 0x0000FF
-33.03 24.38 -37.38 -33.94 24.01 -37.53 0.365 0x0000FF
-32.47 24.74 -36.54 -33.03 24.38 -37.38 0.365 0x0000FF
-28.28 26.75 -35.86 -32.47 24.74 -36.54 0.455 0x0000FF
-26.82 27.29 -35.56 -28.28 26.75 -35.86 0.455 0x0000FF
-26.64 27.47 -33.65 -26.82 27.29 -35.56 0.455 0x0000FF
-25.91 27.47 -33.51 -26.64 27.47 -33.65 0.455 0x0000FF
-25.36 27.66 -32.6 -25.91 27.47 -33.51 0.455 0x0000FF
-24.63 27.84 -32.07 -25.36 27.66 -32.6 0.455 0x0000FF
-24.09 27.84 -31.47 -24.63 27.84 -32.07 0.455 0x0000FF
-23.9 27.84 -30.94 -24.09 27.84 -31.47 0.455 0x0000FF
-23.72 27.84 -29.88 -23.9 27.84 -30.94 0.455 0x0000FF
-23.17 28.2 -28.82 -23.72 27.84 -29.88 0.455 0x0000FF
-21.9 28.75 -24.95 -23.17 28.2 -28.82 0.455 0x0000FF
-21.53 28.75 -24.5 -21.9 28.75 -24.95 0.455 0x0000FF
-21.17 28.57 -23.89 -21.53 28.75 -24.5 0.455 0x0000FF
-20.8 28.57 -23.74 -21.17 28.57 -23.89 0.455 0x0000FF
-20.44 28.57 -23.36 -20.8 28.57 -23.74 0.455 0x0000FF
-20.07 28.57 -22.68 -20.44 28.57 -23.36 0.455 0x0000FF
-19.71 28.57 -22.3 -20.07 28.57 -22.68 0.455 0x0000FF
-18.07 28.38 -20.03 -19.71 28.57 -22.3 0.455 0x0000FF
-17.88 28.38 -19.88 -18.07 28.38 -20.03 0.455 0x0000FF
-17.34 28.2 -19.64 -17.88 28.38 -19.88 0.455 0x0000FF
-16.61 28.02 -18.73 -17.34 28.2 -19.64 0.455 0x0000FF
-14.42 27.84 -17.23 -16.61 28.02 -18.73 0.365 0x0000FF
-13.5 27.84 -17.14 -14.42 27.84 -17.23 0.365 0x0000FF
-12.23 27.84 -15.03 -13.5 27.84 -17.14 0.365 0x0000FF
-11.31 28.2 -14.5 -12.23 27.84 -15.03 0.365 0x0000FF
-8.76 28.38 -12.0 -11.31 28.2 -14.5 0.275 0x0000FF
-5.48 30.75 -10.41 -8.76 28.38 -12.0 0.275 0x0000FF
-1.64 33.85 -10.02 -5.48 30.75 -10.41 0.275 0x0000FF
-53.28 14.36 -39.86 -53.28 12.9 -40.86 1.735 0x0000FF
-53.64 17.09 -39.86 -53.28 14.36 -39.86 1.735 0x0000FF
-53.83 19.46 -39.79 -53.64 17.09 -39.86 1.735 0x0000FF
-54.37 23.65 -39.72 -53.83 19.46 -39.79 1.55 0x0000FF
-54.92 27.29 -39.65 -54.37 23.65 -39.72 1.55 0x0000FF
-55.83 29.66 -39.42 -54.92 27.29 -39.65 1.55 0x0000FF
-56.38 30.75 -38.89 -55.83 29.66 -39.42 1.55 0x0000FF
-57.29 32.21 -38.51 -56.38 30.75 -38.89 1.37 0x0000FF
-59.48 39.13 -37.9 -57.29 32.21 -38.51 1.095 0x0000FF
-59.48 40.96 -37.9 -59.48 39.13 -37.9 1.095 0x0000FF
-61.85 51.16 -37.75 -59.48 40.96 -37.9 1.095 0x0000FF
-63.31 54.26 -37.75 -61.85 51.16 -37.75 1.095 0x0000FF
-64.41 58.08 -37.68 -63.31 54.26 -37.75 1.095 0x0000FF
-65.87 63.37 -37.6 -64.41 58.08 -37.68 1.095 0x0000FF
-67.15 65.55 -37.53 -65.87 63.37 -37.6 1.095 0x0000FF
-67.33 66.28 -37.53 -67.15 65.55 -37.53 1.095 0x0000FF
-71.28 71.59 -37.07 -67.33 66.28 -37.53 1.095 0x0000FF
-71.81 74.15 -36.92 -71.28 71.59 -37.07 1.095 0x0000FF
-72.01 75.97 -36.77 -71.81 74.15 -36.92 1.095 0x0000FF
-72.37 79.44 -36.47 -72.01 75.97 -36.77 1.095 0x0000FF
-72.55 82.35 -36.39 -72.37 79.44 -36.47 1.095 0x0000FF
-73.83 89.46 -36.01 -72.55 82.35 -36.39 1.005 0x0000FF
-75.29 92.01 -35.78 -73.83 89.46 -36.01 1.005 0x0000FF
-76.02 98.2 -35.71 -75.29 92.01 -35.78 1.005 0x0000FF
-77.66 115.51 -35.56 -76.02 98.2 -35.71 1.005 0x0000FF
-80.58 135.55 -34.79 -77.66 115.51 -35.56 0.91 0x0000FF
-82.04 145.76 -34.27 -80.58 135.55 -34.79 0.82 0x0000FF
-82.77 148.85 -34.04 -82.04 145.76 -34.27 0.82 0x0000FF
-83.5 151.94 -33.97 -82.77 148.85 -34.04 0.82 0x0000FF
-85.11 157.11 -33.65 -83.5 151.94 -33.97 0.82 0x0000FF
-85.11 157.84 -33.65 -85.11 157.11 -33.65 0.82 0x0000FF
-85.29 158.93 -33.59 -85.11 157.84 -33.65 0.82 0x0000FF
-85.48 162.21 -33.51 -85.29 158.93 -33.59 0.73 0x0000FF
-85.66 163.3 -33.51 -85.48 162.21 -33.51 0.73 0x0000FF
-85.66 165.31 -33.44 -85.66 163.3 -33.51 0.73 0x0000FF
-85.84 166.95 -33.44 -85.66 165.31 -33.44 0.73 0x0000FF
-86.94 170.59 -33.36 -85.84 166.95 -33.44 0.64 0x0000FF
-86.94 171.14 -33.36 -86.94 170.59 -33.36 0.64 0x0000FF
-87.12 172.96 -33.36 -86.94 171.14 -33.36 0.64 0x0000FF
-87.48 174.23 -33.36 -87.12 172.96 -33.36 0.64 0x0000FF
-88.58 176.42 -33.36 -87.48 174.23 -33.36 0.365 0x0000FF
-88.94 177.33 -33.28 -88.58 176.42 -33.36 0.365 0x0000FF
-89.49 178.61 -33.28 -88.94 177.33 -33.28 0.365 0x0000FF
-89.67 179.52 -33.28 -89.49 178.61 -33.28 0.365 0x0000FF
-89.85 181.89 -33.28 -89.67 179.52 -33.28 0.365 0x0000FF
-89.67 183.89 -33.28 -89.85 181.89 -33.28 0.365 0x0000FF
-90.58 186.99 -33.28 -89.67 183.89 -33.28 0.365 0x0000FF
-93.14 193.18 -33.28 -90.58 186.99 -33.28 0.365 0x0000FF
-94.05 200.11 -33.28 -93.14 193.18 -33.28 0.365 0x0000FF
-92.96 203.02 -33.28 -94.05 200.11 -33.28 0.365 0x0000FF
