-21.69 -1.42 1.41 -29.15 -9.31 -1.89 0.91 0x0000FF
-21.32 -0.69 1.94 -21.69 -1.42 1.41 0.91 0x0000FF
-20.05 0.04 2.0 -21.32 -0.69 1.94 0.91 0x0000FF
-19.14 0.76 2.39 -20.05 0.04 2.0 0.91 0x0000FF
-17.13 1.86 3.0 -19.14 0.76 2.39 0.91 0x0000FF
-11.11 2.59 3.0 -17.13 1.86 3.0 0.455 0x0000FF
-6.55 2.4 2.39 -11.11 2.59 3.0 0.455 0x0000FF
0.56 1.31 2.17 -6.55 2.4 2.39 0.455 0x0000FF
11.15 1.12 1.86 0.56 1.31 2.17 0.455 0x0000FF
18.45 0.22 1.56 11.15 1.12 1.86 0.455 0x0000FF
24.84 -1.06 0.8 18.45 0.22 1.56 0.365 0x0000FF
30.31 -2.7 0.73 24.84 -1.06 0.8 0.365 0x0000FF
41.26 -5.61 0.95 30.31 -2.7 0.73 0.365 0x0000FF
46.18 -8.35 2.24 41.26 -5.61 0.95 0.365 0x0000FF
50.74 -11.44 3.38 46.18 -8.35 2.24 0.365 0x0000FF
53.48 -13.26 4.88 50.74 -11.44 3.38 0.365 0x0000FF
58.22 -15.09 6.33 53.48 -13.26 4.88 0.365 0x0000FF
60.78 -16.36 7.92 58.22 -15.09 6.33 0.365 0x0000FF
63.33 -17.82 9.21 60.78 -16.36 7.92 0.365 0x0000FF
66.44 -19.28 10.57 63.33 -17.82 9.21 0.365 0x0000FF
68.62 -20.37 11.41 66.44 -19.28 10.57 0.365 0x0000FF
72.81 -22.92 12.77 68.62 -20.37 11.41 0.365 0x0000FF
75.73 -24.93 14.51 72.81 -22.92 12.77 0.365 0x0000FF
78.48 -25.84 15.35 75.73 -24.93 14.51 0.365 0x0000FF
79.39 -26.2 17.39 78.48 -25.84 15.35 0.365 0x0000FF
81.4 -27.48 17.7 79.39 -26.2 17.39 0.365 0x0000FF
82.49 -27.84 18.68 81.4 -27.48 17.7 0.365 0x0000FF
-15.3 2.77 4.82 -17.13 1.86 3.0 0.82 0x0000FF
-14.21 2.95 5.8 -15.3 2.77 4.82 0.82 0x0000FF
-13.48 3.13 7.09 -14.21 2.95 5.8 0.82 0x0000FF
-11.84 3.32 6.26 -13.48 3.13 7.09 0.82 0x0000FF
-10.19 3.32 4.88 -11.84 3.32 6.26 0.82 0x0000FF
-7.82 3.5 3.91 -10.19 3.32 4.88 0.64 0x0000FF
-5.27 3.86 3.08 -7.82 3.5 3.91 0.545 0x0000FF
-2.71 4.23 2.62 -5.27 3.86 3.08 0.545 0x0000FF
0.2 4.96 2.09 -2.71 4.23 2.62 0.365 0x0000FF
2.76 5.68 1.71 0.2 4.96 2.09 0.365 0x0000FF
8.05 6.41 1.56 2.76 5.68 1.71 0.365 0x0000FF
13.34 8.23 1.18 8.05 6.41 1.56 0.365 0x0000FF
17.89 10.97 0.88 13.34 8.23 1.18 0.365 0x0000FF
21.37 14.61 0.42 17.89 10.97 0.88 0.365 0x0000FF
24.65 17.34 1.33 21.37 14.61 0.42 0.365 0x0000FF
27.03 19.35 1.79 24.65 17.34 1.33 0.365 0x0000FF
29.76 21.35 2.92 27.03 19.35 1.79 0.365 0x0000FF
34.14 23.72 3.83 29.76 21.35 2.92 0.365 0x0000FF
37.97 25.73 4.51 34.14 23.72 3.83 0.365 0x0000FF
40.71 26.82 5.5 37.97 25.73 4.51 0.365 0x0000FF
42.35 27.73 6.48 40.71 26.82 5.5 0.365 0x0000FF
44.36 28.46 7.54 42.35 27.73 6.48 0.365 0x0000FF
46.18 30.1 8.83 44.36 28.46 7.54 0.365 0x0000FF
48.55 32.65 10.03 46.18 30.1 8.83 0.365 0x0000FF
53.48 36.47 10.8 48.55 32.65 10.03 0.365 0x0000FF
59.32 40.29 12.17 53.48 36.47 10.8 0.365 0x0000FF
62.24 42.85 12.32 59.32 40.29 12.17 0.365 0x0000FF
78.66 54.15 14.29 62.24 42.85 12.32 0.365 0x0000FF
80.3 56.34 17.23 78.66 54.15 14.29 0.365 0x0000FF
82.67 58.7 17.54 80.3 56.34 17.23 0.365 0x0000FF
84.5 60.34 18.6 82.67 58.7 17.54 0.365 0x0000FF
-32.82 -1.97 3.23 -29.15 -9.31 -1.89 1.185 0x0000FF
-33.36 -1.6 3.76 -32.82 -1.97 3.23 1.185 0x0000FF
-34.28 -1.6 4.05 -33.36 -1.6 3.76 1.185 0x0000FF
-35.74 -1.06 4.59 -34.28 -1.6 4.05 1.185 0x0000FF
-36.83 -0.51 4.88 -35.74 -1.06 4.59 1.185 0x0000FF
-37.38 -0.15 5.2 -36.83 -0.51 4.88 1.185 0x0000FF
-37.93 0.04 5.8 -37.38 -0.15 5.2 1.185 0x0000FF
-40.65 0.04 6.26 -37.93 0.04 5.8 0.82 0x0000FF
-41.76 0.4 6.64 -40.65 0.04 6.26 0.82 0x0000FF
-44.31 0.4 6.79 -41.76 0.4 6.64 0.82 0x0000FF
-45.41 0.4 6.86 -44.31 0.4 6.79 0.82 0x0000FF
-47.42 0.04 7.09 -45.41 0.4 6.86 0.82 0x0000FF
-50.88 -0.15 7.24 -47.42 0.04 7.09 0.82 0x0000FF
-52.16 -0.15 6.64 -50.88 -0.15 7.24 0.82 0x0000FF
-54.53 -0.15 6.33 -52.16 -0.15 6.64 0.82 0x0000FF
-55.81 0.4 6.18 -54.53 -0.15 6.33 0.64 0x0000FF
-56.36 1.68 6.94 -55.81 0.4 6.18 0.64 0x0000FF
-57.09 3.32 6.86 -56.36 1.68 6.94 0.64 0x0000FF
-57.27 4.04 6.26 -57.09 3.32 6.86 0.64 0x0000FF
-57.63 5.32 5.27 -57.27 4.04 6.26 0.64 0x0000FF
-57.82 6.96 4.59 -57.63 5.32 5.27 0.64 0x0000FF
-58.0 8.96 3.23 -57.82 6.96 4.59 0.64 0x0000FF
-58.36 10.06 2.47 -58.0 8.96 3.23 0.64 0x0000FF
-58.54 12.24 1.26 -58.36 10.06 2.47 0.64 0x0000FF
-58.18 16.07 -0.11 -58.54 12.24 1.26 0.64 0x0000FF
-58.18 17.34 -1.02 -58.18 16.07 -0.11 0.64 0x0000FF
-58.54 19.35 -1.85 -58.18 17.34 -1.02 0.64 0x0000FF
-58.91 20.62 -2.68 -58.54 19.35 -1.85 0.64 0x0000FF
-59.27 21.9 -3.36 -58.91 20.62 -2.68 0.64 0x0000FF
-59.82 23.18 -4.2 -59.27 21.9 -3.36 0.545 0x0000FF
-60.55 24.63 -5.18 -59.82 23.18 -4.2 0.545 0x0000FF
-60.92 25.54 -6.17 -60.55 24.63 -5.18 0.545 0x0000FF
-61.1 26.27 -7.08 -60.92 25.54 -6.17 0.545 0x0000FF
-61.46 27.18 -8.14 -61.1 26.27 -7.08 0.545 0x0000FF
-61.83 27.91 -8.36 -61.46 27.18 -8.14 0.545 0x0000FF
-62.19 29.19 -9.03 -61.83 27.91 -8.36 0.545 0x0000FF
-62.38 29.92 -9.57 -62.19 29.19 -9.03 0.545 0x0000FF
-62.74 30.46 -10.26 -62.38 29.92 -9.57 0.545 0x0000FF
-62.74 31.01 -10.79 -62.74 30.46 -10.26 0.545 0x0000FF
-62.92 31.74 -11.24 -62.74 31.01 -10.79 0.545 0x0000FF
-65.11 35.93 -12.53 -62.92 31.74 -11.24 0.545 0x0000FF
-66.39 37.39 -13.14 -65.11 35.93 -12.53 0.545 0x0000FF
-66.56 37.93 -13.89 -66.39 37.39 -13.14 0.545 0x0000FF
-66.76 39.03 -15.63 -66.56 37.93 -13.89 0.545 0x0000FF
-66.94 39.57 -16.23 -66.76 39.03 -15.63 0.545 0x0000FF
-67.12 40.11 -17.0 -66.94 39.57 -16.23 0.545 0x0000FF
-67.3 40.67 -17.98 -67.12 40.11 -17.0 0.545 0x0000FF
-67.48 41.21 -18.97 -67.3 40.67 -17.98 0.545 0x0000FF
-67.84 41.76 -20.1 -67.48 41.21 -18.97 0.545 0x0000FF
-68.03 42.85 -20.48 -67.84 41.76 -20.1 0.545 0x0000FF
-68.4 43.76 -20.71 -68.03 42.85 -20.48 0.545 0x0000FF
-68.76 44.67 -21.54 -68.4 43.76 -20.71 0.545 0x0000FF
-70.04 45.59 -22.0 -68.76 44.67 -21.54 0.545 0x0000FF
-70.95 46.5 -22.53 -70.04 45.59 -22.0 0.545 0x0000FF
-72.41 47.23 -23.29 -70.95 46.5 -22.53 0.545 0x0000FF
-73.31 47.95 -23.89 -72.41 47.23 -23.29 0.545 0x0000FF
-74.05 48.5 -24.95 -73.31 47.95 -23.89 0.545 0x0000FF
-76.61 49.96 -26.01 -74.05 48.5 -24.95 0.545 0x0000FF
-78.43 51.05 -26.77 -76.61 49.96 -26.01 0.545 0x0000FF
-79.34 51.6 -27.91 -78.43 51.05 -26.77 0.545 0x0000FF
-82.26 52.69 -28.59 -79.34 51.6 -27.91 0.545 0x0000FF
-84.45 52.87 -30.63 -82.26 52.69 -28.59 0.455 0x0000FF
-87.19 52.69 -31.24 -84.45 52.87 -30.63 0.365 0x0000FF
-88.1 52.33 -32.29 -87.19 52.69 -31.24 0.365 0x0000FF
-59.82 -1.97 6.79 -54.53 -0.15 6.33 0.73 0x0000FF
-63.65 -2.88 7.39 -59.82 -1.97 6.79 0.64 0x0000FF
-66.39 -3.79 7.77 -63.65 -2.88 7.39 0.64 0x0000FF
-67.3 -3.97 7.92 -66.39 -3.79 7.77 0.64 0x0000FF
-72.05 -3.79 7.77 -67.3 -3.97 7.92 0.365 0x0000FF
-74.42 -4.15 8.3 -72.05 -3.79 7.77 0.365 0x0000FF
-75.51 -4.34 8.61 -74.42 -4.15 8.3 0.365 0x0000FF
-76.61 -4.7 9.36 -75.51 -4.34 8.61 0.365 0x0000FF
-79.53 -5.25 9.89 -76.61 -4.7 9.36 0.365 0x0000FF
-82.45 -5.43 11.18 -79.53 -5.25 9.89 0.365 0x0000FF
-84.45 -5.43 11.41 -82.45 -5.43 11.18 0.365 0x0000FF
-86.1 -5.43 12.24 -84.45 -5.43 11.41 0.365 0x0000FF
-89.01 -5.79 12.92 -86.1 -5.43 12.24 0.365 0x0000FF
-89.93 -5.61 13.83 -89.01 -5.79 12.92 0.365 0x0000FF
-91.39 -5.43 15.12 -89.93 -5.61 13.83 0.365 0x0000FF
-93.21 -5.07 16.41 -91.39 -5.43 15.12 0.365 0x0000FF
-94.31 -4.88 17.7 -93.21 -5.07 16.41 0.365 0x0000FF
-98.5 -5.43 19.82 -94.31 -4.88 17.7 0.365 0x0000FF
-100.51 -5.43 20.35 -98.5 -5.43 19.82 0.365 0x0000FF
-102.33 -5.07 21.26 -100.51 -5.43 20.35 0.365 0x0000FF
-104.52 -4.7 22.01 -102.33 -5.07 21.26 0.365 0x0000FF
-105.44 -4.7 23.07 -104.52 -4.7 22.01 0.365 0x0000FF
-108.9 -4.88 24.06 -105.44 -4.7 23.07 0.365 0x0000FF
-113.65 -3.79 26.86 -108.9 -4.88 24.06 0.365 0x0000FF
-71.13 -5.98 8.3 -67.3 -3.97 7.92 0.365 0x0000FF
-74.78 -8.35 8.68 -71.13 -5.98 8.3 0.365 0x0000FF
-78.06 -10.53 8.98 -74.78 -8.35 8.68 0.365 0x0000FF
-81.17 -12.17 9.06 -78.06 -10.53 8.98 0.365 0x0000FF
-86.64 -14.9 9.28 -81.17 -12.17 9.06 0.365 0x0000FF
-91.75 -17.46 9.44 -86.64 -14.9 9.28 0.365 0x0000FF
-97.59 -18.55 9.44 -91.75 -17.46 9.44 0.365 0x0000FF
-101.6 -18.18 9.59 -97.59 -18.55 9.44 0.365 0x0000FF
-104.34 -17.27 9.74 -101.6 -18.18 9.59 0.365 0x0000FF
-106.89 -17.09 9.82 -104.34 -17.27 9.74 0.365 0x0000FF
-109.27 -16.36 10.03 -106.89 -17.09 9.82 0.365 0x0000FF
-112.19 -15.82 10.27 -109.27 -16.36 10.03 0.365 0x0000FF
-116.38 -15.63 10.65 -112.19 -15.82 10.27 0.365 0x0000FF
-38.65 1.68 6.26 -37.93 0.04 5.8 0.64 0x0000FF
-39.02 2.59 6.48 -38.65 1.68 6.26 0.64 0x0000FF
-39.2 3.5 6.86 -39.02 2.59 6.48 0.545 0x0000FF
-39.39 4.41 7.47 -39.2 3.5 6.86 0.545 0x0000FF
-39.57 6.05 8.23 -39.39 4.41 7.47 0.545 0x0000FF
-39.57 7.51 8.76 -39.57 6.05 8.23 0.545 0x0000FF
-39.39 8.6 9.51 -39.57 7.51 8.76 0.545 0x0000FF
-38.84 9.86 10.27 -39.39 8.6 9.51 0.545 0x0000FF
-38.11 11.15 11.48 -38.84 9.86 10.27 0.545 0x0000FF
-37.2 12.06 12.17 -38.11 11.15 11.48 0.545 0x0000FF
-36.47 12.61 13.3 -37.2 12.06 12.17 0.545 0x0000FF
-35.92 13.15 14.36 -36.47 12.61 13.3 0.545 0x0000FF
-33.36 13.88 14.97 -35.92 13.15 14.36 0.365 0x0000FF
-29.35 14.98 15.35 -33.36 13.88 14.97 0.365 0x0000FF
-27.35 16.25 15.73 -29.35 14.98 15.35 0.365 0x0000FF
-23.88 18.62 16.03 -27.35 16.25 15.73 0.365 0x0000FF
-22.42 19.53 16.26 -23.88 18.62 16.03 0.365 0x0000FF
-21.69 20.07 16.79 -22.42 19.53 16.26 0.365 0x0000FF
-20.05 20.81 16.94 -21.69 20.07 16.79 0.365 0x0000FF
-18.59 21.72 17.16 -20.05 20.81 16.94 0.365 0x0000FF
-37.38 -5.61 0.35 -29.15 -9.31 -1.89 0.64 0x0000FF
-38.47 -5.43 0.35 -37.38 -5.61 0.35 0.64 0x0000FF
-40.11 -5.43 0.35 -38.47 -5.43 0.35 0.64 0x0000FF
-42.49 -5.98 0.35 -40.11 -5.43 0.35 0.64 0x0000FF
-44.86 -6.34 0.42 -42.49 -5.98 0.35 0.64 0x0000FF
-47.78 -7.07 -1.02 -44.86 -6.34 0.42 0.64 0x0000FF
-53.25 -8.89 -1.47 -47.78 -7.07 -1.02 0.64 0x0000FF
-55.44 -9.99 -1.62 -53.25 -8.89 -1.47 0.64 0x0000FF
-56.9 -11.26 -2.15 -55.44 -9.99 -1.62 0.64 0x0000FF
-57.82 -11.99 -2.29 -56.9 -11.26 -2.15 0.64 0x0000FF
-58.18 -12.17 -0.26 -57.82 -11.99 -2.29 0.64 0x0000FF
-59.82 -13.63 0.35 -58.18 -12.17 -0.26 0.64 0x0000FF
-61.65 -15.09 0.88 -59.82 -13.63 0.35 0.365 0x0000FF
-64.56 -16.36 1.33 -61.65 -15.09 0.88 0.365 0x0000FF
-66.39 -18.55 2.7 -64.56 -16.36 1.33 0.365 0x0000FF
-66.94 -19.64 2.7 -66.39 -18.55 2.7 0.365 0x0000FF
-68.4 -22.19 3.61 -66.94 -19.64 2.7 0.365 0x0000FF
-69.48 -24.38 4.29 -68.4 -22.19 3.61 0.365 0x0000FF
-71.5 -26.57 4.59 -69.48 -24.38 4.29 0.365 0x0000FF
-72.95 -28.02 5.2 -71.5 -26.57 4.59 0.365 0x0000FF
-75.88 -30.39 5.58 -72.95 -28.02 5.2 0.365 0x0000FF
-77.34 -31.67 6.11 -75.88 -30.39 5.58 0.365 0x0000FF
-77.34 -32.21 6.48 -77.34 -31.67 6.11 0.365 0x0000FF
-77.52 -33.31 6.94 -77.34 -32.21 6.48 0.365 0x0000FF
-78.06 -35.13 7.54 -77.52 -33.31 6.94 0.365 0x0000FF
-78.98 -38.77 7.92 -78.06 -35.13 7.54 0.365 0x0000FF
-80.98 -41.51 8.23 -78.98 -38.77 7.92 0.365 0x0000FF
-82.63 -42.42 8.52 -80.98 -41.51 8.23 0.365 0x0000FF
-85.91 -42.96 9.21 -82.63 -42.42 8.52 0.365 0x0000FF
-89.56 -44.06 9.59 -85.91 -42.96 9.21 0.275 0x0000FF
-61.83 -16.0 0.65 -59.82 -13.63 0.35 0.545 0x0000FF
-63.29 -17.64 1.03 -61.83 -16.0 0.65 0.545 0x0000FF
-64.75 -19.1 1.79 -63.29 -17.64 1.03 0.455 0x0000FF
-65.84 -19.82 1.18 -64.75 -19.1 1.79 0.455 0x0000FF
-66.76 -20.37 0.42 -65.84 -19.82 1.18 0.455 0x0000FF
-67.84 -21.1 -1.09 -66.76 -20.37 0.42 0.455 0x0000FF
-69.31 -22.01 -2.08 -67.84 -21.1 -1.09 0.455 0x0000FF
-72.05 -23.83 -2.98 -69.31 -22.01 -2.08 0.455 0x0000FF
-74.23 -25.84 -4.2 -72.05 -23.83 -2.98 0.365 0x0000FF
-76.43 -27.48 -5.86 -74.23 -25.84 -4.2 0.365 0x0000FF
-79.34 -30.21 -6.24 -76.43 -27.48 -5.86 0.365 0x0000FF
-81.17 -32.76 -7.53 -79.34 -30.21 -6.24 0.365 0x0000FF
-82.81 -35.49 -8.89 -81.17 -32.76 -7.53 0.365 0x0000FF
-83.72 -37.32 -9.88 -82.81 -35.49 -8.89 0.365 0x0000FF
-85.18 -41.14 -10.33 -83.72 -37.32 -9.88 0.365 0x0000FF
-86.64 -43.87 -10.79 -85.18 -41.14 -10.33 0.365 0x0000FF
-87.01 -45.51 -10.94 -86.64 -43.87 -10.79 0.365 0x0000FF
-24.45 -18.22 -0.03 -29.15 -9.31 -1.89 2.19 0x0000FF
-24.27 -18.57 -0.03 -24.45 -18.22 -0.03 2.28 0x0000FF
-24.27 -18.95 -0.03 -24.27 -18.57 -0.03 2.28 0x0000FF
-23.9 -19.5 -0.03 -24.27 -18.95 -0.03 1.735 0x0000FF
-24.27 -20.22 -2.45 -23.9 -19.5 -0.03 1.825 0x0000FF
-24.63 -21.68 -2.0 -24.27 -20.22 -2.45 1.825 0x0000FF
-24.63 -22.41 -1.32 -24.63 -21.68 -2.0 1.825 0x0000FF
-25.54 -23.87 -0.94 -24.63 -22.41 -1.32 1.825 0x0000FF
-25.91 -25.51 -0.48 -25.54 -23.87 -0.94 1.825 0x0000FF
-26.64 -26.97 0.05 -25.91 -25.51 -0.48 1.735 0x0000FF
-27.0 -28.06 0.35 -26.64 -26.97 0.05 1.735 0x0000FF
-27.19 -28.79 1.11 -27.0 -28.06 0.35 1.64 0x0000FF
-27.73 -30.79 1.41 -27.19 -28.79 1.11 1.64 0x0000FF
-28.46 -32.61 1.79 -27.73 -30.79 1.41 1.64 0x0000FF
-28.65 -33.34 2.0 -28.46 -32.61 1.79 1.64 0x0000FF
-28.65 -34.07 0.8 -28.65 -33.34 2.0 1.55 0x0000FF
-28.65 -35.35 1.33 -28.65 -34.07 0.8 1.55 0x0000FF
-28.83 -36.26 2.17 -28.65 -35.35 1.33 1.55 0x0000FF
-28.65 -37.17 3.38 -28.83 -36.26 2.17 1.55 0x0000FF
-28.83 -38.81 3.98 -28.65 -37.17 3.38 1.55 0x0000FF
-28.1 -40.81 5.04 -28.83 -38.81 3.98 1.46 0x0000FF
-27.0 -44.09 6.03 -28.1 -40.81 5.04 1.37 0x0000FF
-26.27 -47.55 6.56 -27.0 -44.09 6.03 1.37 0x0000FF
-26.27 -49.19 6.94 -26.27 -47.55 6.56 1.37 0x0000FF
-25.36 -52.47 7.92 -26.27 -49.19 6.94 1.37 0x0000FF
-24.81 -55.57 8.52 -25.36 -52.47 7.92 1.37 0x0000FF
-23.9 -58.85 9.14 -24.81 -55.57 8.52 1.37 0x0000FF
-22.44 -66.14 9.82 -23.9 -58.85 9.14 1.185 0x0000FF
-20.98 -71.23 10.42 -22.44 -66.14 9.82 1.185 0x0000FF
-19.89 -80.34 10.57 -20.98 -71.23 10.42 1.185 0x0000FF
-19.52 -83.81 11.1 -19.89 -80.34 10.57 1.185 0x0000FF
-18.98 -89.64 11.56 -19.52 -83.81 11.1 1.185 0x0000FF
-18.61 -93.65 12.01 -18.98 -89.64 11.56 1.185 0x0000FF
-17.32 -98.57 12.47 -18.61 -93.65 12.01 1.185 0x0000FF
-15.51 -104.04 12.77 -17.32 -98.57 12.47 1.185 0x0000FF
-13.87 -106.77 13.07 -15.51 -104.04 12.77 1.185 0x0000FF
-12.95 -108.04 13.3 -13.87 -106.77 13.07 1.185 0x0000FF
-12.04 -110.41 13.23 -12.95 -108.04 13.3 1.095 0x0000FF
-10.95 -113.51 13.3 -12.04 -110.41 13.23 1.095 0x0000FF
-10.58 -117.88 13.53 -10.95 -113.51 13.3 1.095 0x0000FF
-10.58 -124.08 13.91 -10.58 -117.88 13.53 1.095 0x0000FF
-9.49 -128.82 14.82 -10.58 -124.08 13.91 1.095 0x0000FF
-9.31 -131.37 14.89 -9.49 -128.82 14.82 1.095 0x0000FF
-8.39 -135.19 15.35 -9.31 -131.37 14.89 1.095 0x0000FF
-7.3 -140.66 15.73 -8.39 -135.19 15.35 1.095 0x0000FF
-6.57 -143.94 16.03 -7.3 -140.66 15.73 1.095 0x0000FF
-5.84 -147.58 16.63 -6.57 -143.94 16.03 1.095 0x0000FF
-4.38 -153.05 17.16 -5.84 -147.58 16.63 1.095 0x0000FF
-4.2 -155.96 17.92 -4.38 -153.05 17.16 1.095 0x0000FF
-3.2 -160.76 19.05 -4.2 -155.96 17.92 1.095 0x0000FF
-2.47 -165.5 19.51 -3.2 -160.76 19.05 1.095 0x0000FF
-1.01 -176.07 20.35 -2.47 -165.5 19.51 1.095 0x0000FF
0.26 -192.83 21.71 -1.01 -176.07 20.35 1.095 0x0000FF
0.63 -199.39 22.92 0.26 -192.83 21.71 1.095 0x0000FF
2.64 -209.41 23.76 0.63 -199.39 22.92 1.005 0x0000FF
3.73 -216.15 24.21 2.64 -209.41 23.76 1.005 0x0000FF
5.74 -224.9 24.89 3.73 -216.15 24.21 1.005 0x0000FF
7.56 -232.37 26.18 5.74 -224.9 24.89 0.91 0x0000FF
9.21 -236.92 26.56 7.56 -232.37 26.18 0.82 0x0000FF
9.14 -240.47 24.82 9.21 -236.92 26.56 0.73 0x0000FF
10.06 -244.12 25.04 9.14 -240.47 24.82 0.73 0x0000FF
11.7 -253.59 25.04 10.06 -244.12 25.04 0.73 0x0000FF
13.71 -261.06 24.36 11.7 -253.59 25.04 0.73 0x0000FF
15.53 -272.36 23.22 13.71 -261.06 24.36 0.73 0x0000FF
16.26 -278.74 22.92 15.53 -272.36 23.22 0.73 0x0000FF
16.98 -287.12 22.47 16.26 -278.74 22.92 0.73 0x0000FF
15.35 -295.5 22.16 16.98 -287.12 22.47 0.64 0x0000FF
14.98 -299.51 21.71 15.35 -295.5 22.16 0.64 0x0000FF
16.07 -304.43 21.33 14.98 -299.51 21.71 0.64 0x0000FF
17.72 -308.62 21.26 16.07 -304.43 21.33 0.64 0x0000FF
20.46 -315.72 20.88 17.72 -308.62 21.26 0.64 0x0000FF
21.92 -321.37 20.88 20.46 -315.72 20.88 0.64 0x0000FF
22.31 -325.22 21.18 21.92 -321.37 20.88 0.18 0x0000FF
21.94 -327.41 21.18 22.31 -325.22 21.18 0.18 0x0000FF
21.94 -331.05 21.33 21.94 -327.41 21.18 0.18 0x0000FF
21.76 -333.42 22.09 21.94 -331.05 21.33 0.18 0x0000FF
21.21 -337.43 22.69 21.76 -333.42 22.09 0.18 0x0000FF
20.3 -340.53 21.86 21.21 -337.43 22.69 0.18 0x0000FF
19.93 -342.17 21.18 20.3 -340.53 21.86 0.18 0x0000FF
19.39 -345.26 20.35 19.93 -342.17 21.18 0.18 0x0000FF
18.47 -348.36 19.51 19.39 -345.26 20.35 0.18 0x0000FF
17.73 -352.01 18.76 18.47 -348.36 19.51 0.18 0x0000FF
16.28 -355.65 18.14 17.73 -352.01 18.76 0.18 0x0000FF
15.55 -357.11 17.32 16.28 -355.65 18.14 0.18 0x0000FF
14.46 -358.56 16.71 15.55 -357.11 17.32 0.18 0x0000FF
13.18 -359.84 16.18 14.46 -358.56 16.71 0.18 0x0000FF
11.36 -362.03 15.5 13.18 -359.84 16.18 0.18 0x0000FF
9.9 -364.4 15.12 11.36 -362.03 15.5 0.18 0x0000FF
8.44 -367.67 14.74 9.9 -364.4 15.12 0.18 0x0000FF
7.53 -371.14 14.13 8.44 -367.67 14.74 0.18 0x0000FF
6.61 -375.51 13.68 7.53 -371.14 14.13 0.18 0x0000FF
5.15 -379.52 13.23 6.61 -375.51 13.68 0.18 0x0000FF
2.97 -382.25 12.92 5.15 -379.52 13.23 0.18 0x0000FF
-1.23 -384.98 12.62 2.97 -382.25 12.92 0.18 0x0000FF
-5.97 -388.81 12.47 -1.23 -384.98 12.62 0.18 0x0000FF
-10.17 -395.92 11.94 -5.97 -388.81 12.47 0.18 0x0000FF
-12.91 -404.11 11.33 -10.17 -395.92 11.94 0.18 0x0000FF
-14.19 -409.95 10.73 -12.91 -404.11 11.33 0.18 0x0000FF
-14.73 -413.77 10.19 -14.19 -409.95 10.73 0.18 0x0000FF
-15.83 -417.96 9.51 -14.73 -413.77 10.19 0.18 0x0000FF
-16.73 -419.97 8.52 -15.83 -417.96 9.51 0.18 0x0000FF
-17.47 -421.79 7.92 -16.73 -419.97 8.52 0.18 0x0000FF
23.19 -323.19 20.73 21.92 -321.37 20.88 0.545 0x0000FF
25.75 -326.47 20.57 23.19 -323.19 20.73 0.545 0x0000FF
28.3 -329.75 20.35 25.75 -326.47 20.57 0.545 0x0000FF
29.58 -331.57 20.19 28.3 -329.75 20.35 0.545 0x0000FF
31.79 -335.43 19.73 29.58 -331.57 20.19 0.455 0x0000FF
33.07 -337.98 19.66 31.79 -335.43 19.73 0.455 0x0000FF
35.44 -342.71 18.98 33.07 -337.98 19.66 0.365 0x0000FF
36.54 -345.08 19.59 35.44 -342.71 18.98 0.365 0x0000FF
37.45 -346.72 20.04 36.54 -345.08 19.59 0.365 0x0000FF
38.18 -348.18 21.1 37.45 -346.72 20.04 0.365 0x0000FF
40.36 -349.64 22.32 38.18 -348.18 21.1 0.365 0x0000FF
43.11 -352.92 23.15 40.36 -349.64 22.32 0.365 0x0000FF
44.38 -355.1 23.76 43.11 -352.92 23.15 0.365 0x0000FF
45.84 -357.84 24.21 44.38 -355.1 23.76 0.365 0x0000FF
47.12 -360.2 25.19 45.84 -357.84 24.21 0.365 0x0000FF
48.21 -362.21 27.09 47.12 -360.2 25.19 0.365 0x0000FF
50.22 -364.58 27.32 48.21 -362.21 27.09 0.365 0x0000FF
52.96 -369.13 28.07 50.22 -364.58 27.32 0.365 0x0000FF
54.96 -370.59 28.53 52.96 -369.13 28.07 0.365 0x0000FF
58.43 -373.87 29.13 54.96 -370.59 28.53 0.275 0x0000FF
60.44 -376.24 29.36 58.43 -373.87 29.13 0.275 0x0000FF
61.17 -378.06 29.82 60.44 -376.24 29.36 0.275 0x0000FF
62.08 -379.15 30.65 61.17 -378.06 29.82 0.275 0x0000FF
62.81 -381.34 31.25 62.08 -379.15 30.65 0.275 0x0000FF
63.17 -382.8 31.86 62.81 -381.34 31.25 0.275 0x0000FF
64.27 -386.26 32.92 63.17 -382.8 31.86 0.275 0x0000FF
66.64 -390.27 33.75 64.27 -386.26 32.92 0.275 0x0000FF
67.92 -391.0 34.28 66.64 -390.27 33.75 0.275 0x0000FF
70.84 -392.09 35.27 67.92 -391.0 34.28 0.275 0x0000FF
72.48 -392.64 36.25 70.84 -392.09 35.27 0.275 0x0000FF
76.48 -394.46 37.09 72.48 -392.64 36.25 0.275 0x0000FF
80.14 -398.83 37.92 76.48 -394.46 37.09 0.275 0x0000FF
83.61 -404.11 38.68 80.14 -398.83 37.92 0.275 0x0000FF
85.43 -408.31 36.94 83.61 -404.11 38.68 0.275 0x0000FF
89.63 -413.22 36.78 85.43 -408.31 36.94 0.275 0x0000FF
94.56 -417.96 36.63 89.63 -413.22 36.78 0.275 0x0000FF
96.02 -419.78 35.95 94.56 -417.96 36.63 0.275 0x0000FF
98.21 -421.97 35.65 96.02 -419.78 35.95 0.18 0x0000FF
12.31 -240.02 27.09 9.21 -236.92 26.56 0.73 0x0000FF
16.14 -245.3 27.32 12.31 -240.02 27.09 0.64 0x0000FF
18.14 -248.03 27.77 16.14 -245.3 27.32 0.64 0x0000FF
19.39 -250.24 27.92 18.14 -248.03 27.77 0.64 0x0000FF
20.13 -252.97 28.15 19.39 -250.24 27.92 0.64 0x0000FF
21.77 -259.7 29.06 20.13 -252.97 28.15 0.64 0x0000FF
23.59 -265.36 29.13 21.77 -259.7 29.06 0.64 0x0000FF
24.51 -267.55 28.53 23.59 -265.36 29.13 0.64 0x0000FF
26.33 -272.64 27.54 24.51 -267.55 28.53 0.64 0x0000FF
27.43 -278.3 26.71 26.33 -272.64 27.54 0.64 0x0000FF
27.43 -282.85 26.03 27.43 -278.3 26.71 0.64 0x0000FF
28.16 -292.69 25.72 27.43 -282.85 26.03 0.64 0x0000FF
28.52 -300.7 25.27 28.16 -292.69 25.72 0.64 0x0000FF
29.25 -305.08 24.74 28.52 -300.7 25.27 0.64 0x0000FF
33.45 -312.37 24.13 29.25 -305.08 24.74 0.64 0x0000FF
35.82 -318.56 22.92 33.45 -312.37 24.13 0.545 0x0000FF
36.36 -320.2 22.39 35.82 -318.56 22.92 0.545 0x0000FF
36.9 -322.39 22.01 36.36 -320.2 22.39 0.545 0x0000FF
37.28 -324.58 21.48 36.9 -322.39 22.01 0.545 0x0000FF
37.46 -326.58 20.8 37.28 -324.58 21.48 0.545 0x0000FF
37.64 -328.4 20.27 37.46 -326.58 20.8 0.545 0x0000FF
37.28 -331.86 20.04 37.64 -328.4 20.27 0.545 0x0000FF
36.54 -338.61 19.73 37.28 -331.86 20.04 0.545 0x0000FF
36.54 -340.79 18.82 36.54 -338.61 19.73 0.545 0x0000FF
36.29 -342.87 17.47 36.54 -340.79 18.82 0.545 0x0000FF
35.93 -344.88 16.55 36.29 -342.87 17.47 0.545 0x0000FF
35.93 -347.25 17.85 35.93 -344.88 16.55 0.545 0x0000FF
35.93 -348.34 17.32 35.93 -347.25 17.85 0.545 0x0000FF
35.93 -350.35 16.41 35.93 -348.34 17.32 0.545 0x0000FF
35.93 -352.53 15.73 35.93 -350.35 16.41 0.545 0x0000FF
36.29 -354.35 14.67 35.93 -352.53 15.73 0.545 0x0000FF
37.02 -357.45 13.76 36.29 -354.35 14.67 0.545 0x0000FF
37.75 -360.18 12.85 37.02 -357.45 13.76 0.545 0x0000FF
37.93 -361.09 11.71 37.75 -360.18 12.85 0.545 0x0000FF
38.29 -362.73 10.95 37.93 -361.09 11.71 0.545 0x0000FF
39.58 -365.65 10.03 38.29 -362.73 10.95 0.365 0x0000FF
40.67 -367.84 9.21 39.58 -365.65 10.03 0.365 0x0000FF
40.85 -368.38 8.44 40.67 -367.84 9.21 0.365 0x0000FF
41.04 -368.93 7.7 40.85 -368.38 8.44 0.365 0x0000FF
41.4 -370.02 5.65 41.04 -368.93 7.7 0.365 0x0000FF
43.04 -372.21 4.67 41.4 -370.02 5.65 0.365 0x0000FF
43.77 -372.76 4.13 43.04 -372.21 4.67 0.365 0x0000FF
44.87 -374.58 2.7 43.77 -372.76 4.13 0.365 0x0000FF
45.6 -377.13 2.09 44.87 -374.58 2.7 0.365 0x0000FF
48.15 -379.5 -0.41 45.6 -377.13 2.09 0.365 0x0000FF
49.61 -382.59 -1.17 48.15 -379.5 -0.41 0.365 0x0000FF
50.52 -385.69 -2.68 49.61 -382.59 -1.17 0.365 0x0000FF
51.43 -388.06 -4.73 50.52 -385.69 -2.68 0.365 0x0000FF
51.8 -389.34 -7.08 51.43 -388.06 -4.73 0.365 0x0000FF
54.9 -393.16 -8.89 51.8 -389.34 -7.08 0.275 0x0000FF
59.46 -394.44 -9.8 54.9 -393.16 -8.89 0.275 0x0000FF
62.2 -396.81 -11.54 59.46 -394.44 -9.8 0.275 0x0000FF
63.84 -399.36 -12.91 62.2 -396.81 -11.54 0.275 0x0000FF
64.2 -400.81 -14.2 63.84 -399.36 -12.91 0.275 0x0000FF
64.94 -403.18 -16.01 64.2 -400.81 -14.2 0.275 0x0000FF
65.3 -405.0 -17.76 64.94 -403.18 -16.01 0.275 0x0000FF
65.67 -406.46 -19.35 65.3 -405.0 -17.76 0.275 0x0000FF
66.4 -408.65 -20.03 65.67 -406.46 -19.35 0.275 0x0000FF
66.4 -410.29 -20.86 66.4 -408.65 -20.03 0.275 0x0000FF
66.76 -413.39 -22.38 66.4 -410.29 -20.86 0.275 0x0000FF
66.4 -415.57 -23.82 66.76 -413.39 -22.38 0.275 0x0000FF
65.84 -418.67 -25.18 66.4 -415.57 -23.82 0.275 0x0000FF
-10.95 -109.14 13.45 -12.95 -108.04 13.3 0.64 0x0000FF
-9.67 -109.32 14.29 -10.95 -109.14 13.45 0.64 0x0000FF
-8.58 -109.87 14.74 -9.67 -109.32 14.29 0.64 0x0000FF
-6.93 -110.41 15.65 -8.58 -109.87 14.74 0.64 0x0000FF
-5.66 -110.6 15.95 -6.93 -110.41 15.65 0.64 0x0000FF
-4.93 -110.96 17.01 -5.66 -110.6 15.95 0.64 0x0000FF
-4.01 -111.32 18.0 -4.93 -110.96 17.01 0.64 0x0000FF
-3.65 -111.51 18.53 -4.01 -111.32 18.0 0.545 0x0000FF
-1.46 -113.33 19.36 -3.65 -111.51 18.53 0.365 0x0000FF
0.36 -114.06 19.44 -1.46 -113.33 19.36 0.365 0x0000FF
1.82 -114.97 19.97 0.36 -114.06 19.44 0.365 0x0000FF
3.47 -116.06 20.57 1.82 -114.97 19.97 0.365 0x0000FF
4.93 -116.79 21.1 3.47 -116.06 20.57 0.365 0x0000FF
6.93 -117.34 21.56 4.93 -116.79 21.1 0.365 0x0000FF
12.04 -117.7 22.09 6.93 -117.34 21.56 0.365 0x0000FF
14.23 -118.07 23.3 12.04 -117.7 22.09 0.365 0x0000FF
15.69 -118.79 23.98 14.23 -118.07 23.3 0.365 0x0000FF
16.6 -119.71 24.36 15.69 -118.79 23.98 0.365 0x0000FF
18.79 -120.8 24.97 16.6 -119.71 24.36 0.365 0x0000FF
19.89 -121.53 25.88 18.79 -120.8 24.97 0.365 0x0000FF
20.62 -122.44 27.16 19.89 -121.53 25.88 0.365 0x0000FF
22.26 -124.81 28.45 20.62 -122.44 27.16 0.365 0x0000FF
24.27 -127.18 29.44 22.26 -124.81 28.45 0.365 0x0000FF
27.73 -130.63 30.88 24.27 -127.18 29.44 0.365 0x0000FF
29.37 -133.72 31.03 27.73 -130.63 30.88 0.275 0x0000FF
31.56 -135.56 31.03 29.37 -133.72 31.03 0.275 0x0000FF
34.47 -136.83 31.03 31.56 -135.56 31.03 0.275 0x0000FF
37.4 -137.01 31.03 34.47 -136.83 31.03 0.275 0x0000FF
40.5 -138.11 31.03 37.4 -137.01 31.03 0.275 0x0000FF
33.75 -135.01 31.33 27.73 -130.63 30.88 0.365 0x0000FF
34.29 -135.37 31.48 33.75 -135.01 31.33 0.365 0x0000FF
38.32 -137.56 31.78 34.29 -135.37 31.48 0.365 0x0000FF
41.23 -140.29 31.78 38.32 -137.56 31.78 0.365 0x0000FF
42.88 -141.93 31.78 41.23 -140.29 31.78 0.365 0x0000FF
44.52 -142.66 31.78 42.88 -141.93 31.78 0.275 0x0000FF
-29.74 -34.07 2.09 -28.65 -33.34 2.0 0.91 0x0000FF
-31.75 -35.15 2.31 -29.74 -34.07 2.09 0.91 0x0000FF
-34.29 -36.26 2.62 -31.75 -35.15 2.31 0.73 0x0000FF
-36.49 -36.79 2.85 -34.29 -36.26 2.62 0.73 0x0000FF
-38.5 -37.17 3.08 -36.49 -36.79 2.85 0.73 0x0000FF
-40.32 -37.53 2.24 -38.5 -37.17 3.08 0.73 0x0000FF
-43.24 -37.72 1.64 -40.32 -37.53 2.24 0.73 0x0000FF
-46.16 -37.53 0.5 -43.24 -37.72 1.64 0.73 0x0000FF
-49.44 -36.99 -0.03 -46.16 -37.53 0.5 0.73 0x0000FF
-49.44 -37.53 -0.56 -49.44 -36.99 -0.03 0.64 0x0000FF
-50.54 -38.26 -1.55 -49.44 -37.53 -0.56 0.64 0x0000FF
-52.0 -38.44 -2.76 -50.54 -38.26 -1.55 0.64 0x0000FF
-53.64 -38.63 -3.59 -52.0 -38.44 -2.76 0.64 0x0000FF
-55.47 -38.44 -4.26 -53.64 -38.63 -3.59 0.545 0x0000FF
-58.02 -38.81 -6.09 -55.47 -38.44 -4.26 0.545 0x0000FF
-60.03 -38.81 -7.38 -58.02 -38.81 -6.09 0.545 0x0000FF
-62.4 -38.81 -8.06 -60.03 -38.81 -7.38 0.545 0x0000FF
-64.41 -38.99 -9.03 -62.4 -38.81 -8.06 0.545 0x0000FF
-65.5 -39.17 -10.48 -64.41 -38.99 -9.03 0.545 0x0000FF
-68.97 -39.36 -11.39 -65.5 -39.17 -10.48 0.545 0x0000FF
-69.88 -39.17 -12.45 -68.97 -39.36 -11.39 0.545 0x0000FF
-71.52 -38.63 -13.82 -69.88 -39.17 -12.45 0.545 0x0000FF
-73.7 -38.08 -15.94 -71.52 -38.63 -13.82 0.545 0x0000FF
-78.27 -37.53 -17.53 -73.7 -38.08 -15.94 0.365 0x0000FF
-82.1 -37.35 -18.59 -78.27 -37.53 -17.53 0.365 0x0000FF
-83.02 -36.99 -19.64 -82.1 -37.35 -18.59 0.365 0x0000FF
-86.67 -36.79 -20.48 -83.02 -36.99 -19.64 0.365 0x0000FF
-88.49 -36.79 -21.85 -86.67 -36.79 -20.48 0.365 0x0000FF
-91.04 -37.17 -22.45 -88.49 -36.79 -21.85 0.365 0x0000FF
-91.96 -37.53 -22.98 -91.04 -37.17 -22.45 0.365 0x0000FF
-94.88 -38.08 -23.74 -91.96 -37.53 -22.98 0.365 0x0000FF
-95.97 -38.26 -24.57 -94.88 -38.08 -23.74 0.365 0x0000FF
-99.44 -38.44 -25.48 -95.97 -38.26 -24.57 0.365 0x0000FF
-102.17 -38.44 -26.01 -99.44 -38.44 -25.48 0.365 0x0000FF
-105.46 -38.81 -27.15 -102.17 -38.44 -26.01 0.365 0x0000FF
-107.1 -38.81 -28.29 -105.46 -38.81 -27.15 0.365 0x0000FF
-108.19 -38.81 -29.35 -107.1 -38.81 -28.29 0.365 0x0000FF
-109.11 -38.63 -31.01 -108.19 -38.81 -29.35 0.365 0x0000FF
-110.38 -38.81 -32.83 -109.11 -38.63 -31.01 0.365 0x0000FF
-112.39 -38.99 -32.97 -110.38 -38.81 -32.83 0.365 0x0000FF
-113.3 -39.17 -34.11 -112.39 -38.99 -32.97 0.365 0x0000FF
-113.85 -39.17 -34.95 -113.3 -39.17 -34.11 0.365 0x0000FF
-119.69 -40.81 -36.31 -113.85 -39.17 -34.95 0.275 0x0000FF
-122.61 -41.54 -36.61 -119.69 -40.81 -36.31 0.18 0x0000FF
-54.37 -36.61 -0.86 -49.44 -36.99 -0.03 0.545 0x0000FF
-57.29 -35.89 -1.32 -54.37 -36.61 -0.86 0.545 0x0000FF
-62.4 -34.25 -1.39 -57.29 -35.89 -1.32 0.545 0x0000FF
-66.95 -32.97 0.12 -62.4 -34.25 -1.39 0.545 0x0000FF
-69.51 -32.43 0.95 -66.95 -32.97 0.12 0.545 0x0000FF
-73.16 -31.7 1.71 -69.51 -32.43 0.95 0.455 0x0000FF
-75.54 -31.34 2.54 -73.16 -31.7 1.71 0.455 0x0000FF
-77.72 -30.97 4.29 -75.54 -31.34 2.54 0.455 0x0000FF
-79.73 -30.43 6.56 -77.72 -30.97 4.29 0.455 0x0000FF
-83.02 -30.06 7.39 -79.73 -30.43 6.56 0.455 0x0000FF
-85.21 -30.06 8.83 -83.02 -30.06 7.39 0.455 0x0000FF
-88.31 -29.33 10.03 -85.21 -30.06 8.83 0.455 0x0000FF
-91.04 -29.52 11.33 -88.31 -29.33 10.03 0.455 0x0000FF
-94.15 -30.25 12.62 -91.04 -29.52 11.33 0.365 0x0000FF
-95.61 -30.61 13.45 -94.15 -30.25 12.62 0.365 0x0000FF
-96.15 -31.16 14.44 -95.61 -30.61 13.45 0.365 0x0000FF
-96.88 -32.25 15.42 -96.15 -31.16 14.44 0.365 0x0000FF
-97.25 -32.79 17.32 -96.88 -32.25 15.42 0.365 0x0000FF
-98.34 -34.44 18.3 -97.25 -32.79 17.32 0.365 0x0000FF
-99.8 -36.26 19.59 -98.34 -34.44 18.3 0.365 0x0000FF
-101.26 -38.44 20.27 -99.8 -36.26 19.59 0.365 0x0000FF
-102.72 -40.08 22.16 -101.26 -38.44 20.27 0.275 0x0000FF
-103.27 -40.45 23.83 -102.72 -40.08 22.16 0.275 0x0000FF
-104.36 -41.18 23.91 -103.27 -40.45 23.83 0.275 0x0000FF
-105.28 -41.91 26.18 -104.36 -41.18 23.91 0.275 0x0000FF
-108.56 -45.19 29.13 -105.28 -41.91 26.18 0.275 0x0000FF
-110.2 -47.55 29.74 -108.56 -45.19 29.13 0.275 0x0000FF
-23.17 -20.22 -0.03 -23.9 -19.5 -0.03 1.005 0x0000FF
-21.71 -20.41 0.2 -23.17 -20.22 -0.03 0.91 0x0000FF
-18.43 -20.41 0.57 -21.71 -20.41 0.2 0.82 0x0000FF
-16.6 -20.22 0.88 -18.43 -20.41 0.57 0.82 0x0000FF
-15.14 -19.13 0.95 -16.6 -20.22 0.88 0.73 0x0000FF
-14.05 -18.57 1.56 -15.14 -19.13 0.95 0.73 0x0000FF
-12.04 -17.48 1.79 -14.05 -18.57 1.56 0.73 0x0000FF
-10.95 -16.94 1.03 -12.04 -17.48 1.79 0.73 0x0000FF
-9.85 -16.39 0.57 -10.95 -16.94 1.03 0.64 0x0000FF
-9.11 -16.03 0.05 -9.85 -16.39 0.57 0.64 0x0000FF
-6.93 -15.3 -0.64 -9.11 -16.03 0.05 0.64 0x0000FF
-5.29 -14.94 -1.02 -6.93 -15.3 -0.64 0.64 0x0000FF
-3.65 -14.76 -2.08 -5.29 -14.94 -1.02 0.545 0x0000FF
-2.0 -14.58 -2.45 -3.65 -14.76 -2.08 0.545 0x0000FF
-0.91 -14.76 -3.51 -2.0 -14.58 -2.45 0.545 0x0000FF
0.73 -15.49 -4.05 -0.91 -14.76 -3.51 0.545 0x0000FF
3.1 -16.03 -4.65 0.73 -15.49 -4.05 0.545 0x0000FF
4.55 -16.39 -5.33 3.1 -16.03 -4.65 0.545 0x0000FF
6.2 -16.94 -5.71 4.55 -16.39 -5.33 0.545 0x0000FF
7.48 -17.67 -6.47 6.2 -16.94 -5.71 0.545 0x0000FF
9.11 -18.22 -7.08 7.48 -17.67 -6.47 0.545 0x0000FF
10.02 -18.39 -8.14 9.11 -18.22 -7.08 0.545 0x0000FF
11.86 -18.95 -8.89 10.02 -18.39 -8.14 0.545 0x0000FF
14.6 -19.5 -9.88 11.86 -18.95 -8.89 0.545 0x0000FF
16.05 -19.86 -10.56 14.6 -19.5 -9.88 0.545 0x0000FF
16.6 -20.22 -12.38 16.05 -19.86 -10.56 0.545 0x0000FF
17.52 -20.59 -13.29 16.6 -20.22 -12.38 0.545 0x0000FF
18.61 -20.95 -13.97 17.52 -20.59 -13.29 0.545 0x0000FF
18.98 -20.95 -15.79 18.61 -20.95 -13.97 0.545 0x0000FF
20.43 -21.14 -16.09 18.98 -20.95 -15.79 0.545 0x0000FF
22.99 -21.86 -17.3 20.43 -21.14 -16.09 0.545 0x0000FF
24.45 -20.59 -17.76 22.99 -21.86 -17.3 0.365 0x0000FF
26.09 -20.41 -17.45 24.45 -20.59 -17.76 0.365 0x0000FF
26.82 -20.22 -17.3 26.09 -20.41 -17.45 0.365 0x0000FF
28.65 -19.86 -18.82 26.82 -20.22 -17.3 0.365 0x0000FF
29.56 -19.86 -19.35 28.65 -19.86 -18.82 0.365 0x0000FF
31.38 -19.5 -20.71 29.56 -19.86 -19.35 0.365 0x0000FF
31.75 -19.5 -22.3 31.38 -19.5 -20.71 0.365 0x0000FF
32.47 -19.13 -23.13 31.75 -19.5 -22.3 0.365 0x0000FF
33.75 -19.13 -24.42 32.47 -19.13 -23.13 0.365 0x0000FF
36.31 -18.95 -25.63 33.75 -19.13 -24.42 0.365 0x0000FF
36.86 -18.95 -28.21 36.31 -18.95 -25.63 0.365 0x0000FF
37.77 -18.95 -29.65 36.86 -18.95 -28.21 0.365 0x0000FF
38.5 -18.95 -30.25 37.77 -18.95 -29.65 0.365 0x0000FF
39.4 -18.95 -31.62 38.5 -18.95 -30.25 0.365 0x0000FF
40.5 -18.77 -32.6 39.4 -18.95 -31.62 0.365 0x0000FF
41.42 -19.13 -33.89 40.5 -18.77 -32.6 0.365 0x0000FF
43.06 -19.5 -35.47 41.42 -19.13 -33.89 0.365 0x0000FF
44.52 -19.86 -36.24 43.06 -19.5 -35.47 0.365 0x0000FF
45.61 -19.86 -37.6 44.52 -19.86 -36.24 0.365 0x0000FF
47.26 -20.22 -39.42 45.61 -19.86 -37.6 0.365 0x0000FF
48.9 -20.59 -40.25 47.26 -20.22 -39.42 0.365 0x0000FF
52.55 -21.14 -40.94 48.9 -20.59 -40.25 0.365 0x0000FF
56.01 -21.14 -43.21 52.55 -21.14 -40.94 0.365 0x0000FF
56.93 -21.14 -44.04 56.01 -21.14 -43.21 0.365 0x0000FF
58.38 -20.77 -44.8 56.93 -21.14 -44.04 0.365 0x0000FF
60.76 -20.59 -45.71 58.38 -20.77 -44.8 0.365 0x0000FF
64.04 -19.86 -46.39 60.76 -20.59 -45.71 0.365 0x0000FF
66.78 -19.68 -47.37 64.04 -19.86 -46.39 0.365 0x0000FF
68.78 -19.5 -48.81 66.78 -19.68 -47.37 0.365 0x0000FF
70.79 -19.13 -50.03 68.78 -19.5 -48.81 0.365 0x0000FF
72.06 -18.77 -51.01 70.79 -19.13 -50.03 0.365 0x0000FF
74.08 -18.57 -52.07 72.06 -18.77 -51.01 0.365 0x0000FF
74.98 -18.57 -53.51 74.08 -18.57 -52.07 0.275 0x0000FF
76.27 -18.57 -53.81 74.98 -18.57 -53.51 0.275 0x0000FF
24.63 -22.77 -18.05 22.99 -21.86 -17.3 0.365 0x0000FF
26.82 -23.69 -18.36 24.63 -22.77 -18.05 0.365 0x0000FF
30.47 -24.78 -18.82 26.82 -23.69 -18.36 0.365 0x0000FF
33.94 -25.33 -19.5 30.47 -24.78 -18.82 0.365 0x0000FF
39.04 -26.6 -20.03 33.94 -25.33 -19.5 0.365 0x0000FF
41.23 -28.42 -20.94 39.04 -26.6 -20.03 0.365 0x0000FF
42.51 -29.7 -21.39 41.23 -28.42 -20.94 0.365 0x0000FF
43.42 -30.97 -22.0 42.51 -29.7 -21.39 0.365 0x0000FF
44.15 -31.88 -22.83 43.42 -30.97 -22.0 0.365 0x0000FF
45.25 -32.79 -23.44 44.15 -31.88 -22.83 0.365 0x0000FF
46.34 -33.71 -24.35 45.25 -32.79 -23.44 0.365 0x0000FF
49.26 -34.25 -25.33 46.34 -33.71 -24.35 0.365 0x0000FF
51.45 -34.61 -26.77 49.26 -34.25 -25.33 0.365 0x0000FF
51.82 -34.79 -28.36 51.45 -34.61 -26.77 0.365 0x0000FF
53.46 -34.79 -28.82 51.82 -34.79 -28.36 0.365 0x0000FF
55.83 -35.71 -29.95 53.46 -34.79 -28.82 0.365 0x0000FF
56.93 -36.79 -31.24 55.83 -35.71 -29.95 0.365 0x0000FF
57.84 -37.9 -32.38 56.93 -36.79 -31.24 0.365 0x0000FF
58.75 -39.36 -33.28 57.84 -37.9 -32.38 0.365 0x0000FF
60.03 -40.81 -34.5 58.75 -39.36 -33.28 0.365 0x0000FF
61.3 -42.09 -35.56 60.03 -40.81 -34.5 0.365 0x0000FF
62.03 -42.27 -36.69 61.3 -42.09 -35.56 0.365 0x0000FF
