-16.14 18.51 56.55 -7.26 18.03 52.54 1.46 0x0000FF
-18.52 18.69 56.63 -16.14 18.51 56.55 1.46 0x0000FF
-20.52 19.05 56.86 -18.52 18.69 56.63 1.46 0x0000FF
-23.44 19.6 56.93 -20.52 19.05 56.86 1.46 0x0000FF
-25.45 20.32 57.01 -23.44 19.6 56.93 1.46 0x0000FF
-26.18 20.51 57.09 -25.45 20.32 57.01 1.46 0x0000FF
-27.46 21.43 57.09 -26.18 20.51 57.09 1.095 0x0000FF
-28.55 22.15 57.69 -27.46 21.43 57.09 0.91 0x0000FF
-29.1 22.34 58.07 -28.55 22.15 57.69 0.91 0x0000FF
-29.83 22.88 58.83 -29.1 22.34 58.07 0.91 0x0000FF
-30.74 23.43 59.58 -29.83 22.88 58.83 0.91 0x0000FF
-31.83 23.79 60.19 -30.74 23.43 59.58 0.91 0x0000FF
-32.2 23.98 60.87 -31.83 23.79 60.19 0.91 0x0000FF
-32.75 24.34 61.48 -32.2 23.98 60.87 0.91 0x0000FF
-33.47 25.07 62.54 -32.75 24.34 61.48 0.91 0x0000FF
-35.67 25.62 62.84 -33.47 25.07 62.54 0.91 0x0000FF
-37.31 25.8 64.51 -35.67 25.62 62.84 0.91 0x0000FF
-38.59 26.71 65.8 -37.31 25.8 64.51 0.91 0x0000FF
-41.14 27.8 65.95 -38.59 26.71 65.8 0.91 0x0000FF
-42.78 29.44 66.7 -41.14 27.8 65.95 0.82 0x0000FF
-44.79 30.54 67.31 -42.78 29.44 66.7 0.73 0x0000FF
-44.97 31.63 68.14 -44.79 30.54 67.31 0.64 0x0000FF
-45.15 33.63 68.83 -44.97 31.63 68.14 0.545 0x0000FF
-44.24 34.18 69.05 -45.15 33.63 68.83 0.545 0x0000FF
-27.82 20.32 57.39 -26.18 20.51 57.09 0.73 0x0000FF
-30.56 20.32 57.62 -27.82 20.32 57.39 0.73 0x0000FF
-32.75 20.7 57.92 -30.56 20.32 57.62 0.73 0x0000FF
-43.15 21.61 58.22 -32.75 20.7 57.92 0.73 0x0000FF
-52.82 22.34 58.45 -43.15 21.61 58.22 0.73 0x0000FF
-58.47 23.25 58.75 -52.82 22.34 58.45 0.73 0x0000FF
-65.77 26.34 59.58 -58.47 23.25 58.75 0.73 0x0000FF
-70.15 27.98 58.6 -65.77 26.34 59.58 0.73 0x0000FF
-72.89 28.71 58.15 -70.15 27.98 58.6 0.73 0x0000FF
-74.53 29.26 57.69 -72.89 28.71 58.15 0.73 0x0000FF
-76.17 30.17 57.39 -74.53 29.26 57.69 0.73 0x0000FF
-76.72 30.35 56.93 -76.17 30.17 57.39 0.73 0x0000FF
-79.45 31.99 56.48 -76.72 30.35 56.93 0.73 0x0000FF
-84.56 36.0 55.87 -79.45 31.99 56.48 0.73 0x0000FF
-86.75 37.64 55.57 -84.56 36.0 55.87 0.73 0x0000FF
-91.31 40.56 55.19 -86.75 37.64 55.57 0.73 0x0000FF
-94.05 42.01 54.81 -91.31 40.56 55.19 0.73 0x0000FF
-95.69 42.38 54.36 -94.05 42.01 54.81 0.73 0x0000FF
-96.42 42.38 53.98 -95.69 42.38 54.36 0.73 0x0000FF
-96.97 42.74 53.68 -96.42 42.38 53.98 0.73 0x0000FF
-97.59 42.95 52.09 -96.97 42.74 53.68 0.82 0x0000FF
-98.87 43.68 51.93 -97.59 42.95 52.09 0.64 0x0000FF
-99.41 43.86 51.78 -98.87 43.68 51.93 0.64 0x0000FF
-99.6 44.23 51.63 -99.41 43.86 51.78 0.64 0x0000FF
-100.33 44.77 51.56 -99.6 44.23 51.63 0.64 0x0000FF
-100.87 45.14 51.56 -100.33 44.77 51.56 0.64 0x0000FF
-101.79 45.68 51.48 -100.87 45.14 51.56 0.455 0x0000FF
-103.06 46.6 51.25 -101.79 45.68 51.48 0.455 0x0000FF
-104.52 47.32 50.87 -103.06 46.6 51.25 0.455 0x0000FF
-105.62 48.05 50.65 -104.52 47.32 50.87 0.455 0x0000FF
-107.26 48.6 50.42 -105.62 48.05 50.65 0.455 0x0000FF
-107.81 48.78 49.81 -107.26 48.6 50.42 0.275 0x0000FF
-108.54 49.51 49.81 -107.81 48.78 49.81 0.275 0x0000FF
-109.08 50.97 49.81 -108.54 49.51 49.81 0.275 0x0000FF
-109.27 51.52 49.81 -109.08 50.97 49.81 0.275 0x0000FF
-12.93 23.82 47.62 -7.26 18.03 52.54 1.005 0x0000FF
-14.57 25.1 48.0 -12.93 23.82 47.62 1.005 0x0000FF
-15.67 25.83 47.77 -14.57 25.1 48.0 1.005 0x0000FF
-16.95 26.19 47.39 -15.67 25.83 47.77 1.005 0x0000FF
-18.22 26.55 46.78 -16.95 26.19 47.39 0.91 0x0000FF
-18.95 27.1 46.4 -18.22 26.55 46.78 0.91 0x0000FF
-19.32 27.28 45.72 -18.95 27.1 46.4 0.91 0x0000FF
-20.41 28.19 45.65 -19.32 27.28 45.72 0.91 0x0000FF
-20.59 28.74 45.5 -20.41 28.19 45.65 0.91 0x0000FF
-20.78 29.47 45.34 -20.59 28.74 45.5 0.91 0x0000FF
-20.96 30.38 45.19 -20.78 29.47 45.34 0.91 0x0000FF
-20.96 31.47 45.04 -20.96 30.38 45.19 0.91 0x0000FF
-21.51 33.47 44.97 -20.96 31.47 45.04 0.91 0x0000FF
-25.89 40.95 44.89 -21.51 33.47 44.97 0.91 0x0000FF
-29.9 47.51 44.59 -25.89 40.95 44.89 0.91 0x0000FF
-30.26 48.05 44.21 -29.9 47.51 44.59 0.91 0x0000FF
-31.72 49.15 44.13 -30.26 48.05 44.21 0.91 0x0000FF
-33.36 50.42 43.98 -31.72 49.15 44.13 0.91 0x0000FF
-33.72 50.97 43.45 -33.36 50.42 43.98 0.91 0x0000FF
-35.56 51.52 43.07 -33.72 50.97 43.45 0.91 0x0000FF
-36.1 52.24 42.77 -35.56 51.52 43.07 0.91 0x0000FF
-36.47 52.79 43.15 -36.1 52.24 42.77 0.91 0x0000FF
-37.56 53.7 42.69 -36.47 52.79 43.15 0.91 0x0000FF
-38.29 56.62 39.81 -37.56 53.7 42.69 0.91 0x0000FF
-39.39 60.44 39.59 -38.29 56.62 39.81 0.91 0x0000FF
-39.75 61.54 39.28 -39.39 60.44 39.59 0.91 0x0000FF
-39.75 68.28 38.9 -39.75 61.54 39.28 0.82 0x0000FF
-39.75 69.92 38.29 -39.75 68.28 38.9 0.82 0x0000FF
-39.75 72.09 38.07 -39.75 69.92 38.29 0.82 0x0000FF
-39.2 72.65 38.0 -39.75 72.09 38.07 0.64 0x0000FF
-38.84 73.73 38.0 -39.2 72.65 38.0 0.64 0x0000FF
-37.75 74.47 38.0 -38.84 73.73 38.0 0.64 0x0000FF
-36.83 75.02 38.15 -37.75 74.47 38.0 0.64 0x0000FF
-35.92 75.56 38.29 -36.83 75.02 38.15 0.64 0x0000FF
-35.36 75.75 38.53 -35.92 75.56 38.29 0.64 0x0000FF
-34.46 76.11 38.45 -35.36 75.75 38.53 0.64 0x0000FF
-33.9 76.29 38.9 -34.46 76.11 38.45 0.64 0x0000FF
-33.36 76.66 39.13 -33.9 76.29 38.9 0.64 0x0000FF
-33.0 77.02 39.21 -33.36 76.66 39.13 0.64 0x0000FF
-31.72 77.75 39.44 -33.0 77.02 39.21 0.64 0x0000FF
-31.18 78.3 39.44 -31.72 77.75 39.44 0.64 0x0000FF
-30.63 78.66 39.74 -31.18 78.3 39.44 0.64 0x0000FF
-29.9 79.03 40.11 -30.63 78.66 39.74 0.64 0x0000FF
-29.53 79.2 40.27 -29.9 79.03 40.11 0.64 0x0000FF
-28.99 79.56 41.25 -29.53 79.2 40.27 0.64 0x0000FF
-28.26 80.12 41.63 -28.99 79.56 41.25 0.64 0x0000FF
-27.71 80.67 41.86 -28.26 80.12 41.63 0.64 0x0000FF
-26.98 81.94 42.16 -27.71 80.67 41.86 0.64 0x0000FF
-26.8 82.49 43.15 -26.98 81.94 42.16 0.64 0x0000FF
-26.25 83.22 43.53 -26.8 82.49 43.15 0.64 0x0000FF
-25.52 84.13 43.9 -26.25 83.22 43.53 0.64 0x0000FF
-25.16 84.49 44.28 -25.52 84.13 43.9 0.64 0x0000FF
-24.79 85.04 44.59 -25.16 84.49 44.28 0.64 0x0000FF
-24.06 85.95 45.34 -24.79 85.04 44.59 0.64 0x0000FF
-23.88 86.5 47.09 -24.06 85.95 45.34 0.64 0x0000FF
-23.33 87.23 47.84 -23.88 86.5 47.09 0.64 0x0000FF
-22.6 88.14 48.45 -23.33 87.23 47.84 0.64 0x0000FF
-20.96 90.51 48.83 -22.6 88.14 48.45 0.64 0x0000FF
-20.41 90.87 49.06 -20.96 90.51 48.83 0.64 0x0000FF
-18.95 91.6 49.59 -20.41 90.87 49.06 0.64 0x0000FF
-16.22 92.87 50.04 -18.95 91.6 49.59 0.64 0x0000FF
-14.94 93.79 50.8 -16.22 92.87 50.04 0.64 0x0000FF
-12.02 97.79 51.33 -14.94 93.79 50.8 0.64 0x0000FF
-11.11 98.7 51.56 -12.02 97.79 51.33 0.64 0x0000FF
-10.56 99.25 52.39 -11.11 98.7 51.56 0.64 0x0000FF
-9.83 99.98 52.62 -10.56 99.25 52.39 0.64 0x0000FF
-7.28 102.53 53.15 -9.83 99.98 52.62 0.64 0x0000FF
-6.55 103.08 53.52 -7.28 102.53 53.15 0.64 0x0000FF
-4.9 105.63 54.21 -6.55 103.08 53.52 0.64 0x0000FF
-3.99 108.18 54.59 -4.9 105.63 54.21 0.64 0x0000FF
2.58 117.47 54.96 -3.99 108.18 54.59 0.545 0x0000FF
5.68 123.12 55.34 2.58 117.47 54.96 0.545 0x0000FF
7.69 127.49 55.57 5.68 123.12 55.34 0.545 0x0000FF
9.69 130.77 55.65 7.69 127.49 55.57 0.545 0x0000FF
11.7 133.13 55.65 9.69 130.77 55.65 0.545 0x0000FF
-41.03 73.01 37.39 -39.75 72.09 38.07 0.82 0x0000FF
-42.31 75.93 37.31 -41.03 73.01 37.39 0.73 0x0000FF
-43.77 78.12 37.31 -42.31 75.93 37.31 0.73 0x0000FF
-44.68 80.48 37.09 -43.77 78.12 37.31 0.73 0x0000FF
-44.68 82.12 36.94 -44.68 80.48 37.09 0.73 0x0000FF
-44.5 84.13 36.78 -44.68 82.12 36.94 0.73 0x0000FF
-44.13 85.22 37.39 -44.5 84.13 36.78 0.73 0x0000FF
-43.77 86.5 37.54 -44.13 85.22 37.39 0.73 0x0000FF
-43.58 89.96 38.0 -43.77 86.5 37.54 0.73 0x0000FF
-43.04 92.69 38.36 -43.58 89.96 38.0 0.73 0x0000FF
-42.31 98.7 38.22 -43.04 92.69 38.36 0.73 0x0000FF
-42.12 99.8 37.92 -42.31 98.7 38.22 0.73 0x0000FF
-41.94 100.71 37.77 -42.12 99.8 37.92 0.73 0x0000FF
-41.94 101.8 37.54 -41.94 100.71 37.77 0.73 0x0000FF
-41.94 103.81 37.39 -41.94 101.8 37.54 0.73 0x0000FF
-41.94 106.18 37.15 -41.94 103.81 37.39 0.73 0x0000FF
-41.21 108.18 36.94 -41.94 106.18 37.15 0.545 0x0000FF
-40.85 110.18 36.56 -41.21 108.18 36.94 0.545 0x0000FF
-41.39 112.92 36.4 -40.85 110.18 36.56 0.545 0x0000FF
-41.58 115.28 35.79 -41.39 112.92 36.4 0.545 0x0000FF
-41.21 119.29 35.19 -41.58 115.28 35.79 0.545 0x0000FF
-40.85 122.03 34.97 -41.21 119.29 35.19 0.545 0x0000FF
-40.65 123.48 34.44 -40.85 122.03 34.97 0.545 0x0000FF
-41.03 125.31 34.36 -40.65 123.48 34.44 0.545 0x0000FF
-41.21 128.04 33.6 -41.03 125.31 34.36 0.365 0x0000FF
-41.39 129.68 33.6 -41.21 128.04 33.6 0.365 0x0000FF
-42.49 128.94 33.6 -41.39 129.68 33.6 0.275 0x0000FF
-44.68 128.22 33.6 -42.49 128.94 33.6 0.275 0x0000FF
-45.59 127.49 33.6 -44.68 128.22 33.6 0.275 0x0000FF
-46.69 126.22 33.6 -45.59 127.49 33.6 0.275 0x0000FF
-48.15 125.31 33.6 -46.69 126.22 33.6 0.275 0x0000FF
-49.24 124.94 33.6 -48.15 125.31 33.6 0.275 0x0000FF
-40.85 130.04 33.68 -41.39 129.68 33.6 0.455 0x0000FF
-40.29 131.68 33.68 -40.85 130.04 33.68 0.455 0x0000FF
-40.29 132.78 33.68 -40.29 131.68 33.68 0.455 0x0000FF
-40.29 133.69 33.68 -40.29 132.78 33.68 0.455 0x0000FF
-37.72 145.1 33.53 -40.29 133.69 33.68 0.455 0x0000FF
-36.63 147.11 33.53 -37.72 145.1 33.53 0.455 0x0000FF
-36.63 151.66 33.38 -36.63 147.11 33.53 0.455 0x0000FF
-37.0 156.4 33.0 -36.63 151.66 33.38 0.455 0x0000FF
-35.17 163.13 32.85 -37.0 156.4 33.0 0.455 0x0000FF
-34.26 166.42 32.31 -35.17 163.13 32.85 0.455 0x0000FF
-34.08 168.42 31.94 -34.26 166.42 32.31 0.455 0x0000FF
-33.9 185.73 30.27 -34.08 168.42 31.94 0.455 0x0000FF
-35.72 190.83 29.74 -33.9 185.73 30.27 0.455 0x0000FF
-35.17 199.58 29.21 -35.72 190.83 29.74 0.455 0x0000FF
-35.36 201.77 28.83 -35.17 199.58 29.21 0.455 0x0000FF
-35.54 203.22 28.45 -35.36 201.77 28.83 0.455 0x0000FF
-35.72 204.68 28.0 -35.54 203.22 28.45 0.455 0x0000FF
-35.54 206.68 27.77 -35.72 204.68 28.0 0.455 0x0000FF
-35.36 208.32 27.54 -35.54 206.68 27.77 0.455 0x0000FF
-35.36 210.69 27.32 -35.36 208.32 27.54 0.455 0x0000FF
-35.54 211.97 26.94 -35.36 210.69 27.32 0.455 0x0000FF
-35.54 213.61 26.56 -35.54 211.97 26.94 0.455 0x0000FF
-35.54 216.71 26.25 -35.54 213.61 26.56 0.455 0x0000FF
-35.36 218.16 25.8 -35.54 216.71 26.25 0.455 0x0000FF
-35.17 219.8 25.35 -35.36 218.16 25.8 0.455 0x0000FF
-35.72 221.26 24.97 -35.17 219.8 25.35 0.455 0x0000FF
-35.72 223.45 24.36 -35.72 221.26 24.97 0.455 0x0000FF
-35.36 225.09 23.76 -35.72 223.45 24.36 0.455 0x0000FF
-32.82 245.92 22.54 -35.36 225.09 23.76 0.455 0x0000FF
-32.28 248.47 22.39 -32.82 245.92 22.54 0.455 0x0000FF
-32.28 253.21 21.94 -32.28 248.47 22.39 0.455 0x0000FF
-32.46 258.13 21.33 -32.28 253.21 21.94 0.455 0x0000FF
-32.64 262.5 20.65 -32.46 258.13 21.33 0.455 0x0000FF
-33.36 265.24 19.59 -32.64 262.5 20.65 0.455 0x0000FF
-34.1 267.24 19.29 -33.36 265.24 19.59 0.455 0x0000FF
-35.2 269.79 18.76 -34.1 267.24 19.29 0.455 0x0000FF
-36.47 272.89 18.23 -35.2 269.79 18.76 0.455 0x0000FF
-37.38 277.44 17.54 -36.47 272.89 18.23 0.455 0x0000FF
-37.75 280.54 17.54 -37.38 277.44 17.54 0.455 0x0000FF
-37.57 283.64 17.54 -37.75 280.54 17.54 0.455 0x0000FF
-36.47 286.55 16.86 -37.57 283.64 17.54 0.455 0x0000FF
-35.74 290.56 16.63 -36.47 286.55 16.86 0.455 0x0000FF
-35.01 293.48 16.55 -35.74 290.56 16.63 0.455 0x0000FF
-34.47 298.02 15.95 -35.01 293.48 16.55 0.455 0x0000FF
-34.1 300.39 15.57 -34.47 298.02 15.95 0.455 0x0000FF
-33.74 301.86 14.97 -34.1 300.39 15.57 0.455 0x0000FF
-33.36 303.68 13.91 -33.74 301.86 14.97 0.455 0x0000FF
-32.82 306.23 12.92 -33.36 303.68 13.91 0.455 0x0000FF
-32.09 309.14 11.94 -32.82 306.23 12.92 0.455 0x0000FF
-31.36 312.43 11.64 -32.09 309.14 11.94 0.455 0x0000FF
-31.18 315.33 10.88 -31.36 312.43 11.64 0.455 0x0000FF
-31.18 316.43 10.19 -31.18 315.33 10.88 0.455 0x0000FF
-30.93 322.3 7.92 -31.18 316.43 10.19 0.275 0x0000FF
-30.02 325.22 7.54 -30.93 322.3 7.92 0.275 0x0000FF
-29.47 327.22 7.32 -30.02 325.22 7.54 0.275 0x0000FF
-28.56 329.77 7.01 -29.47 327.22 7.32 0.275 0x0000FF
-27.28 331.96 6.56 -28.56 329.77 7.01 0.275 0x0000FF
-26.37 333.23 6.33 -27.28 331.96 6.56 0.275 0x0000FF
-25.64 335.78 6.11 -26.37 333.23 6.33 0.275 0x0000FF
-25.64 338.15 5.65 -25.64 335.78 6.11 0.275 0x0000FF
-27.1 340.88 4.97 -25.64 338.15 5.65 0.275 0x0000FF
-27.46 342.52 4.97 -27.1 340.88 4.97 0.275 0x0000FF
-27.83 343.98 3.98 -27.46 342.52 4.97 0.275 0x0000FF
-28.19 346.17 3.23 -27.83 343.98 3.98 0.275 0x0000FF
-28.19 348.17 2.39 -28.19 346.17 3.23 0.275 0x0000FF
-28.19 349.63 2.24 -28.19 348.17 2.39 0.275 0x0000FF
-27.83 352.73 1.26 -28.19 349.63 2.24 0.275 0x0000FF
-27.28 356.92 1.26 -27.83 352.73 1.26 0.275 0x0000FF
-26.55 360.74 -0.03 -27.28 356.92 1.26 0.275 0x0000FF
-25.82 364.57 -0.86 -26.55 360.74 -0.03 0.275 0x0000FF
-25.46 366.94 -1.47 -25.82 364.57 -0.86 0.275 0x0000FF
-24.54 369.85 -2.68 -25.46 366.94 -1.47 0.275 0x0000FF
-24.36 376.23 -3.29 -24.54 369.85 -2.68 0.275 0x0000FF
-24.36 378.24 -3.51 -24.36 376.23 -3.29 0.275 0x0000FF
-24.18 380.24 -4.26 -24.36 378.24 -3.51 0.275 0x0000FF
-23.81 382.79 -4.58 -24.18 380.24 -4.26 0.275 0x0000FF
-24.0 386.43 -5.26 -23.81 382.79 -4.58 0.275 0x0000FF
-24.36 387.53 -5.26 -24.0 386.43 -5.26 0.275 0x0000FF
-25.09 389.53 -5.94 -24.36 387.53 -5.26 0.275 0x0000FF
-25.09 391.17 -6.17 -25.09 389.53 -5.94 0.275 0x0000FF
-25.27 394.82 -6.62 -25.09 391.17 -6.17 0.275 0x0000FF
-24.73 397.73 -6.77 -25.27 394.82 -6.62 0.275 0x0000FF
-24.73 398.28 -7.0 -24.73 397.73 -6.77 0.275 0x0000FF
-24.36 399.01 -7.45 -24.73 398.28 -7.0 0.275 0x0000FF
-10.38 25.32 49.51 -7.26 18.03 52.54 1.185 0x0000FF
-10.56 26.05 49.51 -10.38 25.32 49.51 1.185 0x0000FF
-10.92 26.6 49.51 -10.56 26.05 49.51 1.185 0x0000FF
-11.11 27.69 49.51 -10.92 26.6 49.51 1.185 0x0000FF
-11.11 28.6 49.51 -11.11 27.69 49.51 1.185 0x0000FF
-11.29 29.33 49.51 -11.11 28.6 49.51 1.185 0x0000FF
-11.29 29.88 49.51 -11.29 29.33 49.51 1.185 0x0000FF
-9.83 30.42 50.04 -11.29 29.88 49.51 0.64 0x0000FF
-9.27 31.52 50.19 -9.83 30.42 50.04 0.64 0x0000FF
-8.36 32.43 50.34 -9.27 31.52 50.19 0.64 0x0000FF
-7.82 32.97 50.49 -8.36 32.43 50.34 0.64 0x0000FF
-6.73 33.89 50.57 -7.82 32.97 50.49 0.64 0x0000FF
-6.18 34.43 50.57 -6.73 33.89 50.57 0.64 0x0000FF
-5.45 34.97 50.57 -6.18 34.43 50.57 0.64 0x0000FF
-4.72 35.71 50.57 -5.45 34.97 50.57 0.64 0x0000FF
-4.36 37.35 50.57 -4.72 35.71 50.57 0.64 0x0000FF
-4.9 37.17 50.65 -4.36 37.35 50.57 0.455 0x0000FF
-5.63 37.89 50.8 -4.9 37.17 50.65 0.455 0x0000FF
-6.36 38.26 50.87 -5.63 37.89 50.8 0.455 0x0000FF
-6.73 38.81 50.95 -6.36 38.26 50.87 0.455 0x0000FF
-9.65 39.9 51.18 -6.73 38.81 50.95 0.275 0x0000FF
-11.11 40.08 51.25 -9.65 39.9 51.18 0.275 0x0000FF
-12.2 39.9 51.33 -11.11 40.08 51.25 0.275 0x0000FF
-13.84 39.53 51.33 -12.2 39.9 51.33 0.275 0x0000FF
-16.76 38.99 51.4 -13.84 39.53 51.33 0.09 0x0000FF
-4.36 37.89 50.49 -4.36 37.35 50.57 0.64 0x0000FF
-4.59 39.38 51.33 -4.36 37.89 50.49 0.455 0x0000FF
-4.23 40.65 51.33 -4.59 39.38 51.33 0.455 0x0000FF
-4.23 43.2 51.33 -4.23 40.65 51.33 0.455 0x0000FF
-4.04 44.48 51.1 -4.23 43.2 51.33 0.455 0x0000FF
-3.68 46.67 50.8 -4.04 44.48 51.1 0.455 0x0000FF
-3.5 47.94 50.57 -3.68 46.67 50.8 0.455 0x0000FF
-3.31 49.4 50.34 -3.5 47.94 50.57 0.455 0x0000FF
-3.31 50.86 51.03 -3.31 49.4 50.34 0.455 0x0000FF
-3.31 52.5 51.63 -3.31 50.86 51.03 0.455 0x0000FF
-3.13 54.14 51.71 -3.31 52.5 51.63 0.455 0x0000FF
-2.95 56.14 52.01 -3.13 54.14 51.71 0.455 0x0000FF
-3.13 65.61 52.62 -2.95 56.14 52.01 0.455 0x0000FF
-2.95 66.89 52.92 -3.13 65.61 52.62 0.455 0x0000FF
-2.95 68.34 52.99 -2.95 66.89 52.92 0.455 0x0000FF
-2.58 70.53 53.3 -2.95 68.34 52.99 0.455 0x0000FF
-1.67 73.63 53.45 -2.58 70.53 53.3 0.455 0x0000FF
0.52 80.01 53.68 -1.67 73.63 53.45 0.455 0x0000FF
2.16 87.84 53.83 0.52 80.01 53.68 0.455 0x0000FF
4.53 94.58 54.36 2.16 87.84 53.83 0.455 0x0000FF
6.54 100.41 54.43 4.53 94.58 54.36 0.455 0x0000FF
7.45 103.15 53.45 6.54 100.41 54.43 0.455 0x0000FF
7.45 103.69 52.77 7.45 103.15 53.45 0.455 0x0000FF
7.63 104.24 52.31 7.45 103.69 52.77 0.455 0x0000FF
7.63 107.16 51.86 7.63 104.24 52.31 0.455 0x0000FF
7.63 109.52 51.71 7.63 107.16 51.86 0.455 0x0000FF
8.18 113.53 51.4 7.63 109.52 51.71 0.455 0x0000FF
8.36 114.26 51.4 8.18 113.53 51.4 0.455 0x0000FF
8.91 116.08 51.1 8.36 114.26 51.4 0.455 0x0000FF
9.64 117.36 50.8 8.91 116.08 51.1 0.455 0x0000FF
11.1 119.91 50.72 9.64 117.36 50.8 0.455 0x0000FF
12.01 122.82 50.49 11.1 119.91 50.72 0.455 0x0000FF
12.56 124.28 50.34 12.01 122.82 50.49 0.455 0x0000FF
12.74 126.65 49.96 12.56 124.28 50.34 0.455 0x0000FF
12.74 127.38 48.37 12.74 126.65 49.96 0.455 0x0000FF
13.11 129.57 48.37 12.74 127.38 48.37 0.455 0x0000FF
13.29 130.47 48.37 13.11 129.57 48.37 0.455 0x0000FF
13.29 131.57 48.37 13.29 130.47 48.37 0.455 0x0000FF
13.47 132.47 48.37 13.29 131.57 48.37 0.455 0x0000FF
13.47 132.66 48.37 13.47 132.47 48.37 0.455 0x0000FF
14.2 133.94 48.53 13.47 132.66 48.37 0.455 0x0000FF
15.66 135.94 48.75 14.2 133.94 48.53 0.455 0x0000FF
16.39 136.49 49.06 15.66 135.94 48.75 0.455 0x0000FF
16.76 136.66 49.13 16.39 136.49 49.06 0.455 0x0000FF
16.76 136.85 48.68 16.76 136.66 49.13 0.455 0x0000FF
17.12 136.85 48.37 16.76 136.85 48.68 0.455 0x0000FF
17.85 137.4 48.15 17.12 136.85 48.37 0.455 0x0000FF
18.57 137.58 47.31 17.85 137.4 48.15 0.455 0x0000FF
18.94 137.76 47.16 18.57 137.58 47.31 0.455 0x0000FF
19.3 137.94 46.71 18.94 137.76 47.16 0.455 0x0000FF
19.67 138.31 45.95 19.3 137.94 46.71 0.455 0x0000FF
20.22 138.86 45.65 19.67 138.31 45.95 0.455 0x0000FF
21.68 141.22 45.34 20.22 138.86 45.65 0.365 0x0000FF
21.86 142.5 45.34 21.68 141.22 45.34 0.365 0x0000FF
22.05 143.05 44.74 21.86 142.5 45.34 0.365 0x0000FF
22.41 144.51 44.59 22.05 143.05 44.74 0.365 0x0000FF
22.78 145.6 44.21 22.41 144.51 44.59 0.365 0x0000FF
23.51 146.33 43.6 22.78 145.6 44.21 0.365 0x0000FF
-11.52 30.45 49.21 -11.29 29.88 49.51 1.095 0x0000FF
-11.71 31.18 49.06 -11.52 30.45 49.21 1.095 0x0000FF
-11.89 31.72 48.75 -11.71 31.18 49.06 1.095 0x0000FF
-12.07 33.0 48.68 -11.89 31.72 48.75 1.095 0x0000FF
-12.07 33.54 48.68 -12.07 33.0 48.68 1.095 0x0000FF
-12.07 34.28 48.68 -12.07 33.54 48.68 1.095 0x0000FF
-12.07 35.19 48.6 -12.07 34.28 48.68 1.095 0x0000FF
-12.07 35.92 48.53 -12.07 35.19 48.6 1.095 0x0000FF
-13.35 36.46 48.6 -12.07 35.92 48.53 0.73 0x0000FF
-13.53 37.74 48.68 -13.35 36.46 48.6 0.73 0x0000FF
-14.99 39.19 48.68 -13.53 37.74 48.68 0.73 0x0000FF
-16.82 40.29 48.75 -14.99 39.19 48.68 0.73 0x0000FF
-19.19 41.02 48.83 -16.82 40.29 48.75 0.73 0x0000FF
-22.11 41.56 48.98 -19.19 41.02 48.83 0.73 0x0000FF
-26.3 41.38 49.13 -22.11 41.56 48.98 0.64 0x0000FF
-27.76 40.83 49.13 -26.3 41.38 49.13 0.64 0x0000FF
-29.77 40.47 49.21 -27.76 40.83 49.13 0.64 0x0000FF
-31.78 40.47 49.28 -29.77 40.47 49.21 0.64 0x0000FF
-32.86 40.29 49.36 -31.78 40.47 49.28 0.64 0x0000FF
-38.53 38.83 49.59 -32.86 40.29 49.36 0.64 0x0000FF
-43.09 39.38 49.74 -38.53 38.83 49.59 0.64 0x0000FF
-44.91 39.92 49.74 -43.09 39.38 49.74 0.64 0x0000FF
-46.37 40.29 49.81 -44.91 39.92 49.74 0.64 0x0000FF
-47.83 40.65 49.89 -46.37 40.29 49.81 0.64 0x0000FF
-49.66 41.56 49.96 -47.83 40.65 49.89 0.64 0x0000FF
-54.58 45.57 50.04 -49.66 41.56 49.96 0.64 0x0000FF
-56.77 49.22 50.19 -54.58 45.57 50.04 0.64 0x0000FF
-59.51 54.14 50.34 -56.77 49.22 50.19 0.64 0x0000FF
-62.43 58.33 50.42 -59.51 54.14 50.34 0.64 0x0000FF
-64.25 61.79 50.49 -62.43 58.33 50.42 0.64 0x0000FF
-64.98 63.43 50.49 -64.25 61.79 50.49 0.64 0x0000FF
-66.44 64.52 50.65 -64.98 63.43 50.49 0.64 0x0000FF
-67.9 65.61 50.72 -66.44 64.52 50.65 0.64 0x0000FF
-69.36 66.16 50.87 -67.9 65.61 50.72 0.64 0x0000FF
-70.81 66.7 50.95 -69.36 66.16 50.87 0.64 0x0000FF
-74.65 67.62 51.03 -70.81 66.7 50.95 0.64 0x0000FF
-87.79 71.44 51.48 -74.65 67.62 51.03 0.64 0x0000FF
-93.26 75.45 51.63 -87.79 71.44 51.48 0.64 0x0000FF
-97.1 80.19 52.09 -93.26 75.45 51.63 0.545 0x0000FF
-97.64 80.37 52.31 -97.1 80.19 52.09 0.545 0x0000FF
-100.2 81.28 52.46 -97.64 80.37 52.31 0.545 0x0000FF
-101.29 81.65 52.77 -100.2 81.28 52.46 0.545 0x0000FF
-102.39 82.19 52.92 -101.29 81.65 52.77 0.545 0x0000FF
-102.75 82.56 51.63 -102.39 82.19 52.92 0.545 0x0000FF
-104.21 84.02 51.25 -102.75 82.56 51.63 0.545 0x0000FF
-106.4 88.57 50.87 -104.21 84.02 51.25 0.545 0x0000FF
-107.13 89.85 50.72 -106.4 88.57 50.87 0.545 0x0000FF
-107.86 90.94 50.34 -107.13 89.85 50.72 0.545 0x0000FF
-108.77 92.03 49.59 -107.86 90.94 50.34 0.545 0x0000FF
-109.32 93.13 49.21 -108.77 92.03 49.59 0.545 0x0000FF
-109.87 93.67 49.21 -109.32 93.13 49.21 0.545 0x0000FF
-110.41 94.95 48.75 -109.87 93.67 49.21 0.545 0x0000FF
-110.96 95.49 48.37 -110.41 94.95 48.75 0.545 0x0000FF
-112.42 97.68 48.07 -110.96 95.49 48.37 0.545 0x0000FF
-113.52 98.96 47.46 -112.42 97.68 48.07 0.545 0x0000FF
-114.98 100.6 47.31 -113.52 98.96 47.46 0.545 0x0000FF
-115.34 101.87 46.86 -114.98 100.6 47.31 0.545 0x0000FF
-116.07 103.33 46.33 -115.34 101.87 46.86 0.545 0x0000FF
-116.58 106.77 46.18 -116.07 103.33 46.33 0.545 0x0000FF
-119.31 108.22 46.03 -116.58 106.77 46.18 0.545 0x0000FF
-121.69 109.14 45.8 -119.31 108.22 46.03 0.545 0x0000FF
-123.33 109.86 45.72 -121.69 109.14 45.8 0.545 0x0000FF
-124.24 110.59 45.57 -123.33 109.86 45.72 0.545 0x0000FF
-125.88 112.42 45.5 -124.24 110.59 45.57 0.545 0x0000FF
-126.8 114.97 45.5 -125.88 112.42 45.5 0.545 0x0000FF
-128.44 118.97 45.34 -126.8 114.97 45.5 0.545 0x0000FF
-129.35 121.71 45.34 -128.44 118.97 45.34 0.545 0x0000FF
-130.26 124.62 45.12 -129.35 121.71 45.34 0.545 0x0000FF
-130.44 128.08 45.12 -130.26 124.62 45.12 0.545 0x0000FF
-130.44 129.36 44.74 -130.44 128.08 45.12 0.455 0x0000FF
-130.44 130.82 44.66 -130.44 129.36 44.74 0.455 0x0000FF
-130.44 133.0 44.43 -130.44 130.82 44.66 0.455 0x0000FF
-130.44 133.91 44.28 -130.44 133.0 44.43 0.455 0x0000FF
-130.44 136.47 44.36 -130.44 133.91 44.28 0.455 0x0000FF
-130.44 137.19 44.59 -130.44 136.47 44.36 0.455 0x0000FF
-130.26 138.29 44.81 -130.44 137.19 44.59 0.455 0x0000FF
-130.08 139.19 45.12 -130.26 138.29 44.81 0.455 0x0000FF
-129.9 140.66 45.27 -130.08 139.19 45.12 0.455 0x0000FF
-130.26 142.47 45.34 -129.9 140.66 45.27 0.455 0x0000FF
-130.44 143.57 45.34 -130.26 142.47 45.34 0.455 0x0000FF
-130.44 144.66 45.5 -130.44 143.57 45.34 0.455 0x0000FF
-130.99 147.03 45.87 -130.44 144.66 45.5 0.455 0x0000FF
-131.9 149.58 46.1 -130.99 147.03 45.87 0.455 0x0000FF
-132.82 151.94 46.33 -131.9 149.58 46.1 0.455 0x0000FF
-133.36 153.96 46.48 -132.82 151.94 46.33 0.455 0x0000FF
-134.63 155.96 46.78 -133.36 153.96 46.48 0.455 0x0000FF
-135.19 157.05 46.78 -134.63 155.96 46.78 0.455 0x0000FF
-135.37 157.78 46.93 -135.19 157.05 46.78 0.455 0x0000FF
-135.55 160.15 46.93 -135.37 157.78 46.93 0.275 0x0000FF
-135.19 161.43 47.01 -135.55 160.15 46.93 0.275 0x0000FF
-135.01 162.16 47.01 -135.19 161.43 47.01 0.275 0x0000FF
-9.84 37.35 49.06 -12.07 35.92 48.53 0.455 0x0000FF
-8.38 39.17 49.28 -9.84 37.35 49.06 0.455 0x0000FF
-7.65 40.81 49.51 -8.38 39.17 49.28 0.455 0x0000FF
-7.11 42.09 49.81 -7.65 40.81 49.51 0.455 0x0000FF
-6.01 43.91 50.12 -7.11 42.09 49.81 0.455 0x0000FF
-4.55 45.73 50.57 -6.01 43.91 50.12 0.455 0x0000FF
-3.82 46.28 50.95 -4.55 45.73 50.57 0.455 0x0000FF
-3.09 47.92 51.56 -3.82 46.28 50.95 0.455 0x0000FF
-2.54 48.83 52.09 -3.09 47.92 51.56 0.455 0x0000FF
-0.9 52.29 52.69 -2.54 48.83 52.09 0.455 0x0000FF
0.37 55.57 52.92 -0.9 52.29 52.69 0.455 0x0000FF
4.01 59.94 53.6 0.37 55.57 52.92 0.455 0x0000FF
6.76 62.86 53.9 4.01 59.94 53.6 0.455 0x0000FF
9.86 65.23 54.28 6.76 62.86 53.9 0.455 0x0000FF
11.5 66.31 54.43 9.86 65.23 54.28 0.455 0x0000FF
12.6 66.87 54.81 11.5 66.31 54.43 0.455 0x0000FF
18.48 69.66 55.49 12.6 66.87 54.81 0.455 0x0000FF
21.59 71.11 56.25 18.48 69.66 55.49 0.455 0x0000FF
25.97 72.56 56.86 21.59 71.11 56.25 0.455 0x0000FF
28.16 74.39 57.69 25.97 72.56 56.86 0.455 0x0000FF
31.08 77.31 58.68 28.16 74.39 57.69 0.455 0x0000FF
34.9 80.95 59.36 31.08 77.31 58.68 0.455 0x0000FF
36.74 84.05 59.96 34.9 80.95 59.36 0.455 0x0000FF
37.47 85.33 60.19 36.74 84.05 59.96 0.455 0x0000FF
40.02 87.88 61.33 37.47 85.33 60.19 0.455 0x0000FF
41.84 89.15 62.08 40.02 87.88 61.33 0.455 0x0000FF
48.23 92.8 62.84 41.84 89.15 62.08 0.455 0x0000FF
55.71 96.8 63.3 48.23 92.8 62.84 0.455 0x0000FF
61.73 100.63 63.68 55.71 96.8 63.3 0.455 0x0000FF
65.2 104.09 63.83 61.73 100.63 63.68 0.455 0x0000FF
67.2 106.28 63.75 65.2 104.09 63.83 0.455 0x0000FF
70.12 109.38 64.51 67.2 106.28 63.75 0.455 0x0000FF
72.5 112.11 64.58 70.12 109.38 64.51 0.275 0x0000FF
74.69 113.93 64.58 72.5 112.11 64.58 0.275 0x0000FF
1.15 21.01 53.83 -7.26 18.03 52.54 2.28 0x0000FF
2.62 21.56 53.9 1.15 21.01 53.83 2.28 0x0000FF
3.89 21.37 53.9 2.62 21.56 53.9 2.005 0x0000FF
5.35 21.56 54.13 3.89 21.37 53.9 2.005 0x0000FF
6.63 21.56 54.28 5.35 21.56 54.13 1.915 0x0000FF
7.18 21.56 54.36 6.63 21.56 54.28 1.915 0x0000FF
8.27 21.92 54.43 7.18 21.56 54.36 1.735 0x0000FF
8.64 21.92 54.51 8.27 21.92 54.43 1.735 0x0000FF
9.19 22.1 54.59 8.64 21.92 54.51 1.735 0x0000FF
9.55 22.1 54.66 9.19 22.1 54.59 1.735 0x0000FF
11.01 22.1 54.96 9.55 22.1 54.66 1.735 0x0000FF
11.37 22.1 55.04 11.01 22.1 54.96 1.735 0x0000FF
12.29 22.1 55.04 11.37 22.1 55.04 1.735 0x0000FF
13.2 22.1 55.12 12.29 22.1 55.04 1.735 0x0000FF
13.56 22.1 55.19 13.2 22.1 55.12 1.735 0x0000FF
14.29 23.01 55.19 13.56 22.1 55.19 1.005 0x0000FF
15.39 22.83 56.33 14.29 23.01 55.19 0.73 0x0000FF
16.3 23.38 56.55 15.39 22.83 56.33 0.73 0x0000FF
17.76 24.11 56.78 16.3 23.38 56.55 0.73 0x0000FF
19.04 25.38 56.93 17.76 24.11 56.78 0.73 0x0000FF
19.95 26.29 57.24 19.04 25.38 56.93 0.73 0x0000FF
20.68 27.39 57.77 19.95 26.29 57.24 0.73 0x0000FF
21.23 28.48 58.07 20.68 27.39 57.77 0.73 0x0000FF
21.96 29.21 58.37 21.23 28.48 58.07 0.73 0x0000FF
22.5 30.12 58.37 21.96 29.21 58.37 0.73 0x0000FF
23.05 31.39 58.75 22.5 30.12 58.37 0.73 0x0000FF
23.6 32.11 59.13 23.05 31.39 58.75 0.73 0x0000FF
23.78 33.03 59.43 23.6 32.11 59.13 0.73 0x0000FF
24.33 33.76 59.96 23.78 33.03 59.43 0.73 0x0000FF
24.69 34.49 59.89 24.33 33.76 59.96 0.73 0x0000FF
25.24 35.58 60.19 24.69 34.49 59.89 0.73 0x0000FF
25.61 36.13 60.57 25.24 35.58 60.19 0.73 0x0000FF
25.97 36.68 61.1 25.61 36.13 60.57 0.73 0x0000FF
25.97 37.4 61.48 25.97 36.68 61.1 0.73 0x0000FF
26.34 37.95 61.48 25.97 37.4 61.48 0.73 0x0000FF
26.7 38.5 61.78 26.34 37.95 61.48 0.73 0x0000FF
27.61 39.59 62.16 26.7 38.5 61.78 0.73 0x0000FF
28.34 40.86 62.46 27.61 39.59 62.16 0.73 0x0000FF
28.89 41.6 63.07 28.34 40.86 62.46 0.73 0x0000FF
29.07 42.33 63.37 28.89 41.6 63.07 0.73 0x0000FF
29.8 45.79 64.51 29.07 42.33 63.37 0.545 0x0000FF
29.99 47.06 64.58 29.8 45.79 64.51 0.545 0x0000FF
30.53 48.7 64.66 29.99 47.06 64.58 0.545 0x0000FF
30.9 50.34 64.81 30.53 48.7 64.66 0.545 0x0000FF
31.63 52.71 65.04 30.9 50.34 64.81 0.545 0x0000FF
31.99 53.8 65.27 31.63 52.71 65.04 0.545 0x0000FF
33.09 55.08 65.48 31.99 53.8 65.27 0.545 0x0000FF
34.18 56.54 65.72 33.09 55.08 65.48 0.545 0x0000FF
36.54 60.55 65.87 34.18 56.54 65.72 0.545 0x0000FF
38.01 63.64 65.95 36.54 60.55 65.87 0.545 0x0000FF
38.93 66.19 66.02 38.01 63.64 65.95 0.545 0x0000FF
39.84 68.38 66.02 38.93 66.19 66.02 0.545 0x0000FF
41.66 70.38 66.02 39.84 68.38 66.02 0.545 0x0000FF
42.57 71.11 66.02 41.66 70.38 66.02 0.545 0x0000FF
45.31 71.3 66.09 42.57 71.11 66.02 0.365 0x0000FF
46.59 70.38 66.09 45.31 71.3 66.09 0.365 0x0000FF
47.87 69.66 66.09 46.59 70.38 66.09 0.365 0x0000FF
48.23 68.93 66.09 47.87 69.66 66.09 0.365 0x0000FF
30.53 42.51 63.83 29.07 42.33 63.37 0.545 0x0000FF
31.44 42.87 64.2 30.53 42.51 63.83 0.545 0x0000FF
32.54 43.42 64.36 31.44 42.87 64.2 0.545 0x0000FF
33.09 43.78 64.58 32.54 43.42 64.36 0.545 0x0000FF
33.63 44.15 64.73 33.09 43.78 64.58 0.545 0x0000FF
34.18 44.15 64.95 33.63 44.15 64.73 0.545 0x0000FF
34.54 44.33 65.04 34.18 44.15 64.95 0.545 0x0000FF
34.9 44.51 66.02 34.54 44.33 65.04 0.545 0x0000FF
35.82 44.69 66.63 34.9 44.51 66.02 0.545 0x0000FF
36.92 44.69 67.16 35.82 44.69 66.63 0.545 0x0000FF
37.47 44.88 67.84 36.92 44.69 67.16 0.545 0x0000FF
38.38 44.88 68.14 37.47 44.88 67.84 0.545 0x0000FF
38.93 45.06 68.22 38.38 44.88 68.14 0.545 0x0000FF
40.02 45.42 68.52 38.93 45.06 68.22 0.545 0x0000FF
40.38 45.79 69.05 40.02 45.42 68.52 0.545 0x0000FF
41.11 45.97 69.66 40.38 45.79 69.05 0.545 0x0000FF
42.21 45.97 70.64 41.11 45.97 69.66 0.545 0x0000FF
43.12 45.61 70.72 42.21 45.97 70.64 0.545 0x0000FF
43.85 45.24 71.17 43.12 45.61 70.72 0.545 0x0000FF
44.4 45.24 71.48 43.85 45.24 71.17 0.545 0x0000FF
44.76 45.24 71.78 44.4 45.24 71.48 0.545 0x0000FF
45.49 45.24 72.31 44.76 45.24 71.78 0.545 0x0000FF
46.04 45.06 73.22 45.49 45.24 72.31 0.545 0x0000FF
46.59 45.06 73.75 46.04 45.06 73.22 0.545 0x0000FF
47.14 45.24 74.36 46.59 45.06 73.75 0.545 0x0000FF
47.68 45.42 74.95 47.14 45.24 74.36 0.545 0x0000FF
48.23 45.79 75.42 47.68 45.42 74.95 0.545 0x0000FF
48.41 46.15 76.78 48.23 45.79 75.42 0.545 0x0000FF
50.05 46.52 78.14 48.41 46.15 76.78 0.545 0x0000FF
50.42 46.52 78.22 50.05 46.52 78.14 0.545 0x0000FF
51.15 46.33 78.59 50.42 46.52 78.22 0.545 0x0000FF
52.61 45.97 79.13 51.15 46.33 78.59 0.545 0x0000FF
53.16 45.97 79.28 52.61 45.97 79.13 0.545 0x0000FF
54.62 46.33 79.36 53.16 45.97 79.28 0.545 0x0000FF
55.89 46.7 80.11 54.62 46.33 79.36 0.545 0x0000FF
56.81 47.06 80.79 55.89 46.7 80.11 0.545 0x0000FF
57.54 47.61 81.63 56.81 47.06 80.79 0.365 0x0000FF
57.9 47.79 81.7 57.54 47.61 81.63 0.365 0x0000FF
58.27 48.16 81.86 57.9 47.79 81.7 0.18 0x0000FF
58.45 48.34 81.93 58.27 48.16 81.86 0.18 0x0000FF
15.02 20.83 55.19 14.29 23.01 55.19 1.005 0x0000FF
16.12 20.28 55.19 15.02 20.83 55.19 1.005 0x0000FF
17.94 18.82 55.27 16.12 20.28 55.19 0.64 0x0000FF
19.95 17.73 55.72 17.94 18.82 55.27 0.545 0x0000FF
20.5 17.18 56.02 19.95 17.73 55.72 0.545 0x0000FF
20.86 16.64 56.33 20.5 17.18 56.02 0.545 0x0000FF
21.41 15.0 56.63 20.86 16.64 56.33 0.545 0x0000FF
21.96 13.72 56.78 21.41 15.0 56.63 0.545 0x0000FF
22.32 12.63 57.16 21.96 13.72 56.78 0.545 0x0000FF
23.6 10.44 57.46 22.32 12.63 57.16 0.545 0x0000FF
24.33 7.89 57.99 23.6 10.44 57.46 0.545 0x0000FF
24.33 4.98 58.37 24.33 7.89 57.99 0.545 0x0000FF
23.6 2.42 58.75 24.33 4.98 58.37 0.545 0x0000FF
22.69 -2.5 58.98 23.6 2.42 58.75 0.545 0x0000FF
22.69 -5.59 59.05 22.69 -2.5 58.98 0.545 0x0000FF
22.87 -8.14 59.36 22.69 -5.59 59.05 0.545 0x0000FF
22.69 -11.61 59.51 22.87 -8.14 59.36 0.545 0x0000FF
22.87 -14.16 59.58 22.69 -11.61 59.51 0.545 0x0000FF
22.87 -16.71 59.74 22.87 -14.16 59.58 0.545 0x0000FF
22.87 -19.98 59.96 22.87 -16.71 59.74 0.545 0x0000FF
23.05 -21.81 60.12 22.87 -19.98 59.96 0.545 0x0000FF
23.23 -22.35 60.27 23.05 -21.81 60.12 0.545 0x0000FF
23.7 -26.9 60.34 23.23 -22.35 60.27 0.545 0x0000FF
24.25 -27.81 60.12 23.7 -26.9 60.34 0.545 0x0000FF
24.25 -28.9 59.81 24.25 -27.81 60.12 0.545 0x0000FF
24.43 -30.18 59.66 24.25 -28.9 59.81 0.545 0x0000FF
24.43 -31.27 59.43 24.43 -30.18 59.66 0.545 0x0000FF
24.61 -32.72 59.21 24.43 -31.27 59.43 0.545 0x0000FF
24.61 -34.18 58.83 24.61 -32.72 59.21 0.545 0x0000FF
24.61 -36.74 58.75 24.61 -34.18 58.83 0.545 0x0000FF
24.98 -38.74 58.52 24.61 -36.74 58.75 0.545 0x0000FF
25.52 -41.29 58.37 24.98 -38.74 58.52 0.545 0x0000FF
25.89 -43.66 58.3 25.52 -41.29 58.37 0.545 0x0000FF
26.62 -46.94 57.92 25.89 -43.66 58.3 0.545 0x0000FF
27.17 -50.04 57.62 26.62 -46.94 57.92 0.545 0x0000FF
27.53 -52.22 57.31 27.17 -50.04 57.62 0.545 0x0000FF
27.9 -54.04 57.24 27.53 -52.22 57.31 0.545 0x0000FF
28.44 -56.78 56.78 27.9 -54.04 57.24 0.545 0x0000FF
29.54 -59.87 56.63 28.44 -56.78 56.78 0.545 0x0000FF
29.9 -61.15 56.4 29.54 -59.87 56.63 0.545 0x0000FF
30.27 -62.97 56.25 29.9 -61.15 56.4 0.545 0x0000FF
33.54 -69.53 55.65 30.27 -62.97 56.25 0.545 0x0000FF
33.54 -71.54 55.49 33.54 -69.53 55.65 0.545 0x0000FF
33.54 -73.9 55.42 33.54 -71.54 55.49 0.545 0x0000FF
33.54 -75.73 55.19 33.54 -73.9 55.42 0.545 0x0000FF
33.19 -77.55 55.04 33.54 -75.73 55.19 0.545 0x0000FF
33.0 -79.73 54.89 33.19 -77.55 55.04 0.545 0x0000FF
33.0 -81.19 54.81 33.0 -79.73 54.89 0.545 0x0000FF
33.19 -82.83 54.66 33.0 -81.19 54.81 0.545 0x0000FF
33.36 -83.92 54.43 33.19 -82.83 54.66 0.545 0x0000FF
33.36 -84.29 54.28 33.36 -83.92 54.43 0.545 0x0000FF
33.54 -85.02 54.13 33.36 -84.29 54.28 0.545 0x0000FF
33.92 -87.2 53.6 33.54 -85.02 54.13 0.545 0x0000FF
34.28 -89.39 53.6 33.92 -87.2 53.6 0.545 0x0000FF
34.46 -90.12 52.92 34.28 -89.39 53.6 0.545 0x0000FF
34.83 -91.21 52.46 34.46 -90.12 52.92 0.545 0x0000FF
35.19 -92.85 51.93 34.83 -91.21 52.46 0.545 0x0000FF
35.74 -94.49 51.78 35.19 -92.85 51.93 0.545 0x0000FF
36.29 -95.77 51.78 35.74 -94.49 51.78 0.545 0x0000FF
36.47 -97.41 51.71 36.29 -95.77 51.78 0.545 0x0000FF
35.92 -100.51 51.1 36.47 -97.41 51.71 0.545 0x0000FF
35.19 -102.87 50.87 35.92 -100.51 51.1 0.545 0x0000FF
34.46 -105.24 50.57 35.19 -102.87 50.87 0.545 0x0000FF
33.92 -107.25 50.27 34.46 -105.24 50.57 0.545 0x0000FF
33.72 -108.89 49.89 33.92 -107.25 50.27 0.545 0x0000FF
33.54 -110.53 49.51 33.72 -108.89 49.89 0.545 0x0000FF
33.92 -112.53 49.28 33.54 -110.53 49.51 0.545 0x0000FF
34.63 -114.2 47.84 33.92 -112.53 49.28 0.545 0x0000FF
35.18 -114.93 47.39 34.63 -114.2 47.84 0.545 0x0000FF
35.9 -115.66 46.93 35.18 -114.93 47.39 0.545 0x0000FF
36.46 -116.2 46.63 35.9 -115.66 46.93 0.545 0x0000FF
37.19 -116.75 46.48 36.46 -116.2 46.63 0.545 0x0000FF
37.92 -117.66 46.18 37.19 -116.75 46.48 0.545 0x0000FF
38.28 -117.84 45.95 37.92 -117.66 46.18 0.545 0x0000FF
39.01 -118.21 45.8 38.28 -117.84 45.95 0.545 0x0000FF
39.56 -118.39 45.72 39.01 -118.21 45.8 0.545 0x0000FF
39.93 -118.39 45.57 39.56 -118.39 45.72 0.545 0x0000FF
40.29 -118.39 45.12 39.93 -118.39 45.57 0.545 0x0000FF
40.84 -118.39 44.89 40.29 -118.39 45.12 0.545 0x0000FF
41.39 -118.21 44.74 40.84 -118.39 44.89 0.545 0x0000FF
41.75 -118.21 44.66 41.39 -118.21 44.74 0.545 0x0000FF
42.66 -118.21 44.43 41.75 -118.21 44.66 0.545 0x0000FF
43.03 -117.84 44.43 42.66 -118.21 44.43 0.545 0x0000FF
44.12 -116.93 44.43 43.03 -117.84 44.43 0.455 0x0000FF
16.77 20.18 57.16 16.12 20.28 55.19 0.82 0x0000FF
16.95 20.18 57.54 16.77 20.18 57.16 0.82 0x0000FF
16.95 20.18 57.84 16.95 20.18 57.54 0.82 0x0000FF
17.86 19.82 49.74 16.95 20.18 57.84 0.73 0x0000FF
18.59 19.63 49.81 17.86 19.82 49.74 0.73 0x0000FF
19.87 19.45 49.81 18.59 19.63 49.81 0.73 0x0000FF
20.6 19.27 49.81 19.87 19.45 49.81 0.73 0x0000FF
20.78 18.91 49.81 20.6 19.27 49.81 0.73 0x0000FF
22.43 18.36 48.98 20.78 18.91 49.81 0.545 0x0000FF
22.61 17.98 48.07 22.43 18.36 48.98 0.545 0x0000FF
23.52 17.07 47.39 22.61 17.98 48.07 0.545 0x0000FF
23.89 17.07 46.56 23.52 17.07 47.39 0.545 0x0000FF
24.62 16.89 46.56 23.89 17.07 46.56 0.545 0x0000FF
25.89 16.89 45.95 24.62 16.89 46.56 0.545 0x0000FF
26.26 16.89 45.57 25.89 16.89 45.95 0.545 0x0000FF
26.8 16.89 45.42 26.26 16.89 45.57 0.545 0x0000FF
27.35 16.89 44.97 26.8 16.89 45.42 0.545 0x0000FF
28.08 16.72 44.43 27.35 16.89 44.97 0.545 0x0000FF
28.99 16.35 44.21 28.08 16.72 44.43 0.545 0x0000FF
29.91 15.99 43.75 28.99 16.35 44.21 0.545 0x0000FF
30.82 15.63 43.53 29.91 15.99 43.75 0.545 0x0000FF
32.46 15.26 43.07 30.82 15.63 43.53 0.545 0x0000FF
33.19 15.08 42.84 32.46 15.26 43.07 0.545 0x0000FF
33.74 14.9 42.69 33.19 15.08 42.84 0.545 0x0000FF
34.83 14.9 42.16 33.74 14.9 42.69 0.545 0x0000FF
35.56 14.71 42.01 34.83 14.9 42.16 0.545 0x0000FF
36.29 14.53 41.03 35.56 14.71 42.01 0.545 0x0000FF
37.75 14.71 40.34 36.29 14.53 41.03 0.545 0x0000FF
38.65 14.9 39.97 37.75 14.71 40.34 0.545 0x0000FF
40.11 15.63 39.06 38.65 14.9 39.97 0.455 0x0000FF
40.49 15.81 38.68 40.11 15.63 39.06 0.455 0x0000FF
-8.03 8.88 54.43 -7.26 18.03 52.54 3.195 0x0000FF
-7.86 7.06 54.51 -8.03 8.88 54.43 2.735 0x0000FF
-8.03 6.33 54.59 -7.86 7.06 54.51 2.735 0x0000FF
-8.23 2.69 54.66 -8.03 6.33 54.59 2.19 0x0000FF
-8.96 -0.59 54.66 -8.23 2.69 54.66 1.915 0x0000FF
-9.86 -3.87 54.66 -8.96 -0.59 54.66 1.915 0x0000FF
-10.6 -5.69 54.66 -9.86 -3.87 54.66 1.735 0x0000FF
-10.78 -7.15 54.66 -10.6 -5.69 54.66 1.735 0x0000FF
-12.24 -7.88 55.04 -10.78 -7.15 54.66 0.82 0x0000FF
-14.06 -8.42 55.19 -12.24 -7.88 55.04 0.73 0x0000FF
-14.98 -9.15 55.34 -14.06 -8.42 55.19 0.73 0x0000FF
-16.25 -9.52 55.57 -14.98 -9.15 55.34 0.73 0x0000FF
-16.98 -9.88 55.65 -16.25 -9.52 55.57 0.73 0x0000FF
-17.53 -10.06 56.02 -16.98 -9.88 55.65 0.73 0x0000FF
-18.26 -10.25 56.4 -17.53 -10.06 56.02 0.73 0x0000FF
-19.54 -10.25 55.42 -18.26 -10.25 56.4 0.73 0x0000FF
-20.27 -10.43 55.34 -19.54 -10.25 55.42 0.73 0x0000FF
-21.0 -10.61 54.28 -20.27 -10.43 55.34 0.73 0x0000FF
-22.46 -10.98 53.6 -21.0 -10.61 54.28 0.73 0x0000FF
-23.37 -11.34 53.45 -22.46 -10.98 53.6 0.73 0x0000FF
-25.74 -12.07 52.84 -23.37 -11.34 53.45 0.64 0x0000FF
-26.29 -12.25 52.46 -25.74 -12.07 52.84 0.64 0x0000FF
-27.02 -12.62 52.09 -26.29 -12.25 52.46 0.64 0x0000FF
-27.75 -13.53 52.01 -27.02 -12.62 52.09 0.64 0x0000FF
-28.66 -14.07 51.56 -27.75 -13.53 52.01 0.64 0x0000FF
-29.57 -14.8 51.18 -28.66 -14.07 51.56 0.64 0x0000FF
-30.49 -15.53 51.03 -29.57 -14.8 51.18 0.64 0x0000FF
-31.58 -16.44 50.42 -30.49 -15.53 51.03 0.64 0x0000FF
-32.68 -16.98 50.12 -31.58 -16.44 50.42 0.64 0x0000FF
-32.86 -16.98 49.21 -32.68 -16.98 50.12 0.64 0x0000FF
-33.22 -17.17 48.45 -32.86 -16.98 49.21 0.64 0x0000FF
-34.32 -17.17 47.84 -33.22 -17.17 48.45 0.64 0x0000FF
-34.86 -17.17 47.16 -34.32 -17.17 47.84 0.64 0x0000FF
-35.78 -17.53 46.4 -34.86 -17.17 47.16 0.64 0x0000FF
-36.86 -18.07 46.4 -35.78 -17.53 46.4 0.64 0x0000FF
-37.42 -18.26 45.8 -36.86 -18.07 46.4 0.64 0x0000FF
-38.15 -18.63 45.57 -37.42 -18.26 45.8 0.64 0x0000FF
-38.88 -18.98 44.89 -38.15 -18.63 45.57 0.64 0x0000FF
-39.97 -19.72 44.89 -38.88 -18.98 44.89 0.64 0x0000FF
-41.43 -20.09 43.98 -39.97 -19.72 44.89 0.64 0x0000FF
-43.44 -21.18 43.98 -41.43 -20.09 43.98 0.64 0x0000FF
-45.63 -23.18 43.22 -43.44 -21.18 43.98 0.64 0x0000FF
-48.55 -25.55 42.77 -45.63 -23.18 43.22 0.64 0x0000FF
-50.74 -26.46 42.09 -48.55 -25.55 42.77 0.64 0x0000FF
-51.65 -27.01 41.48 -50.74 -26.46 42.09 0.64 0x0000FF
-53.47 -27.19 39.89 -51.65 -27.01 41.48 0.455 0x0000FF
-55.85 -28.83 39.74 -53.47 -27.19 39.89 0.455 0x0000FF
-58.22 -29.74 39.06 -55.85 -28.83 39.74 0.455 0x0000FF
-58.95 -30.65 38.22 -58.22 -29.74 39.06 0.455 0x0000FF
-60.41 -31.2 37.47 -58.95 -30.65 38.22 0.455 0x0000FF
-63.87 -33.2 36.4 -60.41 -31.2 37.47 0.455 0x0000FF
-66.25 -34.84 34.74 -63.87 -33.2 36.4 0.365 0x0000FF
-66.98 -35.39 34.59 -66.25 -34.84 34.74 0.365 0x0000FF
-68.25 -35.94 33.9 -66.98 -35.39 34.59 0.365 0x0000FF
-68.8 -36.29 32.15 -68.25 -35.94 33.9 0.365 0x0000FF
-70.26 -36.85 31.48 -68.8 -36.29 32.15 0.365 0x0000FF
-71.72 -38.67 29.21 -70.26 -36.85 31.48 0.365 0x0000FF
-73.0 -39.4 27.54 -71.72 -38.67 29.21 0.365 0x0000FF
-73.54 -39.76 27.32 -73.0 -39.4 27.54 0.365 0x0000FF
-74.09 -39.95 26.86 -73.54 -39.76 27.32 0.365 0x0000FF
-75.19 -39.95 25.27 -74.09 -39.95 26.86 0.365 0x0000FF
-76.45 -40.31 24.66 -75.19 -39.95 25.27 0.365 0x0000FF
-77.38 -40.49 24.44 -76.45 -40.31 24.66 0.365 0x0000FF
-78.84 -40.86 23.76 -77.38 -40.49 24.44 0.365 0x0000FF
-80.11 -41.04 23.68 -78.84 -40.86 23.76 0.365 0x0000FF
-11.15 -8.61 54.96 -10.78 -7.15 54.66 1.735 0x0000FF
-11.15 -10.06 54.74 -11.15 -8.61 54.96 1.735 0x0000FF
-11.33 -12.07 54.36 -11.15 -10.06 54.74 1.735 0x0000FF
-11.33 -13.71 54.13 -11.33 -12.07 54.36 1.735 0x0000FF
-11.15 -14.26 54.13 -11.33 -13.71 54.13 1.735 0x0000FF
-11.33 -20.27 55.12 -11.15 -14.26 54.13 1.735 0x0000FF
-10.42 -25.55 55.19 -11.33 -20.27 55.12 1.735 0x0000FF
-9.86 -29.2 55.34 -10.42 -25.55 55.19 1.735 0x0000FF
-8.96 -33.75 55.49 -9.86 -29.2 55.34 1.735 0x0000FF
-8.23 -38.49 55.57 -8.96 -33.75 55.49 1.735 0x0000FF
-4.94 -50.15 55.72 -8.23 -38.49 55.57 1.735 0x0000FF
-3.85 -55.43 55.8 -4.94 -50.15 55.72 1.55 0x0000FF
-4.03 -59.08 55.8 -3.85 -55.43 55.8 1.37 0x0000FF
-3.3 -64.72 55.8 -4.03 -59.08 55.8 1.37 0x0000FF
-2.94 -68.55 55.8 -3.3 -64.72 55.8 1.37 0x0000FF
-2.75 -70.55 55.8 -2.94 -68.55 55.8 1.37 0x0000FF
-2.17 -73.59 55.72 -2.75 -70.55 55.8 1.275 0x0000FF
-2.35 -74.68 56.1 -2.17 -73.59 55.72 1.275 0x0000FF
-2.17 -75.77 56.55 -2.35 -74.68 56.1 1.275 0x0000FF
-1.8 -76.68 56.71 -2.17 -75.77 56.55 1.275 0x0000FF
-1.8 -77.59 56.86 -1.8 -76.68 56.71 1.275 0x0000FF
-1.62 -78.14 57.09 -1.8 -77.59 56.86 1.275 0x0000FF
-1.62 -78.5 57.09 -1.62 -78.14 57.09 1.275 0x0000FF
-1.62 -79.23 57.16 -1.62 -78.5 57.09 1.275 0x0000FF
-1.62 -80.69 57.39 -1.62 -79.23 57.16 1.275 0x0000FF
-1.44 -81.23 57.54 -1.62 -80.69 57.39 1.275 0x0000FF
-1.44 -82.15 57.92 -1.44 -81.23 57.54 1.275 0x0000FF
-1.44 -82.88 58.37 -1.44 -82.15 57.92 1.275 0x0000FF
-1.62 -83.42 58.83 -1.44 -82.88 58.37 1.275 0x0000FF
-1.62 -84.88 59.28 -1.62 -83.42 58.83 1.275 0x0000FF
-1.98 -86.89 59.28 -1.62 -84.88 59.28 1.275 0x0000FF
-1.62 -96.0 59.51 -1.98 -86.89 59.28 1.275 0x0000FF
-1.07 -104.92 59.96 -1.62 -96.0 59.51 1.275 0x0000FF
-1.44 -108.02 60.72 -1.07 -104.92 59.96 1.275 0x0000FF
-2.71 -116.58 61.02 -1.44 -108.02 60.72 1.275 0x0000FF
-3.81 -127.15 62.39 -2.71 -116.58 61.02 1.275 0x0000FF
-4.34 -136.81 62.61 -3.81 -127.15 62.39 1.275 0x0000FF
-4.17 -152.47 63.98 -4.34 -136.81 62.61 1.275 0x0000FF
-4.54 -159.58 64.13 -4.17 -152.47 63.98 1.275 0x0000FF
-2.87 -170.41 64.89 -4.54 -159.58 64.13 1.185 0x0000FF
-2.31 -175.15 65.48 -2.87 -170.41 64.89 1.185 0x0000FF
0.05 -191.0 66.4 -2.31 -175.15 65.48 1.095 0x0000FF
2.6 -203.02 66.93 0.05 -191.0 66.4 0.91 0x0000FF
4.05 -211.77 67.16 2.6 -203.02 66.93 0.91 0x0000FF
4.97 -221.79 67.31 4.05 -211.77 67.16 0.82 0x0000FF
5.52 -229.99 67.39 4.97 -221.79 67.31 0.82 0x0000FF
6.25 -238.92 67.39 5.52 -229.99 67.39 0.73 0x0000FF
6.98 -245.84 67.45 6.25 -238.92 67.39 0.73 0x0000FF
7.16 -248.57 67.54 6.98 -245.84 67.45 0.73 0x0000FF
8.69 -270.16 67.84 7.16 -248.57 67.54 0.73 0x0000FF
7.78 -282.37 68.06 8.69 -270.16 67.84 0.73 0x0000FF
7.96 -292.2 68.06 7.78 -282.37 68.06 0.73 0x0000FF
5.77 -303.5 68.06 7.96 -292.2 68.06 0.73 0x0000FF
3.22 -310.61 68.59 5.77 -303.5 68.06 0.73 0x0000FF
2.67 -312.79 68.06 3.22 -310.61 68.59 0.73 0x0000FF
2.31 -313.7 67.69 2.67 -312.79 68.06 0.73 0x0000FF
1.76 -314.8 67.54 2.31 -313.7 67.69 0.73 0x0000FF
1.4 -315.7 67.39 1.76 -314.8 67.54 0.73 0x0000FF
0.12 -318.81 67.01 1.4 -315.7 67.39 0.73 0x0000FF
-0.43 -320.81 66.55 0.12 -318.81 67.01 0.73 0x0000FF
-0.79 -322.63 66.48 -0.43 -320.81 66.55 0.73 0x0000FF
-1.34 -324.27 66.18 -0.79 -322.63 66.48 0.73 0x0000FF
-1.52 -326.45 65.64 -1.34 -324.27 66.18 0.73 0x0000FF
-1.15 -331.2 65.19 -1.52 -326.45 65.64 0.73 0x0000FF
-0.61 -333.75 65.11 -1.15 -331.2 65.19 0.73 0x0000FF
0.12 -336.66 64.81 -0.61 -333.75 65.11 0.73 0x0000FF
0.48 -337.57 64.58 0.12 -336.66 64.81 0.73 0x0000FF
4.34 -357.52 64.13 0.48 -337.57 64.58 0.73 0x0000FF
5.8 -361.35 63.83 4.34 -357.52 64.13 0.73 0x0000FF
8.52 -364.44 63.52 5.8 -361.35 63.83 0.73 0x0000FF
10.9 -367.54 63.3 8.52 -364.44 63.52 0.73 0x0000FF
11.09 -372.46 63.07 10.9 -367.54 63.3 0.73 0x0000FF
12.73 -377.2 62.92 11.09 -372.46 63.07 0.73 0x0000FF
14.05 -378.24 63.3 12.73 -377.2 62.92 0.73 0x0000FF
15.15 -380.61 63.3 14.05 -378.24 63.3 0.73 0x0000FF
16.23 -382.61 63.22 15.15 -380.61 63.3 0.73 0x0000FF
18.8 -386.08 63.22 16.23 -382.61 63.22 0.73 0x0000FF
19.89 -389.54 63.22 18.8 -386.08 63.22 0.73 0x0000FF
20.26 -392.09 63.15 19.89 -389.54 63.22 0.73 0x0000FF
20.99 -395.19 62.99 20.26 -392.09 63.15 0.73 0x0000FF
22.45 -409.4 62.61 20.99 -395.19 62.99 0.73 0x0000FF
22.81 -413.59 62.46 22.45 -409.4 62.61 0.73 0x0000FF
23.17 -420.33 62.01 22.81 -413.59 62.46 0.64 0x0000FF
23.72 -421.42 61.86 23.17 -420.33 62.01 0.64 0x0000FF
24.27 -423.43 61.71 23.72 -421.42 61.86 0.64 0x0000FF
24.63 -424.52 61.4 24.27 -423.43 61.71 0.64 0x0000FF
25.0 -425.79 61.33 24.63 -424.52 61.4 0.64 0x0000FF
25.73 -427.8 61.02 25.0 -425.79 61.33 0.64 0x0000FF
26.46 -432.72 61.02 25.73 -427.8 61.02 0.64 0x0000FF
27.37 -437.27 60.57 26.46 -432.72 61.02 0.64 0x0000FF
28.28 -438.73 60.42 27.37 -437.27 60.57 0.64 0x0000FF
28.65 -439.28 60.19 28.28 -438.73 60.42 0.64 0x0000FF
30.84 -444.2 59.96 28.65 -439.28 60.19 0.64 0x0000FF
32.65 -448.75 59.74 30.84 -444.2 59.96 0.64 0x0000FF
33.94 -451.48 59.74 32.65 -448.75 59.74 0.545 0x0000FF
34.29 -454.95 59.66 33.94 -451.48 59.74 0.545 0x0000FF
34.11 -460.96 59.58 34.29 -454.95 59.66 0.545 0x0000FF
32.29 -467.52 59.28 34.11 -460.96 59.58 0.545 0x0000FF
26.64 -474.08 59.05 32.29 -467.52 59.28 0.545 0x0000FF
24.27 -476.81 58.98 26.64 -474.08 59.05 0.545 0x0000FF
19.34 -479.54 58.9 24.27 -476.81 58.98 0.545 0x0000FF
15.88 -481.55 58.9 19.34 -479.54 58.9 0.455 0x0000FF
13.5 -482.82 58.75 15.88 -481.55 58.9 0.455 0x0000FF
9.86 -485.19 58.75 13.5 -482.82 58.75 0.455 0x0000FF
7.12 -487.2 58.68 9.86 -485.19 58.75 0.365 0x0000FF
6.02 -488.65 58.68 7.12 -487.2 58.68 0.365 0x0000FF
4.55 -491.02 58.68 6.02 -488.65 58.68 0.365 0x0000FF
