-16.07 -36.92 2.0 -24.42 -38.04 2.02 1.095 0x0000FF
-15.15 -36.74 2.0 -16.07 -36.92 2.0 1.095 0x0000FF
-14.79 -36.56 1.79 -15.15 -36.74 2.0 1.095 0x0000FF
-14.24 -36.2 1.64 -14.79 -36.56 1.79 1.095 0x0000FF
-13.88 -36.2 1.03 -14.24 -36.2 1.64 1.095 0x0000FF
-12.96 -35.83 0.57 -13.88 -36.2 1.03 1.095 0x0000FF
-11.32 -35.83 0.42 -12.96 -35.83 0.57 1.095 0x0000FF
-10.23 -35.47 0.35 -11.32 -35.83 0.42 1.095 0x0000FF
-7.49 -35.1 -0.33 -10.23 -35.47 0.35 1.005 0x0000FF
-6.76 -34.74 -0.41 -7.49 -35.1 -0.33 1.005 0x0000FF
-5.12 -34.01 -0.56 -6.76 -34.74 -0.41 1.005 0x0000FF
-2.75 -33.28 -1.02 -5.12 -34.01 -0.56 0.91 0x0000FF
-1.11 -32.92 -1.24 -2.75 -33.28 -1.02 0.91 0x0000FF
0.54 -32.54 -1.47 -1.11 -32.92 -1.24 0.91 0x0000FF
4.19 -32.36 -1.7 0.54 -32.54 -1.47 0.82 0x0000FF
6.19 -32.19 -1.92 4.19 -32.36 -1.7 0.82 0x0000FF
7.65 -32.19 -2.08 6.19 -32.19 -1.92 0.82 0x0000FF
10.94 -31.46 -2.29 7.65 -32.19 -2.08 0.82 0x0000FF
12.21 -31.46 -2.08 10.94 -31.46 -2.29 0.82 0x0000FF
14.04 -31.46 -2.0 12.21 -31.46 -2.08 0.82 0x0000FF
14.95 -31.46 -1.77 14.04 -31.46 -2.0 0.82 0x0000FF
16.41 -31.46 -1.62 14.95 -31.46 -1.77 0.82 0x0000FF
17.51 -31.64 -1.62 16.41 -31.46 -1.62 0.82 0x0000FF
20.05 -31.28 -0.64 17.51 -31.64 -1.62 0.64 0x0000FF
20.42 -31.09 -1.39 20.05 -31.28 -0.64 0.64 0x0000FF
21.15 -30.73 -2.0 20.42 -31.09 -1.39 0.64 0x0000FF
21.52 -30.73 -2.76 21.15 -30.73 -2.0 0.64 0x0000FF
21.88 -30.55 -2.83 21.52 -30.73 -2.76 0.64 0x0000FF
22.8 -30.36 -3.14 21.88 -30.55 -2.83 0.64 0x0000FF
23.16 -30.36 -3.51 22.8 -30.36 -3.14 0.64 0x0000FF
23.34 -30.36 -4.5 23.16 -30.36 -3.51 0.64 0x0000FF
23.71 -30.18 -4.8 23.34 -30.36 -4.5 0.64 0x0000FF
24.8 -29.64 -4.88 23.71 -30.18 -4.8 0.64 0x0000FF
27.18 -28.36 -4.88 24.8 -29.64 -4.88 0.455 0x0000FF
27.72 -28.18 -4.88 27.18 -28.36 -4.88 0.455 0x0000FF
28.13 -27.69 -5.03 27.72 -28.18 -4.88 0.64 0x0000FF
28.86 -26.78 -5.03 28.13 -27.69 -5.03 0.64 0x0000FF
29.23 -26.41 -5.11 28.86 -26.78 -5.03 0.64 0x0000FF
30.14 -25.87 -5.11 29.23 -26.41 -5.11 0.64 0x0000FF
31.23 -25.32 -5.11 30.14 -25.87 -5.11 0.545 0x0000FF
32.15 -24.96 -5.11 31.23 -25.32 -5.11 0.545 0x0000FF
33.42 -24.77 -5.26 32.15 -24.96 -5.11 0.455 0x0000FF
34.7 -24.96 -5.56 33.42 -24.77 -5.26 0.455 0x0000FF
35.43 -25.32 -5.56 34.7 -24.96 -5.56 0.455 0x0000FF
37.44 -25.87 -5.56 35.43 -25.32 -5.56 0.275 0x0000FF
38.35 -26.05 -5.56 37.44 -25.87 -5.56 0.275 0x0000FF
39.08 -26.05 -5.56 38.35 -26.05 -5.56 0.275 0x0000FF
40.36 -26.23 -5.56 39.08 -26.05 -5.56 0.275 0x0000FF
41.45 -26.23 -5.56 40.36 -26.23 -5.56 0.275 0x0000FF
19.14 -32.92 -1.62 17.51 -31.64 -1.62 0.64 0x0000FF
20.23 -32.72 -1.7 19.14 -32.92 -1.62 0.64 0x0000FF
21.88 -32.92 -1.85 20.23 -32.72 -1.7 0.64 0x0000FF
22.98 -33.1 -1.92 21.88 -32.92 -1.85 0.64 0x0000FF
24.07 -33.46 -1.92 22.98 -33.1 -1.92 0.64 0x0000FF
24.8 -33.64 -1.92 24.07 -33.46 -1.92 0.64 0x0000FF
26.26 -34.19 -1.92 24.8 -33.64 -1.92 0.64 0x0000FF
27.36 -34.36 -1.62 26.26 -34.19 -1.92 0.64 0x0000FF
30.09 -34.92 -1.02 27.36 -34.36 -1.62 0.64 0x0000FF
31.74 -35.28 -0.86 30.09 -34.92 -1.02 0.64 0x0000FF
33.38 -35.83 -0.56 31.74 -35.28 -0.86 0.64 0x0000FF
36.29 -36.56 -0.11 33.38 -35.83 -0.56 0.64 0x0000FF
38.29 -37.65 0.05 36.29 -36.56 -0.11 0.64 0x0000FF
39.22 -38.02 0.27 38.29 -37.65 0.05 0.64 0x0000FF
40.49 -38.93 0.73 39.22 -38.02 0.27 0.64 0x0000FF
42.32 -39.29 0.73 40.49 -38.93 0.73 0.64 0x0000FF
43.6 -39.65 0.35 42.32 -39.29 0.73 0.64 0x0000FF
44.14 -40.02 0.05 43.6 -39.65 0.35 0.64 0x0000FF
44.87 -40.02 -0.26 44.14 -40.02 0.05 0.64 0x0000FF
45.6 -40.02 -0.64 44.87 -40.02 -0.26 0.64 0x0000FF
45.97 -40.2 -0.86 45.6 -40.02 -0.64 0.64 0x0000FF
46.52 -40.57 -1.24 45.97 -40.2 -0.86 0.64 0x0000FF
46.88 -40.57 -1.47 46.52 -40.57 -1.24 0.64 0x0000FF
47.24 -40.75 -1.7 46.88 -40.57 -1.47 0.64 0x0000FF
48.89 -41.48 -1.85 47.24 -40.75 -1.7 0.64 0x0000FF
49.8 -41.84 -2.0 48.89 -41.48 -1.85 0.64 0x0000FF
50.35 -41.84 -2.15 49.8 -41.84 -2.0 0.64 0x0000FF
52.17 -42.03 -2.38 50.35 -41.84 -2.15 0.64 0x0000FF
52.54 -42.03 -2.38 52.17 -42.03 -2.38 0.64 0x0000FF
52.9 -42.03 -2.83 52.54 -42.03 -2.38 0.64 0x0000FF
53.27 -42.21 -2.98 52.9 -42.03 -2.83 0.64 0x0000FF
56.91 -42.57 -2.98 53.27 -42.21 -2.98 0.64 0x0000FF
58.37 -42.57 -2.98 56.91 -42.57 -2.98 0.64 0x0000FF
60.2 -43.12 -3.14 58.37 -42.57 -2.98 0.64 0x0000FF
61.66 -43.48 -3.14 60.2 -43.12 -3.14 0.64 0x0000FF
62.02 -43.67 -3.14 61.66 -43.48 -3.14 0.64 0x0000FF
62.94 -44.03 -3.36 62.02 -43.67 -3.14 0.64 0x0000FF
63.85 -44.39 -3.44 62.94 -44.03 -3.36 0.64 0x0000FF
64.2 -44.76 -3.59 63.85 -44.39 -3.44 0.64 0x0000FF
64.76 -45.12 -3.74 64.2 -44.76 -3.59 0.64 0x0000FF
65.13 -45.49 -3.82 64.76 -45.12 -3.74 0.64 0x0000FF
66.22 -45.85 -4.05 65.13 -45.49 -3.82 0.64 0x0000FF
67.5 -46.03 -4.26 66.22 -45.85 -4.05 0.64 0x0000FF
68.04 -46.4 -4.42 67.5 -46.03 -4.26 0.64 0x0000FF
68.77 -46.58 -4.58 68.04 -46.4 -4.42 0.64 0x0000FF
69.31 -46.76 -4.8 68.77 -46.58 -4.58 0.64 0x0000FF
70.05 -46.94 -5.11 69.31 -46.76 -4.8 0.64 0x0000FF
71.15 -47.31 -5.26 70.05 -46.94 -5.11 0.64 0x0000FF
71.69 -47.49 -5.41 71.15 -47.31 -5.26 0.64 0x0000FF
72.61 -48.4 -5.79 71.69 -47.49 -5.41 0.64 0x0000FF
73.15 -48.77 -5.79 72.61 -48.4 -5.79 0.64 0x0000FF
73.88 -49.31 -5.86 73.15 -48.77 -5.79 0.64 0x0000FF
74.8 -49.68 -6.01 73.88 -49.31 -5.86 0.64 0x0000FF
75.89 -50.04 -6.17 74.8 -49.68 -6.01 0.64 0x0000FF
76.98 -50.41 -6.17 75.89 -50.04 -6.17 0.64 0x0000FF
77.9 -50.77 -6.39 76.98 -50.41 -6.17 0.64 0x0000FF
78.98 -50.95 -6.7 77.9 -50.77 -6.39 0.64 0x0000FF
80.63 -51.5 -7.0 78.98 -50.95 -6.7 0.64 0x0000FF
81.55 -51.5 -7.08 80.63 -51.5 -7.0 0.64 0x0000FF
83.55 -52.23 -7.38 81.55 -51.5 -7.08 0.64 0x0000FF
84.28 -52.41 -7.38 83.55 -52.23 -7.38 0.64 0x0000FF
85.38 -52.41 -7.45 84.28 -52.41 -7.38 0.64 0x0000FF
86.84 -52.59 -7.68 85.38 -52.41 -7.45 0.64 0x0000FF
88.84 -52.41 -7.83 86.84 -52.59 -7.68 0.64 0x0000FF
90.3 -52.41 -7.91 88.84 -52.41 -7.83 0.64 0x0000FF
90.85 -52.41 -7.98 90.3 -52.41 -7.91 0.64 0x0000FF
91.03 -52.59 -8.59 90.85 -52.41 -7.98 0.64 0x0000FF
91.76 -52.59 -9.03 91.03 -52.59 -8.59 0.64 0x0000FF
92.49 -52.78 -9.27 91.76 -52.59 -9.03 0.64 0x0000FF
93.59 -53.14 -9.73 92.49 -52.78 -9.27 0.64 0x0000FF
95.05 -53.32 -10.33 93.59 -53.14 -9.73 0.64 0x0000FF
95.59 -53.32 -10.56 95.05 -53.32 -10.33 0.64 0x0000FF
96.69 -53.5 -10.71 95.59 -53.32 -10.56 0.64 0x0000FF
98.33 -53.87 -10.94 96.69 -53.5 -10.71 0.64 0x0000FF
99.43 -54.23 -11.09 98.33 -53.87 -10.94 0.64 0x0000FF
101.8 -55.14 -11.32 99.43 -54.23 -11.09 0.64 0x0000FF
103.08 -55.51 -11.47 101.8 -55.14 -11.32 0.64 0x0000FF
104.54 -56.24 -11.54 103.08 -55.51 -11.47 0.64 0x0000FF
104.9 -56.6 -11.62 104.54 -56.24 -11.54 0.64 0x0000FF
105.81 -57.15 -11.77 104.9 -56.6 -11.62 0.64 0x0000FF
107.69 -59.01 -12.0 105.81 -57.15 -11.77 0.64 0x0000FF
108.24 -59.19 -12.07 107.69 -59.01 -12.0 0.64 0x0000FF
109.33 -59.74 -12.53 108.24 -59.19 -12.07 0.64 0x0000FF
110.43 -60.46 -12.6 109.33 -59.74 -12.53 0.64 0x0000FF
111.16 -60.83 -12.68 110.43 -60.46 -12.6 0.64 0x0000FF
114.26 -62.83 -12.83 111.16 -60.83 -12.68 0.64 0x0000FF
114.99 -63.38 -12.83 114.26 -62.83 -12.83 0.64 0x0000FF
116.27 -64.29 -13.06 114.99 -63.38 -12.83 0.64 0x0000FF
117.18 -65.02 -13.21 116.27 -64.29 -13.06 0.64 0x0000FF
118.27 -65.93 -13.36 117.18 -65.02 -13.21 0.64 0x0000FF
119.37 -66.66 -13.44 118.27 -65.93 -13.36 0.64 0x0000FF
119.91 -67.2 -13.44 119.37 -66.66 -13.44 0.64 0x0000FF
120.28 -67.56 -13.82 119.91 -67.2 -13.44 0.64 0x0000FF
120.64 -68.12 -14.04 120.28 -67.56 -13.82 0.64 0x0000FF
120.83 -68.66 -14.65 120.64 -68.12 -14.04 0.64 0x0000FF
121.19 -69.2 -14.95 120.83 -68.66 -14.65 0.64 0x0000FF
121.74 -70.12 -15.26 121.19 -69.2 -14.95 0.64 0x0000FF
122.1 -71.2 -15.48 121.74 -70.12 -15.26 0.64 0x0000FF
122.29 -71.94 -15.63 122.1 -71.2 -15.48 0.64 0x0000FF
122.47 -72.84 -16.01 122.29 -71.94 -15.63 0.64 0x0000FF
123.02 -73.95 -16.32 122.47 -72.84 -16.01 0.64 0x0000FF
124.29 -75.04 -16.7 123.02 -73.95 -16.32 0.64 0x0000FF
124.84 -75.59 -16.92 124.29 -75.04 -16.7 0.64 0x0000FF
124.84 -75.59 -17.6 124.84 -75.59 -16.92 0.64 0x0000FF
125.39 -75.59 -18.66 124.84 -75.59 -17.6 0.64 0x0000FF
126.3 -75.95 -19.12 125.39 -75.59 -18.66 0.64 0x0000FF
128.49 -76.86 -19.88 126.3 -75.95 -19.12 0.545 0x0000FF
130.68 -77.95 -20.41 128.49 -76.86 -19.88 0.365 0x0000FF
131.96 -78.31 -20.63 130.68 -77.95 -20.41 0.365 0x0000FF
133.05 -79.05 -21.16 131.96 -78.31 -20.63 0.365 0x0000FF
135.06 -79.59 -21.16 133.05 -79.05 -21.16 0.365 0x0000FF
136.33 -81.59 -21.69 135.06 -79.59 -21.16 0.275 0x0000FF
136.69 -81.96 -21.92 136.33 -81.59 -21.69 0.275 0x0000FF
-17.66 -44.07 1.03 -24.42 -38.04 2.02 0.91 0x0000FF
-17.29 -43.34 1.03 -17.66 -44.07 1.03 0.91 0x0000FF
-16.93 -43.34 0.88 -17.29 -43.34 1.03 0.91 0x0000FF
-16.93 -43.34 0.2 -16.93 -43.34 0.88 0.91 0x0000FF
-16.73 -43.16 -0.11 -16.93 -43.34 0.2 0.91 0x0000FF
-16.2 -43.16 -1.7 -16.73 -43.16 -0.11 0.91 0x0000FF
-15.28 -43.16 -2.0 -16.2 -43.16 -1.7 0.91 0x0000FF
-14.55 -43.16 -2.23 -15.28 -43.16 -2.0 0.91 0x0000FF
-13.82 -42.97 -2.38 -14.55 -43.16 -2.23 0.91 0x0000FF
-13.09 -42.97 -2.91 -13.82 -42.97 -2.38 0.91 0x0000FF
-12.0 -43.34 -3.14 -13.09 -42.97 -2.91 0.91 0x0000FF
-10.72 -43.88 -3.36 -12.0 -43.34 -3.14 0.91 0x0000FF
-9.99 -44.07 -3.74 -10.72 -43.88 -3.36 0.91 0x0000FF
-9.08 -44.43 -4.2 -9.99 -44.07 -3.74 0.91 0x0000FF
-7.99 -44.8 -4.34 -9.08 -44.43 -4.2 0.91 0x0000FF
-6.34 -45.16 -5.03 -7.99 -44.8 -4.34 0.91 0x0000FF
-5.8 -45.34 -5.03 -6.34 -45.16 -5.03 0.91 0x0000FF
-5.07 -45.34 -5.33 -5.8 -45.34 -5.03 0.91 0x0000FF
-3.79 -44.98 -5.79 -5.07 -45.34 -5.33 0.82 0x0000FF
-3.42 -44.98 -5.94 -3.79 -44.98 -5.79 0.82 0x0000FF
-1.78 -44.61 -6.47 -3.42 -44.98 -5.94 0.82 0x0000FF
1.87 -43.34 -10.11 -1.78 -44.61 -6.47 0.455 0x0000FF
2.6 -42.79 -9.88 1.87 -43.34 -10.11 0.455 0x0000FF
3.69 -42.43 -9.73 2.6 -42.79 -9.88 0.455 0x0000FF
4.59 -41.7 -9.65 3.69 -42.43 -9.73 0.455 0x0000FF
5.7 -40.79 -9.65 4.59 -41.7 -9.65 0.455 0x0000FF
6.79 -39.33 -9.5 5.7 -40.79 -9.65 0.455 0x0000FF
7.71 -38.24 -9.42 6.79 -39.33 -9.5 0.455 0x0000FF
8.25 -37.51 -9.19 7.71 -38.24 -9.42 0.455 0x0000FF
10.08 -36.4 -8.89 8.25 -37.51 -9.19 0.455 0x0000FF
12.63 -35.5 -8.82 10.08 -36.4 -8.89 0.455 0x0000FF
14.46 -35.14 -8.44 12.63 -35.5 -8.82 0.455 0x0000FF
15.92 -35.14 -8.36 14.46 -35.14 -8.44 0.455 0x0000FF
16.28 -35.14 -8.82 15.92 -35.14 -8.36 0.455 0x0000FF
16.82 -35.14 -9.11 16.28 -35.14 -8.82 0.455 0x0000FF
17.38 -35.14 -9.19 16.82 -35.14 -9.11 0.455 0x0000FF
17.92 -35.32 -9.65 17.38 -35.14 -9.19 0.455 0x0000FF
18.29 -35.32 -10.33 17.92 -35.32 -9.65 0.455 0x0000FF
18.84 -35.32 -10.33 18.29 -35.32 -10.33 0.455 0x0000FF
20.29 -35.14 -11.17 18.84 -35.32 -10.33 0.455 0x0000FF
21.21 -34.77 -11.62 20.29 -35.14 -11.17 0.455 0x0000FF
22.67 -34.77 -12.38 21.21 -34.77 -11.62 0.455 0x0000FF
24.13 -34.77 -12.76 22.67 -34.77 -12.38 0.455 0x0000FF
24.67 -34.59 -12.91 24.13 -34.77 -12.76 0.455 0x0000FF
25.04 -34.59 -13.36 24.67 -34.59 -12.91 0.455 0x0000FF
25.95 -34.04 -13.59 25.04 -34.59 -13.36 0.455 0x0000FF
26.5 -33.68 -13.97 25.95 -34.04 -13.59 0.455 0x0000FF
26.86 -33.32 -14.5 26.5 -33.68 -13.97 0.455 0x0000FF
27.78 -33.13 -14.8 26.86 -33.32 -14.5 0.455 0x0000FF
29.78 -32.4 -15.1 27.78 -33.13 -14.8 0.455 0x0000FF
31.06 -32.04 -15.56 29.78 -32.4 -15.1 0.455 0x0000FF
33.07 -31.31 -15.79 31.06 -32.04 -15.56 0.455 0x0000FF
36.53 -30.22 -16.09 33.07 -31.31 -15.79 0.455 0x0000FF
38.36 -30.04 -16.7 36.53 -30.22 -16.09 0.455 0x0000FF
40.72 -30.04 -16.92 38.36 -30.04 -16.7 0.455 0x0000FF
42.74 -29.86 -16.92 40.72 -30.04 -16.92 0.455 0x0000FF
44.74 -29.49 -17.38 42.74 -29.86 -16.92 0.455 0x0000FF
45.47 -29.49 -16.85 44.74 -29.49 -17.38 0.455 0x0000FF
46.93 -29.49 -16.17 45.47 -29.49 -16.85 0.455 0x0000FF
52.22 -28.22 -15.03 46.93 -29.49 -16.17 0.365 0x0000FF
53.68 -28.58 -14.95 52.22 -28.22 -15.03 0.365 0x0000FF
56.24 -29.67 -14.73 53.68 -28.58 -14.95 0.365 0x0000FF
57.88 -29.86 -14.73 56.24 -29.67 -14.73 0.365 0x0000FF
60.07 -29.31 -14.65 57.88 -29.86 -14.73 0.365 0x0000FF
61.16 -28.94 -14.27 60.07 -29.31 -14.65 0.365 0x0000FF
62.44 -28.22 -13.82 61.16 -28.94 -14.27 0.365 0x0000FF
62.62 -27.85 -15.1 62.44 -28.22 -13.82 0.365 0x0000FF
63.17 -27.67 -15.56 62.62 -27.85 -15.1 0.365 0x0000FF
65.0 -26.58 -16.09 63.17 -27.67 -15.56 0.365 0x0000FF
65.54 -26.39 -16.47 65.0 -26.58 -16.09 0.365 0x0000FF
66.27 -26.03 -17.23 65.54 -26.39 -16.47 0.365 0x0000FF
67.0 -25.85 -17.6 66.27 -26.03 -17.23 0.365 0x0000FF
69.19 -26.03 -17.98 67.0 -25.85 -17.6 0.365 0x0000FF
73.02 -26.03 -18.13 69.19 -26.03 -17.98 0.365 0x0000FF
75.4 -26.76 -18.21 73.02 -26.03 -18.13 0.365 0x0000FF
78.31 -27.67 -18.73 75.4 -26.76 -18.21 0.365 0x0000FF
79.95 -28.4 -18.97 78.31 -27.67 -18.73 0.365 0x0000FF
-3.42 -47.53 -3.82 -5.07 -45.34 -5.33 0.545 0x0000FF
-3.42 -48.26 -3.82 -3.42 -47.53 -3.82 0.545 0x0000FF
-2.69 -48.99 -4.05 -3.42 -48.26 -3.82 0.545 0x0000FF
-1.96 -49.9 -4.05 -2.69 -48.99 -4.05 0.545 0x0000FF
-1.23 -50.81 -4.05 -1.96 -49.9 -4.05 0.545 0x0000FF
-0.32 -51.54 -3.74 -1.23 -50.81 -4.05 0.545 0x0000FF
0.95 -52.45 -3.44 -0.32 -51.54 -3.74 0.545 0x0000FF
2.41 -53.54 -3.36 0.95 -52.45 -3.44 0.545 0x0000FF
3.87 -54.45 -3.21 2.41 -53.54 -3.36 0.545 0x0000FF
5.7 -54.63 -2.76 3.87 -54.45 -3.21 0.545 0x0000FF
9.17 -55.36 -2.23 5.7 -54.63 -2.76 0.545 0x0000FF
11.54 -55.36 -2.08 9.17 -55.36 -2.23 0.545 0x0000FF
13.54 -55.73 -1.92 11.54 -55.36 -2.08 0.545 0x0000FF
14.82 -56.27 -1.85 13.54 -55.73 -1.92 0.545 0x0000FF
15.37 -56.82 -1.7 14.82 -56.27 -1.85 0.545 0x0000FF
16.46 -57.55 -1.39 15.37 -56.82 -1.7 0.545 0x0000FF
17.55 -58.28 -1.24 16.46 -57.55 -1.39 0.545 0x0000FF
17.92 -58.64 -1.09 17.55 -58.28 -1.24 0.545 0x0000FF
18.64 -59.37 -0.79 17.92 -58.64 -1.09 0.545 0x0000FF
19.75 -60.1 -0.71 18.64 -59.37 -0.79 0.545 0x0000FF
21.56 -60.3 1.03 19.75 -60.1 -0.71 0.545 0x0000FF
21.93 -60.49 1.03 21.56 -60.3 1.03 0.545 0x0000FF
22.48 -60.67 1.03 21.93 -60.49 1.03 0.545 0x0000FF
23.39 -60.85 1.03 22.48 -60.67 1.03 0.545 0x0000FF
24.3 -61.03 1.03 23.39 -60.85 1.03 0.545 0x0000FF
25.94 -61.58 1.03 24.3 -61.03 1.03 0.545 0x0000FF
26.49 -61.94 1.64 25.94 -61.58 1.03 0.545 0x0000FF
27.22 -62.49 1.71 26.49 -61.94 1.64 0.545 0x0000FF
27.95 -63.04 2.09 27.22 -62.49 1.71 0.545 0x0000FF
28.5 -63.22 2.09 27.95 -63.04 2.09 0.545 0x0000FF
29.41 -63.77 2.39 28.5 -63.22 2.09 0.545 0x0000FF
30.32 -64.48 2.62 29.41 -63.77 2.39 0.545 0x0000FF
30.87 -65.41 3.08 30.32 -64.48 2.62 0.545 0x0000FF
31.78 -66.68 3.3 30.87 -65.41 3.08 0.545 0x0000FF
32.15 -67.23 3.61 31.78 -66.68 3.3 0.545 0x0000FF
32.33 -67.77 3.68 32.15 -67.23 3.61 0.545 0x0000FF
32.69 -68.5 3.98 32.33 -67.77 3.68 0.545 0x0000FF
33.06 -69.59 4.21 32.69 -68.5 3.98 0.545 0x0000FF
33.42 -70.14 4.44 33.06 -69.59 4.21 0.545 0x0000FF
33.97 -70.87 4.67 33.42 -70.14 4.44 0.545 0x0000FF
34.33 -71.59 4.82 33.97 -70.87 4.67 0.545 0x0000FF
34.88 -71.95 4.97 34.33 -71.59 4.82 0.545 0x0000FF
35.61 -73.23 4.97 34.88 -71.95 4.97 0.545 0x0000FF
36.89 -74.15 5.5 35.61 -73.23 4.97 0.455 0x0000FF
37.07 -74.7 5.65 36.89 -74.15 5.5 0.455 0x0000FF
37.25 -75.06 5.88 37.07 -74.7 5.65 0.455 0x0000FF
37.44 -75.79 6.03 37.25 -75.06 5.88 0.455 0x0000FF
37.79 -76.52 6.64 37.44 -75.79 6.03 0.455 0x0000FF
38.17 -77.61 7.01 37.79 -76.52 6.64 0.455 0x0000FF
38.9 -78.34 7.09 38.17 -77.61 7.01 0.455 0x0000FF
39.81 -79.43 7.17 38.9 -78.34 7.09 0.455 0x0000FF
40.9 -80.53 7.32 39.81 -79.43 7.17 0.455 0x0000FF
42.0 -81.62 7.7 40.9 -80.53 7.32 0.455 0x0000FF
42.36 -82.17 7.77 42.0 -81.62 7.7 0.455 0x0000FF
42.73 -83.08 7.85 42.36 -82.17 7.77 0.455 0x0000FF
43.46 -83.81 8.07 42.73 -83.08 7.85 0.455 0x0000FF
44.37 -85.08 8.07 43.46 -83.81 8.07 0.455 0x0000FF
45.28 -86.18 8.61 44.37 -85.08 8.07 0.455 0x0000FF
46.38 -86.9 8.83 45.28 -86.18 8.61 0.455 0x0000FF
47.29 -87.63 8.98 46.38 -86.9 8.83 0.455 0x0000FF
49.66 -89.46 9.14 47.29 -87.63 8.98 0.275 0x0000FF
51.67 -90.73 9.14 49.66 -89.46 9.14 0.275 0x0000FF
-17.66 -46.07 2.0 -24.42 -38.04 2.02 1.005 0x0000FF
-17.47 -46.62 1.86 -17.66 -46.07 2.0 1.005 0x0000FF
-17.11 -47.16 1.48 -17.47 -46.62 1.86 1.005 0x0000FF
-16.38 -48.62 1.48 -17.11 -47.16 1.48 1.005 0x0000FF
-15.65 -49.53 1.11 -16.38 -48.62 1.48 0.82 0x0000FF
-15.47 -50.81 1.11 -15.65 -49.53 1.11 0.82 0x0000FF
-15.47 -52.08 0.95 -15.47 -50.81 1.11 0.82 0x0000FF
-15.28 -53.72 0.73 -15.47 -52.08 0.95 0.82 0x0000FF
-14.92 -55.55 0.73 -15.28 -53.72 0.73 0.82 0x0000FF
-14.55 -59.92 0.65 -14.92 -55.55 0.73 0.82 0x0000FF
-12.73 -63.74 0.5 -14.55 -59.92 0.65 0.64 0x0000FF
-12.0 -65.38 0.42 -12.73 -63.74 0.5 0.64 0x0000FF
-10.9 -67.39 0.35 -12.0 -65.38 0.42 0.64 0x0000FF
-9.99 -69.2 0.2 -10.9 -67.39 0.35 0.64 0x0000FF
-8.72 -70.67 0.12 -9.99 -69.2 0.2 0.64 0x0000FF
-8.35 -72.31 0.05 -8.72 -70.67 0.12 0.64 0x0000FF
-6.34 -78.87 -0.18 -8.35 -72.31 0.05 0.64 0x0000FF
-3.61 -83.06 -0.41 -6.34 -78.87 -0.18 0.64 0x0000FF
-1.78 -87.61 -0.56 -3.61 -83.06 -0.41 0.64 0x0000FF
2.41 -99.27 -0.86 -1.78 -87.61 -0.56 0.64 0x0000FF
3.51 -102.92 -1.17 2.41 -99.27 -0.86 0.64 0x0000FF
4.05 -104.37 -1.47 3.51 -102.92 -1.17 0.64 0x0000FF
4.97 -105.65 -1.47 4.05 -104.37 -1.47 0.64 0x0000FF
6.25 -108.75 -1.92 4.97 -105.65 -1.47 0.64 0x0000FF
6.98 -111.12 -2.08 6.25 -108.75 -1.92 0.64 0x0000FF
7.52 -112.94 -2.52 6.98 -111.12 -2.08 0.64 0x0000FF
8.44 -114.94 -2.61 7.52 -112.94 -2.52 0.64 0x0000FF
8.98 -116.95 -2.76 8.44 -114.94 -2.61 0.64 0x0000FF
9.52 -118.77 -2.83 8.98 -116.95 -2.76 0.64 0x0000FF
10.08 -120.59 -3.06 9.52 -118.77 -2.83 0.64 0x0000FF
11.9 -122.59 -3.29 10.08 -120.59 -3.06 0.64 0x0000FF
12.45 -124.05 -3.36 11.9 -122.59 -3.29 0.64 0x0000FF
13.18 -125.69 -3.51 12.45 -124.05 -3.36 0.64 0x0000FF
14.46 -127.15 -3.51 13.18 -125.69 -3.51 0.64 0x0000FF
16.28 -128.97 -3.59 14.46 -127.15 -3.51 0.64 0x0000FF
17.55 -131.69 -3.74 16.28 -128.97 -3.59 0.64 0x0000FF
18.64 -134.62 -3.74 17.55 -131.69 -3.74 0.64 0x0000FF
19.75 -137.9 -3.82 18.64 -134.62 -3.74 0.64 0x0000FF
21.21 -141.36 -3.89 19.75 -137.9 -3.82 0.64 0x0000FF
22.12 -143.18 -4.12 21.21 -141.36 -3.89 0.64 0x0000FF
23.03 -144.63 -4.2 22.12 -143.18 -4.12 0.64 0x0000FF
23.58 -145.72 -4.42 23.03 -144.63 -4.2 0.64 0x0000FF
24.13 -146.65 -4.42 23.58 -145.72 -4.42 0.64 0x0000FF
27.78 -153.24 -4.73 24.13 -146.65 -4.42 0.64 0x0000FF
30.16 -157.06 -4.95 27.78 -153.24 -4.73 0.545 0x0000FF
30.52 -158.88 -5.03 30.16 -157.06 -4.95 0.455 0x0000FF
30.34 -159.8 -5.11 30.52 -158.88 -5.03 0.455 0x0000FF
30.16 -161.44 -5.11 30.34 -159.8 -5.11 0.455 0x0000FF
29.97 -163.26 -5.11 30.16 -161.44 -5.11 0.455 0x0000FF
29.43 -164.72 -5.18 29.97 -163.26 -5.11 0.455 0x0000FF
29.06 -166.54 -5.26 29.43 -164.72 -5.18 0.455 0x0000FF
29.06 -168.36 -5.26 29.06 -166.54 -5.26 0.455 0x0000FF
28.88 -171.09 -5.26 29.06 -168.36 -5.26 0.455 0x0000FF
29.06 -174.19 -5.26 28.88 -171.09 -5.26 0.455 0x0000FF
28.88 -177.11 -5.41 29.06 -174.19 -5.26 0.455 0x0000FF
28.88 -178.56 -5.48 28.88 -177.11 -5.41 0.455 0x0000FF
29.06 -179.47 -5.79 28.88 -178.56 -5.48 0.455 0x0000FF
29.43 -180.57 -5.94 29.06 -179.47 -5.79 0.455 0x0000FF
29.79 -181.84 -6.01 29.43 -180.57 -5.94 0.455 0x0000FF
30.16 -183.66 -6.01 29.79 -181.84 -6.01 0.455 0x0000FF
30.52 -186.4 -6.01 30.16 -183.66 -6.01 0.455 0x0000FF
30.52 -191.32 -6.01 30.52 -186.4 -6.01 0.455 0x0000FF
30.52 -193.5 -6.17 30.52 -191.32 -6.01 0.455 0x0000FF
31.25 -196.24 -6.39 30.52 -193.5 -6.17 0.455 0x0000FF
31.8 -197.88 -6.39 31.25 -196.24 -6.39 0.455 0x0000FF
32.53 -200.24 -6.39 31.8 -197.88 -6.39 0.455 0x0000FF
33.08 -201.52 -6.47 32.53 -200.24 -6.39 0.455 0x0000FF
33.99 -202.61 -6.54 33.08 -201.52 -6.47 0.455 0x0000FF
34.35 -202.61 -6.62 33.99 -202.61 -6.54 0.455 0x0000FF
34.9 -204.07 -7.45 34.35 -202.61 -6.62 0.455 0x0000FF
35.08 -204.98 -7.76 34.9 -204.07 -7.45 0.455 0x0000FF
35.63 -208.44 -8.44 35.08 -204.98 -7.76 0.455 0x0000FF
35.99 -209.35 -8.59 35.63 -208.44 -8.44 0.455 0x0000FF
37.09 -213.36 -8.89 35.99 -209.35 -8.59 0.455 0x0000FF
38.36 -216.64 -8.89 37.09 -213.36 -8.89 0.455 0x0000FF
39.46 -219.38 -9.35 38.36 -216.64 -8.89 0.455 0x0000FF
40.19 -222.66 -9.42 39.46 -219.38 -9.35 0.455 0x0000FF
40.56 -225.75 -9.42 40.19 -222.66 -9.42 0.455 0x0000FF
39.46 -228.49 -9.88 40.56 -225.75 -9.42 0.455 0x0000FF
38.18 -230.49 -9.88 39.46 -228.49 -9.88 0.455 0x0000FF
37.82 -232.49 -10.11 38.18 -230.49 -9.88 0.455 0x0000FF
37.45 -234.86 -10.26 37.82 -232.49 -10.11 0.455 0x0000FF
38.14 -235.93 -11.7 37.45 -234.86 -10.26 0.545 0x0000FF
38.51 -236.3 -11.77 38.14 -235.93 -11.7 0.545 0x0000FF
38.86 -237.02 -11.92 38.51 -236.3 -11.77 0.545 0x0000FF
39.6 -237.57 -12.23 38.86 -237.02 -11.92 0.545 0x0000FF
40.15 -238.12 -12.3 39.6 -237.57 -12.23 0.545 0x0000FF
41.06 -239.21 -12.6 40.15 -238.12 -12.3 0.545 0x0000FF
41.43 -239.58 -12.6 41.06 -239.21 -12.6 0.545 0x0000FF
41.43 -239.94 -12.68 41.43 -239.58 -12.6 0.545 0x0000FF
41.79 -241.4 -12.68 41.43 -239.94 -12.68 0.365 0x0000FF
41.79 -242.13 -12.53 41.79 -241.4 -12.68 0.365 0x0000FF
41.97 -243.4 -12.3 41.79 -242.13 -12.53 0.365 0x0000FF
42.16 -244.5 -12.3 41.97 -243.4 -12.3 0.18 0x0000FF
-30.25 -38.44 5.04 -24.42 -38.04 2.02 2.19 0x0000FF
-32.26 -37.89 5.04 -30.25 -38.44 5.04 2.19 0x0000FF
-33.17 -37.53 5.04 -32.26 -37.89 5.04 2.19 0x0000FF
-33.72 -37.71 5.04 -33.17 -37.53 5.04 2.19 0x0000FF
-35.54 -38.44 5.12 -33.72 -37.71 5.04 1.095 0x0000FF
-36.09 -38.61 5.27 -35.54 -38.44 5.12 1.095 0x0000FF
-36.64 -38.99 5.5 -36.09 -38.61 5.27 1.095 0x0000FF
-37.72 -39.71 5.8 -36.64 -38.99 5.5 1.095 0x0000FF
-38.46 -39.71 4.36 -37.72 -39.71 5.8 1.095 0x0000FF
-39.19 -40.26 4.29 -38.46 -39.71 4.36 1.095 0x0000FF
-39.74 -40.63 3.61 -39.19 -40.26 4.29 1.095 0x0000FF
-39.74 -40.81 2.92 -39.74 -40.63 3.61 1.095 0x0000FF
-40.65 -41.17 2.31 -39.74 -40.81 2.92 1.095 0x0000FF
-43.39 -42.27 0.35 -40.65 -41.17 2.31 1.095 0x0000FF
-48.68 -43.54 -1.7 -43.39 -42.27 0.35 0.82 0x0000FF
-49.41 -43.54 -1.7 -48.68 -43.54 -1.7 0.82 0x0000FF
-51.42 -43.54 -1.92 -49.41 -43.54 -1.7 0.64 0x0000FF
-52.15 -43.91 -2.15 -51.42 -43.54 -1.92 0.64 0x0000FF
-52.88 -44.45 -2.29 -52.15 -43.91 -2.15 0.64 0x0000FF
-53.43 -45.0 -2.29 -52.88 -44.45 -2.29 0.64 0x0000FF
-55.8 -45.36 -2.91 -53.43 -45.0 -2.29 0.455 0x0000FF
-56.16 -45.91 -2.98 -55.8 -45.36 -2.91 0.455 0x0000FF
-56.53 -46.64 -6.85 -56.16 -45.91 -2.98 0.545 0x0000FF
-57.07 -47.19 -7.3 -56.53 -46.64 -6.85 0.545 0x0000FF
-58.72 -47.73 -7.3 -57.07 -47.19 -7.3 0.545 0x0000FF
-60.72 -48.28 -7.3 -58.72 -47.73 -7.3 0.545 0x0000FF
-63.1 -48.64 -7.61 -60.72 -48.28 -7.3 0.545 0x0000FF
-64.73 -48.82 -7.61 -63.1 -48.64 -7.61 0.545 0x0000FF
-66.56 -49.01 -8.06 -64.73 -48.82 -7.61 0.545 0x0000FF
-68.56 -49.37 -8.51 -66.56 -49.01 -8.06 0.545 0x0000FF
-70.39 -49.74 -8.51 -68.56 -49.37 -8.51 0.545 0x0000FF
-71.48 -49.92 -9.03 -70.39 -49.74 -8.51 0.545 0x0000FF
-72.77 -50.1 -9.8 -71.48 -49.92 -9.03 0.545 0x0000FF
-75.14 -50.46 -9.88 -72.77 -50.1 -9.8 0.545 0x0000FF
-76.78 -50.83 -10.79 -75.14 -50.46 -9.88 0.545 0x0000FF
-79.15 -51.38 -10.79 -76.78 -50.83 -10.79 0.545 0x0000FF
-81.7 -52.1 -11.24 -79.15 -51.38 -10.79 0.545 0x0000FF
-82.44 -52.47 -11.32 -81.7 -52.1 -11.24 0.545 0x0000FF
-83.71 -52.65 -11.54 -82.44 -52.47 -11.32 0.545 0x0000FF
-84.81 -53.2 -11.7 -83.71 -52.65 -11.54 0.545 0x0000FF
-86.27 -53.56 -11.92 -84.81 -53.2 -11.7 0.545 0x0000FF
-87.54 -53.93 -12.45 -86.27 -53.56 -11.92 0.545 0x0000FF
-88.64 -54.47 -12.68 -87.54 -53.93 -12.45 0.545 0x0000FF
-89.55 -54.84 -12.83 -88.64 -54.47 -12.68 0.545 0x0000FF
-90.46 -55.2 -13.36 -89.55 -54.84 -12.83 0.545 0x0000FF
-92.47 -55.57 -13.89 -90.46 -55.2 -13.36 0.545 0x0000FF
-93.38 -55.93 -14.12 -92.47 -55.57 -13.89 0.545 0x0000FF
-94.66 -56.48 -14.2 -93.38 -55.93 -14.12 0.545 0x0000FF
-96.12 -57.02 -14.73 -94.66 -56.48 -14.2 0.545 0x0000FF
-97.03 -57.57 -15.1 -96.12 -57.02 -14.73 0.545 0x0000FF
-99.22 -58.85 -15.26 -97.03 -57.57 -15.1 0.545 0x0000FF
-100.5 -59.39 -15.56 -99.22 -58.85 -15.26 0.545 0x0000FF
-101.78 -60.3 -16.32 -100.5 -59.39 -15.56 0.545 0x0000FF
-102.32 -61.03 -16.54 -101.78 -60.3 -16.32 0.545 0x0000FF
-103.42 -61.94 -16.77 -102.32 -61.03 -16.54 0.545 0x0000FF
-106.34 -62.85 -17.6 -103.42 -61.94 -16.77 0.545 0x0000FF
-108.16 -63.22 -17.91 -106.34 -62.85 -17.6 0.545 0x0000FF
-110.17 -63.04 -18.29 -108.16 -63.22 -17.91 0.545 0x0000FF
-113.82 -62.85 -18.97 -110.17 -63.04 -18.29 0.545 0x0000FF
-115.64 -62.31 -19.5 -113.82 -62.85 -18.97 0.545 0x0000FF
-118.2 -62.13 -19.57 -115.64 -62.31 -19.5 0.545 0x0000FF
-119.66 -62.31 -20.18 -118.2 -62.13 -19.57 0.545 0x0000FF
-121.85 -62.13 -21.01 -119.66 -62.31 -20.18 0.545 0x0000FF
-124.22 -63.04 -21.54 -121.85 -62.13 -21.01 0.545 0x0000FF
-125.68 -63.58 -21.92 -124.22 -63.04 -21.54 0.545 0x0000FF
-129.13 -63.77 -22.3 -125.68 -63.58 -21.92 0.545 0x0000FF
-130.41 -63.95 -22.45 -129.13 -63.77 -22.3 0.545 0x0000FF
-131.69 -64.13 -22.68 -130.41 -63.95 -22.45 0.545 0x0000FF
-132.61 -63.58 -23.44 -131.69 -64.13 -22.68 0.365 0x0000FF
-134.07 -63.58 -23.51 -132.61 -63.58 -23.44 0.365 0x0000FF
-134.62 -63.58 -23.51 -134.07 -63.58 -23.51 0.365 0x0000FF
-135.16 -63.04 -23.82 -134.62 -63.58 -23.51 0.365 0x0000FF
-135.53 -61.94 -23.82 -135.16 -63.04 -23.82 0.365 0x0000FF
-33.54 -37.71 7.01 -33.72 -37.71 5.04 0.73 0x0000FF
-33.17 -37.35 6.79 -33.54 -37.71 7.01 1.005 0x0000FF
-33.54 -37.15 6.11 -33.17 -37.35 6.79 1.005 0x0000FF
-33.72 -36.97 5.5 -33.54 -37.15 6.11 1.005 0x0000FF
-34.09 -36.79 4.67 -33.72 -36.97 5.5 1.005 0x0000FF
-34.27 -36.25 3.98 -34.09 -36.79 4.67 1.005 0x0000FF
-34.82 -35.71 3.0 -34.27 -36.25 3.98 1.005 0x0000FF
-35.54 -34.97 2.31 -34.82 -35.71 3.0 1.005 0x0000FF
-36.09 -34.79 1.86 -35.54 -34.97 2.31 1.005 0x0000FF
-36.64 -34.79 1.79 -36.09 -34.79 1.86 1.005 0x0000FF
-37.0 -33.7 1.48 -36.64 -34.79 1.79 0.64 0x0000FF
-37.54 -32.97 1.41 -37.0 -33.7 1.48 0.64 0x0000FF
-38.46 -31.88 1.11 -37.54 -32.97 1.41 0.455 0x0000FF
-38.83 -31.33 0.95 -38.46 -31.88 1.11 0.455 0x0000FF
-39.92 -29.69 0.65 -38.83 -31.33 0.95 0.455 0x0000FF
-40.29 -29.15 0.57 -39.92 -29.69 0.65 0.275 0x0000FF
-40.65 -28.42 0.35 -40.29 -29.15 0.57 0.275 0x0000FF
-41.38 -27.69 0.27 -40.65 -28.42 0.35 0.275 0x0000FF
-42.11 -26.96 0.2 -41.38 -27.69 0.27 0.275 0x0000FF
-42.66 -26.23 0.12 -42.11 -26.96 0.2 0.275 0x0000FF
-37.92 -35.15 1.79 -36.64 -34.79 1.79 0.73 0x0000FF
-38.28 -34.79 1.33 -37.92 -35.15 1.79 0.73 0x0000FF
-38.83 -34.79 1.86 -38.28 -34.79 1.33 0.73 0x0000FF
-39.38 -34.43 2.09 -38.83 -34.79 1.86 0.73 0x0000FF
-39.56 -34.07 1.26 -39.38 -34.43 2.09 0.73 0x0000FF
-39.92 -33.52 0.73 -39.56 -34.07 1.26 0.73 0x0000FF
-40.47 -32.97 0.42 -39.92 -33.52 0.73 0.73 0x0000FF
-40.47 -32.97 0.05 -40.47 -32.97 0.42 0.73 0x0000FF
-41.2 -32.24 -0.48 -40.47 -32.97 0.05 0.73 0x0000FF
-41.93 -31.88 -2.15 -41.2 -32.24 -0.48 0.82 0x0000FF
-41.93 -31.52 -2.23 -41.93 -31.88 -2.15 0.545 0x0000FF
-42.66 -30.97 -2.23 -41.93 -31.52 -2.23 0.545 0x0000FF
-43.03 -30.24 -2.23 -42.66 -30.97 -2.23 0.545 0x0000FF
-43.39 -29.33 -2.15 -43.03 -30.24 -2.23 0.365 0x0000FF
-43.94 -28.78 -2.15 -43.39 -29.33 -2.15 0.365 0x0000FF
-44.49 -28.6 -2.15 -43.94 -28.78 -2.15 0.365 0x0000FF
-45.03 -28.42 -2.15 -44.49 -28.6 -2.15 0.365 0x0000FF
-46.49 -28.24 -2.15 -45.03 -28.42 -2.15 0.365 0x0000FF
-42.66 -31.88 -2.61 -41.93 -31.88 -2.15 0.455 0x0000FF
-43.57 -32.06 -2.52 -42.66 -31.88 -2.61 0.455 0x0000FF
-44.49 -32.43 -2.52 -43.57 -32.06 -2.52 0.365 0x0000FF
-45.4 -32.79 -2.52 -44.49 -32.43 -2.52 0.275 0x0000FF
-45.76 -33.34 -2.52 -45.4 -32.79 -2.52 0.275 0x0000FF
-45.94 -34.25 -2.52 -45.76 -33.34 -2.52 0.275 0x0000FF
-45.94 -34.61 -2.52 -45.94 -34.25 -2.52 0.275 0x0000FF
-22.84 -28.78 1.86 -24.42 -38.04 2.02 2.28 0x0000FF
-22.47 -28.23 1.86 -22.84 -28.78 1.86 2.28 0x0000FF
-22.65 -26.23 2.0 -22.47 -28.23 1.86 2.28 0x0000FF
-22.29 -22.4 2.09 -22.65 -26.23 2.0 2.28 0x0000FF
-22.29 -20.76 2.31 -22.29 -22.4 2.09 2.28 0x0000FF
-22.65 -19.67 2.39 -22.29 -20.76 2.31 2.28 0x0000FF
-22.65 -18.76 2.0 -22.65 -19.67 2.39 2.28 0x0000FF
-22.65 -17.66 1.94 -22.65 -18.76 2.0 2.28 0x0000FF
-22.65 -16.75 1.64 -22.65 -17.66 1.94 2.28 0x0000FF
-22.29 -15.3 1.56 -22.65 -16.75 1.64 2.28 0x0000FF
-22.29 -14.39 1.41 -22.29 -15.3 1.56 2.28 0x0000FF
-22.29 -13.29 1.03 -22.29 -14.39 1.41 2.28 0x0000FF
-22.47 -12.38 0.8 -22.29 -13.29 1.03 2.28 0x0000FF
-22.65 -11.47 0.73 -22.47 -12.38 0.8 2.28 0x0000FF
-22.84 -10.74 0.57 -22.65 -11.47 0.73 2.28 0x0000FF
-21.92 -9.65 0.42 -22.84 -10.74 0.57 1.275 0x0000FF
-21.92 -9.65 0.65 -21.92 -9.65 0.42 1.275 0x0000FF
-21.92 -9.27 1.18 -21.92 -9.65 0.65 1.275 0x0000FF
-21.74 -9.1 1.18 -21.92 -9.27 1.18 1.275 0x0000FF
-21.38 -9.1 0.35 -21.74 -9.1 1.18 1.275 0x0000FF
-21.01 -8.74 0.2 -21.38 -9.1 0.35 1.275 0x0000FF
-20.65 -8.55 -0.03 -21.01 -8.74 0.2 1.275 0x0000FF
-20.1 -8.36 -0.56 -20.65 -8.55 -0.03 1.275 0x0000FF
-18.82 -8.01 -1.02 -20.1 -8.36 -0.56 1.005 0x0000FF
-18.46 -7.46 -1.39 -18.82 -8.01 -1.02 1.005 0x0000FF
-17.73 -7.28 -1.7 -18.46 -7.46 -1.39 1.005 0x0000FF
-17.18 -7.1 -1.85 -17.73 -7.28 -1.7 1.005 0x0000FF
-16.82 -6.92 -2.08 -17.18 -7.1 -1.85 1.005 0x0000FF
-14.99 -6.55 -2.29 -16.82 -6.92 -2.08 1.005 0x0000FF
-14.44 -6.55 -2.38 -14.99 -6.55 -2.29 0.82 0x0000FF
-14.26 -6.55 -2.83 -14.44 -6.55 -2.38 0.82 0x0000FF
-13.9 -6.55 -3.21 -14.26 -6.55 -2.83 0.82 0x0000FF
-13.9 -6.55 -3.97 -13.9 -6.55 -3.21 0.82 0x0000FF
-13.53 -6.37 -4.12 -13.9 -6.55 -3.97 0.82 0x0000FF
-13.17 -6.37 -4.2 -13.53 -6.37 -4.12 0.82 0x0000FF
-12.44 -6.19 -4.5 -13.17 -6.37 -4.2 0.82 0x0000FF
-11.71 -6.0 -4.65 -12.44 -6.19 -4.5 0.82 0x0000FF
-10.43 -5.09 -4.8 -11.71 -6.0 -4.65 0.545 0x0000FF
-9.69 -4.73 -4.88 -10.43 -5.09 -4.8 0.545 0x0000FF
-8.97 -4.36 -5.03 -9.69 -4.73 -4.88 0.545 0x0000FF
-7.51 -4.18 -5.33 -8.97 -4.36 -5.03 0.545 0x0000FF
-5.14 -4.18 -5.64 -7.51 -4.18 -5.33 0.545 0x0000FF
-2.04 -4.0 -5.94 -5.14 -4.18 -5.64 0.455 0x0000FF
-0.39 -2.91 -6.09 -2.04 -4.0 -5.94 0.455 0x0000FF
1.25 -1.81 -6.47 -0.39 -2.91 -6.09 0.455 0x0000FF
2.52 -1.08 -6.85 1.25 -1.81 -6.47 0.455 0x0000FF
4.34 0.19 -7.3 2.52 -1.08 -6.85 0.455 0x0000FF
5.99 1.47 -7.91 4.34 0.19 -7.3 0.455 0x0000FF
8.73 4.55 -8.51 5.99 1.47 -7.91 0.455 0x0000FF
13.11 8.21 -8.51 8.73 4.55 -8.51 0.455 0x0000FF
20.04 11.85 -8.59 13.11 8.21 -8.51 0.455 0x0000FF
24.42 11.85 -8.67 20.04 11.85 -8.59 0.455 0x0000FF
32.81 16.41 -9.03 24.42 11.85 -8.67 0.455 0x0000FF
35.54 20.05 -9.03 32.81 16.41 -9.03 0.455 0x0000FF
39.2 21.14 -8.59 35.54 20.05 -9.03 0.275 0x0000FF
43.39 21.87 -8.59 39.2 21.14 -8.59 0.275 0x0000FF
47.96 23.51 -8.59 43.39 21.87 -8.59 0.275 0x0000FF
51.24 24.61 -8.59 47.96 23.51 -8.59 0.275 0x0000FF
55.98 26.06 -8.59 51.24 24.61 -8.59 0.275 0x0000FF
59.09 28.43 -8.59 55.98 26.06 -8.59 0.275 0x0000FF
59.63 30.44 -8.59 59.09 28.43 -8.59 0.275 0x0000FF
40.29 22.97 -8.74 35.54 20.05 -9.03 0.275 0x0000FF
42.12 24.24 -8.59 40.29 22.97 -8.74 0.275 0x0000FF
44.12 26.43 -8.51 42.12 24.24 -8.59 0.275 0x0000FF
44.85 27.16 -8.59 44.12 26.43 -8.51 0.275 0x0000FF
45.58 27.89 -8.89 44.85 27.16 -8.59 0.275 0x0000FF
46.5 28.8 -9.27 45.58 27.89 -8.89 0.275 0x0000FF
47.41 29.52 -9.35 46.5 28.8 -9.27 0.275 0x0000FF
47.59 29.71 -9.57 47.41 29.52 -9.35 0.275 0x0000FF
49.05 31.71 -9.65 47.59 29.71 -9.57 0.275 0x0000FF
-22.84 -10.19 1.11 -22.84 -10.74 0.57 1.64 0x0000FF
-23.38 -8.92 1.11 -22.84 -10.19 1.11 1.64 0x0000FF
-24.3 -6.92 1.18 -23.38 -8.92 1.11 1.64 0x0000FF
-24.66 -5.64 1.18 -24.3 -6.92 1.18 1.64 0x0000FF
-25.03 -4.73 1.18 -24.66 -5.64 1.18 1.64 0x0000FF
-24.11 -2.72 1.71 -25.03 -4.73 1.18 0.64 0x0000FF
-23.57 -2.0 1.79 -24.11 -2.72 1.71 0.64 0x0000FF
-22.47 -0.9 1.86 -23.57 -2.0 1.79 0.64 0x0000FF
-21.01 0.56 2.17 -22.47 -0.9 1.86 0.455 0x0000FF
-20.46 1.65 2.17 -21.01 0.56 2.17 0.455 0x0000FF
-20.1 2.19 2.24 -20.46 1.65 2.17 0.455 0x0000FF
-19.37 3.29 2.7 -20.1 2.19 2.24 0.455 0x0000FF
-18.27 4.55 2.7 -19.37 3.29 2.7 0.455 0x0000FF
-16.63 6.93 3.0 -18.27 4.55 2.7 0.275 0x0000FF
-15.72 7.84 3.23 -16.63 6.93 3.0 0.275 0x0000FF
-14.99 8.57 3.3 -15.72 7.84 3.23 0.275 0x0000FF
-13.71 9.3 3.38 -14.99 8.57 3.3 0.275 0x0000FF
-10.98 10.21 3.45 -13.71 9.3 3.38 0.275 0x0000FF
-7.15 11.85 3.61 -10.98 10.21 3.45 0.275 0x0000FF
-5.32 14.22 3.83 -7.15 11.85 3.61 0.275 0x0000FF
-25.39 -3.45 0.95 -25.03 -4.73 1.18 1.37 0x0000FF
-26.67 -1.08 1.03 -25.39 -3.45 0.95 1.37 0x0000FF
-27.4 0.37 1.56 -26.67 -1.08 1.03 1.37 0x0000FF
-27.58 0.92 1.56 -27.4 0.37 1.56 1.37 0x0000FF
-27.94 1.65 0.88 -27.58 0.92 1.56 1.37 0x0000FF
-28.13 2.19 0.8 -27.94 1.65 0.88 1.37 0x0000FF
-29.22 4.2 0.5 -28.13 2.19 0.8 1.37 0x0000FF
-30.13 6.2 0.27 -29.22 4.2 0.5 1.37 0x0000FF
-30.68 8.39 0.05 -30.13 6.2 0.27 1.37 0x0000FF
-31.96 12.58 -0.64 -30.68 8.39 0.05 1.37 0x0000FF
-32.86 14.77 -0.86 -31.96 12.58 -0.64 1.37 0x0000FF
-33.6 17.32 -1.32 -32.86 14.77 -0.86 1.275 0x0000FF
-34.33 19.87 -1.47 -33.6 17.32 -1.32 1.275 0x0000FF
-35.43 21.87 -1.85 -34.33 19.87 -1.47 1.275 0x0000FF
-36.34 28.07 -2.29 -35.43 21.87 -1.85 1.275 0x0000FF
-37.79 36.45 -2.76 -36.34 28.07 -2.29 1.275 0x0000FF
-39.26 41.91 -3.06 -37.79 36.45 -2.76 1.275 0x0000FF
-39.07 43.92 -3.14 -39.26 41.91 -3.06 1.275 0x0000FF
-39.26 46.83 -3.36 -39.07 43.92 -3.14 1.275 0x0000FF
-40.17 49.57 -3.74 -39.26 46.83 -3.36 1.275 0x0000FF
-42.54 54.12 -3.89 -40.17 49.57 -3.74 1.275 0x0000FF
-44.37 57.04 -4.12 -42.54 54.12 -3.89 1.275 0x0000FF
-46.55 61.96 -4.42 -44.37 57.04 -4.12 1.275 0x0000FF
-49.66 75.8 -4.88 -46.55 61.96 -4.42 1.37 0x0000FF
-49.66 79.08 -5.03 -49.66 75.8 -4.88 1.37 0x0000FF
-50.57 83.46 -5.26 -49.66 79.08 -5.03 1.37 0x0000FF
-50.93 85.1 -5.41 -50.57 83.46 -5.26 1.37 0x0000FF
-51.3 86.37 -5.11 -50.93 85.1 -5.41 1.37 0x0000FF
-51.66 89.47 -4.88 -51.3 86.37 -5.11 1.37 0x0000FF
-52.21 92.93 -4.5 -51.66 89.47 -4.88 1.37 0x0000FF
-52.58 94.93 -4.34 -52.21 92.93 -4.5 1.37 0x0000FF
-53.31 97.67 -4.05 -52.58 94.93 -4.34 1.37 0x0000FF
-54.58 101.68 -3.89 -53.31 97.67 -4.05 1.37 0x0000FF
-55.86 105.87 -3.74 -54.58 101.68 -3.89 1.37 0x0000FF
-59.03 109.57 -2.83 -55.86 105.87 -3.74 1.37 0x0000FF
-61.77 116.13 -2.68 -59.03 109.57 -2.83 1.37 0x0000FF
-62.86 119.95 -2.61 -61.77 116.13 -2.68 1.275 0x0000FF
-64.31 123.96 -2.52 -62.86 119.95 -2.61 1.275 0x0000FF
-67.59 133.25 -2.45 -64.31 123.96 -2.52 1.185 0x0000FF
-70.52 139.81 -2.38 -67.59 133.25 -2.45 1.185 0x0000FF
-73.63 146.19 -2.29 -70.52 139.81 -2.38 1.185 0x0000FF
-76.54 154.21 -2.15 -73.63 146.19 -2.29 1.185 0x0000FF
-79.28 162.22 -2.15 -76.54 154.21 -2.15 1.185 0x0000FF
-82.2 172.79 -2.08 -79.28 162.22 -2.15 1.185 0x0000FF
-86.58 186.64 -2.0 -82.2 172.79 -2.08 1.185 0x0000FF
-87.67 195.57 -2.0 -86.58 186.64 -2.0 1.185 0x0000FF
-87.67 199.76 -1.92 -87.67 195.57 -2.0 1.005 0x0000FF
-87.49 200.67 -1.92 -87.67 199.76 -1.92 1.005 0x0000FF
-87.31 200.85 -1.92 -87.49 200.67 -1.92 1.005 0x0000FF
-88.88 203.78 -1.62 -87.31 200.85 -1.92 1.005 0x0000FF
-89.61 207.43 -1.55 -88.88 203.78 -1.62 1.005 0x0000FF
-89.79 211.62 -1.47 -89.61 207.43 -1.55 1.005 0x0000FF
-91.25 216.54 -1.32 -89.79 211.62 -1.47 1.005 0x0000FF
-92.53 219.82 -1.24 -91.25 216.54 -1.32 1.005 0x0000FF
-93.8 224.74 -1.09 -92.53 219.82 -1.24 1.005 0x0000FF
-94.17 228.56 -1.09 -93.8 224.74 -1.09 0.91 0x0000FF
-94.72 230.75 -1.24 -94.17 228.56 -1.09 0.91 0x0000FF
-95.63 234.39 -1.32 -94.72 230.75 -1.24 0.91 0x0000FF
-95.99 238.04 -1.17 -95.63 234.39 -1.32 0.91 0x0000FF
-96.36 243.69 -1.09 -95.99 238.04 -1.17 0.91 0x0000FF
-98.0 249.52 -1.02 -96.36 243.69 -1.09 0.91 0x0000FF
-99.82 256.44 -0.86 -98.0 249.52 -1.02 0.91 0x0000FF
-102.2 262.08 -0.71 -99.82 256.44 -0.86 0.91 0x0000FF
-102.74 268.1 -0.56 -102.2 262.08 -0.71 0.91 0x0000FF
-102.38 273.2 -0.48 -102.74 268.1 -0.56 0.91 0x0000FF
-101.28 284.32 -0.41 -102.38 273.2 -0.48 0.91 0x0000FF
-102.38 290.51 -0.41 -101.28 284.32 -0.41 0.91 0x0000FF
-102.38 292.51 -0.41 -102.38 290.51 -0.41 0.91 0x0000FF
-104.02 304.08 -0.11 -102.38 292.51 -0.41 0.91 0x0000FF
-104.75 308.63 0.05 -104.02 304.08 -0.11 0.91 0x0000FF
-104.94 311.55 0.2 -104.75 308.63 0.05 0.91 0x0000FF
-105.12 314.64 0.42 -104.94 311.55 0.2 0.91 0x0000FF
-105.67 318.47 0.5 -105.12 314.64 0.42 0.91 0x0000FF
-106.76 321.57 0.65 -105.67 318.47 0.5 0.91 0x0000FF
-107.13 322.66 0.88 -106.76 321.57 0.65 0.91 0x0000FF
-107.31 325.02 1.03 -107.13 322.66 0.88 0.91 0x0000FF
-107.31 326.67 1.33 -107.31 325.02 1.03 0.91 0x0000FF
-107.13 328.13 1.33 -107.31 326.67 1.33 0.91 0x0000FF
-106.94 331.22 1.64 -107.13 328.13 1.33 0.91 0x0000FF
-106.21 336.14 1.79 -106.94 331.22 1.64 0.91 0x0000FF
-105.85 339.42 1.94 -106.21 336.14 1.79 0.91 0x0000FF
-105.48 341.97 2.24 -105.85 339.42 1.94 0.91 0x0000FF
-105.12 343.43 2.39 -105.48 341.97 2.24 0.91 0x0000FF
-104.75 345.43 2.62 -105.12 343.43 2.39 0.91 0x0000FF
-104.57 347.44 3.0 -104.75 345.43 2.62 0.91 0x0000FF
-104.39 350.17 3.23 -104.57 347.44 3.0 0.91 0x0000FF
-104.39 351.08 3.38 -104.39 350.17 3.23 0.91 0x0000FF
-102.75 355.09 3.45 -104.39 351.08 3.38 0.91 0x0000FF
-102.38 357.1 3.68 -102.75 355.09 3.45 0.91 0x0000FF
-102.2 358.74 3.98 -102.38 357.1 3.68 0.73 0x0000FF
-101.83 361.1 4.21 -102.2 358.74 3.98 0.73 0x0000FF
-101.83 363.11 4.44 -101.83 361.1 4.21 0.73 0x0000FF
-102.2 364.93 4.74 -101.83 363.11 4.44 0.73 0x0000FF
-102.2 366.21 5.04 -102.2 364.93 4.74 0.73 0x0000FF
-102.2 366.93 5.5 -102.2 366.21 5.04 0.73 0x0000FF
-102.02 367.48 6.18 -102.2 366.93 5.5 0.73 0x0000FF
-101.47 370.03 6.41 -102.02 367.48 6.18 0.73 0x0000FF
-100.92 371.85 6.79 -101.47 370.03 6.41 0.73 0x0000FF
-98.92 374.77 7.32 -100.92 371.85 6.79 0.73 0x0000FF
-98.37 378.96 7.47 -98.92 374.77 7.32 0.64 0x0000FF
-97.64 380.96 7.54 -98.37 378.96 7.47 0.64 0x0000FF
-96.91 382.24 7.62 -97.64 380.96 7.54 0.64 0x0000FF
-95.81 382.97 7.62 -96.91 382.24 7.62 0.545 0x0000FF
-106.4 352.72 3.38 -104.39 351.08 3.38 0.64 0x0000FF
-107.31 354.91 3.61 -106.4 352.72 3.38 0.64 0x0000FF
-107.86 356.18 3.83 -107.31 354.91 3.61 0.64 0x0000FF
-108.22 357.64 3.98 -107.86 356.18 3.83 0.64 0x0000FF
-109.13 359.65 3.38 -108.22 357.64 3.98 0.64 0x0000FF
-109.68 360.38 3.23 -109.13 359.65 3.38 0.64 0x0000FF
-110.96 361.29 3.15 -109.68 360.38 3.23 0.64 0x0000FF
-113.51 362.74 3.08 -110.96 361.29 3.15 0.64 0x0000FF
-115.15 363.65 2.85 -113.51 362.74 3.08 0.64 0x0000FF
-115.52 364.2 2.39 -115.15 363.65 2.85 0.64 0x0000FF
-115.88 364.75 2.39 -115.52 364.2 2.39 0.64 0x0000FF
-116.43 366.02 1.56 -115.88 364.75 2.39 0.64 0x0000FF
-116.61 366.93 1.26 -116.43 366.02 1.56 0.64 0x0000FF
-117.34 368.76 1.03 -116.61 366.93 1.26 0.64 0x0000FF
-118.26 370.4 1.03 -117.34 368.76 1.03 0.64 0x0000FF
-118.8 371.85 0.8 -118.26 370.4 1.03 0.64 0x0000FF
-119.53 372.76 0.65 -118.8 371.85 0.8 0.64 0x0000FF
-120.08 373.68 0.12 -119.53 372.76 0.65 0.64 0x0000FF
-120.44 374.22 -0.18 -120.08 373.68 0.12 0.64 0x0000FF
-120.81 374.77 -0.26 -120.44 374.22 -0.18 0.64 0x0000FF
-121.17 375.5 -0.79 -120.81 374.77 -0.26 0.64 0x0000FF
-121.72 376.23 -1.39 -121.17 375.5 -0.79 0.64 0x0000FF
-122.27 376.59 -1.85 -121.72 376.23 -1.39 0.64 0x0000FF
-124.15 378.64 -5.56 -122.27 376.59 -1.85 0.455 0x0000FF
-124.33 381.01 -5.71 -124.15 378.64 -5.56 0.455 0x0000FF
-124.88 382.29 -5.94 -124.33 381.01 -5.71 0.455 0x0000FF
-125.97 383.2 -6.32 -124.88 382.29 -5.94 0.455 0x0000FF
-126.88 383.93 -6.47 -125.97 383.2 -6.32 0.455 0x0000FF
-127.98 385.2 -6.62 -126.88 383.93 -6.47 0.275 0x0000FF
-55.97 107.49 -3.51 -55.86 105.87 -3.74 0.91 0x0000FF
-56.33 109.85 -3.51 -55.97 107.49 -3.51 0.91 0x0000FF
-56.88 110.58 -3.36 -56.33 109.85 -3.51 0.91 0x0000FF
-57.25 111.68 -3.29 -56.88 110.58 -3.36 0.91 0x0000FF
-57.79 113.13 -3.21 -57.25 111.68 -3.29 0.91 0x0000FF
-57.98 114.05 -3.14 -57.79 113.13 -3.21 0.91 0x0000FF
-58.34 114.96 -3.06 -57.98 114.05 -3.14 0.91 0x0000FF
-58.52 115.69 -3.06 -58.34 114.96 -3.06 0.91 0x0000FF
-59.25 121.88 -2.91 -58.52 115.69 -3.06 0.91 0x0000FF
-60.71 123.52 -2.91 -59.25 121.88 -2.91 0.91 0x0000FF
-60.53 124.61 -2.83 -60.71 123.52 -2.91 0.91 0x0000FF
-60.53 125.16 -2.83 -60.53 124.61 -2.83 0.91 0x0000FF
-63.45 129.53 -2.68 -60.53 125.16 -2.83 0.82 0x0000FF
-64.0 131.72 -2.45 -63.45 129.53 -2.68 0.82 0x0000FF
-64.36 134.27 -2.29 -64.0 131.72 -2.45 0.82 0x0000FF
-65.81 140.83 -2.15 -64.36 134.27 -2.29 0.82 0x0000FF
-66.19 141.38 -2.29 -65.81 140.83 -2.15 0.82 0x0000FF
-66.55 142.47 -2.61 -66.19 141.38 -2.29 0.82 0x0000FF
-66.92 143.74 -2.91 -66.55 142.47 -2.61 0.82 0x0000FF
-67.28 146.29 -3.29 -66.92 143.74 -2.91 0.82 0x0000FF
-68.92 150.49 -3.44 -67.28 146.29 -3.29 0.82 0x0000FF
-69.84 153.76 -3.82 -68.92 150.49 -3.44 0.82 0x0000FF
-70.56 155.77 -4.26 -69.84 153.76 -3.82 0.82 0x0000FF
-72.39 161.22 -4.58 -70.56 155.77 -4.26 0.82 0x0000FF
-74.03 166.52 -4.8 -72.39 161.22 -4.58 0.82 0x0000FF
-74.4 169.62 -5.18 -74.03 166.52 -4.8 0.82 0x0000FF
-74.94 176.9 -5.56 -74.4 169.62 -5.18 0.82 0x0000FF
-74.4 184.01 -5.56 -74.94 176.9 -5.56 0.73 0x0000FF
-74.22 187.84 -5.71 -74.4 184.01 -5.56 0.73 0x0000FF
-74.22 190.2 -5.86 -74.22 187.84 -5.71 0.73 0x0000FF
-74.94 194.58 -6.01 -74.22 190.2 -5.86 0.73 0x0000FF
-76.77 198.77 -6.24 -74.94 194.58 -6.01 0.73 0x0000FF
-76.4 199.68 -6.24 -76.77 198.77 -6.24 0.73 0x0000FF
-83.12 221.0 -6.47 -76.4 199.68 -6.24 0.73 0x0000FF
-85.12 226.83 -6.54 -83.12 221.0 -6.47 0.73 0x0000FF
-85.67 228.47 -6.62 -85.12 226.83 -6.54 0.73 0x0000FF
-86.58 230.65 -6.77 -85.67 228.47 -6.62 0.73 0x0000FF
-86.76 233.39 -7.15 -86.58 230.65 -6.77 0.73 0x0000FF
-86.76 236.85 -7.3 -86.76 233.39 -7.15 0.73 0x0000FF
-86.4 239.4 -7.23 -86.76 236.85 -7.3 0.73 0x0000FF
-86.4 242.31 -7.08 -86.4 239.4 -7.23 0.73 0x0000FF
-86.4 245.59 -6.92 -86.4 242.31 -7.08 0.73 0x0000FF
-87.31 249.78 -6.47 -86.4 245.59 -6.92 0.73 0x0000FF
-87.68 251.61 -5.94 -87.31 249.78 -6.47 0.73 0x0000FF
-90.96 265.27 -5.48 -87.68 251.61 -5.94 0.73 0x0000FF
-91.87 274.56 -5.41 -90.96 265.27 -5.48 0.73 0x0000FF
-93.88 283.31 -5.18 -91.87 274.56 -5.41 0.64 0x0000FF
-94.97 287.86 -5.11 -93.88 283.31 -5.18 0.64 0x0000FF
-95.52 289.87 -5.03 -94.97 287.86 -5.11 0.64 0x0000FF
-95.34 290.41 -5.03 -95.52 289.87 -5.03 0.64 0x0000FF
-99.15 303.13 -4.8 -95.34 290.41 -5.03 0.64 0x0000FF
-99.88 304.77 -4.73 -99.15 303.13 -4.8 0.64 0x0000FF
-100.61 307.69 -4.73 -99.88 304.77 -4.73 0.64 0x0000FF
-100.79 310.79 -4.58 -100.61 307.69 -4.73 0.64 0x0000FF
-100.79 312.97 -4.5 -100.79 310.79 -4.58 0.64 0x0000FF
-100.61 316.25 -4.42 -100.79 312.97 -4.5 0.64 0x0000FF
-100.06 319.52 -4.42 -100.61 316.25 -4.42 0.64 0x0000FF
-99.7 322.08 -4.34 -100.06 319.52 -4.42 0.64 0x0000FF
-99.33 325.36 -4.26 -99.7 322.08 -4.34 0.64 0x0000FF
-99.15 327.37 -4.2 -99.33 325.36 -4.26 0.64 0x0000FF
-99.15 328.46 -3.97 -99.15 327.37 -4.2 0.64 0x0000FF
-99.15 329.73 -3.51 -99.15 328.46 -3.97 0.64 0x0000FF
-99.15 330.46 -3.44 -99.15 329.73 -3.51 0.64 0x0000FF
-99.51 332.1 -3.97 -99.15 330.46 -3.44 0.64 0x0000FF
-99.7 333.01 -4.5 -99.51 332.1 -3.97 0.64 0x0000FF
-99.88 334.47 -4.95 -99.7 333.01 -4.5 0.64 0x0000FF
-99.88 335.2 -5.11 -99.88 334.47 -4.95 0.64 0x0000FF
-99.88 335.93 -5.56 -99.88 335.2 -5.11 0.64 0x0000FF
-99.7 336.84 -6.24 -99.88 335.93 -5.56 0.64 0x0000FF
-99.7 338.48 -6.24 -99.7 336.84 -6.24 0.64 0x0000FF
-99.51 340.85 -6.92 -99.7 338.48 -6.24 0.64 0x0000FF
-99.33 343.76 -7.38 -99.51 340.85 -6.92 0.64 0x0000FF
-98.97 346.31 -7.68 -99.33 343.76 -7.38 0.64 0x0000FF
-99.33 348.14 -7.91 -98.97 346.31 -7.68 0.64 0x0000FF
-99.33 350.51 -8.14 -99.33 348.14 -7.91 0.64 0x0000FF
-99.7 352.87 -8.36 -99.33 350.51 -8.14 0.64 0x0000FF
-100.24 354.7 -8.51 -99.7 352.87 -8.36 0.64 0x0000FF
-104.07 358.52 -8.97 -100.24 354.7 -8.51 0.64 0x0000FF
-104.44 359.25 -8.74 -104.07 358.52 -8.97 0.64 0x0000FF
-104.62 359.98 -8.74 -104.44 359.25 -8.74 0.64 0x0000FF
-104.8 360.71 -9.27 -104.62 359.98 -8.74 0.64 0x0000FF
-104.99 361.25 -9.65 -104.8 360.71 -9.27 0.64 0x0000FF
-104.99 361.8 -9.94 -104.99 361.25 -9.65 0.64 0x0000FF
-104.8 363.44 -9.94 -104.99 361.8 -9.94 0.545 0x0000FF
-105.9 364.53 -10.26 -104.8 363.44 -9.94 0.545 0x0000FF
-107.18 365.81 -10.41 -105.9 364.53 -10.26 0.545 0x0000FF
-108.09 367.63 -10.79 -107.18 365.81 -10.41 0.545 0x0000FF
-109.0 371.28 -10.86 -108.09 367.63 -10.79 0.275 0x0000FF
-59.38 128.35 -1.62 -60.53 125.16 -2.83 0.64 0x0000FF
-59.38 129.63 -1.55 -59.38 128.35 -1.62 0.64 0x0000FF
-59.56 132.0 -1.32 -59.38 129.63 -1.55 0.64 0x0000FF
-59.74 132.91 -1.24 -59.56 132.0 -1.32 0.64 0x0000FF
-60.1 134.37 -1.09 -59.74 132.91 -1.24 0.64 0x0000FF
-60.83 136.55 -0.79 -60.1 134.37 -1.09 0.64 0x0000FF
-61.2 137.83 -0.71 -60.83 136.55 -0.79 0.64 0x0000FF
-61.56 138.91 -0.64 -61.2 137.83 -0.71 0.64 0x0000FF
-62.11 140.19 -0.56 -61.56 138.91 -0.64 0.64 0x0000FF
-62.48 141.47 -0.48 -62.11 140.19 -0.56 0.64 0x0000FF
-63.02 143.47 -0.41 -62.48 141.47 -0.48 0.64 0x0000FF
-63.75 144.93 -0.11 -63.02 143.47 -0.41 0.64 0x0000FF
-64.12 146.03 0.12 -63.75 144.93 -0.11 0.64 0x0000FF
-64.12 146.76 0.27 -64.12 146.03 0.12 0.64 0x0000FF
-64.12 147.85 0.42 -64.12 146.76 0.27 0.64 0x0000FF
-63.75 148.58 0.42 -64.12 147.85 0.42 0.64 0x0000FF
-63.21 150.04 0.5 -63.75 148.58 0.42 0.64 0x0000FF
-62.84 150.94 0.95 -63.21 150.04 0.5 0.64 0x0000FF
-62.66 151.68 1.03 -62.84 150.94 0.95 0.64 0x0000FF
-62.48 152.22 1.56 -62.66 151.68 1.03 0.64 0x0000FF
-62.29 152.94 2.0 -62.48 152.22 1.56 0.64 0x0000FF
-61.38 154.04 3.15 -62.29 152.94 2.0 0.64 0x0000FF
-60.83 154.77 3.53 -61.38 154.04 3.15 0.64 0x0000FF
-60.47 155.32 4.05 -60.83 154.77 3.53 0.64 0x0000FF
-60.1 155.68 4.44 -60.47 155.32 4.05 0.64 0x0000FF
-58.65 156.78 4.82 -60.1 155.68 4.44 0.545 0x0000FF
-58.1 156.78 5.2 -58.65 156.78 4.82 0.545 0x0000FF
-57.55 156.96 5.42 -58.1 156.78 5.2 0.545 0x0000FF
-57.0 156.78 5.73 -57.55 156.96 5.42 0.545 0x0000FF
-56.09 156.22 5.8 -57.0 156.78 5.73 0.545 0x0000FF
-55.36 155.5 6.26 -56.09 156.22 5.8 0.455 0x0000FF
-55.0 154.96 6.41 -55.36 155.5 6.26 0.455 0x0000FF
