18.95 -26.76 -113.35 9.49 -31.62 -117.34 1.095 0x0000FF
20.41 -26.39 -113.5 18.95 -26.76 -113.35 1.095 0x0000FF
22.05 -26.21 -113.88 20.41 -26.39 -113.5 1.095 0x0000FF
22.97 -26.03 -114.79 22.05 -26.21 -113.88 1.095 0x0000FF
24.61 -26.21 -115.4 22.97 -26.03 -114.79 1.095 0x0000FF
25.52 -26.21 -116.53 24.61 -26.21 -115.4 1.095 0x0000FF
26.98 -26.58 -114.56 25.52 -26.21 -116.53 0.545 0x0000FF
27.71 -26.39 -115.25 26.98 -26.58 -114.56 0.545 0x0000FF
29.53 -26.94 -116.0 27.71 -26.39 -115.25 0.545 0x0000FF
30.08 -27.49 -116.16 29.53 -26.94 -116.0 0.545 0x0000FF
31.91 -27.85 -117.06 30.08 -27.49 -116.16 0.365 0x0000FF
33.36 -28.4 -117.9 31.91 -27.85 -117.06 0.365 0x0000FF
35.19 -28.94 -118.2 33.36 -28.4 -117.9 0.365 0x0000FF
36.47 -29.31 -115.47 35.19 -28.94 -118.2 0.365 0x0000FF
37.75 -29.67 -115.09 36.47 -29.31 -115.47 0.365 0x0000FF
38.47 -29.67 -113.35 37.75 -29.67 -115.09 0.365 0x0000FF
40.11 -30.04 -112.67 38.47 -29.67 -113.35 0.365 0x0000FF
40.85 -30.22 -111.69 40.11 -30.04 -112.67 0.365 0x0000FF
42.31 -30.4 -110.4 40.85 -30.22 -111.69 0.365 0x0000FF
45.59 -30.4 -109.56 42.31 -30.4 -110.4 0.275 0x0000FF
48.51 -30.95 -109.19 45.59 -30.4 -109.56 0.275 0x0000FF
50.88 -31.13 -108.5 48.51 -30.95 -109.19 0.275 0x0000FF
55.44 -31.31 -107.6 50.88 -31.13 -108.5 0.275 0x0000FF
60.19 -30.58 -106.16 55.44 -31.31 -107.6 0.275 0x0000FF
60.55 -30.22 -105.25 60.19 -30.58 -106.16 0.275 0x0000FF
61.46 -29.67 -104.04 60.55 -30.22 -105.25 0.275 0x0000FF
61.83 -29.49 -103.05 61.46 -29.67 -104.04 0.275 0x0000FF
62.92 -29.31 -100.1 61.83 -29.49 -103.05 0.275 0x0000FF
63.65 -29.13 -97.37 62.92 -29.31 -100.1 0.275 0x0000FF
64.02 -28.76 -95.02 63.65 -29.13 -97.37 0.275 0x0000FF
64.75 -28.58 -94.72 64.02 -28.76 -95.02 0.275 0x0000FF
65.66 -28.4 -93.28 64.75 -28.58 -94.72 0.275 0x0000FF
66.94 -28.03 -92.67 65.66 -28.4 -93.28 0.275 0x0000FF
67.3 -27.85 -90.48 66.94 -28.03 -92.67 0.275 0x0000FF
67.84 -27.67 -89.19 67.3 -27.85 -90.48 0.275 0x0000FF
68.58 -27.49 -87.14 67.84 -27.67 -89.19 0.275 0x0000FF
69.48 -27.49 -85.48 68.58 -27.49 -87.14 0.275 0x0000FF
70.77 -28.03 -84.34 69.48 -27.49 -85.48 0.275 0x0000FF
71.86 -28.4 -81.69 70.77 -28.03 -84.34 0.275 0x0000FF
75.33 -28.94 -81.39 71.86 -28.4 -81.69 0.275 0x0000FF
76.97 -28.94 -79.26 75.33 -28.94 -81.39 0.275 0x0000FF
80.98 -29.67 -78.58 76.97 -28.94 -79.26 0.275 0x0000FF
82.26 -29.86 -78.05 80.98 -29.67 -78.58 0.18 0x0000FF
30.95 -29.38 -123.12 30.08 -27.49 -116.16 0.455 0x0000FF
32.22 -31.2 -123.12 30.95 -29.38 -123.12 0.455 0x0000FF
32.96 -32.65 -123.5 32.22 -31.2 -123.12 0.455 0x0000FF
34.42 -33.57 -124.18 32.96 -32.65 -123.5 0.455 0x0000FF
36.06 -34.47 -124.18 34.42 -33.57 -124.18 0.455 0x0000FF
37.52 -35.76 -124.71 36.06 -34.47 -124.18 0.455 0x0000FF
38.79 -36.85 -125.25 37.52 -35.76 -124.71 0.455 0x0000FF
40.07 -38.49 -125.85 38.79 -36.85 -125.25 0.455 0x0000FF
41.35 -40.13 -126.23 40.07 -38.49 -125.85 0.455 0x0000FF
42.44 -41.4 -126.38 41.35 -40.13 -126.23 0.455 0x0000FF
43.54 -42.32 -126.61 42.44 -41.4 -126.38 0.455 0x0000FF
45.36 -43.96 -127.06 43.54 -42.32 -126.61 0.455 0x0000FF
47.37 -45.23 -127.29 45.36 -43.96 -127.06 0.455 0x0000FF
49.92 -46.32 -127.59 47.37 -45.23 -127.29 0.455 0x0000FF
52.66 -47.05 -128.65 49.92 -46.32 -127.59 0.455 0x0000FF
55.03 -47.78 -129.03 52.66 -47.05 -128.65 0.455 0x0000FF
57.04 -48.51 -129.49 55.03 -47.78 -129.03 0.455 0x0000FF
59.23 -49.06 -130.55 57.04 -48.51 -129.49 0.455 0x0000FF
62.51 -50.15 -131.46 59.23 -49.06 -130.55 0.455 0x0000FF
63.97 -50.33 -132.21 62.51 -50.15 -131.46 0.455 0x0000FF
67.08 -51.43 -132.9 63.97 -50.33 -132.21 0.455 0x0000FF
69.45 -53.25 -133.58 67.08 -51.43 -132.9 0.455 0x0000FF
70.72 -55.25 -134.34 69.45 -53.25 -133.58 0.455 0x0000FF
72.73 -57.98 -134.49 70.72 -55.25 -134.34 0.455 0x0000FF
80.58 -63.09 -135.09 72.73 -57.98 -134.49 0.455 0x0000FF
85.32 -68.73 -135.24 80.58 -63.09 -135.09 0.365 0x0000FF
87.51 -70.56 -134.26 85.32 -68.73 -135.24 0.365 0x0000FF
91.52 -72.93 -133.96 87.51 -70.56 -134.26 0.365 0x0000FF
94.08 -75.48 -133.8 91.52 -72.93 -133.96 0.365 0x0000FF
97.54 -78.94 -133.65 94.08 -75.48 -133.8 0.365 0x0000FF
100.28 -81.67 -132.97 97.54 -78.94 -133.65 0.365 0x0000FF
104.3 -83.13 -132.9 100.28 -81.67 -132.97 0.365 0x0000FF
108.86 -84.4 -132.74 104.3 -83.13 -132.9 0.275 0x0000FF
26.62 -25.3 -116.69 25.52 -26.21 -116.53 0.545 0x0000FF
28.26 -24.03 -117.22 26.62 -25.3 -116.69 0.455 0x0000FF
29.17 -22.93 -117.67 28.26 -24.03 -117.22 0.455 0x0000FF
30.45 -22.02 -117.97 29.17 -22.93 -117.67 0.455 0x0000FF
31.18 -21.11 -118.58 30.45 -22.02 -117.97 0.455 0x0000FF
31.72 -20.38 -118.88 31.18 -21.11 -118.58 0.455 0x0000FF
32.27 -19.29 -119.87 31.72 -20.38 -118.88 0.455 0x0000FF
33.0 -18.38 -121.46 32.27 -19.29 -119.87 0.455 0x0000FF
33.54 -17.82 -122.67 33.0 -18.38 -121.46 0.455 0x0000FF
34.28 -18.01 -123.5 33.54 -17.82 -122.67 0.455 0x0000FF
35.01 -18.2 -124.56 34.28 -18.01 -123.5 0.455 0x0000FF
36.83 -18.73 -124.18 35.01 -18.2 -124.56 0.275 0x0000FF
37.2 -18.73 -124.56 36.83 -18.73 -124.18 0.275 0x0000FF
38.11 -18.73 -125.17 37.2 -18.73 -124.56 0.275 0x0000FF
38.84 -18.92 -125.85 38.11 -18.73 -125.17 0.275 0x0000FF
39.75 -19.47 -126.91 38.84 -18.92 -125.85 0.275 0x0000FF
40.65 -20.2 -127.9 39.75 -19.47 -126.91 0.275 0x0000FF
41.76 -20.75 -129.18 40.65 -20.2 -127.9 0.275 0x0000FF
42.12 -20.93 -130.62 41.76 -20.75 -129.18 0.275 0x0000FF
45.41 -21.66 -131.68 42.12 -20.93 -130.62 0.275 0x0000FF
45.96 -21.66 -132.06 45.41 -21.66 -131.68 0.275 0x0000FF
47.96 -21.47 -133.19 45.96 -21.66 -132.06 0.18 0x0000FF
36.29 -17.28 -125.62 35.01 -18.2 -124.56 0.275 0x0000FF
36.83 -15.83 -125.7 36.29 -17.28 -125.62 0.275 0x0000FF
36.83 -14.0 -126.0 36.83 -15.83 -125.7 0.275 0x0000FF
36.65 -11.82 -126.38 36.83 -14.0 -126.0 0.275 0x0000FF
37.2 -10.36 -126.76 36.65 -11.82 -126.38 0.275 0x0000FF
37.93 -8.53 -126.99 37.2 -10.36 -126.76 0.275 0x0000FF
38.65 -6.53 -127.44 37.93 -8.53 -126.99 0.275 0x0000FF
6.0 -39.69 -110.85 9.49 -31.62 -117.34 0.91 0x0000FF
4.9 -40.42 -111.16 6.0 -39.69 -110.85 0.91 0x0000FF
3.99 -41.52 -112.29 4.9 -40.42 -111.16 0.91 0x0000FF
2.71 -42.43 -113.2 3.99 -41.52 -112.29 0.91 0x0000FF
2.17 -43.16 -114.41 2.71 -42.43 -113.2 0.91 0x0000FF
0.52 -44.8 -115.17 2.17 -43.16 -114.41 0.91 0x0000FF
-0.75 -46.25 -115.55 0.52 -44.8 -115.17 0.91 0x0000FF
-3.12 -49.17 -115.62 -0.75 -46.25 -115.55 0.82 0x0000FF
-3.31 -49.9 -117.67 -3.12 -49.17 -115.62 0.82 0x0000FF
-3.67 -50.81 -119.11 -3.31 -49.9 -117.67 0.82 0x0000FF
-4.04 -52.08 -115.25 -3.67 -50.81 -119.11 0.82 0x0000FF
-3.67 -53.0 -113.96 -4.04 -52.08 -115.25 0.73 0x0000FF
-2.94 -53.72 -111.08 -3.67 -53.0 -113.96 0.73 0x0000FF
-2.21 -54.09 -109.41 -2.94 -53.72 -111.08 0.73 0x0000FF
-2.02 -54.45 -107.97 -2.21 -54.09 -109.41 0.73 0x0000FF
-2.02 -54.63 -109.11 -2.02 -54.45 -107.97 0.73 0x0000FF
-0.75 -55.91 -111.0 -2.02 -54.63 -109.11 0.73 0x0000FF
0.32 -58.45 -110.02 -0.75 -55.91 -111.0 0.365 0x0000FF
0.51 -59.18 -109.19 0.32 -58.45 -110.02 0.365 0x0000FF
1.24 -60.45 -108.13 0.51 -59.18 -109.19 0.365 0x0000FF
2.33 -61.73 -107.44 1.24 -60.45 -108.13 0.365 0x0000FF
3.79 -62.46 -106.99 2.33 -61.73 -107.44 0.365 0x0000FF
4.51 -63.01 -105.4 3.79 -62.46 -106.99 0.365 0x0000FF
5.43 -63.73 -104.26 4.51 -63.01 -105.4 0.365 0x0000FF
6.71 -64.65 -103.73 5.43 -63.73 -104.26 0.365 0x0000FF
7.62 -65.37 -102.22 6.71 -64.65 -103.73 0.365 0x0000FF
8.52 -66.09 -101.69 7.62 -65.37 -102.22 0.365 0x0000FF
10.36 -67.2 -100.85 8.52 -66.09 -101.69 0.365 0x0000FF
11.09 -67.38 -99.87 10.36 -67.2 -100.85 0.275 0x0000FF
13.09 -67.73 -98.51 11.09 -67.38 -99.87 0.275 0x0000FF
0.71 -57.19 -111.76 -0.75 -55.91 -111.0 0.545 0x0000FF
3.99 -58.46 -112.37 0.71 -57.19 -111.76 0.545 0x0000FF
5.63 -58.83 -112.9 3.99 -58.46 -112.37 0.545 0x0000FF
7.64 -59.01 -113.5 5.63 -58.83 -112.9 0.545 0x0000FF
10.92 -59.55 -114.79 7.64 -59.01 -113.5 0.545 0x0000FF
14.03 -60.1 -115.93 10.92 -59.55 -114.79 0.545 0x0000FF
17.13 -60.65 -117.14 14.03 -60.1 -115.93 0.545 0x0000FF
19.5 -61.38 -118.2 17.13 -60.65 -117.14 0.545 0x0000FF
20.41 -62.11 -118.88 19.5 -61.38 -118.2 0.545 0x0000FF
21.14 -62.83 -119.34 20.41 -62.11 -118.88 0.545 0x0000FF
22.42 -63.56 -120.4 21.14 -62.83 -119.34 0.545 0x0000FF
23.33 -64.11 -121.84 22.42 -63.56 -120.4 0.455 0x0000FF
24.79 -64.47 -122.67 23.33 -64.11 -121.84 0.455 0x0000FF
27.16 -64.66 -124.11 24.79 -64.47 -122.67 0.455 0x0000FF
29.17 -64.84 -124.56 27.16 -64.66 -124.11 0.455 0x0000FF
30.26 -64.84 -125.32 29.17 -64.84 -124.56 0.455 0x0000FF
35.36 -65.75 -125.85 30.26 -64.84 -125.32 0.455 0x0000FF
38.84 -66.48 -123.65 35.36 -65.75 -125.85 0.455 0x0000FF
40.98 -66.91 -126.38 38.84 -66.48 -123.65 0.64 0x0000FF
43.17 -67.28 -126.61 40.98 -66.91 -126.38 0.64 0x0000FF
45.73 -68.37 -127.14 43.17 -67.28 -126.61 0.545 0x0000FF
47.01 -68.73 -127.52 45.73 -68.37 -127.14 0.545 0x0000FF
48.65 -69.28 -127.97 47.01 -68.73 -127.52 0.545 0x0000FF
50.11 -70.01 -128.05 48.65 -69.28 -127.97 0.545 0x0000FF
54.12 -72.01 -128.72 50.11 -70.01 -128.05 0.545 0x0000FF
55.4 -72.73 -128.96 54.12 -72.01 -128.72 0.545 0x0000FF
56.86 -73.84 -129.34 55.4 -72.73 -128.96 0.545 0x0000FF
58.32 -74.56 -129.71 56.86 -73.84 -129.34 0.545 0x0000FF
59.78 -75.48 -129.71 58.32 -74.56 -129.71 0.545 0x0000FF
60.87 -76.2 -130.24 59.78 -75.48 -129.71 0.545 0x0000FF
63.43 -76.93 -130.4 60.87 -76.2 -130.24 0.545 0x0000FF
66.53 -77.3 -130.93 63.43 -76.93 -130.4 0.545 0x0000FF
67.62 -77.3 -131.15 66.53 -77.3 -130.93 0.545 0x0000FF
69.08 -77.48 -131.46 67.62 -77.3 -131.15 0.545 0x0000FF
71.27 -77.66 -131.76 69.08 -77.48 -131.46 0.455 0x0000FF
72.18 -77.84 -132.06 71.27 -77.66 -131.76 0.455 0x0000FF
73.64 -78.03 -132.44 72.18 -77.84 -132.06 0.275 0x0000FF
75.09 -78.2 -132.44 73.64 -78.03 -132.44 0.275 0x0000FF
12.18 -40.78 -113.05 9.49 -31.62 -117.34 1.005 0x0000FF
12.18 -41.69 -114.26 12.18 -40.78 -113.05 1.005 0x0000FF
12.18 -42.6 -115.02 12.18 -41.69 -114.26 1.005 0x0000FF
12.18 -43.15 -116.38 12.18 -42.6 -115.02 1.005 0x0000FF
12.36 -43.87 -118.5 12.18 -43.15 -116.38 1.005 0x0000FF
12.36 -44.79 -120.09 12.36 -43.87 -118.5 1.005 0x0000FF
12.36 -45.51 -120.93 12.36 -44.79 -120.09 1.005 0x0000FF
12.73 -46.61 -121.76 12.36 -45.51 -120.93 1.005 0x0000FF
13.09 -47.52 -122.52 12.73 -46.61 -121.76 1.005 0x0000FF
13.09 -48.43 -123.35 13.09 -47.52 -122.52 1.005 0x0000FF
13.09 -49.34 -124.41 13.09 -48.43 -123.35 1.005 0x0000FF
13.46 -51.89 -125.62 13.09 -49.34 -124.41 0.73 0x0000FF
13.64 -53.53 -126.0 13.46 -51.89 -125.62 0.73 0x0000FF
14.01 -55.9 -126.61 13.64 -53.53 -126.0 0.545 0x0000FF
14.37 -57.17 -127.52 14.01 -55.9 -126.61 0.545 0x0000FF
16.01 -59.18 -127.97 14.37 -57.17 -127.52 0.18 0x0000FF
16.73 -60.45 -128.28 16.01 -59.18 -127.97 0.18 0x0000FF
16.73 -60.64 -129.87 16.73 -60.45 -128.28 0.18 0x0000FF
16.93 -61.0 -131.0 16.73 -60.64 -129.87 0.18 0x0000FF
17.66 -63.01 -132.13 16.93 -61.0 -131.0 0.18 0x0000FF
18.39 -65.01 -133.05 17.66 -63.01 -132.13 0.18 0x0000FF
18.93 -68.29 -133.58 18.39 -65.01 -133.05 0.18 0x0000FF
17.29 -57.9 -128.12 14.37 -57.17 -127.52 0.365 0x0000FF
19.3 -59.36 -128.65 17.29 -57.9 -128.12 0.365 0x0000FF
20.03 -59.91 -129.18 19.3 -59.36 -128.65 0.18 0x0000FF
-0.04 -29.66 -112.37 9.49 -31.62 -117.34 1.005 0x0000FF
-2.04 -30.39 -113.73 -0.04 -29.66 -112.37 1.005 0x0000FF
-7.7 -30.57 -114.41 -2.04 -30.39 -113.73 1.005 0x0000FF
-13.0 -32.21 -114.41 -7.7 -30.57 -114.41 1.005 0x0000FF
-16.64 -33.49 -113.73 -13.0 -32.21 -114.41 1.005 0x0000FF
-22.48 -34.76 -113.28 -16.64 -33.49 -113.73 1.005 0x0000FF
-26.68 -35.31 -112.44 -22.48 -34.76 -113.28 1.005 0x0000FF
-29.42 -35.68 -114.56 -26.68 -35.31 -112.44 1.005 0x0000FF
-31.42 -36.04 -115.4 -29.42 -35.68 -114.56 1.005 0x0000FF
-34.71 -37.32 -117.37 -31.42 -36.04 -115.4 0.82 0x0000FF
-35.61 -37.32 -118.12 -34.71 -37.32 -117.37 0.82 0x0000FF
-36.53 -37.32 -119.79 -35.61 -37.32 -118.12 0.82 0x0000FF
-37.44 -37.32 -121.46 -36.53 -37.32 -119.79 0.82 0x0000FF
-39.45 -37.13 -122.14 -37.44 -37.32 -121.46 0.82 0x0000FF
-41.82 -36.95 -123.73 -39.45 -37.13 -122.14 0.82 0x0000FF
-43.47 -36.77 -125.4 -41.82 -36.95 -123.73 0.82 0x0000FF
-45.47 -36.59 -127.14 -43.47 -36.77 -125.4 0.82 0x0000FF
-47.84 -36.4 -128.58 -45.47 -36.59 -127.14 0.82 0x0000FF
-52.77 -34.58 -127.9 -47.84 -36.4 -128.58 0.64 0x0000FF
-53.5 -34.04 -127.29 -52.77 -34.58 -127.9 0.64 0x0000FF
-53.68 -32.76 -127.21 -53.5 -34.04 -127.29 0.365 0x0000FF
-56.05 -31.12 -127.21 -53.68 -32.76 -127.21 0.365 0x0000FF
-58.06 -29.3 -127.21 -56.05 -31.12 -127.21 0.365 0x0000FF
-62.26 -26.2 -127.21 -58.06 -29.3 -127.21 0.365 0x0000FF
-65.18 -23.65 -127.21 -62.26 -26.2 -127.21 0.365 0x0000FF
-68.64 -21.46 -128.5 -65.18 -23.65 -127.21 0.365 0x0000FF
-70.47 -20.74 -129.34 -68.64 -21.46 -128.5 0.365 0x0000FF
-76.84 -19.46 -129.79 -70.47 -20.74 -129.34 0.365 0x0000FF
-79.77 -19.28 -130.16 -76.84 -19.46 -129.79 0.365 0x0000FF
-87.71 -19.6 -131.08 -79.77 -19.28 -130.16 0.365 0x0000FF
-56.6 -33.67 -126.53 -53.5 -34.04 -127.29 0.455 0x0000FF
-59.34 -33.49 -126.46 -56.6 -33.67 -126.53 0.455 0x0000FF
-61.16 -32.94 -126.23 -59.34 -33.49 -126.46 0.455 0x0000FF
-63.17 -32.4 -126.15 -61.16 -32.94 -126.23 0.275 0x0000FF
-65.54 -30.57 -126.15 -63.17 -32.4 -126.15 0.275 0x0000FF
-1.23 -28.16 -116.0 9.49 -31.62 -117.34 0.64 0x0000FF
-3.23 -27.98 -116.23 -1.23 -28.16 -116.0 0.64 0x0000FF
-6.52 -26.52 -116.38 -3.23 -27.98 -116.23 0.64 0x0000FF
-10.35 -25.43 -116.69 -6.52 -26.52 -116.38 0.64 0x0000FF
-13.09 -24.7 -115.32 -10.35 -25.43 -116.69 0.64 0x0000FF
-16.92 -23.61 -115.85 -13.09 -24.7 -115.32 0.64 0x0000FF
-19.47 -22.69 -116.69 -16.92 -23.61 -115.85 0.64 0x0000FF
-20.93 -21.78 -116.91 -19.47 -22.69 -116.69 0.365 0x0000FF
-22.21 -20.14 -117.52 -20.93 -21.78 -116.91 0.365 0x0000FF
-22.76 -19.23 -117.75 -22.21 -20.14 -117.52 0.365 0x0000FF
-24.03 -17.59 -118.73 -22.76 -19.23 -117.75 0.365 0x0000FF
-25.86 -15.95 -119.79 -24.03 -17.59 -118.73 0.365 0x0000FF
-28.41 -13.77 -120.62 -25.86 -15.95 -119.79 0.365 0x0000FF
-30.78 -11.58 -121.31 -28.41 -13.77 -120.62 0.365 0x0000FF
-33.15 -9.02 -121.53 -30.78 -11.58 -121.31 0.365 0x0000FF
-37.17 -4.84 -122.06 -33.15 -9.02 -121.53 0.365 0x0000FF
-39.9 -1.01 -122.59 -37.17 -4.84 -122.06 0.365 0x0000FF
-41.37 1.9 -123.65 -39.9 -1.01 -122.59 0.365 0x0000FF
-42.46 3.72 -124.26 -41.37 1.9 -123.65 0.365 0x0000FF
-42.83 6.64 -125.25 -42.46 3.72 -124.26 0.365 0x0000FF
-44.29 11.74 -126.0 -42.83 6.64 -125.25 0.365 0x0000FF
-45.56 15.38 -126.53 -44.29 11.74 -126.0 0.365 0x0000FF
-46.11 17.02 -127.59 -45.56 15.38 -126.53 0.365 0x0000FF
-46.84 19.03 -129.26 -46.11 17.02 -127.59 0.365 0x0000FF
-47.93 22.31 -130.85 -46.84 19.03 -129.26 0.275 0x0000FF
-48.85 24.68 -131.08 -47.93 22.31 -130.85 0.275 0x0000FF
-24.95 -23.24 -116.99 -19.47 -22.69 -116.69 0.545 0x0000FF
-26.95 -22.15 -117.22 -24.95 -23.24 -116.99 0.545 0x0000FF
-30.42 -21.6 -117.22 -26.95 -22.15 -117.22 0.545 0x0000FF
-33.34 -21.42 -117.29 -30.42 -21.6 -117.22 0.545 0x0000FF
-39.36 -19.78 -117.82 -33.34 -21.42 -117.29 0.455 0x0000FF
-43.74 -18.32 -118.05 -39.36 -19.78 -117.82 0.455 0x0000FF
-47.57 -17.05 -118.81 -43.74 -18.32 -118.05 0.365 0x0000FF
-48.85 -16.5 -119.41 -47.57 -17.05 -118.81 0.365 0x0000FF
-50.49 -15.95 -119.79 -48.85 -16.5 -119.41 0.365 0x0000FF
-52.5 -15.41 -120.62 -50.49 -15.95 -119.79 0.365 0x0000FF
-55.96 -15.04 -120.32 -52.5 -15.41 -120.62 0.365 0x0000FF
-57.06 -14.86 -119.72 -55.96 -15.04 -120.32 0.365 0x0000FF
-60.71 -14.13 -118.35 -57.06 -14.86 -119.72 0.275 0x0000FF
-61.98 -13.95 -118.96 -60.71 -14.13 -118.35 0.275 0x0000FF
-63.26 -14.13 -118.96 -61.98 -13.95 -118.96 0.275 0x0000FF
-66.0 -15.04 -119.19 -63.26 -14.13 -118.96 0.275 0x0000FF
-69.65 -17.05 -119.41 -66.0 -15.04 -119.19 0.275 0x0000FF
-72.02 -19.42 -119.87 -69.65 -17.05 -119.41 0.275 0x0000FF
-73.48 -21.24 -120.02 -72.02 -19.42 -119.87 0.275 0x0000FF
-74.2 -23.06 -120.09 -73.48 -21.24 -120.02 0.275 0x0000FF
2.87 -34.45 -117.29 9.49 -31.62 -117.34 1.005 0x0000FF
2.69 -34.63 -115.17 2.87 -34.45 -117.29 1.005 0x0000FF
2.31 -34.63 -113.05 2.69 -34.63 -115.17 1.005 0x0000FF
1.59 -34.99 -111.69 2.31 -34.63 -113.05 1.005 0x0000FF
1.41 -34.99 -109.56 1.59 -34.99 -111.69 1.005 0x0000FF
0.86 -35.17 -108.05 1.41 -34.99 -109.56 1.005 0x0000FF
0.86 -35.17 -105.02 0.86 -35.17 -108.05 1.005 0x0000FF
-0.42 -35.54 -101.99 0.86 -35.17 -105.02 1.005 0x0000FF
-1.33 -35.36 -101.23 -0.42 -35.54 -101.99 1.005 0x0000FF
-1.51 -36.63 -100.17 -1.33 -35.36 -101.23 1.005 0x0000FF
-5.16 -38.45 -99.19 -1.51 -36.63 -100.17 0.82 0x0000FF
-5.71 -39.18 -100.32 -5.16 -38.45 -99.19 0.82 0x0000FF
-6.25 -40.46 -101.84 -5.71 -39.18 -100.32 0.82 0x0000FF
-7.35 -42.1 -103.88 -6.25 -40.46 -101.84 0.82 0x0000FF
-8.63 -45.2 -105.32 -7.35 -42.1 -103.88 0.64 0x0000FF
-8.63 -46.47 -105.93 -8.63 -45.2 -105.32 0.64 0x0000FF
-9.17 -51.03 -105.93 -8.63 -46.47 -105.93 0.64 0x0000FF
-9.9 -53.03 -105.63 -9.17 -51.03 -105.93 0.64 0x0000FF
-11.91 -57.58 -103.66 -9.9 -53.03 -105.63 0.365 0x0000FF
-12.09 -60.32 -103.5 -11.91 -57.58 -103.66 0.365 0x0000FF
-12.09 -64.69 -102.9 -12.09 -60.32 -103.5 0.365 0x0000FF
-10.63 -69.97 -102.22 -12.09 -64.69 -102.9 0.365 0x0000FF
-8.81 -77.08 -101.91 -10.63 -69.97 -102.22 0.365 0x0000FF
-8.26 -82.0 -101.31 -8.81 -77.08 -101.91 0.365 0x0000FF
-8.44 -84.0 -100.55 -8.26 -82.0 -101.31 0.365 0x0000FF
-11.38 -87.68 -100.32 -8.44 -84.0 -100.55 0.275 0x0000FF
-12.29 -89.14 -100.25 -11.38 -87.68 -100.32 0.275 0x0000FF
-14.66 -92.42 -99.72 -12.29 -89.14 -100.25 0.275 0x0000FF
-15.76 -95.34 -99.57 -14.66 -92.42 -99.72 0.275 0x0000FF
-9.36 -89.47 -99.49 -8.44 -84.0 -100.55 0.365 0x0000FF
-11.36 -94.94 -99.34 -9.36 -89.47 -99.49 0.365 0x0000FF
-14.65 -99.67 -98.81 -11.36 -94.94 -99.34 0.365 0x0000FF
-20.32 -122.48 -97.98 -14.65 -99.67 -98.81 0.365 0x0000FF
-21.23 -125.76 -97.82 -20.32 -122.48 -97.98 0.365 0x0000FF
-23.42 -129.41 -97.22 -21.23 -125.76 -97.82 0.365 0x0000FF
-24.88 -131.78 -96.38 -23.42 -129.41 -97.22 0.365 0x0000FF
-28.35 -136.51 -95.63 -24.88 -131.78 -96.38 0.275 0x0000FF
6.32 -20.87 -110.25 9.49 -31.62 -117.34 2.28 0x0000FF
7.41 -18.5 -109.72 6.32 -20.87 -110.25 2.735 0x0000FF
7.41 -16.68 -108.96 7.41 -18.5 -109.72 2.735 0x0000FF
7.96 -14.86 -107.75 7.41 -16.68 -108.96 2.465 0x0000FF
7.96 -13.77 -107.44 7.96 -14.86 -107.75 2.465 0x0000FF
8.14 -13.04 -106.76 7.96 -13.77 -107.44 2.465 0x0000FF
8.14 -11.76 -105.63 8.14 -13.04 -106.76 2.465 0x0000FF
8.14 -10.85 -103.96 8.14 -11.76 -105.63 2.465 0x0000FF
8.51 -7.57 -103.35 8.14 -10.85 -103.96 2.37 0x0000FF
9.01 -4.28 -103.13 8.51 -7.57 -103.35 1.64 0x0000FF
9.19 -3.56 -103.05 9.01 -4.28 -103.13 1.64 0x0000FF
9.19 -2.46 -102.44 9.19 -3.56 -103.05 1.64 0x0000FF
9.19 -1.73 -102.07 9.19 -2.46 -102.44 1.64 0x0000FF
9.19 0.45 -101.54 9.19 -1.73 -102.07 1.64 0x0000FF
8.83 1.73 -101.01 9.19 0.45 -101.54 1.64 0x0000FF
7.55 4.46 -100.63 8.83 1.73 -101.01 1.64 0x0000FF
6.45 6.1 -101.46 7.55 4.46 -100.63 1.64 0x0000FF
5.72 7.92 -102.44 6.45 6.1 -101.46 1.64 0x0000FF
4.63 11.02 -102.97 5.72 7.92 -102.44 1.64 0x0000FF
3.54 13.57 -103.2 4.63 11.02 -102.97 1.64 0x0000FF
2.81 17.57 -103.58 3.54 13.57 -103.2 1.64 0x0000FF
2.62 20.49 -104.04 2.81 17.57 -103.58 1.64 0x0000FF
2.81 33.43 -104.57 2.62 20.49 -104.04 1.64 0x0000FF
2.62 37.61 -105.1 2.81 33.43 -104.57 1.64 0x0000FF
1.89 40.17 -105.17 2.62 37.61 -105.1 1.64 0x0000FF
1.89 41.99 -104.26 1.89 40.17 -105.17 1.64 0x0000FF
1.89 43.27 -103.28 1.89 41.99 -104.26 1.64 0x0000FF
1.71 44.73 -102.75 1.89 43.27 -103.28 1.64 0x0000FF
1.53 45.27 -101.69 1.71 44.73 -102.75 1.64 0x0000FF
1.53 46.73 -101.01 1.53 45.27 -101.69 1.64 0x0000FF
0.8 48.37 -100.25 1.53 46.73 -101.01 1.64 0x0000FF
0.43 50.38 -99.79 0.8 48.37 -100.25 1.735 0x0000FF
0.43 51.1 -99.34 0.43 50.38 -99.79 1.735 0x0000FF
1.53 56.02 -99.04 0.43 51.1 -99.34 1.55 0x0000FF
0.43 61.49 -98.58 1.53 56.02 -99.04 1.55 0x0000FF
-0.48 63.13 -97.98 0.43 61.49 -98.58 1.55 0x0000FF
-1.21 65.31 -97.14 -0.48 63.13 -97.98 1.55 0x0000FF
-2.12 69.87 -96.61 -1.21 65.31 -97.14 1.55 0x0000FF
-2.85 74.43 -96.23 -2.12 69.87 -96.61 1.55 0x0000FF
-3.03 77.52 -95.7 -2.85 74.43 -96.23 1.55 0x0000FF
-3.22 78.98 -95.63 -3.03 77.52 -95.7 1.55 0x0000FF
-6.84 83.66 -93.28 -3.22 78.98 -95.63 1.46 0x0000FF
-9.21 88.39 -92.6 -6.84 83.66 -93.28 1.46 0x0000FF
-11.04 92.04 -91.76 -9.21 88.39 -92.6 1.46 0x0000FF
-11.77 95.32 -91.01 -11.04 92.04 -91.76 1.46 0x0000FF
-13.23 99.87 -89.72 -11.77 95.32 -91.01 1.46 0x0000FF
-14.5 102.42 -89.19 -13.23 99.87 -89.72 1.46 0x0000FF
-16.51 105.7 -88.05 -14.5 102.42 -89.19 1.46 0x0000FF
-17.97 108.8 -87.37 -16.51 105.7 -88.05 1.46 0x0000FF
-18.88 111.17 -86.61 -17.97 108.8 -87.37 1.46 0x0000FF
-21.07 116.27 -85.78 -18.88 111.17 -86.61 1.46 0x0000FF
-21.98 121.92 -86.92 -21.07 116.27 -85.78 1.37 0x0000FF
-22.53 125.93 -87.67 -21.98 121.92 -86.92 1.37 0x0000FF
-22.9 130.85 -88.35 -22.53 125.93 -87.67 1.37 0x0000FF
-22.9 132.3 -87.22 -22.9 130.85 -88.35 1.37 0x0000FF
-22.9 134.31 -86.39 -22.9 132.3 -87.22 1.37 0x0000FF
-23.63 139.59 -85.55 -22.9 134.31 -86.39 1.37 0x0000FF
-23.63 142.51 -84.19 -23.63 139.59 -85.55 1.37 0x0000FF
-24.17 146.69 -82.9 -23.63 142.51 -84.19 1.37 0x0000FF
-25.27 152.53 -81.92 -24.17 146.69 -82.9 1.37 0x0000FF
-26.18 160.36 -81.23 -25.27 152.53 -81.92 1.37 0x0000FF
-26.73 168.2 -80.55 -26.18 160.36 -81.23 1.37 0x0000FF
-28.73 174.57 -79.26 -26.73 168.2 -80.55 1.37 0x0000FF
-31.65 183.5 -78.28 -28.73 174.57 -79.26 1.37 0x0000FF
-32.93 189.33 -77.83 -31.65 183.5 -78.28 1.37 0x0000FF
-34.21 194.43 -76.54 -32.93 189.33 -77.83 1.37 0x0000FF
-35.49 197.9 -75.86 -34.21 194.43 -76.54 1.37 0x0000FF
-36.03 199.35 -75.4 -35.49 197.9 -75.86 1.37 0x0000FF
-39.65 210.27 -74.72 -36.03 199.35 -75.4 1.37 0x0000FF
-41.29 214.28 -74.04 -39.65 210.27 -74.72 1.37 0x0000FF
-43.11 223.57 -72.67 -41.29 214.28 -74.04 1.185 0x0000FF
-43.84 228.49 -72.22 -43.11 223.57 -72.67 1.185 0x0000FF
-45.12 232.68 -71.54 -43.84 228.49 -72.22 1.185 0x0000FF
-50.41 262.93 -69.56 -45.12 232.68 -71.54 0.82 0x0000FF
-52.6 269.48 -69.27 -50.41 262.93 -69.56 0.82 0x0000FF
-54.43 284.61 -68.43 -52.6 269.48 -69.27 0.73 0x0000FF
-55.7 293.72 -68.43 -54.43 284.61 -68.43 0.64 0x0000FF
-57.34 299.05 -68.36 -55.7 293.72 -68.43 0.64 0x0000FF
-60.44 306.89 -66.77 -57.34 299.05 -68.36 0.545 0x0000FF
-62.08 311.26 -66.08 -60.44 306.89 -66.77 0.545 0x0000FF
-63.0 313.99 -65.7 -62.08 311.26 -66.08 0.545 0x0000FF
-65.73 320.19 -64.87 -63.0 313.99 -65.7 0.545 0x0000FF
-68.84 324.38 -63.89 -65.73 320.19 -64.87 0.545 0x0000FF
-70.84 327.84 -64.27 -68.84 324.38 -63.89 0.545 0x0000FF
-71.39 329.48 -65.63 -70.84 327.84 -64.27 0.545 0x0000FF
-71.75 331.3 -66.84 -71.39 329.48 -65.63 0.545 0x0000FF
-71.94 336.58 -73.36 -71.75 331.3 -66.84 0.545 0x0000FF
-72.12 337.68 -73.51 -71.94 336.58 -73.36 0.545 0x0000FF
-73.65 341.71 -73.95 -72.12 337.68 -73.51 0.365 0x0000FF
-74.38 342.43 -74.42 -73.65 341.71 -73.95 0.365 0x0000FF
-74.93 344.26 -75.63 -74.38 342.43 -74.42 0.365 0x0000FF
-74.56 346.08 -76.77 -74.93 344.26 -75.63 0.365 0x0000FF
-73.65 347.9 -77.59 -74.56 346.08 -76.77 0.365 0x0000FF
-73.29 350.82 -78.66 -73.65 347.9 -77.59 0.365 0x0000FF
-73.09 352.27 -79.95 -73.29 350.82 -78.66 0.365 0x0000FF
-72.19 354.82 -80.78 -73.09 352.27 -79.95 0.365 0x0000FF
-71.64 356.1 -81.45 -72.19 354.82 -80.78 0.365 0x0000FF
-70.73 358.65 -81.76 -71.64 356.1 -81.45 0.365 0x0000FF
-70.55 359.38 -82.98 -70.73 358.65 -81.76 0.365 0x0000FF
-69.64 360.84 -84.42 -70.55 359.38 -82.98 0.365 0x0000FF
-68.18 361.75 -84.11 -69.64 360.84 -84.42 0.275 0x0000FF
-66.72 363.02 -82.9 -68.18 361.75 -84.11 0.275 0x0000FF
-64.7 363.93 -81.76 -66.72 363.02 -82.9 0.275 0x0000FF
-61.79 363.93 -80.4 -64.7 363.93 -81.76 0.365 0x0000FF
-59.42 364.12 -80.02 -61.79 363.93 -80.4 0.365 0x0000FF
-57.41 364.12 -79.42 -59.42 364.12 -80.02 0.365 0x0000FF
-55.77 363.39 -78.66 -57.41 364.12 -79.42 0.365 0x0000FF
-53.95 362.84 -77.9 -55.77 363.39 -78.66 0.365 0x0000FF
-51.76 362.29 -76.08 -53.95 362.84 -77.9 0.365 0x0000FF
-47.74 361.38 -76.08 -51.76 362.29 -76.08 0.365 0x0000FF
-42.45 360.65 -75.48 -47.74 361.38 -76.08 0.365 0x0000FF
-35.52 358.47 -74.95 -42.45 360.65 -75.48 0.365 0x0000FF
-27.67 357.92 -74.48 -35.52 358.47 -74.95 0.365 0x0000FF
-20.56 358.47 -74.04 -27.67 357.92 -74.48 0.365 0x0000FF
-7.06 358.47 -72.98 -20.56 358.47 -74.04 0.365 0x0000FF
5.17 362.66 -71.98 -7.06 358.47 -72.98 0.365 0x0000FF
10.28 361.02 -71.39 5.17 362.66 -71.98 0.365 0x0000FF
31.05 361.59 -70.86 10.28 361.02 -71.39 0.365 0x0000FF
47.65 362.68 -70.48 31.05 361.59 -70.86 0.365 0x0000FF
64.44 371.98 -70.02 47.65 362.68 -70.48 0.365 0x0000FF
75.75 377.81 -69.95 64.44 371.98 -70.02 0.365 0x0000FF
107.68 395.12 -69.27 75.75 377.81 -69.95 0.365 0x0000FF
113.15 398.21 -69.11 107.68 395.12 -69.27 0.365 0x0000FF
118.99 400.76 -68.05 113.15 398.21 -69.11 0.365 0x0000FF
128.84 402.4 -67.59 118.99 400.76 -68.05 0.365 0x0000FF
137.41 402.95 -67.45 128.84 402.4 -67.59 0.365 0x0000FF
-67.26 364.48 -84.79 -69.64 360.84 -84.42 0.365 0x0000FF
-65.44 365.94 -85.55 -67.26 364.48 -84.79 0.365 0x0000FF
-63.8 366.85 -86.84 -65.44 365.94 -85.55 0.365 0x0000FF
-62.34 367.94 -87.98 -63.8 366.85 -86.84 0.365 0x0000FF
-61.43 368.85 -88.89 -62.34 367.94 -87.98 0.365 0x0000FF
-60.7 370.13 -89.79 -61.43 368.85 -88.89 0.365 0x0000FF
-60.33 371.4 -90.48 -60.7 370.13 -89.79 0.365 0x0000FF
-59.97 373.04 -92.07 -60.33 371.4 -90.48 0.365 0x0000FF
-60.15 374.68 -93.58 -59.97 373.04 -92.07 0.365 0x0000FF
-60.33 375.78 -94.95 -60.15 374.68 -93.58 0.365 0x0000FF
-60.7 377.23 -95.7 -60.33 375.78 -94.95 0.365 0x0000FF
-61.06 381.61 -97.07 -60.7 377.23 -95.7 0.365 0x0000FF
-61.61 384.71 -98.2 -61.06 381.61 -97.07 0.365 0x0000FF
-61.79 385.8 -99.87 -61.61 384.71 -98.2 0.365 0x0000FF
-62.16 386.89 -101.69 -61.79 385.8 -99.87 0.365 0x0000FF
-62.52 388.53 -103.28 -62.16 386.89 -101.69 0.365 0x0000FF
-62.52 389.44 -104.94 -62.52 388.53 -103.28 0.365 0x0000FF
-62.34 390.72 -105.32 -62.52 389.44 -104.94 0.365 0x0000FF
-62.34 391.99 -106.99 -62.34 390.72 -105.32 0.365 0x0000FF
-61.97 393.82 -107.97 -62.34 391.99 -106.99 0.365 0x0000FF
-61.79 395.27 -109.26 -61.97 393.82 -107.97 0.365 0x0000FF
-62.52 398.55 -110.93 -61.79 395.27 -109.26 0.365 0x0000FF
-62.89 399.83 -112.29 -62.52 398.55 -110.93 0.365 0x0000FF
-63.62 401.65 -114.34 -62.89 399.83 -112.29 0.365 0x0000FF
-65.44 402.74 -115.17 -63.62 401.65 -114.34 0.275 0x0000FF
-75.95 341.14 -74.04 -72.12 337.68 -73.51 0.455 0x0000FF
-78.51 345.33 -74.42 -75.95 341.14 -74.04 0.455 0x0000FF
-82.15 350.25 -75.09 -78.51 345.33 -74.42 0.455 0x0000FF
-87.08 354.99 -75.63 -82.15 350.25 -75.09 0.455 0x0000FF
-92.74 360.63 -76.39 -87.08 354.99 -75.63 0.365 0x0000FF
-97.85 365.37 -76.92 -92.74 360.63 -76.39 0.365 0x0000FF
-101.68 369.74 -77.22 -97.85 365.37 -76.92 0.365 0x0000FF
-114.08 381.77 -78.36 -101.68 369.74 -77.22 0.365 0x0000FF
-116.82 385.05 -78.66 -114.08 381.77 -78.36 0.365 0x0000FF
-119.01 387.05 -79.48 -116.82 385.05 -78.66 0.365 0x0000FF
-125.1 393.82 -80.09 -119.01 387.05 -79.48 0.365 0x0000FF
-128.75 398.01 -80.55 -125.1 393.82 -80.09 0.275 0x0000FF
-129.47 398.92 -80.86 -128.75 398.01 -80.55 0.275 0x0000FF
-129.85 399.46 -81.16 -129.47 398.92 -80.86 0.275 0x0000FF
-130.58 400.19 -81.31 -129.85 399.46 -81.16 0.275 0x0000FF
-131.66 401.47 -81.84 -130.58 400.19 -81.31 0.275 0x0000FF
-132.4 402.38 -82.14 -131.66 401.47 -81.84 0.275 0x0000FF
-22.71 116.63 -84.04 -21.07 116.27 -85.78 0.64 0x0000FF
-24.54 116.63 -83.51 -22.71 116.63 -84.04 0.64 0x0000FF
-28.0 116.27 -82.52 -24.54 116.63 -83.51 0.64 0x0000FF
-31.29 115.54 -82.83 -28.0 116.27 -82.52 0.455 0x0000FF
-32.75 115.36 -83.73 -31.29 115.54 -82.83 0.455 0x0000FF
-35.29 115.18 -85.25 -32.75 115.36 -83.73 0.455 0x0000FF
-37.13 115.72 -86.69 -35.29 115.18 -85.25 0.455 0x0000FF
-37.67 115.91 -87.22 -37.13 115.72 -86.69 0.455 0x0000FF
-40.4 116.63 -88.89 -37.67 115.91 -87.22 0.455 0x0000FF
-42.24 116.63 -90.4 -40.4 116.63 -88.89 0.455 0x0000FF
-44.43 116.45 -90.48 -42.24 116.63 -90.4 0.455 0x0000FF
-45.34 116.63 -92.29 -44.43 116.45 -90.48 0.455 0x0000FF
-46.62 116.45 -93.73 -45.34 116.63 -92.29 0.455 0x0000FF
-49.72 116.45 -94.04 -46.62 116.45 -93.73 0.455 0x0000FF
-51.36 116.45 -95.4 -49.72 116.45 -94.04 0.455 0x0000FF
-56.1 117.55 -96.99 -51.36 116.45 -95.4 0.455 0x0000FF
-57.74 118.82 -97.44 -56.1 117.55 -96.99 0.455 0x0000FF
-60.12 121.19 -99.11 -57.74 118.82 -97.44 0.455 0x0000FF
-62.67 123.74 -100.32 -60.12 121.19 -99.11 0.455 0x0000FF
-66.5 128.84 -101.01 -62.67 123.74 -100.32 0.455 0x0000FF
-69.79 135.04 -101.69 -66.5 128.84 -101.01 0.455 0x0000FF
-71.25 138.68 -103.13 -69.79 135.04 -101.69 0.455 0x0000FF
-69.23 142.87 -104.41 -71.25 138.68 -103.13 0.365 0x0000FF
-67.78 143.96 -105.7 -69.23 142.87 -104.41 0.365 0x0000FF
-63.95 144.15 -106.46 -67.78 143.96 -105.7 0.365 0x0000FF
-60.85 142.69 -107.9 -63.95 144.15 -106.46 0.365 0x0000FF
-58.84 140.68 -108.2 -60.85 142.69 -107.9 0.365 0x0000FF
-56.83 138.5 -108.35 -58.84 140.68 -108.2 0.365 0x0000FF
-55.37 136.68 -108.35 -56.83 138.5 -108.35 0.365 0x0000FF
-54.64 135.77 -108.43 -55.37 136.68 -108.35 0.365 0x0000FF
-52.45 136.68 -108.58 -54.64 135.77 -108.43 0.275 0x0000FF
-52.09 138.13 -108.96 -52.45 136.68 -108.58 0.275 0x0000FF
-52.09 140.13 -109.34 -52.09 138.13 -108.96 0.275 0x0000FF
-52.09 141.78 -109.64 -52.09 140.13 -109.34 0.275 0x0000FF
-52.09 143.41 -109.64 -52.09 141.78 -109.64 0.275 0x0000FF
0.07 81.17 -94.95 -3.22 78.98 -95.63 0.545 0x0000FF
2.81 82.81 -94.72 0.07 81.17 -94.95 0.545 0x0000FF
5.18 84.26 -94.26 2.81 82.81 -94.72 0.545 0x0000FF
6.64 84.99 -94.04 5.18 84.26 -94.26 0.545 0x0000FF
8.64 86.09 -93.73 6.64 84.99 -94.04 0.545 0x0000FF
9.92 86.82 -93.28 8.64 86.09 -93.73 0.545 0x0000FF
11.59 88.39 -94.11 9.92 86.82 -93.28 0.365 0x0000FF
13.41 89.49 -93.66 11.59 88.39 -94.11 0.365 0x0000FF
16.7 90.94 -92.75 13.41 89.49 -93.66 0.365 0x0000FF
20.53 93.31 -92.07 16.7 90.94 -92.75 0.365 0x0000FF
22.53 94.59 -91.23 20.53 93.31 -92.07 0.365 0x0000FF
26.73 96.59 -90.63 22.53 94.59 -91.23 0.365 0x0000FF
32.02 98.78 -90.1 26.73 96.59 -90.63 0.365 0x0000FF
35.11 100.24 -89.26 32.02 98.78 -90.1 0.365 0x0000FF
39.5 102.61 -88.28 35.11 100.24 -89.26 0.365 0x0000FF
42.42 103.52 -87.98 39.5 102.61 -88.28 0.365 0x0000FF
47.53 104.79 -86.84 42.42 103.52 -87.98 0.365 0x0000FF
53.92 104.61 -85.86 47.53 104.79 -86.84 0.365 0x0000FF
59.94 104.61 -84.49 53.92 104.61 -85.86 0.365 0x0000FF
66.69 105.16 -84.49 59.94 104.61 -84.49 0.365 0x0000FF
71.43 105.88 -83.73 66.69 105.16 -84.49 0.365 0x0000FF
76.54 106.61 -83.05 71.43 105.88 -83.73 0.365 0x0000FF
81.83 106.61 -82.14 76.54 106.61 -83.05 0.365 0x0000FF
87.12 106.61 -81.08 81.83 106.61 -82.14 0.365 0x0000FF
90.04 106.61 -80.86 87.12 106.61 -81.08 0.365 0x0000FF
91.14 106.8 -80.7 90.04 106.61 -80.86 0.365 0x0000FF
92.05 107.16 -79.87 91.14 106.8 -80.7 0.365 0x0000FF
93.33 107.71 -78.66 92.05 107.16 -79.87 0.365 0x0000FF
93.69 108.07 -77.75 93.33 107.71 -78.66 0.365 0x0000FF
94.24 108.62 -76.39 93.69 108.07 -77.75 0.365 0x0000FF
94.79 110.08 -75.25 94.24 108.62 -76.39 0.365 0x0000FF
94.79 111.35 -74.72 94.79 110.08 -75.25 0.365 0x0000FF
94.6 112.26 -72.9 94.79 111.35 -74.72 0.365 0x0000FF
94.79 112.81 -70.17 94.6 112.26 -72.9 0.365 0x0000FF
95.33 113.17 -68.43 94.79 112.81 -70.17 0.365 0x0000FF
96.06 113.54 -67.83 95.33 113.17 -68.43 0.365 0x0000FF
96.61 113.54 -66.98 96.06 113.54 -67.83 0.365 0x0000FF
98.07 113.72 -65.18 96.61 113.54 -66.98 0.365 0x0000FF
99.16 113.72 -63.66 98.07 113.72 -65.18 0.365 0x0000FF
102.08 113.54 -61.92 99.16 113.72 -63.66 0.365 0x0000FF
106.46 113.9 -61.62 102.08 113.54 -61.92 0.275 0x0000FF
12.29 92.83 -92.82 9.92 86.82 -93.28 0.545 0x0000FF
13.94 94.47 -92.75 12.29 92.83 -92.82 0.545 0x0000FF
16.12 96.84 -92.52 13.94 94.47 -92.75 0.545 0x0000FF
19.77 99.39 -92.22 16.12 96.84 -92.52 0.545 0x0000FF
22.33 101.76 -91.99 19.77 99.39 -92.22 0.545 0x0000FF
24.7 103.94 -91.69 22.33 101.76 -91.99 0.545 0x0000FF
25.61 105.22 -91.54 24.7 103.94 -91.69 0.545 0x0000FF
27.46 108.8 -90.55 25.61 105.22 -91.54 0.545 0x0000FF
29.47 110.44 -90.93 27.46 108.8 -90.55 0.545 0x0000FF
31.11 111.9 -92.14 29.47 110.44 -90.93 0.545 0x0000FF
33.29 113.17 -93.58 31.11 111.9 -92.14 0.545 0x0000FF
36.22 114.99 -94.34 33.29 113.17 -93.58 0.545 0x0000FF
38.4 116.27 -95.1 36.22 114.99 -94.34 0.545 0x0000FF
40.78 117.91 -96.16 38.4 116.27 -95.1 0.545 0x0000FF
42.42 119.37 -96.84 40.78 117.91 -96.16 0.545 0x0000FF
43.33 120.64 -97.37 42.42 119.37 -96.84 0.545 0x0000FF
44.61 121.74 -98.35 43.33 120.64 -97.37 0.545 0x0000FF
46.25 122.65 -99.94 44.61 121.74 -98.35 0.545 0x0000FF
47.35 123.92 -100.02 46.25 122.65 -99.94 0.545 0x0000FF
48.81 125.38 -101.16 47.35 123.92 -100.02 0.545 0x0000FF
49.72 126.66 -102.14 48.81 125.38 -101.16 0.545 0x0000FF
51.0 128.3 -103.43 49.72 126.66 -102.14 0.545 0x0000FF
51.36 129.21 -104.11 51.0 128.3 -103.43 0.545 0x0000FF
52.27 130.47 -104.72 51.36 129.21 -104.11 0.545 0x0000FF
53.0 131.38 -105.85 52.27 130.47 -104.72 0.545 0x0000FF
53.73 132.49 -107.22 53.0 131.38 -105.85 0.545 0x0000FF
54.28 133.4 -107.9 53.73 132.49 -107.22 0.545 0x0000FF
55.56 135.04 -108.5 54.28 133.4 -107.9 0.545 0x0000FF
57.2 138.13 -109.72 55.56 135.04 -108.5 0.545 0x0000FF
57.93 140.32 -110.78 57.2 138.13 -109.72 0.545 0x0000FF
59.94 146.33 -111.69 57.93 140.32 -110.78 0.545 0x0000FF
60.3 148.34 -112.52 59.94 146.33 -111.69 0.545 0x0000FF
60.12 154.35 -114.03 60.3 148.34 -112.52 0.545 0x0000FF
58.84 157.44 -115.17 60.12 154.35 -114.03 0.545 0x0000FF
57.2 158.9 -116.16 58.84 157.44 -115.17 0.455 0x0000FF
56.29 159.63 -116.46 57.2 158.9 -116.16 0.455 0x0000FF
55.74 160.72 -117.67 56.29 159.63 -116.46 0.365 0x0000FF
55.56 161.82 -118.12 55.74 160.72 -117.67 0.365 0x0000FF
55.56 162.55 -118.5 55.56 161.82 -118.12 0.365 0x0000FF
55.74 163.28 -118.81 55.56 162.55 -118.5 0.365 0x0000FF
56.84 164.74 -119.49 55.74 163.28 -118.81 0.275 0x0000FF
-1.21 51.65 -99.26 0.43 51.1 -99.34 0.73 0x0000FF
-3.76 51.83 -98.73 -1.21 51.65 -99.26 0.64 0x0000FF
-6.32 52.02 -98.28 -3.76 51.83 -98.73 0.64 0x0000FF
-9.05 52.38 -97.9 -6.32 52.02 -98.28 0.64 0x0000FF
-10.51 53.29 -96.84 -9.05 52.38 -97.9 0.64 0x0000FF
-14.89 55.48 -96.31 -10.51 53.29 -96.84 0.545 0x0000FF
-16.72 56.57 -95.78 -14.89 55.48 -96.31 0.545 0x0000FF
-17.45 56.75 -95.25 -16.72 56.57 -95.78 0.545 0x0000FF
-19.64 58.03 -94.72 -17.45 56.75 -95.25 0.365 0x0000FF
-23.83 60.03 -93.51 -19.64 58.03 -94.72 0.275 0x0000FF
9.6 -5.57 -103.13 8.51 -7.57 -103.35 0.73 0x0000FF
11.06 -4.11 -102.52 9.6 -5.57 -103.13 0.64 0x0000FF
11.61 -3.38 -102.14 11.06 -4.11 -102.52 0.64 0x0000FF
12.89 -2.84 -100.85 11.61 -3.38 -102.14 0.64 0x0000FF
13.62 -2.65 -98.96 12.89 -2.84 -100.85 0.64 0x0000FF
14.53 -2.47 -98.2 13.62 -2.65 -98.96 0.64 0x0000FF
15.62 -2.47 -97.22 14.53 -2.47 -98.2 0.64 0x0000FF
16.72 -2.65 -96.16 15.62 -2.47 -97.22 0.64 0x0000FF
18.0 -3.02 -95.4 16.72 -2.65 -96.16 0.64 0x0000FF
18.91 -3.38 -95.1 18.0 -3.02 -95.4 0.64 0x0000FF
19.46 -3.75 -95.1 18.91 -3.38 -95.1 0.64 0x0000FF
22.33 -4.47 -95.25 19.46 -3.75 -95.1 0.275 0x0000FF
23.24 -4.83 -95.48 22.33 -4.47 -95.25 0.275 0x0000FF
25.79 -5.56 -95.7 23.24 -4.83 -95.48 0.275 0x0000FF
28.53 -5.56 -95.85 25.79 -5.56 -95.7 0.275 0x0000FF
32.54 -5.38 -96.08 28.53 -5.56 -95.85 0.275 0x0000FF
36.01 -4.65 -96.23 32.54 -5.38 -96.08 0.275 0x0000FF
38.93 -4.47 -96.46 36.01 -4.65 -96.23 0.275 0x0000FF
40.21 -4.09 -97.07 38.93 -4.47 -96.46 0.275 0x0000FF
41.3 -3.74 -97.75 40.21 -4.09 -97.07 0.275 0x0000FF
42.4 -3.74 -97.9 41.3 -3.74 -97.75 0.275 0x0000FF
43.13 -3.56 -98.58 42.4 -3.74 -97.9 0.275 0x0000FF
45.32 -3.01 -99.26 43.13 -3.56 -98.58 0.275 0x0000FF
49.7 -1.92 -99.34 45.32 -3.01 -99.26 0.275 0x0000FF
52.62 -1.37 -99.34 49.7 -1.92 -99.34 0.275 0x0000FF
55.9 -1.0 -99.87 52.62 -1.37 -99.34 0.275 0x0000FF
58.45 -1.0 -100.1 55.9 -1.0 -99.87 0.275 0x0000FF
63.01 -1.37 -100.25 58.45 -1.0 -100.1 0.275 0x0000FF
66.48 -1.37 -100.4 63.01 -1.37 -100.25 0.275 0x0000FF
69.4 -0.64 -100.55 66.48 -1.37 -100.4 0.275 0x0000FF
83.81 3.0 -101.38 69.4 -0.64 -100.55 0.275 0x0000FF
87.1 3.19 -101.38 83.81 3.0 -101.38 0.275 0x0000FF
90.2 4.09 -101.46 87.1 3.19 -101.38 0.275 0x0000FF
24.75 -2.84 -94.64 19.46 -3.75 -95.1 0.545 0x0000FF
25.84 -2.47 -94.26 24.75 -2.84 -94.64 0.545 0x0000FF
30.04 -1.01 -93.73 25.84 -2.47 -94.26 0.275 0x0000FF
30.95 -0.83 -93.43 30.04 -1.01 -93.73 0.275 0x0000FF
32.4 -0.1 -92.82 30.95 -0.83 -93.43 0.275 0x0000FF
34.22 0.81 -92.75 32.4 -0.1 -92.82 0.275 0x0000FF
36.42 2.81 -92.6 34.22 0.81 -92.75 0.275 0x0000FF
39.15 4.63 -92.29 36.42 2.81 -92.6 0.275 0x0000FF
41.9 6.82 -92.22 39.15 4.63 -92.29 0.275 0x0000FF
44.27 8.46 -91.99 41.9 6.82 -92.22 0.275 0x0000FF
45.36 8.83 -92.75 44.27 8.46 -91.99 0.275 0x0000FF
46.28 9.36 -93.66 45.36 8.83 -92.75 0.275 0x0000FF
47.55 9.74 -94.72 46.28 9.36 -93.66 0.275 0x0000FF
48.83 10.83 -95.63 47.55 9.74 -94.72 0.275 0x0000FF
54.26 14.48 -96.54 48.83 10.83 -95.63 0.275 0x0000FF
