-36.97 -4.88 57.77 -34.33 5.82 58.89 0.82 0x0000FF
-39.53 -8.35 58.22 -36.97 -4.88 57.77 0.82 0x0000FF
-40.44 -11.27 58.37 -39.53 -8.35 58.22 0.64 0x0000FF
-40.99 -13.27 58.75 -40.44 -11.27 58.37 0.64 0x0000FF
-42.63 -16.0 58.6 -40.99 -13.27 58.75 0.64 0x0000FF
-43.18 -17.28 57.92 -42.63 -16.0 58.6 0.64 0x0000FF
-44.82 -19.46 58.22 -43.18 -17.28 57.92 0.64 0x0000FF
-45.55 -20.56 58.9 -44.82 -19.46 58.22 0.64 0x0000FF
-47.56 -21.65 59.21 -45.55 -20.56 58.9 0.64 0x0000FF
-50.3 -22.38 59.43 -47.56 -21.65 59.21 0.64 0x0000FF
-51.39 -23.11 59.43 -50.3 -22.38 59.43 0.64 0x0000FF
-51.66 -22.23 59.05 -51.39 -23.11 59.43 0.275 0x0000FF
-52.39 -21.86 58.37 -51.66 -22.23 59.05 0.275 0x0000FF
-54.58 -21.5 52.62 -52.39 -21.86 58.37 0.275 0x0000FF
-55.31 -21.5 51.33 -54.58 -21.5 52.62 0.275 0x0000FF
-55.86 -21.5 50.8 -55.31 -21.5 51.33 0.275 0x0000FF
-56.59 -21.86 50.65 -55.86 -21.5 50.8 0.275 0x0000FF
-57.86 -22.41 49.89 -56.59 -21.86 50.65 0.275 0x0000FF
-58.59 -22.78 48.9 -57.86 -22.41 49.89 0.275 0x0000FF
-60.24 -23.32 48.45 -58.59 -22.78 48.9 0.275 0x0000FF
-61.33 -23.69 48.0 -60.24 -23.32 48.45 0.275 0x0000FF
-62.97 -23.87 47.09 -61.33 -23.69 48.0 0.275 0x0000FF
-64.06 -24.05 46.1 -62.97 -23.87 47.09 0.275 0x0000FF
-68.26 -24.42 45.19 -64.06 -24.05 46.1 0.275 0x0000FF
-69.54 -24.96 43.83 -68.26 -24.42 45.19 0.275 0x0000FF
-70.81 -25.14 42.54 -69.54 -24.96 43.83 0.275 0x0000FF
-72.64 -25.33 41.71 -70.81 -25.14 42.54 0.275 0x0000FF
-73.73 -25.69 41.25 -72.64 -25.33 41.71 0.275 0x0000FF
-76.11 -26.06 40.19 -73.73 -25.69 41.25 0.275 0x0000FF
-77.93 -26.6 39.51 -76.11 -26.06 40.19 0.275 0x0000FF
-82.68 -27.88 38.29 -77.93 -26.6 39.51 0.275 0x0000FF
-85.6 -28.42 37.24 -82.68 -27.88 38.29 0.275 0x0000FF
-87.79 -28.79 37.09 -85.6 -28.42 37.24 0.275 0x0000FF
-89.98 -29.15 36.33 -87.79 -28.79 37.09 0.275 0x0000FF
-92.53 -29.88 35.27 -89.98 -29.15 36.33 0.275 0x0000FF
-95.45 -30.25 34.65 -92.53 -29.88 35.27 0.275 0x0000FF
-98.73 -31.34 34.06 -95.45 -30.25 34.65 0.275 0x0000FF
-104.39 -32.25 33.38 -98.73 -31.34 34.06 0.275 0x0000FF
-107.86 -32.25 32.54 -104.39 -32.25 33.38 0.275 0x0000FF
-111.87 -32.97 31.78 -107.86 -32.25 32.54 0.275 0x0000FF
-116.61 -33.34 30.88 -111.87 -32.97 31.78 0.275 0x0000FF
-120.26 -33.53 30.04 -116.61 -33.34 30.88 0.275 0x0000FF
-122.45 -33.15 28.6 -120.26 -33.53 30.04 0.275 0x0000FF
-126.47 -32.79 28.45 -122.45 -33.15 28.6 0.275 0x0000FF
-132.49 -31.34 27.09 -126.47 -32.79 28.45 0.275 0x0000FF
-135.59 -29.15 24.44 -132.49 -31.34 27.09 0.275 0x0000FF
-137.05 -27.51 22.62 -135.59 -29.15 24.44 0.275 0x0000FF
-143.8 -19.5 21.94 -137.05 -27.51 22.62 0.275 0x0000FF
-145.99 -18.95 21.41 -143.8 -19.5 21.94 0.275 0x0000FF
-147.81 -19.13 20.57 -145.99 -18.95 21.41 0.275 0x0000FF
-150.19 -20.95 20.19 -147.81 -19.13 20.57 0.18 0x0000FF
-53.21 -28.03 59.51 -51.39 -23.11 59.43 0.455 0x0000FF
-55.04 -30.21 59.74 -53.21 -28.03 59.51 0.455 0x0000FF
-56.68 -32.77 59.74 -55.04 -30.21 59.74 0.455 0x0000FF
-63.8 -38.22 59.89 -56.68 -32.77 59.74 0.365 0x0000FF
-66.34 -40.6 59.89 -63.8 -38.22 59.89 0.365 0x0000FF
-71.64 -42.06 60.04 -66.34 -40.6 59.89 0.365 0x0000FF
-73.28 -43.33 60.19 -71.64 -42.06 60.04 0.365 0x0000FF
-75.29 -44.79 60.27 -73.28 -43.33 60.19 0.365 0x0000FF
-78.2 -46.25 60.57 -75.29 -44.79 60.27 0.365 0x0000FF
-80.22 -47.89 60.87 -78.2 -46.25 60.57 0.365 0x0000FF
-85.33 -50.26 61.55 -80.22 -47.89 60.87 0.365 0x0000FF
-86.6 -51.17 61.86 -85.33 -50.26 61.55 0.365 0x0000FF
-88.25 -52.81 62.39 -86.6 -51.17 61.86 0.365 0x0000FF
-89.52 -53.9 62.61 -88.25 -52.81 62.39 0.365 0x0000FF
-91.53 -56.27 62.92 -89.52 -53.9 62.61 0.365 0x0000FF
-92.81 -58.09 63.22 -91.53 -56.27 62.92 0.365 0x0000FF
-93.54 -59.37 63.98 -92.81 -58.09 63.22 0.365 0x0000FF
-94.27 -61.37 64.81 -93.54 -59.37 63.98 0.365 0x0000FF
-94.81 -62.28 65.87 -94.27 -61.37 64.81 0.365 0x0000FF
-96.27 -65.2 66.48 -94.81 -62.28 65.87 0.365 0x0000FF
-97.92 -68.11 67.16 -96.27 -65.2 66.48 0.365 0x0000FF
-99.19 -70.66 67.77 -97.92 -68.11 67.16 0.365 0x0000FF
-100.65 -72.67 68.52 -99.19 -70.66 67.77 0.365 0x0000FF
-102.84 -75.22 69.43 -100.65 -72.67 68.52 0.365 0x0000FF
-104.3 -77.22 69.28 -102.84 -75.22 69.43 0.365 0x0000FF
-106.67 -80.31 70.04 -104.3 -77.22 69.28 0.365 0x0000FF
-109.59 -82.69 71.09 -106.67 -80.31 70.04 0.365 0x0000FF
-111.96 -84.15 72.23 -109.59 -82.69 71.09 0.365 0x0000FF
-112.88 -85.24 72.92 -111.96 -84.15 72.23 0.365 0x0000FF
-114.34 -86.51 74.2 -112.88 -85.24 72.92 0.365 0x0000FF
-116.53 -88.88 74.51 -114.34 -86.51 74.2 0.365 0x0000FF
-117.44 -90.7 75.19 -116.53 -88.88 74.51 0.365 0x0000FF
-118.9 -93.26 75.48 -117.44 -90.7 75.19 0.365 0x0000FF
-120.36 -95.44 75.95 -118.9 -93.26 75.48 0.365 0x0000FF
-122.27 -96.38 76.7 -120.36 -95.44 75.95 0.365 0x0000FF
-123.0 -96.38 77.54 -122.27 -96.38 76.7 0.365 0x0000FF
-127.01 -96.75 78.3 -123.0 -96.38 77.54 0.275 0x0000FF
-29.04 -3.46 58.9 -34.33 5.82 58.89 0.73 0x0000FF
-28.31 -4.92 58.9 -29.04 -3.46 58.9 0.73 0x0000FF
-27.94 -7.47 58.37 -28.31 -4.92 58.9 0.73 0x0000FF
-27.4 -9.28 58.3 -27.94 -7.47 58.37 0.73 0x0000FF
-26.12 -16.22 57.99 -27.4 -9.28 58.3 0.64 0x0000FF
-24.48 -19.86 57.24 -26.12 -16.22 57.99 0.64 0x0000FF
-23.75 -21.14 57.62 -24.48 -19.86 57.24 0.64 0x0000FF
-22.65 -22.41 57.62 -23.75 -21.14 57.62 0.455 0x0000FF
-20.64 -23.69 58.37 -22.65 -22.41 57.62 0.455 0x0000FF
-19.0 -24.78 58.9 -20.64 -23.69 58.37 0.455 0x0000FF
-17.73 -26.06 59.36 -19.0 -24.78 58.9 0.455 0x0000FF
-15.72 -28.06 60.42 -17.73 -26.06 59.36 0.365 0x0000FF
-14.99 -29.15 60.49 -15.72 -28.06 60.42 0.365 0x0000FF
-13.89 -30.79 61.02 -14.99 -29.15 60.49 0.365 0x0000FF
-12.62 -32.79 61.48 -13.89 -30.79 61.02 0.365 0x0000FF
-12.25 -34.97 62.24 -12.62 -32.79 61.48 0.365 0x0000FF
-11.7 -36.61 62.69 -12.25 -34.97 62.24 0.365 0x0000FF
-10.97 -38.63 63.45 -11.7 -36.61 62.69 0.365 0x0000FF
-10.43 -40.27 64.58 -10.97 -38.63 63.45 0.365 0x0000FF
-9.69 -41.54 65.72 -10.43 -40.27 64.58 0.365 0x0000FF
-9.51 -42.27 66.7 -9.69 -41.54 65.72 0.365 0x0000FF
-8.78 -43.55 67.61 -9.51 -42.27 66.7 0.365 0x0000FF
-8.24 -44.28 68.52 -8.78 -43.55 67.61 0.365 0x0000FF
-7.69 -45.92 69.66 -8.24 -44.28 68.52 0.365 0x0000FF
-7.33 -47.55 70.56 -7.69 -45.92 69.66 0.365 0x0000FF
-6.78 -49.92 71.78 -7.33 -47.55 70.56 0.365 0x0000FF
-6.05 -54.11 72.69 -6.78 -49.92 71.78 0.365 0x0000FF
-4.95 -57.76 73.9 -6.05 -54.11 72.69 0.365 0x0000FF
-4.04 -60.67 74.51 -4.95 -57.76 73.9 0.365 0x0000FF
-3.68 -62.5 75.87 -4.04 -60.67 74.51 0.365 0x0000FF
-3.31 -64.68 76.93 -3.68 -62.5 75.87 0.365 0x0000FF
-2.58 -68.14 78.37 -3.31 -64.68 76.93 0.365 0x0000FF
-2.4 -71.61 79.2 -2.58 -68.14 78.37 0.365 0x0000FF
-0.76 -75.61 80.19 -2.4 -71.61 79.2 0.365 0x0000FF
0.88 -78.34 80.79 -0.76 -75.61 80.19 0.365 0x0000FF
2.71 -81.81 81.33 0.88 -78.34 80.79 0.365 0x0000FF
6.54 -88.55 82.08 2.71 -81.81 81.33 0.275 0x0000FF
-23.38 -24.96 58.07 -23.75 -21.14 57.62 0.455 0x0000FF
-23.2 -28.42 58.15 -23.38 -24.96 58.07 0.455 0x0000FF
-22.47 -31.7 58.37 -23.2 -28.42 58.15 0.455 0x0000FF
-20.83 -37.17 58.52 -22.47 -31.7 58.37 0.455 0x0000FF
-19.55 -40.81 59.13 -20.83 -37.17 58.52 0.455 0x0000FF
-18.46 -45.19 59.28 -19.55 -40.81 59.13 0.455 0x0000FF
-18.27 -51.02 59.43 -18.46 -45.19 59.28 0.455 0x0000FF
-18.64 -57.03 59.43 -18.27 -51.02 59.43 0.455 0x0000FF
-19.37 -65.05 59.81 -18.64 -57.03 59.43 0.455 0x0000FF
-20.83 -75.8 59.96 -19.37 -65.05 59.81 0.455 0x0000FF
-22.47 -86.73 60.04 -20.83 -75.8 59.96 0.455 0x0000FF
-22.1 -90.55 59.51 -22.47 -86.73 60.04 0.275 0x0000FF
-22.1 -92.38 59.51 -22.1 -90.55 59.51 0.275 0x0000FF
-22.47 -95.29 59.51 -22.1 -92.38 59.51 0.275 0x0000FF
-23.02 -98.39 59.51 -22.47 -95.29 59.51 0.275 0x0000FF
-23.75 -101.49 59.51 -23.02 -98.39 59.51 0.275 0x0000FF
-24.29 -104.77 59.51 -23.75 -101.49 59.51 0.275 0x0000FF
-25.02 -107.68 59.74 -24.29 -104.77 59.51 0.275 0x0000FF
-25.94 -110.78 59.96 -25.02 -107.68 59.74 0.275 0x0000FF
-26.48 -114.97 60.12 -25.94 -110.78 59.96 0.275 0x0000FF
-26.12 -120.25 60.19 -26.48 -114.97 60.12 0.275 0x0000FF
-25.39 -122.8 60.19 -26.12 -120.25 60.19 0.275 0x0000FF
-21.19 -89.28 60.04 -22.47 -86.73 60.04 0.365 0x0000FF
-20.46 -91.28 60.04 -21.19 -89.28 60.04 0.365 0x0000FF
-20.1 -92.92 60.04 -20.46 -91.28 60.04 0.365 0x0000FF
-19.73 -96.93 60.34 -20.1 -92.92 60.04 0.365 0x0000FF
-19.55 -98.75 60.65 -19.73 -96.93 60.34 0.365 0x0000FF
-19.37 -99.85 59.74 -19.55 -98.75 60.65 0.365 0x0000FF
-19.37 -102.4 59.66 -19.37 -99.85 59.74 0.365 0x0000FF
-19.37 -104.04 60.04 -19.37 -102.4 59.66 0.365 0x0000FF
-19.37 -105.49 60.87 -19.37 -104.04 60.04 0.365 0x0000FF
-19.73 -107.86 61.78 -19.37 -105.49 60.87 0.365 0x0000FF
-19.91 -109.32 62.77 -19.73 -107.86 61.78 0.365 0x0000FF
-19.91 -110.78 63.68 -19.91 -109.32 62.77 0.365 0x0000FF
-20.1 -113.15 64.36 -19.91 -110.78 63.68 0.365 0x0000FF
-19.73 -115.88 65.34 -20.1 -113.15 64.36 0.365 0x0000FF
-19.18 -118.98 66.09 -19.73 -115.88 65.34 0.365 0x0000FF
-19.55 -122.44 66.86 -19.18 -118.98 66.09 0.18 0x0000FF
-21.74 -124.81 67.31 -19.55 -122.44 66.86 0.18 0x0000FF
-22.47 -125.35 67.54 -21.74 -124.81 67.31 0.18 0x0000FF
-23.75 -126.63 67.54 -22.47 -125.35 67.54 0.18 0x0000FF
-25.77 0.55 57.77 -34.33 5.82 58.89 0.455 0x0000FF
-22.85 0.0 57.62 -25.77 0.55 57.77 0.455 0x0000FF
-22.48 -0.18 57.24 -22.85 0.0 57.62 0.455 0x0000FF
-21.75 -0.73 56.71 -22.48 -0.18 57.24 0.455 0x0000FF
-21.39 -1.09 56.55 -21.75 -0.73 56.71 0.455 0x0000FF
-20.66 -2.0 56.48 -21.39 -1.09 56.55 0.455 0x0000FF
-20.11 -3.28 56.48 -20.66 -2.0 56.48 0.455 0x0000FF
-19.55 -4.37 56.18 -20.11 -3.28 56.48 0.455 0x0000FF
-19.38 -4.92 55.72 -19.55 -4.37 56.18 0.455 0x0000FF
-18.82 -5.46 55.19 -19.38 -4.92 55.72 0.455 0x0000FF
-17.01 -6.19 55.8 -18.82 -5.46 55.19 0.455 0x0000FF
-14.64 -6.56 56.63 -17.01 -6.19 55.8 0.455 0x0000FF
-13.91 -6.38 56.71 -14.64 -6.56 56.63 0.455 0x0000FF
-13.0 -6.19 57.54 -13.91 -6.38 56.71 0.455 0x0000FF
-11.9 -6.19 58.3 -13.0 -6.19 57.54 0.455 0x0000FF
-11.17 -6.19 58.6 -11.9 -6.19 58.3 0.455 0x0000FF
-10.26 -5.65 59.21 -11.17 -6.19 58.6 0.455 0x0000FF
-9.35 -5.09 58.52 -10.26 -5.65 59.21 0.365 0x0000FF
-8.8 -4.92 57.69 -9.35 -5.09 58.52 0.365 0x0000FF
-8.43 -4.74 56.86 -8.8 -4.92 57.69 0.365 0x0000FF
-7.52 -4.92 55.72 -8.43 -4.74 56.86 0.365 0x0000FF
-6.79 -4.92 54.89 -7.52 -4.92 55.72 0.365 0x0000FF
-5.88 -5.28 53.83 -6.79 -4.92 54.89 0.365 0x0000FF
-4.97 -6.01 52.99 -5.88 -5.28 53.83 0.365 0x0000FF
-4.05 -6.56 52.09 -4.97 -6.01 52.99 0.365 0x0000FF
-3.33 -7.29 51.48 -4.05 -6.56 52.09 0.365 0x0000FF
-2.78 -8.19 50.72 -3.33 -7.29 51.48 0.365 0x0000FF
-2.41 -9.28 49.96 -2.78 -8.19 50.72 0.365 0x0000FF
-2.04 -10.19 49.74 -2.41 -9.28 49.96 0.365 0x0000FF
-2.04 -11.48 49.06 -2.04 -10.19 49.74 0.365 0x0000FF
-2.04 -11.84 47.92 -2.04 -11.48 49.06 0.365 0x0000FF
-1.87 -12.57 46.78 -2.04 -11.84 47.92 0.365 0x0000FF
-1.87 -12.93 44.28 -1.87 -12.57 46.78 0.365 0x0000FF
-1.68 -13.3 42.77 -1.87 -12.93 44.28 0.365 0x0000FF
-1.32 -14.03 41.33 -1.68 -13.3 42.77 0.365 0x0000FF
0.14 -15.3 40.72 -1.32 -14.03 41.33 0.365 0x0000FF
2.15 -17.12 39.97 0.14 -15.3 40.72 0.365 0x0000FF
6.71 -20.22 38.83 2.15 -17.12 39.97 0.365 0x0000FF
12.91 -23.87 38.45 6.71 -20.22 38.83 0.365 0x0000FF
26.23 -30.43 37.77 12.91 -23.87 38.45 0.365 0x0000FF
61.81 -39.35 36.86 26.23 -30.43 37.77 0.365 0x0000FF
74.03 -43.73 35.95 61.81 -39.35 36.86 0.365 0x0000FF
96.29 -53.56 34.97 74.03 -43.73 35.95 0.365 0x0000FF
99.4 -54.84 34.51 96.29 -53.56 34.97 0.365 0x0000FF
102.54 -55.48 22.54 99.4 -54.84 34.51 0.275 0x0000FF
-25.36 1.37 54.36 -34.33 5.82 58.89 0.73 0x0000FF
-24.08 1.55 54.21 -25.36 1.37 54.36 0.73 0x0000FF
-22.26 1.19 54.13 -24.08 1.55 54.21 0.73 0x0000FF
-19.89 -0.45 53.3 -22.26 1.19 54.13 0.73 0x0000FF
-19.16 -1.55 52.31 -19.89 -0.45 53.3 0.73 0x0000FF
-17.7 -3.73 52.01 -19.16 -1.55 52.31 0.73 0x0000FF
-17.14 -4.63 51.78 -17.7 -3.73 52.01 0.73 0x0000FF
-14.96 -6.83 51.33 -17.14 -4.63 51.78 0.73 0x0000FF
-13.68 -8.28 50.65 -14.96 -6.83 51.33 0.73 0x0000FF
-12.41 -9.38 49.59 -13.68 -8.28 50.65 0.73 0x0000FF
-10.03 -11.57 49.28 -12.41 -9.38 49.59 0.73 0x0000FF
-6.57 -13.57 47.69 -10.03 -11.57 49.28 0.64 0x0000FF
-4.55 -13.94 47.24 -6.57 -13.57 47.69 0.64 0x0000FF
-0.91 -14.3 46.33 -4.55 -13.94 47.24 0.64 0x0000FF
2.0 -13.94 45.04 -0.91 -14.3 46.33 0.64 0x0000FF
4.74 -13.21 44.97 2.0 -13.94 45.04 0.64 0x0000FF
7.84 -11.75 43.45 4.74 -13.21 44.97 0.64 0x0000FF
10.76 -10.66 42.62 7.84 -11.75 43.45 0.64 0x0000FF
13.68 -9.56 41.4 10.76 -10.66 42.62 0.64 0x0000FF
15.51 -9.19 40.79 13.68 -9.56 41.4 0.64 0x0000FF
17.7 -8.11 39.59 15.51 -9.19 40.79 0.64 0x0000FF
20.25 -6.47 38.9 17.7 -8.11 39.59 0.64 0x0000FF
21.35 -5.74 37.69 20.25 -6.47 38.9 0.64 0x0000FF
23.72 -4.28 35.79 21.35 -5.74 37.69 0.545 0x0000FF
24.45 -3.92 34.89 23.72 -4.28 35.79 0.545 0x0000FF
25.36 -3.55 33.75 24.45 -3.92 34.89 0.545 0x0000FF
26.82 -2.82 32.77 25.36 -3.55 33.75 0.545 0x0000FF
28.28 -2.46 30.88 26.82 -2.82 32.77 0.455 0x0000FF
30.1 -1.91 29.51 28.28 -2.46 30.88 0.455 0x0000FF
33.02 -1.0 28.0 30.1 -1.91 29.51 0.365 0x0000FF
35.4 -0.82 27.24 33.02 -1.0 28.0 0.365 0x0000FF
37.95 -1.55 26.03 35.4 -0.82 27.24 0.365 0x0000FF
-23.9 8.11 58.68 -34.33 5.82 58.89 0.91 0x0000FF
-19.71 8.11 58.68 -23.9 8.11 58.68 0.91 0x0000FF
-14.41 8.84 58.6 -19.71 8.11 58.68 0.91 0x0000FF
-10.95 8.47 58.6 -14.41 8.84 58.6 0.91 0x0000FF
-7.3 7.56 58.45 -10.95 8.47 58.6 0.91 0x0000FF
-6.39 8.47 58.68 -7.3 7.56 58.45 0.275 0x0000FF
-3.47 8.11 59.13 -6.39 8.47 58.68 0.275 0x0000FF
0.91 7.56 60.04 -3.47 8.11 59.13 0.275 0x0000FF
6.02 7.2 60.87 0.91 7.56 60.04 0.275 0x0000FF
10.4 6.65 61.48 6.02 7.2 60.87 0.275 0x0000FF
18.23 5.74 62.31 10.4 6.65 61.48 0.275 0x0000FF
24.45 5.92 62.54 18.23 5.74 62.31 0.275 0x0000FF
29.74 7.56 62.61 24.45 5.92 62.54 0.275 0x0000FF
36.67 8.84 63.83 29.74 7.56 62.61 0.18 0x0000FF
39.77 9.75 63.9 36.67 8.84 63.83 0.18 0x0000FF
0.73 4.28 58.22 -7.3 7.56 58.45 0.82 0x0000FF
3.47 2.46 57.92 0.73 4.28 58.22 0.82 0x0000FF
6.75 -0.09 57.69 3.47 2.46 57.92 0.82 0x0000FF
14.6 -5.19 57.24 6.75 -0.09 57.69 0.73 0x0000FF
22.99 -9.19 56.71 14.6 -5.19 57.24 0.64 0x0000FF
29.74 -12.11 56.55 22.99 -9.19 56.71 0.64 0x0000FF
34.11 -14.12 56.33 29.74 -12.11 56.55 0.64 0x0000FF
41.6 -16.85 55.72 34.11 -14.12 56.33 0.545 0x0000FF
46.34 -19.22 55.57 41.6 -16.85 55.72 0.545 0x0000FF
53.09 -20.86 55.12 46.34 -19.22 55.57 0.545 0x0000FF
59.48 -22.32 54.96 53.09 -20.86 55.12 0.545 0x0000FF
71.34 -25.78 54.28 59.48 -22.32 54.96 0.455 0x0000FF
74.08 -27.6 53.6 71.34 -25.78 54.28 0.455 0x0000FF
77.18 -28.69 53.22 74.08 -27.6 53.6 0.455 0x0000FF
84.29 -32.15 52.31 77.18 -28.69 53.22 0.455 0x0000FF
88.12 -33.25 51.71 84.29 -32.15 52.31 0.455 0x0000FF
91.59 -35.07 50.87 88.12 -33.25 51.71 0.455 0x0000FF
105.09 -41.63 49.66 91.59 -35.07 50.87 0.365 0x0000FF
112.03 -46.73 49.59 105.09 -41.63 49.66 0.365 0x0000FF
124.25 -58.94 48.68 112.03 -46.73 49.59 0.18 0x0000FF
130.63 -62.22 48.45 124.25 -58.94 48.68 0.18 0x0000FF
134.65 -64.77 48.15 130.63 -62.22 48.45 0.18 0x0000FF
138.12 -67.69 48.07 134.65 -64.77 48.15 0.18 0x0000FF
139.76 -69.87 47.77 138.12 -67.69 48.07 0.18 0x0000FF
-24.27 11.94 61.63 -34.33 5.82 58.89 0.545 0x0000FF
-22.26 12.85 61.71 -24.27 11.94 61.63 0.545 0x0000FF
-19.89 14.12 62.31 -22.26 12.85 61.71 0.545 0x0000FF
-17.88 14.85 62.54 -19.89 14.12 62.31 0.545 0x0000FF
-15.69 16.3 62.99 -17.88 14.85 62.54 0.545 0x0000FF
-14.6 17.57 63.68 -15.69 16.3 62.99 0.545 0x0000FF
-13.68 18.5 64.58 -14.6 17.57 63.68 0.545 0x0000FF
-13.14 19.59 66.02 -13.68 18.5 64.58 0.545 0x0000FF
-12.41 20.86 67.23 -13.14 19.59 66.02 0.545 0x0000FF
-11.68 21.77 68.06 -12.41 20.86 67.23 0.545 0x0000FF
-11.13 22.32 69.2 -11.68 21.77 68.06 0.545 0x0000FF
-10.77 22.69 70.11 -11.13 22.32 69.2 0.545 0x0000FF
-10.22 23.41 71.17 -10.77 22.69 70.11 0.545 0x0000FF
-7.85 25.05 71.78 -10.22 23.41 71.17 0.545 0x0000FF
-6.02 27.42 77.69 -7.85 25.05 71.78 0.365 0x0000FF
-5.31 26.49 77.61 -6.02 27.42 77.69 0.275 0x0000FF
-3.85 26.13 77.61 -5.31 26.49 77.61 0.275 0x0000FF
-1.85 25.21 77.76 -3.85 26.13 77.61 0.275 0x0000FF
0.34 24.49 78.37 -1.85 25.21 77.76 0.275 0x0000FF
2.35 23.94 79.05 0.34 24.49 78.37 0.275 0x0000FF
3.99 23.58 79.58 2.35 23.94 79.05 0.275 0x0000FF
6.0 23.58 80.04 3.99 23.58 79.58 0.275 0x0000FF
8.19 23.94 80.42 6.0 23.58 80.04 0.275 0x0000FF
1.82 34.53 77.76 -6.02 27.42 77.69 0.365 0x0000FF
3.44 35.78 82.16 1.82 34.53 77.76 0.365 0x0000FF
4.54 36.51 82.46 3.44 35.78 82.16 0.365 0x0000FF
5.82 37.24 83.45 4.54 36.51 82.46 0.365 0x0000FF
7.46 38.15 84.36 5.82 37.24 83.45 0.365 0x0000FF
9.1 38.88 85.26 7.46 38.15 84.36 0.365 0x0000FF
10.38 39.43 85.95 9.1 38.88 85.26 0.365 0x0000FF
12.57 41.07 87.08 10.38 39.43 85.95 0.365 0x0000FF
14.76 42.52 87.92 12.57 41.07 87.08 0.365 0x0000FF
18.04 45.26 88.9 14.76 42.52 87.92 0.275 0x0000FF
-40.35 -0.84 61.55 -34.33 5.82 58.89 0.545 0x0000FF
-42.17 -3.57 61.55 -40.35 -0.84 61.55 0.545 0x0000FF
-43.08 -5.58 61.63 -42.17 -3.57 61.55 0.545 0x0000FF
-44.36 -8.13 61.63 -43.08 -5.58 61.63 0.545 0x0000FF
-46.18 -9.77 61.63 -44.36 -8.13 61.63 0.545 0x0000FF
-39.61 2.25 53.83 -34.33 5.82 58.89 1.005 0x0000FF
-40.71 2.25 52.62 -39.61 2.25 53.83 1.005 0x0000FF
-41.62 2.25 51.48 -40.71 2.25 52.62 1.005 0x0000FF
-45.09 2.44 49.89 -41.62 2.25 51.48 0.82 0x0000FF
-45.82 2.44 49.13 -45.09 2.44 49.89 0.82 0x0000FF
-48.37 2.44 48.07 -45.82 2.44 49.13 0.73 0x0000FF
-49.47 2.08 47.77 -48.37 2.44 48.07 0.73 0x0000FF
-54.49 1.94 47.69 -49.47 2.08 47.77 0.275 0x0000FF
-55.4 1.94 48.3 -54.49 1.94 47.69 0.275 0x0000FF
-57.77 2.67 49.43 -55.4 1.94 48.3 0.275 0x0000FF
-60.33 3.58 48.9 -57.77 2.67 49.43 0.275 0x0000FF
-61.06 4.13 47.69 -60.33 3.58 48.9 0.275 0x0000FF
-61.97 5.22 46.56 -61.06 4.13 47.69 0.275 0x0000FF
-63.61 6.31 45.65 -61.97 5.22 46.56 0.275 0x0000FF
-64.16 6.68 43.22 -63.61 6.31 45.65 0.275 0x0000FF
-64.7 7.22 41.86 -64.16 6.68 43.22 0.275 0x0000FF
-67.08 7.77 40.04 -64.7 7.22 41.86 0.275 0x0000FF
-69.81 9.05 38.36 -67.08 7.77 40.04 0.275 0x0000FF
-77.11 12.87 36.18 -69.81 9.05 38.36 0.275 0x0000FF
-85.32 16.7 35.04 -77.11 12.87 36.18 0.275 0x0000FF
-98.1 25.44 34.44 -85.32 16.7 35.04 0.275 0x0000FF
-113.06 36.56 33.6 -98.1 25.44 34.44 0.275 0x0000FF
-50.75 -0.28 47.39 -49.47 2.08 47.77 0.545 0x0000FF
-51.84 -2.84 47.01 -50.75 -0.28 47.39 0.455 0x0000FF
-52.57 -4.67 46.86 -51.84 -2.84 47.01 0.455 0x0000FF
-54.76 -9.03 46.18 -52.57 -4.67 46.86 0.455 0x0000FF
-55.67 -11.59 45.5 -54.76 -9.03 46.18 0.455 0x0000FF
-56.04 -13.23 44.74 -55.67 -11.59 45.5 0.455 0x0000FF
-56.77 -16.14 43.83 -56.04 -13.23 44.74 0.455 0x0000FF
-58.04 -20.32 43.75 -56.77 -16.14 43.83 0.365 0x0000FF
-58.77 -23.61 43.3 -58.04 -20.32 43.75 0.365 0x0000FF
-59.87 -27.08 42.62 -58.77 -23.61 43.3 0.365 0x0000FF
-60.96 -30.17 41.86 -59.87 -27.08 42.62 0.365 0x0000FF
-67.17 -36.19 40.5 -60.96 -30.17 41.86 0.365 0x0000FF
-68.63 -38.74 39.74 -67.17 -36.19 40.5 0.365 0x0000FF
-69.17 -40.74 38.97 -68.63 -38.74 39.74 0.365 0x0000FF
-70.09 -43.29 38.22 -69.17 -40.74 38.97 0.365 0x0000FF
-70.81 -46.03 37.39 -70.09 -43.29 38.22 0.365 0x0000FF
-71.54 -47.66 36.56 -70.81 -46.03 37.39 0.365 0x0000FF
-72.27 -49.49 35.72 -71.54 -47.66 36.56 0.365 0x0000FF
-72.81 -52.04 34.65 -72.27 -49.49 35.72 0.365 0x0000FF
-73.92 -54.59 34.06 -72.81 -52.04 34.65 0.365 0x0000FF
-75.29 -57.64 33.38 -73.92 -54.59 34.06 0.275 0x0000FF
-75.65 -58.55 32.47 -75.29 -57.64 33.38 0.275 0x0000FF
-75.65 -59.1 31.48 -75.65 -58.55 32.47 0.275 0x0000FF
-75.65 -61.1 30.8 -75.65 -59.1 31.48 0.275 0x0000FF
-75.84 -63.83 29.51 -75.65 -61.1 30.8 0.275 0x0000FF
-75.65 -68.02 28.3 -75.84 -63.83 29.51 0.275 0x0000FF
-76.56 -72.03 26.63 -75.65 -68.02 28.3 0.275 0x0000FF
-80.94 -78.05 26.03 -76.56 -72.03 26.63 0.275 0x0000FF
-84.05 -82.78 25.27 -80.94 -78.05 26.03 0.275 0x0000FF
-88.24 -90.62 23.98 -84.05 -82.78 25.27 0.275 0x0000FF
-91.34 -96.81 22.85 -88.24 -90.62 23.98 0.275 0x0000FF
-92.62 -99.91 22.24 -91.34 -96.81 22.85 0.18 0x0000FF
-37.89 15.06 57.84 -34.33 5.82 58.89 3.195 0x0000FF
-38.25 15.6 58.52 -37.89 15.06 57.84 3.195 0x0000FF
-38.61 18.16 60.04 -38.25 15.6 58.52 2.735 0x0000FF
-39.71 19.61 60.95 -38.61 18.16 60.04 2.465 0x0000FF
-40.79 21.25 61.48 -39.71 19.61 60.95 2.465 0x0000FF
-41.72 22.89 62.08 -40.79 21.25 61.48 2.465 0x0000FF
-42.99 26.72 62.99 -41.72 22.89 62.08 2.465 0x0000FF
-44.82 31.09 63.22 -42.99 26.72 62.99 2.465 0x0000FF
-45.91 35.46 63.45 -44.82 31.09 63.22 2.465 0x0000FF
-47.19 38.74 63.83 -45.91 35.46 63.45 2.465 0x0000FF
-47.19 40.57 64.13 -47.19 38.74 63.83 2.465 0x0000FF
-47.19 41.66 64.95 -47.19 40.57 64.13 2.465 0x0000FF
-48.34 44.79 65.56 -47.19 41.66 64.95 1.55 0x0000FF
-48.34 46.06 66.78 -48.34 44.79 65.56 1.55 0x0000FF
-48.71 48.61 67.54 -48.34 46.06 66.78 1.55 0x0000FF
-48.89 50.44 68.59 -48.71 48.61 67.54 1.55 0x0000FF
-49.25 53.53 69.13 -48.89 50.44 68.59 1.55 0x0000FF
-49.44 55.54 70.11 -49.25 53.53 69.13 1.55 0x0000FF
-49.62 58.27 70.42 -49.44 55.54 70.11 1.55 0x0000FF
-49.8 61.37 71.7 -49.62 58.27 70.42 1.55 0x0000FF
-50.17 62.1 71.78 -49.8 61.37 71.7 1.55 0x0000FF
-48.89 65.56 72.01 -50.17 62.1 71.78 1.275 0x0000FF
-48.71 69.02 72.84 -48.89 65.56 72.01 1.275 0x0000FF
-50.17 74.9 73.37 -48.71 69.02 72.84 1.185 0x0000FF
-51.08 82.37 74.43 -50.17 74.9 73.37 1.185 0x0000FF
-51.63 87.65 75.42 -51.08 82.37 74.43 1.185 0x0000FF
-54.0 101.32 76.33 -51.63 87.65 75.42 1.185 0x0000FF
-55.46 116.99 77.16 -54.0 101.32 76.33 1.185 0x0000FF
-57.83 126.1 77.45 -55.46 116.99 77.16 1.185 0x0000FF
-58.74 130.84 77.92 -57.83 126.1 77.45 1.185 0x0000FF
-60.2 136.3 78.98 -58.74 130.84 77.92 1.185 0x0000FF
-60.75 145.41 79.81 -60.2 136.3 78.98 1.185 0x0000FF
-60.93 154.16 79.66 -60.75 145.41 79.81 1.095 0x0000FF
-62.03 166.0 80.26 -60.93 154.16 79.66 1.095 0x0000FF
-65.86 177.66 80.64 -62.03 166.0 80.26 1.095 0x0000FF
-66.41 183.67 80.72 -65.86 177.66 80.64 1.095 0x0000FF
-68.95 196.79 81.55 -66.41 183.67 80.72 0.91 0x0000FF
-70.27 200.97 83.37 -68.95 196.79 81.55 0.91 0x0000FF
-71.36 204.79 81.55 -70.27 200.97 83.37 0.91 0x0000FF
-72.45 208.44 80.56 -71.36 204.79 81.55 0.91 0x0000FF
-75.19 213.72 80.04 -72.45 208.44 80.56 0.91 0x0000FF
-77.02 216.64 79.2 -75.19 213.72 80.04 0.91 0x0000FF
-77.2 220.65 77.61 -77.02 216.64 79.2 0.91 0x0000FF
-77.38 223.2 76.93 -77.2 220.65 77.61 0.91 0x0000FF
-77.93 225.56 74.95 -77.38 223.2 76.93 0.91 0x0000FF
-78.11 226.84 74.58 -77.93 225.56 74.95 0.91 0x0000FF
-78.48 228.48 73.14 -78.11 226.84 74.58 0.91 0x0000FF
-78.66 229.76 71.93 -78.48 228.48 73.14 0.91 0x0000FF
-78.84 231.76 70.34 -78.66 229.76 71.93 0.91 0x0000FF
-79.2 233.22 69.28 -78.84 231.76 70.34 0.91 0x0000FF
-79.56 234.31 68.83 -79.2 233.22 69.28 0.91 0x0000FF
-79.76 235.4 68.3 -79.56 234.31 68.83 0.91 0x0000FF
-80.3 236.68 67.08 -79.76 235.4 68.3 0.91 0x0000FF
-80.67 237.77 65.56 -80.3 236.68 67.08 0.91 0x0000FF
-81.03 239.23 64.13 -80.67 237.77 65.56 0.91 0x0000FF
-81.58 241.05 63.37 -81.03 239.23 64.13 0.91 0x0000FF
-81.94 242.51 62.92 -81.58 241.05 63.37 0.91 0x0000FF
-82.31 243.78 61.02 -81.94 242.51 62.92 0.91 0x0000FF
-82.67 245.61 59.89 -82.31 243.78 61.02 0.91 0x0000FF
-83.04 247.25 58.68 -82.67 245.61 59.89 0.91 0x0000FF
-83.4 248.89 57.31 -83.04 247.25 58.68 0.91 0x0000FF
-83.59 250.16 56.1 -83.4 248.89 57.31 0.91 0x0000FF
-83.77 251.62 54.28 -83.59 250.16 56.1 0.91 0x0000FF
-84.13 253.44 52.92 -83.77 251.62 54.28 0.91 0x0000FF
-84.32 255.08 52.54 -84.13 253.44 52.92 0.91 0x0000FF
-84.5 256.17 51.78 -84.32 255.08 52.54 0.91 0x0000FF
-84.68 257.08 51.03 -84.5 256.17 51.78 0.91 0x0000FF
-84.86 258.18 49.89 -84.68 257.08 51.03 0.91 0x0000FF
-84.86 259.45 48.75 -84.86 258.18 49.89 0.91 0x0000FF
-85.05 260.91 47.46 -84.86 259.45 48.75 0.91 0x0000FF
-85.23 262.19 46.25 -85.05 260.91 47.46 0.91 0x0000FF
-85.41 263.83 45.04 -85.23 262.19 46.25 0.91 0x0000FF
-85.59 266.38 43.37 -85.41 263.83 45.04 0.91 0x0000FF
-86.32 272.02 43.0 -85.59 266.38 43.37 0.91 0x0000FF
-86.87 285.51 42.01 -86.32 272.02 43.0 0.82 0x0000FF
-90.7 295.16 40.65 -86.87 285.51 42.01 0.82 0x0000FF
-91.87 297.23 38.88 -90.7 295.16 40.65 0.545 0x0000FF
-93.33 300.87 35.1 -91.87 297.23 38.88 0.545 0x0000FF
-94.24 303.79 33.71 -93.33 300.87 35.1 0.545 0x0000FF
-96.07 309.26 32.24 -94.24 303.79 33.71 0.545 0x0000FF
-102.27 321.64 32.24 -96.07 309.26 32.24 0.545 0x0000FF
-102.63 325.11 32.77 -102.27 321.64 32.24 0.545 0x0000FF
-103.36 329.12 33.15 -102.63 325.11 32.77 0.545 0x0000FF
-104.09 335.86 33.29 -103.36 329.12 33.15 0.545 0x0000FF
-106.65 344.79 33.83 -104.09 335.86 33.29 0.545 0x0000FF
-108.47 350.43 34.28 -106.65 344.79 33.83 0.545 0x0000FF
-110.48 356.81 34.65 -108.47 350.43 34.28 0.545 0x0000FF
-111.94 360.27 33.53 -110.48 356.81 34.65 0.545 0x0000FF
-113.58 364.64 32.09 -111.94 360.27 33.53 0.545 0x0000FF
-115.95 371.39 30.12 -113.58 364.64 32.09 0.545 0x0000FF
-119.06 379.95 29.74 -115.95 371.39 30.12 0.365 0x0000FF
-121.24 385.23 29.36 -119.06 379.95 29.74 0.365 0x0000FF
-121.79 390.52 29.36 -121.24 385.23 29.36 0.365 0x0000FF
-122.52 398.17 29.06 -121.79 390.52 29.36 0.365 0x0000FF
-122.89 401.81 28.3 -122.52 398.17 29.06 0.365 0x0000FF
-122.89 404.55 27.77 -122.89 401.81 28.3 0.365 0x0000FF
-123.07 406.73 28.75 -122.89 404.55 27.77 0.365 0x0000FF
-122.52 409.1 30.27 -123.07 406.73 28.75 0.365 0x0000FF
-122.34 411.29 31.41 -122.52 409.1 30.27 0.365 0x0000FF
-121.97 413.29 32.39 -122.34 411.29 31.41 0.365 0x0000FF
-121.97 416.03 33.38 -121.97 413.29 32.39 0.365 0x0000FF
-121.97 418.03 34.21 -121.97 416.03 33.38 0.365 0x0000FF
-121.97 420.76 35.19 -121.97 418.03 34.21 0.365 0x0000FF
-121.79 423.86 36.25 -121.97 420.76 35.19 0.365 0x0000FF
-120.88 429.14 37.01 -121.79 423.86 36.25 0.365 0x0000FF
-118.69 440.26 38.0 -120.88 429.14 37.01 0.365 0x0000FF
-119.06 441.35 39.28 -118.69 440.26 38.0 0.365 0x0000FF
-118.87 442.99 40.65 -119.06 441.35 39.28 0.365 0x0000FF
-118.14 445.18 42.01 -118.87 442.99 40.65 0.365 0x0000FF
-118.69 451.19 43.83 -118.14 445.18 42.01 0.365 0x0000FF
-120.88 453.19 44.74 -118.69 451.19 43.83 0.365 0x0000FF
-124.35 455.38 45.57 -120.88 453.19 44.74 0.365 0x0000FF
-129.63 458.66 46.48 -124.35 455.38 45.57 0.365 0x0000FF
-130.19 459.94 46.93 -129.63 458.66 46.48 0.18 0x0000FF
-117.96 397.62 28.75 -121.24 385.23 29.36 0.365 0x0000FF
-116.5 404.18 28.38 -117.96 397.62 28.75 0.365 0x0000FF
-115.77 409.28 28.3 -116.5 404.18 28.38 0.275 0x0000FF
-115.59 410.01 29.59 -115.77 409.28 28.3 0.275 0x0000FF
-115.22 411.83 30.65 -115.59 410.01 29.59 0.275 0x0000FF
-113.76 414.2 31.48 -115.22 411.83 30.65 0.275 0x0000FF
-112.67 416.75 32.09 -113.76 414.2 31.48 0.275 0x0000FF
-111.21 419.67 32.77 -112.67 416.75 32.09 0.275 0x0000FF
-109.93 422.58 33.22 -111.21 419.67 32.77 0.275 0x0000FF
-108.11 425.32 33.75 -109.93 422.58 33.22 0.275 0x0000FF
-106.28 429.14 34.13 -108.11 425.32 33.75 0.275 0x0000FF
-105.55 431.69 34.59 -106.28 429.14 34.13 0.275 0x0000FF
-105.37 436.8 35.65 -105.55 431.69 34.59 0.275 0x0000FF
-105.92 441.9 36.94 -105.37 436.8 35.65 0.275 0x0000FF
-105.92 443.17 37.24 -105.92 441.9 36.94 0.275 0x0000FF
-109.75 448.09 37.15 -105.92 443.17 37.24 0.275 0x0000FF
-112.85 453.38 36.86 -109.75 448.09 37.15 0.275 0x0000FF
-114.31 455.02 36.47 -112.85 453.38 36.86 0.275 0x0000FF
-103.0 447.36 37.61 -105.92 443.17 37.24 0.275 0x0000FF
-103.18 448.82 37.84 -103.0 447.36 37.61 0.275 0x0000FF
-103.0 450.64 38.22 -103.18 448.82 37.84 0.275 0x0000FF
-103.18 453.38 38.22 -103.0 450.64 38.22 0.275 0x0000FF
-59.47 147.22 80.64 -60.75 145.41 79.81 0.545 0x0000FF
-57.65 149.78 80.79 -59.47 147.22 80.64 0.545 0x0000FF
-52.54 153.06 81.25 -57.65 149.78 80.79 0.455 0x0000FF
-48.16 155.43 81.55 -52.54 153.06 81.25 0.455 0x0000FF
-44.7 156.34 82.61 -48.16 155.43 81.55 0.455 0x0000FF
-42.51 157.07 82.99 -44.7 156.34 82.61 0.455 0x0000FF
-30.65 157.25 84.43 -42.51 157.07 82.99 0.365 0x0000FF
-27.91 157.07 85.04 -30.65 157.25 84.43 0.365 0x0000FF
-25.9 156.71 85.04 -27.91 157.07 85.04 0.365 0x0000FF
-21.52 156.53 85.64 -25.9 156.71 85.04 0.09 0x0000FF
-18.42 155.25 85.72 -21.52 156.53 85.64 0.09 0x0000FF
-15.87 154.88 85.72 -18.42 155.25 85.72 0.09 0x0000FF
-51.44 62.28 71.78 -50.17 62.1 71.78 1.005 0x0000FF
-56.37 63.55 72.84 -51.44 62.28 71.78 0.73 0x0000FF
-58.38 63.92 72.92 -56.37 63.55 72.84 0.73 0x0000FF
-61.11 65.01 73.75 -58.38 63.92 72.92 0.455 0x0000FF
-62.94 64.65 74.58 -61.11 65.01 73.75 0.455 0x0000FF
-65.13 64.65 74.95 -62.94 64.65 74.58 0.275 0x0000FF
-66.59 64.47 76.7 -65.13 64.65 74.95 0.275 0x0000FF
-68.95 64.09 78.83 -66.59 64.47 76.7 0.275 0x0000FF
-70.97 63.74 80.19 -68.95 64.09 78.83 0.275 0x0000FF
-72.79 63.01 84.43 -70.97 63.74 80.19 0.275 0x0000FF
-74.8 62.28 85.72 -72.79 63.01 84.43 0.275 0x0000FF
-76.44 61.19 85.79 -74.8 62.28 85.72 0.275 0x0000FF
-78.26 59.73 86.93 -76.44 61.19 85.79 0.18 0x0000FF
-64.76 65.73 73.98 -62.94 64.65 74.58 0.275 0x0000FF
-65.13 66.47 72.84 -64.76 65.73 73.98 0.275 0x0000FF
-66.04 67.75 71.17 -65.13 66.47 72.84 0.275 0x0000FF
-67.68 69.02 69.51 -66.04 67.75 71.17 0.275 0x0000FF
-70.05 70.48 67.39 -67.68 69.02 69.51 0.275 0x0000FF
-73.15 71.56 66.7 -70.05 70.48 67.39 0.275 0x0000FF
-74.06 71.75 66.02 -73.15 71.56 66.7 0.275 0x0000FF
-78.08 71.75 64.51 -74.06 71.75 66.02 0.275 0x0000FF
-83.37 71.2 63.3 -78.08 71.75 64.51 0.275 0x0000FF
-86.11 70.66 62.69 -83.37 71.2 63.3 0.275 0x0000FF
-88.3 70.11 62.01 -86.11 70.66 62.69 0.275 0x0000FF
-92.49 68.47 60.34 -88.3 70.11 62.01 0.275 0x0000FF
-94.32 67.93 58.98 -92.49 68.47 60.34 0.275 0x0000FF
-103.08 65.19 57.77 -94.32 67.93 58.98 0.275 0x0000FF
-108.73 64.09 57.16 -103.08 65.19 57.77 0.275 0x0000FF
-112.38 62.64 56.18 -108.73 64.09 57.16 0.275 0x0000FF
-114.39 61.19 54.28 -112.38 62.64 56.18 0.275 0x0000FF
-115.67 60.64 50.34 -114.39 61.19 54.28 0.275 0x0000FF
-128.44 50.8 48.0 -115.67 60.64 50.34 0.275 0x0000FF
-133.36 45.7 47.46 -128.44 50.8 48.0 0.275 0x0000FF
-138.29 41.69 45.87 -133.36 45.7 47.46 0.275 0x0000FF
