865.01 -1142.39 -28.13 856.34 -1143.33 -26.98 1.64 0x0000FF
865.93 -1142.02 -28.44 865.01 -1142.39 -28.13 1.64 0x0000FF
867.02 -1141.83 -28.74 865.93 -1142.02 -28.44 1.64 0x0000FF
868.66 -1142.02 -29.04 867.02 -1141.83 -28.74 1.46 0x0000FF
870.67 -1142.57 -29.35 868.66 -1142.02 -29.04 1.275 0x0000FF
873.04 -1143.11 -29.88 870.67 -1142.57 -29.35 1.095 0x0000FF
873.95 -1143.3 -30.33 873.04 -1143.11 -29.88 1.095 0x0000FF
875.78 -1142.94 -30.71 873.95 -1143.3 -30.33 1.095 0x0000FF
876.33 -1142.57 -31.01 875.78 -1142.94 -30.71 1.095 0x0000FF
876.87 -1142.21 -31.09 876.33 -1142.57 -31.01 1.095 0x0000FF
878.33 -1142.21 -31.39 876.87 -1142.21 -31.09 1.095 0x0000FF
878.88 -1142.57 -31.62 878.33 -1142.21 -31.39 1.095 0x0000FF
879.61 -1142.75 -31.77 878.88 -1142.57 -31.62 1.095 0x0000FF
881.07 -1141.83 -31.77 879.61 -1142.75 -31.77 0.545 0x0000FF
882.16 -1141.66 -31.62 881.07 -1141.83 -31.77 0.545 0x0000FF
883.26 -1141.48 -31.24 882.16 -1141.66 -31.62 0.545 0x0000FF
883.26 -1141.48 -30.41 883.26 -1141.48 -31.24 0.545 0x0000FF
884.54 -1141.3 -29.95 883.26 -1141.48 -30.41 0.545 0x0000FF
886.18 -1141.3 -28.82 884.54 -1141.3 -29.95 0.545 0x0000FF
887.27 -1141.1 -28.66 886.18 -1141.3 -28.82 0.545 0x0000FF
888.37 -1141.1 -28.21 887.27 -1141.1 -28.66 0.545 0x0000FF
889.83 -1140.75 -27.75 888.37 -1141.1 -28.21 0.545 0x0000FF
891.1 -1140.38 -27.15 889.83 -1140.75 -27.75 0.545 0x0000FF
892.02 -1139.83 -26.77 891.1 -1140.38 -27.15 0.545 0x0000FF
893.29 -1138.74 -26.24 892.02 -1139.83 -26.77 0.545 0x0000FF
893.66 -1137.83 -25.86 893.29 -1138.74 -26.24 0.545 0x0000FF
894.21 -1137.65 -25.41 893.66 -1137.83 -25.86 0.545 0x0000FF
894.57 -1137.65 -25.03 894.21 -1137.65 -25.41 0.545 0x0000FF
894.94 -1137.65 -24.88 894.57 -1137.65 -25.03 0.545 0x0000FF
897.85 -1136.92 -24.19 894.94 -1137.65 -24.88 0.73 0x0000FF
897.49 -1134.55 -23.89 897.85 -1136.92 -24.19 0.64 0x0000FF
898.22 -1133.64 -23.13 897.49 -1134.55 -23.89 0.64 0x0000FF
898.4 -1133.46 -22.3 898.22 -1133.64 -23.13 0.64 0x0000FF
899.5 -1132.73 -21.69 898.4 -1133.46 -22.3 0.64 0x0000FF
900.59 -1132.19 -21.24 899.5 -1132.73 -21.69 0.64 0x0000FF
901.69 -1131.82 -20.63 900.59 -1132.19 -21.24 0.64 0x0000FF
902.96 -1131.46 -20.18 901.69 -1131.82 -20.63 0.64 0x0000FF
904.79 -1131.08 -19.64 902.96 -1131.46 -20.18 0.455 0x0000FF
905.7 -1130.55 -19.35 904.79 -1131.08 -19.64 0.455 0x0000FF
906.43 -1129.63 -19.12 905.7 -1130.55 -19.35 0.455 0x0000FF
907.16 -1129.45 -18.89 906.43 -1129.63 -19.12 0.455 0x0000FF
908.25 -1128.72 -18.51 907.16 -1129.45 -18.89 0.455 0x0000FF
908.98 -1128.18 -18.36 908.25 -1128.72 -18.51 0.455 0x0000FF
909.53 -1127.81 -17.98 908.98 -1128.18 -18.36 0.455 0x0000FF
910.08 -1127.45 -17.38 909.53 -1127.81 -17.98 0.455 0x0000FF
910.81 -1126.9 -16.85 910.08 -1127.45 -17.38 0.455 0x0000FF
911.17 -1126.72 -16.32 910.81 -1126.9 -16.85 0.455 0x0000FF
911.9 -1126.35 -16.32 911.17 -1126.72 -16.32 0.455 0x0000FF
912.82 -1125.99 -15.71 911.9 -1126.35 -16.32 0.455 0x0000FF
913.55 -1125.81 -15.03 912.82 -1125.99 -15.71 0.455 0x0000FF
914.82 -1125.44 -14.35 913.55 -1125.81 -15.03 0.455 0x0000FF
915.74 -1125.26 -14.2 914.82 -1125.44 -14.35 0.455 0x0000FF
916.28 -1125.08 -13.67 915.74 -1125.26 -14.2 0.455 0x0000FF
917.01 -1124.9 -13.14 916.28 -1125.08 -13.67 0.455 0x0000FF
918.65 -1124.53 -12.38 917.01 -1124.9 -13.14 0.455 0x0000FF
919.75 -1124.17 -11.77 918.65 -1124.53 -12.38 0.455 0x0000FF
920.84 -1123.8 -11.32 919.75 -1124.17 -11.77 0.455 0x0000FF
922.12 -1123.44 -11.01 920.84 -1123.8 -11.32 0.455 0x0000FF
923.22 -1123.08 -10.71 922.12 -1123.44 -11.01 0.455 0x0000FF
924.49 -1122.53 -10.18 923.22 -1123.08 -10.71 0.455 0x0000FF
925.59 -1121.98 -9.57 924.49 -1122.53 -10.18 0.455 0x0000FF
926.5 -1121.44 -9.35 925.59 -1121.98 -9.57 0.455 0x0000FF
927.05 -1120.89 -9.19 926.5 -1121.44 -9.35 0.455 0x0000FF
927.59 -1120.33 -8.89 927.05 -1120.89 -9.19 0.455 0x0000FF
928.69 -1119.6 -8.67 927.59 -1120.33 -8.89 0.455 0x0000FF
929.24 -1119.43 -8.21 928.69 -1119.6 -8.67 0.455 0x0000FF
929.97 -1118.89 -7.76 929.24 -1119.43 -8.21 0.455 0x0000FF
930.51 -1118.52 -6.32 929.97 -1118.89 -7.76 0.455 0x0000FF
931.06 -1117.79 -6.01 930.51 -1118.52 -6.32 0.455 0x0000FF
931.79 -1117.6 -5.56 931.06 -1117.79 -6.01 0.455 0x0000FF
932.34 -1117.25 -4.26 931.79 -1117.6 -5.56 0.455 0x0000FF
932.89 -1116.88 -4.2 932.34 -1117.25 -4.26 0.455 0x0000FF
933.8 -1116.52 -3.51 932.89 -1116.88 -4.2 0.455 0x0000FF
935.08 -1115.97 -2.29 933.8 -1116.52 -3.51 0.455 0x0000FF
935.44 -1115.6 -2.15 935.08 -1115.97 -2.29 0.455 0x0000FF
935.81 -1115.24 -1.47 935.44 -1115.6 -2.15 0.455 0x0000FF
936.17 -1114.88 -0.56 935.81 -1115.24 -1.47 0.455 0x0000FF
937.99 -1113.78 -0.11 936.17 -1114.88 -0.56 0.275 0x0000FF
938.72 -1113.42 0.57 937.99 -1113.78 -0.11 0.275 0x0000FF
939.27 -1113.05 0.95 938.72 -1113.42 0.57 0.275 0x0000FF
940.0 -1112.69 1.26 939.27 -1113.05 0.95 0.275 0x0000FF
900.77 -1138.2 -23.51 897.85 -1136.92 -24.19 0.64 0x0000FF
903.88 -1139.47 -22.15 900.77 -1138.2 -23.51 0.64 0x0000FF
904.24 -1139.47 -21.85 903.88 -1139.47 -22.15 0.64 0x0000FF
904.79 -1139.83 -21.62 904.24 -1139.47 -21.85 0.64 0x0000FF
905.7 -1140.2 -20.56 904.79 -1139.83 -21.62 0.64 0x0000FF
906.25 -1140.38 -20.32 905.7 -1140.2 -20.56 0.64 0x0000FF
907.16 -1140.93 -19.8 906.25 -1140.38 -20.32 0.64 0x0000FF
907.52 -1141.3 -19.73 907.16 -1140.93 -19.8 0.64 0x0000FF
908.44 -1142.02 -18.73 907.52 -1141.3 -19.73 0.64 0x0000FF
908.98 -1142.39 -18.73 908.44 -1142.02 -18.73 0.64 0x0000FF
910.08 -1142.75 -18.44 908.98 -1142.39 -18.73 0.64 0x0000FF
910.99 -1143.3 -18.13 910.08 -1142.75 -18.44 0.64 0x0000FF
911.9 -1144.03 -17.68 910.99 -1143.3 -18.13 0.64 0x0000FF
913.0 -1144.94 -17.68 911.9 -1144.03 -17.68 0.64 0x0000FF
913.36 -1145.11 -17.07 913.0 -1144.94 -17.68 0.64 0x0000FF
914.09 -1146.21 -16.47 913.36 -1145.11 -17.07 0.64 0x0000FF
914.82 -1147.13 -16.39 914.09 -1146.21 -16.47 0.64 0x0000FF
915.55 -1147.67 -16.01 914.82 -1147.13 -16.39 0.64 0x0000FF
916.65 -1148.95 -15.26 915.55 -1147.67 -16.01 0.64 0x0000FF
917.19 -1149.68 -15.1 916.65 -1148.95 -15.26 0.64 0x0000FF
917.92 -1150.41 -14.88 917.19 -1149.68 -15.1 0.64 0x0000FF
919.02 -1150.95 -14.65 917.92 -1150.41 -14.88 0.64 0x0000FF
919.75 -1151.13 -14.42 919.02 -1150.95 -14.65 0.64 0x0000FF
920.11 -1151.32 -14.35 919.75 -1151.13 -14.42 0.64 0x0000FF
920.3 -1151.5 -13.59 920.11 -1151.32 -14.35 0.64 0x0000FF
920.66 -1151.5 -13.21 920.3 -1151.5 -13.59 0.64 0x0000FF
921.94 -1153.69 -8.51 920.66 -1151.5 -13.21 0.545 0x0000FF
923.58 -1155.51 -8.51 921.94 -1153.69 -8.51 0.365 0x0000FF
924.49 -1156.59 -8.51 923.58 -1155.51 -8.51 0.365 0x0000FF
881.25 -1144.03 -32.07 879.61 -1142.75 -31.77 1.095 0x0000FF
882.16 -1144.76 -32.38 881.25 -1144.03 -32.07 1.005 0x0000FF
884.54 -1145.3 -32.53 882.16 -1144.76 -32.38 1.005 0x0000FF
885.08 -1144.94 -32.97 884.54 -1145.3 -32.53 1.005 0x0000FF
885.45 -1144.39 -33.21 885.08 -1144.94 -32.97 1.005 0x0000FF
886.54 -1144.21 -33.59 885.45 -1144.39 -33.21 1.005 0x0000FF
887.27 -1143.84 -34.04 886.54 -1144.21 -33.59 1.005 0x0000FF
888.55 -1143.3 -34.5 887.27 -1143.84 -34.04 0.91 0x0000FF
889.1 -1143.11 -34.65 888.55 -1143.3 -34.5 0.91 0x0000FF
889.73 -1143.03 -34.99 889.1 -1143.11 -34.65 1.005 0x0000FF
890.37 -1142.94 -35.33 889.73 -1143.03 -34.99 1.005 0x0000FF
891.47 -1141.83 -35.25 890.37 -1142.94 -35.33 0.82 0x0000FF
891.83 -1141.48 -35.56 891.47 -1141.83 -35.25 0.82 0x0000FF
892.02 -1141.3 -36.84 891.83 -1141.48 -35.56 0.64 0x0000FF
892.75 -1140.93 -37.22 892.02 -1141.3 -36.84 0.64 0x0000FF
894.02 -1140.02 -38.06 892.75 -1140.93 -37.22 0.64 0x0000FF
894.75 -1139.1 -38.36 894.02 -1140.02 -38.06 0.64 0x0000FF
895.48 -1138.56 -39.04 894.75 -1139.1 -38.36 0.64 0x0000FF
896.03 -1137.83 -40.03 895.48 -1138.56 -39.04 0.64 0x0000FF
896.58 -1137.47 -40.4 896.03 -1137.83 -40.03 0.64 0x0000FF
897.13 -1136.92 -40.94 896.58 -1137.47 -40.4 0.64 0x0000FF
897.67 -1136.19 -41.39 897.13 -1136.92 -40.94 0.64 0x0000FF
897.85 -1135.65 -42.6 897.67 -1136.19 -41.39 0.64 0x0000FF
898.04 -1135.09 -43.06 897.85 -1135.65 -42.6 0.64 0x0000FF
898.22 -1134.74 -43.81 898.04 -1135.09 -43.06 0.64 0x0000FF
898.58 -1133.83 -44.27 898.22 -1134.74 -43.81 0.64 0x0000FF
898.95 -1132.91 -44.72 898.58 -1133.83 -44.27 0.64 0x0000FF
899.31 -1132.0 -45.33 898.95 -1132.91 -44.72 0.64 0x0000FF
899.68 -1131.27 -45.71 899.31 -1132.0 -45.33 0.64 0x0000FF
899.86 -1130.73 -46.24 899.68 -1131.27 -45.71 0.64 0x0000FF
900.23 -1129.82 -46.84 899.86 -1130.73 -46.24 0.64 0x0000FF
900.59 -1128.35 -47.68 900.23 -1129.82 -46.84 0.64 0x0000FF
900.77 -1127.45 -48.13 900.59 -1128.35 -47.68 0.64 0x0000FF
900.77 -1126.35 -48.59 900.77 -1127.45 -48.13 0.64 0x0000FF
900.96 -1124.9 -48.96 900.77 -1126.35 -48.59 0.64 0x0000FF
901.5 -1124.17 -49.65 900.96 -1124.9 -48.96 0.455 0x0000FF
901.69 -1123.26 -50.03 901.5 -1124.17 -49.65 0.455 0x0000FF
901.5 -1122.71 -50.56 901.69 -1123.26 -50.03 0.455 0x0000FF
900.96 -1121.61 -50.78 901.5 -1122.71 -50.56 0.455 0x0000FF
900.41 -1121.25 -51.16 900.96 -1121.61 -50.78 0.455 0x0000FF
900.04 -1120.33 -51.16 900.41 -1121.25 -51.16 0.455 0x0000FF
899.31 -1119.6 -52.15 900.04 -1120.33 -51.16 0.455 0x0000FF
898.77 -1119.25 -52.45 899.31 -1119.6 -52.15 0.455 0x0000FF
898.04 -1117.97 -53.36 898.77 -1119.25 -52.45 0.455 0x0000FF
898.4 -1116.7 -53.51 898.04 -1117.97 -53.36 0.365 0x0000FF
898.04 -1115.79 -53.81 898.4 -1116.7 -53.51 0.365 0x0000FF
896.4 -1114.51 -54.04 898.04 -1115.79 -53.81 0.365 0x0000FF
889.83 -1141.48 -34.11 889.73 -1143.03 -34.99 0.455 0x0000FF
890.19 -1139.83 -33.97 889.83 -1141.48 -34.11 0.455 0x0000FF
890.56 -1138.02 -33.81 890.19 -1139.83 -33.97 0.455 0x0000FF
891.29 -1136.01 -33.28 890.56 -1138.02 -33.81 0.455 0x0000FF
892.02 -1134.55 -34.04 891.29 -1136.01 -33.28 0.455 0x0000FF
892.56 -1133.64 -34.72 892.02 -1134.55 -34.04 0.455 0x0000FF
895.3 -1130.0 -35.18 892.56 -1133.64 -34.72 0.455 0x0000FF
897.49 -1126.72 -35.71 895.3 -1130.0 -35.18 0.455 0x0000FF
899.13 -1123.8 -36.15 897.49 -1126.72 -35.71 0.455 0x0000FF
900.41 -1121.25 -36.84 899.13 -1123.8 -36.15 0.455 0x0000FF
902.6 -1118.7 -37.22 900.41 -1121.25 -36.84 0.455 0x0000FF
903.88 -1117.6 -36.01 902.6 -1118.7 -37.22 0.455 0x0000FF
906.25 -1114.88 -35.47 903.88 -1117.6 -36.01 0.455 0x0000FF
908.44 -1112.51 -34.79 906.25 -1114.88 -35.47 0.455 0x0000FF
909.9 -1111.23 -34.27 908.44 -1112.51 -34.79 0.455 0x0000FF
913.36 -1106.85 -33.65 909.9 -1111.23 -34.27 0.455 0x0000FF
918.47 -1104.13 -33.06 913.36 -1106.85 -33.65 0.455 0x0000FF
925.22 -1097.75 -32.45 918.47 -1104.13 -33.06 0.365 0x0000FF
929.05 -1095.93 -31.92 925.22 -1097.75 -32.45 0.365 0x0000FF
932.34 -1093.56 -31.77 929.05 -1095.93 -31.92 0.365 0x0000FF
933.98 -1091.92 -31.39 932.34 -1093.56 -31.77 0.365 0x0000FF
936.35 -1089.36 -31.24 933.98 -1091.92 -31.39 0.365 0x0000FF
938.54 -1088.46 -31.01 936.35 -1089.36 -31.24 0.365 0x0000FF
941.1 -1087.73 -30.86 938.54 -1088.46 -31.01 0.365 0x0000FF
892.02 -1143.48 -35.56 889.1 -1143.11 -34.65 0.82 0x0000FF
892.56 -1143.84 -35.71 892.02 -1143.48 -35.56 0.82 0x0000FF
893.29 -1143.84 -36.09 892.56 -1143.84 -35.71 0.82 0x0000FF
895.3 -1143.66 -36.31 893.29 -1143.84 -36.09 0.64 0x0000FF
895.85 -1143.84 -36.69 895.3 -1143.66 -36.31 0.64 0x0000FF
897.13 -1144.03 -37.38 895.85 -1143.84 -36.69 0.64 0x0000FF
897.49 -1144.21 -37.68 897.13 -1144.03 -37.38 0.64 0x0000FF
898.58 -1144.21 -38.13 897.49 -1144.21 -37.68 0.64 0x0000FF
899.31 -1144.39 -38.51 898.58 -1144.21 -38.13 0.64 0x0000FF
900.96 -1144.58 -39.34 899.31 -1144.39 -38.51 0.64 0x0000FF
901.87 -1144.58 -40.1 900.96 -1144.58 -39.34 0.64 0x0000FF
902.23 -1144.39 -40.1 901.87 -1144.58 -40.1 0.64 0x0000FF
902.78 -1144.03 -41.54 902.23 -1144.39 -40.1 0.64 0x0000FF
903.69 -1143.84 -41.77 902.78 -1144.03 -41.54 0.64 0x0000FF
905.34 -1143.84 -42.9 903.69 -1143.84 -41.77 0.64 0x0000FF
906.07 -1144.03 -43.13 905.34 -1143.84 -42.9 0.64 0x0000FF
906.98 -1144.58 -43.51 906.07 -1144.03 -43.13 0.64 0x0000FF
908.44 -1145.3 -43.97 906.98 -1144.58 -43.51 0.64 0x0000FF
909.9 -1146.03 -43.97 908.44 -1145.3 -43.97 0.64 0x0000FF
911.9 -1146.76 -44.34 909.9 -1146.03 -43.97 0.64 0x0000FF
913.55 -1147.49 -44.65 911.9 -1146.76 -44.34 0.64 0x0000FF
914.64 -1147.84 -44.95 913.55 -1147.49 -44.65 0.64 0x0000FF
916.1 -1148.4 -45.25 914.64 -1147.84 -44.95 0.64 0x0000FF
918.47 -1148.95 -45.4 916.1 -1148.4 -45.25 0.64 0x0000FF
921.03 -1149.85 -45.78 918.47 -1148.95 -45.4 0.64 0x0000FF
923.58 -1150.58 -45.93 921.03 -1149.85 -45.78 0.64 0x0000FF
924.31 -1151.13 -46.16 923.58 -1150.58 -45.93 0.64 0x0000FF
925.41 -1152.77 -46.54 924.31 -1151.13 -46.16 0.64 0x0000FF
927.78 -1154.96 -46.69 925.41 -1152.77 -46.54 0.64 0x0000FF
930.7 -1156.96 -46.77 927.78 -1154.96 -46.69 0.64 0x0000FF
932.89 -1159.15 -46.92 930.7 -1156.96 -46.77 0.64 0x0000FF
934.16 -1161.52 -47.0 932.89 -1159.15 -46.92 0.64 0x0000FF
935.99 -1163.33 -47.22 934.16 -1161.52 -47.0 0.64 0x0000FF
936.17 -1164.07 -47.6 935.99 -1163.33 -47.22 0.64 0x0000FF
937.45 -1165.53 -48.43 936.17 -1164.07 -47.6 0.545 0x0000FF
938.18 -1166.44 -48.51 937.45 -1165.53 -48.43 0.365 0x0000FF
938.72 -1166.99 -48.59 938.18 -1166.44 -48.51 0.365 0x0000FF
939.64 -1167.53 -48.59 938.72 -1166.99 -48.59 0.365 0x0000FF
940.18 -1167.9 -48.59 939.64 -1167.53 -48.59 0.365 0x0000FF
861.55 -1144.76 -12.07 856.34 -1143.33 -26.98 1.37 0x0000FF
862.64 -1144.76 -12.0 861.55 -1144.76 -12.07 1.37 0x0000FF
864.65 -1144.03 -12.0 862.64 -1144.76 -12.0 1.37 0x0000FF
865.38 -1144.03 -12.0 864.65 -1144.03 -12.0 1.37 0x0000FF
867.75 -1143.11 -12.0 865.38 -1144.03 -12.0 1.37 0x0000FF
871.03 -1142.21 -12.0 867.75 -1143.11 -12.0 1.185 0x0000FF
874.32 -1141.3 -12.0 871.03 -1142.21 -12.0 1.005 0x0000FF
878.33 -1139.29 -12.0 874.32 -1141.3 -12.0 1.005 0x0000FF
882.16 -1138.38 -11.85 878.33 -1139.29 -12.0 1.005 0x0000FF
885.45 -1138.02 -11.77 882.16 -1138.38 -11.85 1.005 0x0000FF
886.73 -1137.47 -11.01 885.45 -1138.02 -11.77 0.82 0x0000FF
887.82 -1137.09 -11.47 886.73 -1137.47 -11.01 0.82 0x0000FF
890.37 -1136.74 -11.92 887.82 -1137.09 -11.47 0.82 0x0000FF
894.94 -1136.74 -12.3 890.37 -1136.74 -11.92 0.82 0x0000FF
897.85 -1136.92 -12.68 894.94 -1136.74 -12.3 0.82 0x0000FF
900.04 -1136.92 -13.36 897.85 -1136.92 -12.68 0.82 0x0000FF
901.87 -1136.74 -13.67 900.04 -1136.92 -13.36 0.82 0x0000FF
904.06 -1136.19 -14.04 901.87 -1136.74 -13.67 0.82 0x0000FF
907.71 -1136.19 -14.5 904.06 -1136.19 -14.04 0.82 0x0000FF
910.63 -1136.01 -14.95 907.71 -1136.19 -14.5 0.82 0x0000FF
913.36 -1136.19 -15.48 910.63 -1136.01 -14.95 0.73 0x0000FF
916.65 -1136.74 -15.94 913.36 -1136.19 -15.48 0.73 0x0000FF
919.57 -1136.38 -16.23 916.65 -1136.74 -15.94 0.73 0x0000FF
921.76 -1136.19 -16.54 919.57 -1136.38 -16.23 0.73 0x0000FF
923.03 -1135.47 -16.92 921.76 -1136.19 -16.54 0.73 0x0000FF
924.31 -1135.09 -17.76 923.03 -1135.47 -16.92 0.73 0x0000FF
924.86 -1134.74 -18.51 924.31 -1135.09 -17.76 0.73 0x0000FF
926.32 -1133.46 -19.04 924.86 -1134.74 -18.51 0.73 0x0000FF
926.86 -1133.09 -19.5 926.32 -1133.46 -19.04 0.73 0x0000FF
931.93 -1132.31 -19.88 926.86 -1133.09 -19.5 0.73 0x0000FF
933.03 -1131.76 -20.48 931.93 -1132.31 -19.88 0.73 0x0000FF
933.94 -1131.4 -21.69 933.03 -1131.76 -20.48 0.73 0x0000FF
935.22 -1131.03 -22.91 933.94 -1131.4 -21.69 0.73 0x0000FF
936.13 -1130.67 -23.74 935.22 -1131.03 -22.91 0.73 0x0000FF
938.13 -1129.94 -24.57 936.13 -1130.67 -23.74 0.73 0x0000FF
939.96 -1128.84 -25.26 938.13 -1129.94 -24.57 0.73 0x0000FF
942.33 -1128.66 -26.54 939.96 -1128.84 -25.26 0.545 0x0000FF
943.06 -1128.84 -27.07 942.33 -1128.66 -26.54 0.545 0x0000FF
943.79 -1129.21 -27.38 943.06 -1128.84 -27.07 0.545 0x0000FF
945.25 -1129.94 -27.75 943.79 -1129.21 -27.38 0.365 0x0000FF
929.97 -1133.09 -19.57 926.86 -1133.09 -19.5 0.73 0x0000FF
931.61 -1132.55 -20.32 929.97 -1133.09 -19.57 0.73 0x0000FF
935.08 -1133.28 -20.71 931.61 -1132.55 -20.32 0.73 0x0000FF
936.53 -1134.36 -21.32 935.08 -1133.28 -20.71 0.64 0x0000FF
938.54 -1135.47 -22.3 936.53 -1134.36 -21.32 0.545 0x0000FF
940.37 -1136.19 -23.21 938.54 -1135.47 -22.3 0.545 0x0000FF
941.46 -1136.56 -23.74 940.37 -1136.19 -23.21 0.545 0x0000FF
943.47 -1137.29 -24.19 941.46 -1136.56 -23.74 0.545 0x0000FF
945.29 -1138.93 -24.57 943.47 -1137.29 -24.19 0.545 0x0000FF
946.75 -1140.93 -25.33 945.29 -1138.93 -24.57 0.545 0x0000FF
948.21 -1142.39 -25.71 946.75 -1140.93 -25.33 0.545 0x0000FF
949.85 -1144.21 -26.24 948.21 -1142.39 -25.71 0.545 0x0000FF
950.95 -1146.21 -26.62 949.85 -1144.21 -26.24 0.545 0x0000FF
951.31 -1146.76 -27.22 950.95 -1146.21 -26.62 0.545 0x0000FF
952.77 -1147.31 -27.75 951.31 -1146.76 -27.22 0.545 0x0000FF
953.14 -1147.67 -29.04 952.77 -1147.31 -27.75 0.545 0x0000FF
953.69 -1148.4 -29.57 953.14 -1147.67 -29.04 0.545 0x0000FF
953.87 -1148.95 -29.95 953.69 -1148.4 -29.57 0.545 0x0000FF
954.23 -1149.68 -31.24 953.87 -1148.95 -29.95 0.545 0x0000FF
954.42 -1150.22 -32.07 954.23 -1149.68 -31.24 0.545 0x0000FF
955.88 -1150.41 -32.07 954.42 -1150.22 -32.07 0.64 0x0000FF
957.52 -1150.77 -32.6 955.88 -1150.41 -32.07 0.64 0x0000FF
961.17 -1151.68 -33.13 957.52 -1150.77 -32.6 0.64 0x0000FF
963.36 -1152.41 -33.21 961.17 -1151.68 -33.13 0.64 0x0000FF
965.54 -1154.41 -33.44 963.36 -1152.41 -33.21 0.64 0x0000FF
968.1 -1157.33 -33.89 965.54 -1154.41 -33.44 0.64 0x0000FF
969.74 -1159.15 -34.35 968.1 -1157.33 -33.89 0.64 0x0000FF
973.21 -1162.07 -34.65 969.74 -1159.15 -34.35 0.64 0x0000FF
974.12 -1162.6 -35.03 973.21 -1162.07 -34.65 0.64 0x0000FF
975.58 -1163.33 -35.33 974.12 -1162.6 -35.03 0.64 0x0000FF
977.4 -1164.61 -35.71 975.58 -1163.33 -35.33 0.64 0x0000FF
979.23 -1165.71 -36.01 977.4 -1164.61 -35.71 0.64 0x0000FF
980.87 -1166.99 -36.39 979.23 -1165.71 -36.01 0.64 0x0000FF
982.33 -1168.44 -36.69 980.87 -1166.99 -36.39 0.64 0x0000FF
984.34 -1169.9 -37.0 982.33 -1168.44 -36.69 0.64 0x0000FF
985.8 -1170.63 -37.45 984.34 -1169.9 -37.0 0.64 0x0000FF
989.99 -1174.08 -38.13 985.8 -1170.63 -37.45 0.64 0x0000FF
991.45 -1175.18 -38.36 989.99 -1174.08 -38.13 0.64 0x0000FF
994.37 -1176.82 -38.81 991.45 -1175.18 -38.36 0.64 0x0000FF
996.56 -1178.46 -39.27 994.37 -1176.82 -38.81 0.64 0x0000FF
999.3 -1180.09 -39.5 996.56 -1178.46 -39.27 0.64 0x0000FF
1001.49 -1182.1 -39.95 999.3 -1180.09 -39.5 0.64 0x0000FF
1003.13 -1184.1 -40.33 1001.49 -1182.1 -39.95 0.64 0x0000FF
1004.77 -1186.84 -40.63 1003.13 -1184.1 -40.33 0.64 0x0000FF
1005.32 -1187.94 -40.63 1004.77 -1186.84 -40.63 0.64 0x0000FF
1005.87 -1188.84 -40.03 1005.32 -1187.94 -40.63 0.64 0x0000FF
1006.6 -1189.58 -39.34 1005.87 -1188.84 -40.03 0.64 0x0000FF
1007.14 -1190.49 -38.74 1006.6 -1189.58 -39.34 0.64 0x0000FF
1008.6 -1191.4 -38.28 1007.14 -1190.49 -38.74 0.64 0x0000FF
1010.25 -1191.95 -37.97 1008.6 -1191.4 -38.28 0.64 0x0000FF
1013.17 -1193.22 -37.6 1010.25 -1191.95 -37.97 0.64 0x0000FF
1015.9 -1194.32 -37.29 1013.17 -1193.22 -37.6 0.64 0x0000FF
1017.36 -1195.23 -36.84 1015.9 -1194.32 -37.29 0.64 0x0000FF
1018.64 -1196.5 -36.61 1017.36 -1195.23 -36.84 0.64 0x0000FF
1019.19 -1197.96 -36.47 1018.64 -1196.5 -36.61 0.64 0x0000FF
1021.38 -1202.7 -36.24 1019.19 -1197.96 -36.47 0.64 0x0000FF
1022.11 -1204.88 -36.09 1021.38 -1202.7 -36.24 0.64 0x0000FF
1022.47 -1205.98 -35.94 1022.11 -1204.88 -36.09 0.64 0x0000FF
1022.98 -1213.57 -35.33 1022.47 -1205.98 -35.94 0.64 0x0000FF
1024.43 -1222.5 -35.1 1022.98 -1213.57 -35.33 0.545 0x0000FF
1025.34 -1224.86 -34.5 1024.43 -1222.5 -35.1 0.545 0x0000FF
1026.99 -1227.05 -34.5 1025.34 -1224.86 -34.5 0.545 0x0000FF
1031.55 -1228.51 -34.19 1026.99 -1227.05 -34.5 0.545 0x0000FF
1036.1 -1229.97 -33.81 1031.55 -1228.51 -34.19 0.545 0x0000FF
1039.58 -1231.79 -33.51 1036.1 -1229.97 -33.81 0.545 0x0000FF
1044.5 -1234.16 -33.13 1039.58 -1231.79 -33.51 0.545 0x0000FF
1045.96 -1235.8 -32.53 1044.5 -1234.16 -33.13 0.545 0x0000FF
1047.42 -1237.25 -31.85 1045.96 -1235.8 -32.53 0.545 0x0000FF
1050.16 -1239.26 -31.39 1047.42 -1237.25 -31.85 0.545 0x0000FF
1052.53 -1240.34 -30.94 1050.16 -1239.26 -31.39 0.545 0x0000FF
1053.26 -1240.53 -30.25 1052.53 -1240.34 -30.94 0.545 0x0000FF
1054.72 -1240.9 -30.03 1053.26 -1240.53 -30.25 0.545 0x0000FF
1055.27 -1240.72 -28.82 1054.72 -1240.9 -30.03 0.545 0x0000FF
1056.0 -1241.08 -28.44 1055.27 -1240.72 -28.82 0.545 0x0000FF
1059.09 -1241.45 -27.98 1056.0 -1241.08 -28.44 0.545 0x0000FF
1060.2 -1241.63 -27.45 1059.09 -1241.45 -27.98 0.545 0x0000FF
1062.75 -1242.35 -26.77 1060.2 -1241.63 -27.45 0.545 0x0000FF
1064.21 -1241.99 -25.71 1062.75 -1242.35 -26.77 0.545 0x0000FF
1066.03 -1241.99 -25.56 1064.21 -1241.99 -25.71 0.545 0x0000FF
1068.22 -1241.81 -25.18 1066.03 -1241.99 -25.56 0.545 0x0000FF
1069.86 -1241.81 -24.57 1068.22 -1241.81 -25.18 0.545 0x0000FF
1071.86 -1241.81 -23.89 1069.86 -1241.81 -24.57 0.545 0x0000FF
1072.42 -1241.81 -22.91 1071.86 -1241.81 -23.89 0.545 0x0000FF
1073.33 -1242.17 -20.94 1072.42 -1241.81 -22.91 0.545 0x0000FF
1074.79 -1242.17 -20.26 1073.33 -1242.17 -20.94 0.545 0x0000FF
1078.61 -1243.08 -18.89 1074.79 -1242.17 -20.26 0.545 0x0000FF
1080.27 -1243.63 -18.44 1078.61 -1243.08 -18.89 0.545 0x0000FF
1081.54 -1244.18 -17.98 1080.27 -1243.63 -18.44 0.545 0x0000FF
1083.91 -1245.08 -17.0 1081.54 -1244.18 -17.98 0.545 0x0000FF
1086.47 -1246.35 -16.7 1083.91 -1245.08 -17.0 0.545 0x0000FF
1088.48 -1246.91 -15.86 1086.47 -1246.35 -16.7 0.545 0x0000FF
1095.23 -1246.35 -15.26 1088.48 -1246.91 -15.86 0.455 0x0000FF
1097.42 -1246.18 -14.8 1095.23 -1246.35 -15.26 0.455 0x0000FF
1101.07 -1246.35 -14.04 1097.42 -1246.18 -14.8 0.455 0x0000FF
1103.44 -1245.27 -13.36 1101.07 -1246.35 -14.04 0.455 0x0000FF
957.88 -1153.69 -32.75 954.42 -1150.22 -32.07 0.545 0x0000FF
959.34 -1155.14 -32.83 957.88 -1153.69 -32.75 0.545 0x0000FF
961.35 -1156.96 -33.36 959.34 -1155.14 -32.83 0.455 0x0000FF
963.17 -1158.06 -33.51 961.35 -1156.96 -33.36 0.455 0x0000FF
964.45 -1159.33 -33.89 963.17 -1158.06 -33.51 0.455 0x0000FF
887.82 -1139.29 -11.85 885.45 -1138.02 -11.77 0.73 0x0000FF
890.01 -1140.93 -12.15 887.82 -1139.29 -11.85 0.73 0x0000FF
891.1 -1141.66 -12.45 890.01 -1140.93 -12.15 0.73 0x0000FF
892.93 -1143.3 -12.83 891.1 -1141.66 -12.45 0.73 0x0000FF
894.57 -1144.21 -13.51 892.93 -1143.3 -12.83 0.73 0x0000FF
897.13 -1145.84 -14.12 894.57 -1144.21 -13.51 0.64 0x0000FF
899.31 -1147.67 -14.42 897.13 -1145.84 -14.12 0.64 0x0000FF
900.96 -1149.13 -15.26 899.31 -1147.67 -14.42 0.64 0x0000FF
901.87 -1149.85 -15.79 900.96 -1149.13 -15.26 0.64 0x0000FF
902.96 -1150.95 -16.39 901.87 -1149.85 -15.79 0.64 0x0000FF
903.69 -1151.68 -17.23 902.96 -1150.95 -16.39 0.64 0x0000FF
904.06 -1153.86 -17.14 903.69 -1151.68 -17.23 0.64 0x0000FF
903.88 -1155.51 -15.71 904.06 -1153.86 -17.14 0.64 0x0000FF
903.88 -1156.05 -15.03 903.88 -1155.51 -15.71 0.64 0x0000FF
903.51 -1156.78 -14.04 903.88 -1156.05 -15.03 0.64 0x0000FF
902.96 -1157.51 -13.14 903.51 -1156.78 -14.04 0.64 0x0000FF
902.05 -1157.69 -12.0 902.96 -1157.51 -13.14 0.64 0x0000FF
900.96 -1158.24 -11.47 902.05 -1157.69 -12.0 0.64 0x0000FF
900.41 -1159.15 -10.33 900.96 -1158.24 -11.47 0.64 0x0000FF
900.41 -1160.43 -9.35 900.41 -1159.15 -10.33 0.64 0x0000FF
900.41 -1161.7 -8.59 900.41 -1160.43 -9.35 0.64 0x0000FF
900.04 -1164.43 -7.38 900.41 -1161.7 -8.59 0.64 0x0000FF
899.5 -1166.61 -6.62 900.04 -1164.43 -7.38 0.64 0x0000FF
898.95 -1167.9 -5.18 899.5 -1166.61 -6.62 0.64 0x0000FF
898.58 -1168.99 -4.2 898.95 -1167.9 -5.18 0.64 0x0000FF
897.85 -1170.08 -3.29 898.58 -1168.99 -4.2 0.64 0x0000FF
897.31 -1171.35 -2.29 897.85 -1170.08 -3.29 0.64 0x0000FF
896.76 -1173.18 -1.7 897.31 -1171.35 -2.29 0.64 0x0000FF
896.58 -1174.08 -0.86 896.76 -1173.18 -1.7 0.64 0x0000FF
895.67 -1175.18 0.05 896.58 -1174.08 -0.86 0.455 0x0000FF
894.39 -1175.91 0.57 895.67 -1175.18 0.05 0.455 0x0000FF
894.21 -1176.46 1.79 894.39 -1175.91 0.57 0.455 0x0000FF
893.66 -1176.82 2.47 894.21 -1176.46 1.79 0.455 0x0000FF
893.29 -1177.19 3.15 893.66 -1176.82 2.47 0.455 0x0000FF
892.56 -1178.46 4.05 893.29 -1177.19 3.15 0.455 0x0000FF
891.65 -1179.74 4.67 892.56 -1178.46 4.05 0.455 0x0000FF
890.74 -1181.2 5.2 891.65 -1179.74 4.67 0.455 0x0000FF
890.01 -1182.65 6.03 890.74 -1181.2 5.2 0.455 0x0000FF
889.64 -1184.48 6.64 890.01 -1182.65 6.03 0.455 0x0000FF
889.64 -1187.94 7.54 889.64 -1184.48 6.64 0.455 0x0000FF
889.46 -1189.94 7.85 889.64 -1187.94 7.54 0.455 0x0000FF
888.73 -1191.76 8.15 889.46 -1189.94 7.85 0.455 0x0000FF
888.55 -1192.68 9.21 888.73 -1191.76 8.15 0.455 0x0000FF
887.82 -1193.77 9.44 888.55 -1192.68 9.21 0.455 0x0000FF
886.54 -1194.68 10.27 887.82 -1193.77 9.44 0.455 0x0000FF
885.08 -1194.85 11.64 886.54 -1194.68 10.27 0.455 0x0000FF
882.89 -1195.23 12.47 885.08 -1194.85 11.64 0.455 0x0000FF
881.98 -1195.41 12.85 882.89 -1195.23 12.47 0.365 0x0000FF
880.7 -1196.5 13.38 881.98 -1195.41 12.85 0.365 0x0000FF
879.97 -1197.96 14.29 880.7 -1196.5 13.38 0.365 0x0000FF
906.61 -1153.32 -18.05 903.69 -1151.68 -17.23 0.545 0x0000FF
910.44 -1155.14 -18.29 906.61 -1153.32 -18.05 0.545 0x0000FF
913.55 -1157.33 -18.82 910.44 -1155.14 -18.29 0.545 0x0000FF
917.01 -1159.88 -19.12 913.55 -1157.33 -18.82 0.545 0x0000FF
919.2 -1161.88 -19.73 917.01 -1159.88 -19.12 0.545 0x0000FF
921.94 -1163.71 -20.48 919.2 -1161.88 -19.73 0.545 0x0000FF
923.95 -1164.98 -21.32 921.94 -1163.71 -20.48 0.545 0x0000FF
925.95 -1167.17 -21.85 923.95 -1164.98 -21.32 0.545 0x0000FF
928.32 -1169.17 -22.38 925.95 -1167.17 -21.85 0.545 0x0000FF
930.88 -1169.72 -22.83 928.32 -1169.17 -22.38 0.545 0x0000FF
932.52 -1170.08 -22.91 930.88 -1169.72 -22.83 0.545 0x0000FF
933.62 -1170.45 -23.89 932.52 -1170.08 -22.91 0.545 0x0000FF
934.35 -1170.81 -24.8 933.62 -1170.45 -23.89 0.545 0x0000FF
935.81 -1170.99 -25.71 934.35 -1170.81 -24.8 0.545 0x0000FF
936.53 -1171.18 -26.69 935.81 -1170.99 -25.71 0.545 0x0000FF
937.26 -1171.72 -27.83 936.53 -1171.18 -26.69 0.545 0x0000FF
938.18 -1171.91 -28.06 937.26 -1171.72 -27.83 0.545 0x0000FF
938.72 -1172.08 -29.19 938.18 -1171.91 -28.06 0.545 0x0000FF
939.45 -1172.08 -30.33 938.72 -1172.08 -29.19 0.545 0x0000FF
940.55 -1172.45 -31.24 939.45 -1172.08 -30.33 0.545 0x0000FF
941.83 -1172.45 -32.22 940.55 -1172.45 -31.24 0.545 0x0000FF
942.74 -1172.63 -32.6 941.83 -1172.45 -32.22 0.545 0x0000FF
943.29 -1172.63 -33.28 942.74 -1172.63 -32.6 0.545 0x0000FF
944.38 -1171.91 -34.95 943.29 -1172.63 -33.28 0.545 0x0000FF
945.48 -1172.08 -37.6 944.38 -1171.91 -34.95 0.545 0x0000FF
949.49 -1171.91 -38.06 945.48 -1172.08 -37.6 0.455 0x0000FF
951.5 -1173.0 -39.11 949.49 -1171.91 -38.06 0.455 0x0000FF
954.78 -1172.45 -41.39 951.5 -1173.0 -39.11 0.455 0x0000FF
955.88 -1172.45 -42.98 954.78 -1172.45 -41.39 0.455 0x0000FF
959.16 -1173.35 -43.89 955.88 -1172.45 -42.98 0.455 0x0000FF
963.17 -1174.08 -44.12 959.16 -1173.35 -43.89 0.455 0x0000FF
967.19 -1176.28 -46.84 963.17 -1174.08 -44.12 0.455 0x0000FF
968.65 -1176.82 -48.59 967.19 -1176.28 -46.84 0.455 0x0000FF
970.47 -1177.92 -49.42 968.65 -1176.82 -48.59 0.455 0x0000FF
975.03 -1180.47 -50.33 970.47 -1177.92 -49.42 0.455 0x0000FF
980.32 -1183.02 -51.01 975.03 -1180.47 -50.33 0.455 0x0000FF
984.7 -1185.21 -53.21 980.32 -1183.02 -51.01 0.455 0x0000FF
987.26 -1185.75 -54.42 984.7 -1185.21 -53.21 0.455 0x0000FF
989.63 -1186.48 -55.25 987.26 -1185.75 -54.42 0.455 0x0000FF
991.45 -1186.48 -56.99 989.63 -1186.48 -55.25 0.455 0x0000FF
994.56 -1187.03 -58.13 991.45 -1186.48 -56.99 0.455 0x0000FF
995.28 -1187.39 -59.19 994.56 -1187.03 -58.13 0.455 0x0000FF
998.02 -1189.58 -60.78 995.28 -1187.39 -59.19 0.365 0x0000FF
859.04 -1151.46 -38.28 856.34 -1143.33 -26.98 1.275 0x0000FF
859.77 -1153.29 -38.44 859.04 -1151.46 -38.28 1.275 0x0000FF
860.69 -1154.2 -38.44 859.77 -1153.29 -38.44 1.275 0x0000FF
861.05 -1154.93 -38.44 860.69 -1154.2 -38.44 1.275 0x0000FF
863.24 -1157.1 -38.65 861.05 -1154.93 -38.44 1.275 0x0000FF
864.15 -1157.83 -38.81 863.24 -1157.1 -38.65 1.275 0x0000FF
866.34 -1159.11 -38.81 864.15 -1157.83 -38.81 1.275 0x0000FF
867.62 -1160.21 -38.97 866.34 -1159.11 -38.81 1.185 0x0000FF
868.35 -1160.76 -39.04 867.62 -1160.21 -38.97 1.185 0x0000FF
870.54 -1161.11 -39.11 868.35 -1160.76 -39.04 0.64 0x0000FF
871.45 -1161.67 -39.72 870.54 -1161.11 -39.11 0.64 0x0000FF
872.0 -1161.67 -39.86 871.45 -1161.67 -39.72 0.64 0x0000FF
874.73 -1162.21 -40.25 872.0 -1161.67 -39.86 0.64 0x0000FF
876.56 -1162.4 -40.47 874.73 -1162.21 -40.25 0.64 0x0000FF
876.56 -1161.67 -40.78 876.56 -1162.4 -40.47 0.73 0x0000FF
876.92 -1160.76 -40.4 876.56 -1161.67 -40.78 0.73 0x0000FF
877.65 -1160.03 -39.86 876.92 -1160.76 -40.4 0.73 0x0000FF
877.84 -1159.66 -40.63 877.65 -1160.03 -39.86 0.73 0x0000FF
878.57 -1158.93 -41.84 877.84 -1159.66 -40.63 0.73 0x0000FF
878.93 -1158.02 -42.3 878.57 -1158.93 -41.84 0.73 0x0000FF
879.48 -1156.57 -43.36 878.93 -1158.02 -42.3 0.545 0x0000FF
879.84 -1155.83 -43.51 879.48 -1156.57 -43.36 0.545 0x0000FF
880.39 -1155.1 -43.81 879.84 -1155.83 -43.51 0.545 0x0000FF
881.12 -1154.38 -44.27 880.39 -1155.1 -43.81 0.545 0x0000FF
881.85 -1153.83 -44.42 881.12 -1154.38 -44.27 0.545 0x0000FF
882.4 -1152.92 -44.8 881.85 -1153.83 -44.42 0.545 0x0000FF
883.49 -1151.65 -45.4 882.4 -1152.92 -44.8 0.545 0x0000FF
884.77 -1150.55 -45.71 883.49 -1151.65 -45.4 0.545 0x0000FF
885.5 -1150.01 -45.71 884.77 -1150.55 -45.71 0.545 0x0000FF
886.96 -1149.28 -46.39 885.5 -1150.01 -45.71 0.545 0x0000FF
887.87 -1148.91 -47.0 886.96 -1149.28 -46.39 0.545 0x0000FF
888.78 -1148.55 -47.0 887.87 -1148.91 -47.0 0.545 0x0000FF
890.06 -1148.0 -48.21 888.78 -1148.55 -47.0 0.545 0x0000FF
891.7 -1147.08 -48.74 890.06 -1148.0 -48.21 0.545 0x0000FF
893.34 -1146.35 -48.89 891.7 -1147.08 -48.74 0.545 0x0000FF
894.8 -1145.82 -49.34 893.34 -1146.35 -48.89 0.545 0x0000FF
896.63 -1145.08 -49.87 894.8 -1145.82 -49.34 0.545 0x0000FF
897.72 -1144.54 -50.4 896.63 -1145.08 -49.87 0.545 0x0000FF
898.09 -1144.54 -50.4 897.72 -1144.54 -50.4 0.545 0x0000FF
899.55 -1142.9 -51.31 898.09 -1144.54 -50.4 0.545 0x0000FF
900.64 -1142.34 -50.63 899.55 -1142.9 -51.31 0.545 0x0000FF
900.83 -1141.08 -50.56 900.64 -1142.34 -50.63 0.545 0x0000FF
900.83 -1140.53 -49.87 900.83 -1141.08 -50.56 0.545 0x0000FF
900.83 -1139.8 -49.12 900.83 -1140.53 -49.87 0.545 0x0000FF
900.46 -1138.71 -48.81 900.83 -1139.8 -49.12 0.545 0x0000FF
900.28 -1137.61 -48.74 900.46 -1138.71 -48.81 0.545 0x0000FF
899.91 -1136.52 -48.66 900.28 -1137.61 -48.74 0.545 0x0000FF
899.37 -1132.88 -48.36 899.91 -1136.52 -48.66 0.365 0x0000FF
898.82 -1132.52 -47.45 899.37 -1132.88 -48.36 0.365 0x0000FF
898.64 -1131.97 -47.45 898.82 -1132.52 -47.45 0.365 0x0000FF
898.27 -1131.24 -47.45 898.64 -1131.97 -47.45 0.365 0x0000FF
898.09 -1130.33 -47.53 898.27 -1131.24 -47.45 0.365 0x0000FF
897.72 -1129.42 -47.68 898.09 -1130.33 -47.53 0.365 0x0000FF
897.72 -1128.14 -47.75 897.72 -1129.42 -47.68 0.365 0x0000FF
897.91 -1126.69 -48.06 897.72 -1128.14 -47.75 0.365 0x0000FF
898.45 -1125.41 -48.06 897.91 -1126.69 -48.06 0.365 0x0000FF
899.37 -1123.95 -48.21 898.45 -1125.41 -48.06 0.365 0x0000FF
900.28 -1122.68 -48.43 899.37 -1123.95 -48.21 0.365 0x0000FF
901.01 -1121.77 -48.74 900.28 -1122.68 -48.43 0.365 0x0000FF
901.56 -1120.84 -49.12 901.01 -1121.77 -48.74 0.365 0x0000FF
902.47 -1120.13 -49.27 901.56 -1120.84 -49.12 0.365 0x0000FF
904.47 -1119.22 -49.72 902.47 -1120.13 -49.27 0.365 0x0000FF
906.12 -1118.67 -49.72 904.47 -1119.22 -49.72 0.365 0x0000FF
908.31 -1117.58 -50.25 906.12 -1118.67 -49.72 0.365 0x0000FF
909.4 -1116.84 -50.25 908.31 -1117.58 -50.25 0.365 0x0000FF
910.68 -1114.83 -50.71 909.4 -1116.84 -50.25 0.365 0x0000FF
911.04 -1112.66 -50.71 910.68 -1114.83 -50.71 0.365 0x0000FF
911.23 -1111.2 -51.01 911.04 -1112.66 -50.71 0.365 0x0000FF
911.23 -1109.19 -51.31 911.23 -1111.2 -51.01 0.365 0x0000FF
911.41 -1108.09 -51.84 911.23 -1109.19 -51.31 0.365 0x0000FF
911.41 -1107.19 -52.07 911.41 -1108.09 -51.84 0.365 0x0000FF
911.77 -1105.36 -53.43 911.41 -1107.19 -52.07 0.365 0x0000FF
912.32 -1103.0 -53.59 911.77 -1105.36 -53.43 0.365 0x0000FF
912.68 -1102.08 -53.96 912.32 -1103.0 -53.59 0.365 0x0000FF
913.05 -1101.35 -54.42 912.68 -1102.08 -53.96 0.365 0x0000FF
913.41 -1100.81 -54.95 913.05 -1101.35 -54.42 0.365 0x0000FF
913.96 -1100.63 -55.48 913.41 -1100.81 -54.95 0.365 0x0000FF
914.33 -1100.08 -55.48 913.96 -1100.63 -55.48 0.365 0x0000FF
914.69 -1099.9 -56.54 914.33 -1100.08 -55.48 0.365 0x0000FF
915.6 -1099.17 -56.92 914.69 -1099.9 -56.54 0.365 0x0000FF
916.15 -1098.44 -57.68 915.6 -1099.17 -56.92 0.365 0x0000FF
916.7 -1097.9 -58.21 916.15 -1098.44 -57.68 0.365 0x0000FF
917.43 -1096.99 -58.74 916.7 -1097.9 -58.21 0.365 0x0000FF
918.16 -1096.26 -59.19 917.43 -1096.99 -58.74 0.365 0x0000FF
918.89 -1095.53 -59.8 918.16 -1096.26 -59.19 0.365 0x0000FF
919.8 -1094.98 -59.95 918.89 -1095.53 -59.8 0.365 0x0000FF
921.63 -1095.16 -60.78 919.8 -1094.98 -59.95 0.365 0x0000FF
923.81 -1095.71 -61.31 921.63 -1095.16 -60.78 0.365 0x0000FF
924.18 -1095.71 -62.07 923.81 -1095.71 -61.31 0.365 0x0000FF
925.64 -1095.53 -62.22 924.18 -1095.71 -62.07 0.275 0x0000FF
878.75 -1163.13 -42.37 876.56 -1162.4 -40.47 0.64 0x0000FF
880.39 -1163.13 -42.68 878.75 -1163.13 -42.37 0.64 0x0000FF
881.67 -1163.49 -43.13 880.39 -1163.13 -42.68 0.64 0x0000FF
883.13 -1164.04 -43.59 881.67 -1163.49 -43.13 0.64 0x0000FF
884.77 -1164.95 -43.81 883.13 -1164.04 -43.59 0.64 0x0000FF
886.96 -1165.68 -44.19 884.77 -1164.95 -43.81 0.64 0x0000FF
888.6 -1165.85 -44.72 886.96 -1165.68 -44.19 0.64 0x0000FF
892.25 -1165.49 -45.71 888.6 -1165.85 -44.72 0.64 0x0000FF
893.71 -1165.49 -46.09 892.25 -1165.49 -45.71 0.64 0x0000FF
894.62 -1165.31 -46.47 893.71 -1165.49 -46.09 0.64 0x0000FF
896.08 -1164.95 -46.62 894.62 -1165.31 -46.47 0.64 0x0000FF
897.72 -1164.95 -46.92 896.08 -1164.95 -46.62 0.64 0x0000FF
899.37 -1164.95 -47.37 897.72 -1164.95 -46.92 0.64 0x0000FF
901.01 -1164.95 -47.98 899.37 -1164.95 -47.37 0.64 0x0000FF
902.29 -1165.13 -48.36 901.01 -1164.95 -47.98 0.64 0x0000FF
903.93 -1164.77 -48.59 902.29 -1165.13 -48.36 0.64 0x0000FF
905.2 -1164.77 -48.89 903.93 -1164.77 -48.59 0.64 0x0000FF
906.12 -1164.58 -49.27 905.2 -1164.77 -48.89 0.64 0x0000FF
906.85 -1164.95 -49.65 906.12 -1164.58 -49.27 0.64 0x0000FF
907.58 -1165.49 -50.03 906.85 -1164.95 -49.65 0.64 0x0000FF
908.49 -1166.22 -50.4 907.58 -1165.49 -50.03 0.64 0x0000FF
909.04 -1166.77 -50.56 908.49 -1166.22 -50.4 0.64 0x0000FF
909.4 -1167.13 -50.86 909.04 -1166.77 -50.56 0.64 0x0000FF
909.77 -1167.5 -51.31 909.4 -1167.13 -50.86 0.64 0x0000FF
910.31 -1167.68 -51.62 909.77 -1167.5 -51.31 0.64 0x0000FF
911.04 -1167.68 -51.84 910.31 -1167.68 -51.62 0.64 0x0000FF
911.59 -1167.85 -52.37 911.04 -1167.68 -51.84 0.64 0x0000FF
912.14 -1167.85 -53.89 911.59 -1167.85 -52.37 0.64 0x0000FF
912.87 -1167.68 -54.04 912.14 -1167.85 -53.89 0.64 0x0000FF
913.41 -1167.68 -54.27 912.87 -1167.68 -54.04 0.64 0x0000FF
913.96 -1167.68 -54.72 913.41 -1167.68 -54.27 0.64 0x0000FF
915.06 -1167.13 -56.39 913.96 -1167.68 -54.72 0.64 0x0000FF
915.6 -1167.32 -57.07 915.06 -1167.13 -56.39 0.64 0x0000FF
915.97 -1167.32 -57.3 915.6 -1167.32 -57.07 0.64 0x0000FF
916.52 -1167.13 -57.83 915.97 -1167.32 -57.3 0.64 0x0000FF
918.71 -1167.32 -58.36 916.52 -1167.13 -57.83 0.64 0x0000FF
919.98 -1167.85 -58.96 918.71 -1167.32 -58.36 0.64 0x0000FF
920.53 -1168.23 -59.04 919.98 -1167.85 -58.96 0.64 0x0000FF
920.9 -1168.41 -59.57 920.53 -1168.23 -59.04 0.64 0x0000FF
922.72 -1168.96 -60.02 920.9 -1168.41 -59.57 0.64 0x0000FF
923.27 -1169.5 -60.55 922.72 -1168.96 -60.02 0.64 0x0000FF
924.0 -1169.5 -60.71 923.27 -1169.5 -60.55 0.64 0x0000FF
924.18 -1169.68 -62.52 924.0 -1169.5 -60.71 0.64 0x0000FF
925.09 -1169.86 -63.81 924.18 -1169.68 -62.52 0.64 0x0000FF
926.55 -1170.41 -63.96 925.09 -1169.86 -63.81 0.64 0x0000FF
928.19 -1170.78 -64.95 926.55 -1170.41 -63.96 0.64 0x0000FF
930.02 -1171.51 -65.33 928.19 -1170.78 -64.95 0.64 0x0000FF
931.3 -1171.86 -65.63 930.02 -1171.51 -65.33 0.64 0x0000FF
933.85 -1174.79 -66.39 931.3 -1171.86 -65.63 0.455 0x0000FF
934.03 -1175.33 -66.77 933.85 -1174.79 -66.39 0.455 0x0000FF
935.13 -1176.6 -67.06 934.03 -1175.33 -66.77 0.455 0x0000FF
935.67 -1178.43 -67.22 935.13 -1176.6 -67.06 0.365 0x0000FF
935.86 -1179.16 -67.59 935.67 -1178.43 -67.22 0.09 0x0000FF
935.86 -1179.71 -67.59 935.86 -1179.16 -67.59 0.09 0x0000FF
871.27 -1163.13 -39.04 868.35 -1160.76 -39.04 0.91 0x0000FF
873.82 -1165.13 -39.19 871.27 -1163.13 -39.04 0.73 0x0000FF
875.1 -1166.4 -39.34 873.82 -1165.13 -39.19 0.73 0x0000FF
875.46 -1166.77 -39.65 875.1 -1166.4 -39.34 0.73 0x0000FF
876.01 -1167.13 -39.86 875.46 -1166.77 -39.65 0.73 0x0000FF
876.38 -1167.13 -39.04 876.01 -1167.13 -39.86 0.73 0x0000FF
877.11 -1167.32 -38.06 876.38 -1167.13 -39.04 0.73 0x0000FF
877.65 -1167.32 -37.07 877.11 -1167.32 -38.06 0.73 0x0000FF
879.11 -1167.85 -36.01 877.65 -1167.32 -37.07 0.73 0x0000FF
880.76 -1168.23 -35.56 879.11 -1167.85 -36.01 0.73 0x0000FF
882.22 -1168.58 -34.72 880.76 -1168.23 -35.56 0.73 0x0000FF
883.13 -1168.96 -34.27 882.22 -1168.58 -34.72 0.73 0x0000FF
887.87 -1173.69 -33.65 883.13 -1168.96 -34.27 0.73 0x0000FF
891.52 -1177.52 -33.06 887.87 -1173.69 -33.65 0.64 0x0000FF
893.34 -1183.17 -32.6 891.52 -1177.52 -33.06 0.64 0x0000FF
899.0 -1190.82 -32.38 893.34 -1183.17 -32.6 0.64 0x0000FF
901.19 -1193.73 -31.77 899.0 -1190.82 -32.38 0.64 0x0000FF
902.1 -1196.47 -31.77 901.19 -1193.73 -31.77 0.64 0x0000FF
908.12 -1208.85 -31.09 902.1 -1196.47 -31.77 0.64 0x0000FF
913.23 -1213.05 -30.86 908.12 -1208.85 -31.09 0.64 0x0000FF
921.26 -1216.69 -31.01 913.23 -1213.05 -30.86 0.64 0x0000FF
923.63 -1219.24 -32.0 921.26 -1216.69 -31.01 0.64 0x0000FF
927.46 -1221.06 -31.54 923.63 -1219.24 -32.0 0.64 0x0000FF
929.29 -1223.43 -30.63 927.46 -1221.06 -31.54 0.545 0x0000FF
929.29 -1223.8 -29.27 929.29 -1223.43 -30.63 0.545 0x0000FF
929.84 -1224.89 -28.66 929.29 -1223.8 -29.27 0.545 0x0000FF
930.75 -1226.17 -28.44 929.84 -1224.89 -28.66 0.545 0x0000FF
933.67 -1227.08 -27.6 930.75 -1226.17 -28.44 0.545 0x0000FF
935.67 -1227.99 -27.45 933.67 -1227.08 -27.6 0.365 0x0000FF
845.18 -1144.54 -26.47 856.34 -1143.33 -26.98 1.735 0x0000FF
844.63 -1144.91 -26.47 845.18 -1144.54 -26.47 1.735 0x0000FF
843.72 -1145.63 -26.47 844.63 -1144.91 -26.47 1.735 0x0000FF
841.71 -1146.35 -26.39 843.72 -1145.63 -26.47 1.55 0x0000FF
840.07 -1147.08 -26.39 841.71 -1146.35 -26.39 1.37 0x0000FF
838.24 -1147.82 -26.39 840.07 -1147.08 -26.39 1.37 0x0000FF
836.05 -1148.55 -26.39 838.24 -1147.82 -26.39 1.185 0x0000FF
834.78 -1149.46 -26.39 836.05 -1148.55 -26.39 1.185 0x0000FF
833.73 -1148.38 -26.92 834.78 -1149.46 -26.39 0.64 0x0000FF
832.08 -1148.2 -28.06 833.73 -1148.38 -26.92 0.64 0x0000FF
831.35 -1148.2 -28.74 832.08 -1148.2 -28.06 0.64 0x0000FF
829.71 -1148.2 -30.03 831.35 -1148.2 -28.74 0.64 0x0000FF
827.89 -1148.02 -30.56 829.71 -1148.2 -30.03 0.64 0x0000FF
826.79 -1147.83 -30.86 827.89 -1148.02 -30.56 0.64 0x0000FF
825.33 -1148.02 -30.86 826.79 -1147.83 -30.86 0.64 0x0000FF
824.06 -1148.2 -30.86 825.33 -1148.02 -30.86 0.64 0x0000FF
823.63 -1148.07 -31.09 824.06 -1148.2 -30.86 0.545 0x0000FF
823.09 -1147.71 -30.48 823.63 -1148.07 -31.09 0.545 0x0000FF
822.54 -1146.98 -30.25 823.09 -1147.71 -30.48 0.545 0x0000FF
821.99 -1146.25 -29.5 822.54 -1146.98 -30.25 0.545 0x0000FF
820.9 -1145.33 -28.59 821.99 -1146.25 -29.5 0.545 0x0000FF
820.17 -1144.97 -28.59 820.9 -1145.33 -28.59 0.545 0x0000FF
818.71 -1144.25 -28.29 820.17 -1144.97 -28.59 0.545 0x0000FF
817.07 -1143.7 -27.98 818.71 -1144.25 -28.29 0.545 0x0000FF
815.79 -1143.15 -27.68 817.07 -1143.7 -27.98 0.545 0x0000FF
813.23 -1142.06 -27.6 815.79 -1143.15 -27.68 0.545 0x0000FF
811.78 -1140.97 -27.38 813.23 -1142.06 -27.6 0.545 0x0000FF
810.13 -1139.86 -27.38 811.78 -1140.97 -27.38 0.545 0x0000FF
808.86 -1138.78 -27.15 810.13 -1139.86 -27.38 0.545 0x0000FF
802.29 -1136.05 -27.0 808.86 -1138.78 -27.15 0.545 0x0000FF
797.91 -1134.04 -26.54 802.29 -1136.05 -27.0 0.545 0x0000FF
791.52 -1132.22 -26.32 797.91 -1134.04 -26.54 0.545 0x0000FF
785.87 -1131.31 -26.01 791.52 -1132.22 -26.32 0.545 0x0000FF
779.12 -1129.67 -25.71 785.87 -1131.31 -26.01 0.545 0x0000FF
775.83 -1128.94 -25.56 779.12 -1129.67 -25.71 0.545 0x0000FF
773.64 -1128.39 -25.26 775.83 -1128.94 -25.56 0.545 0x0000FF
772.18 -1128.03 -25.1 773.64 -1128.39 -25.26 0.545 0x0000FF
769.99 -1127.48 -25.71 772.18 -1128.03 -25.1 0.545 0x0000FF
769.08 -1127.48 -26.39 769.99 -1127.48 -25.71 0.545 0x0000FF
766.34 -1126.57 -26.39 769.08 -1127.48 -26.39 0.365 0x0000FF
764.52 -1126.03 -26.62 766.34 -1126.57 -26.39 0.365 0x0000FF
822.05 -1148.2 -30.94 824.06 -1148.2 -30.86 0.455 0x0000FF
820.77 -1148.38 -30.63 822.05 -1148.2 -30.94 0.455 0x0000FF
818.58 -1148.38 -30.56 820.77 -1148.38 -30.63 0.455 0x0000FF
815.3 -1148.75 -30.25 818.58 -1148.38 -30.56 0.455 0x0000FF
813.11 -1149.1 -29.95 815.3 -1148.75 -30.25 0.455 0x0000FF
812.38 -1149.48 -30.71 813.11 -1149.1 -29.95 0.455 0x0000FF
811.65 -1149.66 -31.32 812.38 -1149.48 -30.71 0.455 0x0000FF
810.01 -1149.83 -31.62 811.65 -1149.66 -31.32 0.455 0x0000FF
808.91 -1149.83 -32.22 810.01 -1149.83 -31.62 0.455 0x0000FF
807.64 -1149.66 -32.75 808.91 -1149.83 -32.22 0.455 0x0000FF
806.72 -1149.48 -33.13 807.64 -1149.66 -32.75 0.455 0x0000FF
805.63 -1149.1 -33.65 806.72 -1149.48 -33.13 0.455 0x0000FF
805.08 -1148.93 -34.35 805.63 -1149.1 -33.65 0.455 0x0000FF
804.35 -1148.38 -34.72 805.08 -1148.93 -34.35 0.455 0x0000FF
803.8 -1147.83 -34.88 804.35 -1148.38 -34.72 0.455 0x0000FF
803.26 -1146.74 -35.78 803.8 -1147.83 -34.88 0.455 0x0000FF
803.07 -1146.01 -36.69 803.26 -1146.74 -35.78 0.455 0x0000FF
802.34 -1145.09 -37.0 803.07 -1146.01 -36.69 0.455 0x0000FF
802.16 -1144.36 -37.9 802.34 -1145.09 -37.0 0.455 0x0000FF
801.98 -1143.83 -38.74 802.16 -1144.36 -37.9 0.455 0x0000FF
801.43 -1143.09 -39.5 801.98 -1143.83 -38.74 0.455 0x0000FF
801.07 -1142.36 -39.79 801.43 -1143.09 -39.5 0.455 0x0000FF
800.28 -1141.88 -40.4 801.07 -1142.36 -39.79 0.455 0x0000FF
799.19 -1140.78 -41.24 800.28 -1141.88 -40.4 0.455 0x0000FF
798.09 -1139.86 -41.69 799.19 -1140.78 -41.24 0.455 0x0000FF
797.36 -1139.51 -42.0 798.09 -1139.86 -41.69 0.455 0x0000FF
796.27 -1138.96 -42.37 797.36 -1139.51 -42.0 0.455 0x0000FF
795.72 -1138.78 -42.53 796.27 -1138.96 -42.37 0.455 0x0000FF
795.17 -1138.59 -43.13 795.72 -1138.78 -42.53 0.455 0x0000FF
793.53 -1138.05 -43.74 795.17 -1138.59 -43.13 0.455 0x0000FF
792.8 -1137.86 -44.42 793.53 -1138.05 -43.74 0.455 0x0000FF
792.25 -1137.69 -45.18 792.8 -1137.86 -44.42 0.455 0x0000FF
791.34 -1137.5 -45.56 792.25 -1137.69 -45.18 0.455 0x0000FF
790.61 -1137.14 -46.01 791.34 -1137.5 -45.56 0.455 0x0000FF
790.43 -1136.96 -46.47 790.61 -1137.14 -46.01 0.455 0x0000FF
789.52 -1136.78 -47.07 790.43 -1136.96 -46.47 0.455 0x0000FF
788.97 -1136.78 -47.15 789.52 -1136.78 -47.07 0.455 0x0000FF
788.24 -1136.78 -47.15 788.97 -1136.78 -47.15 0.455 0x0000FF
787.51 -1136.58 -47.68 788.24 -1136.78 -47.15 0.455 0x0000FF
786.05 -1136.05 -48.13 787.51 -1136.58 -47.68 0.275 0x0000FF
785.68 -1136.41 -48.28 786.05 -1136.05 -48.13 0.275 0x0000FF
785.14 -1136.58 -48.21 785.68 -1136.41 -48.28 0.275 0x0000FF
834.05 -1150.74 -26.39 834.78 -1149.46 -26.39 1.005 0x0000FF
833.87 -1151.46 -25.79 834.05 -1150.74 -26.39 1.005 0x0000FF
833.32 -1152.01 -26.16 833.87 -1151.46 -25.79 1.005 0x0000FF
833.32 -1152.38 -26.85 833.32 -1152.01 -26.16 1.005 0x0000FF
832.77 -1153.09 -27.38 833.32 -1152.38 -26.85 1.005 0x0000FF
832.04 -1153.83 -28.36 832.77 -1153.09 -27.38 1.005 0x0000FF
831.49 -1154.2 -29.19 832.04 -1153.83 -28.36 1.005 0x0000FF
830.75 -1154.63 -29.19 831.49 -1154.2 -29.19 1.005 0x0000FF
830.39 -1155.35 -15.41 830.75 -1154.63 -29.19 0.82 0x0000FF
830.02 -1155.72 -15.41 830.39 -1155.35 -15.41 0.82 0x0000FF
830.02 -1156.08 -15.1 830.02 -1155.72 -15.41 0.82 0x0000FF
829.66 -1156.45 -14.42 830.02 -1156.08 -15.1 0.82 0x0000FF
828.74 -1157.0 -13.97 829.66 -1156.45 -14.42 0.82 0x0000FF
828.01 -1157.18 -13.89 828.74 -1157.0 -13.97 0.82 0x0000FF
826.19 -1158.08 -13.29 828.01 -1157.18 -13.89 0.64 0x0000FF
825.46 -1158.27 -13.06 826.19 -1158.08 -13.29 0.64 0x0000FF
824.36 -1158.46 -12.53 825.46 -1158.27 -13.06 0.64 0x0000FF
823.82 -1159.19 -12.3 824.36 -1158.46 -12.53 0.64 0x0000FF
823.09 -1159.36 -12.0 823.82 -1159.19 -12.3 0.64 0x0000FF
822.54 -1159.91 -11.62 823.09 -1159.36 -12.0 0.64 0x0000FF
821.63 -1160.28 -11.17 822.54 -1159.91 -11.62 0.64 0x0000FF
820.53 -1160.64 -11.01 821.63 -1160.28 -11.17 0.64 0x0000FF
820.35 -1161.36 -10.86 820.53 -1160.64 -11.01 0.64 0x0000FF
819.8 -1161.92 -10.56 820.35 -1161.36 -10.86 0.64 0x0000FF
819.62 -1162.47 -10.18 819.8 -1161.92 -10.56 0.64 0x0000FF
819.44 -1163.19 -9.73 819.62 -1162.47 -10.18 0.64 0x0000FF
819.26 -1164.09 -8.74 819.44 -1163.19 -9.73 0.64 0x0000FF
819.07 -1165.38 -8.82 819.26 -1164.09 -8.74 0.64 0x0000FF
819.07 -1165.93 -8.36 819.07 -1165.38 -8.82 0.64 0x0000FF
819.26 -1167.75 -8.06 819.07 -1165.93 -8.36 0.64 0x0000FF
819.44 -1168.83 -7.0 819.26 -1167.75 -8.06 0.64 0x0000FF
819.62 -1169.94 -7.0 819.44 -1168.83 -7.0 0.64 0x0000FF
819.8 -1171.03 -6.47 819.62 -1169.94 -7.0 0.64 0x0000FF
820.17 -1173.03 -5.86 819.8 -1171.03 -6.47 0.64 0x0000FF
820.53 -1175.04 -5.11 820.17 -1173.03 -5.86 0.64 0x0000FF
820.53 -1175.58 -4.5 820.53 -1175.04 -5.11 0.64 0x0000FF
820.72 -1177.22 -4.12 820.53 -1175.58 -4.5 0.64 0x0000FF
820.72 -1177.77 -4.05 820.72 -1177.22 -4.12 0.64 0x0000FF
820.53 -1178.68 -3.74 820.72 -1177.77 -4.05 0.64 0x0000FF
820.72 -1180.14 -3.51 820.53 -1178.68 -3.74 0.64 0x0000FF
820.9 -1181.41 -3.21 820.72 -1180.14 -3.51 0.64 0x0000FF
821.08 -1182.69 -2.91 820.9 -1181.41 -3.21 0.64 0x0000FF
821.81 -1184.51 -2.76 821.08 -1182.69 -2.91 0.64 0x0000FF
821.99 -1185.24 -2.45 821.81 -1184.51 -2.76 0.64 0x0000FF
822.54 -1186.15 -2.38 821.99 -1185.24 -2.45 0.64 0x0000FF
822.9 -1187.24 -2.0 822.54 -1186.15 -2.38 0.64 0x0000FF
823.09 -1188.33 -1.39 822.9 -1187.24 -2.0 0.64 0x0000FF
823.27 -1189.43 -1.24 823.09 -1188.33 -1.39 0.64 0x0000FF
823.45 -1189.98 -1.02 823.27 -1189.43 -1.24 0.64 0x0000FF
823.63 -1191.07 -0.79 823.45 -1189.98 -1.02 0.64 0x0000FF
823.82 -1191.98 -0.03 823.63 -1191.07 -0.79 0.64 0x0000FF
823.82 -1192.89 0.12 823.82 -1191.98 -0.03 0.64 0x0000FF
824.0 -1194.17 0.5 823.82 -1192.89 0.12 0.64 0x0000FF
824.18 -1195.08 0.95 824.0 -1194.17 0.5 0.64 0x0000FF
824.18 -1195.99 1.03 824.18 -1195.08 0.95 0.64 0x0000FF
824.18 -1197.63 1.64 824.18 -1195.99 1.03 0.64 0x0000FF
824.0 -1200.18 1.94 824.18 -1197.63 1.64 0.64 0x0000FF
823.82 -1200.91 2.17 824.0 -1200.18 1.94 0.64 0x0000FF
823.82 -1202.73 2.39 823.82 -1200.91 2.17 0.64 0x0000FF
823.45 -1204.55 3.0 823.82 -1202.73 2.39 0.64 0x0000FF
823.27 -1205.28 3.38 823.45 -1204.55 3.0 0.64 0x0000FF
822.36 -1210.38 3.83 823.27 -1205.28 3.38 0.64 0x0000FF
820.72 -1212.39 4.36 822.36 -1210.38 3.83 0.64 0x0000FF
817.8 -1212.57 4.82 820.72 -1212.39 4.36 0.545 0x0000FF
817.61 -1212.21 4.88 817.8 -1212.57 4.82 0.545 0x0000FF
817.25 -1212.02 5.2 817.61 -1212.21 4.88 0.545 0x0000FF
830.76 -1155.29 -29.35 830.75 -1154.63 -29.19 1.005 0x0000FF
830.4 -1155.83 -30.25 830.76 -1155.29 -29.35 1.005 0x0000FF
830.4 -1156.2 -30.48 830.4 -1155.83 -30.25 1.005 0x0000FF
830.4 -1156.57 -31.09 830.4 -1156.2 -30.48 1.005 0x0000FF
830.58 -1156.93 -31.77 830.4 -1156.57 -31.09 1.005 0x0000FF
830.58 -1157.66 -32.29 830.58 -1156.93 -31.77 1.005 0x0000FF
830.76 -1158.39 -32.6 830.58 -1157.66 -32.29 1.005 0x0000FF
830.76 -1158.75 -33.44 830.76 -1158.39 -32.6 1.005 0x0000FF
830.76 -1159.3 -34.27 830.76 -1158.75 -33.44 1.005 0x0000FF
830.4 -1160.39 -34.57 830.76 -1159.3 -34.27 1.005 0x0000FF
830.4 -1161.3 -34.88 830.4 -1160.39 -34.57 1.005 0x0000FF
830.58 -1162.03 -35.4 830.4 -1161.3 -34.88 1.005 0x0000FF
830.76 -1162.4 -35.86 830.58 -1162.03 -35.4 1.005 0x0000FF
831.31 -1162.94 -36.92 830.76 -1162.4 -35.86 0.82 0x0000FF
831.86 -1163.67 -37.15 831.31 -1162.94 -36.92 0.82 0x0000FF
832.95 -1164.58 -37.29 831.86 -1163.67 -37.15 0.82 0x0000FF
834.59 -1165.13 -37.83 832.95 -1164.58 -37.29 0.64 0x0000FF
836.05 -1165.68 -38.06 834.59 -1165.13 -37.83 0.64 0x0000FF
836.97 -1166.04 -38.51 836.05 -1165.68 -38.06 0.64 0x0000FF
838.24 -1166.22 -37.45 836.97 -1166.04 -38.51 0.64 0x0000FF
838.61 -1166.22 -37.29 838.24 -1166.22 -37.45 0.64 0x0000FF
839.52 -1166.58 -36.77 838.61 -1166.22 -37.29 0.64 0x0000FF
840.43 -1167.32 -36.77 839.52 -1166.58 -36.77 0.64 0x0000FF
841.16 -1168.77 -36.01 840.43 -1167.32 -36.77 0.64 0x0000FF
841.89 -1170.96 -35.47 841.16 -1168.77 -36.01 0.64 0x0000FF
842.62 -1173.33 -35.47 841.89 -1170.96 -35.47 0.64 0x0000FF
843.35 -1175.33 -35.33 842.62 -1173.33 -35.47 0.64 0x0000FF
844.45 -1177.15 -34.95 843.35 -1175.33 -35.33 0.64 0x0000FF
845.18 -1178.79 -34.5 844.45 -1177.15 -34.95 0.64 0x0000FF
845.72 -1180.07 -34.35 845.18 -1178.79 -34.5 0.64 0x0000FF
846.09 -1181.16 -34.04 845.72 -1180.07 -34.35 0.64 0x0000FF
846.64 -1182.61 -33.74 846.09 -1181.16 -34.04 0.64 0x0000FF
846.82 -1183.34 -33.51 846.64 -1182.61 -33.74 0.64 0x0000FF
849.56 -1191.0 -33.06 846.82 -1183.34 -33.51 0.64 0x0000FF
850.83 -1192.82 -32.75 849.56 -1191.0 -33.06 0.64 0x0000FF
852.29 -1196.47 -32.38 850.83 -1192.82 -32.75 0.64 0x0000FF
853.39 -1201.02 -32.0 852.29 -1196.47 -32.38 0.64 0x0000FF
853.93 -1204.67 -31.77 853.39 -1201.02 -32.0 0.64 0x0000FF
854.3 -1206.11 -31.39 853.93 -1204.67 -31.77 0.64 0x0000FF
854.85 -1207.76 -30.63 854.3 -1206.11 -31.39 0.64 0x0000FF
854.85 -1211.23 -30.18 854.85 -1207.76 -30.63 0.64 0x0000FF
854.12 -1214.69 -29.88 854.85 -1211.23 -30.18 0.64 0x0000FF
853.39 -1218.7 -28.89 854.12 -1214.69 -29.88 0.64 0x0000FF
853.21 -1220.52 -28.51 853.39 -1218.7 -28.89 0.64 0x0000FF
853.39 -1221.6 -28.13 853.21 -1220.52 -28.51 0.64 0x0000FF
853.21 -1222.33 -27.53 853.39 -1221.6 -28.13 0.64 0x0000FF
853.21 -1223.07 -27.0 853.21 -1222.33 -27.53 0.64 0x0000FF
853.21 -1223.61 -26.85 853.21 -1223.07 -27.0 0.64 0x0000FF
853.57 -1224.16 -25.79 853.21 -1223.61 -26.85 0.64 0x0000FF
853.57 -1225.07 -25.03 853.57 -1224.16 -25.79 0.64 0x0000FF
853.57 -1225.61 -24.19 853.57 -1225.07 -25.03 0.64 0x0000FF
853.57 -1225.98 -23.59 853.57 -1225.61 -24.19 0.64 0x0000FF
853.75 -1227.08 -22.98 853.57 -1225.98 -23.59 0.64 0x0000FF
853.75 -1227.81 -21.85 853.75 -1227.08 -22.98 0.64 0x0000FF
853.57 -1228.72 -21.24 853.75 -1227.81 -21.85 0.64 0x0000FF
852.66 -1229.81 -20.86 853.57 -1228.72 -21.24 0.64 0x0000FF
851.56 -1230.9 -19.95 852.66 -1229.81 -20.86 0.64 0x0000FF
850.29 -1231.81 -19.5 851.56 -1230.9 -19.95 0.64 0x0000FF
849.37 -1232.35 -18.59 850.29 -1231.81 -19.5 0.64 0x0000FF
848.1 -1232.91 -17.91 849.37 -1232.35 -18.59 0.64 0x0000FF
847.55 -1233.45 -17.6 848.1 -1232.91 -17.91 0.64 0x0000FF
847.18 -1234.36 -17.45 847.55 -1233.45 -17.6 0.64 0x0000FF
846.64 -1234.91 -17.0 847.18 -1234.36 -17.45 0.64 0x0000FF
845.95 -1235.47 -16.77 846.64 -1234.91 -17.0 0.455 0x0000FF
845.59 -1237.1 -16.62 845.95 -1235.47 -16.77 0.455 0x0000FF
846.32 -1238.94 -16.54 845.59 -1237.1 -16.62 0.275 0x0000FF
830.4 -1163.67 -36.69 830.76 -1162.4 -35.86 0.82 0x0000FF
829.49 -1164.04 -37.53 830.4 -1163.67 -36.69 0.82 0x0000FF
828.76 -1164.95 -37.83 829.49 -1164.04 -37.53 0.82 0x0000FF
828.39 -1165.49 -38.06 828.76 -1164.95 -37.83 0.82 0x0000FF
828.21 -1166.22 -38.51 828.39 -1165.49 -38.06 0.82 0x0000FF
827.84 -1166.95 -38.89 828.21 -1166.22 -38.51 0.82 0x0000FF
827.11 -1168.58 -39.57 827.84 -1166.95 -38.89 0.545 0x0000FF
826.75 -1169.14 -39.79 827.11 -1168.58 -39.57 0.545 0x0000FF
826.38 -1169.5 -40.25 826.75 -1169.14 -39.79 0.545 0x0000FF
826.2 -1169.86 -40.47 826.38 -1169.5 -40.25 0.545 0x0000FF
825.65 -1170.59 -41.09 826.2 -1169.86 -40.47 0.545 0x0000FF
825.29 -1171.51 -41.39 825.65 -1170.59 -41.09 0.545 0x0000FF
824.56 -1172.42 -41.92 825.29 -1171.51 -41.39 0.545 0x0000FF
823.65 -1173.51 -42.22 824.56 -1172.42 -41.92 0.545 0x0000FF
822.74 -1174.59 -42.83 823.65 -1173.51 -42.22 0.545 0x0000FF
822.19 -1175.51 -42.98 822.74 -1174.59 -42.83 0.545 0x0000FF
821.28 -1176.97 -43.66 822.19 -1175.51 -42.98 0.545 0x0000FF
820.73 -1179.16 -44.12 821.28 -1176.97 -43.66 0.545 0x0000FF
820.73 -1179.89 -44.57 820.73 -1179.16 -44.12 0.545 0x0000FF
820.73 -1180.8 -45.18 820.73 -1179.89 -44.57 0.545 0x0000FF
820.55 -1181.34 -45.63 820.73 -1180.8 -45.18 0.545 0x0000FF
820.55 -1181.89 -46.16 820.55 -1181.34 -45.63 0.545 0x0000FF
820.55 -1182.61 -47.37 820.55 -1181.89 -46.16 0.545 0x0000FF
820.55 -1182.98 -47.53 820.55 -1182.61 -47.37 0.545 0x0000FF
820.55 -1183.34 -48.36 820.55 -1182.98 -47.53 0.545 0x0000FF
820.36 -1183.9 -49.19 820.55 -1183.34 -48.36 0.545 0x0000FF
820.55 -1184.26 -49.95 820.36 -1183.9 -49.19 0.545 0x0000FF
820.55 -1184.61 -51.01 820.55 -1184.26 -49.95 0.545 0x0000FF
820.55 -1185.17 -51.84 820.55 -1184.61 -51.01 0.545 0x0000FF
820.55 -1186.08 -52.68 820.55 -1185.17 -51.84 0.545 0x0000FF
820.36 -1187.35 -52.98 820.55 -1186.08 -52.68 0.545 0x0000FF
820.0 -1188.63 -53.51 820.36 -1187.35 -52.98 0.545 0x0000FF
820.0 -1189.35 -54.19 820.0 -1188.63 -53.51 0.545 0x0000FF
819.82 -1190.64 -54.42 820.0 -1189.35 -54.19 0.545 0x0000FF
820.0 -1191.36 -55.02 819.82 -1190.64 -54.42 0.545 0x0000FF
820.0 -1191.73 -55.93 820.0 -1191.36 -55.02 0.545 0x0000FF
820.0 -1191.91 -57.07 820.0 -1191.73 -55.93 0.545 0x0000FF
820.0 -1192.08 -58.21 820.0 -1191.91 -57.07 0.545 0x0000FF
820.0 -1193.92 -59.04 820.0 -1192.08 -58.21 0.365 0x0000FF
846.44 -1140.42 -20.1 856.34 -1143.33 -26.98 1.005 0x0000FF
845.16 -1140.24 -20.03 846.44 -1140.42 -20.1 1.005 0x0000FF
844.62 -1140.24 -19.88 845.16 -1140.24 -20.03 1.005 0x0000FF
843.52 -1140.24 -19.64 844.62 -1140.24 -19.88 1.005 0x0000FF
842.24 -1140.24 -19.57 843.52 -1140.24 -19.64 1.005 0x0000FF
840.97 -1140.24 -19.42 842.24 -1140.24 -19.57 1.005 0x0000FF
839.51 -1140.42 -19.27 840.97 -1140.24 -19.42 1.005 0x0000FF
838.78 -1140.24 -19.2 839.51 -1140.42 -19.27 1.005 0x0000FF
838.05 -1140.24 -19.2 838.78 -1140.24 -19.2 1.005 0x0000FF
837.5 -1140.24 -19.12 838.05 -1140.24 -19.2 1.005 0x0000FF
836.59 -1140.24 -19.12 837.5 -1140.24 -19.12 1.005 0x0000FF
836.22 -1140.78 -18.29 836.59 -1140.24 -19.12 0.64 0x0000FF
835.68 -1141.15 -17.53 836.22 -1140.78 -18.29 0.64 0x0000FF
834.95 -1141.15 -17.3 835.68 -1141.15 -17.53 0.64 0x0000FF
831.3 -1141.15 -16.01 834.95 -1141.15 -17.3 0.64 0x0000FF
830.39 -1140.78 -14.8 831.3 -1141.15 -16.01 0.365 0x0000FF
829.47 -1140.42 -14.35 830.39 -1140.78 -14.8 0.365 0x0000FF
827.47 -1140.24 -13.14 829.47 -1140.42 -14.35 0.365 0x0000FF
826.55 -1140.05 -12.68 827.47 -1140.24 -13.14 0.365 0x0000FF
825.46 -1139.51 -12.15 826.55 -1140.05 -12.68 0.365 0x0000FF
823.82 -1139.14 -11.7 825.46 -1139.51 -12.15 0.365 0x0000FF
822.54 -1138.78 -11.39 823.82 -1139.14 -11.7 0.365 0x0000FF
820.9 -1138.05 -10.18 822.54 -1138.78 -11.39 0.365 0x0000FF
820.17 -1137.32 -8.97 820.9 -1138.05 -10.18 0.365 0x0000FF
819.62 -1136.78 -8.14 820.17 -1137.32 -8.97 0.365 0x0000FF
818.89 -1136.23 -7.61 819.62 -1136.78 -8.14 0.365 0x0000FF
817.98 -1135.14 -6.32 818.89 -1136.23 -7.61 0.365 0x0000FF
817.98 -1134.95 -5.33 817.98 -1135.14 -6.32 0.365 0x0000FF
817.8 -1134.95 -3.06 817.98 -1134.95 -5.33 0.365 0x0000FF
817.43 -1134.95 -2.68 817.8 -1134.95 -3.06 0.365 0x0000FF
817.43 -1135.32 -1.85 817.43 -1134.95 -2.68 0.365 0x0000FF
816.88 -1135.68 -1.7 817.43 -1135.32 -1.85 0.365 0x0000FF
816.52 -1136.05 -1.32 816.88 -1135.68 -1.7 0.365 0x0000FF
816.52 -1136.41 -0.33 816.52 -1136.05 -1.32 0.365 0x0000FF
816.34 -1136.78 -0.33 816.52 -1136.41 -0.33 0.365 0x0000FF
816.34 -1136.78 0.95 816.34 -1136.78 -0.33 0.365 0x0000FF
816.34 -1137.14 0.95 816.34 -1136.78 0.95 0.365 0x0000FF
815.97 -1137.86 2.31 816.34 -1137.14 0.95 0.365 0x0000FF
815.79 -1137.86 3.83 815.97 -1137.86 2.31 0.365 0x0000FF
815.42 -1138.05 4.51 815.79 -1137.86 3.83 0.365 0x0000FF
814.15 -1138.05 6.18 815.42 -1138.05 4.51 0.365 0x0000FF
813.6 -1138.05 7.92 814.15 -1138.05 6.18 0.365 0x0000FF
812.87 -1138.05 8.44 813.6 -1138.05 7.92 0.365 0x0000FF
812.5 -1138.05 9.44 812.87 -1138.05 8.44 0.365 0x0000FF
811.41 -1137.86 10.57 812.5 -1138.05 9.44 0.365 0x0000FF
810.68 -1138.05 11.26 811.41 -1137.86 10.57 0.365 0x0000FF
808.31 -1138.59 13.07 810.68 -1138.05 11.26 0.275 0x0000FF
836.41 -1139.33 -19.73 836.59 -1140.24 -19.12 0.73 0x0000FF
835.86 -1138.96 -20.03 836.41 -1139.33 -19.73 0.73 0x0000FF
835.13 -1138.41 -20.41 835.86 -1138.96 -20.03 0.73 0x0000FF
832.94 -1137.5 -20.71 835.13 -1138.41 -20.41 0.73 0x0000FF
831.84 -1137.14 -21.01 832.94 -1137.5 -20.71 0.73 0x0000FF
830.57 -1136.78 -21.39 831.84 -1137.14 -21.01 0.73 0x0000FF
829.66 -1136.23 -21.77 830.57 -1136.78 -21.39 0.73 0x0000FF
828.2 -1135.68 -22.3 829.66 -1136.23 -21.77 0.73 0x0000FF
824.73 -1134.95 -22.83 828.2 -1135.68 -22.3 0.73 0x0000FF
820.35 -1134.41 -23.82 824.73 -1134.95 -22.83 0.545 0x0000FF
816.7 -1132.4 -23.89 820.35 -1134.41 -23.82 0.545 0x0000FF
813.42 -1130.58 -24.27 816.7 -1132.4 -23.89 0.545 0x0000FF
810.86 -1129.49 -24.5 813.42 -1130.58 -24.27 0.545 0x0000FF
808.49 -1128.39 -25.03 810.86 -1129.49 -24.5 0.545 0x0000FF
806.48 -1127.3 -25.33 808.49 -1128.39 -25.03 0.545 0x0000FF
800.65 -1124.75 -26.01 806.48 -1127.3 -25.33 0.545 0x0000FF
798.27 -1124.02 -26.77 800.65 -1124.75 -26.01 0.545 0x0000FF
796.08 -1123.1 -27.07 798.27 -1124.02 -26.77 0.545 0x0000FF
794.62 -1121.29 -27.6 796.08 -1123.1 -27.07 0.545 0x0000FF
792.8 -1119.09 -27.75 794.62 -1121.29 -27.6 0.545 0x0000FF
790.25 -1118.92 -28.06 792.8 -1119.09 -27.75 0.545 0x0000FF
789.15 -1118.92 -28.51 790.25 -1118.92 -28.06 0.545 0x0000FF
788.06 -1118.56 -29.12 789.15 -1118.92 -28.51 0.545 0x0000FF
785.32 -1118.19 -29.65 788.06 -1118.56 -29.12 0.545 0x0000FF
782.04 -1117.83 -30.18 785.32 -1118.19 -29.65 0.545 0x0000FF
778.02 -1116.0 -31.32 782.04 -1117.83 -30.18 0.455 0x0000FF
776.74 -1115.46 -31.54 778.02 -1116.0 -31.32 0.455 0x0000FF
775.65 -1114.73 -32.0 776.74 -1115.46 -31.54 0.455 0x0000FF
774.19 -1113.82 -32.45 775.65 -1114.73 -32.0 0.455 0x0000FF
769.26 -1112.35 -32.83 774.19 -1113.82 -32.45 0.455 0x0000FF
766.34 -1111.45 -33.21 769.26 -1112.35 -32.83 0.455 0x0000FF
763.61 -1110.35 -33.44 766.34 -1111.45 -33.21 0.455 0x0000FF
759.05 -1110.54 -33.89 763.61 -1110.35 -33.44 0.455 0x0000FF
755.4 -1110.9 -34.27 759.05 -1110.54 -33.89 0.455 0x0000FF
751.02 -1110.54 -34.65 755.4 -1110.9 -34.27 0.365 0x0000FF
749.92 -1109.81 -34.88 751.02 -1110.54 -34.65 0.365 0x0000FF
745.73 -1108.72 -35.18 749.92 -1109.81 -34.88 0.365 0x0000FF
855.55 -1132.83 -17.38 856.34 -1143.33 -26.98 3.375 0x0000FF
855.55 -1132.09 -17.38 855.55 -1132.83 -17.38 3.375 0x0000FF
855.55 -1131.01 -17.38 855.55 -1132.09 -17.38 3.375 0x0000FF
855.55 -1130.28 -17.38 855.55 -1131.01 -17.38 3.01 0x0000FF
855.18 -1128.82 -17.38 855.55 -1130.28 -17.38 2.645 0x0000FF
855.18 -1126.27 -17.38 855.18 -1128.82 -17.38 2.645 0x0000FF
855.0 -1124.63 -17.38 855.18 -1126.27 -17.38 2.645 0x0000FF
854.82 -1123.35 -16.85 855.0 -1124.63 -17.38 2.645 0x0000FF
854.63 -1122.63 -16.85 854.82 -1123.35 -16.85 2.645 0x0000FF
853.54 -1118.8 -16.77 854.63 -1122.63 -16.85 2.645 0x0000FF
853.36 -1117.34 -16.7 853.54 -1118.8 -16.77 2.28 0x0000FF
852.99 -1116.61 -16.62 853.36 -1117.34 -16.7 2.005 0x0000FF
852.63 -1114.8 -16.54 852.99 -1116.61 -16.62 2.005 0x0000FF
852.08 -1113.7 -16.47 852.63 -1114.8 -16.54 2.005 0x0000FF
851.53 -1111.7 -16.32 852.08 -1113.7 -16.47 2.005 0x0000FF
851.35 -1109.33 -16.32 851.53 -1111.7 -16.32 2.005 0x0000FF
851.17 -1108.78 -16.32 851.35 -1109.33 -16.32 2.005 0x0000FF
850.8 -1108.42 -15.03 851.17 -1108.78 -16.32 2.005 0x0000FF
850.44 -1108.05 -14.73 850.8 -1108.42 -15.03 2.005 0x0000FF
849.89 -1107.51 -14.35 850.44 -1108.05 -14.73 2.005 0x0000FF
849.71 -1107.51 -14.27 849.89 -1107.51 -14.35 2.005 0x0000FF
849.34 -1107.14 -14.27 849.71 -1107.51 -14.27 2.005 0x0000FF
848.25 -1106.23 -13.97 849.34 -1107.14 -14.27 1.915 0x0000FF
847.7 -1105.32 -13.67 848.25 -1106.23 -13.97 1.915 0x0000FF
847.15 -1104.96 -13.44 847.7 -1105.32 -13.67 1.915 0x0000FF
845.69 -1102.95 -13.21 847.15 -1104.96 -13.44 1.915 0x0000FF
844.42 -1101.68 -13.14 845.69 -1102.95 -13.21 1.915 0x0000FF
843.5 -1100.95 -13.06 844.42 -1101.68 -13.14 1.915 0x0000FF
843.32 -1100.04 -12.6 843.5 -1100.95 -13.06 1.735 0x0000FF
842.96 -1099.13 -12.6 843.32 -1100.04 -12.6 1.735 0x0000FF
842.96 -1097.67 -12.6 842.96 -1099.13 -12.6 1.55 0x0000FF
842.23 -1096.03 -12.3 842.96 -1097.67 -12.6 1.46 0x0000FF
841.68 -1094.94 -12.0 842.23 -1096.03 -12.3 1.46 0x0000FF
841.13 -1093.1 -12.0 841.68 -1094.94 -12.0 1.275 0x0000FF
840.58 -1090.93 -11.85 841.13 -1093.1 -12.0 1.275 0x0000FF
840.04 -1089.47 -11.7 840.58 -1090.93 -11.85 1.275 0x0000FF
839.31 -1087.65 -11.54 840.04 -1089.47 -11.7 1.275 0x0000FF
838.76 -1086.55 -11.47 839.31 -1087.65 -11.54 1.275 0x0000FF
838.03 -1085.09 -11.39 838.76 -1086.55 -11.47 1.275 0x0000FF
838.03 -1084.0 -11.01 838.03 -1085.09 -11.39 0.91 0x0000FF
837.67 -1082.55 -10.94 838.03 -1084.0 -11.01 0.91 0x0000FF
837.3 -1081.64 -10.86 837.67 -1082.55 -10.94 1.185 0x0000FF
836.57 -1080.18 -10.71 837.3 -1081.64 -10.86 1.185 0x0000FF
836.21 -1078.54 -10.33 836.57 -1080.18 -10.71 1.095 0x0000FF
835.48 -1077.26 -10.18 836.21 -1078.54 -10.33 1.095 0x0000FF
835.11 -1076.53 -9.65 835.48 -1077.26 -10.18 1.095 0x0000FF
834.2 -1075.26 -9.19 835.11 -1076.53 -9.65 1.095 0x0000FF
833.1 -1073.61 -9.03 834.2 -1075.26 -9.19 1.095 0x0000FF
832.37 -1072.71 -8.67 833.1 -1073.61 -9.03 1.095 0x0000FF
832.01 -1071.98 -8.44 832.37 -1072.71 -8.67 1.095 0x0000FF
831.64 -1071.43 -8.44 832.01 -1071.98 -8.44 1.095 0x0000FF
830.91 -1069.6 -8.14 831.64 -1071.43 -8.44 1.095 0x0000FF
830.18 -1068.15 -8.06 830.91 -1069.6 -8.14 1.095 0x0000FF
829.82 -1067.06 -7.83 830.18 -1068.15 -8.06 1.095 0x0000FF
829.27 -1065.97 -7.76 829.82 -1067.06 -7.83 1.095 0x0000FF
828.91 -1065.42 -7.68 829.27 -1065.97 -7.76 1.095 0x0000FF
827.63 -1063.96 -7.53 828.91 -1065.42 -7.68 1.095 0x0000FF
827.45 -1063.23 -7.76 827.63 -1063.96 -7.53 1.185 0x0000FF
827.08 -1062.32 -7.45 827.45 -1063.23 -7.76 1.185 0x0000FF
825.99 -1060.5 -7.3 827.08 -1062.32 -7.45 1.185 0x0000FF
825.62 -1059.41 -7.08 825.99 -1060.5 -7.3 1.185 0x0000FF
825.26 -1058.85 -6.62 825.62 -1059.41 -7.08 1.185 0x0000FF
824.16 -1057.04 -6.32 825.26 -1058.85 -6.62 1.185 0x0000FF
823.43 -1055.4 -6.24 824.16 -1057.04 -6.32 1.005 0x0000FF
822.7 -1053.76 -6.09 823.43 -1055.4 -6.24 1.005 0x0000FF
822.16 -1052.67 -5.86 822.7 -1053.76 -6.09 1.005 0x0000FF
821.06 -1050.83 -5.41 822.16 -1052.67 -5.86 1.005 0x0000FF
819.97 -1048.29 -5.18 821.06 -1050.83 -5.41 1.005 0x0000FF
817.96 -1043.92 -5.11 819.97 -1048.29 -5.18 1.005 0x0000FF
816.14 -1040.08 -4.95 817.96 -1043.92 -5.11 1.005 0x0000FF
815.41 -1036.45 -4.8 816.14 -1040.08 -4.95 1.005 0x0000FF
814.31 -1033.34 -4.65 815.41 -1036.45 -4.8 1.005 0x0000FF
812.96 -1029.3 -4.12 814.31 -1033.34 -4.65 1.005 0x0000FF
812.77 -1028.93 -4.05 812.96 -1029.3 -4.12 1.095 0x0000FF
812.23 -1027.66 -4.2 812.77 -1028.93 -4.05 1.095 0x0000FF
811.86 -1026.75 -4.34 812.23 -1027.66 -4.2 1.095 0x0000FF
811.68 -1025.47 -4.65 811.86 -1026.75 -4.34 1.095 0x0000FF
811.5 -1024.74 -3.97 811.68 -1025.47 -4.65 1.095 0x0000FF
811.31 -1023.28 -3.51 811.5 -1024.74 -3.97 1.095 0x0000FF
812.04 -1020.0 -2.91 811.31 -1023.28 -3.51 0.91 0x0000FF
810.04 -1017.27 -2.52 812.04 -1020.0 -2.91 0.73 0x0000FF
809.12 -1016.54 -2.23 810.04 -1017.27 -2.52 0.73 0x0000FF
808.21 -1015.45 -1.77 809.12 -1016.54 -2.23 0.73 0x0000FF
807.3 -1014.36 -1.55 808.21 -1015.45 -1.77 0.73 0x0000FF
806.21 -1012.17 -1.32 807.3 -1014.36 -1.55 1.185 0x0000FF
806.02 -1008.89 -1.02 806.21 -1012.17 -1.32 1.185 0x0000FF
805.29 -1007.25 -0.56 806.02 -1008.89 -1.02 1.185 0x0000FF
804.2 -1005.06 -0.48 805.29 -1007.25 -0.56 1.185 0x0000FF
802.92 -1001.06 -0.41 804.2 -1005.06 -0.48 1.185 0x0000FF
801.1 -996.68 -0.33 802.92 -1001.06 -0.41 1.185 0x0000FF
800.18 -989.4 -0.18 801.1 -996.68 -0.33 1.095 0x0000FF
799.09 -986.3 -0.11 800.18 -989.4 -0.18 1.095 0x0000FF
798.54 -984.48 -0.03 799.09 -986.3 -0.11 1.095 0x0000FF
797.99 -982.47 0.12 798.54 -984.48 -0.03 1.095 0x0000FF
797.08 -979.19 0.12 797.99 -982.47 0.12 1.095 0x0000FF
796.54 -975.18 0.2 797.08 -979.19 0.12 0.91 0x0000FF
795.26 -971.18 0.35 796.54 -975.18 0.2 0.91 0x0000FF
794.35 -967.53 0.42 795.26 -971.18 0.35 0.64 0x0000FF
793.07 -965.89 0.5 794.35 -967.53 0.42 0.64 0x0000FF
791.24 -963.52 0.65 793.07 -965.89 0.5 0.64 0x0000FF
790.15 -961.7 0.88 791.24 -963.52 0.65 0.64 0x0000FF
788.87 -958.24 1.18 790.15 -961.7 0.88 0.64 0x0000FF
789.05 -954.78 1.64 788.87 -958.24 1.18 0.64 0x0000FF
789.89 -949.22 -0.71 789.05 -954.78 1.64 0.64 0x0000FF
790.52 -948.52 2.17 789.89 -949.22 -0.71 0.73 0x0000FF
790.52 -947.06 2.17 790.52 -948.52 2.17 0.73 0x0000FF
790.89 -946.15 2.31 790.52 -947.06 2.17 0.73 0x0000FF
791.25 -945.6 2.77 790.89 -946.15 2.31 0.73 0x0000FF
791.62 -945.24 3.3 791.25 -945.6 2.77 0.73 0x0000FF
791.98 -944.33 3.38 791.62 -945.24 3.3 0.73 0x0000FF
791.62 -942.69 3.61 791.98 -944.33 3.38 0.73 0x0000FF
791.07 -940.5 3.91 791.62 -942.69 3.61 0.73 0x0000FF
789.25 -936.49 3.98 791.07 -940.5 3.91 1.095 0x0000FF
787.6 -932.85 4.29 789.25 -936.49 3.98 1.095 0x0000FF
786.51 -931.21 4.51 787.6 -932.85 4.29 1.095 0x0000FF
784.87 -927.93 4.82 786.51 -931.21 4.51 1.095 0x0000FF
780.12 -915.54 5.27 784.87 -927.93 4.82 1.095 0x0000FF
778.85 -912.08 5.58 780.12 -915.54 5.27 1.095 0x0000FF
776.66 -906.06 5.95 778.85 -912.08 5.58 1.095 0x0000FF
775.38 -904.79 6.11 776.66 -906.06 5.95 1.095 0x0000FF
774.47 -902.97 5.42 775.38 -904.79 6.11 0.91 0x0000FF
773.19 -901.33 5.27 774.47 -902.97 5.42 0.91 0x0000FF
772.82 -900.6 5.12 773.19 -901.33 5.27 0.91 0x0000FF
772.46 -900.05 4.88 772.82 -900.6 5.12 0.91 0x0000FF
771.36 -898.78 4.67 772.46 -900.05 4.88 0.91 0x0000FF
770.45 -898.05 4.59 771.36 -898.78 4.67 0.91 0x0000FF
769.36 -896.95 4.59 770.45 -898.05 4.59 0.91 0x0000FF
768.63 -896.04 4.59 769.36 -896.95 4.59 0.91 0x0000FF
768.08 -895.5 3.83 768.63 -896.04 4.59 0.82 0x0000FF
767.35 -894.22 3.68 768.08 -895.5 3.83 0.82 0x0000FF
765.34 -891.31 3.23 767.35 -894.22 3.68 0.82 0x0000FF
763.52 -887.3 2.92 765.34 -891.31 3.23 0.82 0x0000FF
762.06 -882.01 2.7 763.52 -887.3 2.92 0.82 0x0000FF
760.05 -875.45 2.24 762.06 -882.01 2.7 0.82 0x0000FF
757.68 -871.26 2.0 760.05 -875.45 2.24 0.82 0x0000FF
756.77 -867.62 1.26 757.68 -871.26 2.0 0.82 0x0000FF
755.86 -865.25 0.5 756.77 -867.62 1.26 0.82 0x0000FF
755.13 -863.79 0.42 755.86 -865.25 0.5 0.82 0x0000FF
755.44 -861.58 -0.11 755.13 -863.79 0.42 0.455 0x0000FF
755.44 -859.21 -0.48 755.44 -861.58 -0.11 0.455 0x0000FF
755.62 -858.12 -0.64 755.44 -859.21 -0.48 0.455 0x0000FF
755.62 -857.39 -0.94 755.62 -858.12 -0.64 0.455 0x0000FF
755.62 -856.29 -1.32 755.62 -857.39 -0.94 0.455 0x0000FF
755.62 -855.57 -1.77 755.62 -856.29 -1.32 0.455 0x0000FF
755.8 -854.84 -2.0 755.62 -855.57 -1.77 0.455 0x0000FF
755.98 -854.11 -2.29 755.8 -854.84 -2.0 0.455 0x0000FF
756.71 -853.01 -2.52 755.98 -854.11 -2.29 0.455 0x0000FF
757.44 -851.37 -2.98 756.71 -853.01 -2.52 0.455 0x0000FF
758.36 -849.92 -3.36 757.44 -851.37 -2.98 0.455 0x0000FF
758.9 -848.64 -3.51 758.36 -849.92 -3.36 0.455 0x0000FF
759.63 -846.82 -3.97 758.9 -848.64 -3.51 0.455 0x0000FF
760.55 -845.18 -4.05 759.63 -846.82 -3.97 0.455 0x0000FF
761.46 -842.81 -4.34 760.55 -845.18 -4.05 0.455 0x0000FF
762.19 -840.08 -4.34 761.46 -842.81 -4.34 0.455 0x0000FF
762.55 -838.07 -5.03 762.19 -840.08 -4.34 0.455 0x0000FF
762.37 -836.43 -5.26 762.55 -838.07 -5.03 0.455 0x0000FF
762.19 -835.16 -5.41 762.37 -836.43 -5.26 0.455 0x0000FF
761.82 -833.52 -5.48 762.19 -835.16 -5.41 0.455 0x0000FF
759.45 -825.68 -6.01 761.82 -833.52 -5.48 0.455 0x0000FF
759.09 -824.59 -6.17 759.45 -825.68 -6.01 0.455 0x0000FF
758.72 -822.77 -6.32 759.09 -824.59 -6.17 0.455 0x0000FF
758.54 -821.86 -6.47 758.72 -822.77 -6.32 0.455 0x0000FF
758.17 -820.04 -6.62 758.54 -821.86 -6.47 0.455 0x0000FF
757.63 -810.93 -6.77 758.17 -820.04 -6.62 0.455 0x0000FF
757.26 -805.83 -7.0 757.63 -810.93 -6.77 0.455 0x0000FF
756.35 -802.0 -7.61 757.26 -805.83 -7.0 0.455 0x0000FF
755.44 -797.44 -7.76 756.35 -802.0 -7.61 0.455 0x0000FF
754.34 -789.06 -8.06 755.44 -797.44 -7.76 0.455 0x0000FF
753.98 -783.78 -8.36 754.34 -789.06 -8.06 0.455 0x0000FF
754.16 -781.77 -8.59 753.98 -783.78 -8.36 0.455 0x0000FF
754.16 -781.05 -8.89 754.16 -781.77 -8.59 0.455 0x0000FF
754.16 -779.77 -9.27 754.16 -781.05 -8.89 0.455 0x0000FF
753.61 -778.13 -9.65 754.16 -779.77 -9.27 0.455 0x0000FF
752.7 -775.03 -9.8 753.61 -778.13 -9.65 0.455 0x0000FF
752.7 -774.12 -10.18 752.7 -775.03 -9.8 0.455 0x0000FF
752.88 -773.39 -10.56 752.7 -774.12 -10.18 0.455 0x0000FF
753.06 -772.3 -10.79 752.88 -773.39 -10.56 0.455 0x0000FF
753.61 -771.21 -11.17 753.06 -772.3 -10.79 0.455 0x0000FF
754.16 -770.66 -11.39 753.61 -771.21 -11.17 0.455 0x0000FF
754.52 -769.93 -11.47 754.16 -770.66 -11.39 0.455 0x0000FF
754.72 -769.71 -14.04 754.52 -769.93 -11.47 0.455 0x0000FF
755.09 -769.35 -14.73 754.72 -769.71 -14.04 0.455 0x0000FF
755.45 -768.62 -15.94 755.09 -769.35 -14.73 0.455 0x0000FF
755.45 -768.62 -17.23 755.45 -768.62 -15.94 0.455 0x0000FF
756.55 -766.8 -17.68 755.45 -768.62 -17.23 0.275 0x0000FF
757.1 -765.34 -17.82 756.55 -766.8 -17.68 0.275 0x0000FF
752.88 -768.66 -14.35 754.52 -769.93 -11.47 0.455 0x0000FF
751.79 -767.93 -14.8 752.88 -768.66 -14.35 0.455 0x0000FF
751.06 -767.02 -15.26 751.79 -767.93 -14.8 0.455 0x0000FF
750.51 -766.11 -15.48 751.06 -767.02 -15.26 0.455 0x0000FF
747.24 -761.88 -16.17 750.51 -766.11 -15.48 0.455 0x0000FF
746.7 -759.33 -16.23 747.24 -761.88 -16.17 0.455 0x0000FF
746.51 -757.51 -17.0 746.7 -759.33 -16.23 0.455 0x0000FF
746.51 -756.41 -17.6 746.51 -757.51 -17.0 0.455 0x0000FF
747.43 -755.68 -17.98 746.51 -756.41 -17.6 0.545 0x0000FF
748.7 -755.14 -18.29 747.43 -755.68 -17.98 0.545 0x0000FF
749.62 -754.41 -18.66 748.7 -755.14 -18.29 0.545 0x0000FF
750.53 -753.68 -19.04 749.62 -754.41 -18.66 0.545 0x0000FF
750.89 -752.95 -19.57 750.53 -753.68 -19.04 0.545 0x0000FF
751.62 -752.4 -19.88 750.89 -752.95 -19.57 0.545 0x0000FF
751.99 -752.22 -20.03 751.62 -752.4 -19.88 0.545 0x0000FF
752.9 -751.68 -20.18 751.99 -752.22 -20.03 0.545 0x0000FF
753.45 -751.13 -20.63 752.9 -751.68 -20.18 0.545 0x0000FF
753.99 -750.58 -20.79 753.45 -751.13 -20.63 0.545 0x0000FF
754.54 -750.4 -21.01 753.99 -750.58 -20.79 0.545 0x0000FF
755.45 -749.31 -21.47 754.54 -750.4 -21.01 0.545 0x0000FF
756.0 -748.4 -21.77 755.45 -749.31 -21.47 0.545 0x0000FF
756.73 -747.49 -21.92 756.0 -748.4 -21.77 0.545 0x0000FF
756.91 -746.39 -22.23 756.73 -747.49 -21.92 0.545 0x0000FF
757.1 -745.85 -22.38 756.91 -746.39 -22.23 0.545 0x0000FF
757.46 -744.75 -22.98 757.1 -745.85 -22.38 0.545 0x0000FF
757.83 -744.02 -23.13 757.46 -744.75 -22.98 0.545 0x0000FF
758.19 -743.66 -23.44 757.83 -744.02 -23.13 0.545 0x0000FF
758.74 -742.75 -23.82 758.19 -743.66 -23.44 0.545 0x0000FF
759.1 -742.38 -23.89 758.74 -742.75 -23.82 0.545 0x0000FF
759.47 -741.29 -24.65 759.1 -742.38 -23.89 0.545 0x0000FF
759.83 -740.93 -24.65 759.47 -741.29 -24.65 0.545 0x0000FF
760.2 -740.74 -24.95 759.83 -740.93 -24.65 0.545 0x0000FF
761.66 -739.83 -25.26 760.2 -740.74 -24.95 0.455 0x0000FF
762.2 -739.47 -25.48 761.66 -739.83 -25.26 0.455 0x0000FF
762.93 -738.74 -25.48 762.2 -739.47 -25.48 0.275 0x0000FF
743.05 -754.59 -17.91 746.51 -756.41 -17.6 0.455 0x0000FF
741.59 -753.13 -18.29 743.05 -754.59 -17.91 0.455 0x0000FF
740.86 -752.4 -18.36 741.59 -753.13 -18.29 0.455 0x0000FF
739.95 -750.76 -18.59 740.86 -752.4 -18.36 0.455 0x0000FF
738.85 -749.13 -18.73 739.95 -750.76 -18.59 0.455 0x0000FF
737.94 -748.03 -18.73 738.85 -749.13 -18.73 0.455 0x0000FF
736.48 -746.57 -18.73 737.94 -748.03 -18.73 0.455 0x0000FF
735.57 -745.48 -18.13 736.48 -746.57 -18.73 0.455 0x0000FF
734.29 -744.39 -17.91 735.57 -745.48 -18.13 0.455 0x0000FF
732.83 -742.93 -17.6 734.29 -744.39 -17.91 0.455 0x0000FF
730.09 -742.02 -17.45 732.83 -742.93 -17.6 0.455 0x0000FF
728.82 -741.47 -17.23 730.09 -742.02 -17.45 0.455 0x0000FF
726.81 -740.74 -17.07 728.82 -741.47 -17.23 0.455 0x0000FF
724.98 -740.2 -16.77 726.81 -740.74 -17.07 0.455 0x0000FF
722.61 -739.29 -16.54 724.98 -740.2 -16.77 0.455 0x0000FF
721.7 -738.92 -16.32 722.61 -739.29 -16.54 0.455 0x0000FF
720.79 -738.38 -15.94 721.7 -738.92 -16.32 0.455 0x0000FF
719.51 -737.46 -15.41 720.79 -738.38 -15.94 0.455 0x0000FF
718.23 -735.64 -15.03 719.51 -737.46 -15.41 0.275 0x0000FF
717.87 -734.91 -14.88 718.23 -735.64 -15.03 0.275 0x0000FF
716.41 -733.82 -14.57 717.87 -734.91 -14.88 0.275 0x0000FF
715.13 -733.46 -14.04 716.41 -733.82 -14.57 0.275 0x0000FF
753.61 -862.66 -0.79 755.13 -863.79 0.42 0.64 0x0000FF
751.97 -860.66 -1.24 753.61 -862.66 -0.79 0.64 0x0000FF
750.69 -858.84 -1.77 751.97 -860.66 -1.24 0.64 0x0000FF
749.6 -857.02 -2.23 750.69 -858.84 -1.77 0.64 0x0000FF
748.5 -854.83 -2.23 749.6 -857.02 -2.23 0.64 0x0000FF
748.14 -854.28 -1.47 748.5 -854.83 -2.23 0.64 0x0000FF
747.23 -853.01 -0.94 748.14 -854.28 -1.47 0.64 0x0000FF
746.86 -852.46 -0.56 747.23 -853.01 -0.94 0.64 0x0000FF
746.31 -851.55 -0.03 746.86 -852.46 -0.56 0.64 0x0000FF
745.95 -851.0 0.5 746.31 -851.55 -0.03 0.64 0x0000FF
745.59 -850.09 1.18 745.95 -851.0 0.5 0.64 0x0000FF
743.76 -847.91 1.71 745.59 -850.09 1.18 0.64 0x0000FF
743.03 -846.81 1.79 743.76 -847.91 1.71 0.64 0x0000FF
742.3 -845.54 2.24 743.03 -846.81 1.79 0.64 0x0000FF
741.21 -842.99 2.54 742.3 -845.54 2.24 0.64 0x0000FF
740.48 -840.62 2.92 741.21 -842.99 2.54 0.64 0x0000FF
740.66 -838.25 3.3 740.48 -840.62 2.92 0.64 0x0000FF
739.2 -835.7 4.29 740.66 -838.25 3.3 0.64 0x0000FF
738.65 -834.79 4.51 739.2 -835.7 4.29 0.64 0x0000FF
738.29 -833.33 5.5 738.65 -834.79 4.51 0.64 0x0000FF
737.74 -831.33 6.18 738.29 -833.33 5.5 0.64 0x0000FF
737.01 -828.77 6.48 737.74 -831.33 6.18 0.64 0x0000FF
736.83 -826.59 6.94 737.01 -828.77 6.48 0.64 0x0000FF
735.92 -823.67 7.39 736.83 -826.59 6.94 0.64 0x0000FF
735.19 -820.39 7.7 735.92 -823.67 7.39 0.64 0x0000FF
734.82 -816.38 8.0 735.19 -820.39 7.7 0.64 0x0000FF
732.08 -806.18 8.23 734.82 -816.38 8.0 0.64 0x0000FF
731.17 -804.91 8.68 732.08 -806.18 8.23 0.64 0x0000FF
730.44 -803.81 8.91 731.17 -804.91 8.68 0.64 0x0000FF
730.08 -802.9 9.14 730.44 -803.81 8.91 0.64 0x0000FF
729.71 -801.81 9.21 730.08 -802.9 9.14 0.64 0x0000FF
729.35 -800.53 9.51 729.71 -801.81 9.21 0.64 0x0000FF
728.98 -799.26 9.51 729.35 -800.53 9.51 0.64 0x0000FF
728.62 -798.16 9.89 728.98 -799.26 9.51 0.64 0x0000FF
728.25 -797.62 10.11 728.62 -798.16 9.89 0.64 0x0000FF
727.7 -796.89 10.35 728.25 -797.62 10.11 0.64 0x0000FF
726.97 -795.8 10.73 727.7 -796.89 10.35 0.64 0x0000FF
726.25 -794.89 11.1 726.97 -795.8 10.73 0.64 0x0000FF
725.15 -793.06 11.18 726.25 -794.89 11.1 0.64 0x0000FF
723.69 -791.24 11.48 725.15 -793.06 11.18 0.64 0x0000FF
722.96 -789.42 11.56 723.69 -791.24 11.48 0.64 0x0000FF
722.6 -787.78 12.17 722.96 -789.42 11.56 0.64 0x0000FF
721.87 -785.41 12.39 722.6 -787.78 12.17 0.64 0x0000FF
722.64 -784.92 11.18 721.87 -785.41 12.39 0.73 0x0000FF
722.83 -782.55 11.64 722.64 -784.92 11.18 0.73 0x0000FF
723.01 -779.09 11.79 722.83 -782.55 11.64 0.73 0x0000FF
723.01 -775.44 12.39 723.01 -779.09 11.79 0.64 0x0000FF
722.83 -773.44 11.86 723.01 -775.44 12.39 0.64 0x0000FF
723.01 -771.07 10.5 722.83 -773.44 11.86 0.64 0x0000FF
722.46 -769.25 10.11 723.01 -771.07 10.5 0.64 0x0000FF
722.64 -763.96 10.11 722.46 -769.25 10.11 0.64 0x0000FF
722.28 -761.6 9.97 722.64 -763.96 10.11 0.64 0x0000FF
722.28 -760.5 9.82 722.28 -761.6 9.97 0.64 0x0000FF
721.73 -759.96 10.8 722.28 -760.5 9.82 0.64 0x0000FF
721.19 -759.23 10.8 721.73 -759.96 10.8 0.64 0x0000FF
720.82 -758.68 10.95 721.19 -759.23 10.8 0.64 0x0000FF
720.27 -758.32 11.03 720.82 -758.68 10.95 0.64 0x0000FF
719.18 -757.41 11.03 720.27 -758.32 11.03 0.64 0x0000FF
718.08 -756.31 11.1 719.18 -757.41 11.03 0.365 0x0000FF
717.9 -755.58 11.1 718.08 -756.31 11.1 0.365 0x0000FF
717.9 -754.67 11.1 717.9 -755.58 11.1 0.365 0x0000FF
717.72 -753.58 11.1 717.9 -754.67 11.1 0.365 0x0000FF
717.72 -752.67 11.1 717.72 -753.58 11.1 0.365 0x0000FF
717.9 -751.39 11.1 717.72 -752.67 11.1 0.365 0x0000FF
718.08 -750.48 11.1 717.9 -751.39 11.1 0.365 0x0000FF
718.95 -780.49 12.62 721.87 -785.41 12.39 0.64 0x0000FF
716.39 -776.85 12.92 718.95 -780.49 12.62 0.64 0x0000FF
712.01 -771.93 13.15 716.39 -776.85 12.92 0.64 0x0000FF
709.28 -769.2 13.38 712.01 -771.93 13.15 0.64 0x0000FF
701.98 -764.64 13.83 709.28 -769.2 13.38 0.545 0x0000FF
697.6 -760.81 14.13 701.98 -764.64 13.83 0.545 0x0000FF
692.86 -759.17 14.36 697.6 -760.81 14.13 0.545 0x0000FF
690.85 -757.53 14.44 692.86 -759.17 14.36 0.545 0x0000FF
678.86 -754.31 14.59 690.85 -757.53 14.44 0.365 0x0000FF
673.38 -753.21 14.74 678.86 -754.31 14.59 0.365 0x0000FF
663.89 -752.49 14.89 673.38 -753.21 14.74 0.18 0x0000FF
789.7 -948.67 -0.71 789.89 -949.22 -0.71 1.005 0x0000FF
789.52 -946.12 -0.56 789.7 -948.67 -0.71 1.005 0x0000FF
788.24 -944.12 0.12 789.52 -946.12 -0.56 1.005 0x0000FF
787.33 -942.66 -1.32 788.24 -944.12 0.12 1.005 0x0000FF
786.6 -941.2 -2.29 787.33 -942.66 -1.32 1.005 0x0000FF
785.51 -939.56 -2.61 786.6 -941.2 -2.29 1.005 0x0000FF
784.78 -938.83 -3.29 785.51 -939.56 -2.61 1.005 0x0000FF
784.23 -938.29 -3.67 784.78 -938.83 -3.29 1.005 0x0000FF
783.68 -937.74 -4.58 784.23 -938.29 -3.67 1.005 0x0000FF
783.14 -937.37 -4.88 783.68 -937.74 -4.58 1.005 0x0000FF
782.77 -936.83 -5.41 783.14 -937.37 -4.88 1.005 0x0000FF
782.22 -936.28 -5.86 782.77 -936.83 -5.41 1.005 0x0000FF
781.68 -935.74 -5.94 782.22 -936.28 -5.86 1.005 0x0000FF
781.13 -935.01 -6.54 781.68 -935.74 -5.94 1.005 0x0000FF
780.76 -934.46 -7.08 781.13 -935.01 -6.54 1.005 0x0000FF
780.03 -933.18 -7.83 780.76 -934.46 -7.08 1.005 0x0000FF
779.67 -931.91 -8.36 780.03 -933.18 -7.83 1.005 0x0000FF
780.22 -926.81 -8.51 779.67 -931.91 -8.36 1.005 0x0000FF
781.13 -924.44 -8.74 780.22 -926.81 -8.51 1.005 0x0000FF
780.95 -916.97 -9.35 781.13 -924.44 -8.74 1.005 0x0000FF
780.76 -914.78 -9.94 780.95 -916.97 -9.35 1.005 0x0000FF
779.85 -910.04 -10.94 780.76 -914.78 -9.94 1.005 0x0000FF
777.66 -893.65 -11.54 779.85 -910.04 -10.94 1.005 0x0000FF
777.3 -889.46 -11.85 777.66 -893.65 -11.54 0.91 0x0000FF
777.3 -887.09 -11.92 777.3 -889.46 -11.85 0.91 0x0000FF
777.11 -885.45 -12.0 777.3 -887.09 -11.92 0.91 0x0000FF
776.02 -879.62 -12.15 777.11 -885.45 -12.0 0.91 0x0000FF
773.28 -873.06 -12.38 776.02 -879.62 -12.15 0.91 0x0000FF
770.55 -868.87 -12.45 773.28 -873.06 -12.38 0.64 0x0000FF
768.54 -864.5 -12.6 770.55 -868.87 -12.45 0.64 0x0000FF
766.17 -857.57 -12.68 768.54 -864.5 -12.6 0.64 0x0000FF
764.89 -854.11 -12.83 766.17 -857.57 -12.68 0.64 0x0000FF
764.34 -852.11 -12.98 764.89 -854.11 -12.83 0.64 0x0000FF
762.9 -842.82 -12.91 764.34 -852.11 -12.98 0.64 0x0000FF
759.98 -836.08 -13.29 762.9 -842.82 -12.91 0.64 0x0000FF
758.34 -830.43 -13.51 759.98 -836.08 -13.29 0.64 0x0000FF
757.79 -827.7 -14.27 758.34 -830.43 -13.51 0.64 0x0000FF
755.42 -820.41 -14.73 757.79 -827.7 -14.27 0.64 0x0000FF
755.24 -811.85 -14.95 755.42 -820.41 -14.73 0.64 0x0000FF
753.96 -802.92 -14.95 755.24 -811.85 -14.95 0.545 0x0000FF
752.5 -798.37 -15.41 753.96 -802.92 -14.95 0.545 0x0000FF
752.32 -796.18 -16.01 752.5 -798.37 -15.41 0.545 0x0000FF
752.32 -793.27 -16.85 752.32 -796.18 -16.01 0.545 0x0000FF
751.96 -791.99 -16.85 752.32 -793.27 -16.85 0.545 0x0000FF
751.23 -790.53 -16.85 751.96 -791.99 -16.85 0.545 0x0000FF
750.5 -789.8 -17.14 751.23 -790.53 -16.85 0.545 0x0000FF
749.95 -788.89 -17.14 750.5 -789.8 -17.14 0.545 0x0000FF
749.22 -787.98 -17.6 749.95 -788.89 -17.14 0.545 0x0000FF
748.85 -787.25 -17.76 749.22 -787.98 -17.6 0.545 0x0000FF
747.76 -786.34 -17.98 748.85 -787.25 -17.76 0.545 0x0000FF
745.21 -784.7 -17.98 747.76 -786.34 -17.98 0.455 0x0000FF
744.48 -783.61 -18.44 745.21 -784.7 -17.98 0.455 0x0000FF
743.2 -781.97 -18.51 744.48 -783.61 -18.44 0.455 0x0000FF
743.02 -781.42 -18.73 743.2 -781.97 -18.51 0.455 0x0000FF
742.1 -780.51 -18.89 743.02 -781.42 -18.73 0.455 0x0000FF
741.56 -779.6 -19.2 742.1 -780.51 -18.89 0.455 0x0000FF
741.19 -779.05 -19.42 741.56 -779.6 -19.2 0.455 0x0000FF
739.37 -778.87 -19.42 741.19 -779.05 -19.42 0.365 0x0000FF
811.68 -1030.03 -4.05 812.96 -1029.3 -4.12 0.64 0x0000FF
809.67 -1029.66 -4.05 811.68 -1030.03 -4.05 0.455 0x0000FF
808.39 -1029.3 -3.89 809.67 -1029.66 -4.05 0.455 0x0000FF
808.03 -1029.1 -3.74 808.39 -1029.3 -3.89 0.365 0x0000FF
807.48 -1028.57 -3.74 808.03 -1029.1 -3.74 0.365 0x0000FF
806.75 -1028.39 -3.74 807.48 -1028.57 -3.74 0.365 0x0000FF
806.21 -1027.83 -3.74 806.75 -1028.39 -3.74 0.365 0x0000FF
826.54 -1064.69 -7.45 827.63 -1063.96 -7.53 0.91 0x0000FF
824.89 -1064.51 -6.92 826.54 -1064.69 -7.45 0.82 0x0000FF
823.62 -1064.14 -6.77 824.89 -1064.51 -6.92 0.82 0x0000FF
821.97 -1063.96 -6.54 823.62 -1064.14 -6.77 0.545 0x0000FF
820.33 -1063.42 -5.94 821.97 -1063.96 -6.54 0.545 0x0000FF
818.69 -1063.42 -5.64 820.33 -1063.42 -5.94 0.545 0x0000FF
814.86 -1063.59 -5.48 818.69 -1063.42 -5.64 0.545 0x0000FF
811.76 -1063.96 -5.41 814.86 -1063.59 -5.48 0.545 0x0000FF
807.01 -1063.78 -4.58 811.76 -1063.96 -5.41 0.545 0x0000FF
804.82 -1063.42 -4.42 807.01 -1063.78 -4.58 0.545 0x0000FF
803.36 -1062.86 -4.12 804.82 -1063.42 -4.42 0.545 0x0000FF
800.44 -1061.41 -3.89 803.36 -1062.86 -4.12 0.545 0x0000FF
799.72 -1060.85 -3.74 800.44 -1061.41 -3.89 0.545 0x0000FF
798.07 -1059.58 -3.67 799.72 -1060.85 -3.74 0.545 0x0000FF
792.05 -1056.85 -2.83 798.07 -1059.58 -3.67 0.545 0x0000FF
790.41 -1056.31 -2.38 792.05 -1056.85 -2.83 0.545 0x0000FF
790.05 -1056.13 -2.61 790.41 -1056.31 -2.38 0.545 0x0000FF
788.95 -1055.58 -3.67 790.05 -1056.13 -2.61 0.545 0x0000FF
787.86 -1054.84 -4.26 788.95 -1055.58 -3.67 0.545 0x0000FF
787.13 -1054.11 -4.65 787.86 -1054.84 -4.26 0.545 0x0000FF
786.21 -1053.76 -5.33 787.13 -1054.11 -4.65 0.545 0x0000FF
785.85 -1052.84 -5.03 786.21 -1053.76 -5.33 0.64 0x0000FF
785.3 -1052.48 -4.65 785.85 -1052.84 -5.03 0.64 0x0000FF
785.12 -1052.11 -4.73 785.3 -1052.48 -4.65 0.64 0x0000FF
784.75 -1051.94 -5.48 785.12 -1052.11 -4.73 0.64 0x0000FF
783.84 -1051.39 -6.32 784.75 -1051.94 -5.48 0.64 0x0000FF
783.29 -1051.21 -6.92 783.84 -1051.39 -6.32 0.64 0x0000FF
782.38 -1050.83 -7.61 783.29 -1051.21 -6.92 0.64 0x0000FF
781.83 -1050.83 -8.14 782.38 -1050.83 -7.61 0.64 0x0000FF
780.56 -1050.83 -9.19 781.83 -1050.83 -8.14 0.64 0x0000FF
779.65 -1050.83 -9.57 780.56 -1050.83 -9.19 0.64 0x0000FF
778.92 -1050.66 -9.65 779.65 -1050.83 -9.57 0.64 0x0000FF
777.46 -1050.3 -10.02 778.92 -1050.66 -9.65 0.64 0x0000FF
776.54 -1049.75 -10.41 777.46 -1050.3 -10.02 0.64 0x0000FF
775.81 -1049.02 -10.79 776.54 -1049.75 -10.41 0.64 0x0000FF
773.99 -1048.1 -10.94 775.81 -1049.02 -10.79 0.545 0x0000FF
772.89 -1047.2 -11.47 773.99 -1048.1 -10.94 0.545 0x0000FF
771.62 -1046.47 -11.77 772.89 -1047.2 -11.47 0.545 0x0000FF
770.71 -1045.74 -12.0 771.62 -1046.47 -11.77 0.545 0x0000FF
769.06 -1043.92 -12.15 770.71 -1045.74 -12.0 0.545 0x0000FF
767.97 -1042.83 -12.45 769.06 -1043.92 -12.15 0.545 0x0000FF
765.96 -1040.82 -12.68 767.97 -1042.83 -12.45 0.365 0x0000FF
765.41 -1040.08 -13.06 765.96 -1040.82 -12.68 0.365 0x0000FF
764.68 -1037.72 -13.14 765.41 -1040.08 -13.06 0.365 0x0000FF
763.95 -1036.08 -13.44 764.68 -1037.72 -13.14 0.365 0x0000FF
784.39 -1053.21 -6.39 786.21 -1053.76 -5.33 0.545 0x0000FF
783.48 -1052.67 -6.7 784.39 -1053.21 -6.39 0.545 0x0000FF
782.75 -1052.3 -7.23 783.48 -1052.67 -6.7 0.545 0x0000FF
782.2 -1051.94 -7.91 782.75 -1052.3 -7.23 0.545 0x0000FF
781.29 -1050.83 -8.14 782.2 -1051.94 -7.91 0.455 0x0000FF
780.56 -1050.3 -8.28 781.29 -1050.83 -8.14 0.455 0x0000FF
779.1 -1049.39 -8.36 780.56 -1050.3 -8.28 0.275 0x0000FF
778.55 -1049.2 -8.36 779.1 -1049.39 -8.36 0.275 0x0000FF
778.0 -1048.83 -8.44 778.55 -1049.2 -8.36 0.275 0x0000FF
836.57 -1083.82 -11.39 838.03 -1085.09 -11.39 0.82 0x0000FF
833.65 -1083.08 -11.32 836.57 -1083.82 -11.39 0.64 0x0000FF
830.91 -1082.18 -11.17 833.65 -1083.08 -11.32 0.64 0x0000FF
829.27 -1081.45 -10.79 830.91 -1082.18 -11.17 0.64 0x0000FF
827.08 -1080.72 -10.56 829.27 -1081.45 -10.79 0.64 0x0000FF
826.35 -1080.54 -11.32 827.08 -1080.72 -10.56 0.64 0x0000FF
825.81 -1080.35 -11.47 826.35 -1080.54 -11.32 0.64 0x0000FF
824.89 -1080.0 -12.07 825.81 -1080.35 -11.47 0.64 0x0000FF
822.7 -1079.08 -12.07 824.89 -1080.0 -12.07 0.455 0x0000FF
820.33 -1077.81 -12.53 822.7 -1079.08 -12.07 0.455 0x0000FF
818.87 -1077.44 -12.91 820.33 -1077.81 -12.53 0.455 0x0000FF
817.6 -1077.08 -13.29 818.87 -1077.44 -12.91 0.455 0x0000FF
815.95 -1076.72 -13.74 817.6 -1077.08 -13.29 0.455 0x0000FF
814.31 -1076.17 -14.42 815.95 -1076.72 -13.74 0.455 0x0000FF
812.67 -1076.17 -14.95 814.31 -1076.17 -14.42 0.455 0x0000FF
809.39 -1075.61 -15.63 812.67 -1076.17 -14.95 0.455 0x0000FF
808.29 -1074.53 -15.63 809.39 -1075.61 -15.63 0.455 0x0000FF
807.74 -1074.16 -15.71 808.29 -1074.53 -15.63 0.455 0x0000FF
807.38 -1073.07 -16.23 807.74 -1074.16 -15.71 0.455 0x0000FF
806.83 -1072.33 -16.77 807.38 -1073.07 -16.23 0.455 0x0000FF
805.92 -1071.07 -17.3 806.83 -1072.33 -16.77 0.455 0x0000FF
805.74 -1070.33 -17.82 805.92 -1071.07 -17.3 0.455 0x0000FF
805.55 -1069.43 -18.73 805.74 -1070.33 -17.82 0.455 0x0000FF
805.37 -1069.06 -19.35 805.55 -1069.43 -18.73 0.455 0x0000FF
805.01 -1067.97 -20.1 805.37 -1069.06 -19.35 0.275 0x0000FF
804.82 -1067.06 -20.18 805.01 -1067.97 -20.1 0.275 0x0000FF
804.82 -1066.15 -20.26 804.82 -1067.06 -20.18 0.275 0x0000FF
841.5 -1101.31 -13.06 843.5 -1100.95 -13.06 0.82 0x0000FF
840.04 -1100.95 -12.91 841.5 -1101.31 -13.06 0.82 0x0000FF
838.4 -1100.95 -12.76 840.04 -1100.95 -12.91 0.82 0x0000FF
833.65 -1100.95 -12.6 838.4 -1100.95 -12.76 0.82 0x0000FF
829.45 -1101.13 -12.53 833.65 -1100.95 -12.6 0.64 0x0000FF
827.27 -1101.49 -11.92 829.45 -1101.13 -12.53 0.64 0x0000FF
825.81 -1101.13 -11.62 827.27 -1101.49 -11.92 0.64 0x0000FF
825.26 -1100.95 -11.24 825.81 -1101.13 -11.62 0.64 0x0000FF
825.08 -1100.95 -11.09 825.26 -1100.95 -11.24 0.64 0x0000FF
824.53 -1102.04 -10.33 825.08 -1100.95 -11.09 0.64 0x0000FF
823.98 -1102.95 -10.02 824.53 -1102.04 -10.33 0.64 0x0000FF
823.25 -1103.68 -9.73 823.98 -1102.95 -10.02 0.64 0x0000FF
822.16 -1104.23 -9.5 823.25 -1103.68 -9.73 0.64 0x0000FF
821.24 -1105.32 -9.42 822.16 -1104.23 -9.5 0.64 0x0000FF
820.51 -1106.59 -9.27 821.24 -1105.32 -9.42 0.64 0x0000FF
819.6 -1108.24 -9.19 820.51 -1106.59 -9.27 0.64 0x0000FF
819.06 -1109.51 -9.19 819.6 -1108.24 -9.19 0.64 0x0000FF
818.51 -1111.15 -9.11 819.06 -1109.51 -9.19 0.64 0x0000FF
817.78 -1113.16 -8.97 818.51 -1111.15 -9.11 0.545 0x0000FF
817.23 -1114.6 -8.97 817.78 -1113.16 -8.97 0.545 0x0000FF
816.14 -1115.71 -8.89 817.23 -1114.6 -8.97 0.545 0x0000FF
815.59 -1116.61 -8.82 816.14 -1115.71 -8.89 0.545 0x0000FF
815.04 -1117.16 -8.67 815.59 -1116.61 -8.82 0.545 0x0000FF
814.68 -1117.89 -8.51 815.04 -1117.16 -8.67 0.545 0x0000FF
813.58 -1118.8 -8.51 814.68 -1117.89 -8.51 0.545 0x0000FF
813.03 -1120.26 -8.44 813.58 -1118.8 -8.51 0.545 0x0000FF
812.49 -1121.54 -8.21 813.03 -1120.26 -8.44 0.545 0x0000FF
811.57 -1122.45 -8.21 812.49 -1121.54 -8.21 0.545 0x0000FF
811.03 -1122.81 -8.14 811.57 -1122.45 -8.21 0.545 0x0000FF
810.11 -1123.91 -8.14 811.03 -1122.81 -8.14 0.545 0x0000FF
809.39 -1124.45 -8.06 810.11 -1123.91 -8.14 0.545 0x0000FF
808.66 -1125.0 -7.98 809.39 -1124.45 -8.06 0.545 0x0000FF
808.11 -1125.73 -7.91 808.66 -1125.0 -7.98 0.545 0x0000FF
807.38 -1126.08 -7.91 808.11 -1125.73 -7.91 0.545 0x0000FF
806.47 -1127.0 -7.83 807.38 -1126.08 -7.91 0.545 0x0000FF
805.74 -1127.73 -7.83 806.47 -1127.0 -7.83 0.545 0x0000FF
802.09 -1130.46 -7.83 805.74 -1127.73 -7.83 0.455 0x0000FF
800.63 -1131.56 -7.76 802.09 -1130.46 -7.83 0.455 0x0000FF
798.8 -1133.56 -7.61 800.63 -1131.56 -7.76 0.455 0x0000FF
797.34 -1135.2 -6.77 798.8 -1133.56 -7.61 0.365 0x0000FF
796.07 -1137.02 -6.7 797.34 -1135.2 -6.77 0.365 0x0000FF
795.15 -1139.39 -6.54 796.07 -1137.02 -6.7 0.365 0x0000FF
794.42 -1142.31 -6.54 795.15 -1139.39 -6.54 0.365 0x0000FF
793.69 -1145.22 -6.54 794.42 -1142.31 -6.54 0.365 0x0000FF
792.96 -1147.77 -6.54 793.69 -1145.22 -6.54 0.365 0x0000FF
792.42 -1149.23 -6.39 792.96 -1147.77 -6.54 0.365 0x0000FF
792.05 -1150.69 -6.32 792.42 -1149.23 -6.39 0.365 0x0000FF
791.69 -1152.51 -6.17 792.05 -1150.69 -6.32 0.365 0x0000FF
791.5 -1155.43 -6.17 791.69 -1152.51 -6.17 0.365 0x0000FF
791.87 -1158.16 -6.09 791.5 -1155.43 -6.17 0.365 0x0000FF
792.42 -1160.53 -6.09 791.87 -1158.16 -6.09 0.365 0x0000FF
821.79 -1099.49 -11.01 825.08 -1100.95 -11.09 0.455 0x0000FF
819.78 -1098.22 -10.86 821.79 -1099.49 -11.01 0.455 0x0000FF
814.13 -1097.3 -10.48 819.78 -1098.22 -10.86 0.455 0x0000FF
811.39 -1096.94 -10.26 814.13 -1097.3 -10.48 0.455 0x0000FF
807.2 -1095.11 -10.02 811.39 -1096.94 -10.26 0.455 0x0000FF
805.19 -1094.57 -9.57 807.2 -1095.11 -10.02 0.455 0x0000FF
803.0 -1093.66 -8.89 805.19 -1094.57 -9.57 0.455 0x0000FF
800.81 -1091.47 -8.06 803.0 -1093.66 -8.89 0.455 0x0000FF
799.53 -1090.74 -7.61 800.81 -1091.47 -8.06 0.455 0x0000FF
798.44 -1090.38 -7.38 799.53 -1090.74 -7.61 0.455 0x0000FF
797.34 -1090.2 -7.15 798.44 -1090.38 -7.38 0.455 0x0000FF
796.61 -1090.02 -7.0 797.34 -1090.2 -7.15 0.455 0x0000FF
795.7 -1089.83 -6.77 796.61 -1090.02 -7.0 0.455 0x0000FF
794.79 -1089.47 -6.62 795.7 -1089.83 -6.77 0.455 0x0000FF
793.88 -1089.47 -6.47 794.79 -1089.47 -6.62 0.455 0x0000FF
793.33 -1089.47 -5.64 793.88 -1089.47 -6.47 0.455 0x0000FF
791.5 -1090.02 -5.48 793.33 -1089.47 -5.64 0.455 0x0000FF
790.77 -1090.02 -5.03 791.5 -1090.02 -5.48 0.455 0x0000FF
790.05 -1089.83 -4.95 790.77 -1090.02 -5.03 0.455 0x0000FF
789.32 -1089.83 -4.42 790.05 -1089.83 -4.95 0.455 0x0000FF
788.59 -1089.83 -4.12 789.32 -1089.83 -4.42 0.455 0x0000FF
788.22 -1089.83 -3.82 788.59 -1089.83 -4.12 0.455 0x0000FF
787.86 -1089.65 -3.36 788.22 -1089.83 -3.82 0.455 0x0000FF
787.31 -1089.47 -2.83 787.86 -1089.65 -3.36 0.455 0x0000FF
786.94 -1089.29 -2.45 787.31 -1089.47 -2.83 0.455 0x0000FF
786.4 -1089.1 -2.29 786.94 -1089.29 -2.45 0.455 0x0000FF
785.85 -1088.92 -1.47 786.4 -1089.1 -2.29 0.455 0x0000FF
785.3 -1088.56 -1.02 785.85 -1088.92 -1.47 0.455 0x0000FF
784.75 -1088.19 -0.48 785.3 -1088.56 -1.02 0.455 0x0000FF
784.21 -1087.83 -0.18 784.75 -1088.19 -0.48 0.455 0x0000FF
784.02 -1087.65 0.8 784.21 -1087.83 -0.18 0.455 0x0000FF
783.84 -1087.47 1.64 784.02 -1087.65 0.8 0.455 0x0000FF
783.66 -1087.28 2.62 783.84 -1087.47 1.64 0.455 0x0000FF
783.66 -1087.28 3.3 783.66 -1087.28 2.62 0.455 0x0000FF
783.48 -1086.74 3.76 783.66 -1087.28 3.3 0.455 0x0000FF
783.29 -1086.36 4.44 783.48 -1086.74 3.76 0.455 0x0000FF
783.11 -1086.19 5.27 783.29 -1086.36 4.44 0.455 0x0000FF
782.2 -1085.46 6.03 783.11 -1086.19 5.27 0.455 0x0000FF
781.29 -1084.91 6.03 782.2 -1085.46 6.03 0.455 0x0000FF
780.56 -1084.19 6.86 781.29 -1084.91 6.03 0.455 0x0000FF
780.01 -1083.64 7.7 780.56 -1084.19 6.86 0.455 0x0000FF
779.65 -1083.27 8.15 780.01 -1083.64 7.7 0.455 0x0000FF
779.1 -1083.08 8.23 779.65 -1083.27 8.15 0.455 0x0000FF
777.27 -1081.64 8.38 779.1 -1083.08 8.23 0.275 0x0000FF
776.73 -1080.91 8.52 777.27 -1081.64 8.38 0.275 0x0000FF
849.16 -1105.86 -14.65 849.34 -1107.14 -14.27 1.005 0x0000FF
849.16 -1105.14 -14.73 849.16 -1105.86 -14.65 1.005 0x0000FF
849.16 -1104.41 -14.95 849.16 -1105.14 -14.73 0.91 0x0000FF
849.16 -1104.23 -15.26 849.16 -1104.41 -14.95 0.64 0x0000FF
849.16 -1103.68 -15.48 849.16 -1104.23 -15.26 0.64 0x0000FF
849.16 -1103.13 -15.94 849.16 -1103.68 -15.48 0.64 0x0000FF
849.16 -1103.13 -16.32 849.16 -1103.13 -15.94 0.64 0x0000FF
849.16 -1102.95 -16.85 849.16 -1103.13 -16.32 0.64 0x0000FF
849.16 -1102.22 -17.23 849.16 -1102.95 -16.85 0.64 0x0000FF
848.98 -1101.49 -17.45 849.16 -1102.22 -17.23 0.64 0x0000FF
849.34 -1100.77 -17.82 848.98 -1101.49 -17.45 0.64 0x0000FF
849.52 -1100.04 -17.82 849.34 -1100.77 -17.82 0.64 0x0000FF
849.89 -1099.67 -18.05 849.52 -1100.04 -17.82 0.64 0x0000FF
850.25 -1099.31 -18.29 849.89 -1099.67 -18.05 0.64 0x0000FF
850.62 -1098.94 -18.36 850.25 -1099.31 -18.29 0.64 0x0000FF
851.17 -1098.76 -18.73 850.62 -1098.94 -18.36 0.64 0x0000FF
851.53 -1098.4 -19.27 851.17 -1098.76 -18.73 0.64 0x0000FF
852.08 -1097.84 -19.27 851.53 -1098.4 -19.27 0.64 0x0000FF
852.63 -1097.11 -19.5 852.08 -1097.84 -19.27 0.64 0x0000FF
853.17 -1096.76 -19.5 852.63 -1097.11 -19.5 0.64 0x0000FF
853.72 -1096.03 -19.8 853.17 -1096.76 -19.5 0.64 0x0000FF
854.27 -1095.11 -20.1 853.72 -1096.03 -19.8 0.64 0x0000FF
854.82 -1094.57 -20.26 854.27 -1095.11 -20.1 0.64 0x0000FF
855.18 -1094.02 -20.41 854.82 -1094.57 -20.26 0.64 0x0000FF
855.36 -1093.83 -20.79 855.18 -1094.02 -20.41 0.64 0x0000FF
856.09 -1093.1 -21.24 855.36 -1093.83 -20.79 0.64 0x0000FF
856.28 -1092.57 -21.32 856.09 -1093.1 -21.24 0.64 0x0000FF
856.64 -1092.02 -21.62 856.28 -1092.57 -21.32 0.64 0x0000FF
856.82 -1091.47 -22.07 856.64 -1092.02 -21.62 0.64 0x0000FF
857.01 -1090.74 -22.6 856.82 -1091.47 -22.07 0.545 0x0000FF
857.19 -1090.38 -23.21 857.01 -1090.74 -22.6 0.545 0x0000FF
857.37 -1089.83 -23.89 857.19 -1090.38 -23.21 0.545 0x0000FF
858.47 -1089.29 -24.04 857.37 -1089.83 -23.89 0.545 0x0000FF
859.38 -1087.47 -24.57 858.47 -1089.29 -24.04 0.365 0x0000FF
861.2 -1086.55 -24.57 859.38 -1087.47 -24.57 0.365 0x0000FF
863.03 -1085.64 -24.72 861.2 -1086.55 -24.57 0.365 0x0000FF
851.53 -1106.96 -13.06 851.17 -1108.78 -16.32 0.91 0x0000FF
852.26 -1106.23 -12.91 851.53 -1106.96 -13.06 0.91 0x0000FF
853.9 -1105.32 -12.83 852.26 -1106.23 -12.91 0.82 0x0000FF
855.0 -1105.14 -12.76 853.9 -1105.32 -12.83 0.545 0x0000FF
856.28 -1104.77 -12.45 855.0 -1105.14 -12.76 0.545 0x0000FF
857.19 -1104.58 -11.92 856.28 -1104.77 -12.45 0.545 0x0000FF
857.92 -1103.85 -11.85 857.19 -1104.58 -11.92 0.545 0x0000FF
858.47 -1103.68 -11.54 857.92 -1103.85 -11.85 0.545 0x0000FF
859.56 -1103.32 -11.24 858.47 -1103.68 -11.54 0.545 0x0000FF
859.92 -1103.32 -10.71 859.56 -1103.32 -11.24 0.545 0x0000FF
860.84 -1103.13 -10.64 859.92 -1103.32 -10.71 0.545 0x0000FF
861.38 -1102.95 -10.18 860.84 -1103.13 -10.64 0.545 0x0000FF
861.93 -1102.58 -9.8 861.38 -1102.95 -10.18 0.545 0x0000FF
862.3 -1102.58 -9.73 861.93 -1102.58 -9.8 0.545 0x0000FF
862.66 -1102.41 -9.42 862.3 -1102.58 -9.73 0.545 0x0000FF
863.03 -1102.22 -9.03 862.66 -1102.41 -9.42 0.545 0x0000FF
863.39 -1102.04 -9.03 863.03 -1102.22 -9.03 0.545 0x0000FF
863.76 -1101.85 -8.28 863.39 -1102.04 -9.03 0.545 0x0000FF
863.94 -1101.68 -7.53 863.76 -1101.85 -8.28 0.545 0x0000FF
864.49 -1101.68 -6.85 863.94 -1101.68 -7.53 0.545 0x0000FF
864.49 -1101.68 -6.24 864.49 -1101.68 -6.85 0.545 0x0000FF
864.49 -1101.68 -5.56 864.49 -1101.68 -6.24 0.545 0x0000FF
865.03 -1101.68 -4.73 864.49 -1101.68 -5.56 0.545 0x0000FF
866.49 -1101.85 -3.67 865.03 -1101.68 -4.73 0.545 0x0000FF
866.86 -1101.85 -3.44 866.49 -1101.85 -3.67 0.545 0x0000FF
867.59 -1102.04 -3.21 866.86 -1101.85 -3.44 0.545 0x0000FF
868.14 -1102.41 -3.06 867.59 -1102.04 -3.21 0.545 0x0000FF
868.5 -1102.58 -2.08 868.14 -1102.41 -3.06 0.545 0x0000FF
868.86 -1102.95 -1.7 868.5 -1102.58 -2.08 0.545 0x0000FF
869.78 -1102.95 -1.17 868.86 -1102.95 -1.7 0.545 0x0000FF
870.69 -1103.13 -0.79 869.78 -1102.95 -1.17 0.545 0x0000FF
871.6 -1103.13 -0.41 870.69 -1103.13 -0.79 0.545 0x0000FF
872.33 -1103.32 0.57 871.6 -1103.13 -0.41 0.545 0x0000FF
872.7 -1103.32 1.18 872.33 -1103.32 0.57 0.545 0x0000FF
873.61 -1103.13 2.09 872.7 -1103.32 1.18 0.545 0x0000FF
873.97 -1103.13 2.77 873.61 -1103.13 2.09 0.545 0x0000FF
874.52 -1102.95 3.3 873.97 -1103.13 2.77 0.545 0x0000FF
875.07 -1102.95 3.91 874.52 -1102.95 3.3 0.545 0x0000FF
875.8 -1102.77 4.36 875.07 -1102.95 3.91 0.545 0x0000FF
875.98 -1102.58 4.97 875.8 -1102.77 4.36 0.545 0x0000FF
876.89 -1102.58 5.04 875.98 -1102.58 4.97 0.545 0x0000FF
877.26 -1102.58 5.35 876.89 -1102.58 5.04 0.545 0x0000FF
878.35 -1102.58 5.88 877.26 -1102.58 5.35 0.545 0x0000FF
879.63 -1103.32 5.88 878.35 -1102.58 5.88 0.545 0x0000FF
879.99 -1103.68 6.71 879.63 -1103.32 5.88 0.545 0x0000FF
880.36 -1103.85 6.64 879.99 -1103.68 6.71 0.545 0x0000FF
881.09 -1104.05 6.94 880.36 -1103.85 6.64 0.545 0x0000FF
881.45 -1104.23 7.24 881.09 -1104.05 6.94 0.545 0x0000FF
882.55 -1104.58 7.47 881.45 -1104.23 7.24 0.545 0x0000FF
883.46 -1104.58 7.62 882.55 -1104.58 7.47 0.545 0x0000FF
884.37 -1104.96 8.0 883.46 -1104.58 7.62 0.545 0x0000FF
885.1 -1105.32 8.07 884.37 -1104.96 8.0 0.545 0x0000FF
885.65 -1105.5 8.52 885.1 -1105.32 8.07 0.545 0x0000FF
886.02 -1105.69 8.98 885.65 -1105.5 8.52 0.545 0x0000FF
886.56 -1105.86 8.98 886.02 -1105.69 8.98 0.545 0x0000FF
886.93 -1106.05 9.44 886.56 -1105.86 8.98 0.545 0x0000FF
887.29 -1106.05 9.59 886.93 -1106.05 9.44 0.545 0x0000FF
888.2 -1106.05 10.11 887.29 -1106.05 9.59 0.545 0x0000FF
889.3 -1106.59 10.03 888.2 -1106.05 10.11 0.545 0x0000FF
890.03 -1106.96 10.42 889.3 -1106.59 10.03 0.545 0x0000FF
890.76 -1107.69 10.73 890.03 -1106.96 10.42 0.545 0x0000FF
891.12 -1108.05 11.03 890.76 -1107.69 10.73 0.545 0x0000FF
891.49 -1108.42 11.48 891.12 -1108.05 11.03 0.545 0x0000FF
891.67 -1108.96 12.39 891.49 -1108.42 11.48 0.545 0x0000FF
891.67 -1109.33 13.3 891.67 -1108.96 12.39 0.545 0x0000FF
891.85 -1110.06 14.13 891.67 -1109.33 13.3 0.545 0x0000FF
891.85 -1110.59 14.59 891.85 -1110.06 14.13 0.545 0x0000FF
891.85 -1110.97 14.59 891.85 -1110.59 14.59 0.545 0x0000FF
891.85 -1111.33 15.27 891.85 -1110.97 14.59 0.545 0x0000FF
891.67 -1112.79 15.42 891.85 -1111.33 15.27 0.365 0x0000FF
891.49 -1112.97 15.42 891.67 -1112.79 15.42 0.275 0x0000FF
