-23.65 31.63 -0.64 -28.43 39.34 4.67 1.46 0x0000FF
-23.29 31.63 -0.56 -23.65 31.63 -0.64 1.46 0x0000FF
-22.92 31.45 -0.79 -23.29 31.63 -0.56 1.46 0x0000FF
-22.38 31.27 -0.94 -22.92 31.45 -0.79 1.46 0x0000FF
-21.46 30.72 -1.09 -22.38 31.27 -0.94 1.46 0x0000FF
-20.73 30.36 -1.24 -21.46 30.72 -1.09 1.46 0x0000FF
-19.09 29.63 -1.39 -20.73 30.36 -1.24 1.46 0x0000FF
-16.36 29.08 -1.39 -19.09 29.63 -1.39 1.275 0x0000FF
-14.53 28.72 -1.62 -16.36 29.08 -1.39 1.275 0x0000FF
-13.62 28.72 -1.77 -14.53 28.72 -1.62 1.275 0x0000FF
-11.79 28.53 -1.85 -13.62 28.72 -1.77 1.275 0x0000FF
-9.24 28.9 -1.85 -11.79 28.53 -1.85 1.185 0x0000FF
-7.78 28.72 -2.0 -9.24 28.9 -1.85 1.185 0x0000FF
-7.42 28.9 -2.0 -7.78 28.72 -2.0 1.185 0x0000FF
-6.87 28.9 -2.0 -7.42 28.9 -2.0 1.185 0x0000FF
-3.95 29.63 -2.08 -6.87 28.9 -2.0 0.82 0x0000FF
-2.12 29.63 -2.08 -3.95 29.63 -2.08 0.82 0x0000FF
0.98 30.17 -2.0 -2.12 29.63 -2.08 0.82 0x0000FF
4.99 31.63 -1.62 0.98 30.17 -2.0 0.82 0x0000FF
7.18 33.64 -0.94 4.99 31.63 -1.62 0.82 0x0000FF
9.01 35.28 -0.11 7.18 33.64 -0.94 0.82 0x0000FF
12.65 37.64 0.35 9.01 35.28 -0.11 0.82 0x0000FF
16.3 39.83 1.33 12.65 37.64 0.35 0.82 0x0000FF
19.95 41.84 1.48 16.3 39.83 1.33 0.82 0x0000FF
24.7 43.84 2.77 19.95 41.84 1.48 0.82 0x0000FF
29.99 46.75 3.76 24.7 43.84 2.77 0.82 0x0000FF
35.64 50.03 4.21 29.99 46.75 3.76 0.82 0x0000FF
40.21 50.95 4.44 35.64 50.03 4.21 0.82 0x0000FF
46.23 53.86 4.59 40.21 50.95 4.44 0.64 0x0000FF
48.78 55.32 4.74 46.23 53.86 4.59 0.64 0x0000FF
51.88 56.59 4.97 48.78 55.32 4.74 0.64 0x0000FF
55.9 58.42 5.35 51.88 56.59 4.97 0.545 0x0000FF
57.54 58.96 5.5 55.9 58.42 5.35 0.545 0x0000FF
59.36 60.06 5.58 57.54 58.96 5.5 0.545 0x0000FF
61.37 61.33 5.73 59.36 60.06 5.58 0.455 0x0000FF
62.1 62.42 5.88 61.37 61.33 5.73 0.455 0x0000FF
63.38 63.88 5.88 62.1 62.42 5.88 0.365 0x0000FF
-5.04 26.53 -2.0 -6.87 28.9 -2.0 0.73 0x0000FF
-4.5 25.98 -2.0 -5.04 26.53 -2.0 0.73 0x0000FF
-3.95 25.07 -1.85 -4.5 25.98 -2.0 0.73 0x0000FF
-3.04 24.34 -1.62 -3.95 25.07 -1.85 0.73 0x0000FF
-1.76 23.98 -1.39 -3.04 24.34 -1.62 0.73 0x0000FF
-0.66 23.25 -1.02 -1.76 23.98 -1.39 0.73 0x0000FF
0.07 23.07 -0.94 -0.66 23.25 -1.02 0.73 0x0000FF
0.8 22.52 -0.64 0.07 23.07 -0.94 0.73 0x0000FF
2.06 21.61 -0.18 0.8 22.52 -0.64 0.73 0x0000FF
4.08 20.14 0.27 2.06 21.61 -0.18 0.64 0x0000FF
4.44 19.61 0.5 4.08 20.14 0.27 0.64 0x0000FF
6.45 18.88 0.65 4.44 19.61 0.5 0.64 0x0000FF
7.73 17.78 0.95 6.45 18.88 0.65 0.64 0x0000FF
9.74 16.14 1.18 7.73 17.78 0.95 0.64 0x0000FF
11.01 14.69 1.26 9.74 16.14 1.18 0.64 0x0000FF
11.74 14.14 1.26 11.01 14.69 1.26 0.64 0x0000FF
13.2 13.05 1.64 11.74 14.14 1.26 0.64 0x0000FF
14.48 12.14 2.0 13.2 13.05 1.64 0.64 0x0000FF
15.76 11.23 2.17 14.48 12.14 2.0 0.64 0x0000FF
16.3 10.86 2.31 15.76 11.23 2.17 0.64 0x0000FF
17.39 10.68 2.62 16.3 10.86 2.31 0.64 0x0000FF
18.3 10.31 3.0 17.39 10.68 2.62 0.64 0x0000FF
19.95 9.77 3.45 18.3 10.31 3.0 0.64 0x0000FF
21.59 9.4 3.53 19.95 9.77 3.45 0.64 0x0000FF
22.69 8.86 3.68 21.59 9.4 3.53 0.64 0x0000FF
24.33 8.67 4.05 22.69 8.86 3.68 0.64 0x0000FF
27.07 8.67 4.59 24.33 8.67 4.05 0.64 0x0000FF
28.53 8.67 5.04 27.07 8.67 4.59 0.64 0x0000FF
29.26 8.67 5.5 28.53 8.67 5.04 0.64 0x0000FF
29.99 8.86 5.5 29.26 8.67 5.5 0.64 0x0000FF
31.63 9.59 6.11 29.99 8.86 5.5 0.64 0x0000FF
33.27 10.13 6.79 31.63 9.59 6.11 0.64 0x0000FF
33.82 10.5 7.09 33.27 10.13 6.79 0.64 0x0000FF
34.72 10.68 7.47 33.82 10.5 7.09 0.64 0x0000FF
35.28 10.68 8.3 34.72 10.68 7.47 0.64 0x0000FF
36.19 10.68 8.52 35.28 10.68 8.3 0.64 0x0000FF
38.02 10.68 8.91 36.19 10.68 8.52 0.64 0x0000FF
38.56 10.68 9.74 38.02 10.68 8.91 0.64 0x0000FF
38.93 10.68 10.35 38.56 10.68 9.74 0.64 0x0000FF
39.65 10.68 10.35 38.93 10.68 10.35 0.64 0x0000FF
40.39 10.68 11.56 39.65 10.68 10.35 0.64 0x0000FF
40.75 10.68 12.54 40.39 10.68 11.56 0.64 0x0000FF
41.85 10.31 13.45 40.75 10.68 12.54 0.64 0x0000FF
42.21 10.31 14.06 41.85 10.31 13.45 0.64 0x0000FF
42.76 10.31 14.82 42.21 10.31 14.06 0.64 0x0000FF
43.31 10.13 15.04 42.76 10.31 14.82 0.64 0x0000FF
43.67 10.31 15.57 43.31 10.13 15.04 0.64 0x0000FF
45.68 10.31 16.63 43.67 10.31 15.57 0.64 0x0000FF
46.04 10.31 17.09 45.68 10.31 16.63 0.64 0x0000FF
47.69 10.13 17.39 46.04 10.31 17.09 0.64 0x0000FF
48.42 10.13 17.39 47.69 10.13 17.39 0.64 0x0000FF
49.15 9.94 17.47 48.42 10.13 17.39 0.64 0x0000FF
50.79 9.59 18.0 49.15 9.94 17.47 0.64 0x0000FF
51.52 9.4 18.3 50.79 9.59 18.0 0.64 0x0000FF
53.16 9.22 18.38 51.52 9.4 18.3 0.64 0x0000FF
55.53 8.67 20.19 53.16 9.22 18.38 0.64 0x0000FF
56.26 8.31 20.42 55.53 8.67 20.19 0.64 0x0000FF
59.18 7.4 20.5 56.26 8.31 20.42 0.64 0x0000FF
60.82 6.49 20.95 59.18 7.4 20.5 0.545 0x0000FF
63.19 5.94 21.48 60.82 6.49 20.95 0.545 0x0000FF
64.84 5.4 21.63 63.19 5.94 21.48 0.545 0x0000FF
65.93 4.67 21.94 64.84 5.4 21.63 0.545 0x0000FF
66.48 4.12 22.54 65.93 4.67 21.94 0.545 0x0000FF
67.03 3.39 23.07 66.48 4.12 22.54 0.545 0x0000FF
67.76 2.48 23.15 67.03 3.39 23.07 0.545 0x0000FF
67.94 1.39 23.22 67.76 2.48 23.15 0.545 0x0000FF
-21.46 41.84 -9.94 -28.43 39.34 4.67 0.73 0x0000FF
-19.46 41.84 -8.82 -21.46 41.84 -9.94 0.73 0x0000FF
-18.73 42.02 -8.82 -19.46 41.84 -8.82 0.73 0x0000FF
-18.18 42.02 -8.59 -18.73 42.02 -8.82 0.73 0x0000FF
-16.54 42.38 -8.06 -18.18 42.02 -8.59 0.73 0x0000FF
-15.63 42.56 -7.61 -16.54 42.38 -8.06 0.73 0x0000FF
-15.08 42.75 -7.15 -15.63 42.56 -7.61 0.73 0x0000FF
-14.9 42.75 -6.77 -15.08 42.75 -7.15 0.73 0x0000FF
-13.8 42.93 -5.94 -14.9 42.75 -6.77 0.73 0x0000FF
-13.8 42.93 -5.33 -13.8 42.93 -5.94 0.73 0x0000FF
-13.25 43.11 -4.65 -13.8 42.93 -5.33 0.73 0x0000FF
-12.89 43.29 -4.65 -13.25 43.11 -4.65 0.73 0x0000FF
-12.52 43.29 -5.18 -12.89 43.29 -4.65 0.73 0x0000FF
-11.98 43.47 -5.94 -12.52 43.29 -5.18 0.73 0x0000FF
-11.79 43.66 -6.7 -11.98 43.47 -5.94 0.73 0x0000FF
-11.25 43.84 -7.3 -11.79 43.66 -6.7 0.73 0x0000FF
-10.7 44.2 -8.14 -11.25 43.84 -7.3 0.73 0x0000FF
-10.33 44.57 -8.44 -10.7 44.2 -8.14 0.73 0x0000FF
-9.78 44.93 -8.67 -10.33 44.57 -8.44 0.73 0x0000FF
-9.24 45.11 -9.11 -9.78 44.93 -8.67 0.73 0x0000FF
-8.69 45.3 -9.73 -9.24 45.11 -9.11 0.73 0x0000FF
-8.14 45.66 -9.73 -8.69 45.3 -9.73 0.73 0x0000FF
-7.78 45.66 -10.26 -8.14 45.66 -9.73 0.73 0x0000FF
-7.42 45.84 -10.26 -7.78 45.66 -10.26 0.73 0x0000FF
-7.05 46.03 -10.86 -7.42 45.84 -10.26 0.73 0x0000FF
-6.14 46.39 -11.47 -7.05 46.03 -10.86 0.73 0x0000FF
-5.41 46.57 -11.54 -6.14 46.39 -11.47 0.73 0x0000FF
-4.68 46.94 -12.15 -5.41 46.57 -11.54 0.73 0x0000FF
-3.77 46.94 -12.23 -4.68 46.94 -12.15 0.73 0x0000FF
-2.67 47.3 -13.06 -3.77 46.94 -12.23 0.73 0x0000FF
-2.31 47.48 -13.06 -2.67 47.3 -13.06 0.73 0x0000FF
-1.76 47.85 -13.82 -2.31 47.48 -13.06 0.73 0x0000FF
-0.85 48.21 -14.5 -1.76 47.85 -13.82 0.73 0x0000FF
-0.48 48.39 -14.57 -0.85 48.21 -14.5 0.73 0x0000FF
-0.12 48.58 -15.26 -0.48 48.39 -14.57 0.73 0x0000FF
0.8 48.94 -16.01 -0.12 48.58 -15.26 0.73 0x0000FF
1.34 49.12 -15.94 0.8 48.94 -16.01 0.73 0x0000FF
1.71 49.31 -16.54 1.34 49.12 -15.94 0.73 0x0000FF
2.06 49.31 -16.7 1.71 49.31 -16.54 0.73 0x0000FF
2.8 49.31 -17.23 2.06 49.31 -16.7 0.73 0x0000FF
4.63 49.49 -17.6 2.8 49.31 -17.23 0.73 0x0000FF
5.36 49.85 -17.6 4.63 49.49 -17.6 0.73 0x0000FF
6.27 50.03 -17.91 5.36 49.85 -17.6 0.73 0x0000FF
6.82 50.4 -18.13 6.27 50.03 -17.91 0.73 0x0000FF
7.91 51.13 -18.36 6.82 50.4 -18.13 0.73 0x0000FF
9.01 51.67 -18.36 7.91 51.13 -18.36 0.73 0x0000FF
9.74 51.86 -18.66 9.01 51.67 -18.36 0.73 0x0000FF
11.01 51.86 -18.89 9.74 51.86 -18.66 0.73 0x0000FF
11.92 51.67 -18.89 11.01 51.86 -18.89 0.73 0x0000FF
13.2 50.95 -19.2 11.92 51.67 -18.89 0.73 0x0000FF
13.75 50.58 -19.35 13.2 50.95 -19.2 0.73 0x0000FF
14.84 49.67 -19.35 13.75 50.58 -19.35 0.73 0x0000FF
15.03 49.31 -19.57 14.84 49.67 -19.35 0.73 0x0000FF
15.76 48.21 -19.57 15.03 49.31 -19.57 0.73 0x0000FF
16.3 47.67 -19.95 15.76 48.21 -19.57 0.73 0x0000FF
16.67 46.94 -19.95 16.3 47.67 -19.95 0.73 0x0000FF
17.22 46.21 -19.8 16.67 46.94 -19.95 0.73 0x0000FF
17.76 45.48 -19.27 17.22 46.21 -19.8 0.73 0x0000FF
17.95 45.11 -18.36 17.76 45.48 -19.27 0.73 0x0000FF
18.68 44.57 -18.44 17.95 45.11 -18.36 0.73 0x0000FF
18.86 43.84 -17.91 18.68 44.57 -18.44 0.73 0x0000FF
19.59 43.47 -17.53 18.86 43.84 -17.91 0.73 0x0000FF
20.14 42.93 -17.14 19.59 43.47 -17.53 0.545 0x0000FF
20.68 42.93 -16.7 20.14 42.93 -17.14 0.545 0x0000FF
24.88 41.11 -16.54 20.68 42.93 -16.7 0.545 0x0000FF
25.43 41.11 -16.32 24.88 41.11 -16.54 0.545 0x0000FF
26.89 41.11 -16.23 25.43 41.11 -16.32 0.545 0x0000FF
28.53 41.47 -15.79 26.89 41.11 -16.23 0.545 0x0000FF
29.44 42.02 -15.63 28.53 41.47 -15.79 0.545 0x0000FF
30.35 42.2 -15.33 29.44 42.02 -15.63 0.545 0x0000FF
31.99 43.29 -14.95 30.35 42.2 -15.33 0.455 0x0000FF
32.72 43.66 -14.65 31.99 43.29 -14.95 0.455 0x0000FF
33.27 44.02 -14.35 32.72 43.66 -14.65 0.455 0x0000FF
33.82 44.39 -14.2 33.27 44.02 -14.35 0.455 0x0000FF
34.72 44.75 -13.89 33.82 44.39 -14.2 0.455 0x0000FF
35.1 45.66 -13.51 34.72 44.75 -13.89 0.365 0x0000FF
-22.38 45.48 1.94 -28.43 39.34 4.67 2.83 0x0000FF
-21.83 45.84 2.17 -22.38 45.48 1.94 2.83 0x0000FF
-21.65 46.39 2.31 -21.83 45.84 2.17 2.83 0x0000FF
-20.55 47.67 2.77 -21.65 46.39 2.31 2.37 0x0000FF
-20.0 47.85 3.15 -20.55 47.67 2.77 2.19 0x0000FF
-20.0 48.21 3.76 -20.0 47.85 3.15 2.19 0x0000FF
-19.46 48.76 4.59 -20.0 48.21 3.76 2.005 0x0000FF
-18.73 49.12 5.04 -19.46 48.76 4.59 2.005 0x0000FF
-18.0 49.67 5.12 -18.73 49.12 5.04 2.005 0x0000FF
-17.63 50.58 6.03 -18.0 49.67 5.12 2.005 0x0000FF
-17.63 50.58 7.24 -17.63 50.58 6.03 2.005 0x0000FF
-17.63 50.58 7.92 -17.63 50.58 7.24 2.005 0x0000FF
-17.27 50.76 8.44 -17.63 50.58 7.92 2.005 0x0000FF
-16.89 51.31 8.68 -17.27 50.76 8.44 1.64 0x0000FF
-16.89 51.86 9.14 -16.89 51.31 8.68 1.64 0x0000FF
-16.72 52.04 9.28 -16.89 51.86 9.14 1.64 0x0000FF
-15.99 53.31 9.44 -16.72 52.04 9.28 1.275 0x0000FF
-15.44 55.86 9.44 -15.99 53.31 9.44 1.275 0x0000FF
-14.53 58.05 9.89 -15.44 55.86 9.44 1.275 0x0000FF
-13.44 59.33 10.35 -14.53 58.05 9.89 1.275 0x0000FF
-12.89 59.87 10.65 -13.44 59.33 10.35 1.275 0x0000FF
-11.61 61.15 11.18 -12.89 59.87 10.65 1.275 0x0000FF
-10.7 61.88 11.41 -11.61 61.15 11.18 1.275 0x0000FF
-9.78 62.79 11.64 -10.7 61.88 11.41 1.275 0x0000FF
-9.78 62.97 9.89 -9.78 62.79 11.64 0.73 0x0000FF
-9.78 63.33 9.36 -9.78 62.97 9.89 0.73 0x0000FF
-9.97 63.88 8.44 -9.78 63.33 9.36 0.73 0x0000FF
-9.78 64.61 8.38 -9.97 63.88 8.44 0.73 0x0000FF
-9.78 65.16 8.07 -9.78 64.61 8.38 0.73 0x0000FF
-9.78 65.89 7.77 -9.78 65.16 8.07 0.73 0x0000FF
-9.78 66.06 7.09 -9.78 65.89 7.77 0.73 0x0000FF
-9.6 66.25 6.56 -9.78 66.06 7.09 0.73 0x0000FF
-9.24 66.8 5.8 -9.6 66.25 6.56 0.73 0x0000FF
-9.06 66.98 5.27 -9.24 66.8 5.8 0.73 0x0000FF
-8.86 67.89 5.27 -9.06 66.98 5.27 0.73 0x0000FF
-8.69 68.06 4.74 -8.86 67.89 5.27 0.73 0x0000FF
-8.69 68.25 3.83 -8.69 68.06 4.74 0.73 0x0000FF
-8.33 68.62 3.53 -8.69 68.25 3.83 0.73 0x0000FF
-8.14 68.98 3.38 -8.33 68.62 3.53 0.73 0x0000FF
-8.33 69.89 3.0 -8.14 68.98 3.38 0.73 0x0000FF
-8.51 71.34 3.3 -8.33 69.89 3.0 0.73 0x0000FF
-9.06 72.44 3.68 -8.51 71.34 3.3 0.73 0x0000FF
-9.6 73.17 4.29 -9.06 72.44 3.68 0.73 0x0000FF
-9.78 73.54 4.59 -9.6 73.17 4.29 0.73 0x0000FF
-10.52 74.45 4.74 -9.78 73.54 4.59 0.73 0x0000FF
-12.52 76.64 4.97 -10.52 74.45 4.74 0.73 0x0000FF
-13.07 77.36 5.04 -12.52 76.64 4.97 0.73 0x0000FF
-13.62 79.0 5.12 -13.07 77.36 5.04 0.64 0x0000FF
-14.53 81.19 5.27 -13.62 79.0 5.12 0.64 0x0000FF
-15.08 84.47 5.73 -14.53 81.19 5.27 0.64 0x0000FF
-15.26 85.56 6.18 -15.08 84.47 5.73 0.64 0x0000FF
-15.63 86.84 5.35 -15.26 85.56 6.18 0.64 0x0000FF
-15.63 87.93 4.88 -15.63 86.84 5.35 0.64 0x0000FF
-15.63 88.84 4.13 -15.63 87.93 4.88 0.64 0x0000FF
-15.81 89.94 3.76 -15.63 88.84 4.13 0.64 0x0000FF
-16.54 91.58 2.85 -15.81 89.94 3.76 0.64 0x0000FF
-18.0 93.22 2.17 -16.54 91.58 2.85 0.64 0x0000FF
-20.19 94.86 1.41 -18.0 93.22 2.17 0.64 0x0000FF
-22.38 95.95 0.95 -20.19 94.86 1.41 0.64 0x0000FF
-24.38 97.04 0.27 -22.38 95.95 0.95 0.64 0x0000FF
-25.84 97.77 -0.48 -24.38 97.04 0.27 0.64 0x0000FF
-27.12 98.68 -1.09 -25.84 97.77 -0.48 0.64 0x0000FF
-27.85 100.69 -1.85 -27.12 98.68 -1.09 0.64 0x0000FF
-28.58 103.42 -2.08 -27.85 100.69 -1.85 0.64 0x0000FF
-28.76 104.88 -2.38 -28.58 103.42 -2.08 0.64 0x0000FF
-29.86 108.16 -2.68 -28.76 104.88 -2.38 0.64 0x0000FF
-30.22 109.61 -3.21 -29.86 108.16 -2.68 0.64 0x0000FF
-30.77 111.25 -3.44 -30.22 109.61 -3.21 0.64 0x0000FF
-32.04 113.26 -3.89 -30.77 111.25 -3.44 0.64 0x0000FF
-34.04 115.08 -4.12 -32.04 113.26 -3.89 0.545 0x0000FF
-34.78 118.91 -4.34 -34.04 115.08 -4.12 0.545 0x0000FF
-37.52 122.91 -4.5 -34.78 118.91 -4.34 0.545 0x0000FF
-38.07 124.37 -4.73 -37.52 122.91 -4.5 0.545 0x0000FF
-38.61 124.92 -4.95 -38.07 124.37 -4.73 0.545 0x0000FF
-39.34 125.46 -5.11 -38.61 124.92 -4.95 0.545 0x0000FF
-40.79 126.56 -5.41 -39.34 125.46 -5.11 0.545 0x0000FF
-42.08 127.83 -5.79 -40.79 126.56 -5.41 0.545 0x0000FF
-42.26 128.93 -6.17 -42.08 127.83 -5.79 0.545 0x0000FF
-42.26 129.84 -6.17 -42.26 128.93 -6.17 0.545 0x0000FF
-44.39 133.81 -6.47 -42.26 129.84 -6.17 0.545 0x0000FF
-45.48 136.91 -6.47 -44.39 133.81 -6.47 0.455 0x0000FF
-46.76 138.91 -6.62 -45.48 136.91 -6.47 0.455 0x0000FF
-48.04 140.55 -6.62 -46.76 138.91 -6.62 0.365 0x0000FF
-49.13 142.01 -6.7 -48.04 140.55 -6.62 0.365 0x0000FF
-50.59 143.28 -6.92 -49.13 142.01 -6.7 0.365 0x0000FF
-50.77 143.83 -7.23 -50.59 143.28 -6.92 0.365 0x0000FF
-51.5 144.56 -7.68 -50.77 143.83 -7.23 0.365 0x0000FF
-52.42 145.29 -8.14 -51.5 144.56 -7.68 0.365 0x0000FF
-52.78 146.38 -8.28 -52.42 145.29 -8.14 0.365 0x0000FF
-52.96 147.66 -8.36 -52.78 146.38 -8.28 0.365 0x0000FF
-5.77 69.53 3.3 -8.14 68.98 3.38 0.64 0x0000FF
-4.3 70.08 3.68 -5.77 69.53 3.3 0.64 0x0000FF
-3.04 70.44 3.83 -4.3 70.08 3.68 0.64 0x0000FF
-0.66 71.17 4.05 -3.04 70.44 3.83 0.545 0x0000FF
0.98 71.34 4.51 -0.66 71.17 4.05 0.545 0x0000FF
3.53 72.08 4.82 0.98 71.34 4.51 0.545 0x0000FF
6.27 72.81 5.27 3.53 72.08 4.82 0.545 0x0000FF
7.73 73.17 5.88 6.27 72.81 5.27 0.545 0x0000FF
8.64 73.36 6.64 7.73 73.17 5.88 0.545 0x0000FF
9.36 73.36 5.58 8.64 73.36 6.64 0.545 0x0000FF
10.47 73.36 4.51 9.36 73.36 5.58 0.545 0x0000FF
11.38 73.72 3.91 10.47 73.36 4.51 0.545 0x0000FF
12.84 73.72 3.38 11.38 73.72 3.91 0.545 0x0000FF
13.93 73.54 2.7 12.84 73.72 3.38 0.545 0x0000FF
14.66 73.54 2.17 13.93 73.54 2.7 0.545 0x0000FF
15.21 73.72 1.56 14.66 73.54 2.17 0.545 0x0000FF
16.48 73.9 1.26 15.21 73.72 1.56 0.545 0x0000FF
20.32 75.91 1.18 16.48 73.9 1.26 0.545 0x0000FF
20.68 76.09 1.71 20.32 75.91 1.18 0.545 0x0000FF
21.23 76.45 2.54 20.68 76.09 1.71 0.545 0x0000FF
21.41 76.64 2.39 21.23 76.45 2.54 0.545 0x0000FF
22.14 77.0 1.86 21.41 76.64 2.39 0.545 0x0000FF
22.51 77.18 1.33 22.14 77.0 1.86 0.545 0x0000FF
23.24 77.73 0.95 22.51 77.18 1.33 0.545 0x0000FF
23.6 77.91 0.57 23.24 77.73 0.95 0.545 0x0000FF
23.6 77.91 -0.03 23.6 77.91 0.57 0.545 0x0000FF
24.15 78.28 -1.09 23.6 77.91 -0.03 0.545 0x0000FF
24.51 78.45 -1.85 24.15 78.28 -1.09 0.545 0x0000FF
25.24 79.0 -2.76 24.51 78.45 -1.85 0.545 0x0000FF
26.89 79.73 -3.67 25.24 79.0 -2.76 0.545 0x0000FF
27.8 80.83 -4.2 26.89 79.73 -3.67 0.545 0x0000FF
28.53 81.01 -5.03 27.8 80.83 -4.2 0.545 0x0000FF
29.44 81.37 -5.64 28.53 81.01 -5.03 0.545 0x0000FF
30.9 81.73 -6.62 29.44 81.37 -5.64 0.545 0x0000FF
32.18 82.65 -7.08 30.9 81.73 -6.62 0.545 0x0000FF
34.36 83.19 -7.61 32.18 82.65 -7.08 0.545 0x0000FF
34.9 83.92 -7.98 34.36 83.19 -7.61 0.545 0x0000FF
35.28 84.47 -8.59 34.9 83.92 -7.98 0.545 0x0000FF
35.83 85.02 -9.03 35.28 84.47 -8.59 0.545 0x0000FF
36.36 85.38 -9.5 35.83 85.02 -9.03 0.545 0x0000FF
37.1 85.75 -9.73 36.36 85.38 -9.5 0.545 0x0000FF
38.02 86.29 -10.11 37.1 85.75 -9.73 0.545 0x0000FF
40.39 86.29 -10.64 38.02 86.29 -10.11 0.455 0x0000FF
41.12 86.66 -11.09 40.39 86.29 -10.64 0.455 0x0000FF
42.21 87.02 -11.85 41.12 86.66 -11.09 0.455 0x0000FF
43.31 86.66 -12.07 42.21 87.02 -11.85 0.455 0x0000FF
-7.42 64.06 11.71 -9.78 62.79 11.64 0.73 0x0000FF
-4.13 64.06 11.79 -7.42 64.06 11.71 0.73 0x0000FF
-1.39 65.52 12.01 -4.13 64.06 11.79 0.73 0x0000FF
-1.03 65.52 12.54 -1.39 65.52 12.01 0.73 0x0000FF
0.25 66.06 13.38 -1.03 65.52 12.54 0.64 0x0000FF
1.89 66.98 13.76 0.25 66.06 13.38 0.64 0x0000FF
2.8 67.7 14.06 1.89 66.98 13.76 0.64 0x0000FF
3.17 68.25 14.29 2.8 67.7 14.06 0.64 0x0000FF
5.72 68.8 13.76 3.17 68.25 14.29 0.455 0x0000FF
8.27 69.17 14.13 5.72 68.8 13.76 0.455 0x0000FF
8.46 69.17 15.27 8.27 69.17 14.13 0.455 0x0000FF
9.55 69.17 15.8 8.46 69.17 15.27 0.455 0x0000FF
11.56 69.34 16.55 9.55 69.17 15.8 0.455 0x0000FF
13.57 70.08 17.09 11.56 69.34 16.55 0.455 0x0000FF
16.12 71.34 17.62 13.57 70.08 17.09 0.455 0x0000FF
16.85 71.9 19.36 16.12 71.34 17.62 0.365 0x0000FF
17.76 72.26 19.59 16.85 71.9 19.36 0.365 0x0000FF
17.95 72.63 19.97 17.76 72.26 19.59 0.365 0x0000FF
18.48 72.98 20.04 17.95 72.63 19.97 0.365 0x0000FF
19.04 73.36 20.5 18.48 72.98 20.04 0.365 0x0000FF
19.59 73.72 20.73 19.04 73.36 20.5 0.365 0x0000FF
20.14 74.08 20.88 19.59 73.72 20.73 0.365 0x0000FF
20.14 74.08 22.16 20.14 74.08 20.88 0.365 0x0000FF
20.5 74.45 22.69 20.14 74.08 22.16 0.365 0x0000FF
20.87 74.45 23.0 20.5 74.45 22.69 0.365 0x0000FF
20.87 74.63 24.66 20.87 74.45 23.0 0.365 0x0000FF
20.87 74.08 28.38 20.87 74.63 24.66 0.365 0x0000FF
21.41 74.81 28.68 20.87 74.08 28.38 0.365 0x0000FF
22.32 75.0 29.36 21.41 74.81 28.68 0.365 0x0000FF
22.69 75.18 29.89 22.32 75.0 29.36 0.365 0x0000FF
23.05 76.64 33.22 22.69 75.18 29.89 0.455 0x0000FF
23.42 77.55 33.29 23.05 76.64 33.22 0.455 0x0000FF
23.78 78.81 33.53 23.42 77.55 33.29 0.455 0x0000FF
25.06 80.28 33.68 23.78 78.81 33.53 0.455 0x0000FF
26.89 82.28 33.97 25.06 80.28 33.68 0.455 0x0000FF
27.62 83.19 35.42 26.89 82.28 33.97 0.455 0x0000FF
28.16 83.56 36.03 27.62 83.19 35.42 0.455 0x0000FF
28.71 84.29 37.09 28.16 83.56 36.03 0.365 0x0000FF
29.62 85.75 37.61 28.71 84.29 37.09 0.365 0x0000FF
31.08 87.2 37.84 29.62 85.75 37.61 0.365 0x0000FF
34.72 89.94 38.9 31.08 87.2 37.84 0.365 0x0000FF
35.64 90.85 39.21 34.72 89.94 38.9 0.365 0x0000FF
37.65 92.85 39.44 35.64 90.85 39.21 0.365 0x0000FF
39.84 94.67 40.5 37.65 92.85 39.44 0.365 0x0000FF
41.12 95.58 40.79 39.84 94.67 40.5 0.365 0x0000FF
42.39 96.31 42.16 41.12 95.58 40.79 0.365 0x0000FF
42.76 96.68 42.16 42.39 96.31 42.16 0.365 0x0000FF
43.49 97.59 44.06 42.76 96.68 42.16 0.365 0x0000FF
43.85 97.95 44.13 43.49 97.59 44.06 0.365 0x0000FF
44.58 98.5 45.27 43.85 97.95 44.13 0.365 0x0000FF
44.95 98.68 45.57 44.58 98.5 45.27 0.365 0x0000FF
46.04 99.96 47.01 44.95 98.68 45.57 0.365 0x0000FF
46.23 100.87 47.09 46.04 99.96 47.01 0.365 0x0000FF
46.77 101.6 47.31 46.23 100.87 47.09 0.365 0x0000FF
3.9 70.26 15.12 3.17 68.25 14.29 0.64 0x0000FF
4.44 71.34 15.27 3.9 70.26 15.12 0.64 0x0000FF
4.63 72.44 15.57 4.44 71.34 15.27 0.64 0x0000FF
4.99 73.36 15.95 4.63 72.44 15.57 0.64 0x0000FF
5.72 74.81 16.18 4.99 73.36 15.95 0.64 0x0000FF
5.9 75.18 16.79 5.72 74.81 16.18 0.64 0x0000FF
6.09 75.72 17.54 5.9 75.18 16.79 0.64 0x0000FF
6.09 76.09 18.38 6.09 75.72 17.54 0.64 0x0000FF
6.45 76.27 18.91 6.09 76.09 18.38 0.64 0x0000FF
6.63 77.18 19.44 6.45 76.27 18.91 0.64 0x0000FF
7.0 77.73 20.42 6.63 77.18 19.44 0.64 0x0000FF
7.18 78.45 21.63 7.0 77.73 20.42 0.64 0x0000FF
7.18 78.64 22.62 7.18 78.45 21.63 0.64 0x0000FF
7.18 78.81 23.0 7.18 78.64 22.62 0.64 0x0000FF
7.36 79.37 23.38 7.18 78.81 23.0 0.64 0x0000FF
8.27 80.28 23.0 7.36 79.37 23.38 0.365 0x0000FF
8.27 80.83 23.38 8.27 80.28 23.0 0.365 0x0000FF
8.46 81.37 23.53 8.27 80.83 23.38 0.365 0x0000FF
8.82 83.01 24.44 8.46 81.37 23.53 0.365 0x0000FF
8.82 84.47 24.66 8.82 83.01 24.44 0.365 0x0000FF
8.46 86.11 24.89 8.82 84.47 24.66 0.365 0x0000FF
8.64 87.2 25.19 8.46 86.11 24.89 0.365 0x0000FF
8.82 88.84 26.48 8.64 87.2 25.19 0.365 0x0000FF
9.01 89.39 26.63 8.82 88.84 26.48 0.365 0x0000FF
9.36 90.3 26.94 9.01 89.39 26.63 0.365 0x0000FF
9.36 90.66 27.77 9.36 90.3 26.94 0.365 0x0000FF
9.74 91.58 28.45 9.36 90.66 27.77 0.365 0x0000FF
9.74 92.3 29.21 9.74 91.58 28.45 0.365 0x0000FF
9.92 93.22 30.19 9.74 92.3 29.21 0.365 0x0000FF
9.92 93.76 30.5 9.92 93.22 30.19 0.365 0x0000FF
9.92 94.31 30.42 9.92 93.76 30.5 0.365 0x0000FF
10.1 95.04 31.18 9.92 94.31 30.42 0.365 0x0000FF
10.1 95.58 31.48 10.1 95.04 31.18 0.365 0x0000FF
10.1 96.31 31.78 10.1 95.58 31.48 0.365 0x0000FF
9.74 96.86 31.94 10.1 96.31 31.78 0.365 0x0000FF
9.74 97.77 32.09 9.74 96.86 31.94 0.365 0x0000FF
9.55 98.68 32.47 9.74 97.77 32.09 0.365 0x0000FF
9.36 99.96 32.69 9.55 98.68 32.47 0.365 0x0000FF
9.36 101.05 32.92 9.36 99.96 32.69 0.365 0x0000FF
9.74 101.78 33.29 9.36 101.05 32.92 0.365 0x0000FF
9.92 102.33 33.38 9.74 101.78 33.29 0.365 0x0000FF
11.92 106.15 34.28 9.92 102.33 33.38 0.365 0x0000FF
12.84 107.97 34.44 11.92 106.15 34.28 0.365 0x0000FF
13.93 108.88 34.89 12.84 107.97 34.44 0.365 0x0000FF
15.21 109.61 36.4 13.93 108.88 34.89 0.365 0x0000FF
16.48 110.34 36.78 15.21 109.61 36.4 0.365 0x0000FF
18.13 111.98 38.36 16.48 110.34 36.78 0.365 0x0000FF
18.68 112.89 38.68 18.13 111.98 38.36 0.365 0x0000FF
19.22 113.8 39.89 18.68 112.89 38.68 0.365 0x0000FF
19.95 115.08 40.5 19.22 113.8 39.89 0.365 0x0000FF
20.5 115.99 41.71 19.95 115.08 40.5 0.365 0x0000FF
21.59 118.91 44.06 20.5 115.99 41.71 0.365 0x0000FF
21.96 120.73 44.28 21.59 118.91 44.06 0.365 0x0000FF
23.05 124.19 45.04 21.96 120.73 44.28 0.365 0x0000FF
23.24 125.28 45.19 23.05 124.19 45.04 0.275 0x0000FF
6.27 79.19 23.53 7.36 79.37 23.38 0.455 0x0000FF
5.9 78.81 23.83 6.27 79.19 23.53 0.455 0x0000FF
5.36 78.64 24.51 5.9 78.81 23.83 0.455 0x0000FF
4.99 78.45 24.89 5.36 78.64 24.51 0.455 0x0000FF
4.63 78.45 25.72 4.99 78.45 24.89 0.455 0x0000FF
4.08 78.64 26.18 4.63 78.45 25.72 0.455 0x0000FF
3.71 78.81 26.56 4.08 78.64 26.18 0.455 0x0000FF
3.17 79.37 27.54 3.71 78.81 26.56 0.365 0x0000FF
2.25 79.73 27.77 3.17 79.37 27.54 0.365 0x0000FF
1.53 80.28 28.22 2.25 79.73 27.77 0.365 0x0000FF
1.15 80.28 28.91 1.53 80.28 28.22 0.275 0x0000FF
-14.71 52.22 9.36 -16.72 52.04 9.28 0.82 0x0000FF
-12.89 52.04 9.59 -14.71 52.22 9.36 0.82 0x0000FF
-7.42 52.04 9.97 -12.89 52.04 9.59 0.64 0x0000FF
-0.48 52.04 10.11 -7.42 52.04 9.97 0.64 0x0000FF
4.26 53.13 10.42 -0.48 52.04 10.11 0.64 0x0000FF
17.76 55.68 11.03 4.26 53.13 10.42 0.64 0x0000FF
21.41 56.78 11.18 17.76 55.68 11.03 0.64 0x0000FF
26.16 56.59 11.33 21.41 56.78 11.18 0.64 0x0000FF
30.54 56.96 11.48 26.16 56.59 11.33 0.64 0x0000FF
36.74 56.78 12.17 30.54 56.96 11.48 0.64 0x0000FF
42.03 56.41 12.47 36.74 56.78 12.17 0.64 0x0000FF
45.13 56.05 13.91 42.03 56.41 12.47 0.64 0x0000FF
46.41 56.96 14.67 45.13 56.05 13.91 0.455 0x0000FF
49.15 57.87 14.89 46.41 56.96 14.67 0.455 0x0000FF
52.25 58.6 15.12 49.15 57.87 14.89 0.455 0x0000FF
-33.44 43.99 -0.94 -28.43 39.34 4.67 1.55 0x0000FF
-33.99 44.17 -0.94 -33.44 43.99 -0.94 1.55 0x0000FF
-34.35 44.35 -0.94 -33.99 44.17 -0.94 1.915 0x0000FF
-34.72 44.9 -0.94 -34.35 44.35 -0.94 1.915 0x0000FF
-35.45 45.44 -1.55 -34.72 44.9 -0.94 1.915 0x0000FF
-35.63 45.44 -2.15 -35.45 45.44 -1.55 1.735 0x0000FF
-36.36 45.63 -2.45 -35.63 45.44 -2.15 1.735 0x0000FF
-36.72 45.99 -3.06 -36.36 45.63 -2.45 1.735 0x0000FF
-37.09 46.35 -3.29 -36.72 45.99 -3.06 1.64 0x0000FF
-37.45 46.72 -3.59 -37.09 46.35 -3.29 1.64 0x0000FF
-37.82 47.08 -3.97 -37.45 46.72 -3.59 1.64 0x0000FF
-38.36 47.81 -4.42 -37.82 47.08 -3.97 1.64 0x0000FF
-38.36 47.81 -4.88 -38.36 47.81 -4.42 1.64 0x0000FF
-39.1 48.18 -5.18 -38.36 47.81 -4.88 1.64 0x0000FF
-39.1 48.54 -5.48 -39.1 48.18 -5.18 1.64 0x0000FF
-39.46 48.72 -5.79 -39.1 48.54 -5.48 1.64 0x0000FF
-40.07 49.75 -5.18 -39.46 48.72 -5.79 1.185 0x0000FF
-40.07 50.85 -4.95 -40.07 49.75 -5.18 1.185 0x0000FF
-40.43 51.76 -4.8 -40.07 50.85 -4.95 1.185 0x0000FF
-41.16 53.03 -4.73 -40.43 51.76 -4.8 1.185 0x0000FF
-41.34 53.58 1.79 -41.16 53.03 -4.73 1.005 0x0000FF
-41.53 55.4 1.86 -41.34 53.58 1.79 1.005 0x0000FF
-41.89 56.13 5.95 -41.53 55.4 1.86 0.64 0x0000FF
-42.26 56.86 5.95 -41.89 56.13 5.95 0.64 0x0000FF
-42.26 57.04 6.03 -42.26 56.86 5.95 0.64 0x0000FF
-42.44 57.59 6.41 -42.26 57.04 6.03 0.64 0x0000FF
-42.62 58.14 6.79 -42.44 57.59 6.41 0.64 0x0000FF
-42.62 58.68 7.17 -42.62 58.14 6.79 0.64 0x0000FF
-42.62 59.41 7.62 -42.62 58.68 7.17 0.64 0x0000FF
-43.17 60.14 8.15 -42.62 59.41 7.62 0.64 0x0000FF
-43.35 61.05 8.52 -43.17 60.14 8.15 0.64 0x0000FF
-43.72 61.96 8.76 -43.35 61.05 8.52 0.64 0x0000FF
-44.08 63.24 9.06 -43.72 61.96 8.76 0.64 0x0000FF
-44.08 64.33 9.21 -44.08 63.24 9.06 0.64 0x0000FF
-44.08 65.06 9.28 -44.08 64.33 9.21 0.64 0x0000FF
-44.63 66.33 9.89 -44.08 65.06 9.28 0.64 0x0000FF
-44.99 67.25 10.27 -44.63 66.33 9.89 0.64 0x0000FF
-45.18 67.79 10.73 -44.99 67.25 10.27 0.64 0x0000FF
-45.72 68.7 10.8 -45.18 67.79 10.73 0.64 0x0000FF
-45.91 69.25 11.18 -45.72 68.7 10.8 0.64 0x0000FF
-46.09 69.8 11.71 -45.91 69.25 11.18 0.64 0x0000FF
-46.27 70.34 11.71 -46.09 69.8 11.71 0.64 0x0000FF
-46.45 71.06 11.86 -46.27 70.34 11.71 0.64 0x0000FF
-46.82 72.17 12.01 -46.45 71.06 11.86 0.64 0x0000FF
-47.18 72.89 12.24 -46.82 72.17 12.01 0.64 0x0000FF
-47.55 73.62 12.47 -47.18 72.89 12.24 0.64 0x0000FF
-47.91 74.53 12.92 -47.55 73.62 12.47 0.64 0x0000FF
-48.28 75.26 12.92 -47.91 74.53 12.92 0.64 0x0000FF
-48.46 76.17 13.38 -48.28 75.26 12.92 0.64 0x0000FF
-48.82 77.27 13.68 -48.46 76.17 13.38 0.64 0x0000FF
-49.01 77.81 13.98 -48.82 77.27 13.68 0.64 0x0000FF
-49.19 78.91 14.36 -49.01 77.81 13.98 0.64 0x0000FF
-49.37 79.64 14.59 -49.19 78.91 14.36 0.64 0x0000FF
-49.55 80.55 14.82 -49.37 79.64 14.59 0.64 0x0000FF
-49.74 81.28 15.04 -49.55 80.55 14.82 0.64 0x0000FF
-49.74 81.81 15.27 -49.74 81.28 15.04 0.64 0x0000FF
-49.92 82.73 15.65 -49.74 81.81 15.27 0.64 0x0000FF
-50.1 83.28 15.95 -49.92 82.73 15.65 0.64 0x0000FF
-50.65 84.37 15.95 -50.1 83.28 15.95 0.64 0x0000FF
-51.01 85.28 16.32 -50.65 84.37 15.95 0.64 0x0000FF
-52.29 87.65 17.39 -51.01 85.28 16.32 0.64 0x0000FF
-53.2 88.75 17.47 -52.29 87.65 17.39 0.64 0x0000FF
-53.75 89.29 17.77 -53.2 88.75 17.47 0.64 0x0000FF
-54.48 90.02 17.77 -53.75 89.29 17.77 0.64 0x0000FF
-55.76 91.11 19.13 -54.48 90.02 17.77 0.455 0x0000FF
-56.49 91.66 19.36 -55.76 91.11 19.13 0.455 0x0000FF
-57.03 92.39 19.51 -56.49 91.66 19.36 0.455 0x0000FF
-56.85 93.85 20.95 -57.03 92.39 19.51 0.455 0x0000FF
-57.22 94.58 21.18 -56.85 93.85 20.95 0.455 0x0000FF
-57.4 95.3 21.33 -57.22 94.58 21.18 0.455 0x0000FF
-57.4 96.4 21.71 -57.4 95.3 21.33 0.455 0x0000FF
-57.4 96.58 21.94 -57.4 96.4 21.71 0.455 0x0000FF
-57.4 97.13 23.0 -57.4 96.58 21.94 0.455 0x0000FF
-57.95 98.58 23.53 -57.4 97.13 23.0 0.455 0x0000FF
-58.31 99.13 23.68 -57.95 98.58 23.53 0.455 0x0000FF
-58.68 99.68 23.83 -58.31 99.13 23.68 0.455 0x0000FF
-59.41 100.22 23.76 -58.68 99.68 23.83 0.455 0x0000FF
-59.95 100.77 23.91 -59.41 100.22 23.76 0.455 0x0000FF
-61.05 101.68 24.13 -59.95 100.77 23.91 0.455 0x0000FF
-61.6 102.77 24.44 -61.05 101.68 24.13 0.455 0x0000FF
-62.33 103.69 24.89 -61.6 102.77 24.44 0.455 0x0000FF
-63.24 104.96 25.19 -62.33 103.69 24.89 0.455 0x0000FF
-63.6 105.87 25.35 -63.24 104.96 25.19 0.455 0x0000FF
-63.97 107.15 25.42 -63.6 105.87 25.35 0.455 0x0000FF
-64.52 108.6 25.57 -63.97 107.15 25.42 0.455 0x0000FF
-64.7 110.06 25.8 -64.52 108.6 25.57 0.455 0x0000FF
-64.88 111.34 26.03 -64.7 110.06 25.8 0.455 0x0000FF
-64.88 112.61 26.63 -64.88 111.34 26.03 0.455 0x0000FF
-64.88 113.34 26.86 -64.88 112.61 26.63 0.455 0x0000FF
-64.88 114.25 27.09 -64.88 113.34 26.86 0.455 0x0000FF
-64.88 115.53 27.16 -64.88 114.25 27.09 0.455 0x0000FF
-65.43 116.99 27.09 -64.88 115.53 27.16 0.455 0x0000FF
-65.98 119.17 27.09 -65.43 116.99 27.09 0.455 0x0000FF
-66.7 120.99 27.39 -65.98 119.17 27.09 0.455 0x0000FF
-67.8 123.55 27.77 -66.7 120.99 27.39 0.455 0x0000FF
-68.34 125.91 27.85 -67.8 123.55 27.77 0.455 0x0000FF
-67.98 129.19 28.07 -68.34 125.91 27.85 0.455 0x0000FF
-67.98 131.02 28.15 -67.98 129.19 28.07 0.455 0x0000FF
-67.25 133.75 28.22 -67.98 131.02 28.15 0.455 0x0000FF
-65.69 137.16 29.74 -67.25 133.75 28.22 0.455 0x0000FF
-64.23 139.72 30.72 -65.69 137.16 29.74 0.365 0x0000FF
-62.77 142.28 31.63 -64.23 139.72 30.72 0.365 0x0000FF
-61.86 145.56 32.01 -62.77 142.28 31.63 0.365 0x0000FF
-59.67 148.47 32.54 -61.86 145.56 32.01 0.365 0x0000FF
-56.2 151.02 32.85 -59.67 148.47 32.54 0.365 0x0000FF
-46.17 155.03 33.9 -56.2 151.02 32.85 0.365 0x0000FF
-34.49 159.04 35.65 -46.17 155.03 33.9 0.455 0x0000FF
-29.02 160.68 36.33 -34.49 159.04 35.65 0.455 0x0000FF
-23.36 163.41 37.47 -29.02 160.68 36.33 0.455 0x0000FF
-21.17 164.5 35.72 -23.36 163.41 37.47 0.455 0x0000FF
-18.98 165.05 34.89 -21.17 164.5 35.72 0.455 0x0000FF
-15.88 166.33 34.06 -18.98 165.05 34.89 0.455 0x0000FF
-14.06 168.15 32.85 -15.88 166.33 34.06 0.455 0x0000FF
-11.14 171.79 31.94 -14.06 168.15 32.85 0.365 0x0000FF
-6.03 177.62 31.18 -11.14 171.79 31.94 0.365 0x0000FF
-2.56 181.09 30.5 -6.03 177.62 31.18 0.365 0x0000FF
2.91 182.91 29.66 -2.56 181.09 30.5 0.365 0x0000FF
6.38 184.18 28.83 2.91 182.91 29.66 0.365 0x0000FF
8.57 183.64 28.6 6.38 184.18 28.83 0.365 0x0000FF
-43.17 54.13 -4.58 -41.16 53.03 -4.73 0.82 0x0000FF
-45.18 55.22 -4.5 -43.17 54.13 -4.58 0.82 0x0000FF
-50.65 57.22 -4.34 -45.18 55.22 -4.5 0.73 0x0000FF
-53.02 58.14 -4.26 -50.65 57.22 -4.34 0.545 0x0000FF
-54.48 58.5 -4.26 -53.02 58.14 -4.26 0.545 0x0000FF
-56.49 58.86 -4.12 -54.48 58.5 -4.26 0.545 0x0000FF
-58.31 59.05 -3.59 -56.49 58.86 -4.12 0.545 0x0000FF
-61.6 59.23 -2.23 -58.31 59.05 -3.59 0.545 0x0000FF
-63.24 59.05 -1.85 -61.6 59.23 -2.23 0.545 0x0000FF
-63.24 58.86 -0.18 -63.24 59.05 -1.85 0.545 0x0000FF
-63.42 58.86 0.05 -63.24 58.86 -0.18 0.545 0x0000FF
-63.6 58.86 0.2 -63.42 58.86 0.05 0.545 0x0000FF
-65.61 58.86 0.73 -63.6 58.86 0.2 0.545 0x0000FF
-66.52 58.86 1.56 -65.61 58.86 0.73 0.545 0x0000FF
-67.06 58.86 1.71 -66.52 58.86 1.56 0.545 0x0000FF
-67.8 58.86 1.94 -67.06 58.86 1.71 0.545 0x0000FF
-68.34 58.86 2.92 -67.8 58.86 1.94 0.545 0x0000FF
-69.08 59.05 3.23 -68.34 58.86 2.92 0.545 0x0000FF
-69.62 59.05 3.76 -69.08 59.05 3.23 0.545 0x0000FF
-70.54 59.23 3.83 -69.62 59.05 3.76 0.545 0x0000FF
-71.08 59.23 4.88 -70.54 59.23 3.83 0.545 0x0000FF
-71.63 59.23 5.35 -71.08 59.23 4.88 0.545 0x0000FF
-72.0 59.23 5.58 -71.63 59.23 5.35 0.545 0x0000FF
-72.54 59.23 5.8 -72.0 59.23 5.58 0.545 0x0000FF
-73.09 59.23 6.26 -72.54 59.23 5.8 0.545 0x0000FF
-73.45 59.23 6.94 -73.09 59.23 6.26 0.545 0x0000FF
-74.37 59.23 6.94 -73.45 59.23 6.94 0.545 0x0000FF
-75.09 59.05 7.54 -74.37 59.23 6.94 0.545 0x0000FF
-75.65 59.05 7.77 -75.09 59.05 7.54 0.545 0x0000FF
-77.65 59.05 8.52 -75.65 59.05 7.77 0.545 0x0000FF
-78.02 59.05 9.21 -77.65 59.05 8.52 0.545 0x0000FF
-78.93 59.05 10.03 -78.02 59.05 9.21 0.545 0x0000FF
-79.84 58.86 10.35 -78.93 59.05 10.03 0.545 0x0000FF
-80.75 58.5 11.26 -79.84 58.86 10.35 0.545 0x0000FF
-81.84 58.5 11.33 -80.75 58.5 11.26 0.545 0x0000FF
-82.58 58.5 11.41 -81.84 58.5 11.33 0.545 0x0000FF
-83.67 58.32 11.64 -82.58 58.5 11.41 0.545 0x0000FF
-84.95 58.32 12.09 -83.67 58.32 11.64 0.545 0x0000FF
-86.96 58.32 13.91 -84.95 58.32 12.09 0.545 0x0000FF
-91.7 57.41 15.95 -86.96 58.32 13.91 0.545 0x0000FF
-94.62 57.22 17.85 -91.7 57.41 15.95 0.545 0x0000FF
-95.71 56.68 21.18 -94.62 57.22 17.85 0.455 0x0000FF
-97.9 57.04 21.56 -95.71 56.68 21.18 0.365 0x0000FF
-100.82 57.95 22.16 -97.9 57.04 21.56 0.365 0x0000FF
-102.55 58.95 27.32 -100.82 57.95 22.16 0.455 0x0000FF
-103.09 58.95 27.69 -102.55 58.95 27.32 0.455 0x0000FF
-103.82 59.31 28.45 -103.09 58.95 27.69 0.455 0x0000FF
-104.92 59.68 29.06 -103.82 59.31 28.45 0.455 0x0000FF
-106.01 59.68 29.21 -104.92 59.68 29.06 0.455 0x0000FF
-106.93 60.04 29.66 -106.01 59.68 29.21 0.455 0x0000FF
-108.57 60.04 30.65 -106.93 60.04 29.66 0.455 0x0000FF
-109.3 60.22 30.88 -108.57 60.04 30.65 0.455 0x0000FF
-109.84 60.59 31.48 -109.3 60.22 30.88 0.455 0x0000FF
-110.57 60.77 31.94 -109.84 60.59 31.48 0.455 0x0000FF
-111.12 60.95 32.69 -110.57 60.77 31.94 0.455 0x0000FF
-112.4 61.32 33.0 -111.12 60.95 32.69 0.455 0x0000FF
-113.68 61.68 33.75 -112.4 61.32 33.0 0.455 0x0000FF
-114.95 62.05 33.9 -113.68 61.68 33.75 0.455 0x0000FF
-117.14 62.59 34.59 -114.95 62.05 33.9 0.455 0x0000FF
-120.61 63.69 35.42 -117.14 62.59 34.59 0.455 0x0000FF
-124.44 64.95 36.1 -120.61 63.69 35.42 0.455 0x0000FF
-126.81 66.23 36.78 -124.44 64.95 36.1 0.455 0x0000FF
-130.1 68.23 37.84 -126.81 66.23 36.78 0.455 0x0000FF
-131.37 69.15 38.29 -130.1 68.23 37.84 0.455 0x0000FF
-132.29 70.97 38.9 -131.37 69.15 38.29 0.455 0x0000FF
-133.19 72.06 39.36 -132.29 70.97 38.9 0.455 0x0000FF
-134.66 73.16 39.59 -133.19 72.06 39.36 0.455 0x0000FF
-138.66 74.62 40.27 -134.66 73.16 39.59 0.455 0x0000FF
-142.69 76.26 40.72 -138.66 74.62 40.27 0.455 0x0000FF
-148.16 80.27 42.16 -142.69 76.26 40.72 0.455 0x0000FF
-150.53 82.64 44.13 -148.16 80.27 42.16 0.455 0x0000FF
-151.63 83.0 41.86 -150.53 82.64 44.13 0.455 0x0000FF
-40.19 48.91 -6.24 -39.46 48.72 -5.79 1.005 0x0000FF
-40.56 48.54 -6.39 -40.19 48.91 -6.24 0.91 0x0000FF
-40.92 48.36 -6.62 -40.56 48.54 -6.39 0.91 0x0000FF
-41.47 47.63 -6.85 -40.92 48.36 -6.62 0.91 0x0000FF
-42.2 47.08 -7.23 -41.47 47.63 -6.85 0.91 0x0000FF
-44.21 45.63 -7.23 -42.2 47.08 -7.23 0.73 0x0000FF
-44.39 45.26 -7.61 -44.21 45.63 -7.23 0.73 0x0000FF
-44.57 44.9 -7.91 -44.39 45.26 -7.61 0.73 0x0000FF
-45.48 44.53 -8.21 -44.57 44.9 -7.91 0.73 0x0000FF
-46.21 43.99 -8.51 -45.48 44.53 -8.21 0.545 0x0000FF
-46.58 43.62 -8.74 -46.21 43.99 -8.51 0.545 0x0000FF
-47.31 43.26 -9.19 -46.58 43.62 -8.74 0.545 0x0000FF
-48.77 42.89 -9.27 -47.31 43.26 -9.19 0.545 0x0000FF
-50.41 42.53 -9.42 -48.77 42.89 -9.27 0.545 0x0000FF
-51.14 41.62 -9.65 -50.41 42.53 -9.42 0.545 0x0000FF
-52.05 41.25 -9.88 -51.14 41.62 -9.65 0.545 0x0000FF
-53.15 40.71 -9.94 -52.05 41.25 -9.88 0.545 0x0000FF
-53.33 40.34 -10.18 -53.15 40.71 -9.94 0.545 0x0000FF
-54.3 40.46 -10.11 -53.33 40.34 -10.18 0.455 0x0000FF
-56.31 39.92 -10.02 -54.3 40.46 -10.11 0.455 0x0000FF
-60.5 39.36 -9.8 -56.31 39.92 -10.02 0.455 0x0000FF
-64.33 38.28 -9.57 -60.5 39.36 -9.8 0.455 0x0000FF
-67.62 38.09 -9.42 -64.33 38.28 -9.57 0.455 0x0000FF
-71.81 36.82 -9.42 -67.62 38.09 -9.42 0.455 0x0000FF
-77.09 34.27 -9.42 -71.81 36.82 -9.42 0.455 0x0000FF
-81.84 31.72 -9.42 -77.09 34.27 -9.42 0.455 0x0000FF
-87.69 31.17 -9.42 -81.84 31.72 -9.42 0.455 0x0000FF
-93.53 30.81 -9.35 -87.69 31.17 -9.42 0.455 0x0000FF
-96.99 30.81 -8.89 -93.53 30.81 -9.35 0.455 0x0000FF
-100.82 29.53 -8.28 -96.99 30.81 -8.89 0.455 0x0000FF
-103.2 28.8 -7.91 -100.82 29.53 -8.28 0.455 0x0000FF
-106.84 28.44 -7.45 -103.2 28.8 -7.91 0.455 0x0000FF
-110.49 27.53 -7.3 -106.84 28.44 -7.45 0.455 0x0000FF
-112.87 26.98 -7.15 -110.49 27.53 -7.3 0.455 0x0000FF
-116.7 26.43 -6.85 -112.87 26.98 -7.15 0.455 0x0000FF
-119.98 25.7 -6.62 -116.7 26.43 -6.85 0.455 0x0000FF
-121.81 25.16 -6.47 -119.98 25.7 -6.62 0.455 0x0000FF
-127.1 23.52 -5.71 -121.81 25.16 -6.47 0.365 0x0000FF
-129.47 22.97 -5.33 -127.1 23.52 -5.71 0.365 0x0000FF
-134.58 22.42 -5.11 -129.47 22.97 -5.33 0.365 0x0000FF
-138.41 21.88 -5.03 -134.58 22.42 -5.11 0.365 0x0000FF
-141.33 21.7 -4.88 -138.41 21.88 -5.03 0.365 0x0000FF
-55.21 38.46 -10.26 -53.33 40.34 -10.18 0.545 0x0000FF
-57.03 37.72 -10.41 -55.21 38.46 -10.26 0.545 0x0000FF
-58.13 37.0 -10.64 -57.03 37.72 -10.41 0.545 0x0000FF
-59.77 35.72 -10.86 -58.13 37.0 -10.64 0.455 0x0000FF
-60.87 35.18 -11.01 -59.77 35.72 -10.86 0.455 0x0000FF
-62.33 34.27 -11.24 -60.87 35.18 -11.01 0.455 0x0000FF
-62.87 33.72 -11.54 -62.33 34.27 -11.24 0.455 0x0000FF
-63.42 32.99 -11.92 -62.87 33.72 -11.54 0.455 0x0000FF
-63.97 31.72 -12.38 -63.42 32.99 -11.92 0.455 0x0000FF
-64.88 29.89 -12.76 -63.97 31.72 -12.38 0.455 0x0000FF
-65.25 28.8 -12.6 -64.88 29.89 -12.76 0.455 0x0000FF
-65.25 27.53 -11.85 -65.25 28.8 -12.6 0.455 0x0000FF
-65.25 26.8 -11.32 -65.25 27.53 -11.85 0.455 0x0000FF
-65.61 26.07 -10.79 -65.25 26.8 -11.32 0.455 0x0000FF
-66.16 24.25 -10.41 -65.61 26.07 -10.79 0.455 0x0000FF
-66.34 22.42 -10.11 -66.16 24.25 -10.41 0.455 0x0000FF
-66.52 21.7 -10.11 -66.34 22.42 -10.11 0.275 0x0000FF
-37.96 37.72 -5.26 -28.43 39.34 4.67 0.82 0x0000FF
-39.24 36.46 -4.88 -37.96 37.72 -5.26 0.82 0x0000FF
-41.06 34.63 -4.26 -39.24 36.46 -4.88 0.82 0x0000FF
-42.34 33.72 -3.82 -41.06 34.63 -4.26 0.82 0x0000FF
-44.71 32.08 -3.29 -42.34 33.72 -3.82 0.82 0x0000FF
-46.53 30.44 -2.76 -44.71 32.08 -3.29 0.82 0x0000FF
-48.54 28.08 -1.7 -46.53 30.44 -2.76 0.82 0x0000FF
-51.28 26.44 -0.41 -48.54 28.08 -1.7 0.82 0x0000FF
-54.2 26.07 0.2 -51.28 26.44 -0.41 0.73 0x0000FF
-57.48 25.52 0.88 -54.2 26.07 0.2 0.73 0x0000FF
-60.76 25.52 2.17 -57.48 25.52 0.88 0.73 0x0000FF
-62.41 25.34 2.62 -60.76 25.52 2.17 0.73 0x0000FF
-64.59 25.16 2.77 -62.41 25.34 2.62 0.64 0x0000FF
-65.87 24.98 3.53 -64.59 25.16 2.77 0.64 0x0000FF
-68.61 23.7 4.97 -65.87 24.98 3.53 0.64 0x0000FF
-70.62 22.79 5.2 -68.61 23.7 4.97 0.64 0x0000FF
-71.53 22.43 5.58 -70.62 22.79 5.2 0.64 0x0000FF
-73.54 21.33 7.17 -71.53 22.43 5.58 0.64 0x0000FF
-74.81 21.15 7.32 -73.54 21.33 7.17 0.64 0x0000FF
-75.36 21.33 7.54 -74.81 21.15 7.32 0.64 0x0000FF
-76.27 21.52 7.77 -75.36 21.33 7.54 0.64 0x0000FF
-77.37 21.52 7.92 -76.27 21.52 7.77 0.64 0x0000FF
-78.45 21.33 9.06 -77.37 21.52 7.92 0.64 0x0000FF
-78.83 21.33 9.51 -78.45 21.33 9.06 0.64 0x0000FF
-79.92 20.97 10.65 -78.83 21.33 9.51 0.64 0x0000FF
-80.47 20.97 11.48 -79.92 20.97 10.65 0.64 0x0000FF
-84.48 20.79 11.79 -80.47 20.97 11.48 0.545 0x0000FF
-85.94 20.42 12.09 -84.48 20.79 11.79 0.545 0x0000FF
-86.67 20.6 13.07 -85.94 20.42 12.09 0.455 0x0000FF
-87.22 20.42 13.38 -86.67 20.6 13.07 0.455 0x0000FF
-87.59 20.6 13.45 -87.22 20.42 13.38 0.455 0x0000FF
-87.95 20.6 13.76 -87.59 20.6 13.45 0.455 0x0000FF
-88.5 20.6 14.21 -87.95 20.6 13.76 0.455 0x0000FF
-88.68 20.79 14.74 -88.5 20.6 14.21 0.455 0x0000FF
-89.23 20.79 14.89 -88.68 20.79 14.74 0.455 0x0000FF
-90.69 20.79 16.03 -89.23 20.79 14.89 0.455 0x0000FF
-91.42 20.79 16.26 -90.69 20.79 16.03 0.455 0x0000FF
-92.51 20.42 17.77 -91.42 20.79 16.26 0.455 0x0000FF
-93.79 20.42 18.07 -92.51 20.42 17.77 0.455 0x0000FF
-94.88 20.6 18.3 -93.79 20.42 18.07 0.455 0x0000FF
-96.53 20.42 18.68 -94.88 20.6 18.3 0.455 0x0000FF
-97.07 20.42 19.13 -96.53 20.42 18.68 0.455 0x0000FF
-27.37 27.88 1.79 -28.43 39.34 4.67 3.01 0x0000FF
-27.37 27.33 1.79 -27.37 27.88 1.79 3.01 0x0000FF
-27.37 26.6 1.79 -27.37 27.33 1.79 3.01 0x0000FF
-27.37 25.33 1.79 -27.37 26.6 1.79 2.555 0x0000FF
-27.55 24.05 1.79 -27.37 25.33 1.79 2.19 0x0000FF
-27.92 22.77 1.79 -27.55 24.05 1.79 2.19 0x0000FF
-27.73 21.86 1.79 -27.92 22.77 1.79 2.19 0x0000FF
-27.92 21.32 1.79 -27.73 21.86 1.79 2.19 0x0000FF
-27.92 20.41 1.79 -27.92 21.32 1.79 2.19 0x0000FF
-28.1 19.3 1.79 -27.92 20.41 1.79 2.19 0x0000FF
-28.28 18.77 1.79 -28.1 19.3 1.79 2.19 0x0000FF
-28.46 18.22 1.79 -28.28 18.77 1.79 2.19 0x0000FF
-28.65 17.3 1.79 -28.46 18.22 1.79 2.19 0x0000FF
-28.83 16.76 1.79 -28.65 17.3 1.79 2.19 0x0000FF
-29.01 16.03 1.79 -28.83 16.76 1.79 2.19 0x0000FF
-29.19 14.94 1.79 -29.01 16.03 1.79 2.19 0x0000FF
-29.19 14.03 1.79 -29.19 14.94 1.79 2.19 0x0000FF
-29.56 13.3 1.79 -29.19 14.03 1.79 2.19 0x0000FF
-29.56 12.57 1.79 -29.56 13.3 1.79 2.19 0x0000FF
-29.92 11.11 1.79 -29.56 12.57 1.79 2.19 0x0000FF
-30.29 10.39 1.79 -29.92 11.11 1.79 2.19 0x0000FF
-30.65 9.47 1.79 -30.29 10.39 1.79 2.19 0x0000FF
-30.65 9.11 1.79 -30.65 9.47 1.79 2.19 0x0000FF
-30.83 8.38 1.71 -30.65 9.11 1.79 2.19 0x0000FF
-31.38 6.92 1.71 -30.83 8.38 1.71 2.19 0x0000FF
-31.93 6.01 1.71 -31.38 6.92 1.71 2.19 0x0000FF
-32.29 5.09 1.71 -31.93 6.01 1.71 2.19 0x0000FF
-32.65 4.55 1.71 -32.29 5.09 1.71 2.19 0x0000FF
-33.02 4.01 1.71 -32.65 4.55 1.71 2.19 0x0000FF
-32.65 2.09 1.79 -33.02 4.01 1.71 2.005 0x0000FF
-32.29 0.81 1.79 -32.65 2.09 1.79 2.005 0x0000FF
-32.65 0.08 1.86 -32.29 0.81 1.79 2.005 0x0000FF
-32.84 -0.83 1.94 -32.65 0.08 1.86 2.005 0x0000FF
-32.84 -1.74 2.09 -32.84 -0.83 1.94 2.005 0x0000FF
-32.84 -3.01 2.17 -32.84 -1.74 2.09 2.005 0x0000FF
-33.02 -3.93 2.24 -32.84 -3.01 2.17 2.005 0x0000FF
-33.2 -4.65 2.39 -33.02 -3.93 2.24 2.005 0x0000FF
-33.39 -5.93 2.47 -33.2 -4.65 2.39 2.005 0x0000FF
-33.39 -6.66 2.54 -33.39 -5.93 2.47 2.005 0x0000FF
-33.39 -7.75 2.62 -33.39 -6.66 2.54 2.005 0x0000FF
-33.75 -8.66 2.7 -33.39 -7.75 2.62 2.005 0x0000FF
-33.57 -9.39 2.7 -33.75 -8.66 2.7 2.005 0x0000FF
-33.57 -10.49 2.7 -33.57 -9.39 2.7 2.005 0x0000FF
-33.39 -12.31 2.62 -33.57 -10.49 2.7 1.825 0x0000FF
-33.02 -13.76 2.77 -33.39 -12.31 2.62 1.825 0x0000FF
-32.84 -14.68 3.0 -33.02 -13.76 2.77 1.825 0x0000FF
-33.02 -15.95 3.15 -32.84 -14.68 3.0 1.825 0x0000FF
-33.02 -16.32 3.38 -33.02 -15.95 3.15 1.825 0x0000FF
-33.02 -16.5 2.54 -33.02 -16.32 3.38 1.825 0x0000FF
-33.02 -17.04 2.47 -33.02 -16.5 2.54 1.825 0x0000FF
-33.39 -17.41 2.47 -33.02 -17.04 2.47 1.825 0x0000FF
-33.2 -19.78 2.39 -33.39 -17.41 2.47 1.64 0x0000FF
-33.57 -21.42 2.17 -33.2 -19.78 2.39 1.37 0x0000FF
-33.57 -22.15 2.0 -33.57 -21.42 2.17 1.37 0x0000FF
-33.57 -22.69 1.94 -33.57 -22.15 2.0 1.37 0x0000FF
-33.57 -23.24 1.86 -33.57 -22.69 1.94 1.37 0x0000FF
-33.75 -23.6 1.56 -33.57 -23.24 1.86 1.37 0x0000FF
-33.93 -24.33 1.79 -33.75 -23.6 1.56 1.37 0x0000FF
-34.11 -25.06 2.31 -33.93 -24.33 1.79 1.37 0x0000FF
-34.11 -25.61 2.7 -34.11 -25.06 2.31 1.37 0x0000FF
-34.29 -25.97 3.23 -34.11 -25.61 2.7 1.37 0x0000FF
-34.29 -26.52 3.76 -34.29 -25.97 3.23 1.37 0x0000FF
-34.29 -26.52 4.59 -34.29 -26.52 3.76 1.37 0x0000FF
-34.29 -26.7 4.82 -34.29 -26.52 4.59 1.37 0x0000FF
-34.29 -26.7 4.44 -34.29 -26.7 4.82 1.37 0x0000FF
-34.29 -26.88 3.61 -34.29 -26.7 4.44 1.37 0x0000FF
-34.29 -27.25 3.38 -34.29 -26.88 3.61 1.37 0x0000FF
-34.29 -27.79 2.62 -34.29 -27.25 3.38 1.37 0x0000FF
-34.29 -28.16 2.31 -34.29 -27.79 2.62 1.37 0x0000FF
-34.47 -28.52 1.79 -34.29 -28.16 2.31 1.37 0x0000FF
-34.65 -28.89 1.48 -34.47 -28.52 1.79 1.37 0x0000FF
-34.65 -29.07 1.03 -34.65 -28.89 1.48 1.37 0x0000FF
-34.85 -29.43 0.88 -34.65 -29.07 1.03 1.37 0x0000FF
-34.85 -29.98 0.73 -34.85 -29.43 0.88 1.37 0x0000FF
-34.85 -30.34 0.73 -34.85 -29.98 0.73 1.37 0x0000FF
-34.47 -31.07 -0.56 -34.85 -30.34 0.73 1.64 0x0000FF
-34.29 -31.62 -0.94 -34.47 -31.07 -0.56 1.64 0x0000FF
-34.29 -31.98 -1.17 -34.29 -31.62 -0.94 1.64 0x0000FF
-34.29 -32.35 -1.17 -34.29 -31.98 -1.17 1.64 0x0000FF
-34.29 -33.08 -1.77 -34.29 -32.35 -1.17 1.64 0x0000FF
-34.29 -33.26 -2.0 -34.29 -33.08 -1.77 1.64 0x0000FF
-34.29 -33.81 -2.29 -34.29 -33.26 -2.0 1.64 0x0000FF
-34.29 -34.17 -2.61 -34.29 -33.81 -2.29 1.64 0x0000FF
-34.29 -34.35 -2.91 -34.29 -34.17 -2.61 1.64 0x0000FF
-34.29 -34.72 -3.14 -34.29 -34.35 -2.91 1.64 0x0000FF
-34.29 -34.9 -3.51 -34.29 -34.72 -3.14 1.64 0x0000FF
-34.29 -35.45 -3.44 -34.29 -34.9 -3.51 1.64 0x0000FF
-34.29 -35.81 -3.74 -34.29 -35.45 -3.44 1.64 0x0000FF
-34.11 -36.54 -3.74 -34.29 -35.81 -3.74 1.64 0x0000FF
-33.93 -36.9 -3.82 -34.11 -36.54 -3.74 1.64 0x0000FF
-33.75 -37.27 -3.82 -33.93 -36.9 -3.82 1.64 0x0000FF
-33.75 -37.63 -3.82 -33.75 -37.27 -3.82 1.64 0x0000FF
-33.75 -38.0 -3.89 -33.75 -37.63 -3.82 1.64 0x0000FF
-32.65 -39.82 -3.82 -33.75 -38.0 -3.89 1.275 0x0000FF
-32.65 -40.54 -3.74 -32.65 -39.82 -3.82 1.275 0x0000FF
-32.65 -41.09 -3.51 -32.65 -40.54 -3.74 1.275 0x0000FF
-33.02 -42.19 -2.83 -32.65 -41.09 -3.51 1.275 0x0000FF
-33.02 -42.73 -2.38 -33.02 -42.19 -2.83 1.275 0x0000FF
-33.02 -43.1 -3.51 -33.02 -42.73 -2.38 1.275 0x0000FF
-33.02 -43.46 -3.74 -33.02 -43.1 -3.51 1.275 0x0000FF
-32.84 -43.83 -3.82 -33.02 -43.46 -3.74 1.275 0x0000FF
-32.84 -44.56 -3.97 -32.84 -43.83 -3.82 1.275 0x0000FF
-32.84 -44.92 -4.05 -32.84 -44.56 -3.97 1.275 0x0000FF
-33.02 -46.01 -4.26 -32.84 -44.92 -4.05 1.185 0x0000FF
-32.65 -46.93 -4.2 -33.02 -46.01 -4.26 1.185 0x0000FF
-32.65 -47.47 -4.12 -32.65 -46.93 -4.2 1.185 0x0000FF
-32.65 -48.02 -4.12 -32.65 -47.47 -4.12 1.185 0x0000FF
-32.65 -48.38 -4.12 -32.65 -48.02 -4.12 1.185 0x0000FF
-32.65 -48.93 -3.97 -32.65 -48.38 -4.12 1.185 0x0000FF
-32.47 -49.29 -3.97 -32.65 -48.93 -3.97 1.185 0x0000FF
-32.47 -49.66 -4.42 -32.47 -49.29 -3.97 1.185 0x0000FF
-32.47 -50.2 -4.65 -32.47 -49.66 -4.42 1.185 0x0000FF
-32.47 -50.2 -4.8 -32.47 -50.2 -4.65 1.185 0x0000FF
-32.29 -50.57 -4.12 -32.47 -50.2 -4.8 1.185 0x0000FF
-32.11 -50.93 -3.74 -32.29 -50.57 -4.12 1.185 0x0000FF
-31.74 -51.48 -3.44 -32.11 -50.93 -3.74 1.185 0x0000FF
-31.56 -51.84 -3.21 -31.74 -51.48 -3.44 1.185 0x0000FF
-31.56 -52.21 -2.68 -31.56 -51.84 -3.21 1.185 0x0000FF
-31.56 -52.76 -2.15 -31.56 -52.21 -2.68 1.185 0x0000FF
-31.56 -53.12 -2.08 -31.56 -52.76 -2.15 1.185 0x0000FF
-31.38 -53.3 -1.85 -31.56 -53.12 -2.08 1.185 0x0000FF
-31.38 -53.48 -1.32 -31.38 -53.3 -1.85 1.185 0x0000FF
-31.38 -53.48 -1.09 -31.38 -53.48 -1.32 1.185 0x0000FF
-31.2 -54.03 -0.79 -31.38 -53.48 -1.09 1.185 0x0000FF
-30.83 -54.76 -0.41 -31.2 -54.03 -0.79 1.46 0x0000FF
-30.83 -55.85 -0.33 -30.83 -54.76 -0.41 1.37 0x0000FF
-30.83 -56.58 -0.33 -30.83 -55.85 -0.33 1.37 0x0000FF
-30.83 -57.49 -0.33 -30.83 -56.58 -0.33 1.37 0x0000FF
-30.83 -58.59 -0.33 -30.83 -57.49 -0.33 1.37 0x0000FF
-30.65 -58.95 -0.33 -30.83 -58.59 -0.33 1.37 0x0000FF
-30.29 -61.32 -0.18 -30.65 -58.95 -0.33 1.095 0x0000FF
-30.1 -62.59 -0.18 -30.29 -61.32 -0.18 1.095 0x0000FF
-29.37 -64.59 -0.18 -30.1 -62.59 -0.18 1.095 0x0000FF
-29.19 -64.95 -0.11 -29.37 -64.59 -0.18 1.095 0x0000FF
-28.83 -66.06 -0.03 -29.19 -64.95 -0.11 1.095 0x0000FF
-28.28 -67.88 0.12 -28.83 -66.06 -0.03 1.095 0x0000FF
-27.91 -68.97 0.2 -28.28 -67.88 0.12 1.095 0x0000FF
-27.37 -70.79 0.2 -27.91 -68.97 0.2 1.095 0x0000FF
-26.82 -72.43 0.2 -27.37 -70.79 0.2 1.095 0x0000FF
-26.45 -75.17 0.2 -26.82 -72.43 0.2 1.095 0x0000FF
-26.45 -76.81 0.2 -26.45 -75.17 0.2 1.095 0x0000FF
-26.45 -79.9 0.2 -26.45 -76.81 0.2 1.095 0x0000FF
-27.0 -83.73 0.2 -26.45 -79.9 0.2 1.095 0x0000FF
-27.55 -86.83 0.27 -27.0 -83.73 0.2 1.095 0x0000FF
-27.73 -88.47 0.27 -27.55 -86.83 0.27 1.095 0x0000FF
-28.64 -96.3 0.57 -27.73 -88.47 0.27 1.095 0x0000FF
-29.37 -102.13 0.65 -28.64 -96.3 0.57 1.095 0x0000FF
-28.46 -109.97 0.95 -29.37 -102.13 0.65 1.095 0x0000FF
-29.56 -115.8 0.95 -28.46 -109.97 0.95 1.095 0x0000FF
-30.1 -121.26 1.11 -29.56 -115.8 0.95 1.095 0x0000FF
-30.1 -125.45 1.11 -30.1 -121.26 1.11 0.82 0x0000FF
-30.29 -128.91 1.11 -30.1 -125.45 1.11 0.82 0x0000FF
-29.92 -132.74 1.11 -30.29 -128.91 1.11 0.64 0x0000FF
-29.92 -135.47 1.18 -29.92 -132.74 1.11 0.64 0x0000FF
-29.92 -139.12 1.18 -29.92 -135.47 1.18 0.64 0x0000FF
-29.92 -141.49 1.18 -29.92 -139.12 1.18 0.64 0x0000FF
-29.92 -142.58 1.18 -29.92 -141.49 1.18 0.64 0x0000FF
-28.19 -147.66 0.2 -29.92 -142.58 1.18 0.64 0x0000FF
-28.01 -149.86 -0.18 -28.19 -147.66 0.2 1.005 0x0000FF
-28.01 -151.13 -0.48 -28.01 -149.86 -0.18 1.005 0x0000FF
-27.64 -154.05 -0.56 -28.01 -151.13 -0.48 1.005 0x0000FF
-27.09 -158.97 -1.09 -27.64 -154.05 -0.56 1.005 0x0000FF
-27.09 -162.97 -1.32 -27.09 -158.97 -1.09 1.005 0x0000FF
-26.73 -168.63 0.8 -27.09 -162.97 -1.32 1.005 0x0000FF
-26.91 -172.27 0.95 -26.73 -168.63 0.8 1.005 0x0000FF
-26.0 -181.93 0.95 -26.91 -172.27 0.95 0.91 0x0000FF
-25.82 -190.86 1.03 -26.0 -181.93 0.95 0.64 0x0000FF
-23.99 -199.24 1.03 -25.82 -190.86 1.03 0.64 0x0000FF
-23.45 -201.42 0.8 -23.99 -199.24 1.03 0.64 0x0000FF
-23.45 -201.79 0.73 -23.45 -201.42 0.8 0.64 0x0000FF
-23.45 -202.7 0.73 -23.45 -201.79 0.73 0.64 0x0000FF
-23.63 -203.79 0.73 -23.45 -202.7 0.73 0.64 0x0000FF
-23.81 -204.89 0.73 -23.63 -203.79 0.73 0.64 0x0000FF
-24.18 -206.16 0.73 -23.81 -204.89 0.73 0.64 0x0000FF
-24.18 -207.25 0.65 -24.18 -206.16 0.73 0.64 0x0000FF
-24.18 -209.44 0.65 -24.18 -207.25 0.65 0.64 0x0000FF
-24.18 -210.72 0.65 -24.18 -209.44 0.65 0.64 0x0000FF
-24.36 -211.63 0.65 -24.18 -210.72 0.65 0.64 0x0000FF
-24.36 -212.54 0.95 -24.36 -211.63 0.65 0.64 0x0000FF
-24.36 -213.27 1.03 -24.36 -212.54 0.95 0.64 0x0000FF
-24.36 -213.81 1.11 -24.36 -213.27 1.03 0.64 0x0000FF
-24.36 -215.27 1.18 -24.36 -213.81 1.11 0.64 0x0000FF
-24.54 -216.91 1.18 -24.36 -215.27 1.18 0.64 0x0000FF
-24.54 -219.64 1.18 -24.54 -216.91 1.18 0.64 0x0000FF
-24.18 -223.47 1.18 -24.54 -219.64 1.18 0.64 0x0000FF
-23.63 -225.47 1.18 -24.18 -223.47 1.18 0.64 0x0000FF
-23.63 -228.57 1.18 -23.63 -225.47 1.18 0.64 0x0000FF
-24.18 -230.76 1.18 -23.63 -228.57 1.18 0.64 0x0000FF
-23.81 -232.03 1.18 -24.18 -230.76 1.18 0.64 0x0000FF
-23.91 -234.85 2.62 -23.81 -232.03 1.18 0.64 0x0000FF
-23.91 -238.68 2.7 -23.91 -234.85 2.62 0.64 0x0000FF
-23.91 -244.15 3.38 -23.91 -238.68 2.7 0.64 0x0000FF
-24.46 -245.97 3.45 -23.91 -244.15 3.38 0.64 0x0000FF
-24.09 -247.42 5.95 -24.46 -245.97 3.45 0.64 0x0000FF
-24.09 -247.79 5.95 -24.09 -247.42 5.95 0.64 0x0000FF
-24.09 -248.52 5.95 -24.09 -247.79 5.95 0.64 0x0000FF
-24.09 -248.88 5.8 -24.09 -248.52 5.95 0.64 0x0000FF
-24.09 -249.79 5.65 -24.09 -248.88 5.8 0.64 0x0000FF
-24.09 -250.52 5.58 -24.09 -249.79 5.65 0.64 0x0000FF
-24.09 -251.25 5.42 -24.09 -250.52 5.58 0.64 0x0000FF
-24.09 -252.71 5.35 -24.09 -251.25 5.42 0.64 0x0000FF
-24.09 -253.8 5.27 -24.09 -252.71 5.35 0.64 0x0000FF
-23.91 -255.26 5.2 -24.09 -253.8 5.27 0.64 0x0000FF
-23.91 -256.72 5.12 -23.91 -255.26 5.2 0.64 0x0000FF
-23.91 -258.54 4.88 -23.91 -256.72 5.12 0.64 0x0000FF
-23.91 -259.63 4.88 -23.91 -258.54 4.88 0.64 0x0000FF
-23.54 -261.08 4.59 -23.91 -259.63 4.88 0.64 0x0000FF
-23.18 -262.36 4.51 -23.54 -261.08 4.59 0.64 0x0000FF
-23.0 -264.0 4.44 -23.18 -262.36 4.51 0.64 0x0000FF
-22.63 -264.92 4.36 -23.0 -264.0 4.44 0.64 0x0000FF
-22.74 -265.61 1.26 -22.63 -264.92 4.36 0.455 0x0000FF
-22.74 -265.98 1.03 -22.74 -265.61 1.26 0.455 0x0000FF
-22.74 -266.33 0.95 -22.74 -265.98 1.03 0.455 0x0000FF
-22.74 -266.52 0.42 -22.74 -266.33 0.95 0.455 0x0000FF
-23.11 -267.07 0.2 -22.74 -266.52 0.42 0.455 0x0000FF
-23.11 -267.25 -0.03 -23.11 -267.07 0.2 0.455 0x0000FF
-23.11 -267.44 -0.79 -23.11 -267.25 -0.03 0.455 0x0000FF
-23.29 -268.16 -1.24 -23.11 -267.44 -0.79 0.455 0x0000FF
-23.47 -268.35 -2.08 -23.29 -268.16 -1.24 0.455 0x0000FF
-23.47 -268.52 -2.45 -23.47 -268.35 -2.08 0.455 0x0000FF
-23.47 -268.89 -3.06 -23.47 -268.52 -2.45 0.455 0x0000FF
-23.47 -269.26 -3.51 -23.47 -268.89 -3.06 0.455 0x0000FF
-23.84 -270.52 -3.67 -23.47 -269.26 -3.51 0.455 0x0000FF
-24.02 -271.26 -3.67 -23.84 -270.52 -3.67 0.455 0x0000FF
-24.2 -271.99 -3.82 -24.02 -271.26 -3.67 0.455 0x0000FF
-24.57 -272.72 -3.89 -24.2 -271.99 -3.82 0.455 0x0000FF
-24.75 -273.45 -3.89 -24.57 -272.72 -3.89 0.455 0x0000FF
-24.93 -274.36 -3.89 -24.75 -273.45 -3.89 0.455 0x0000FF
-24.93 -274.91 -3.89 -24.93 -274.36 -3.89 0.455 0x0000FF
-25.84 -277.82 -3.89 -24.93 -274.91 -3.89 0.455 0x0000FF
-26.57 -278.91 -3.97 -25.84 -277.82 -3.89 0.455 0x0000FF
-26.76 -279.64 -3.97 -26.57 -278.91 -3.97 0.455 0x0000FF
-27.12 -280.37 -3.97 -26.76 -279.64 -3.97 0.455 0x0000FF
-27.67 -281.27 -3.97 -27.12 -280.37 -3.97 0.455 0x0000FF
-27.85 -281.83 -4.12 -27.67 -281.27 -3.97 0.455 0x0000FF
-28.03 -282.19 -4.12 -27.85 -281.83 -4.12 0.455 0x0000FF
-28.76 -283.29 -4.42 -28.03 -282.19 -4.12 0.455 0x0000FF
-29.13 -284.02 -4.42 -28.76 -283.29 -4.42 0.455 0x0000FF
-29.67 -284.74 -4.42 -29.13 -284.02 -4.42 0.455 0x0000FF
-30.22 -285.47 -4.5 -29.67 -284.74 -4.42 0.455 0x0000FF
-30.77 -286.02 -4.5 -30.22 -285.47 -4.5 0.455 0x0000FF
-31.32 -286.93 -4.5 -30.77 -286.02 -4.5 0.455 0x0000FF
-31.86 -288.39 -4.5 -31.32 -286.93 -4.5 0.455 0x0000FF
-32.4 -289.66 -4.5 -31.86 -288.39 -4.5 0.455 0x0000FF
-35.33 -292.2 -4.58 -32.4 -289.66 -4.5 0.455 0x0000FF
-37.34 -293.49 -4.58 -35.33 -292.2 -4.58 0.455 0x0000FF
-37.88 -294.39 -4.58 -37.34 -293.49 -4.58 0.455 0x0000FF
-38.43 -294.95 -4.65 -37.88 -294.39 -4.58 0.455 0x0000FF
-38.79 -295.49 -4.8 -38.43 -294.95 -4.65 0.455 0x0000FF
-39.53 -296.41 -4.8 -38.79 -295.49 -4.8 0.455 0x0000FF
-40.07 -297.13 -4.8 -39.53 -296.41 -4.8 0.455 0x0000FF
-40.44 -298.04 -4.8 -40.07 -297.13 -4.8 0.455 0x0000FF
-40.61 -298.77 -4.88 -40.44 -298.04 -4.8 0.455 0x0000FF
-40.79 -299.68 -4.95 -40.61 -298.77 -4.88 0.455 0x0000FF
-41.35 -300.6 -4.95 -40.79 -299.68 -4.95 0.455 0x0000FF
-41.53 -300.95 -5.11 -41.35 -300.6 -4.95 0.455 0x0000FF
-42.08 -302.77 -5.18 -41.53 -300.95 -5.11 0.455 0x0000FF
-42.63 -304.42 -5.18 -42.08 -302.77 -5.18 0.455 0x0000FF
-42.26 -307.33 -5.26 -42.63 -304.42 -5.18 0.365 0x0000FF
-42.45 -308.07 -5.48 -42.26 -307.33 -5.26 0.365 0x0000FF
-42.63 -308.98 -5.48 -42.45 -308.07 -5.48 0.365 0x0000FF
-42.99 -311.16 -5.48 -42.63 -308.98 -5.48 0.365 0x0000FF
-44.27 -313.35 -5.64 -42.99 -311.16 -5.48 0.365 0x0000FF
-44.82 -314.63 -5.64 -44.27 -313.35 -5.64 0.365 0x0000FF
-45.55 -317.54 -5.64 -44.82 -314.63 -5.64 0.365 0x0000FF
-20.81 -266.01 4.36 -22.63 -264.92 4.36 0.64 0x0000FF
-18.62 -268.92 4.51 -20.81 -266.01 4.36 0.64 0x0000FF
-15.15 -273.83 4.74 -18.62 -268.92 4.51 0.64 0x0000FF
-13.33 -275.67 5.12 -15.15 -273.83 4.74 0.64 0x0000FF
-12.41 -276.58 5.35 -13.33 -275.67 5.12 0.64 0x0000FF
-11.87 -277.31 5.5 -12.41 -276.58 5.35 0.64 0x0000FF
-10.22 -278.76 5.65 -11.87 -277.31 5.5 0.64 0x0000FF
-5.85 -282.58 6.03 -10.22 -278.76 5.65 0.64 0x0000FF
-1.28 -288.6 6.33 -5.85 -282.58 6.03 0.64 0x0000FF
2.0 -294.98 6.48 -1.28 -288.6 6.33 0.64 0x0000FF
9.66 -306.45 6.94 2.0 -294.98 6.48 0.64 0x0000FF
17.14 -314.47 7.17 9.66 -306.45 6.94 0.64 0x0000FF
23.71 -319.94 7.39 17.14 -314.47 7.17 0.64 0x0000FF
26.45 -320.67 7.47 23.71 -319.94 7.39 0.64 0x0000FF
32.72 -325.56 7.77 26.45 -320.67 7.47 0.64 0x0000FF
32.72 -327.01 7.85 32.72 -325.56 7.77 0.365 0x0000FF
32.9 -327.74 7.85 32.72 -327.01 7.85 0.365 0x0000FF
32.9 -328.84 7.85 32.9 -327.74 7.85 0.365 0x0000FF
32.9 -329.38 7.85 32.9 -328.84 7.85 0.365 0x0000FF
32.54 -330.48 7.85 32.9 -329.38 7.85 0.365 0x0000FF
32.18 -331.39 7.92 32.54 -330.48 7.85 0.365 0x0000FF
31.45 -333.57 8.0 32.18 -331.39 7.92 0.365 0x0000FF
31.45 -333.94 8.0 31.45 -333.57 8.0 0.365 0x0000FF
30.9 -335.4 8.0 31.45 -333.94 8.0 0.365 0x0000FF
30.35 -336.12 8.07 30.9 -335.4 8.0 0.365 0x0000FF
29.81 -337.04 8.07 30.35 -336.12 8.07 0.365 0x0000FF
29.26 -337.76 8.15 29.81 -337.04 8.07 0.365 0x0000FF
28.53 -338.86 8.15 29.26 -337.76 8.15 0.365 0x0000FF
28.16 -339.59 8.15 28.53 -338.86 8.15 0.365 0x0000FF
27.8 -340.32 8.23 28.16 -339.59 8.15 0.365 0x0000FF
26.89 -341.41 8.23 27.8 -340.32 8.23 0.365 0x0000FF
26.16 -342.87 8.3 26.89 -341.41 8.23 0.365 0x0000FF
25.61 -344.51 8.3 26.16 -342.87 8.3 0.365 0x0000FF
24.15 -348.88 8.3 25.61 -344.51 8.3 0.365 0x0000FF
24.15 -351.43 8.3 24.15 -348.88 8.3 0.365 0x0000FF
23.78 -355.8 8.38 24.15 -351.43 8.3 0.365 0x0000FF
23.42 -361.27 8.38 23.78 -355.8 8.38 0.365 0x0000FF
36.01 -327.74 7.85 32.72 -325.56 7.77 0.545 0x0000FF
38.93 -331.02 8.07 36.01 -327.74 7.85 0.545 0x0000FF
45.13 -334.48 7.7 38.93 -331.02 8.07 0.545 0x0000FF
46.23 -337.04 7.39 45.13 -334.48 7.7 0.545 0x0000FF
46.41 -337.95 7.17 46.23 -337.04 7.39 0.545 0x0000FF
46.77 -339.04 6.86 46.41 -337.95 7.17 0.545 0x0000FF
46.96 -339.95 6.86 46.77 -339.04 6.86 0.545 0x0000FF
47.14 -340.32 6.11 46.96 -339.95 6.86 0.545 0x0000FF
47.5 -341.77 5.8 47.14 -340.32 6.11 0.545 0x0000FF
47.69 -342.5 5.8 47.5 -341.77 5.8 0.545 0x0000FF
47.69 -342.87 5.42 47.69 -342.5 5.8 0.545 0x0000FF
47.69 -344.51 5.2 47.69 -342.87 5.42 0.365 0x0000FF
47.87 -345.6 5.35 47.69 -344.51 5.2 0.365 0x0000FF
48.23 -346.15 5.8 47.87 -345.6 5.35 0.365 0x0000FF
48.6 -346.87 6.11 48.23 -346.15 5.8 0.365 0x0000FF
52.98 -349.97 7.54 48.6 -346.87 6.11 0.365 0x0000FF
54.62 -350.7 7.77 52.98 -349.97 7.54 0.365 0x0000FF
55.35 -350.7 7.92 54.62 -350.7 7.77 0.365 0x0000FF
-29.37 -55.49 -0.41 -30.83 -54.76 -0.41 1.095 0x0000FF
-28.46 -57.31 -0.41 -29.37 -55.49 -0.41 0.91 0x0000FF
-27.73 -58.59 -0.41 -28.46 -57.31 -0.41 0.73 0x0000FF
-27.37 -58.95 -0.33 -27.73 -58.59 -0.41 0.73 0x0000FF
-27.37 -59.31 -0.33 -27.37 -58.95 -0.33 0.73 0x0000FF
-26.82 -60.59 -0.33 -27.37 -59.31 -0.33 0.545 0x0000FF
-26.27 -62.05 -0.33 -26.82 -60.59 -0.33 0.545 0x0000FF
-25.91 -62.96 -0.26 -26.27 -62.05 -0.33 0.545 0x0000FF
-25.72 -63.32 -0.26 -25.91 -62.96 -0.26 0.545 0x0000FF
-25.18 -64.05 -0.26 -25.72 -63.32 -0.26 0.545 0x0000FF
-24.63 -64.95 -0.18 -25.18 -64.05 -0.26 0.545 0x0000FF
-23.9 -66.59 -0.18 -24.63 -64.95 -0.18 0.365 0x0000FF
-23.17 -67.7 -0.11 -23.9 -66.59 -0.18 0.365 0x0000FF
-22.26 -69.34 -0.03 -23.17 -67.7 -0.11 0.365 0x0000FF
-22.07 -71.7 0.05 -22.26 -69.34 -0.03 0.365 0x0000FF
-22.07 -74.44 0.12 -22.07 -71.7 0.05 0.365 0x0000FF
-22.07 -76.08 0.12 -22.07 -74.44 0.12 0.365 0x0000FF
-21.71 -77.9 0.12 -22.07 -76.08 0.12 0.365 0x0000FF
-20.62 -79.9 0.12 -21.71 -77.9 0.12 0.365 0x0000FF
-33.02 -45.47 -4.05 -32.84 -44.92 -4.05 1.185 0x0000FF
-33.57 -45.83 -3.82 -33.02 -45.47 -4.05 1.185 0x0000FF
-34.11 -46.2 -3.44 -33.57 -45.83 -3.82 1.185 0x0000FF
-34.29 -46.38 -3.14 -34.11 -46.2 -3.44 1.185 0x0000FF
-34.47 -46.93 -2.98 -34.29 -46.38 -3.14 1.185 0x0000FF
-35.03 -47.29 -3.67 -34.47 -46.93 -2.98 1.185 0x0000FF
-35.39 -47.65 -3.82 -35.03 -47.29 -3.67 1.185 0x0000FF
-35.58 -47.65 -3.82 -35.39 -47.65 -3.82 0.91 0x0000FF
-36.49 -48.75 -3.97 -35.58 -47.65 -3.82 0.73 0x0000FF
-36.49 -49.11 -4.12 -36.49 -48.75 -3.97 0.73 0x0000FF
-36.67 -49.29 -4.26 -36.49 -49.11 -4.12 0.73 0x0000FF
-36.67 -49.48 -4.8 -36.67 -49.29 -4.26 0.73 0x0000FF
-37.04 -50.02 -5.11 -36.67 -49.48 -4.8 0.73 0x0000FF
-37.22 -50.75 -5.33 -37.04 -50.02 -5.11 0.73 0x0000FF
-37.95 -50.93 -5.94 -37.22 -50.75 -5.33 0.73 0x0000FF
-38.31 -51.12 -6.17 -37.95 -50.93 -5.94 0.73 0x0000FF
-38.5 -51.48 -6.62 -38.31 -51.12 -6.17 0.73 0x0000FF
-39.04 -52.03 -6.92 -38.5 -51.48 -6.62 0.73 0x0000FF
-39.4 -52.39 -7.45 -39.04 -52.03 -6.92 0.73 0x0000FF
-39.77 -53.12 -7.61 -39.4 -52.39 -7.45 0.73 0x0000FF
-40.14 -53.48 -7.91 -39.77 -53.12 -7.61 0.73 0x0000FF
-40.5 -53.85 -8.21 -40.14 -53.48 -7.91 0.73 0x0000FF
-40.86 -54.4 -8.82 -40.5 -53.85 -8.21 0.73 0x0000FF
-41.23 -55.85 -11.77 -40.86 -54.4 -8.82 0.64 0x0000FF
-41.6 -56.4 -11.92 -41.23 -55.85 -11.77 0.64 0x0000FF
-41.6 -56.76 -12.38 -41.6 -56.4 -11.92 0.64 0x0000FF
-41.78 -57.31 -12.38 -41.6 -56.76 -12.38 0.64 0x0000FF
-42.33 -58.4 -12.38 -41.78 -57.31 -12.38 0.64 0x0000FF
-42.51 -58.77 -12.38 -42.33 -58.4 -12.38 0.64 0x0000FF
-43.06 -59.31 -12.68 -42.51 -58.77 -12.38 0.64 0x0000FF
-43.6 -59.86 -12.76 -43.06 -59.31 -12.68 0.64 0x0000FF
-48.71 -62.59 -13.06 -43.6 -59.86 -12.76 0.64 0x0000FF
-50.72 -65.69 -13.14 -48.71 -62.59 -13.06 0.545 0x0000FF
-51.81 -66.59 -13.29 -50.72 -65.69 -13.14 0.545 0x0000FF
-55.46 -68.79 -13.59 -51.81 -66.59 -13.29 0.545 0x0000FF
-58.02 -70.61 -13.67 -55.46 -68.79 -13.59 0.545 0x0000FF
-63.13 -75.34 -13.82 -58.02 -70.61 -13.67 0.545 0x0000FF
-67.31 -79.36 -14.04 -63.13 -75.34 -13.82 0.545 0x0000FF
-71.34 -82.82 -14.42 -67.31 -79.36 -14.04 0.545 0x0000FF
-73.7 -85.73 -14.42 -71.34 -82.82 -14.42 0.545 0x0000FF
-75.34 -88.83 -14.65 -73.7 -85.73 -14.42 0.455 0x0000FF
-75.9 -90.29 -14.57 -75.34 -88.83 -14.65 0.275 0x0000FF
-77.18 -91.93 -14.65 -75.9 -90.29 -14.57 0.18 0x0000FF
-34.65 -38.72 -3.82 -33.75 -38.0 -3.89 0.82 0x0000FF
-34.85 -39.09 -3.82 -34.65 -38.72 -3.82 0.82 0x0000FF
-35.03 -39.27 -3.59 -34.85 -39.09 -3.82 0.82 0x0000FF
-35.76 -39.64 -3.44 -35.03 -39.27 -3.59 0.82 0x0000FF
-36.67 -40.36 -3.29 -35.76 -39.64 -3.44 0.82 0x0000FF
-37.58 -40.36 -2.98 -36.67 -40.36 -3.29 0.82 0x0000FF
-38.31 -40.72 -2.61 -37.58 -40.36 -2.98 0.82 0x0000FF
-39.22 -41.09 -2.29 -38.31 -40.72 -2.61 0.64 0x0000FF
-39.77 -41.46 -1.92 -39.22 -41.09 -2.29 0.64 0x0000FF
-40.5 -41.64 -1.55 -39.77 -41.46 -1.92 0.64 0x0000FF
-41.41 -42.01 -1.47 -40.5 -41.64 -1.55 0.64 0x0000FF
-41.6 -42.19 -0.41 -41.41 -42.01 -1.47 0.64 0x0000FF
-41.96 -42.55 0.12 -41.6 -42.19 -0.41 0.64 0x0000FF
-42.51 -42.55 0.05 -41.96 -42.55 0.12 0.64 0x0000FF
-43.42 -42.73 0.73 -42.51 -42.55 0.05 0.64 0x0000FF
-44.15 -43.1 1.03 -43.42 -42.73 0.73 0.64 0x0000FF
-44.88 -43.46 1.41 -44.15 -43.1 1.03 0.64 0x0000FF
-45.25 -44.01 2.31 -44.88 -43.46 1.41 0.64 0x0000FF
-45.79 -44.19 2.77 -45.25 -44.01 2.31 0.64 0x0000FF
-45.98 -44.37 2.85 -45.79 -44.19 2.77 0.64 0x0000FF
-46.16 -44.19 0.2 -45.98 -44.37 2.85 0.275 0x0000FF
-46.16 -44.37 -0.03 -46.16 -44.19 0.2 0.275 0x0000FF
-46.16 -44.74 -0.26 -46.16 -44.37 -0.03 0.275 0x0000FF
-46.52 -44.92 -0.41 -46.16 -44.74 -0.26 0.275 0x0000FF
-46.71 -45.1 -0.64 -46.52 -44.92 -0.41 0.275 0x0000FF
-46.89 -45.29 -0.64 -46.71 -45.1 -0.64 0.275 0x0000FF
-47.07 -45.29 -0.64 -46.89 -45.29 -0.64 0.275 0x0000FF
-47.62 -45.47 -0.79 -47.07 -45.29 -0.64 0.275 0x0000FF
-47.98 -45.65 -1.24 -47.62 -45.47 -0.79 0.275 0x0000FF
-48.17 -46.01 -1.32 -47.98 -45.65 -1.24 0.275 0x0000FF
-48.35 -46.01 -1.62 -48.17 -46.01 -1.32 0.275 0x0000FF
-48.35 -46.01 -1.77 -48.35 -46.01 -1.62 0.545 0x0000FF
-48.53 -46.38 -2.15 -48.35 -46.01 -1.77 0.545 0x0000FF
-48.53 -46.38 -3.14 -48.53 -46.38 -2.15 0.545 0x0000FF
-48.71 -46.56 -3.51 -48.53 -46.38 -3.14 0.545 0x0000FF
-48.9 -46.93 -3.89 -48.71 -46.56 -3.51 0.545 0x0000FF
-49.08 -47.11 -4.5 -48.9 -46.93 -3.89 0.545 0x0000FF
-49.63 -47.47 -4.58 -49.08 -47.11 -4.5 0.545 0x0000FF
-49.81 -47.84 -5.03 -49.63 -47.47 -4.58 0.545 0x0000FF
-50.17 -47.84 -5.33 -49.81 -47.84 -5.03 0.545 0x0000FF
-50.35 -47.84 -5.79 -50.17 -47.84 -5.33 0.545 0x0000FF
-50.72 -48.2 -5.86 -50.35 -47.84 -5.79 0.545 0x0000FF
-50.9 -48.56 -6.32 -50.72 -48.2 -5.86 0.545 0x0000FF
-51.27 -48.93 -6.62 -50.9 -48.56 -6.32 0.545 0x0000FF
-51.45 -49.29 -6.77 -51.27 -48.93 -6.62 0.545 0x0000FF
-51.63 -49.48 -7.45 -51.45 -49.29 -6.77 0.545 0x0000FF
-51.81 -49.84 -7.76 -51.63 -49.48 -7.45 0.545 0x0000FF
-52.18 -50.2 -7.91 -51.81 -49.84 -7.76 0.545 0x0000FF
-52.36 -50.75 -8.14 -52.18 -50.2 -7.91 0.545 0x0000FF
-52.54 -51.12 -8.28 -52.36 -50.75 -8.14 0.545 0x0000FF
-52.91 -51.48 -8.59 -52.54 -51.12 -8.28 0.545 0x0000FF
-53.09 -52.21 -8.74 -52.91 -51.48 -8.59 0.545 0x0000FF
-53.27 -52.76 -8.89 -53.09 -52.21 -8.74 0.545 0x0000FF
-53.27 -53.12 -9.11 -53.27 -52.76 -8.89 0.545 0x0000FF
-53.64 -53.48 -9.19 -53.27 -53.12 -9.11 0.545 0x0000FF
-53.64 -53.85 -9.57 -53.64 -53.48 -9.19 0.545 0x0000FF
-54.0 -54.76 -9.57 -53.64 -53.85 -9.57 0.545 0x0000FF
-54.0 -55.31 -9.57 -54.0 -54.76 -9.57 0.545 0x0000FF
-54.37 -56.04 -9.8 -54.0 -55.31 -9.57 0.545 0x0000FF
-54.92 -57.13 -9.94 -54.37 -56.04 -9.8 0.545 0x0000FF
-55.1 -57.49 -10.18 -54.92 -57.13 -9.94 0.545 0x0000FF
-55.46 -57.86 -10.41 -55.1 -57.49 -10.18 0.545 0x0000FF
-55.83 -60.23 -11.01 -55.46 -57.86 -10.41 0.545 0x0000FF
-56.19 -61.14 -11.17 -55.83 -60.23 -11.01 0.545 0x0000FF
-56.74 -61.68 -11.24 -56.19 -61.14 -11.17 0.545 0x0000FF
-57.29 -62.41 -11.32 -56.74 -61.68 -11.24 0.545 0x0000FF
-57.84 -63.87 -11.47 -57.29 -62.41 -11.32 0.545 0x0000FF
-58.2 -64.23 -11.54 -57.84 -63.87 -11.47 0.545 0x0000FF
-58.93 -64.59 -11.62 -58.2 -64.23 -11.54 0.545 0x0000FF
-60.21 -65.51 -11.85 -58.93 -64.59 -11.62 0.545 0x0000FF
-60.57 -65.87 -11.85 -60.21 -65.51 -11.85 0.545 0x0000FF
-60.94 -66.23 -11.92 -60.57 -65.87 -11.85 0.545 0x0000FF
-64.04 -68.42 -12.38 -60.94 -66.23 -11.92 0.545 0x0000FF
-66.23 -69.88 -12.76 -64.04 -68.42 -12.38 0.545 0x0000FF
-68.97 -71.16 -13.14 -66.23 -69.88 -12.76 0.545 0x0000FF
-70.79 -71.89 -13.36 -68.97 -71.16 -13.14 0.545 0x0000FF
-71.88 -72.98 -14.04 -70.79 -71.89 -13.36 0.545 0x0000FF
-74.06 -74.44 -13.82 -71.88 -72.98 -14.04 0.545 0x0000FF
-74.98 -75.34 -13.74 -74.06 -74.44 -13.82 0.545 0x0000FF
-76.98 -77.9 -14.04 -74.98 -75.34 -13.74 0.545 0x0000FF
-79.0 -81.0 -14.42 -76.98 -77.9 -14.04 0.545 0x0000FF
-80.09 -84.09 -14.65 -79.0 -81.0 -14.42 0.455 0x0000FF
-81.37 -85.92 -14.8 -80.09 -84.09 -14.65 0.455 0x0000FF
-83.01 -88.28 -14.8 -81.37 -85.92 -14.8 0.365 0x0000FF
-46.34 -45.1 2.7 -45.98 -44.37 2.85 0.64 0x0000FF
-46.89 -45.65 2.17 -46.34 -45.1 2.7 0.64 0x0000FF
-46.89 -45.65 1.79 -46.89 -45.65 2.17 0.64 0x0000FF
-47.07 -46.01 1.48 -46.89 -45.65 1.79 0.64 0x0000FF
-47.25 -46.38 1.18 -47.07 -46.01 1.48 0.64 0x0000FF
-47.25 -46.74 0.8 -47.25 -46.38 1.18 0.64 0x0000FF
-47.25 -46.93 0.5 -47.25 -46.74 0.8 0.64 0x0000FF
-47.44 -47.29 0.35 -47.25 -46.93 0.5 0.64 0x0000FF
-47.44 -47.65 0.2 -47.44 -47.29 0.35 0.64 0x0000FF
-47.44 -47.84 -0.11 -47.44 -47.65 0.2 0.64 0x0000FF
-47.44 -48.2 -0.26 -47.44 -47.84 -0.11 0.64 0x0000FF
-47.44 -48.2 -0.48 -47.44 -48.2 -0.26 0.64 0x0000FF
-47.25 -48.75 -0.86 -47.44 -48.2 -0.48 0.64 0x0000FF
-46.89 -49.11 -0.94 -47.25 -48.75 -0.86 0.64 0x0000FF
-46.52 -49.29 -1.17 -46.89 -49.11 -0.94 0.64 0x0000FF
-45.98 -49.48 -0.79 -46.52 -49.29 -1.17 0.64 0x0000FF
-45.61 -49.48 -0.41 -45.98 -49.48 -0.79 0.64 0x0000FF
-42.51 -50.02 -0.26 -45.61 -49.48 -0.41 0.455 0x0000FF
-42.14 -50.02 0.12 -42.51 -50.02 -0.26 0.455 0x0000FF
-41.6 -50.39 0.2 -42.14 -50.02 0.12 0.455 0x0000FF
-41.05 -50.93 0.5 -41.6 -50.39 0.2 0.455 0x0000FF
-40.68 -51.3 0.65 -41.05 -50.93 0.5 0.455 0x0000FF
-40.14 -51.48 0.8 -40.68 -51.3 0.65 0.455 0x0000FF
-39.77 -52.03 0.88 -40.14 -51.48 0.8 0.455 0x0000FF
-38.5 -53.12 1.03 -39.77 -52.03 0.88 0.275 0x0000FF
-38.13 -53.67 1.26 -38.5 -53.12 1.03 0.275 0x0000FF
-38.13 -54.4 1.33 -38.13 -53.67 1.26 0.275 0x0000FF
-38.13 -54.94 1.41 -38.13 -54.4 1.33 0.275 0x0000FF
-37.95 -55.85 1.48 -38.13 -54.94 1.41 0.275 0x0000FF
-34.85 -30.34 0.95 -34.85 -30.34 0.73 0.64 0x0000FF
-35.21 -30.71 1.33 -34.85 -30.34 0.95 0.64 0x0000FF
-35.39 -30.89 1.71 -35.21 -30.71 1.33 0.64 0x0000FF
-36.31 -31.98 2.17 -35.39 -30.89 1.71 0.64 0x0000FF
-36.49 -32.35 2.47 -36.31 -31.98 2.17 0.64 0x0000FF
-36.49 -32.71 3.0 -36.49 -32.35 2.47 0.64 0x0000FF
-36.85 -33.08 3.53 -36.49 -32.71 3.0 0.64 0x0000FF
-37.22 -33.61 3.53 -36.85 -33.08 3.53 0.64 0x0000FF
-37.22 -34.17 3.91 -37.22 -33.61 3.53 0.64 0x0000FF
-37.4 -34.9 4.21 -37.22 -34.17 3.91 0.64 0x0000FF
-37.95 -36.36 4.36 -37.4 -34.9 4.21 0.545 0x0000FF
-37.95 -37.09 4.74 -37.95 -36.36 4.36 0.545 0x0000FF
-37.95 -37.09 5.42 -37.95 -37.09 4.74 0.545 0x0000FF
-38.13 -37.63 5.95 -37.95 -37.09 5.42 0.545 0x0000FF
-38.13 -38.0 6.41 -38.13 -37.63 5.95 0.545 0x0000FF
-38.31 -39.45 6.56 -38.13 -38.0 6.41 0.545 0x0000FF
-38.31 -40.0 7.01 -38.31 -39.45 6.56 0.545 0x0000FF
-38.13 -40.9 7.62 -38.31 -40.0 7.01 0.545 0x0000FF
-38.13 -41.28 7.85 -38.13 -40.9 7.62 0.545 0x0000FF
-38.13 -41.64 8.68 -38.13 -41.28 7.85 0.545 0x0000FF
-38.68 -42.55 9.14 -38.13 -41.64 8.68 0.545 0x0000FF
-38.68 -45.65 10.8 -38.68 -42.55 9.14 0.545 0x0000FF
-38.68 -46.38 10.88 -38.68 -45.65 10.8 0.545 0x0000FF
-38.86 -46.93 11.1 -38.68 -46.38 10.88 0.545 0x0000FF
-39.59 -47.11 11.33 -38.86 -46.93 11.1 0.545 0x0000FF
-40.5 -47.47 11.33 -39.59 -47.11 11.33 0.545 0x0000FF
-41.78 -47.47 12.01 -40.5 -47.47 11.33 0.545 0x0000FF
-42.51 -47.11 12.09 -41.78 -47.47 12.01 0.545 0x0000FF
-43.06 -46.93 12.47 -42.51 -47.11 12.09 0.545 0x0000FF
-44.15 -46.38 12.62 -43.06 -46.93 12.47 0.545 0x0000FF
-45.25 -45.29 12.54 -44.15 -46.38 12.62 0.545 0x0000FF
-46.16 -44.56 12.54 -45.25 -45.29 12.54 0.545 0x0000FF
-46.52 -43.83 13.38 -46.16 -44.56 12.54 0.545 0x0000FF
-47.62 -42.37 13.91 -46.52 -43.83 13.38 0.545 0x0000FF
-49.63 -40.9 13.98 -47.62 -42.37 13.91 0.545 0x0000FF
-52.54 -39.45 13.98 -49.63 -40.9 13.98 0.545 0x0000FF
-54.37 -38.54 13.98 -52.54 -39.45 13.98 0.545 0x0000FF
-54.73 -38.0 14.29 -54.37 -38.54 13.98 0.545 0x0000FF
-55.28 -37.09 13.91 -54.73 -38.0 14.29 0.545 0x0000FF
-56.56 -35.99 13.91 -55.28 -37.09 13.91 0.545 0x0000FF
-57.47 -35.81 13.83 -56.56 -35.99 13.91 0.545 0x0000FF
-58.75 -35.63 13.6 -57.47 -35.81 13.83 0.545 0x0000FF
-60.02 -35.26 13.23 -58.75 -35.63 13.6 0.545 0x0000FF
-61.48 -35.08 13.0 -60.02 -35.26 13.23 0.545 0x0000FF
-62.03 -35.26 12.92 -61.48 -35.08 13.0 0.545 0x0000FF
-62.76 -35.26 12.7 -62.03 -35.26 12.92 0.545 0x0000FF
-63.67 -34.9 12.47 -62.76 -35.26 12.7 0.545 0x0000FF
-65.13 -34.35 12.17 -63.67 -34.9 12.47 0.545 0x0000FF
-65.86 -34.17 12.01 -65.13 -34.35 12.17 0.545 0x0000FF
-66.78 -33.08 11.79 -65.86 -34.17 12.01 0.545 0x0000FF
-67.31 -32.53 11.64 -66.78 -33.08 11.79 0.545 0x0000FF
-68.05 -31.98 11.64 -67.31 -32.53 11.64 0.545 0x0000FF
-68.78 -31.44 11.48 -68.05 -31.98 11.64 0.545 0x0000FF
-69.69 -30.89 11.33 -68.78 -31.44 11.48 0.545 0x0000FF
-71.52 -30.53 11.79 -69.69 -30.89 11.33 0.545 0x0000FF
-71.52 -30.53 12.47 -71.52 -30.53 11.79 0.545 0x0000FF
-72.06 -30.53 12.85 -71.52 -30.53 12.47 0.545 0x0000FF
-72.8 -30.34 13.68 -72.06 -30.53 12.85 0.545 0x0000FF
-73.53 -30.16 14.29 -72.8 -30.34 13.68 0.545 0x0000FF
-74.26 -30.16 14.82 -73.53 -30.16 14.29 0.545 0x0000FF
-77.72 -29.8 15.2 -74.26 -30.16 14.82 0.545 0x0000FF
-78.45 -29.62 15.35 -77.72 -29.8 15.2 0.545 0x0000FF
-79.36 -29.43 15.5 -78.45 -29.62 15.35 0.545 0x0000FF
-79.73 -29.25 16.03 -79.36 -29.43 15.5 0.545 0x0000FF
-80.28 -29.07 16.48 -79.73 -29.25 16.03 0.545 0x0000FF
-81.01 -29.07 16.79 -80.28 -29.07 16.48 0.545 0x0000FF
-82.47 -28.71 17.01 -81.01 -29.07 16.79 0.545 0x0000FF
-83.74 -28.52 17.39 -82.47 -28.71 17.01 0.545 0x0000FF
-84.29 -28.52 18.23 -83.74 -28.52 17.39 0.545 0x0000FF
-85.2 -28.52 18.68 -84.29 -28.52 18.23 0.545 0x0000FF
-85.93 -28.52 18.82 -85.2 -28.52 18.68 0.545 0x0000FF
-87.21 -28.34 19.05 -85.93 -28.52 18.82 0.545 0x0000FF
-88.12 -28.52 19.13 -87.21 -28.34 19.05 0.545 0x0000FF
-89.03 -28.71 19.29 -88.12 -28.52 19.13 0.545 0x0000FF
-89.76 -28.71 19.36 -89.03 -28.71 19.29 0.545 0x0000FF
-91.22 -28.89 20.88 -89.76 -28.71 19.36 0.545 0x0000FF
-91.77 -29.25 20.95 -91.22 -28.89 20.88 0.545 0x0000FF
-92.5 -29.43 21.03 -91.77 -29.25 20.95 0.545 0x0000FF
-32.11 -11.76 2.77 -33.57 -10.49 2.7 0.73 0x0000FF
-31.56 -12.12 2.77 -32.11 -11.76 2.77 0.73 0x0000FF
-31.56 -12.67 2.92 -31.56 -12.12 2.77 0.73 0x0000FF
-31.2 -13.58 2.92 -31.56 -12.67 2.92 0.64 0x0000FF
-30.83 -13.95 2.92 -31.2 -13.58 2.92 0.64 0x0000FF
-30.83 -14.31 2.92 -30.83 -13.95 2.92 0.64 0x0000FF
-29.56 -15.22 3.0 -30.83 -14.31 2.92 0.455 0x0000FF
-28.64 -15.95 3.0 -29.56 -15.22 3.0 0.455 0x0000FF
-28.1 -15.95 3.08 -28.64 -15.95 3.0 0.455 0x0000FF
-26.64 -15.59 3.98 -28.1 -15.95 3.08 0.365 0x0000FF
-34.85 3.83 1.64 -33.02 4.01 1.71 0.91 0x0000FF
-35.4 3.46 1.64 -34.85 3.83 1.64 0.91 0x0000FF
-35.94 3.1 1.79 -35.4 3.46 1.64 0.91 0x0000FF
-36.86 2.73 1.86 -35.94 3.1 1.79 0.73 0x0000FF
-38.13 2.19 1.86 -36.86 2.73 1.86 0.545 0x0000FF
-38.68 1.82 1.86 -38.13 2.19 1.86 0.545 0x0000FF
-39.96 1.46 1.94 -38.68 1.82 1.86 0.545 0x0000FF
-40.86 1.09 1.94 -39.96 1.46 1.94 0.545 0x0000FF
-41.05 0.73 2.0 -40.86 1.09 1.94 0.545 0x0000FF
-41.78 0.55 2.17 -41.05 0.73 2.0 0.545 0x0000FF
-41.96 0.36 2.31 -41.78 0.55 2.17 0.545 0x0000FF
-42.33 0.0 2.39 -41.96 0.36 2.31 0.545 0x0000FF
-42.69 -0.18 2.7 -42.33 0.0 2.39 0.545 0x0000FF
-43.79 -0.73 2.77 -42.69 -0.18 2.7 0.545 0x0000FF
-44.7 -0.91 2.77 -43.79 -0.73 2.77 0.545 0x0000FF
-45.43 -1.64 2.77 -44.7 -0.91 2.77 0.545 0x0000FF
-46.71 -2.0 2.77 -45.43 -1.64 2.77 0.545 0x0000FF
-47.62 -2.54 2.77 -46.71 -2.0 2.77 0.545 0x0000FF
-48.53 -3.1 2.77 -47.62 -2.54 2.77 0.545 0x0000FF
-49.99 -3.64 2.77 -48.53 -3.1 2.77 0.545 0x0000FF
-51.09 -4.19 2.77 -49.99 -3.64 2.77 0.545 0x0000FF
-52.0 -4.74 2.77 -51.09 -4.19 2.77 0.545 0x0000FF
-53.28 -5.28 2.77 -52.0 -4.74 2.77 0.545 0x0000FF
-53.82 -5.47 3.0 -53.28 -5.28 2.77 0.545 0x0000FF
-54.01 -5.83 3.08 -53.82 -5.47 3.0 0.545 0x0000FF
-54.74 -6.01 3.23 -54.01 -5.83 3.08 0.545 0x0000FF
-55.1 -6.38 3.53 -54.74 -6.01 3.23 0.545 0x0000FF
-55.65 -6.74 3.83 -55.1 -6.38 3.53 0.545 0x0000FF
-56.38 -6.92 4.29 -55.65 -6.74 3.83 0.545 0x0000FF
-57.11 -7.11 4.36 -56.38 -6.92 4.29 0.545 0x0000FF
-58.2 -7.65 4.36 -57.11 -7.11 4.36 0.545 0x0000FF
-59.48 -8.56 4.59 -58.2 -7.65 4.36 0.545 0x0000FF
-60.21 -8.93 4.74 -59.48 -8.56 4.59 0.545 0x0000FF
-60.94 -9.28 4.88 -60.21 -8.93 4.74 0.545 0x0000FF
-61.12 -9.66 4.97 -60.94 -9.28 4.88 0.545 0x0000FF
-61.67 -10.02 5.04 -61.12 -9.66 4.97 0.545 0x0000FF
-62.58 -10.39 5.2 -61.67 -10.02 5.04 0.545 0x0000FF
-63.31 -10.75 5.27 -62.58 -10.39 5.2 0.545 0x0000FF
-64.22 -11.3 5.27 -63.31 -10.75 5.27 0.545 0x0000FF
-64.59 -11.66 5.27 -64.22 -11.3 5.27 0.545 0x0000FF
-64.77 -12.21 5.27 -64.59 -11.66 5.27 0.545 0x0000FF
-65.31 -12.75 5.42 -64.77 -12.21 5.27 0.545 0x0000FF
-65.5 -13.12 5.5 -65.31 -12.75 5.42 0.545 0x0000FF
-65.68 -13.48 5.5 -65.5 -13.12 5.5 0.545 0x0000FF
-65.5 -14.03 6.11 -65.68 -13.48 5.5 0.73 0x0000FF
-65.5 -14.76 6.33 -65.5 -14.03 6.11 0.73 0x0000FF
-65.87 -15.67 6.86 -65.5 -14.76 6.33 0.73 0x0000FF
-66.05 -16.03 6.94 -65.87 -15.67 6.86 0.73 0x0000FF
-66.23 -16.39 7.17 -66.05 -16.03 6.94 0.73 0x0000FF
-66.41 -17.13 7.17 -66.23 -16.39 7.17 0.73 0x0000FF
-66.78 -17.67 7.32 -66.41 -17.13 7.17 0.73 0x0000FF
-67.51 -18.57 7.39 -66.78 -17.67 7.32 0.73 0x0000FF
-67.87 -19.3 7.47 -67.51 -18.57 7.39 0.64 0x0000FF
-68.23 -20.04 7.54 -67.87 -19.3 7.47 0.64 0x0000FF
-68.59 -20.41 7.85 -68.23 -20.04 7.54 0.64 0x0000FF
-68.97 -20.77 8.0 -68.59 -20.41 7.85 0.64 0x0000FF
-69.33 -20.95 8.15 -68.97 -20.77 8.0 0.64 0x0000FF
-69.88 -21.32 8.15 -69.33 -20.95 8.15 0.64 0x0000FF
-70.23 -21.68 8.15 -69.88 -21.32 8.15 0.64 0x0000FF
-70.61 -22.23 8.3 -70.23 -21.68 8.15 0.64 0x0000FF
-70.97 -22.59 8.44 -70.61 -22.23 8.3 0.64 0x0000FF
-71.34 -22.96 8.61 -70.97 -22.59 8.44 0.64 0x0000FF
-71.7 -23.32 8.76 -71.34 -22.96 8.61 0.64 0x0000FF
-72.06 -23.69 8.83 -71.7 -23.32 8.76 0.64 0x0000FF
-72.25 -23.87 8.98 -72.06 -23.69 8.83 0.64 0x0000FF
-72.8 -24.05 9.06 -72.25 -23.87 8.98 0.64 0x0000FF
-72.8 -24.41 9.89 -72.8 -24.05 9.06 0.64 0x0000FF
-72.98 -24.6 10.19 -72.8 -24.41 9.89 0.64 0x0000FF
-73.34 -24.96 10.42 -72.98 -24.6 10.19 0.64 0x0000FF
-73.53 -25.14 10.8 -73.34 -24.96 10.42 0.64 0x0000FF
-73.89 -25.51 11.41 -73.53 -25.14 10.8 0.64 0x0000FF
-74.08 -25.87 11.71 -73.89 -25.51 11.41 0.64 0x0000FF
-74.26 -26.24 12.01 -74.08 -25.87 11.71 0.64 0x0000FF
-74.44 -26.42 12.47 -74.26 -26.24 12.01 0.64 0x0000FF
-74.62 -26.78 12.7 -74.44 -26.42 12.47 0.64 0x0000FF
-74.98 -27.33 13.0 -74.62 -26.78 12.7 0.64 0x0000FF
-75.34 -27.69 13.23 -74.98 -27.33 13.0 0.64 0x0000FF
-75.72 -28.24 13.23 -75.34 -27.69 13.23 0.64 0x0000FF
-76.08 -28.61 13.23 -75.72 -28.24 13.23 0.64 0x0000FF
-76.27 -28.97 13.3 -76.08 -28.61 13.23 0.64 0x0000FF
-76.45 -29.33 13.38 -76.27 -28.97 13.3 0.64 0x0000FF
-76.81 -29.7 13.53 -76.45 -29.33 13.38 0.64 0x0000FF
-77.18 -30.06 14.67 -76.81 -29.7 13.53 0.64 0x0000FF
-77.54 -30.43 14.97 -77.18 -30.06 14.67 0.64 0x0000FF
-77.72 -30.79 15.04 -77.54 -30.43 14.97 0.64 0x0000FF
-78.45 -31.34 15.27 -77.72 -30.79 15.04 0.64 0x0000FF
-78.81 -31.7 15.42 -78.45 -31.34 15.27 0.64 0x0000FF
-79.0 -32.07 15.42 -78.81 -31.7 15.42 0.64 0x0000FF
-79.55 -32.25 15.5 -79.0 -32.07 15.42 0.64 0x0000FF
-80.45 -32.97 15.8 -79.55 -32.25 15.5 0.64 0x0000FF
-80.45 -33.34 16.41 -80.45 -32.97 15.8 0.64 0x0000FF
-80.83 -33.71 17.16 -80.45 -33.34 16.41 0.64 0x0000FF
-81.37 -34.79 17.23 -80.83 -33.71 17.16 0.545 0x0000FF
-81.92 -35.15 17.32 -81.37 -34.79 17.23 0.545 0x0000FF
-82.65 -35.89 17.54 -81.92 -35.15 17.32 0.545 0x0000FF
-83.02 -36.26 17.7 -82.65 -35.89 17.54 0.545 0x0000FF
-83.2 -36.44 18.23 -83.02 -36.26 17.7 0.545 0x0000FF
-83.56 -36.44 19.21 -83.2 -36.44 18.23 0.455 0x0000FF
-83.93 -37.17 20.27 -83.56 -36.44 19.21 0.455 0x0000FF
-84.29 -37.53 20.27 -83.93 -37.17 20.27 0.455 0x0000FF
-84.66 -37.9 20.35 -84.29 -37.53 20.27 0.455 0x0000FF
-85.02 -38.08 20.5 -84.66 -37.9 20.35 0.455 0x0000FF
-85.57 -38.44 20.65 -85.02 -38.08 20.5 0.455 0x0000FF
-85.94 -38.44 20.88 -85.57 -38.44 20.65 0.455 0x0000FF
-85.75 -39.72 21.03 -85.94 -38.44 20.88 0.455 0x0000FF
-85.75 -40.08 21.18 -85.75 -39.72 21.03 0.455 0x0000FF
-85.75 -40.63 21.26 -85.75 -40.08 21.18 0.455 0x0000FF
-85.94 -41.18 21.41 -85.75 -40.63 21.26 0.455 0x0000FF
-86.12 -41.54 21.48 -85.94 -41.18 21.41 0.455 0x0000FF
-85.75 -44.09 21.71 -86.12 -41.54 21.48 0.365 0x0000FF
-85.75 -44.46 21.79 -85.75 -44.09 21.71 0.365 0x0000FF
-85.75 -44.82 21.86 -85.75 -44.46 21.79 0.365 0x0000FF
-85.75 -45.37 21.86 -85.75 -44.82 21.86 0.365 0x0000FF
-85.57 -45.73 21.94 -85.75 -45.37 21.86 0.365 0x0000FF
-85.57 -46.28 22.01 -85.57 -45.73 21.94 0.365 0x0000FF
-85.57 -46.83 22.39 -85.57 -46.28 22.01 0.365 0x0000FF
-85.57 -47.55 22.77 -85.57 -46.83 22.39 0.365 0x0000FF
-85.21 -48.28 22.92 -85.57 -47.55 22.77 0.365 0x0000FF
-85.02 -48.65 23.15 -85.21 -48.28 22.92 0.365 0x0000FF
-84.84 -49.38 23.22 -85.02 -48.65 23.15 0.365 0x0000FF
-84.29 -51.2 23.3 -84.84 -49.38 23.22 0.365 0x0000FF
-84.29 -52.11 23.38 -84.29 -51.2 23.3 0.365 0x0000FF
-84.29 -52.84 23.38 -84.29 -52.11 23.38 0.365 0x0000FF
-84.48 -53.2 23.45 -84.29 -52.84 23.38 0.365 0x0000FF
-84.66 -53.93 23.45 -84.48 -53.2 23.45 0.365 0x0000FF
-85.2 -55.31 24.21 -84.66 -53.93 23.45 0.365 0x0000FF
-85.39 -57.13 24.29 -85.2 -55.31 24.21 0.365 0x0000FF
-85.75 -58.04 24.36 -85.39 -57.13 24.29 0.365 0x0000FF
-85.75 -59.31 24.44 -85.75 -58.04 24.36 0.365 0x0000FF
-85.75 -60.04 24.59 -85.75 -59.31 24.44 0.365 0x0000FF
-85.75 -61.14 24.66 -85.75 -60.04 24.59 0.365 0x0000FF
-85.57 -63.69 25.72 -85.75 -61.14 24.66 0.365 0x0000FF
-85.39 -64.78 25.88 -85.57 -63.69 25.72 0.365 0x0000FF
-85.2 -66.06 25.95 -85.39 -64.78 25.88 0.365 0x0000FF
-85.02 -66.78 26.03 -85.2 -66.06 25.95 0.365 0x0000FF
-84.84 -67.51 26.03 -85.02 -66.78 26.03 0.365 0x0000FF
-85.02 -68.79 26.86 -84.84 -67.51 26.03 0.365 0x0000FF
-84.84 -69.52 27.09 -85.02 -68.79 26.86 0.365 0x0000FF
-84.29 -70.43 27.32 -84.84 -69.52 27.09 0.365 0x0000FF
-84.11 -71.52 27.47 -84.29 -70.43 27.32 0.365 0x0000FF
-83.2 -74.98 28.53 -84.11 -71.52 27.47 0.365 0x0000FF
-82.65 -75.53 28.68 -83.2 -74.98 28.53 0.365 0x0000FF
-82.28 -76.26 28.68 -82.65 -75.53 28.68 0.365 0x0000FF
-82.1 -76.62 28.83 -82.28 -76.26 28.68 0.365 0x0000FF
-87.03 -38.99 20.88 -85.94 -38.44 20.88 0.365 0x0000FF
-87.76 -39.17 21.03 -87.03 -38.99 20.88 0.365 0x0000FF
-87.94 -39.36 21.33 -87.76 -39.17 21.03 0.365 0x0000FF
-88.49 -39.36 21.63 -87.94 -39.36 21.33 0.365 0x0000FF
-88.67 -39.36 21.86 -88.49 -39.36 21.63 0.365 0x0000FF
-89.77 -39.72 22.09 -88.67 -39.36 21.86 0.365 0x0000FF
-90.68 -39.72 22.39 -89.77 -39.72 22.09 0.365 0x0000FF
-91.04 -39.72 22.85 -90.68 -39.72 22.39 0.365 0x0000FF
-92.69 -40.27 23.53 -91.04 -39.72 22.85 0.365 0x0000FF
-93.42 -40.27 23.53 -92.69 -40.27 23.53 0.365 0x0000FF
-94.33 -40.27 23.68 -93.42 -40.27 23.53 0.365 0x0000FF
-95.42 -40.08 23.83 -94.33 -40.27 23.68 0.365 0x0000FF
-96.15 -40.08 23.91 -95.42 -40.08 23.83 0.365 0x0000FF
-96.7 -40.45 26.94 -96.15 -40.08 23.91 0.275 0x0000FF
-97.79 -40.81 26.94 -96.7 -40.45 26.94 0.275 0x0000FF
-98.52 -41.18 27.09 -97.79 -40.81 26.94 0.275 0x0000FF
-99.44 -41.54 27.16 -98.52 -41.18 27.09 0.275 0x0000FF
-101.26 -42.45 27.24 -99.44 -41.54 27.16 0.275 0x0000FF
-101.99 -42.82 27.32 -101.26 -42.45 27.24 0.275 0x0000FF
-102.72 -43.36 27.47 -101.99 -42.82 27.32 0.275 0x0000FF
-103.09 -43.73 27.47 -102.72 -43.36 27.47 0.275 0x0000FF
-103.45 -44.09 27.54 -103.09 -43.73 27.47 0.275 0x0000FF
-103.82 -44.64 27.54 -103.45 -44.09 27.54 0.275 0x0000FF
-104.36 -45.0 27.62 -103.82 -44.64 27.54 0.275 0x0000FF
-104.91 -45.37 27.69 -104.36 -45.0 27.62 0.275 0x0000FF
-105.46 -45.55 27.69 -104.91 -45.37 27.69 0.275 0x0000FF
-106.19 -45.73 27.69 -105.46 -45.55 27.69 0.275 0x0000FF
-68.05 -14.21 5.58 -65.68 -13.48 5.5 0.545 0x0000FF
-68.97 -14.39 5.65 -68.05 -14.21 5.58 0.545 0x0000FF
-69.7 -14.39 5.65 -68.97 -14.39 5.65 0.545 0x0000FF
-70.43 -13.85 5.73 -69.7 -14.39 5.65 0.545 0x0000FF
-71.34 -13.66 5.73 -70.43 -13.85 5.73 0.545 0x0000FF
-72.43 -12.94 5.8 -71.34 -13.66 5.73 0.545 0x0000FF
-73.34 -12.39 5.8 -72.43 -12.94 5.8 0.545 0x0000FF
-77.72 -10.57 5.88 -73.34 -12.39 5.8 0.545 0x0000FF
-79.91 -9.28 5.95 -77.72 -10.57 5.88 0.545 0x0000FF
-82.83 -7.11 6.11 -79.91 -9.28 5.95 0.545 0x0000FF
-86.85 -5.28 6.48 -82.83 -7.11 6.11 0.545 0x0000FF
-88.85 -4.55 6.86 -86.85 -5.28 6.48 0.545 0x0000FF
-90.13 -3.83 7.7 -88.85 -4.55 6.86 0.545 0x0000FF
-90.31 -3.83 7.39 -90.13 -3.83 7.7 0.545 0x0000FF
-91.04 -3.28 7.24 -90.31 -3.83 7.39 0.545 0x0000FF
-91.96 -2.73 6.56 -91.04 -3.28 7.24 0.545 0x0000FF
-92.5 -2.37 6.48 -91.96 -2.73 6.56 0.545 0x0000FF
-93.23 -2.0 6.33 -92.5 -2.37 6.48 0.545 0x0000FF
-93.42 -1.46 6.26 -93.23 -2.0 6.33 0.545 0x0000FF
-93.78 -0.73 6.18 -93.42 -1.46 6.26 0.545 0x0000FF
-94.51 0.0 6.03 -93.78 -0.73 6.18 0.545 0x0000FF
-95.61 0.73 5.95 -94.51 0.0 6.03 0.545 0x0000FF
-97.07 1.64 5.95 -95.61 0.73 5.95 0.545 0x0000FF
-98.16 2.37 5.88 -97.07 1.64 5.95 0.545 0x0000FF
-99.8 3.1 5.8 -98.16 2.37 5.88 0.545 0x0000FF
-100.9 3.64 5.8 -99.8 3.1 5.8 0.545 0x0000FF
-101.81 4.19 5.73 -100.9 3.64 5.8 0.545 0x0000FF
-103.09 4.55 5.65 -101.81 4.19 5.73 0.545 0x0000FF
-103.63 4.92 5.65 -103.09 4.55 5.65 0.545 0x0000FF
-105.46 6.19 5.5 -103.63 4.92 5.65 0.545 0x0000FF
-106.01 6.38 5.35 -105.46 6.19 5.5 0.545 0x0000FF
-107.83 6.92 5.2 -106.01 6.38 5.35 0.455 0x0000FF
-108.01 6.92 5.8 -107.83 6.92 5.2 0.455 0x0000FF
-108.92 7.29 6.18 -108.01 6.92 5.8 0.455 0x0000FF
-109.65 7.65 6.64 -108.92 7.29 6.18 0.455 0x0000FF
-110.38 8.19 6.94 -109.65 7.65 6.64 0.455 0x0000FF
-111.11 8.75 7.24 -110.38 8.19 6.94 0.455 0x0000FF
-111.84 8.93 7.85 -111.11 8.75 7.24 0.455 0x0000FF
-112.57 9.11 8.0 -111.84 8.93 7.85 0.455 0x0000FF
-113.49 9.66 8.07 -112.57 9.11 8.0 0.455 0x0000FF
-114.22 9.66 8.68 -113.49 9.66 8.07 0.455 0x0000FF
-114.76 10.02 8.91 -114.22 9.66 8.68 0.455 0x0000FF
-115.68 10.39 8.98 -114.76 10.02 8.91 0.455 0x0000FF
-116.22 10.75 9.67 -115.68 10.39 8.98 0.455 0x0000FF
-116.59 10.93 10.03 -116.22 10.75 9.67 0.455 0x0000FF
-116.77 11.3 10.65 -116.59 10.93 10.03 0.455 0x0000FF
-117.13 11.84 11.03 -116.77 11.3 10.65 0.455 0x0000FF
-117.5 12.21 11.79 -117.13 11.84 11.03 0.455 0x0000FF
-118.23 12.75 12.39 -117.5 12.21 11.79 0.455 0x0000FF
-118.23 12.75 11.64 -118.23 12.75 12.39 0.455 0x0000FF
-118.41 12.94 11.56 -118.23 12.75 11.64 0.455 0x0000FF
-118.96 13.3 11.18 -118.41 12.94 11.56 0.455 0x0000FF
-119.87 14.03 10.88 -118.96 13.3 11.18 0.365 0x0000FF
